pfaf_id,FID,area_km2,ISO,Admin0,Admin1,rfr_score,cfr_score,Resilience_Index, NormalizedLackofResilience ,FID_x,FID_y,Alert_level,Days_until_peak,GloFAS_2yr,GloFAS_5yr,GloFAS_20yr,Alert_Score,PeakArrivalScore,TwoYScore,FiveYScore,TwtyYScore,Sum_Score_x,GFMS_TotalArea_km,GFMS_perc_Area,GFMS_MeanDepth,GFMS_MaxDepth,GFMS_Duration,GFMS_area_score,GFMS_perc_area_score,MeanD_Score,MaxD_Score,Duration_Score,Sum_Score_y,MOM_Score,Hazard_Score,Scaled_Riverine_Risk,Scaled_Coastal_Risk,Flag,1-Day_TotalArea_km2,1-Day_perc_Area,1-Day_CS_TotalArea_km2,1-Day_CS_perc_Area,2-Day_TotalArea_km2,2-Day_perc_Area,3-Day_TotalArea_km2,3-Day_perc_Area,DFO_area_1day_score,DFO_percarea_1day_score,DFO_area_2day_score,DFO_percarea_2day_score,DFO_area_3day_score,DFO_percarea_3day_score,DFOTotal_Score,onedayFlood_Area_km,onedayperc_Area,fivedayFlood_Area_km,fivedayperc_Area,VIIRS_area_1day_score,VIIRS_percarea_1day_score,VIIRS_area_5day_score,VIIRS_percarea_5day_score,VIIRSTotal_Score,Totalpop,VIIRS_impactpop,VIIRS_impactpop_percent,Severity,Alert
111013,2.0,895.121761,EGY,Egypt,As Suways,4.008111796,0.0,0.55,0.63,2.0,,,,,,,,,,,,,,,,,,,,,,,,,16.560120097623525,80.16223592,0.0,,1.938,0.216,1.875,0.209,0.625,0.07,0.0,0.0,0.01875,0.209,0.009375,0.105,0.0,0.0,0.342125,19.828125,2.2151316014366067,30.375,3.3933930915624613,0.297421875,3.32269740215491,1.063125,11.876875820468614,16.560120097623525,8152,,,0.4283447041210761,Advisory
111015,4.0,16672.32333,EGY,Egypt,Al Bahr al Ahmar,4.159506062,1.332958752,0.55,0.63,4.0,,,,,,,,,,,,,,,,,,,,,,,,,10.18220433518316,83.19012124,26.65917504,,7.625,0.046,6.938,0.042,3.625,0.022,1.438,0.009,0.06938,0.042,0.054375,0.033,0.0359499999999999,0.0225,0.257205,51.890625,0.3112381158158608,159.609375,0.957331331845534,0.778359375,0.4668571737237912,5.586328125,3.350659661459369,10.18220433518316,292552,,,0.3080711323933773,Information
111017,6.0,8665.540548,EGY,Egypt,Al Bahr al Ahmar,4.007958344,0.0,0.55,0.63,6.0,,,,,,,,,,,,,,,,,,,,,,,,,4.708669131460648,80.15916688000001,0.0,,1.812,0.021,1.812,0.021,1.562,0.018,0.812,0.009,0.01812,0.021,0.02343,0.0269999999999999,0.0203,0.0225,0.13235,15.46875,0.1785087717662729,55.828125,0.6442543853746396,0.23203125,0.2677631576494093,1.953984375,2.2548903488112386,4.708669131460648,50483,,,0.0751692594336071,Information
171000,3130.0,16410.89801,EGY,Egypt,Al Buhayrah,4.000368882,3.233220159,0.55,0.63,3130.0,,,,,,,,,,,,,,,,,,,,,,,,,19.96324695314692,80.00737764,64.66440318,,79.75,0.486,67.562,0.412,40.875,0.249,34.438,0.21,0.67562,0.412,0.613125,0.3735,0.86095,0.525,3.460195,176.625,1.0762665143580696,278.71875,1.6983759804599474,2.649375,1.6143997715371046,9.75515625,5.944315931609816,19.96324695314692,10195868,,,0.4994133983373307,Advisory
172111,3132.0,25391.76841,EGY,Egypt,Bani Suwayf,3.367829483,0.004255481,0.55,0.63,3132.0,,,,,,,,,,,,,,,,,,,,,,,,,14.835779016716309,67.35658966,0.08510962,,38.812,0.153,38.625,0.152,7.312,0.029,2.0,0.008,0.38625,0.152,0.10968,0.0435,0.05,0.02,0.76143,115.03125,0.4530257528304851,254.8125,1.0035240392773093,1.72546875,0.6795386292457276,8.9184375,3.5123341374705825,14.835779016716309,28310172,,,0.2151725519224604,Information
172113,3134.0,18622.80589,EGY,Egypt,Asyut,3.470353853,0.0,0.55,0.63,3134.0,3134.0,2.0,8.0,100.0,100.0,-9999.0,7.0,3.0,10.0,10.0,-999.9,-2949.7,0.0,0.0,0.0,0.0,0.0,0.0,0.0,0.0,0.0,0.0,0.0,-2949.7,17.11590893645807,69.40707706,0.0,,31.688,0.17,31.188,0.167,10.562,0.057,4.438,0.024,0.31188,0.167,0.15843,0.0855,0.11095,0.06,0.8937599999999999,133.734375,0.7181215105848746,260.859375,1.400752263023073,2.006015625,1.0771822658773118,9.130078125,4.902632920580756,17.11590893645807,9423649,,,0.2807009982339465,Information
172115,3136.0,12900.15886,EGY,Egypt,Suhaj,3.693633873,0.0,0.55,0.63,3136.0,,,,,,,,,,,,,,,,,,,,,,,,,5.9538015587373,73.87267746,0.0,,18.188,0.141,18.188,0.141,5.062,0.039,0.812,0.006,0.18188,0.141,0.07593,0.0584999999999999,0.0203,0.015,0.4926099999999999,42.46875,0.3292110621545763,77.625,0.6017367758586958,0.63703125,0.4938165932318644,2.716875,2.1060787155054355,5.9538015587373,3262549,,,0.0695766155232153,Information
172117,3138.0,37158.6911,EGY,Egypt,Aswan,4.012574421,0.0,0.55,0.63,3138.0,,,,,,,,,,,,,,,,,,,,,,,,,6.286586160777456,80.25148842,0.0,,43.438,0.117,43.438,0.117,11.0,0.03,2.562,0.007,0.43438,0.117,0.165,0.045,0.06405,0.0175,0.8429300000000001,73.96875,0.199061774824398,109.828125,0.2955651067259597,1.10953125,0.298592662236597,3.843984375,1.034477873540859,6.286586160777456,5190727,,,0.1261750254579788,Information
172119,3140.0,19719.32651,EGY,Egypt,Aswan,4.230900174,0.0,0.55,0.63,3140.0,,,,,,,,,,,,,,,,,,,,,,,,,17.132031466229375,84.61800348,0.0,,30.438,0.154,26.625,0.135,5.312,0.027,0.75,0.004,0.26625,0.135,0.07968,0.0405,0.01875,0.01,0.55018,154.40625,0.7830198962293382,258.609375,1.3114513562529626,2.31609375,1.174529844344007,9.051328125,4.590079746885369,17.132031466229375,560460,,,0.5429038410064118,Advisory
172131,3151.0,23966.5212,EGY,Egypt,Aswan,1.249617217,0.0,0.55,0.63,3151.0,,,,,,,,,,,,,,,,,,,,,,,,,45.101725672810026,24.99234434,0.0,,32.812,0.137,28.188,0.118,4.188,0.017,0.625,0.003,0.2818799999999999,0.118,0.06282,0.0255,0.015625,0.0075,0.5113249999999999,471.09375,1.9656325841322848,707.34375,2.951382656174744,7.06640625,2.948448876198427,24.75703125,10.329839296611604,45.101725672810026,8734,,,0.3054918910058462,Advisory
173000,3493.0,20982.76472,EGY,Egypt,Ash Sharqiyah,4.035599734,0.044428853,0.55,0.63,3493.0,,,,,,,,,,,,,,,,,,,,,,,,,68.78732683404445,80.71199468,0.8885770599999999,3.0,328.5,1.566,321.5,1.532,100.562,0.479,59.938,0.286,3.215,1.532,1.50843,0.7184999999999999,1.49845,0.715,9.18738,653.765625,3.1157268065535075,1157.484375,5.516357785489766,9.806484375,4.6735902098302615,35.0,19.30725224921418,68.78732683404445,31237808,189324.0,0.61,0.8982310049087374,Warning
211012,3575.0,6278.319166,EGY,Egypt,Al Isma`iliyah,4.027328926,0.0,0.55,0.63,3575.0,,,,,,,,,,,,,,,,,,,,,,,,,26.539969802939865,80.54657852,0.0,3.0,10.5,0.167,10.0,0.159,3.0,0.048,1.188,0.019,0.1,0.159,0.045,0.072,0.0296999999999999,0.0475,0.4532,127.546875,2.0315449347460444,237.796875,3.7875881859488,1.913203125,3.0473174021190665,8.322890625,13.2565586508208,26.539969802939865,1336033,97045.0,7.26,0.6219586323362796,Watch
211013,3576.0,7778.241552,EGY,Egypt,Shamal Sina'',4.053340871,0.0,0.55,0.63,3576.0,,,,,,,,,,,,,,,,,,,,,,,,,24.196331312818963,81.06681741999999,0.0,,13.438,0.173,12.562,0.162,7.25,0.093,4.875,0.063,0.1256199999999999,0.162,0.10875,0.1395,0.121875,0.1575,0.815245,141.046875,1.8133516945745776,242.015625,3.11144393455917,2.115703125,2.7200275418618665,8.470546875,10.890053770957095,24.196331312818963,254526,,,0.5968820973325869,Advisory
211015,3578.0,1959.617794,EGY,Egypt,Shamal Sina'',4.017249084,0.0,0.55,0.63,3578.0,,,,,,,,,,,,,,,,,,,,,,,,,1.2616119572270643,80.34498168,0.0,,0.75,0.038,0.75,0.038,0.438,0.022,0.312,0.016,0.0075,0.038,0.00657,0.033,0.0078,0.04,0.13287,0.0,0.0,5.90625,0.3013980592077327,0.0,0.0,0.20671875,1.0548932072270645,1.2616119572270643,1061314,,,0.0030168672819668,Information
295102,5418.0,16249.09606,EGY,Egypt,Ash Sharqiyah,2.771085374,0.0,0.55,0.63,5418.0,,,,,,,,,,,,,,,,,,,,,,,,,14.57284488650727,55.42170748,0.0,,5.188,0.032,5.188,0.032,0.0,0.0,1.188,0.007,0.0518799999999999,0.032,0.0,0.0,0.0296999999999999,0.0175,0.1310799999999999,0.28125,0.0017308655141098,257.625,1.585472810924601,0.00421875,0.0025962982711647,9.016875,5.549154838236103,14.57284488650727,909316,,,0.1317648831354329,Information
295105,5421.0,12364.99549,EGY,Egypt,Ash Sharqiyah,3.467266255,0.799726958,0.55,0.63,5421.0,,,,,,,,,,,,,,,,,,,,,,,,,37.40011022839925,69.3453251,15.99453916,,35.312,0.286,29.625,0.24,21.75,0.176,10.812,0.087,0.29625,0.24,0.32625,0.264,0.2703,0.2174999999999999,1.6143,235.96875,1.9083609877076948,489.65625,3.960019641953631,3.53953125,2.862541481561542,17.13796875,13.860068746837708,37.40011022839925,3236961,,,0.5788250077409482,Advisory
295106,5422.0,4896.160077,EGY,Egypt,Ash Sharqiyah,0.473630781,0.0,0.55,0.63,5422.0,,,,,,,,,,,,,,,,,,,,,,,,,5.553361565208956,9.47261562,0.0,,2.625,0.054,2.625,0.054,1.5,0.031,0.25,0.005,0.02625,0.054,0.0225,0.0465,0.00625,0.0125,0.168,18.0,0.3676350387879401,44.4375,0.9075990020077273,0.27,0.5514525581819102,1.5553125,3.176596507027045,5.553361565208956,139658,,,0.0026252534527069,Information
295107,5423.0,18003.4226,EGY,Egypt,Ash Sharqiyah,0.865835589,1.065961788,0.55,0.63,5423.0,,,,,,,,,,,,,,,,,,,,,,,,,15.410984838231794,17.31671178,21.31923576,,10.062,0.056,7.812,0.043,4.562,0.025,1.188,0.007,0.07812,0.043,0.06843,0.0375,0.0296999999999999,0.0175,0.27425,88.59375,0.4920939311384616,245.109375,1.361459876149744,1.32890625,0.7381408967076925,8.578828125,4.765109566524104,15.410984838231794,6449082,,,0.0515171367151364,Information
296909,5510.0,23706.8423,EGY,Egypt,Janub Sina',4.137546746,0.0,0.55,0.63,5510.0,,,,,,,,,,,,,,,,,,,,,,,,,6.047285639621058,82.75093491999999,0.0,,12.312,0.052,10.125,0.043,4.062,0.017,0.625,0.003,0.10125,0.043,0.06093,0.0255,0.015625,0.0075,0.2538049999999999,37.125,0.1566003583600461,105.609375,0.4454805648802826,0.556875,0.2349005375400691,3.696328125,1.5591819770809892,6.047285639621058,483905,,,0.1472851137259065,Information
172133,3153.0,14946.94682,SDN,Sudan,Northern,4.004972584,0.0,0.28,1.0,3153.0,,,,,,,,,,,,,,,,,,,,,,,,,11.148618566684425,80.09945168,0.0,,8.75,0.059,7.75,0.052,1.688,0.011,0.125,0.001,0.0775,0.052,0.02532,0.0165,0.003125,0.0025,0.176945,110.953125,0.7423129708661075,143.296875,0.9587033172529322,1.664296875,1.1134694562991612,5.015390625,3.355461610385263,11.148618566684425,9956,,,0.2811489631212913,Information
172139,3159.0,19327.56952,SDN,Sudan,Northern,4.162059566,0.0,0.28,1.0,3159.0,3159.0,0.0,30.0,-9999.0,-9999.0,-9999.0,0.0,1.0,-999.9,-999.9,-999.9,-5997.4,0.0,0.0,0.0,0.0,0.0,0.0,0.0,0.0,0.0,0.0,0.0,-5997.4,2.2800054798447817,83.24119132,0.0,,,,,,,,,,,,,,,,,2.390625,0.0123689892675351,41.90625,0.2168211059838512,0.035859375,0.0185534839013026,1.46671875,0.7588738709434792,2.2800054798447817,400001,,,0.0230352857981468,Information
172193,3192.0,35821.36512,SDN,Sudan,River Nile,4.098831315,0.0,0.28,1.0,3192.0,3192.0,0.0,30.0,-9999.0,-9999.0,-9999.0,0.0,1.0,-999.9,-999.9,-999.9,-5997.4,0.0,0.0,0.0,0.0,0.0,0.0,0.0,0.0,0.0,0.0,0.0,-5997.4,10.598664989722783,81.97662629999999,0.0,,,,,,,,,,,,,,,,,1.125,0.0031405838285441,236.25,0.6595226039942762,0.016875,0.0047108757428161,8.26875,2.308329113979967,10.598664989722783,210468,,,0.2977296919146679,Information
172250,3211.0,20434.64385,SDN,Sudan,Kassala,2.064343345,0.0,0.28,1.0,3211.0,3211.0,0.0,10.0,-9999.0,-9999.0,-9999.0,0.0,1.0,-999.9,-999.9,-999.9,-5997.4,0.0,0.0,0.0,0.0,0.0,0.0,0.0,0.0,0.0,0.0,0.0,-5997.4,1.869269463114407,41.28686690000001,0.0,,,,,,,,,,,,,,,,,0.0,0.0,35.859375,0.1754832394612591,0.0,0.0,1.255078125,0.6141913381144068,1.869269463114407,683240,,,0.0002833028936228,Information
172263,3214.0,1759.036067,SDN,Sudan,Al Qadarif,0.764434133,0.0,0.28,1.0,3214.0,3214.0,0.0,30.0,-9999.0,-9999.0,-9999.0,0.0,1.0,-999.9,-999.9,-999.9,-5997.4,0.0,0.0,0.0,0.0,0.0,0.0,0.0,0.0,0.0,0.0,0.0,-5997.4,-5997.4,15.28868266,0.0,,,,,,,,,,,,,,,,,,,,,,,,,,44353,,,,
172301,3232.0,1899.037309,SDN,Sudan,River Nile,4.049781722,0.0,0.28,1.0,3232.0,3232.0,0.0,30.0,-9999.0,-9999.0,-9999.0,0.0,1.0,-999.9,-999.9,-999.9,-5997.4,0.0,0.0,0.0,0.0,0.0,0.0,0.0,0.0,0.0,0.0,0.0,-5997.4,1.6344994489167832,80.99563443999999,0.0,,,,,,,,,,,,,,,,,0.0,0.0,7.453125,0.3924685925476524,0.0,0.0,0.260859375,1.373640073916783,1.6344994489167832,118271,,,0.0070769797058646,Information
172309,3240.0,14004.67756,SDN,Sudan,River Nile,2.390746186,0.0,0.28,1.0,3240.0,3240.0,0.0,30.0,-9999.0,-9999.0,-9999.0,0.0,1.0,-999.9,-999.9,-999.9,-5997.4,0.0,0.0,0.0,0.0,0.0,0.0,0.0,0.0,0.0,0.0,0.0,-5997.4,3.113004213744788,47.81492372,0.0,,,,,,,,,,,,,,,,,0.0,0.0,51.890625,0.3705235253556536,0.0,0.0,1.816171875,1.2968323387447875,3.113004213744788,2195581,,,0.0024071131772913,Information
172410,3241.0,23146.57085,SDN,Sudan,Al Jazirah,4.005884561,0.0,0.28,1.0,3241.0,3241.0,0.0,30.0,-9999.0,-9999.0,-9999.0,0.0,1.0,-999.9,-999.9,-999.9,-5997.4,0.0,0.0,0.0,0.0,0.0,0.0,0.0,0.0,0.0,0.0,0.0,-5997.4,0.5779581310912556,80.11769122000001,0.0,,,,,,,,,,,,,,,,,0.0,0.0,11.53125,0.0498183945975016,0.0,0.0,0.40359375,0.1743643810912556,0.5779581310912556,3326861,,,0.000201520770769,Information
172427,3248.0,3114.950871,SDN,Sudan,Al Qadarif,4.06748121,0.0,0.28,1.0,3248.0,3248.0,0.0,30.0,-9999.0,-9999.0,-9999.0,0.0,1.0,-999.9,-999.9,-999.9,-5997.4,0.0,0.0,0.0,0.0,0.0,0.0,0.0,0.0,0.0,0.0,0.0,-5997.4,-5997.4,81.34962420000001,0.0,,,,,,,,,,,,,,,,,,,,,,,,,,200437,,,,
172441,3252.0,3926.427355,SDN,Sudan,Sennar,2.958845936,0.0,0.28,1.0,3252.0,3252.0,0.0,30.0,-9999.0,-9999.0,-9999.0,0.0,1.0,-999.9,-999.9,-999.9,-5997.4,0.0,0.0,0.0,0.0,0.0,0.0,0.0,0.0,0.0,0.0,0.0,-5997.4,-5997.4,59.17691872,0.0,,,,,,,,,,,,,,,,,,,,,,,,,,243373,,,,
172451,3261.0,7299.010994,SDN,Sudan,Sennar,3.151492233,0.0,0.28,1.0,3261.0,3261.0,0.0,30.0,-9999.0,-9999.0,-9999.0,0.0,1.0,-999.9,-999.9,-999.9,-5997.4,0.0,0.0,0.0,0.0,0.0,0.0,0.0,0.0,0.0,0.0,0.0,-5997.4,0.7698954840973959,63.02984466,0.0,,,,,,,,,,,,,,,,,0.0,0.0,9.28125,0.1271576383135417,0.0,0.0,0.32484375,0.4450517340973959,0.7698954840973959,889250,,,5.405909373420775e-05,Information
172453,3263.0,12002.02809,SDN,Sudan,Blue Nile,4.016917046,0.0,0.28,1.0,3263.0,3263.0,0.0,30.0,-9999.0,-9999.0,-9999.0,0.0,1.0,-999.9,-999.9,-999.9,-5997.4,0.0,0.0,0.0,0.0,0.0,0.0,0.0,0.0,0.0,0.0,0.0,-5997.4,2.964616024462423,80.33834092,0.0,,,,,,,,,,,,,,,,,6.75,0.0562404949340837,43.3125,0.3608765091603708,0.10125,0.0843607424011255,1.5159375,1.2630677820612977,2.964616024462423,954998,,,0.0292506218515595,Information
172510,3290.0,17792.98766,SDN,Sudan,White Nile,4.039528309,0.0,0.28,1.0,3290.0,3290.0,0.0,1.0,-9999.0,-9999.0,-9999.0,0.0,10.0,-999.9,-999.9,-999.9,-5991.4,0.0,0.0,0.0,0.0,0.0,0.0,0.0,0.0,0.0,0.0,0.0,-5991.4,2.58758236682746,80.79056617999998,0.0,,,,,,,,,,,,,,,,,2.8125,0.0158067889104831,46.125,0.2592313381319243,0.0421875,0.0237101833657246,1.614375,0.907309683461735,2.58758236682746,5051085,,,0.0224987670429529,Information
172551,3310.0,22926.01783,SDN,Sudan,White Nile,2.535536104,0.0,0.28,1.0,3310.0,3310.0,0.0,1.0,-9999.0,-9999.0,-9999.0,0.0,10.0,-999.9,-999.9,-999.9,-5979.4,0.0,0.0,0.0,0.0,0.0,0.0,0.0,0.0,0.0,0.0,0.0,-5979.4,1.4278827021102871,50.71072208,0.0,,,,,,,,,,,,,,,,,0.0,0.0,28.40625,0.1239039863172249,0.0,0.0,0.99421875,0.4336639521102872,1.4278827021102871,1362658,,,0.0001989189845782,Information
172553,3312.0,1228.957215,SDN,Sudan,White Nile,3.987381848,0.0,0.28,1.0,3312.0,3312.0,0.0,29.0,-9999.0,-9999.0,-9999.0,0.0,1.0,-999.9,-999.9,-999.9,-5997.4,0.0,0.0,0.0,0.0,0.0,0.0,0.0,0.0,0.0,0.0,0.0,-5997.4,1.4390743139226982,79.74763696,0.0,,,,,,,,,,,,,,,,,0.0,0.0,4.5,0.3661640896921995,0.0,0.0,0.1575,1.2815743139226985,1.4390743139226982,51613,,,0.004093349117178,Information
172554,3313.0,9116.781111,SDN,Sudan,White Nile,2.994964277,0.0,0.28,1.0,3313.0,,,,,,,,,,,,,,,,,,,,,,,,,0.126,59.89928554,0.0,,39.375,0.432,6.0,0.066,0.0,0.0,0.0,0.0,0.06,0.066,0.0,0.0,0.0,0.0,0.126,,,,,,,,,,116260,,,4.1348352894949095e-09,Information
172560,3319.0,15032.85847,SDN,Sudan,South Kurdufan,4.008162668,0.0,0.28,1.0,3319.0,,,,,,,,,,,,,,,,,,,,,,,,,0.5163450339821547,80.16325336,0.0,,11.5,0.076,11.5,0.076,0.062,0.0,0.062,0.0,0.115,0.076,0.0009299999999999,0.0,0.00155,0.0,0.1934799999999999,0.0,0.0,8.859375,0.0589334025663299,0.0,0.0,0.310078125,0.2062669089821546,0.5163450339821547,98949,,,0.0001318796496618,Information
172810,3373.0,25652.68387,SDN,Sudan,South Kurdufan,4.082561392,0.0,0.28,1.0,3373.0,,,,,,,,,,,,,,,,,,,,,,,,,34.004293975923645,81.65122783999999,0.0,3.0,0.0,0.0,0.0,0.0,229.75,0.896,165.125,0.644,0.0,0.0,3.44625,1.344,4.128125,1.61,10.528375,336.65625,1.3123626819617322,554.765625,2.162602665137441,5.04984375,1.9685440229425983,19.416796875,7.569109327981042,34.004293975923645,300753,17910.0,5.96,0.7313576215949971,Watch
172823,3376.0,808.0938264,SDN,Sudan,West Kurdufan,4.133241737,0.0,0.28,1.0,3376.0,,,,,,,,,,,,,,,,,,,,,,,,,2.83388,82.66483473999999,0.0,,21.188,2.622,21.188,2.622,0.0,0.0,0.0,0.0,0.2118799999999999,2.622,0.0,0.0,0.0,0.0,2.83388,,,,,,,,,,1576,,,0.0350634362376,Information
172824,3377.0,15525.83629,SDN,Sudan,West Kurdufan,3.865645628,0.0,0.28,1.0,3377.0,,,,,,,,,,,,,,,,,,,,,,,,,0.952875,77.31291256,0.0,,66.75,0.43,57.75,0.372,0.125,0.001,0.0,0.0,0.5775,0.372,0.001875,0.0015,0.0,0.0,0.952875,0.0,0.0,2.109375,0.0135862246722027,0.0,0.0,0.073828125,0.0475517863527094,0.1213799113527094,63872,,,0.000762017708759,Information
172829,3382.0,8925.693266,SDN,Sudan,West Kurdufan,3.789640346,0.0,0.28,1.0,3382.0,,,,,,,,,,,,,,,,,,,,,,,,,2.31488,75.79280692,0.0,,117.625,1.318,109.188,1.223,0.0,0.0,0.0,0.0,1.09188,1.223,0.0,0.0,0.0,0.0,2.31488,,,,,,,,,,99332,,,0.0094552148230574,Information
112111,65.0,32877.02541,ERI,Eritrea,Debubawi Keyih Bahri,4.090526924,0.181811865,0.34,0.92,65.0,,,,,,,,,,,,,,,,,,,,,,,,,38.22198347032432,81.81053847999999,3.6362373,3.0,13.812,0.042,13.062,0.04,6.938,0.021,19.0,0.058,0.1306199999999999,0.04,0.10407,0.0315,0.475,0.145,0.92619,76.640625,0.2331130144943503,804.515625,2.4470450567379407,1.149609375,0.3496695217415254,28.158046875,8.564657698582792,38.22198347032432,1132711,27849.0,2.46,0.7711285004831847,Watch
112042,54.0,8250.956968,SOM,Somalia,Hiiraan,4.000967067,0.0,-9999.0,1.0,54.0,,,,,,,,,,,,,,,,,,,,,,,,,0.155,80.01934134000001,0.0,,22.875,0.277,7.0,0.085,0.0,0.0,0.0,0.0,0.07,0.085,0.0,0.0,0.0,0.0,0.155,,,,,,,,,,39912,,,5.896180120925394e-07,Information
112044,56.0,4779.645453,SOM,Somalia,Galguduud,2.026545171,0.0,-9999.0,1.0,56.0,,,,,,,,,,,,,,,,,,,,,,,,,0.14062,40.53090342,0.0,,17.688,0.37,4.562,0.095,0.0,0.0,0.0,0.0,0.04562,0.095,0.0,0.0,0.0,0.0,0.14062,,,,,,,,,,26210,,,7.371485190046e-10,Information
112190,81.0,11126.10586,SOM,Somalia,Bari,4.089817898,4.008119526,-9999.0,1.0,81.0,,,,,,,,,,,,,,,,,,,,,,,,,7.794224203660584,81.79635796,80.16239052,,5.875,0.053,5.312,0.048,1.375,0.012,0.5,0.004,0.05312,0.048,0.020625,0.018,0.0125,0.01,0.162245,40.359375,0.3627448407675873,99.984375,0.8986466264312009,0.605390625,0.5441172611513809,3.499453125,3.145263192509203,7.794224203660584,104704,,,0.1981525205869155,Information
112907,103.0,661.8558752,SOM,Somalia,Mudug,4.226238895,0.0,-9999.0,1.0,103.0,,,,,,,,,,,,,,,,,,,,,,,,,7.124470037720319,84.5247779,0.0,,1.25,0.189,0.812,0.123,0.125,0.019,0.0,0.0,0.00812,0.123,0.001875,0.0284999999999999,0.0,0.0,0.1614949999999999,5.203125,0.7861416956141553,10.40625,1.5722833912283103,0.078046875,1.1792125434212328,0.36421875,5.502991869299086,7.124470037720319,9430,,,0.2189616442996022,Information
112909,105.0,17562.28073,SOM,Somalia,Galguduud,4.512670134,1.856002546,-9999.0,1.0,105.0,,,,,,,,,,,,,,,,,,,,,,,,,15.402455778062675,90.25340268,37.12005092,3.0,81.188,0.462,66.0,0.376,2.938,0.017,0.312,0.002,0.66,0.376,0.04407,0.0255,0.0078,0.005,1.11837,51.1875,0.2914627136000594,258.46875,1.4717265593321682,0.7678125,0.437194070400089,9.04640625,5.151042957662589,15.402455778062675,1851049,59297.0,3.2,0.676383215355931,Watch
114100,109.0,1429.38731,SOM,Somalia,Jubbada Hoose,4.204872371,0.0,-9999.0,1.0,109.0,,,,,,,,,,,,,,,,,,,,,,,,,21.285613757124025,84.09744742000001,0.0,3.0,42.625,2.982,21.125,1.478,0.188,0.013,5.812,0.407,0.21125,1.478,0.00282,0.0195,0.1453,1.0174999999999998,2.87437,42.609375,2.9809537768930685,57.796875,4.043471954795549,0.639140625,4.471430665339603,2.022890625,14.15215184178442,21.285613757124025,102249,11533.0,11.28,0.6146853327999736,Watch
114210,110.0,14466.64421,SOM,Somalia,Jubbada Hoose,4.018572043,0.0,-9999.0,1.0,110.0,,,,,,,,,,,,,,,,,,,,,,,,,2.692251132066354,80.37144085999999,0.0,,179.125,1.238,111.0,0.767,0.188,0.001,0.188,0.001,1.11,0.767,0.00282,0.0015,0.0046999999999999,0.0025,1.88852,9.0,0.0622120781380271,41.625,0.2877308613883754,0.135,0.0933181172070406,1.456875,1.0070580148593138,2.692251132066354,65242,,,0.0234829320472025,Information
114221,111.0,2070.429971,SOM,Somalia,Jubbada Hoose,4.162114689,0.0,-9999.0,1.0,111.0,,,,,,,,,,,,,,,,,,,,,,,,,0.845,83.24229378,0.0,,28.188,1.361,14.5,0.7,0.0,0.0,0.0,0.0,0.145,0.7,0.0,0.0,0.0,0.0,0.845,,,,,,,,,,4032,,,0.001407373369478,Information
114222,112.0,5014.88015,SOM,Somalia,Jubbada Dhexe,3.788853824,0.0,-9999.0,1.0,112.0,,,,,,,,,,,,,,,,,,,,,,,,,0.913,75.77707647999999,0.0,,127.062,2.534,30.5,0.608,0.0,0.0,0.0,0.0,0.305,0.608,0.0,0.0,0.0,0.0,0.913,,,,,,,,,,12858,,,0.000522136856125,Information
114225,115.0,1936.054268,SOM,Somalia,Jubbada Dhexe,4.154727771,0.0,-9999.0,1.0,115.0,,,,,,,,,,,,,,,,,,,,,,,,,0.99062,83.09455542,0.0,,65.25,3.37,16.062,0.83,0.0,0.0,0.0,0.0,0.16062,0.83,0.0,0.0,0.0,0.0,0.99062,,,,,,,,,,1218,,,0.0022765527149242,Information
114226,116.0,14652.54035,SOM,Somalia,Gedo,4.029781341,0.0,-9999.0,1.0,116.0,,,,,,,,,,,,,,,,,,,,,,,,,0.80062,80.59562681999999,0.0,,80.75,0.551,47.562,0.325,0.0,0.0,0.0,0.0,0.47562,0.325,0.0,0.0,0.0,0.0,0.80062,,,,,,,,,,813542,,,0.0007166314475801,Information
114230,120.0,2151.4438,SOM,Somalia,Jubbada Hoose,4.282000124,0.0,-9999.0,1.0,120.0,,,,,,,,,,,,,,,,,,,,,,,,,1.71393,85.64000247999999,0.0,,82.25,3.823,30.25,1.406,0.062,0.003,0.0,0.0,0.3025,1.406,0.0009299999999999,0.0045,0.0,0.0,1.71393,,,,,,,,,,6568,,,0.0167658977353333,Information
114300,135.0,620.8859009,SOM,Somalia,Jubbada Hoose,4.222373829,0.0,-9999.0,1.0,135.0,135.0,0.0,3.0,-9999.0,-9999.0,-9999.0,0.0,8.0,-999.9,-999.9,-999.9,-5983.4,0.0,0.0,0.0,0.0,0.0,0.0,0.0,0.0,0.0,0.0,0.0,-5983.4,38.54868067145958,84.44747658,0.0,3.0,5.0,0.805,3.25,0.523,0.0,0.0,0.062,0.01,0.0325,0.523,0.0,0.0,0.00155,0.025,0.5820500000000001,32.765625,5.2772377259438885,50.34375,8.108373845012498,0.491484375,7.915856588915833,1.76203125,28.379308457543743,38.54868067145958,87766,3717.0,4.24,0.817981356466704,Warning
114410,136.0,2899.198384,SOM,Somalia,Gedo,1.12210076,0.0,-9999.0,1.0,136.0,,,,,,,,,,,,,,,,,,,,,,,,,4.276474064852824,22.4420152,0.0,,18.5,0.638,18.5,0.638,0.625,0.022,0.625,0.022,0.185,0.638,0.009375,0.033,0.015625,0.0549999999999999,0.936,8.296875,0.2861782431621311,23.90625,0.8245813786027506,0.124453125,0.4292673647431966,0.83671875,2.886034825109628,4.276474064852824,48459,,,0.0018783697519988,Information
114411,137.0,10016.63685,SOM,Somalia,Jubbada Dhexe,4.263939156,0.0,-9999.0,1.0,137.0,137.0,0.0,3.0,-9999.0,-9999.0,-9999.0,0.0,8.0,-999.9,-999.9,-999.9,-5982.9,0.0,0.0,0.0,0.0,0.0,0.0,0.0,0.0,0.0,0.0,0.0,-5982.9,12.923945746428853,85.27878312,0.0,,234.375,2.34,82.75,0.826,7.25,0.072,7.25,0.072,0.8275,0.826,0.10875,0.1079999999999999,0.18125,0.18,2.2315,87.609375,0.8746386266090836,147.234375,1.469898301861494,1.314140625,1.3119579399136254,5.153203125,5.1446440565152285,12.923945746428853,368270,,,0.4482009610529105,Advisory
114413,139.0,12994.36232,SOM,Somalia,Gedo,3.976181755,0.0,-9999.0,1.0,139.0,139.0,0.0,1.0,-9999.0,-9999.0,-9999.0,0.0,10.0,-999.9,-999.9,-999.9,-5979.4,0.0,0.0,0.0,0.0,0.0,0.0,0.0,0.0,0.0,0.0,0.0,-5979.4,0.7722500000000001,79.52363509999999,0.0,,81.5,0.627,43.625,0.336,0.0,0.0,0.0,0.0,0.43625,0.336,0.0,0.0,0.0,0.0,0.7722500000000001,,,,,,,,,,233585,,,0.0005232489975155,Information
114414,140.0,2812.152679,SOM,Somalia,Gedo,1.01966282,0.0,-9999.0,1.0,140.0,,,,,,,,,,,,,,,,,,,,,,,,,1.002,20.3932564,0.0,,53.625,1.907,22.0,0.782,0.0,0.0,0.0,0.0,0.22,0.782,0.0,0.0,0.0,0.0,1.002,,,,,,,,,,105927,,,6.068818714788025e-06,Information
114416,142.0,3665.748185,SOM,Somalia,Gedo,4.126724756,0.0,-9999.0,1.0,142.0,,,,,,,,,,,,,,,,,,,,,,,,,0.31012,82.53449512,0.0,,18.062,0.493,8.312,0.227,0.0,0.0,0.0,0.0,0.08312,0.227,0.0,0.0,0.0,0.0,0.31012,,,,,,,,,,40907,,,2.7767216056717605e-05,Information
114418,144.0,10750.55834,SOM,Somalia,Bakool,4.051548982,0.0,-9999.0,1.0,144.0,,,,,,,,,,,,,,,,,,,,,,,,,0.5518099999999999,81.03097964,0.0,,36.875,0.343,28.438,0.265,0.062,0.001,0.0,0.0,0.2843799999999999,0.265,0.0009299999999999,0.0015,0.0,0.0,0.5518099999999999,,,,,,,,,,244533,,,0.0002020752356799,Information
114419,145.0,2905.008107,SOM,Somalia,Gedo,4.051236638,0.0,-9999.0,1.0,145.0,145.0,0.0,1.0,-9999.0,-9999.0,-9999.0,0.0,10.0,-999.9,-999.9,-999.9,-5979.4,0.0,0.0,0.0,0.0,0.0,0.0,0.0,0.0,0.0,0.0,0.0,-5979.4,0.20262,81.02473275999999,0.0,,4.875,0.168,4.562,0.157,0.0,0.0,0.0,0.0,0.04562,0.157,0.0,0.0,0.0,0.0,0.20262,,,,,,,,,,53377,,,2.8185951634794845e-06,Information
114420,146.0,15132.09902,SOM,Somalia,Bakool,2.318404854,0.0,-9999.0,1.0,146.0,,,,,,,,,,,,,,,,,,,,,,,,,0.52157,46.368097080000005,0.0,,106.812,0.706,31.125,0.206,0.188,0.001,0.0,0.0,0.31125,0.206,0.00282,0.0015,0.0,0.0,0.52157,,,,,,,,,,112086,,,1.801536161031394e-06,Information
114500,162.0,24014.86012,SOM,Somalia,Shabeellaha Hoose,4.022766206,0.0,-9999.0,1.0,162.0,162.0,0.0,3.0,-9999.0,-9999.0,-9999.0,0.0,8.0,-999.9,-999.9,-999.9,-5983.4,0.0,0.0,0.0,0.0,0.0,0.0,0.0,0.0,0.0,0.0,0.0,-5983.4,1.902192806703916,80.45532412,0.0,,207.375,0.864,95.688,0.398,0.562,0.002,0.938,0.004,0.95688,0.398,0.00843,0.003,0.02345,0.01,1.39976,14.0625,0.0585574928485775,32.34375,0.1346822335517284,0.2109375,0.0878362392728662,1.13203125,0.4713878174310494,1.902192806703916,348253,,,0.0099111229956816,Information
114601,163.0,5003.852662,SOM,Somalia,Bay,4.015565598,0.0,-9999.0,1.0,163.0,,,,,,,,,,,,,,,,,,,,,,,,,0.3375,80.31131196000001,0.0,,17.938,0.358,11.25,0.225,0.0,0.0,0.0,0.0,0.1125,0.225,0.0,0.0,0.0,0.0,0.3375,,,,,,,,,,26938,,,2.3889478534638965e-05,Information
114602,164.0,9174.865859,SOM,Somalia,Shabeellaha Hoose,4.233262473,0.0,-9999.0,1.0,164.0,,,,,,,,,,,,,,,,,,,,,,,,,0.73925,84.66524946,0.0,,80.688,0.879,35.0,0.381,0.25,0.003,0.0,0.0,0.35,0.381,0.00375,0.0045,0.0,0.0,0.73925,3.375,0.0367852789571001,5.625,0.0613087982618335,0.050625,0.0551779184356501,0.196875,0.2145807939164172,0.5172587123520674,360947,,,0.0012137279684011,Information
114603,165.0,434.2090461,SOM,Somalia,Shabeellaha Hoose,4.175889278,0.0,-9999.0,1.0,165.0,,,,,,,,,,,,,,,,,,,,,,,,,0.21075,83.51778556,0.0,,1.25,0.288,0.875,0.202,0.0,0.0,0.0,0.0,0.00875,0.202,0.0,0.0,0.0,0.0,0.21075,,,,,,,,,,220,,,6.522032484644407e-06,Information
114604,166.0,5965.409892,SOM,Somalia,Bay,3.666431046,0.0,-9999.0,1.0,166.0,,,,,,,,,,,,,,,,,,,,,,,,,0.6527499999999999,73.32862092,0.0,,61.938,1.038,24.375,0.409,0.0,0.0,0.0,0.0,0.24375,0.409,0.0,0.0,0.0,0.0,0.6527499999999999,,,,,,,,,,50645,,,0.0001035673750465,Information
114605,167.0,3517.209038,SOM,Somalia,Bay,4.060774717,0.0,-9999.0,1.0,167.0,,,,,,,,,,,,,,,,,,,,,,,,,0.35025,81.21549434,0.0,,44.5,1.265,9.125,0.259,0.0,0.0,0.0,0.0,0.09125,0.259,0.0,0.0,0.0,0.0,0.35025,,,,,,,,,,69820,,,3.414869814874608e-05,Information
114606,168.0,4799.832635,SOM,Somalia,Bay,2.571719648,0.0,-9999.0,1.0,168.0,,,,,,,,,,,,,,,,,,,,,,,,,0.5935,51.43439296,0.0,,54.938,1.145,19.25,0.401,0.0,0.0,0.0,0.0,0.1925,0.401,0.0,0.0,0.0,0.0,0.5935,,,,,,,,,,235564,,,5.298139319247892e-06,Information
114607,169.0,18272.56182,SOM,Somalia,Bay,4.002552813,0.0,-9999.0,1.0,169.0,,,,,,,,,,,,,,,,,,,,,,,,,1.4799400000000005,80.05105626000001,0.0,,273.25,1.495,94.562,0.518,0.688,0.004,0.0,0.0,0.94562,0.518,0.01032,0.006,0.0,0.0,1.4799400000000005,,,,,,,,,,178869,,,0.0046452571300184,Information
114608,170.0,3321.767502,SOM,Somalia,Bakool,4.003747416,0.0,-9999.0,1.0,170.0,,,,,,,,,,,,,,,,,,,,,,,,,0.241,80.07494832,0.0,,10.938,0.329,6.0,0.181,0.0,0.0,0.0,0.0,0.06,0.181,0.0,0.0,0.0,0.0,0.241,,,,,,,,,,123752,,,5.051990092913187e-06,Information
114701,172.0,4076.679101,SOM,Somalia,Shabeellaha Hoose,4.593835877,0.0,-9999.0,1.0,172.0,172.0,0.0,1.0,-9999.0,-9999.0,-9999.0,0.0,10.0,-999.9,-999.9,-999.9,-5979.4,0.0,0.0,0.0,0.0,0.0,0.0,0.0,0.0,0.0,0.0,0.0,-5979.4,8.419868560478559,91.87671754,0.0,,19.625,0.481,10.625,0.261,0.125,0.003,0.062,0.002,0.10625,0.261,0.001875,0.0045,0.00155,0.005,0.380175,41.484375,1.0176021700352793,51.890625,1.272865087264468,0.622265625,1.526403255052919,1.816171875,4.455027805425639,8.419868560478559,387093,,,0.5143029653350051,Advisory
114702,173.0,4307.671509,SOM,Somalia,Shabeellaha Dhexe,3.162459498,0.0,-9999.0,1.0,173.0,,,,,,,,,,,,,,,,,,,,,,,,,45.37657611529028,63.24918996,0.0,,149.0,3.459,123.25,2.861,73.312,1.702,58.0,1.346,1.2325,2.861,1.09968,2.553,1.45,3.365,12.56118,228.9375,5.314646195645143,292.21875,6.783682306235017,3.4340625,7.9719692934677155,10.22765625,23.74288807182256,45.37657611529028,248375,,,0.5834922833705126,Advisory
114703,174.0,4311.619271,SOM,Somalia,Hiiraan,4.657961782,0.0,-9999.0,1.0,174.0,174.0,0.0,1.0,-9999.0,-9999.0,-9999.0,0.0,10.0,-999.9,-999.9,-999.9,-5979.4,0.0,0.0,0.0,0.0,0.0,0.0,0.0,0.0,0.0,0.0,0.0,-5979.4,20.33987600951424,93.15923564,0.0,3.0,57.625,1.337,42.375,0.983,9.938,0.23,10.312,0.239,0.42375,0.983,0.14907,0.345,0.2578,0.5974999999999999,2.75612,103.359375,2.3972287094361366,130.78125,3.0332281629600097,1.550390625,3.595843064154205,4.57734375,10.616298570360032,20.33987600951424,204815,1835.0,0.9,0.8620737772518594,Warning
114704,175.0,7161.995994,SOM,Somalia,Bakool,4.057699408,0.0,-9999.0,1.0,175.0,,,,,,,,,,,,,,,,,,,,,,,,,0.7087499999999999,81.15398816000001,0.0,,47.938,0.669,29.25,0.408,0.25,0.003,0.0,0.0,0.2925,0.408,0.00375,0.0045,0.0,0.0,0.7087499999999999,1.125,0.0157079116069363,1.125,0.0157079116069363,0.016875,0.0235618674104044,0.039375,0.054977690624277,0.1347895580346815,41839,,,0.0005180176242405,Information
114705,176.0,8309.269714,SOM,Somalia,Hiiraan,4.277654792,0.0,-9999.0,1.0,176.0,176.0,0.0,1.0,-9999.0,-9999.0,-9999.0,0.0,10.0,-999.9,-999.9,-999.9,-5979.4,0.0,0.0,0.0,0.0,0.0,0.0,0.0,0.0,0.0,0.0,0.0,-5979.4,0.1952141306722316,85.55309584,0.0,,,,,,,,,,,,,,,,,0.0,0.0,2.53125,0.0304629659063519,0.0,0.0,0.08859375,0.1066203806722316,0.1952141306722316,220090,,,8.381843794073006e-06,Information
117101,296.0,275.6656588,SOM,Somalia,Jubbada Hoose,0.076219428,4.038380391,-9999.0,1.0,296.0,,,,,,,,,,,,,,,,,,,,,,,,,27.7035117934485,1.5243885600000002,80.76760782,3.0,8.0,2.902,3.688,1.338,0.125,0.045,0.0,0.0,0.03688,1.338,0.001875,0.0675,0.0,0.0,1.444255,4.921875,1.7854509051952647,19.125,6.937752088758743,0.073828125,2.678176357792897,0.669375,24.2821323106556,27.7035117934485,139818,1187.0,0.85,0.6424305746701212,Watch
117102,297.0,10792.86685,SOM,Somalia,Jubbada Hoose,3.63070695,0.0,-9999.0,1.0,297.0,,,,,,,,,,,,,,,,,,,,,,,,,1.046325,72.614139,0.0,,144.562,1.339,53.625,0.497,0.125,0.001,0.188,0.002,0.53625,0.497,0.001875,0.0015,0.0046999999999999,0.005,1.046325,0.28125,0.0026058877944854,8.71875,0.0807825216290493,0.00421875,0.0039088316917281,0.30515625,0.2827388257016725,0.5960226573934007,52409,,,0.0005478175109057,Information
117103,298.0,147.0780335,SOM,Somalia,Jubbada Hoose,3.583761659,0.0,-9999.0,1.0,298.0,,,,,,,,,,,,,,,,,,,,,,,,,16.881264300799238,71.67523317999999,0.0,,0.938,0.637,0.812,0.552,0.062,0.042,0.062,0.042,0.00812,0.552,0.0009299999999999,0.063,0.00155,0.105,0.7306,0.5625,0.3824500413976836,6.75,4.589400496772203,0.0084375,0.5736750620965254,0.23625,16.062901738702713,16.881264300799238,4576,,,0.3023923524198976,Information
117105,300.0,7743.041606,SOM,Somalia,Jubbada Hoose,4.064276265,0.197907877,-9999.0,1.0,300.0,,,,,,,,,,,,,,,,,,,,,,,,,12.477120292083574,81.2855253,3.95815754,,26.625,0.344,25.562,0.33,1.625,0.021,1.438,0.019,0.25562,0.33,0.024375,0.0315,0.0359499999999999,0.0475,0.7249450000000001,56.53125,0.7300910013991729,131.34375,1.6962810828528043,0.84796875,1.0951365020987591,4.59703125,5.936983789984815,12.477120292083574,91805,,,0.3425915048433419,Information
112046,58.0,15676.40315,ETH,Ethiopia,Somali,4.015805139,0.0,0.37,0.88,58.0,,,,,,,,,,,,,,,,,,,,,,,,,0.22868,80.31610278000001,0.0,,50.188,0.32,13.875,0.089,0.062,0.0,0.0,0.0,0.13875,0.089,0.0009299999999999,0.0,0.0,0.0,0.22868,,,,,,,,,,162970,,,4.190115667721143e-06,Information
112047,59.0,19434.28488,ETH,Ethiopia,Somali,3.940415992,0.0,0.37,0.88,59.0,,,,,,,,,,,,,,,,,,,,,,,,,0.136,78.80831984,0.0,,33.188,0.171,9.0,0.046,0.0,0.0,0.0,0.0,0.09,0.046,0.0,0.0,0.0,0.0,0.136,,,,,,,,,,121017,,,2.2240277558059989e-07,Information
114430,147.0,10557.25798,ETH,Ethiopia,Somali,4.015693208,0.0,0.37,0.88,147.0,,,,,,,,,,,,,,,,,,,,,,,,,0.16438,80.31386416000001,0.0,,15.438,0.146,8.438,0.08,0.0,0.0,0.0,0.0,0.08438,0.08,0.0,0.0,0.0,0.0,0.16438,,,,,,,,,,120436,,,8.528572957941687e-07,Information
114460,158.0,24915.75525,ETH,Ethiopia,Somali,2.957693757,0.0,0.37,0.88,158.0,158.0,0.0,1.0,-9999.0,-9999.0,-9999.0,0.0,10.0,-999.9,-999.9,-999.9,-5979.4,0.0,0.0,0.0,0.0,0.0,0.0,0.0,0.0,0.0,0.0,0.0,-5979.4,-5979.4,59.15387514,0.0,,,,,,,,,,,,,,,,,,,,,,,,,,1099030,,,,
114803,183.0,736.1938206,ETH,Ethiopia,Somali,4.059703651,0.0,0.37,0.88,183.0,,,,,,,,,,,,,,,,,,,,,,,,,0.31888,81.19407302,0.0,,6.125,0.832,2.188,0.297,0.0,0.0,0.0,0.0,0.02188,0.297,0.0,0.0,0.0,0.0,0.31888,,,,,,,,,,9356,,,2.2799216119191743e-05,Information
114910,190.0,21071.08176,ETH,Ethiopia,Somali,4.19792647,0.0,0.37,0.88,190.0,190.0,0.0,1.0,-9999.0,-9999.0,-9999.0,0.0,10.0,-999.9,-999.9,-999.9,-5979.4,0.0,0.0,0.0,0.0,0.0,0.0,0.0,0.0,0.0,0.0,0.0,-5979.4,0.7413241069514571,83.95852939999999,0.0,,,,,,,,,,,,,,,,,8.578125,0.0407104158015074,10.6875,0.0507211737854846,0.128671875,0.0610656237022611,0.3740625,0.1775241082491961,0.7413241069514571,449704,,,0.0010542975533871,Information
114933,194.0,2892.131059,ETH,Ethiopia,Somali,4.10171481,0.0,0.37,0.88,194.0,194.0,0.0,1.0,-9999.0,-9999.0,-9999.0,0.0,10.0,-999.9,-999.9,-999.9,-5979.4,0.0,0.0,0.0,0.0,0.0,0.0,0.0,0.0,0.0,0.0,0.0,-5979.4,-5979.4,82.0342962,0.0,,,,,,,,,,,,,,,,,,,,,,,,,,32851,,,,
115452,233.0,2610.543398,ETH,Ethiopia,"Southern Nations, Nationalities and Peoples",4.071569739,0.0,0.37,0.88,233.0,,,,,,,,,,,,,,,,,,,,,,,,,35.82659584556153,81.43139478,0.0,3.0,8.25,0.316,6.688,0.256,4.438,0.17,4.312,0.165,0.06688,0.256,0.06657,0.255,0.1078,0.4125,1.16475,41.625,1.5944956143887392,194.0625,7.43379712113669,0.624375,2.391743421583109,6.7921875,26.01828992397841,35.82659584556153,87432,5533.0,6.33,0.744479705373537,Watch
115453,234.0,5262.128292,ETH,Ethiopia,"Southern Nations, Nationalities and Peoples",4.10366371,0.0,0.37,0.88,234.0,234.0,0.0,27.0,-9999.0,-9999.0,-9999.0,0.0,1.0,-999.9,-999.9,-999.9,-5997.4,0.0,0.0,0.0,0.0,0.0,0.0,0.0,0.0,0.0,0.0,0.0,-5997.4,17.917499725887957,82.0732742,0.0,,18.562,0.353,18.562,0.353,16.562,0.315,16.375,0.311,0.18562,0.353,0.24843,0.4725,0.409375,0.7775,2.446425,38.109375,0.7242198001287584,160.171875,3.043861078769948,0.571640625,1.0863297001931376,5.606015625,10.65351377569482,17.917499725887957,110442,,,0.4997946296280572,Advisory
115459,240.0,14601.75369,ETH,Ethiopia,"Southern Nations, Nationalities and Peoples",2.617507718,0.0,0.37,0.88,240.0,,,,,,,,,,,,,,,,,,,,,,,,,8.672893121276175,52.350154360000005,0.0,,2.25,0.015,0.438,0.003,2.375,0.016,2.375,0.016,0.00438,0.003,0.035625,0.024,0.059375,0.04,0.16638,69.1875,0.4738300718939702,117.421875,0.8041628252672055,1.0378125,0.7107451078409552,4.109765625,2.81456988843522,8.672893121276175,3934021,,,0.0442207272021374,Information
115460,241.0,7063.575,ETH,Ethiopia,Oromia,3.950195828,0.0,0.37,0.88,241.0,241.0,0.0,2.0,3.0,-9999.0,-9999.0,0.0,9.0,0.3,-999.9,-999.9,-3981.0,0.0,0.0,0.0,0.0,0.0,0.0,0.0,0.0,0.0,0.0,0.0,-3981.0,-3981.0,79.00391656,0.0,,,,,,,,,,,,,,,,,,,,,,,,,,1087267,,,,
115470,242.0,7902.669814,ETH,Ethiopia,"Southern Nations, Nationalities and Peoples",2.36592409,0.0,0.37,0.88,242.0,242.0,0.0,30.0,-9999.0,-9999.0,-9999.0,0.0,1.0,-999.9,-999.9,-999.9,-5988.4,0.0,0.0,0.0,0.0,0.0,0.0,0.0,0.0,0.0,0.0,0.0,-5988.4,0.6323638161323041,47.3184818,0.0,,,,,,,,,,,,,,,,,0.5625,0.0071178476802479,7.734375,0.0978704056034092,0.0084375,0.0106767715203718,0.270703125,0.3425464196119322,0.6323638161323041,2375404,,,4.877023420112948e-06,Information
115480,243.0,10550.79617,ETH,Ethiopia,Oromia,2.126114932,0.0,0.37,0.88,243.0,243.0,0.0,30.0,-9999.0,-9999.0,-9999.0,0.0,1.0,-999.9,-999.9,-999.9,-5997.4,0.0,0.0,0.0,0.0,0.0,0.0,0.0,0.0,0.0,0.0,0.0,-5997.4,0.22562,42.52229864,0.0,,28.688,0.272,11.562,0.11,0.0,0.0,0.0,0.0,0.11562,0.11,0.0,0.0,0.0,0.0,0.22562,,,,,,,,,,1969611,,,1.5097680182222662e-08,Information
115490,244.0,5183.442766,ETH,Ethiopia,Oromia,2.419413172,0.0,0.37,0.88,244.0,244.0,0.0,30.0,2.0,2.0,2.0,0.0,1.0,0.2,0.2,0.2,3.2,0.0,0.0,0.0,0.0,0.0,0.0,0.0,0.0,0.0,0.0,0.0,3.2,4.487884993751361,48.38826344,0.0,,5.938,0.115,5.938,0.115,3.5,0.068,1.562,0.03,0.0593799999999999,0.115,0.0525,0.102,0.03905,0.075,0.44293,29.953125,0.5778615941202755,30.9375,0.5968523507345568,0.449296875,0.8667923911804132,1.0828125,2.088983227570949,4.487884993751361,1783230,,,0.0072956412128947,Information
115604,257.0,1945.098017,ETH,Ethiopia,"Southern Nations, Nationalities and Peoples",2.99376123,0.0,0.37,0.88,257.0,,,,,,,,,,,,,,,,,,,,,,,,,10.091122514841611,59.8752246,0.0,,2.75,0.141,2.75,0.141,0.0,0.0,0.0,0.0,0.0275,0.141,0.0,0.0,0.0,0.0,0.1684999999999999,10.125,0.5205393205550672,42.609375,2.1906029740025748,0.151875,0.7808089808326009,1.491328125,7.667110409009012,10.091122514841611,370335,,,0.0837413145673989,Information
115608,261.0,10446.94978,ETH,Ethiopia,Oromia,4.026687451,0.0,0.37,0.88,261.0,,,,,,,,,,,,,,,,,,,,,,,,,3.86428070675172,80.53374902,0.0,,12.125,0.116,7.688,0.074,0.812,0.008,0.438,0.004,0.07688,0.074,0.01218,0.012,0.01095,0.01,0.19601,10.546875,0.1009565014290449,51.890625,0.4967059870309009,0.158203125,0.1514347521435673,1.816171875,1.7384709546081532,3.86428070675172,2587538,,,0.0529492124029739,Information
115715,266.0,11697.98831,ETH,Ethiopia,Afar,4.202694813,0.0,0.37,0.88,266.0,266.0,0.0,30.0,-9999.0,-9999.0,-9999.0,0.0,1.0,-999.9,-999.9,-999.9,-5997.4,0.0,0.0,0.0,0.0,0.0,0.0,0.0,0.0,0.0,0.0,0.0,-5997.4,20.050615294643507,84.05389626,0.0,,,,,,,,,,,,,,,,,91.96875,0.7861928698057569,269.4375,2.303280639981392,1.37953125,1.1792893047086352,9.4303125,8.061482239934872,20.050615294643507,348437,,,0.590583154596642,Advisory
115717,268.0,27290.18057,ETH,Ethiopia,Afar,4.175081212,0.0,0.37,0.88,268.0,268.0,0.0,30.0,-9999.0,-9999.0,-9999.0,0.0,1.0,-999.9,-999.9,-999.9,-5997.4,0.0,0.0,0.0,0.0,0.0,0.0,0.0,0.0,0.0,0.0,0.0,-5997.4,3.89689373572504,83.50162424000001,0.0,,,,,,,,,,,,,,,,,26.71875,0.0979060945699001,70.03125,0.2566170268200541,0.40078125,0.1468591418548501,2.45109375,0.8981595938701894,3.89689373572504,2451638,,,0.0744986613545188,Information
115719,270.0,23437.4037,ETH,Ethiopia,Oromia,2.948460711,0.0,0.37,0.88,270.0,270.0,0.0,30.0,-9999.0,-9999.0,-9999.0,0.0,1.0,-999.9,-999.9,-999.9,-5997.4,0.0,0.0,0.0,0.0,0.0,0.0,0.0,0.0,0.0,0.0,0.0,-5997.4,1.772524052986573,58.96921422,0.0,,63.562,0.271,45.5,0.194,0.5,0.002,0.562,0.002,0.455,0.194,0.0075,0.003,0.01405,0.005,0.67855,9.984375,0.0426001750277834,31.21875,0.1332005472699707,0.149765625,0.063900262541675,1.09265625,0.4662019154448974,1.772524052986573,8529147,,,0.0008392248685791,Information
115801,275.0,12906.67333,ETH,Ethiopia,Afar,3.54168809,0.0,0.37,0.88,275.0,,,,,,,,,,,,,,,,,,,,,,,,,5.208740108853212,70.8337618,0.0,,31.062,0.241,18.938,0.147,0.0,0.0,0.0,0.0,0.18938,0.147,0.0,0.0,0.0,0.0,0.33638,0.421875,0.0032686579188115,83.671875,0.648283820564284,0.006328125,0.0049029868782172,2.928515625,2.268993371974994,5.208740108853212,1291257,,,0.0424737645625315,Information
172271,3221.0,7620.965341,ETH,Ethiopia,Tigray,4.025859723,0.0,0.37,0.88,3221.0,3221.0,0.0,30.0,-9999.0,-9999.0,-9999.0,0.0,1.0,-999.9,-999.9,-999.9,-5997.4,0.0,0.0,0.0,0.0,0.0,0.0,0.0,0.0,0.0,0.0,0.0,-5997.4,0.1479427347889267,80.51719446,0.0,,,,,,,,,,,,,,,,,0.0,0.0,1.828125,0.0239881027968362,0.0,0.0,0.063984375,0.0839583597889267,0.1479427347889267,234811,,,5.291871833206311e-07,Information
172278,3228.0,5127.492562,ETH,Ethiopia,Tigray,1.070368406,0.0,0.37,0.88,3228.0,,,,,,,,,,,,,,,,,,,,,,,,,0.17538,21.40736812,0.0,,9.375,0.183,5.938,0.116,0.0,0.0,0.0,0.0,0.0593799999999999,0.116,0.0,0.0,0.0,0.0,0.17538,,,,,,,,,,1172741,,,5.137518599087075e-10,Information
172279,3229.0,2908.962513,ETH,Ethiopia,Tigray,1.354806327,0.0,0.37,0.88,3229.0,,,,,,,,,,,,,,,,,,,,,,,,,1.1357614884109273,27.09612654,0.0,,17.188,0.591,9.062,0.312,0.0,0.0,0.0,0.0,0.0906199999999999,0.312,0.0,0.0,0.0,0.0,0.40262,0.984375,0.033839384169651,6.890625,0.2368756891875574,0.014765625,0.0507590762544765,0.241171875,0.8290649121564508,1.1357614884109273,269571,,,1.578478458385806e-05,Information
172455,3265.0,3171.429,ETH,Ethiopia,Benshangul-Gumaz,4.012871884,0.0,0.37,0.88,3265.0,3265.0,0.0,30.0,-9999.0,-9999.0,-9999.0,0.0,1.0,-999.9,-999.9,-999.9,-5988.4,0.0,0.0,0.0,0.0,0.0,0.0,0.0,0.0,0.0,0.0,0.0,-5988.4,24.190816772009747,80.25743768,0.0,,4.688,0.148,0.125,0.004,104.312,3.289,111.562,3.518,0.00125,0.004,1.5646799999999998,4.9335,2.78905,8.795,18.08748,58.21875,1.8357261029966283,141.46875,4.460725747861372,0.87328125,2.7535891544949425,4.95140625,15.612540117514802,24.190816772009747,56271,,,0.5805091819819003,Advisory
172456,3266.0,13654.45242,ETH,Ethiopia,Benshangul-Gumaz,2.276825917,0.0,0.37,0.88,3266.0,,,,,,,,,,,,,,,,,,,,,,,,,10.544805359329883,45.53651834,0.0,,8.75,0.064,2.5,0.018,136.5,1.0,141.375,1.035,0.025,0.018,2.0475,1.5,3.534375,2.5875,9.712375,84.234375,0.6169004247114706,137.8125,1.0092861706464795,1.263515625,0.9253506370672058,4.8234375,3.5325015972626783,10.544805359329883,614505,,,0.0503056696188401,Information
172457,3267.0,1125.446911,ETH,Ethiopia,Benshangul-Gumaz,4.057076865,0.0,0.37,0.88,3267.0,,,,,,,,,,,,,,,,,,,,,,,,,50.5393723297483,81.1415373,0.0,3.0,22.875,2.033,11.875,1.055,65.75,5.842,103.0,9.152,0.11875,1.055,0.98625,8.763,2.575,22.88,36.378,73.828125,6.559894053165535,131.203125,11.657868860197038,1.107421875,9.839841079748302,4.592109375,35.0,50.5393723297483,14863,473.0,3.1823992464509185,0.8378821387783726,Warning
172458,3268.0,14771.85364,ETH,Ethiopia,Oromia,2.892792346,0.0,0.37,0.88,3268.0,,,,,,,,,,,,,,,,,,,,,,,,,4.358375,57.85584692,0.0,,52.938,0.358,52.625,0.356,50.5,0.342,52.625,0.356,0.52625,0.356,0.7575,0.513,1.315625,0.8899999999999999,4.358375,27.140625,0.1837320194025284,47.8125,0.3236729875484956,0.407109375,0.2755980291037926,1.6734375,1.1328554564197346,3.489000360523527,1580229,,,0.0116342639920981,Information
172459,3269.0,5415.055171,ETH,Ethiopia,Benshangul-Gumaz,2.281521519,0.0,0.37,0.88,3269.0,,,,,,,,,,,,,,,,,,,,,,,,,12.027543643181929,45.63043038,0.0,,44.562,0.823,37.688,0.696,32.125,0.593,41.375,0.764,0.37688,0.696,0.481875,0.8895,1.034375,1.91,5.38863,44.4375,0.8206287581113294,101.671875,1.877577823147124,0.6665625,1.230943137166994,3.558515625,6.571522381014934,12.027543643181929,75058,,,0.0656998404763701,Information
172471,3271.0,15472.73626,ETH,Ethiopia,Benshangul-Gumaz,1.635849334,0.0,0.37,0.88,3271.0,,,,,,,,,,,,,,,,,,,,,,,,,0.34825,32.71698668,0.0,,24.438,0.158,21.125,0.137,0.0,0.0,0.0,0.0,0.21125,0.137,0.0,0.0,0.0,0.0,0.34825,,,,,,,,,,1461230,,,7.057606852162285e-08,Information
172472,3272.0,5533.835953,ETH,Ethiopia,Amhara,0.849982868,0.0,0.37,0.88,3272.0,,,,,,,,,,,,,,,,,,,,,,,,,0.11788,16.99965736,0.0,,16.625,0.3,4.188,0.076,0.0,0.0,0.0,0.0,0.04188,0.076,0.0,0.0,0.0,0.0,0.11788,,,,,,,,,,1136288,,,2.746286405355148e-11,Information
172474,3274.0,3313.4616,ETH,Ethiopia,Oromia,0.150680202,0.0,0.37,0.88,3274.0,,,,,,,,,,,,,,,,,,,,,,,,,10.88813001638218,3.01360404,0.0,,33.938,1.024,32.375,0.977,19.75,0.596,19.25,0.581,0.32375,0.977,0.29625,0.8939999999999999,0.48125,1.4525,4.42475,22.5,0.679048159118396,67.78125,2.045632579344168,0.3375,1.018572238677594,2.37234375,7.159714027704588,10.88813001638218,423152,,,0.0143750032200829,Information
172478,3278.0,7363.119414,ETH,Ethiopia,Oromia,1.403296937,0.0,0.37,0.88,3278.0,,,,,,,,,,,,,,,,,,,,,,,,,0.11263,28.06593874,0.0,,5.188,0.07,4.438,0.06,0.25,0.003,0.0,0.0,0.0443799999999999,0.06,0.00375,0.0045,0.0,0.0,0.11263,,,,,,,,,,1329604,,,5.2560484607133715e-11,Information
172479,3279.0,3512.036517,ETH,Ethiopia,Amhara,0.991712196,0.0,0.37,0.88,3279.0,3279.0,0.0,30.0,-9999.0,-9999.0,-9999.0,0.0,1.0,-999.9,-999.9,-999.9,-5997.4,0.0,0.0,0.0,0.0,0.0,0.0,0.0,0.0,0.0,0.0,0.0,-5997.4,0.91562,19.83424392,0.0,,39.0,1.11,20.562,0.585,1.75,0.05,0.25,0.007,0.20562,0.585,0.02625,0.075,0.00625,0.0175,0.91562,2.8125,0.0800817413486936,2.8125,0.0800817413486936,0.0421875,0.1201226120230403,0.0984375,0.2802860947204276,0.5410337067434681,738095,,,3.870037920563134e-06,Information
172480,3280.0,15386.76948,ETH,Ethiopia,Amhara,1.31676131,0.0,0.37,0.88,3280.0,,,,,,,,,,,,,,,,,,,,,,,,,0.33157,26.3352262,0.0,,54.75,0.356,19.125,0.124,0.688,0.004,0.0,0.0,0.19125,0.124,0.01032,0.006,0.0,0.0,0.33157,0.0,0.0,2.53125,0.0164508216188977,0.0,0.0,0.08859375,0.0575778756661419,0.1461716256661419,2598663,,,3.2687224059560934e-08,Information
172497,3287.0,4273.040551,ETH,Ethiopia,Amhara,4.000953802,0.0,0.37,0.88,3287.0,3287.0,0.0,1.0,-9999.0,-9999.0,-9999.0,0.0,10.0,-999.9,-999.9,-999.9,-5979.4,0.0,0.0,0.0,0.0,0.0,0.0,0.0,0.0,0.0,0.0,0.0,-5979.4,3.872867873166512,80.01907603999999,0.0,,12.812,0.3,7.0,0.164,3.625,0.085,0.375,0.009,0.07,0.164,0.054375,0.1275,0.009375,0.0225,0.44775,17.578125,0.4113727635182702,25.59375,0.5989587436826015,0.263671875,0.6170591452774052,0.89578125,2.0963556028891053,3.872867873166512,1089624,,,0.0504212620856,Information
172498,3288.0,9202.963088,ETH,Ethiopia,Amhara,4.050673285,0.0,0.37,0.88,3288.0,3288.0,0.0,30.0,-9999.0,-9999.0,-9999.0,0.0,1.0,-999.9,-999.9,-999.9,-5997.4,0.0,0.0,0.0,0.0,0.0,0.0,0.0,0.0,0.0,0.0,0.0,-5997.4,20.607521938072217,81.01346570000001,0.0,,103.75,1.127,53.312,0.579,4.625,0.05,0.875,0.01,0.5331199999999999,0.579,0.069375,0.075,0.021875,0.025,1.30337,137.671875,1.4959516155663817,223.171875,2.425000218492184,2.065078125,2.2439274233495725,7.811015625,8.487500764722643,20.607521938072217,1978157,,,0.5326472781597287,Advisory
172499,3289.0,4897.661801,ETH,Ethiopia,Amhara,3.406664591,0.0,0.37,0.88,3289.0,3289.0,0.0,30.0,-9999.0,-9999.0,-9999.0,0.0,1.0,-999.9,-999.9,-999.9,-5997.4,0.0,0.0,0.0,0.0,0.0,0.0,0.0,0.0,0.0,0.0,0.0,-5997.4,2.145175317448268,68.13329182000001,0.0,,6.312,0.129,5.188,0.106,0.75,0.015,0.375,0.008,0.0518799999999999,0.106,0.01125,0.0225,0.009375,0.02,0.2210049999999999,3.375,0.0689104339357097,18.703125,0.3818786547270579,0.050625,0.1033656509035645,0.654609375,1.336575291544703,2.145175317448268,1018621,,,0.0034843055932467,Information
172645,3338.0,6305.251005,ETH,Ethiopia,Gambela Peoples,4.104559135,0.0,0.37,0.88,3338.0,3338.0,0.0,29.0,-9999.0,-9999.0,-9999.0,0.0,1.0,-999.9,-999.9,-999.9,-5997.4,0.0,0.0,0.0,0.0,0.0,0.0,0.0,0.0,0.0,0.0,0.0,-5997.4,0.3363793886593091,82.09118269999999,0.0,,,,,,,,,,,,,,,,,0.140625,0.0022302839314519,3.65625,0.0579873822177518,0.002109375,0.0033454258971778,0.12796875,0.2029558377621313,0.3363793886593091,360934,,,3.5217909278516026e-05,Information
113000,106.0,3943.558329,YEM,Yemen,Hadramawt,4.101064827,0.0,0.31,0.96,106.0,,,,,,,,,,,,,,,,,,,,,,,,,7.552759541658477,82.02129654000001,0.0,,3.312,0.084,3.0,0.076,2.125,0.054,0.812,0.021,0.03,0.076,0.031875,0.081,0.0203,0.0525,0.291675,20.671875,0.5241934637088849,52.171875,1.3229644560271858,0.310078125,0.7862901955633272,1.826015625,4.63037559609515,7.552759541658477,69594,,,0.1928956981317854,Information
296002,5452.0,33717.5506,YEM,Yemen,Ma'rib,1.559425548,0.0,0.31,0.96,5452.0,,,,,,,,,,,,,,,,,,,,,,,,,1.361106634775637,31.18851096,0.0,,22.0,0.065,20.062,0.06,6.562,0.019,6.25,0.019,0.20062,0.06,0.09843,0.0284999999999999,0.15625,0.0475,0.5913,14.203125,0.0421238338745336,23.90625,0.0709015025610963,0.213046875,0.0631857508118003,0.83671875,0.248155258963837,1.361106634775637,1638313,,,4.371338657059188e-05,Information
296003,5453.0,21545.01574,YEM,Yemen,Sanaa,1.666817002,0.0,0.31,0.96,5453.0,,,,,,,,,,,,,,,,,,,,,,,,,0.9090278230639134,33.33634004,0.0,,12.875,0.06,7.0,0.032,0.125,0.001,0.0,0.0,0.07,0.032,0.001875,0.0015,0.0,0.0,0.105375,2.671875,0.0124013601658309,16.59375,0.0770189736614763,0.040078125,0.0186020402487463,0.58078125,0.269566407815167,0.9090278230639134,4492910,,,8.733109670097525e-06,Information
296201,5455.0,13016.14628,YEM,Yemen,Al Mahrah,4.011724305,0.0,0.31,0.96,5455.0,,,,,,,,,,,,,,,,,,,,,,,,,0.17475,80.23448610000001,0.0,,10.062,0.077,9.875,0.076,0.0,0.0,0.0,0.0,0.09875,0.076,0.0,0.0,0.0,0.0,0.17475,,,,,,,,,,12648,,,1.131827913240453e-06,Information
296300,5464.0,13258.12925,YEM,Yemen,Hadramawt,4.069337261,0.910466837,0.31,0.96,5464.0,,,,,,,,,,,,,,,,,,,,,,,,,12.150814478494173,81.38674522000001,18.20933674,,8.812,0.066,7.438,0.056,0.562,0.004,0.125,0.001,0.07438,0.056,0.00843,0.006,0.003125,0.0025,0.1504349999999999,92.953125,0.7011028724819102,158.0625,1.1921930842203738,1.394296875,1.0516543087228651,5.5321875,4.172675794771308,12.150814478494173,641376,,,0.3348798800139938,Information
296509,5474.0,43910.99708,YEM,Yemen,Dhamar,4.05052944,2.492871763,0.31,0.96,5474.0,,,,,,,,,,,,,,,,,,,,,,,,,13.222400805528462,81.0105888,49.85743526,,10.375,0.024,7.938,0.018,4.125,0.009,2.625,0.006,0.0793799999999999,0.018,0.061875,0.0134999999999999,0.065625,0.015,0.25338,106.03125,0.2414685546932767,262.265625,0.5972663852824417,1.59046875,0.362202832039915,9.179296875,2.090432348488546,13.222400805528462,11845245,,,0.3586875620669368,Advisory
114001,107.0,47029.38954,KEN,Kenya,Marsabit,3.129092186,0.0,0.42,0.81,107.0,,,,,,,,,,,,,,,,,,,,,,,,,17.320378135581507,62.58184372,0.0,,44.0,0.094,23.438,0.05,1.938,0.004,2.938,0.006,0.2343799999999999,0.05,0.02907,0.006,0.07345,0.015,0.4079,113.203125,0.2407071963072867,359.578125,0.7645817403201642,1.698046875,0.3610607944609301,12.585234375,2.676036091120575,17.320378135581507,244013,,,0.2205691880698201,Information
114224,114.0,66716.89672,KEN,Kenya,Wajir,3.494354063,0.0,0.42,0.81,114.0,,,,,,,,,,,,,,,,,,,,,,,,,1.33494,69.88708126,0.0,,369.062,0.553,115.812,0.174,0.188,0.0,0.0,0.0,1.15812,0.174,0.00282,0.0,0.0,0.0,1.33494,2.25,0.0033724590182115,6.890625,0.0103281557432729,0.03375,0.0050586885273172,0.241171875,0.0361485451014551,0.3161291086287724,1630809,,,0.0009164002454181,Information
114227,117.0,20809.36929,KEN,Kenya,Mandera,3.400739599,0.0,0.42,0.81,117.0,,,,,,,,,,,,,,,,,,,,,,,,,0.355,68.01479198,0.0,,43.938,0.211,24.0,0.115,0.0,0.0,0.0,0.0,0.24,0.115,0.0,0.0,0.0,0.0,0.355,,,,,,,,,,1065033,,,3.3831411706054934e-06,Information
114240,121.0,8596.235029,KEN,Kenya,Wajir,3.267148849,0.0,0.42,0.81,121.0,,,,,,,,,,,,,,,,,,,,,,,,,0.26062,65.34297698,0.0,,34.438,0.401,12.062,0.14,0.0,0.0,0.0,0.0,0.1206199999999999,0.14,0.0,0.0,0.0,0.0,0.26062,,,,,,,,,,127108,,,5.036876783829079e-07,Information
114250,122.0,3845.123385,KEN,Kenya,Garissa,4.051859888,0.0,0.42,0.81,122.0,,,,,,,,,,,,,,,,,,,,,,,,,0.216,81.03719776,0.0,,12.5,0.325,6.0,0.156,0.0,0.0,0.0,0.0,0.06,0.156,0.0,0.0,0.0,0.0,0.216,,,,,,,,,,487445,,,3.821349727203142e-06,Information
114260,123.0,5851.483129,KEN,Kenya,Garissa,2.123443586,0.0,0.42,0.81,123.0,,,,,,,,,,,,,,,,,,,,,,,,,0.1015,42.46887172,0.0,,24.25,0.414,3.75,0.064,0.0,0.0,0.0,0.0,0.0375,0.064,0.0,0.0,0.0,0.0,0.1015,,,,,,,,,,117594,,,1.1486569801371538e-10,Information
114284,128.0,12465.71089,KEN,Kenya,Marsabit,4.008459889,0.0,0.42,0.81,128.0,,,,,,,,,,,,,,,,,,,,,,,,,0.950379190822976,80.16919778,0.0,,36.25,0.291,20.625,0.165,1.0,0.008,0.0,0.0,0.20625,0.165,0.015,0.012,0.0,0.0,0.39825,1.6875,0.0135371341063352,14.34375,0.1150656399038495,0.0253125,0.0203057011595028,0.50203125,0.4027297396634732,0.950379190822976,72410,,,0.0011902537214607,Information
114290,134.0,22874.3362,KEN,Kenya,Isiolo,1.454697408,0.0,0.42,0.81,134.0,134.0,0.0,1.0,-9999.0,-9999.0,-9999.0,0.0,10.0,-999.9,-999.9,-999.9,-3952.8,0.0,0.0,0.0,0.0,0.0,0.0,0.0,0.0,0.0,0.0,0.0,-3952.8,0.5588125658695046,29.09394816,0.0,,8.688,0.038,5.312,0.023,0.188,0.001,2.438,0.011,0.05312,0.023,0.00282,0.0015,0.06095,0.0274999999999999,0.16889,4.921875,0.0215170178315828,9.0,0.0393454040348944,0.073828125,0.0322755267473741,0.315,0.1377089141221304,0.5588125658695046,1231888,,,6.385110734959748e-07,Information
114442,149.0,3260.851587,KEN,Kenya,Mandera,4.119044105,0.0,0.42,0.81,149.0,,,,,,,,,,,,,,,,,,,,,,,,,0.3555,82.38088210000001,0.0,,9.188,0.282,8.75,0.268,0.0,0.0,0.0,0.0,0.0875,0.268,0.0,0.0,0.0,0.0,0.3555,,,,,,,,,,292759,,,4.74617362199066e-05,Information
115205,214.0,16271.83964,KEN,Kenya,Narok,2.688643646,0.0,0.42,0.81,214.0,,,,,,,,,,,,,,,,,,,,,,,,,33.903839845803134,53.77287292,0.0,,131.188,0.806,128.25,0.788,125.438,0.771,117.438,0.722,1.2825,0.788,1.88157,1.1565,2.93595,1.805,9.84952,344.671875,2.118210864067536,452.25,2.7793415499148084,5.170078125,3.177316296101304,15.82875,9.72769542470183,33.903839845803134,639082,,,0.3782658341335693,Advisory
115208,217.0,3962.083402,KEN,Kenya,Kajiado,4.165452032,0.0,0.42,0.81,217.0,,,,,,,,,,,,,,,,,,,,,,,,,13.4492787074307,83.30904064,0.0,,30.062,0.759,30.062,0.759,28.938,0.73,25.438,0.642,0.30062,0.759,0.4340699999999999,1.095,0.63595,1.605,4.82964,46.40625,1.1712587871968057,89.15625,2.250236579038712,0.69609375,1.7568881807952086,3.12046875,7.875828026635491,13.4492787074307,67754,,,0.4145165802866659,Advisory
115209,218.0,5650.345026,KEN,Kenya,Kajiado,3.229137283,0.0,0.42,0.81,218.0,,,,,,,,,,,,,,,,,,,,,,,,,2.7167876599016583,64.58274566,0.0,,3.562,0.063,3.562,0.063,2.25,0.04,0.875,0.015,0.03562,0.063,0.03375,0.06,0.021875,0.0375,0.251745,8.296875,0.1468383782210722,24.46875,0.4330487764485857,0.124453125,0.2202575673316083,0.85640625,1.51567071757005,2.7167876599016583,282256,,,0.0051180631436794,Information
115300,219.0,27155.99605,KEN,Kenya,Baringo,4.176914355,0.0,0.42,0.81,219.0,,,,,,,,,,,,,,,,,,,,,,,,,16.492349747084184,83.5382871,0.0,,253.062,0.932,244.688,0.901,132.25,0.487,207.438,0.764,2.44688,0.901,1.98375,0.7304999999999999,5.18595,1.91,13.15808,72.84375,0.2682418640540872,313.171875,1.1532328788580155,1.09265625,0.4023627960811308,10.961015625,4.036315076003055,16.492349747084184,3381186,,,0.5007417798679129,Advisory
115421,221.0,2354.620583,KEN,Kenya,Marsabit,4.435171848,0.0,0.42,0.81,221.0,,,,,,,,,,,,,,,,,,,,,,,,,6.640694805543163,88.70343696,0.0,,5.5,0.234,5.25,0.223,3.625,0.154,2.812,0.119,0.0525,0.223,0.054375,0.2309999999999999,0.0702999999999999,0.2975,0.928675,11.53125,0.4897285822828214,31.21875,1.32585055203398,0.17296875,0.7345928734242321,1.09265625,4.64047693211893,6.640694805543163,9738,,,0.2976117139817708,Information
115422,222.0,5081.293042,KEN,Kenya,Marsabit,4.525100317,0.0,0.42,0.81,222.0,,,,,,,,,,,,,,,,,,,,,,,,,11.358872143658006,90.50200634,0.0,,16.75,0.33,9.438,0.186,7.062,0.139,5.812,0.114,0.09438,0.186,0.10593,0.2085,0.1453,0.285,1.0251100000000002,37.265625,0.7333886216036641,93.375,1.83762281035786,0.558984375,1.100082932405496,3.268125,6.43167983625251,11.358872143658006,10449,,,0.5709991685930845,Advisory
115423,223.0,164.5021586,KEN,Kenya,Marsabit,4.966232746,0.0,0.42,0.81,223.0,,,,,,,,,,,,,,,,,,,,,,,,,30.67268201236732,99.32465492,0.0,3.0,2.875,1.748,2.875,1.748,2.562,1.558,2.312,1.406,0.02875,1.748,0.03843,2.337,0.0577999999999999,3.515,7.72498,7.171875,4.359745223458169,11.109375,6.753330836337162,0.107578125,6.5396178351872525,0.388828125,23.636657927180067,30.67268201236732,708,80.0,11.3,0.9999321573485936,Warning
115424,224.0,23227.8565,KEN,Kenya,West Pokot,4.0011769,0.0,0.42,0.81,224.0,224.0,0.0,1.0,-9999.0,-9999.0,-9999.0,0.0,10.0,-999.9,-999.9,-999.9,-5979.4,0.0,0.0,0.0,0.0,0.0,0.0,0.0,0.0,0.0,0.0,0.0,-5979.4,2.11627190856273,80.023538,0.0,,45.375,0.195,41.562,0.179,11.75,0.051,12.625,0.054,0.41562,0.179,0.17625,0.0765,0.315625,0.135,1.297995,4.78125,0.0205841206189475,40.21875,0.1731487793240883,0.07171875,0.0308761809284212,1.40765625,0.606020727634309,2.11627190856273,1309038,,,0.0123873190638572,Information
115425,225.0,270.7411006,KEN,Kenya,Marsabit,4.776440424,0.0,0.42,0.81,225.0,,,,,,,,,,,,,,,,,,,,,,,,,49.40432382136581,95.52880848,0.0,3.0,4.812,1.778,4.625,1.708,5.625,2.078,4.875,1.801,0.04625,1.708,0.084375,3.117,0.121875,4.5025,9.579999999999998,23.203125,8.570226297577204,34.3125,12.673546767326288,0.348046875,12.855339446365806,1.2009375,35.0,49.40432382136581,6864,849.0,12.37,0.9918556782032616,Warning
115426,226.0,3550.141884,KEN,Kenya,Turkana,3.771902419,0.0,0.42,0.81,226.0,,,,,,,,,,,,,,,,,,,,,,,,,4.581041154180164,75.43804838,0.0,,4.125,0.116,3.875,0.109,0.5,0.014,0.562,0.016,0.03875,0.109,0.0075,0.021,0.01405,0.04,0.2303,1.265625,0.0356499836117416,33.75,0.9506662296464432,0.018984375,0.0534749754176124,1.18125,3.327331803762551,4.581041154180164,54733,,,0.0465494968699388,Information
115427,227.0,2006.514543,KEN,Kenya,Turkana,4.134944561,0.0,0.42,0.81,227.0,,,,,,,,,,,,,,,,,,,,,,,,,7.173507595941466,82.69889122000001,0.0,,7.125,0.355,5.375,0.268,4.125,0.206,5.25,0.262,0.05375,0.268,0.061875,0.309,0.13125,0.655,1.478875,12.65625,0.6307579500114158,28.828125,1.436726441692669,0.18984375,0.9461369250171237,1.008984375,5.028542545924342,7.173507595941466,32349,,,0.1893278670278663,Information
115429,229.0,9962.252449,KEN,Kenya,Baringo,1.054080705,0.0,0.42,0.81,229.0,229.0,0.0,1.0,-9999.0,-9999.0,-9999.0,0.0,10.0,-999.9,-999.9,-999.9,-5979.4,0.0,0.0,0.0,0.0,0.0,0.0,0.0,0.0,0.0,0.0,0.0,-5979.4,0.1282111904984603,21.081614100000003,0.0,,,,,,,,,,,,,,,,,0.0,0.0,1.828125,0.0183505187138458,0.0,0.0,0.063984375,0.0642268154984603,0.1282111904984603,679041,,,6.703123151219073e-11,Information
115430,230.0,15708.31214,KEN,Kenya,Turkana,4.059794484,0.0,0.42,0.81,230.0,,,,,,,,,,,,,,,,,,,,,,,,,14.712189626776638,81.19588968000001,0.0,,41.0,0.261,30.625,0.195,21.0,0.134,19.688,0.125,0.30625,0.195,0.315,0.201,0.4921999999999999,0.3125,1.82195,67.078125,0.4270231226198602,228.09375,1.4520576622419568,1.006171875,0.6405346839297903,7.98328125,5.082201817846848,14.712189626776638,147727,,,0.4030737115473013,Advisory
115509,253.0,6482.066266,KEN,Kenya,Turkana,4.164740964,0.0,0.42,0.81,253.0,,,,,,,,,,,,,,,,,,,,,,,,,0.14975,83.29481928,0.0,,6.938,0.107,5.875,0.091,0.0,0.0,0.0,0.0,0.05875,0.091,0.0,0.0,0.0,0.0,0.14975,,,,,,,,,,206705,,,1.2114837561038491e-06,Information
117104,299.0,11246.31515,KEN,Kenya,Garissa,3.316705607,0.0,0.42,0.81,299.0,,,,,,,,,,,,,,,,,,,,,,,,,1.1808851750342102,66.33411214,0.0,,126.125,1.121,60.875,0.541,0.125,0.001,0.0,0.0,0.60875,0.541,0.001875,0.0015,0.0,0.0,1.1531250000000002,5.90625,0.0525172015780356,15.328125,0.1362946421906162,0.08859375,0.0787758023670534,0.536484375,0.4770312476671567,1.1808851750342102,98719,,,0.0004037358485845,Information
117106,301.0,5751.791917,KEN,Kenya,Garissa,3.630420154,0.0,0.42,0.81,301.0,,,,,,,,,,,,,,,,,,,,,,,,,1.46012,72.60840308,0.0,,86.0,1.495,53.312,0.927,0.0,0.0,0.0,0.0,0.5331199999999999,0.927,0.0,0.0,0.0,0.0,1.46012,2.25,0.0391182440628988,9.140625,0.1589178665055265,0.03375,0.0586773660943482,0.319921875,0.5562125327693428,0.968561773863691,67983,,,0.00168546527461,Information
117107,302.0,450.9320757,KEN,Kenya,Lamu,4.371391733,1.388609834,0.42,0.81,302.0,,,,,,,,,,,,,,,,,,,,,,,,,33.25978526694894,87.42783466,27.77219668,3.0,13.438,2.98,12.688,2.814,1.062,0.236,1.062,0.236,0.12688,2.814,0.01593,0.354,0.02655,0.59,3.92736,7.734375,1.7151973471898008,37.6875,8.35768889176121,0.116015625,2.5727960207847014,1.3190625,29.25191112116424,33.25978526694894,18789,4.0,0.02,0.8346894875801087,Warning
117108,303.0,9822.302911,KEN,Kenya,Garissa,3.5601761,0.0,0.42,0.81,303.0,,,,,,,,,,,,,,,,,,,,,,,,,3.181055,71.203522,0.0,,161.062,1.64,146.25,1.489,6.562,0.067,0.625,0.006,1.4625,1.489,0.09843,0.1005,0.015625,0.015,3.181055,0.84375,0.0085901443650333,6.75,0.0687211549202665,0.01265625,0.0128852165475499,0.23625,0.2405240422209327,0.5023155087684826,102110,,,0.0137959582133602,Information
117109,304.0,3194.208429,KEN,Kenya,Lamu,4.287860191,1.191895828,0.42,0.81,304.0,,,,,,,,,,,,,,,,,,,,,,,,,8.965804363952387,85.75720382,23.83791656,,4.0,0.125,4.0,0.125,0.0,0.0,0.312,0.01,0.04,0.125,0.0,0.0,0.0078,0.025,0.1978,8.859375,0.2773574485286689,58.21875,1.822634661759824,0.132890625,0.4160361727930033,2.03765625,6.379221316159383,8.965804363952387,114686,,,0.3217418863910051,Information
117201,305.0,2070.586695,KEN,Kenya,Lamu,4.375618141,0.0,0.42,0.81,305.0,,,,,,,,,,,,,,,,,,,,,,,,,43.54263247958048,87.51236282,0.0,3.0,5.312,0.257,4.062,0.196,0.0,0.0,0.0,0.0,0.04062,0.196,0.0,0.0,0.0,0.0,0.23662,71.71875,3.4636922071610745,182.671875,8.822227798239677,1.07578125,5.195538310741612,6.393515625,30.877797293838867,43.54263247958048,61416,9216.0,15.01,0.8941677165162758,Warning
117202,306.0,7822.225682,KEN,Kenya,Tana River,3.719580431,0.0,0.42,0.81,306.0,,,,,,,,,,,,,,,,,,,,,,,,,0.2643309890830847,74.39160862,0.0,,17.25,0.221,10.438,0.133,0.0,0.0,0.0,0.0,0.10438,0.133,0.0,0.0,0.0,0.0,0.23738,0.84375,0.0107865719333152,2.953125,0.0377530017666034,0.01265625,0.0161798578999728,0.103359375,0.1321355061831119,0.2643309890830847,4542,,,2.3985241601078323e-06,Information
117203,307.0,4842.048556,KEN,Kenya,Tana River,4.026444102,0.0,0.42,0.81,307.0,307.0,0.0,1.0,-9999.0,-9999.0,-9999.0,0.0,10.0,-999.9,-999.9,-999.9,-5979.4,0.0,0.0,0.0,0.0,0.0,0.0,0.0,0.0,0.0,0.0,0.0,-5979.4,6.187716963585426,80.52888204,0.0,,9.062,0.187,6.312,0.13,0.0,0.0,0.0,0.0,0.06312,0.13,0.0,0.0,0.0,0.0,0.19312,19.40625,0.4007859437302604,49.359375,1.01939033514001,0.29109375,0.6011789155953906,1.727578125,3.567866172990035,6.187716963585426,36679,,,0.125821862969213,Information
117204,308.0,12962.71742,KEN,Kenya,Kitui,2.821141278,0.0,0.42,0.81,308.0,,,,,,,,,,,,,,,,,,,,,,,,,0.48475,56.42282555999999,0.0,,60.062,0.463,27.375,0.211,0.0,0.0,0.0,0.0,0.27375,0.211,0.0,0.0,0.0,0.0,0.48475,0.421875,0.0032545259319448,2.25,0.0173574716370393,0.006328125,0.0048817888979171,0.07875,0.0607511507296375,0.1507110646275547,529546,,,3.4192287839722318e-06,Information
117205,309.0,6260.108688,KEN,Kenya,Tana River,4.090031084,0.0,0.42,0.81,309.0,,,,,,,,,,,,,,,,,,,,,,,,,1.7276877221033309,81.80062167999999,0.0,,40.562,0.648,22.0,0.351,0.0,0.0,0.0,0.0,0.22,0.351,0.0,0.0,0.0,0.0,0.571,8.578125,0.1370283716666029,15.328125,0.244853975600979,0.128671875,0.2055425574999043,0.536484375,0.8569889146034264,1.7276877221033309,113666,,,0.0092712396232543,Information
117206,310.0,13428.34117,KEN,Kenya,Kitui,3.625193274,0.0,0.42,0.81,310.0,,,,,,,,,,,,,,,,,,,,,,,,,0.268555,72.50386548,0.0,,41.062,0.306,14.438,0.108,0.125,0.001,0.312,0.002,0.14438,0.108,0.001875,0.0015,0.0078,0.005,0.268555,,,,,,,,,,423987,,,1.8394424137499847e-06,Information
117207,311.0,1925.744804,KEN,Kenya,Tana River,4.052674257,0.0,0.42,0.81,311.0,311.0,0.0,1.0,-9999.0,-9999.0,-9999.0,0.0,10.0,-999.9,-999.9,-999.9,-5979.4,0.0,0.0,0.0,0.0,0.0,0.0,0.0,0.0,0.0,0.0,0.0,-5979.4,-5979.4,81.05348513999999,0.0,,,,,,,,,,,,,,,,,,,,,,,,,,49264,,,,
117208,312.0,5615.85767,KEN,Kenya,Tana River,3.603509929,0.0,0.42,0.81,312.0,,,,,,,,,,,,,,,,,,,,,,,,,0.3825,72.07019858,0.0,,27.062,0.482,13.75,0.245,0.0,0.0,0.0,0.0,0.1375,0.245,0.0,0.0,0.0,0.0,0.3825,,,,,,,,,,32201,,,8.904701713608098e-06,Information
117209,313.0,40534.82439,KEN,Kenya,Kitui,2.518664527,0.0,0.42,0.81,313.0,313.0,0.0,1.0,-9999.0,-9999.0,-9999.0,0.0,10.0,-999.9,-999.9,-999.9,-5979.4,0.0,0.0,0.0,0.0,0.0,0.0,0.0,0.0,0.0,0.0,0.0,-5979.4,3.518620048869675,50.37329054,0.0,,102.625,0.253,56.188,0.139,12.188,0.03,4.688,0.012,0.56188,0.139,0.18282,0.045,0.1171999999999999,0.03,1.0759,14.90625,0.036773935067357,74.25,0.1831758275053256,0.22359375,0.0551609026010355,2.59875,0.6411153962686396,3.518620048869675,6254616,,,0.0040669525466878,Information
117310,314.0,1485.368021,KEN,Kenya,Kilifi,4.188049495,4.00129474,0.42,0.81,314.0,,,,,,,,,,,,,,,,,,,,,,,,,31.65305169637908,83.7609899,80.02589479999999,3.0,9.125,0.614,7.688,0.518,0.125,0.008,0.0,0.0,0.07688,0.518,0.001875,0.012,0.0,0.0,0.608755,45.84375,3.086356334771411,97.3125,6.55140669834913,0.68765625,4.629534502157116,3.4059375,22.92992344422196,31.65305169637908,136512,2897.0,2.12,0.7477474735276434,Watch
117324,319.0,7242.387326,KEN,Kenya,Taita Taveta,0.646818318,0.0,0.42,0.81,319.0,319.0,0.0,12.0,-9999.0,-9999.0,-9999.0,0.0,1.0,-999.9,-999.9,-999.9,-5997.4,0.0,0.0,0.0,0.0,0.0,0.0,0.0,0.0,0.0,0.0,0.0,-5997.4,1.4998789110062254,12.93636636,0.0,,17.875,0.247,14.938,0.206,3.25,0.045,0.938,0.013,0.14938,0.206,0.04875,0.0675,0.02345,0.0325,0.52758,8.859375,0.1223267218602504,14.203125,0.196111093775957,0.132890625,0.1834900827903756,0.497109375,0.6863888282158496,1.4998789110062254,330640,,,2.440482254337284e-05,Information
117325,320.0,4222.56379,KEN,Kenya,Makueni,3.479467287,0.0,0.42,0.81,320.0,320.0,0.0,1.0,-9999.0,-9999.0,-9999.0,0.0,10.0,-999.9,-999.9,-999.9,-5979.4,0.0,0.0,0.0,0.0,0.0,0.0,0.0,0.0,0.0,0.0,0.0,-5979.4,0.118,69.58934574,0.0,,5.5,0.13,3.5,0.083,0.0,0.0,0.0,0.0,0.035,0.083,0.0,0.0,0.0,0.0,0.118,,,,,,,,,,257679,,,1.4131999305705834e-08,Information
117326,321.0,9219.895811,KEN,Kenya,Kajiado,2.024827183,0.0,0.42,0.81,321.0,,,,,,,,,,,,,,,,,,,,,,,,,0.135,40.49654366,0.0,,7.312,0.079,6.5,0.07,0.0,0.0,0.0,0.0,0.065,0.07,0.0,0.0,0.0,0.0,0.135,,,,,,,,,,571564,,,5.698142422507795e-10,Information
117329,324.0,7307.740959,KEN,Kenya,Machakos,1.195292836,0.0,0.42,0.81,324.0,324.0,0.0,1.0,-9999.0,-9999.0,-9999.0,0.0,10.0,-999.9,-999.9,-999.9,-5979.4,0.0,0.0,0.0,0.0,0.0,0.0,0.0,0.0,0.0,0.0,0.0,-5979.4,-5979.4,23.90585672,0.0,,,,,,,,,,,,,,,,,,,,,,,,,,7424361,,,,
117331,325.0,824.6292303,KEN,Kenya,Kilifi,4.294596692,0.0,0.42,0.81,325.0,,,,,,,,,,,,,,,,,,,,,,,,,11.694009958342235,85.89193384,0.0,,2.125,0.258,1.312,0.159,0.062,0.008,0.0,0.0,0.01312,0.159,0.0009299999999999,0.012,0.0,0.0,0.18505,8.859375,1.074346466851714,21.65625,2.6261802523041897,0.132890625,1.611519700277571,0.75796875,9.191630883064663,11.694009958342235,410892,,,0.4255676899092814,Advisory
117333,327.0,1384.847108,KEN,Kenya,Kilifi,4.262070059,0.0,0.42,0.81,327.0,,,,,,,,,,,,,,,,,,,,,,,,,14.404757520948092,85.24140118,0.0,,5.375,0.388,4.875,0.352,0.25,0.018,0.062,0.005,0.04875,0.352,0.00375,0.0269999999999999,0.00155,0.0125,0.44555,15.75,1.1373096648043228,43.3125,3.127601578211888,0.23625,1.7059644972064842,1.5159375,10.946605523741608,14.404757520948092,1639578,,,0.4903196788474783,Advisory
117335,329.0,111.0407123,KEN,Kenya,Kwale,3.215474581,0.0,0.42,0.81,329.0,,,,,,,,,,,,,,,,,,,,,,,,,16.32624616336578,64.30949162,0.0,,0.25,0.225,0.25,0.225,0.0,0.0,0.0,0.0,0.0025,0.225,0.0,0.0,0.0,0.0,0.2275,0.140625,0.1266427395165943,5.0625,4.5591386225973975,0.002109375,0.1899641092748914,0.1771875,15.956985179090893,16.32624616336578,25278,,,0.2170747375038699,Information
117348,341.0,5853.720852,KEN,Kenya,Taita Taveta,1.745161034,0.0,0.42,0.81,341.0,,,,,,,,,,,,,,,,,,,,,,,,,2.3156094509242227,34.903220680000004,0.0,,2.875,0.049,2.875,0.049,3.188,0.054,1.0,0.017,0.02875,0.049,0.04782,0.081,0.025,0.0425,0.27407,1.546875,0.0264254999344842,23.765625,0.4059917717207132,0.023203125,0.0396382499017263,0.831796875,1.4209712010224962,2.3156094509242227,924568,,,0.0004246568953509,Information
172972,3469.0,21393.61879,KEN,Kenya,Bungoma,3.17042827,0.0,0.42,0.81,3469.0,3469.0,0.0,1.0,-9999.0,-9999.0,-9999.0,0.0,10.0,-999.9,-999.9,-999.9,-5979.4,0.0,0.0,0.0,0.0,0.0,0.0,0.0,0.0,0.0,0.0,0.0,-5979.4,4.538826995677176,63.4085654,0.0,,,,,,,,,,,,,,,,,0.140625,0.000657322173529,88.3125,0.4127983249762521,0.002109375,0.0009859832602935,3.0909375,1.4447941374168822,4.538826995677176,10080462,,,0.0184374885727356,Information
172976,3473.0,28178.70432,KEN,Kenya,Homa Bay,4.031063648,0.0,0.42,0.81,3473.0,3473.0,0.0,1.0,-9999.0,-9999.0,-9999.0,0.0,10.0,-999.9,-999.9,-999.9,-5979.4,0.0,0.0,0.0,0.0,0.0,0.0,0.0,0.0,0.0,0.0,0.0,-5979.4,5.22051398844792,80.62127296,0.0,,16.188,0.057,12.938,0.046,3.5,0.012,0.25,0.001,0.12938,0.046,0.0525,0.018,0.00625,0.0025,0.2546299999999999,2.25,0.0079847532172141,109.125,0.3872605310348853,0.03375,0.0119771298258211,3.819375,1.3554118586220985,5.22051398844792,9147264,,,0.094830932651153,Information
117337,16039.0,3232.913481,KEN,Kenya,Kwale,4.151545344,0.07008373,0.42,0.81,16039.0,,,,,,,,,,,,,,,,,,,,,,,,,19.366202065137173,83.03090687999999,1.4016746,,17.188,0.532,16.75,0.518,1.625,0.05,1.125,0.035,0.1675,0.518,0.024375,0.075,0.028125,0.0875,0.9005,37.828125,1.1700939485501265,118.96875,3.679923719231996,0.567421875,1.7551409228251895,4.16390625,12.879733017311985,19.366202065137173,722699,,,0.552561539316964,Advisory
115101,207.0,60949.31151,TZA,Tanzania,Singida,4.003964525,0.0,0.44,0.78,207.0,,,,,,,,,,,,,,,,,,,,,,,,,13.13835741278009,80.0792905,0.0,,58.625,0.096,47.188,0.077,63.0,0.103,74.75,0.123,0.47188,0.077,0.945,0.1545,1.86875,0.3075,3.82463,52.875,0.0867524155501262,299.8125,0.4919046541299713,0.793125,0.1301286233251893,10.4934375,1.7216662894548995,13.13835741278009,3434223,,,0.3386230970901862,Information
115102,208.0,2416.151158,TZA,Tanzania,Manyara,4.006274477,0.0,0.44,0.78,208.0,,,,,,,,,,,,,,,,,,,,,,,,,16.935202092111574,80.12548953999999,0.0,,41.875,1.733,41.875,1.733,60.25,2.494,54.812,2.269,0.41875,1.733,0.90375,3.741000000000001,1.3703,5.6725,13.8393,44.15625,1.8275450130885569,75.234375,3.11381077070821,0.66234375,2.7413175196328354,2.633203125,10.898337697478736,16.935202092111574,143916,,,0.4364233606889264,Advisory
115103,209.0,907.9549632,TZA,Tanzania,Singida,4.065415868,0.0,0.44,0.78,209.0,,,,,,,,,,,,,,,,,,,,,,,,,13.709767469026788,81.30831735999999,0.0,,1.812,0.2,1.812,0.2,0.312,0.034,1.312,0.145,0.01812,0.2,0.00468,0.051,0.0328,0.3625,0.6691,0.28125,0.0309762060234794,32.484375,3.577751795711877,0.00421875,0.0464643090352191,1.136953125,12.52213128499157,13.709767469026788,135434,,,0.3782918418424313,Advisory
115201,210.0,4239.105947,TZA,Tanzania,Manyara,3.205123292,0.0,0.44,0.78,210.0,,,,,,,,,,,,,,,,,,,,,,,,,10.63040971323278,64.10246584000001,0.0,,8.125,0.192,7.562,0.178,6.75,0.159,2.312,0.055,0.07562,0.178,0.10125,0.2385,0.0577999999999999,0.1375,0.78867,15.75,0.3715406078125178,83.671875,1.9738094790040013,0.23625,0.5573109117187767,2.928515625,6.908333176514004,10.63040971323278,66998,,,0.1118116444232661,Information
115203,212.0,7961.236226,TZA,Tanzania,Manyara,4.038807724,0.0,0.44,0.78,212.0,,,,,,,,,,,,,,,,,,,,,,,,,6.883002133125872,80.77615448,0.0,,0.0,0.0,0.0,0.0,8.125,0.102,0.25,0.003,0.0,0.0,0.121875,0.153,0.00625,0.0075,0.2886249999999999,7.171875,0.0900849415369529,84.09375,1.0562900988058408,0.107578125,0.1351274123054293,2.94328125,3.697015345820443,6.883002133125872,731622,,,0.1521875016921215,Information
115204,213.0,4051.939166,TZA,Tanzania,Arusha,3.335608779,0.0,0.44,0.78,213.0,,,,,,,,,,,,,,,,,,,,,,,,,1.7458981573735652,66.71217558000001,0.0,,2.562,0.063,2.562,0.063,2.625,0.065,4.25,0.105,0.0256199999999999,0.063,0.039375,0.0975,0.10625,0.2625,0.594245,0.421875,0.0104116814863706,14.203125,0.3505266100411455,0.006328125,0.0156175222295559,0.497109375,1.2268431351440092,1.7458981573735652,23327,,,0.0015995859170405,Information
115207,216.0,5736.218295,TZA,Tanzania,Arusha,2.283363845,0.0,0.44,0.78,216.0,,,,,,,,,,,,,,,,,,,,,,,,,2.457404612309787,45.6672769,0.0,,8.25,0.144,3.875,0.068,4.625,0.081,0.688,0.012,0.03875,0.068,0.069375,0.1215,0.0171999999999999,0.03,0.344825,0.0,0.0,25.59375,0.4461781035170819,0.0,0.0,0.89578125,1.5616233623097868,2.457404612309787,123052,,,0.0009806826041718,Information
116001,285.0,2987.184124,TZA,Tanzania,Rukwa,0.832121379,0.0,0.44,0.78,285.0,,,,,,,,,,,,,,,,,,,,,,,,,16.04888438565499,16.64242758,0.0,,16.625,0.557,11.5,0.385,24.375,0.816,24.25,0.812,0.115,0.385,0.365625,1.224,0.60625,2.03,4.725875,0.0,0.0,105.46875,3.5307080387585685,0.0,0.0,3.69140625,12.35747813565499,16.04888438565499,142044,,,0.0497276460454016,Information
116002,286.0,33088.25111,TZA,Tanzania,Mbeya,3.176946815,0.0,0.44,0.78,286.0,,,,,,,,,,,,,,,,,,,,,,,,,7.804786634317123,63.5389363,0.0,,50.188,0.152,49.5,0.15,73.125,0.221,78.062,0.236,0.495,0.15,1.096875,0.3315,1.95155,0.59,4.614925,10.40625,0.0314499849693728,166.78125,0.5040497591037326,0.15609375,0.0471749774540592,5.83734375,1.7641741568630642,7.804786634317123,2320219,,,0.0615966319309446,Information
116003,287.0,2827.772205,TZA,Tanzania,Mbeya,0.087163887,0.0,0.44,0.78,287.0,,,,,,,,,,,,,,,,,,,,,,,,,4.175216537953327,1.74327774,0.0,,6.875,0.243,6.875,0.243,12.062,0.427,11.0,0.389,0.06875,0.243,0.18093,0.6405,0.275,0.9725,2.38068,0.0,0.0,26.296875,0.9299502608438076,0.0,0.0,0.920390625,3.2548259129533266,4.175216537953327,29739,,,0.0007931411506725,Information
116004,288.0,18167.49051,TZA,Tanzania,Katavi,2.556398352,0.0,0.44,0.78,288.0,,,,,,,,,,,,,,,,,,,,,,,,,14.361619410182158,51.12796704,0.0,,81.125,0.447,79.75,0.439,127.5,0.702,99.5,0.548,0.7975,0.439,1.9125,1.053,2.4875,1.37,8.0595,0.0,0.0,264.65625,1.4567573314806166,0.0,0.0,9.26296875,5.098650660182158,14.361619410182158,963976,,,0.1103543178351994,Information
116005,289.0,3002.265173,TZA,Tanzania,Katavi,4.03916292,0.0,0.44,0.78,289.0,,,,,,,,,,,,,,,,,,,,,,,,,6.330776763789387,80.7832584,0.0,,28.812,0.96,28.812,0.96,29.75,0.991,28.0,0.933,0.28812,0.96,0.44625,1.4865,0.7,2.3325,6.213369999999999,0.0,0.0,41.765625,1.3911371110826818,0.0,0.0,1.461796875,4.8689798887893865,6.330776763789387,311,,,0.1334221969838919,Information
117320,315.0,8368.755668,TZA,Tanzania,Arusha,1.700552058,0.0,0.44,0.78,315.0,,,,,,,,,,,,,,,,,,,,,,,,,0.5509594099004489,34.01104116,0.0,,5.125,0.061,5.125,0.061,0.938,0.011,0.312,0.004,0.05125,0.061,0.01407,0.0165,0.0078,0.01,0.16062,0.0,0.0,7.171875,0.0856982242572711,0.0,0.0,0.251015625,0.2999437849004488,0.5509594099004489,255623,,,8.524645943855258e-07,Information
117339,332.0,3845.018717,TZA,Tanzania,Tanga,4.013815436,3.141807667,0.44,0.78,332.0,,,,,,,,,,,,,,,,,,,,,,,,,22.6974946624024,80.27630872,62.83615334,,27.188,0.707,23.375,0.608,3.438,0.089,3.688,0.096,0.23375,0.608,0.05157,0.1335,0.0922,0.24,1.35902,62.578125,1.627511583188861,153.28125,3.9864890464626015,0.938671875,2.441267374783292,5.36484375,13.952711662619103,22.6974946624024,601556,,,0.5558414658179227,Advisory
117340,333.0,3120.010892,TZA,Tanzania,Manyara,4.010816466,0.0,0.44,0.78,333.0,,,,,,,,,,,,,,,,,,,,,,,,,0.12862,80.21632932,0.0,,4.5,0.144,3.062,0.098,0.0,0.0,0.0,0.0,0.0306199999999999,0.098,0.0,0.0,0.0,0.0,0.12862,,,,,,,,,,18962,,,2.3799092167647893e-07,Information
117346,339.0,2196.520652,TZA,Tanzania,Kilimanjaro,4.044353928,0.0,0.44,0.78,339.0,339.0,0.0,1.0,-9999.0,-9999.0,-9999.0,0.0,10.0,-999.9,-999.9,-999.9,-5979.4,0.0,0.0,0.0,0.0,0.0,0.0,0.0,0.0,0.0,0.0,0.0,-5979.4,1.93648831580396,80.88707855999999,0.0,,,,,,,,,,,,,,,,,3.234375,0.1472499244495607,8.578125,0.3905324083227481,0.048515625,0.220874886674341,0.300234375,1.3668634291296184,1.93648831580396,211891,,,0.0110254945439343,Information
117347,340.0,6845.660004,TZA,Tanzania,Kilimanjaro,3.726609133,0.0,0.44,0.78,340.0,,,,,,,,,,,,,,,,,,,,,,,,,7.266989548378739,74.53218266,0.0,,21.625,0.316,18.5,0.27,4.438,0.065,0.312,0.005,0.185,0.27,0.06657,0.0975,0.0078,0.0125,0.63937,5.90625,0.0862772909675747,81.84375,1.1955567462649646,0.08859375,0.129415936451362,2.86453125,4.184448611927376,7.266989548378739,208546,,,0.1049076499417609,Information
117349,342.0,6650.982379,TZA,Tanzania,Arusha,2.404096249,0.0,0.44,0.78,342.0,,,,,,,,,,,,,,,,,,,,,,,,,3.4026592326860774,48.08192498,0.0,,15.0,0.226,15.0,0.226,12.938,0.195,6.5,0.098,0.15,0.226,0.19407,0.2925,0.1625,0.245,1.27007,12.515625,0.1881770885505027,33.46875,0.503215135674378,0.187734375,0.282265632825754,1.17140625,1.7612529748603232,3.4026592326860774,1788363,,,0.0032140058729959,Information
117350,343.0,7794.801531,TZA,Tanzania,Tanga,2.704172085,0.920494658,0.44,0.78,343.0,,,,,,,,,,,,,,,,,,,,,,,,,5.028992888476995,54.0834417,18.40989316,,8.312,0.107,6.938,0.089,0.812,0.01,0.625,0.008,0.06938,0.089,0.01218,0.015,0.015625,0.02,0.221185,27.421875,0.351796962258547,51.1875,0.6566876628826213,0.411328125,0.5276954433878205,1.7915625,2.2984068200891743,5.028992888476995,440151,,,0.0134969483016594,Information
117361,345.0,7069.368044,TZA,Tanzania,Pwani,3.845662079,2.068423624,0.44,0.78,345.0,,,,,,,,,,,,,,,,,,,,,,,,,1.5143778345757086,76.91324157999999,41.36847248,,9.25,0.131,9.25,0.131,4.688,0.066,4.625,0.065,0.0925,0.131,0.07032,0.099,0.115625,0.1625,0.6709449999999999,6.046875,0.0855362878626804,15.328125,0.2168245436519108,0.090703125,0.1283044317940206,0.536484375,0.7588859027816879,1.5143778345757086,215420,,,0.0032223407891319,Information
117363,347.0,1673.309586,TZA,Tanzania,Morogoro,4.024198147,0.0,0.44,0.78,347.0,,,,,,,,,,,,,,,,,,,,,,,,,0.5837100968332649,80.48396294,0.0,,1.688,0.101,1.5,0.09,0.25,0.015,0.25,0.015,0.015,0.09,0.00375,0.0225,0.00625,0.0375,0.175,0.0,0.0,2.390625,0.1428680633809328,0.0,0.0,0.083671875,0.5000382218332649,0.5837100968332649,123908,,,0.0002244012913766,Information
117367,351.0,8745.3565,TZA,Tanzania,Dodoma,4.023512637,0.0,0.44,0.78,351.0,351.0,0.0,1.0,-9999.0,-9999.0,-9999.0,0.0,10.0,-999.9,-999.9,-999.9,-5979.4,0.0,0.0,0.0,0.0,0.0,0.0,0.0,0.0,0.0,0.0,0.0,-5979.4,0.738490318454144,80.47025273999999,0.0,,,,,,,,,,,,,,,,,0.984375,0.0112559733844041,9.421875,0.1077357452507251,0.014765625,0.0168839600766061,0.329765625,0.3770751083775379,0.738490318454144,674840,,,0.000528148890932,Information
117370,354.0,244.7383548,TZA,Tanzania,Pwani,4.093755374,0.666473469,0.44,0.78,354.0,,,,,,,,,,,,,,,,,,,,,,,,,41.14703502084559,81.87510748,13.32946938,3.0,2.938,1.2,2.875,1.175,0.375,0.153,0.375,0.153,0.02875,1.175,0.005625,0.2294999999999999,0.009375,0.3825,1.83075,14.34375,5.860850872140559,21.9375,8.963654275038502,0.21515625,8.791276308210838,0.7678125,31.37278996263476,41.14703502084559,3608,593.0,16.44,0.7938536356386398,Watch
117390,356.0,7798.726748,TZA,Tanzania,Pwani,1.53099174,2.564522546,0.44,0.78,356.0,,,,,,,,,,,,,,,,,,,,,,,,,14.874098522449424,30.6198348,51.29045092,,23.5,0.301,18.5,0.237,2.375,0.03,2.688,0.034,0.185,0.237,0.035625,0.045,0.0672,0.085,0.654825,59.765625,0.7663510586721338,160.59375,2.059230374126064,0.896484375,1.1495265880082006,5.62078125,7.207306309441224,14.874098522449424,7438014,,,0.1177610537826586,Information
117400,357.0,27001.25569,TZA,Tanzania,Dodoma,4.004918565,0.0,0.44,0.78,357.0,,,,,,,,,,,,,,,,,,,,,,,,,12.199247708469102,80.0983713,0.0,,54.562,0.202,34.688,0.128,38.875,0.144,46.625,0.173,0.34688,0.128,0.583125,0.2159999999999999,1.165625,0.4325,2.8721300000000003,47.8125,0.1770750980774812,233.859375,0.86610555324368,0.7171875,0.2656126471162218,8.185078125,3.03136943635288,12.199247708469102,1433514,,,0.3122696111377137,Information
117410,358.0,5675.737095,TZA,Tanzania,Pwani,3.977674255,0.0,0.44,0.78,358.0,,,,,,,,,,,,,,,,,,,,,,,,,29.3137485302412,79.5534851,0.0,3.0,9.875,0.174,9.312,0.164,0.625,0.011,2.875,0.051,0.09312,0.164,0.009375,0.0165,0.071875,0.1275,0.48237,27.703125,0.4880973966323307,291.375,5.133694445797915,0.415546875,0.732146094948496,10.198125,17.967930560292704,29.3137485302412,111598,5481.0,4.91,0.6406677350530509,Watch
117420,359.0,8245.088392,TZA,Tanzania,Lindi,3.750999987,0.0,0.44,0.78,359.0,,,,,,,,,,,,,,,,,,,,,,,,,2.508119548397288,75.01999974,0.0,,3.5,0.042,3.312,0.04,0.25,0.003,1.375,0.017,0.03312,0.04,0.00375,0.0045,0.034375,0.0425,0.158245,0.421875,0.0051166825622727,32.203125,0.3905734355868226,0.006328125,0.007675023843409,1.127109375,1.3670070245538792,2.508119548397288,3929,,,0.0107654737128237,Information
117430,360.0,5317.828603,TZA,Tanzania,Pwani,4.018335915,0.0,0.44,0.78,360.0,,,,,,,,,,,,,,,,,,,,,,,,,35.84830915206736,80.3667183,0.0,3.0,75.938,1.428,75.938,1.428,64.625,1.215,67.0,1.26,0.75938,1.428,0.969375,1.8225,1.675,3.15,9.804255,202.640625,3.810589624364865,268.734375,5.053460633005731,3.039609375,5.715884436547297,9.405703125,17.68711221552006,35.84830915206736,16738,1029.0,6.15,0.7264363048300667,Watch
117441,361.0,6348.255296,TZA,Tanzania,Lindi,2.463563036,0.0,0.44,0.78,361.0,,,,,,,,,,,,,,,,,,,,,,,,,91.8809375,49.27126072,0.0,3.0,701.438,11.049,690.625,10.879,605.562,9.539,655.562,10.327,6.90625,10.0,9.08343,14.3085,16.38905,25.0,81.68723,723.234375,11.39264792089994,886.640625,13.96668192519427,10.848515625,15.0,31.032421875,35.0,91.8809375,487,130.0,26.69,0.7237442717772588,Warning
117442,362.0,25500.22368,TZA,Tanzania,Ruvuma,2.417885796,0.0,0.44,0.78,362.0,,,,,,,,,,,,,,,,,,,,,,,,,0.9406824182913024,48.35771592,0.0,,2.312,0.009,2.312,0.009,0.75,0.003,1.938,0.008,0.0231199999999999,0.009,0.01125,0.0045,0.04845,0.02,0.1163199999999999,5.34375,0.0209556985329229,17.015625,0.0667273558548337,0.08015625,0.0314335477993843,0.595546875,0.2335457454919179,0.9406824182913024,94668,,,3.094446247467012e-05,Information
117443,363.0,1261.549225,TZA,Tanzania,Morogoro,4.000705416,0.0,0.44,0.78,363.0,,,,,,,,,,,,,,,,,,,,,,,,,2.6048011488689475,80.01410831999999,0.0,,2.938,0.233,2.938,0.233,0.438,0.035,1.062,0.084,0.02938,0.233,0.00657,0.0525,0.02655,0.21,0.558,2.390625,0.1894991453290222,7.3125,0.5796444445358326,0.035859375,0.2842487179935333,0.2559375,2.0287555558754145,2.6048011488689475,28,,,0.0207914596220554,Information
117445,365.0,5156.310867,TZA,Tanzania,Morogoro,3.448234195,0.0,0.44,0.78,365.0,,,,,,,,,,,,,,,,,,,,,,,,,20.547581441844613,68.9646839,0.0,,36.0,0.698,34.0,0.659,12.5,0.242,18.062,0.35,0.34,0.659,0.1875,0.363,0.45155,0.875,2.87605,99.84375,1.936340778758736,156.9375,3.043600435344717,1.49765625,2.904511168138104,5.4928125,10.652601523706508,20.547581441844613,257474,,,0.340029528390782,Information
117446,366.0,5847.052773,TZA,Tanzania,Morogoro,3.304000303,0.0,0.44,0.78,366.0,,,,,,,,,,,,,,,,,,,,,,,,,36.82866747068581,66.08000606,0.0,,8.188,0.14,8.188,0.14,1.812,0.031,6.688,0.114,0.08188,0.14,0.02718,0.0465,0.1672,0.285,0.7477600000000001,102.65625,1.755692209055225,344.25,5.887581544886563,1.53984375,2.6335383135828376,12.04875,20.60653540710297,36.82866747068581,223514,,,0.5327847571556715,Advisory
117447,367.0,6037.585616,TZA,Tanzania,Morogoro,4.03035501,0.0,0.44,0.78,367.0,,,,,,,,,,,,,,,,,,,,,,,,,26.20950087794803,80.6071002,0.0,3.0,13.5,0.224,13.5,0.224,1.5,0.025,12.438,0.206,0.135,0.224,0.0225,0.0375,0.31095,0.515,1.2449500000000002,89.15625,1.476687133951265,243.703125,4.03643344343461,1.33734375,2.215030700926897,8.529609375,14.127517052021132,26.20950087794803,211531,1777.0,0.84,0.6183747103229246,Watch
117450,370.0,20204.64725,TZA,Tanzania,Iringa,4.009703976,0.0,0.44,0.78,370.0,,,,,,,,,,,,,,,,,,,,,,,,,17.16174434633538,80.19407952,0.0,,160.375,0.794,157.0,0.777,130.625,0.647,135.938,0.673,1.57,0.777,1.959375,0.9705,3.3984499999999995,1.6825,10.357825000000002,118.265625,0.5853387270647459,277.3125,1.3725183944966457,1.773984375,0.8780080905971188,9.7059375,4.80381438073826,17.16174434633538,691335,,,0.4430273519572798,Advisory
117460,371.0,27842.13072,TZA,Tanzania,Singida,3.220971128,0.0,0.44,0.78,371.0,,,,,,,,,,,,,,,,,,,,,,,,,3.876176993345898,64.41942256,0.0,,12.875,0.046,12.875,0.046,14.25,0.051,15.062,0.054,0.12875,0.046,0.21375,0.0765,0.37655,0.135,0.97655,34.59375,0.1242496500804196,66.65625,0.2394078623500768,0.51890625,0.1863744751206294,2.33296875,0.8379275182252688,3.876176993345898,196507,,,0.0133132352812356,Information
117470,372.0,3115.276391,TZA,Tanzania,Iringa,4.031940578,0.0,0.44,0.78,372.0,,,,,,,,,,,,,,,,,,,,,,,,,9.599759478445923,80.63881156000001,0.0,,21.062,0.676,21.062,0.676,21.5,0.69,22.75,0.73,0.21062,0.676,0.3225,1.035,0.56875,1.825,4.63787,7.3125,0.2347303764287315,62.015625,1.990694153943665,0.1096875,0.3520955646430972,2.170546875,6.967429538802828,9.599759478445923,32136,,,0.2414854040114227,Information
117490,374.0,29276.63044,TZA,Tanzania,Mbeya,4.003778479,0.0,0.44,0.78,374.0,,,,,,,,,,,,,,,,,,,,,,,,,7.949112904311228,80.07556958,0.0,,14.875,0.051,14.875,0.051,33.188,0.113,28.812,0.098,0.14875,0.051,0.49782,0.1695,0.7203,0.245,1.83237,62.296875,0.212787038918921,142.59375,0.4870565631236703,0.934453125,0.3191805583783815,4.99078125,1.704697970932846,7.949112904311228,941323,,,0.1790775232378363,Information
117501,375.0,3522.056422,TZA,Tanzania,Pwani,4.055619872,2.32965525,0.44,0.78,375.0,,,,,,,,,,,,,,,,,,,,,,,,,45.88024168673928,81.11239744000001,46.593105,3.0,40.0,1.136,35.75,1.015,4.438,0.126,4.875,0.138,0.3575,1.015,0.06657,0.189,0.121875,0.345,2.094945,57.09375,1.6210345080979227,316.96875,8.9995364070264,0.85640625,2.431551762146884,11.09390625,31.4983774245924,45.88024168673928,158410,3223.0,2.03,0.8126028668016179,Warning
117503,377.0,142.6565973,TZA,Tanzania,Lindi,1.885281426,0.0,0.44,0.78,377.0,,,,,,,,,,,,,,,,,,,,,,,,,23.945720771302742,37.70562852,0.0,,1.75,1.227,1.312,0.92,0.125,0.088,0.188,0.131,0.01312,0.92,0.001875,0.132,0.0046999999999999,0.3275,1.3991949999999995,0.140625,0.0985758826567964,9.5625,6.703160020662156,0.002109375,0.1478638239851946,0.3346875,23.461060072317547,23.945720771302742,22853,,,0.1695155449851734,Information
117504,378.0,4150.735731,TZA,Tanzania,Lindi,3.273601095,0.0,0.44,0.78,378.0,,,,,,,,,,,,,,,,,,,,,,,,,7.735447484137255,65.4720219,0.0,,12.188,0.294,8.375,0.202,0.562,0.014,1.125,0.027,0.08375,0.202,0.00843,0.021,0.028125,0.0675,0.410805,0.0,0.0,64.828125,1.5618466026106443,0.0,0.0,2.268984375,5.466463109137255,7.735447484137255,16909,,,0.0673324799340151,Information
117505,379.0,1626.104233,TZA,Tanzania,Lindi,4.006933991,0.0,0.44,0.78,379.0,,,,,,,,,,,,,,,,,,,,,,,,,25.09030504675867,80.13867982000001,0.0,,22.875,1.407,20.688,1.272,2.188,0.135,2.688,0.165,0.2068799999999999,1.272,0.03282,0.2025,0.0672,0.4125,2.1939,0.0,0.0,100.265625,6.166002334788191,0.0,0.0,3.509296875,21.58100817175867,25.09030504675867,35133,,,0.5923939239834844,Advisory
117507,381.0,1524.047224,TZA,Tanzania,Lindi,2.5315697,0.0,0.44,0.78,381.0,,,,,,,,,,,,,,,,,,,,,,,,,10.697126244229375,50.631394,0.0,,10.562,0.693,8.875,0.582,2.312,0.152,1.875,0.123,0.08875,0.582,0.03468,0.2279999999999999,0.046875,0.3075,1.287805,1.125,0.0738166102920825,39.9375,2.620489665368929,0.016875,0.1107249154381237,1.3978125,9.171713828791251,10.697126244229375,83152,,,0.0630901404430578,Information
117509,383.0,5676.392975,TZA,Tanzania,Mtwara,0.643721866,0.0,0.44,0.78,383.0,,,,,,,,,,,,,,,,,,,,,,,,,9.124554567565209,12.87443732,0.0,,20.312,0.358,19.938,0.351,2.875,0.051,2.5,0.044,0.19938,0.351,0.043125,0.0765,0.0625,0.1099999999999999,0.842505,3.375,0.0594567714924728,92.953125,1.6375385815218573,0.050625,0.0891851572387091,3.253359375,5.7313850353265,9.124554567565209,474538,,,0.0120233826338802,Information
117610,384.0,17905.45635,TZA,Tanzania,Mtwara,1.568122327,0.562989359,0.44,0.78,384.0,,,,,,,,,,,,,,,,,,,,,,,,,1.8431567293587263,31.36244654,11.25978718,,14.562,0.081,12.125,0.068,0.75,0.004,1.0,0.006,0.12125,0.068,0.01125,0.006,0.025,0.015,0.2465,1.40625,0.0078537512408885,33.1875,0.1853485292849696,0.02109375,0.0117806268613327,1.1615625,0.6487198524973936,1.8431567293587263,864999,,,0.0001488115539509,Information
132843,1341.0,4497.779301,TZA,Tanzania,Kigoma,4.004683926,0.0,0.44,0.78,1341.0,,,,,,,,,,,,,,,,,,,,,,,,,2.110015101344551,80.09367852,0.0,,4.188,0.093,2.375,0.053,3.062,0.068,0.875,0.019,0.02375,0.053,0.04593,0.102,0.021875,0.0475,0.294055,0.0,0.0,18.703125,0.4158302075270146,0.0,0.0,0.654609375,1.455405726344551,2.110015101344551,56932,,,0.0124051949082663,Information
132846,1344.0,4751.025673,TZA,Tanzania,Katavi,4.098437533,0.0,0.44,0.78,1344.0,,,,,,,,,,,,,,,,,,,,,,,,,0.9321702887634872,81.96875066000001,0.0,,4.938,0.104,4.938,0.104,4.062,0.086,1.375,0.029,0.04938,0.104,0.06093,0.129,0.034375,0.0725,0.450185,0.0,0.0,8.578125,0.1805531182181392,0.0,0.0,0.300234375,0.6319359137634872,0.9321702887634872,51083,,,0.0015265219863745,Information
132848,1346.0,6797.811938,TZA,Tanzania,Rukwa,4.002668609,0.0,0.44,0.78,1346.0,,,,,,,,,,,,,,,,,,,,,,,,,5.023011825418744,80.05337218,0.0,,1.5,0.022,1.5,0.022,8.062,0.119,3.312,0.049,0.015,0.022,0.12093,0.1785,0.0828,0.1225,0.54173,0.0,0.0,58.078125,0.8543649858339266,0.0,0.0,2.032734375,2.990277450418743,5.023011825418744,316278,,,0.0839426938810519,Information
132850,1348.0,5960.098504,TZA,Tanzania,Kigoma,4.242317525,0.0,0.44,0.78,1348.0,,,,,,,,,,,,,,,,,,,,,,,,,2.227406149542952,84.8463505,0.0,,0.25,0.004,0.25,0.004,5.188,0.087,1.062,0.018,0.0025,0.004,0.07782,0.1305,0.02655,0.045,0.28637,0.0,0.0,23.765625,0.398745507012272,0.0,0.0,0.831796875,1.395609274542952,2.227406149542952,101863,,,0.0275933356257552,Information
132864,1352.0,3568.790728,TZA,Tanzania,Kigoma,3.529072898,0.0,0.44,0.78,1352.0,,,,,,,,,,,,,,,,,,,,,,,,,0.6362525842105072,70.58145796,0.0,,0.062,0.002,0.062,0.002,3.312,0.093,1.062,0.03,0.00062,0.002,0.04968,0.1395,0.02655,0.075,0.29335,0.0,0.0,4.78125,0.1339739526315735,0.0,0.0,0.16734375,0.4689088342105072,0.6362525842105072,676395,,,6.30932718309197e-05,Information
132865,1353.0,8733.887805,TZA,Tanzania,Kigoma,4.133310475,0.0,0.44,0.78,1353.0,,,,,,,,,,,,,,,,,,,,,,,,,6.767198498472853,82.66620950000001,0.0,,20.625,0.236,19.875,0.228,7.5,0.086,1.688,0.019,0.19875,0.228,0.1125,0.129,0.0421999999999999,0.0475,0.75795,0.0,0.0,90.140625,1.032079035277958,0.0,0.0,3.154921875,3.612276623472853,6.767198498472853,922978,,,0.1734624733636785,Information
132870,1358.0,13500.23015,TZA,Tanzania,Katavi,4.080085204,0.0,0.44,0.78,1358.0,,,,,,,,,,,,,,,,,,,,,,,,,2.5531585618442323,81.60170408,0.0,,2.5,0.019,1.875,0.014,8.188,0.061,1.125,0.008,0.01875,0.014,0.12282,0.0915,0.028125,0.02,0.295195,0.0,0.0,41.90625,0.3104113748126377,0.0,0.0,1.46671875,1.086439811844232,2.5531585618442323,634794,,,0.0241382276111962,Information
132881,1359.0,1018.973385,TZA,Tanzania,Kigoma,4.235592758,0.0,0.44,0.78,1359.0,,,,,,,,,,,,,,,,,,,,,,,,,29.858757696103705,84.71185516,0.0,3.0,3.25,0.319,1.938,0.19,2.0,0.196,0.562,0.055,0.0193799999999999,0.19,0.03,0.294,0.01405,0.1375,0.68493,0.0,0.0,78.890625,7.742167377458202,0.0,0.0,2.761171875,27.097585821103703,29.858757696103705,25317,1448.0,5.72,0.7483799855250685,Watch
132883,1361.0,4470.000643,TZA,Tanzania,Kigoma,4.30521022,0.0,0.44,0.78,1361.0,,,,,,,,,,,,,,,,,,,,,,,,,69.251328125,86.1042044,0.0,3.0,15.688,0.351,15.375,0.344,9.375,0.21,24.625,0.551,0.15375,0.344,0.140625,0.315,0.615625,1.3775000000000002,2.9465000000000003,0.0,0.0,978.609375,21.8928240342248,0.0,0.0,34.251328125,35.0,69.251328125,67963,3196.0,4.7,0.945880181338478,Warning
132884,1362.0,17357.45412,TZA,Tanzania,Tabora,2.565792785,0.0,0.44,0.78,1362.0,,,,,,,,,,,,,,,,,,,,,,,,,3.894251093883166,51.3158557,0.0,,5.562,0.032,3.312,0.019,4.812,0.028,8.25,0.048,0.03312,0.019,0.07218,0.042,0.20625,0.12,0.49255,0.0,0.0,70.59375,0.4067056696809045,0.0,0.0,2.47078125,1.4234698438831657,3.894251093883166,1231540,,,0.0057709044461374,Information
132886,1364.0,7175.061193,TZA,Tanzania,Shinyanga,1.508647739,0.0,0.44,0.78,1364.0,,,,,,,,,,,,,,,,,,,,,,,,,7.928998355463778,30.17295478,0.0,,5.062,0.071,3.438,0.048,0.688,0.01,0.0,0.0,0.03438,0.048,0.01032,0.015,0.0,0.0,0.1077,0.0,0.0,94.640625,1.3190218515610794,0.0,0.0,3.312421875,4.616576480463778,7.928998355463778,537206,,,0.0147965329817366,Information
132887,1365.0,463.5071719,TZA,Tanzania,Geita,4.316283431,0.0,0.44,0.78,1365.0,,,,,,,,,,,,,,,,,,,,,,,,,41.811875,86.32566861999999,0.0,3.0,1.062,0.229,1.062,0.229,0.0,0.0,0.0,0.0,0.01062,0.229,0.0,0.0,0.0,0.0,0.23962,0.0,0.0,194.625,41.98964153933569,0.0,0.0,6.811875,35.0,41.811875,90,90.0,100.0,0.8681438701492226,Warning
132889,1367.0,12851.80707,TZA,Tanzania,Kigoma,2.347014446,0.0,0.44,0.78,1367.0,,,,,,,,,,,,,,,,,,,,,,,,,1.417757475033025,46.94028892,0.0,,7.188,0.056,6.938,0.054,2.562,0.02,0.125,0.001,0.06938,0.054,0.03843,0.03,0.003125,0.0025,0.1974349999999999,0.0,0.0,22.78125,0.17726106429515,0.0,0.0,0.79734375,0.620413725033025,1.417757475033025,670447,,,0.0001459741607669,Information
132891,1368.0,1083.886719,TZA,Tanzania,Katavi,4.162534139,0.0,0.44,0.78,1368.0,,,,,,,,,,,,,,,,,,,,,,,,,7.70069981427068,83.25068278,0.0,,2.812,0.259,2.812,0.259,1.0,0.092,0.0,0.0,0.02812,0.259,0.015,0.138,0.0,0.0,0.44012,0.0,0.0,21.515625,1.98504369693448,0.0,0.0,0.753046875,6.9476529392706805,7.70069981427068,5331,,,0.2185657317235864,Information
132892,1369.0,8751.16768,TZA,Tanzania,Tabora,4.156122746,0.0,0.44,0.78,1369.0,,,,,,,,,,,,,,,,,,,,,,,,,53.7746885656567,83.12245492000001,0.0,3.0,37.438,0.428,30.938,0.354,26.188,0.299,112.312,1.283,0.30938,0.354,0.3928199999999999,0.4485,2.8078,3.2075,7.52,0.0,0.0,717.046875,8.193727983044772,0.0,0.0,25.096640625,28.6780479406567,53.7746885656567,408253,5544.0,1.36,0.8767349815698621,Warning
132893,1370.0,6276.204061,TZA,Tanzania,Katavi,3.747905301,0.0,0.44,0.78,1370.0,,,,,,,,,,,,,,,,,,,,,,,,,7.326533551601591,74.95810602,0.0,,2.188,0.035,2.188,0.035,27.875,0.444,14.812,0.236,0.02188,0.035,0.418125,0.666,0.3703,0.59,2.101305,0.0,0.0,80.71875,1.2861078004575972,0.0,0.0,2.82515625,4.501377301601591,7.326533551601591,97263,,,0.1095269630331497,Information
132894,1371.0,4272.709312,TZA,Tanzania,Katavi,3.074072427,0.0,0.44,0.78,1371.0,1371.0,1.0,1.0,100.0,-9999.0,-9999.0,3.0,10.0,10.0,-999.9,-999.9,-3953.6,0.0,0.0,0.0,0.0,0.0,0.0,0.0,0.0,0.0,0.0,0.0,-3953.6,0.6412070081898047,61.48144854,0.0,,13.312,0.312,12.5,0.293,1.75,0.041,0.812,0.019,0.125,0.293,0.02625,0.0615,0.0203,0.0475,0.5735499999999999,0.0,0.0,5.484375,0.1283582523399442,0.0,0.0,0.191953125,0.4492538831898046,0.6412070081898047,5049,,,2.1059010219186604e-05,Information
132895,1372.0,2905.712087,TZA,Tanzania,Katavi,4.021860187,0.0,0.44,0.78,1372.0,,,,,,,,,,,,,,,,,,,,,,,,,4.153493861742668,80.43720374,0.0,,10.375,0.357,10.375,0.357,7.062,0.243,3.625,0.125,0.10375,0.357,0.10593,0.3645,0.090625,0.3125,1.334305,0.0,0.0,26.71875,0.9195250319264764,0.0,0.0,0.93515625,3.218337611742667,4.153493861742668,564,,,0.0606092018623494,Information
132897,1374.0,6920.695619,TZA,Tanzania,Tabora,4.029245633,0.0,0.44,0.78,1374.0,1374.0,1.0,1.0,100.0,-9999.0,-9999.0,3.0,10.0,10.0,-999.9,-999.9,-3953.6,0.0,0.0,0.0,0.0,0.0,0.0,0.0,0.0,0.0,0.0,0.0,-3953.6,0.1525,80.58491266000001,0.0,,6.625,0.096,6.25,0.09,0.0,0.0,0.0,0.0,0.0625,0.09,0.0,0.0,0.0,0.0,0.1525,,,,,,,,,,43665,,,6.27846308672462e-07,Information
132898,1375.0,8458.28882,TZA,Tanzania,Tabora,4.011455279,0.0,0.44,0.78,1375.0,1375.0,1.0,1.0,100.0,-9999.0,-9999.0,3.0,10.0,10.0,-999.9,-999.9,-3953.6,0.0,0.0,0.0,0.0,0.0,0.0,0.0,0.0,0.0,0.0,0.0,-3953.6,0.8163062067090452,80.22910558,0.0,,,,,,,,,,,,,,,,,0.0,0.0,10.6875,0.1263553447740129,0.0,0.0,0.3740625,0.4422437067090451,0.8163062067090452,13615,,,0.0007183450746661,Information
132899,1376.0,7015.491785,TZA,Tanzania,Tabora,4.009718315,0.0,0.44,0.78,1376.0,1376.0,1.0,1.0,100.0,-9999.0,-9999.0,3.0,10.0,10.0,-999.9,-999.9,-3953.6,0.0,0.0,0.0,0.0,0.0,0.0,0.0,0.0,0.0,0.0,0.0,-3953.6,0.1892962034737606,80.1943663,0.0,,,,,,,,,,,,,,,,,1.265625,0.0180404316443936,1.6875,0.0240539088591915,0.018984375,0.0270606474665904,0.0590625,0.0841886810071702,0.1892962034737606,17860,,,1.6563893512182043e-06,Information
172978,3474.0,18558.6182,TZA,Tanzania,Mara,4.129231553,0.0,0.44,0.78,3474.0,3474.0,0.0,1.0,-9999.0,-9999.0,-9999.0,0.0,10.0,-999.9,-999.9,-999.9,-4763.92,0.0,0.0,0.0,0.0,0.0,0.0,0.0,0.0,0.0,0.0,0.0,-4763.92,6.25824235099534,82.58463106,0.0,,,,,,,,,,,,,,,,,11.25,0.0606187372336193,111.375,0.6001254986128318,0.16875,0.0909281058504289,3.898125,2.100439245144911,6.25824235099534,1681848,,,0.153046686046082,Information
172989,3483.0,18947.48341,TZA,Tanzania,Mara,4.017988308,0.0,0.44,0.78,3483.0,,,,,,,,,,,,,,,,,,,,,,,,,5.048817539850079,80.35976615999999,0.0,,1.688,0.009,1.25,0.007,10.125,0.053,0.312,0.002,0.0125,0.007,0.151875,0.0795,0.0078,0.005,0.263675,11.953125,0.0630855546328752,89.296875,0.4712862022573619,0.179296875,0.0946283319493128,3.125390625,1.6495017079007666,5.048817539850079,677074,,,0.0871642516078863,Information
172992,3485.0,6760.137814,TZA,Tanzania,Kagera,4.086491797,0.0,0.44,0.78,3485.0,,,,,,,,,,,,,,,,,,,,,,,,,4.307520181889754,81.72983594,0.0,,4.125,0.061,4.125,0.061,13.938,0.206,2.125,0.031,0.04125,0.061,0.20907,0.309,0.053125,0.0775,0.750945,0.0,0.0,49.640625,0.7343138019685012,0.0,0.0,1.737421875,2.5700983068897543,4.307520181889754,282540,,,0.0742420083840517,Information
117300,16038.0,2944.128623,TZA,Tanzania,Zanzibar South and Central,0.922428062,2.58179524,0.44,0.78,16038.0,,,,,,,,,,,,,,,,,,,,,,,,,29.94902650127403,18.44856124,51.6359048,,23.25,0.79,19.375,0.658,1.375,0.047,0.938,0.032,0.19375,0.658,0.020625,0.0705,0.02345,0.08,1.046325,62.015625,2.106416971936797,168.046875,5.707864583819666,0.930234375,3.159625457905196,5.881640625,19.97752604336884,29.94902650127403,1659471,,,0.3158765229581574,Information
115440,231.0,12211.04567,SSD,South Sudan,Eastern Equatoria,4.041485564,0.0,-9999.0,1.0,231.0,,,,,,,,,,,,,,,,,,,,,,,,,19.86314939917162,80.82971128,0.0,,113.5,0.929,68.75,0.563,62.0,0.508,57.75,0.473,0.6875,0.563,0.93,0.762,1.44375,1.1825,5.5687500000000005,6.46875,0.0529745787279498,309.234375,2.532415187451341,0.09703125,0.0794618680919247,10.823203125,8.863453156079693,19.86314939917162,72580,,,0.5141613140139516,Advisory
115504,248.0,2085.681906,SSD,South Sudan,Eastern Equatoria,3.5296184,0.0,-9999.0,1.0,248.0,,,,,,,,,,,,,,,,,,,,,,,,,0.10875,70.592368,0.0,,1.875,0.09,1.875,0.09,0.0,0.0,0.0,0.0,0.01875,0.09,0.0,0.0,0.0,0.0,0.10875,,,,,,,,,,121546,,,1.0720197065671931e-08,Information
172555,3314.0,22109.42005,SSD,South Sudan,Upper Nile,3.124505025,0.0,-9999.0,1.0,3314.0,,,,,,,,,,,,,,,,,,,,,,,,,1.325446928413792,62.4901005,0.0,,77.125,0.349,15.75,0.071,0.0,0.0,0.0,0.0,0.1575,0.071,0.0,0.0,0.0,0.0,0.2284999999999999,2.109375,0.0095406166043249,25.171875,0.1138513581449442,0.031640625,0.0143109249064873,0.881015625,0.3984797535073047,1.325446928413792,366513,,,0.0004146058155294,Information
172590,3330.0,13991.63299,SSD,South Sudan,Upper Nile,4.208556499,0.0,-9999.0,1.0,3330.0,3330.0,0.0,30.0,2.0,-9999.0,-9999.0,0.0,1.0,0.2,-999.9,-999.9,-3997.2,0.0,0.0,0.0,0.0,0.0,0.0,0.0,0.0,0.0,0.0,0.0,-3997.2,1.1140275097488157,84.17112998,0.0,,,,,,,,,,,,,,,,,0.0,0.0,18.5625,0.1326685742139473,0.0,0.0,0.6496875,0.4643400097488155,1.1140275097488157,397743,,,0.0039789166001201,Information
172620,3332.0,19647.04867,SSD,South Sudan,Jungoli,4.012979314,0.0,-9999.0,1.0,3332.0,,,,,,,,,,,,,,,,,,,,,,,,,7.45036432251861,80.25958628,0.0,,27.625,0.141,27.625,0.141,3.312,0.017,0.0,0.0,0.27625,0.141,0.04968,0.0255,0.0,0.0,0.49243,10.546875,0.0536817268410412,136.546875,0.6949994235020135,0.158203125,0.0805225902615618,4.779140625,2.4324979822570474,7.45036432251861,480196,,,0.164927729359125,Information
172630,3333.0,19355.90218,SSD,South Sudan,Jungoli,4.125694753,0.0,-9999.0,1.0,3333.0,,,,,,,,,,,,,,,,,,,,,,,,,9.201847297998263,82.51389506000001,0.0,,48.688,0.252,48.688,0.252,0.0,0.0,0.0,0.0,0.48688,0.252,0.0,0.0,0.0,0.0,0.73888,106.875,0.5521571610797729,127.546875,0.6589559803938868,1.603125,0.8282357416196593,4.464140625,2.306345931378604,9.201847297998263,366357,,,0.2604358432068981,Information
172701,3364.0,599.3227687,SSD,South Sudan,Upper Nile,3.344246221,0.0,-9999.0,1.0,3364.0,,,,,,,,,,,,,,,,,,,,,,,,,2.907875,66.88492442,0.0,,17.625,2.941,15.875,2.649,0.375,0.063,0.0,0.0,0.15875,2.649,0.005625,0.0945,0.0,0.0,2.907875,0.5625,0.0938559369678993,2.109375,0.3519597636296224,0.0084375,0.1407839054518489,0.073828125,1.2318591727036785,1.4549087031555272,16487,,,0.0074961282041106,Information
172704,3367.0,21896.65647,SSD,South Sudan,Jungoli,4.088149696,0.0,-9999.0,1.0,3367.0,,,,,,,,,,,,,,,,,,,,,,,,,89.9695228310757,81.76299392000001,0.0,3.0,2.375,0.011,2.375,0.011,428.375,1.956,196.562,0.898,0.02375,0.011,6.425625,2.934,4.9140500000000005,2.245,16.553425,913.921875,4.173796470717131,2533.78125,11.571544054374716,13.708828125,6.260694706075697,35.0,35.0,89.9695228310757,404857,14371.0,3.55,0.9447576290828684,Warning
172707,3370.0,764.013005,SSD,South Sudan,Jungoli,4.193402146,0.0,-9999.0,1.0,3370.0,,,,,,,,,,,,,,,,,,,,,,,,,5.299803705037115,83.86804292000001,0.0,,0.0,0.0,0.0,0.0,1.188,0.155,0.0,0.0,0.0,0.0,0.01782,0.2324999999999999,0.0,0.0,0.25032,3.09375,0.4049342065824917,9.421875,1.2332087200466793,0.04640625,0.6074013098737375,0.329765625,4.316230520163377,5.299803705037115,49195,,,0.1328257779775245,Information
172708,3371.0,1564.618348,SSD,South Sudan,Upper Nile,4.236249124,0.0,-9999.0,1.0,3371.0,,,,,,,,,,,,,,,,,,,,,,,,,24.0726541538886,84.72498248000001,0.0,3.0,0.0,0.0,0.0,0.0,11.875,0.759,1.0,0.064,0.0,0.0,0.178125,1.1385,0.025,0.16,1.501625,45.84375,2.9300276356509847,73.40625,4.69163934297489,0.68765625,4.395041453476477,2.56921875,16.420737700412115,24.0726541538886,15603,251.0,1.61,0.6753942500913476,Watch
172709,3372.0,1838.989738,SSD,South Sudan,Jungoli,4.845488173,0.0,-9999.0,1.0,3372.0,,,,,,,,,,,,,,,,,,,,,,,,,43.47304187808521,96.90976346,0.0,3.0,0.0,0.0,0.0,0.0,3.0,0.163,0.375,0.02,0.0,0.0,0.045,0.2445,0.009375,0.05,0.348875,80.71875,4.38929855539794,158.34375,8.610366155710942,1.21078125,6.583947833096911,5.54203125,30.136281544988297,43.47304187808521,57315,601.0,1.05,0.9959020766051292,Warning
172821,3374.0,1165.20866,SSD,South Sudan,Unity,4.528673718,0.0,-9999.0,1.0,3374.0,,,,,,,,,,,,,,,,,,,,,,,,,58.95640625,90.57347436,0.0,3.0,38.625,3.315,36.625,3.143,162.812,13.973,122.438,10.508,0.36625,3.143,2.44218,15.0,3.06095,25.0,49.01238,167.90625,14.409972711500195,183.9375,15.785799251794186,2.51859375,15.0,6.4378125,35.0,58.95640625,14536,2721.0,18.72,0.9666188379281176,Warning
172822,3375.0,2767.115172,SSD,South Sudan,Unity,4.00672582,0.0,-9999.0,1.0,3375.0,,,,,,,,,,,,,,,,,,,,,,,,,1.0446094540646689,80.1345164,0.0,,21.75,0.786,20.062,0.725,1.375,0.05,0.0,0.0,0.20062,0.725,0.020625,0.075,0.0,0.0,1.021245,0.0,0.0,6.46875,0.2337723440184768,0.0,0.0,0.22640625,0.8182032040646687,1.0446094540646689,8357,,,0.0016129963776881,Information
172830,3383.0,7834.849808,SSD,South Sudan,Unity,4.358019328,0.0,-9999.0,1.0,3383.0,,,,,,,,,,,,,,,,,,,,,,,,,70.86869378006526,87.16038656,0.0,3.0,158.562,2.024,138.25,1.765,407.375,5.2,286.188,3.653,1.3825,1.765,6.110625,7.800000000000001,7.1547,9.1325,33.345325,117.421875,1.4987125200435083,910.265625,11.618163044600752,1.761328125,2.2480687800652626,31.859296875,35.0,70.86869378006526,278854,64907.0,23.28,0.9562090599092268,Warning
172841,3384.0,1141.36103,SSD,South Sudan,Unity,4.608844281,0.0,-9999.0,1.0,3384.0,,,,,,,,,,,,,,,,,,,,,,,,,20.700416529102263,92.17688562,0.0,3.0,3.375,0.296,2.688,0.235,9.688,0.849,6.125,0.537,0.02688,0.235,0.14532,1.2735,0.153125,1.3425,3.176325,15.046875,1.318327383033118,54.140625,4.7435144155864535,0.225703125,1.9774910745496768,1.894921875,16.602300454552587,20.700416529102263,46727,873.0,1.87,0.8347410140382885,Warning
172842,3385.0,75465.9908,SSD,South Sudan,Lakes,4.015132787,0.0,-9999.0,1.0,3385.0,,,,,,,,,,,,,,,,,,,,,,,,,44.56471169974847,80.30265573999999,0.0,3.0,0.0,0.0,0.0,0.0,232.312,0.308,61.125,0.081,0.0,0.0,3.48468,0.4619999999999999,1.528125,0.2025,5.677305,638.859375,0.8465526898090702,850.5,1.1269977257242476,9.582890625,1.2698290347136052,29.7675,3.9444920400348655,44.56471169974847,1161777,3248.0,0.28,0.7928810281969985,Watch
172844,3387.0,14390.86758,SSD,South Sudan,Warap,4.00336622,0.0,-9999.0,1.0,3387.0,,,,,,,,,,,,,,,,,,,,,,,,,2.9447305138415323,80.0673244,0.0,,0.0,0.0,0.0,0.0,13.312,0.093,0.0,0.0,0.0,0.0,0.19968,0.1395,0.0,0.0,0.33918,22.640625,0.1573263382059787,39.9375,0.2775197518664469,0.339609375,0.235989507308968,1.3978125,0.971319131532564,2.9447305138415323,366152,,,0.0279161025435323,Information
172850,3393.0,420.8224595,SSD,South Sudan,Unity,4.435578128,0.0,-9999.0,1.0,3393.0,,,,,,,,,,,,,,,,,,,,,,,,,7.434700899898734,88.71156256,0.0,,0.812,0.193,0.812,0.193,1.875,0.446,0.188,0.045,0.00812,0.193,0.028125,0.669,0.0046999999999999,0.1124999999999999,1.0154450000000002,0.0,0.0,8.578125,2.038419007113924,0.0,0.0,0.300234375,7.134466524898734,7.434700899898734,28587,,,0.3381122605891674,Information
172911,3422.0,11318.28828,SSD,South Sudan,Jungoli,4.616189409,0.0,-9999.0,1.0,3422.0,,,,,,,,,,,,,,,,,,,,,,,,,45.902112971377065,92.32378818,0.0,3.0,0.0,0.0,0.0,0.0,46.938,0.415,6.125,0.054,0.0,0.0,0.7040700000000001,0.6224999999999999,0.153125,0.135,1.614695,255.09375,2.253819160708482,586.96875,5.186020494375526,3.82640625,3.380728741062723,20.54390625,18.151071730314342,45.902112971377065,54120,1836.0,3.39,0.9631430408407105,Warning
172912,3423.0,28213.13672,SSD,South Sudan,West Equatoria,3.466424054,0.0,-9999.0,1.0,3423.0,,,,,,,,,,,,,,,,,,,,,,,,,3.888420592327166,69.32848108,0.0,,6.0,0.021,6.0,0.021,2.5,0.009,0.062,0.0,0.06,0.021,0.0375,0.0134999999999999,0.00155,0.0,0.13355,18.140625,0.0642985045482265,74.25,0.2631752744299504,0.272109375,0.0964477568223397,2.59875,0.9211134605048265,3.888420592327166,876302,,,0.0194458251829182,Information
172913,3424.0,9582.018282,SSD,South Sudan,Lakes,4.104085212,0.0,-9999.0,1.0,3424.0,,,,,,,,,,,,,,,,,,,,,,,,,62.82794892204571,82.08170424000001,0.0,3.0,0.0,0.0,0.0,0.0,89.938,0.939,36.75,0.384,0.0,0.0,1.3490700000000002,1.4085,0.91875,0.96,4.63632,263.25,2.7473335185284764,765.5625,7.98957461264371,3.94875,4.121000277792715,26.7946875,27.963511144252987,62.82794892204571,204722,936.0,0.46,0.8951839522800533,Warning
117000,294.0,8803.043237,MWI,Malawi,Zomba,3.709667245,0.0,0.45,0.76,294.0,,,,,,,,,,,,,,,,,,,,,,,,,75.40961445757716,74.1933449,0.0,3.0,606.188,6.886,487.875,5.542,580.0,6.589,198.0,2.249,4.87875,5.542,8.7,9.883500000000002,4.95,5.6225000000000005,39.57675,432.140625,4.908991281542276,823.5,9.35471947436107,6.482109375,7.363486922313414,28.8225,32.741518160263745,75.40961445757716,1863769,17730.0,0.95,0.8582078789810725,Warning
122214,440.0,4838.23956,MWI,Malawi,Mulanje,3.137195997,0.0,0.45,0.76,440.0,440.0,0.0,1.0,-9999.0,-9999.0,-9999.0,0.0,10.0,-999.9,-999.9,-999.9,-5979.4,0.0,0.0,0.0,0.0,0.0,0.0,0.0,0.0,0.0,0.0,0.0,-5979.4,0.1476249999999999,62.74391994,0.0,,4.188,0.087,3.875,0.08,0.625,0.013,0.0,0.0,0.03875,0.08,0.009375,0.0195,0.0,0.0,0.1476249999999999,,,,,,,,,,1848363,,,1.5930035622844736e-08,Information
122215,441.0,3217.284526,MWI,Malawi,Chikwawa,3.575412947,0.0,0.45,0.76,441.0,441.0,2.0,8.0,100.0,100.0,-9999.0,7.0,3.0,10.0,10.0,-999.9,-1939.8,0.0,0.0,0.0,0.0,0.0,0.0,0.0,0.0,0.0,0.0,0.0,-1939.8,1.1727659339855236,71.50825893999999,0.0,,3.125,0.097,2.438,0.076,5.312,0.165,0.0,0.0,0.02438,0.076,0.07968,0.2475,0.0,0.0,0.42756,0.984375,0.0305964546201904,7.734375,0.2404007148729251,0.014765625,0.0458946819302856,0.270703125,0.8414025020552379,1.1727659339855236,530116,,,0.0007107506790024,Information
122217,443.0,17230.77471,MWI,Malawi,Mangochi,1.765676835,0.0,0.45,0.76,443.0,443.0,3.0,7.0,100.0,100.0,100.0,10.0,4.0,10.0,10.0,10.0,-925.9,0.0,0.0,0.0,0.0,0.0,0.0,0.0,0.0,0.0,0.0,0.0,-925.9,7.534969125417158,35.3135367,0.0,,51.125,0.297,43.625,0.253,5.125,0.03,0.0,0.0,0.43625,0.253,0.076875,0.045,0.0,0.0,0.8111250000000001,1.546875,0.0089773966980058,135.5625,0.7867464015343282,0.023203125,0.0134660950470087,4.7446875,2.7536124053701485,7.534969125417158,3372273,,,0.0157777172428282,Information
122218,444.0,6172.017836,MWI,Malawi,Dedza,4.011703589,0.0,0.45,0.76,444.0,,,,,,,,,,,,,,,,,,,,,,,,,2.450311058075384,80.23407178,0.0,,7.188,0.116,6.25,0.101,1.438,0.023,0.0,0.0,0.0625,0.101,0.02157,0.0345,0.0,0.0,0.21957,6.890625,0.1116429858581861,23.765625,0.3850543797966012,0.103359375,0.1674644787872791,0.831796875,1.3476903292881042,2.450311058075384,862432,,,0.0184104360869106,Information
122219,445.0,317.2011654,MWI,Malawi,Mangochi,4.020557063,0.0,0.45,0.76,445.0,,,,,,,,,,,,,,,,,,,,,,,,,10.405694246063662,80.41114126,0.0,,1.0,0.315,0.812,0.256,0.062,0.02,0.0,0.0,0.00812,0.256,0.0009299999999999,0.03,0.0,0.0,0.29505,4.921875,1.551657287855948,7.03125,2.21665326836564,0.073828125,2.3274859317839223,0.24609375,7.75828643927974,10.405694246063662,6213,,,0.2634948983846085,Information
122220,446.0,8486.936622,MWI,Malawi,Lilongwe,3.752835539,0.0,0.45,0.76,446.0,,,,,,,,,,,,,,,,,,,,,,,,,1.1257290469265553,75.05671078,0.0,,19.562,0.231,11.562,0.136,0.312,0.004,0.0,0.0,0.11562,0.136,0.00468,0.006,0.0,0.0,0.2623,5.90625,0.0695922482201777,12.234375,0.1441553713132253,0.08859375,0.1043883723302665,0.428203125,0.5045437995962886,1.1257290469265553,3593926,,,0.000973585502965,Information
122240,448.0,11705.50996,MWI,Malawi,Dowa,3.713979542,0.0,0.45,0.76,448.0,448.0,0.0,1.0,-9999.0,-9999.0,-9999.0,0.0,10.0,-999.9,-999.9,-999.9,-5979.4,0.0,0.0,0.0,0.0,0.0,0.0,0.0,0.0,0.0,0.0,0.0,-5979.4,0.6740664905367747,74.27959084,0.0,,33.0,0.282,26.25,0.224,0.5,0.004,0.062,0.001,0.2625,0.224,0.0075,0.006,0.00155,0.0025,0.50405,3.234375,0.0276312182102352,9.0,0.0768868680632634,0.048515625,0.0414468273153528,0.315,0.2691040382214219,0.6740664905367747,2204458,,,0.0001354158337819,Information
122260,450.0,8304.74514,MWI,Malawi,Kasungu,4.004283142,0.0,0.45,0.76,450.0,,,,,,,,,,,,,,,,,,,,,,,,,0.7128985786460754,80.08566284,0.0,,16.938,0.204,11.438,0.138,0.562,0.007,0.0,0.0,0.11438,0.138,0.00843,0.0105,0.0,0.0,0.27131,1.546875,0.0186263994135079,8.578125,0.1032918512930896,0.023203125,0.0279395991202618,0.300234375,0.3615214795258136,0.7128985786460754,702290,,,0.0004344544688461,Information
122270,451.0,21342.27175,MWI,Malawi,Nkhata Bay,4.093223026,0.0,0.45,0.76,451.0,451.0,0.0,1.0,-9999.0,-9999.0,-9999.0,0.0,10.0,-999.9,-999.9,-999.9,-5979.4,0.0,0.0,0.0,0.0,0.0,0.0,0.0,0.0,0.0,0.0,0.0,-5979.4,2.677471661265935,81.86446052000001,0.0,,10.5,0.049,10.5,0.049,3.438,0.016,0.812,0.004,0.105,0.049,0.05157,0.024,0.0203,0.01,0.25987,5.0625,0.0237205301238516,49.921875,0.2339107831657593,0.0759375,0.0355807951857774,1.747265625,0.8186877410801576,2.677471661265935,674924,,,0.027873989034003,Information
122283,454.0,7509.499431,MWI,Malawi,Karonga,4.485527866,0.0,0.45,0.76,454.0,454.0,0.0,1.0,-9999.0,-9999.0,-9999.0,0.0,10.0,-999.9,-999.9,-999.9,-5979.4,0.0,0.0,0.0,0.0,0.0,0.0,0.0,0.0,0.0,0.0,0.0,-5979.4,1.2607286473024866,89.71055731999999,0.0,,,,,,,,,,,,,,,,,3.234375,0.043070447367899,14.0625,0.1872628146430394,0.048515625,0.0646056710518485,0.4921875,0.655419851250638,1.2607286473024866,221753,,,0.0178895704387932,Information
122284,455.0,2580.351778,MWI,Malawi,Karonga,4.261242075,0.0,0.45,0.76,455.0,,,,,,,,,,,,,,,,,,,,,,,,,0.7918782008979623,85.2248415,0.0,,0.0,0.0,0.0,0.0,0.938,0.036,0.812,0.031,0.0,0.0,0.01407,0.0539999999999999,0.0203,0.0775,0.16587,1.96875,0.0762977364724803,3.796875,0.1471456346254977,0.02953125,0.1144466047087204,0.132890625,0.5150097211892419,0.7918782008979623,144241,,,0.0017151276051104,Information
122286,457.0,2085.866757,MWI,Malawi,Karonga,4.105597901,0.0,0.45,0.76,457.0,,,,,,,,,,,,,,,,,,,,,,,,,1.6622025419361703,82.11195802,0.0,,0.0,0.0,0.0,0.0,0.375,0.018,1.188,0.057,0.0,0.0,0.005625,0.0269999999999999,0.0296999999999999,0.1425,0.204825,4.359375,0.2089958519608886,6.328125,0.3033810754270964,0.065390625,0.3134937779413329,0.221484375,1.0618337639948374,1.6622025419361703,141665,,,0.0087509949262901,Information
122290,461.0,12305.02279,MWI,Malawi,Mzimba,3.384423864,0.0,0.45,0.76,461.0,461.0,0.0,1.0,-9999.0,-9999.0,-9999.0,0.0,10.0,-999.9,-999.9,-999.9,-5979.4,0.0,0.0,0.0,0.0,0.0,0.0,0.0,0.0,0.0,0.0,0.0,-5979.4,0.485598978418813,67.68847728,0.0,,,,,,,,,,,,,,,,,0.140625,0.0011428260021984,7.59375,0.0617126041187187,0.002109375,0.0017142390032976,0.26578125,0.2159941144155154,0.485598978418813,1254396,,,1.3476259584808372e-05,Information
172983,3477.0,16941.79946,MWI,Malawi,Mwanza,4.0748644,0.0,0.45,0.76,3477.0,,,,,,,,,,,,,,,,,,,,,,,,,8.398415640248649,81.497288,0.0,,0.75,0.004,0.75,0.004,3.188,0.019,1.812,0.011,0.0075,0.004,0.04782,0.0284999999999999,0.0453,0.0274999999999999,0.1606199999999999,29.53125,0.1743099961928415,138.234375,0.8159367917026819,0.44296875,0.2614649942892622,4.838203125,2.8557787709593865,8.398415640248649,979198,,,0.214800607760584,Information
172984,3478.0,11407.9223,MWI,Malawi,Mwanza,4.150685141,0.0,0.45,0.76,3478.0,,,,,,,,,,,,,,,,,,,,,,,,,6.91139953123248,83.01370282,0.0,,0.0,0.0,0.0,0.0,2.438,0.021,1.5,0.013,0.0,0.0,0.03657,0.0315,0.0375,0.0325,0.13807,17.15625,0.1503889100077749,97.875,0.8579564046345193,0.25734375,0.2255833650116623,3.425625,3.0028474162208174,6.91139953123248,1410458,,,0.18426379951027,Information
172986,3480.0,18933.68711,MWI,Malawi,Mwanza,4.007645296,0.0,0.45,0.76,3480.0,,,,,,,,,,,,,,,,,,,,,,,,,8.644247101989496,80.15290592,0.0,,0.0,0.0,0.0,0.0,10.438,0.055,6.25,0.033,0.0,0.0,0.15657,0.0825,0.15625,0.0825,0.47782,48.65625,0.256982434067959,140.765625,0.743466521682159,0.72984375,0.3854736511019385,4.926796875,2.6021328258875567,8.644247101989496,3485596,,,0.2029406136965068,Information
117621,385.0,17622.2644,MOZ,Mozambique,Nassa,3.044991631,0.0,0.41,0.82,385.0,385.0,0.0,1.0,-9999.0,-9999.0,-9999.0,0.0,10.0,-999.9,-999.9,-999.9,-5979.4,0.0,0.0,0.0,0.0,0.0,0.0,0.0,0.0,0.0,0.0,0.0,-5979.4,0.3703133613358059,60.89983262,0.0,,33.188,0.188,20.125,0.114,0.0,0.0,0.0,0.0,0.20125,0.114,0.0,0.0,0.0,0.0,0.31525,0.0,0.0,6.75,0.038303817524516,0.0,0.0,0.23625,0.134063361335806,0.3703133613358059,25178,,,1.5846421113204688e-06,Information
117622,386.0,6295.443536,MOZ,Mozambique,Nassa,2.613324648,0.0,0.41,0.82,386.0,,,,,,,,,,,,,,,,,,,,,,,,,0.1485,52.26649296,0.0,,7.25,0.115,5.75,0.091,0.0,0.0,0.0,0.0,0.0575,0.091,0.0,0.0,0.0,0.0,0.1485,,,,,,,,,,26734,,,3.898157279018431e-09,Information
117623,387.0,5160.939609,MOZ,Mozambique,Nassa,3.444766013,0.0,0.41,0.82,387.0,,,,,,,,,,,,,,,,,,,,,,,,,0.3470077402552929,68.89532026,0.0,,11.0,0.213,7.312,0.142,0.0,0.0,0.0,0.0,0.07312,0.142,0.0,0.0,0.0,0.0,0.2151199999999999,0.0,0.0,3.375,0.0653950686443694,0.0,0.0,0.118125,0.2288827402552929,0.3470077402552929,791,,,3.465989164493474e-06,Information
117629,393.0,14557.75486,MOZ,Mozambique,Nassa,1.133715216,0.0,0.41,0.82,393.0,393.0,0.0,1.0,-9999.0,-9999.0,-9999.0,0.0,10.0,-999.9,-999.9,-999.9,-5979.4,0.0,0.0,0.0,0.0,0.0,0.0,0.0,0.0,0.0,0.0,0.0,-5979.4,3.190649346415852,22.67430432,0.0,,47.812,0.328,36.312,0.249,3.812,0.026,0.0,0.0,0.36312,0.249,0.05718,0.039,0.0,0.0,0.7083,0.421875,0.0028979399920056,53.859375,0.3699703389793839,0.006328125,0.0043469099880084,1.885078125,1.2948961864278437,3.190649346415852,910390,,,0.0007167936718227,Information
117701,401.0,3589.956521,MOZ,Mozambique,Cabo Delgado,4.017263711,4.002330078,0.41,0.82,401.0,,,,,,,,,,,,,,,,,,,,,,,,,15.717422235262127,80.34527422,80.04660156,,31.688,0.883,28.5,0.794,2.438,0.068,2.688,0.075,0.285,0.794,0.03657,0.102,0.0672,0.1875,1.47227,1.828125,0.0509233186904005,117.84375,3.282595466350436,0.027421875,0.0763849780356007,4.12453125,11.489084132226523,15.717422235262127,66000,,,0.4115545095317436,Advisory
117703,403.0,2614.859921,MOZ,Mozambique,Cabo Delgado,3.05762355,1.049952723,0.41,0.82,403.0,,,,,,,,,,,,,,,,,,,,,,,,,10.454401571012534,61.152471000000006,20.999054460000004,,24.625,0.942,13.375,0.511,1.75,0.067,1.125,0.043,0.13375,0.511,0.02625,0.1005,0.028125,0.1074999999999999,0.907125,13.21875,0.5055242116646192,56.25,2.151166858147316,0.19828125,0.7582863174969289,1.96875,7.529084003515605,10.454401571012534,130585,,,0.0946552810654983,Information
117704,404.0,24759.87571,MOZ,Mozambique,Cabo Delgado,3.398059151,0.0,0.41,0.82,404.0,404.0,0.0,1.0,-9999.0,-9999.0,-9999.0,0.0,10.0,-999.9,-999.9,-999.9,-5979.4,0.0,0.0,0.0,0.0,0.0,0.0,0.0,0.0,0.0,0.0,0.0,-5979.4,0.7097267670258128,67.96118301999999,0.0,,48.688,0.197,22.75,0.092,0.125,0.001,0.25,0.001,0.2275,0.092,0.001875,0.0015,0.00625,0.0025,0.331625,1.546875,0.0062475071273545,13.78125,0.0556596089527946,0.023203125,0.0093712606910317,0.48234375,0.1948086313347811,0.7097267670258128,302968,,,6.953304084983277e-05,Information
117705,405.0,3144.380054,MOZ,Mozambique,Cabo Delgado,3.189616052,3.430657277,0.41,0.82,405.0,,,,,,,,,,,,,,,,,,,,,,,,,16.703799592014995,63.79232104,68.61314554,,62.625,1.992,47.062,1.497,3.688,0.117,1.188,0.038,0.47062,1.497,0.05532,0.1755,0.0296999999999999,0.095,2.3231400000000004,21.9375,0.69767329715092,104.765625,3.331837220368176,0.3290625,1.04650994572638,3.666796875,11.661430271288616,16.703799592014995,102978,,,0.2641010379131071,Information
117706,406.0,10326.80345,MOZ,Mozambique,Cabo Delgado,2.950171819,0.249521014,0.41,0.82,406.0,406.0,0.0,1.0,-9999.0,-9999.0,-9999.0,0.0,10.0,-999.9,-999.9,-999.9,-5979.4,0.0,0.0,0.0,0.0,0.0,0.0,0.0,0.0,0.0,0.0,0.0,-5979.4,0.6767754175687539,59.00343638,4.99042028,,54.312,0.526,33.25,0.322,0.5,0.005,0.125,0.001,0.3325,0.322,0.0075,0.0075,0.003125,0.0025,0.675125,0.28125,0.0027234952357362,9.703125,0.0939605856328999,0.00421875,0.0040852428536042,0.339609375,0.3288620497151496,0.6767754175687539,318446,,,2.031180070644196e-05,Information
117707,407.0,4220.211339,MOZ,Mozambique,Cabo Delgado,4.096245933,1.203120607,0.41,0.82,407.0,,,,,,,,,,,,,,,,,,,,,,,,,14.70097626745954,81.92491865999999,24.06241214,,77.312,1.832,55.938,1.325,3.312,0.078,0.438,0.01,0.55938,1.325,0.04968,0.1169999999999999,0.01095,0.025,2.08701,48.375,1.1462696087046196,103.921875,2.462480351257889,0.725625,1.7194044130569297,3.637265625,8.618681229402613,14.70097626745954,485631,,,0.4181531776949425,Advisory
117708,408.0,5515.048067,MOZ,Mozambique,Cabo Delgado,3.224830122,0.0,0.41,0.82,408.0,408.0,0.0,1.0,-9999.0,-9999.0,-9999.0,0.0,10.0,-999.9,-999.9,-999.9,-5979.4,0.0,0.0,0.0,0.0,0.0,0.0,0.0,0.0,0.0,0.0,0.0,-5979.4,0.62863,64.49660244,0.0,,34.0,0.616,21.938,0.398,0.25,0.005,0.0,0.0,0.21938,0.398,0.00375,0.0075,0.0,0.0,0.62863,,,,,,,,,,258098,,,2.74362473225936e-05,Information
117801,410.0,16195.32702,MOZ,Mozambique,Cabo Delgado,2.744250123,0.0,0.41,0.82,410.0,410.0,0.0,1.0,-9999.0,-9999.0,-9999.0,0.0,10.0,-999.9,-999.9,-999.9,-5979.4,0.0,0.0,0.0,0.0,0.0,0.0,0.0,0.0,0.0,0.0,0.0,-5979.4,1.88757,54.88500246,0.0,,208.438,1.287,111.875,0.691,3.188,0.02,0.0,0.0,1.11875,0.691,0.04782,0.03,0.0,0.0,1.88757,0.140625,0.0008683060233644,1.828125,0.0112879783037381,0.002109375,0.0013024590350466,0.063984375,0.0395079240630833,0.1069041330981299,786891,,,0.0007519641730951,Information
117802,411.0,6782.740595,MOZ,Mozambique,Nampula,1.431643392,0.0,0.41,0.82,411.0,,,,,,,,,,,,,,,,,,,,,,,,,0.553125,28.63286784,0.0,,45.5,0.671,21.75,0.321,0.375,0.006,0.0,0.0,0.2175,0.321,0.005625,0.009,0.0,0.0,0.553125,,,,,,,,,,273799,,,5.869029939040566e-07,Information
117803,412.0,3740.229663,MOZ,Mozambique,Cabo Delgado,2.833553407,0.0,0.41,0.82,412.0,,,,,,,,,,,,,,,,,,,,,,,,,0.7355,56.67106814,0.0,,40.188,1.074,19.625,0.525,0.25,0.007,0.0,0.0,0.19625,0.525,0.00375,0.0105,0.0,0.0,0.7355,0.0,0.0,0.84375,0.0225587751565173,0.0,0.0,0.02953125,0.0789557130478105,0.1084869630478105,48099,,,2.290601602213412e-05,Information
117804,413.0,4025.459107,MOZ,Mozambique,Nassa,3.527959911,0.0,0.41,0.82,413.0,,,,,,,,,,,,,,,,,,,,,,,,,0.65743,70.55919822,0.0,,25.688,0.638,18.75,0.466,0.062,0.002,0.0,0.0,0.1875,0.466,0.0009299999999999,0.003,0.0,0.0,0.65743,,,,,,,,,,18685,,,7.182476423299765e-05,Information
117805,414.0,7618.849123,MOZ,Mozambique,Nassa,2.643422425,0.0,0.41,0.82,414.0,,,,,,,,,,,,,,,,,,,,,,,,,0.587555,52.8684485,0.0,,37.25,0.489,24.25,0.318,0.562,0.007,0.125,0.002,0.2425,0.318,0.00843,0.0105,0.003125,0.005,0.587555,,,,,,,,,,120251,,,5.806537514850425e-06,Information
117806,415.0,3548.535834,MOZ,Mozambique,Nassa,3.526199872,0.0,0.41,0.82,415.0,,,,,,,,,,,,,,,,,,,,,,,,,0.10107,70.52399744,0.0,,2.5,0.07,2.375,0.067,0.188,0.005,0.0,0.0,0.02375,0.067,0.00282,0.0075,0.0,0.0,0.10107,,,,,,,,,,14506,,,6.913464273577198e-09,Information
117807,416.0,11792.60789,MOZ,Mozambique,Nampula,1.723128047,0.0,0.41,0.82,416.0,,,,,,,,,,,,,,,,,,,,,,,,,0.309005,34.46256094,0.0,,33.062,0.28,16.188,0.137,0.375,0.003,0.0,0.0,0.16188,0.137,0.005625,0.0045,0.0,0.0,0.309005,,,,,,,,,,373515,,,4.23030222013213e-08,Information
117808,417.0,3330.087476,MOZ,Mozambique,Zambezia,3.388252623,0.0,0.41,0.82,417.0,417.0,0.0,3.0,-9999.0,-9999.0,-9999.0,0.0,8.0,-999.9,-999.9,-999.9,-5983.4,0.0,0.0,0.0,0.0,0.0,0.0,0.0,0.0,0.0,0.0,0.0,-5983.4,0.532625,67.76505246,0.0,,18.812,0.565,11.25,0.338,1.375,0.041,0.0,0.0,0.1125,0.338,0.020625,0.0615,0.0,0.0,0.532625,,,,,,,,,,239514,,,2.0392344854370128e-05,Information
117809,418.0,4495.904391,MOZ,Mozambique,Nassa,4.015533853,0.0,0.41,0.82,418.0,,,,,,,,,,,,,,,,,,,,,,,,,3.4119078149175968,80.31067706,0.0,,23.688,0.527,14.0,0.311,2.75,0.061,0.0,0.0,0.14,0.311,0.04125,0.0915,0.0,0.0,0.58375,0.0,0.0,30.234375,0.6724870542621705,0.0,0.0,1.058203125,2.353704689917597,3.4119078149175968,262543,,,0.0398177513472829,Information
117911,419.0,3559.751584,MOZ,Mozambique,Nampula,4.21769593,1.165916479,0.41,0.82,419.0,,,,,,,,,,,,,,,,,,,,,,,,,6.232481017404981,84.35391859999999,23.31832958,,45.875,1.289,21.812,0.613,1.625,0.046,0.312,0.009,0.21812,0.613,0.024375,0.069,0.0078,0.0225,0.954795,11.953125,0.3357853692345711,41.625,1.1693231681580356,0.179296875,0.5036780538518566,1.456875,4.092631088553125,6.232481017404981,280951,,,0.1786698684772966,Information
117912,420.0,9482.057493,MOZ,Mozambique,Nampula,3.211276741,0.525897073,0.41,0.82,420.0,,,,,,,,,,,,,,,,,,,,,,,,,1.84962,64.22553482,10.51794146,,183.375,1.934,86.312,0.91,2.5,0.026,0.0,0.0,0.86312,0.91,0.0375,0.039,0.0,0.0,1.84962,,,,,,,,,,457446,,,0.0015269778760512,Information
117913,421.0,4016.198326,MOZ,Mozambique,Nampula,4.01248169,1.01939879,0.41,0.82,421.0,,,,,,,,,,,,,,,,,,,,,,,,,12.899877912018956,80.24963380000001,20.387975800000003,,84.375,2.101,47.688,1.187,4.375,0.109,0.625,0.016,0.47688,1.187,0.065625,0.1635,0.015625,0.04,1.94863,18.703125,0.4656922661873772,97.59375,2.430003253639397,0.280546875,0.6985383992810658,3.41578125,8.50501138773789,12.899877912018956,625500,,,0.3350706149638771,Information
117914,422.0,8105.1408,MOZ,Mozambique,Nampula,3.522706308,0.0,0.41,0.82,422.0,,,,,,,,,,,,,,,,,,,,,,,,,0.8778050000000001,70.45412616,0.0,,82.75,1.021,36.25,0.447,1.812,0.022,0.125,0.002,0.3625,0.447,0.02718,0.033,0.003125,0.005,0.8778050000000001,0.0,0.0,2.109375,0.0260251493711589,0.0,0.0,0.073828125,0.0910880227990561,0.1649161477990561,997969,,,0.0002188237899695,Information
117915,423.0,2424.510066,MOZ,Mozambique,Nampula,3.262757866,1.690285713,0.41,0.82,423.0,,,,,,,,,,,,,,,,,,,,,,,,,10.323154966626191,65.25515732,33.80571426,,30.188,1.245,20.438,0.843,1.375,0.057,0.125,0.005,0.2043799999999999,0.843,0.020625,0.0855,0.003125,0.0125,1.1691299999999998,11.25,0.4640112721327017,52.734375,2.17505283812204,0.16875,0.6960169081990526,1.845703125,7.612684933427139,10.323154966626191,66591,,,0.1124422838326235,Information
117916,424.0,3744.137432,MOZ,Mozambique,Nampula,1.835535288,0.0,0.41,0.82,424.0,,,,,,,,,,,,,,,,,,,,,,,,,1.1835,36.71070576,0.0,,67.688,1.808,32.25,0.861,0.0,0.0,0.0,0.0,0.3225,0.861,0.0,0.0,0.0,0.0,1.1835,0.0,0.0,1.125,0.0300469739785948,0.0,0.0,0.039375,0.1051644089250818,0.1445394089250818,126035,,,3.456795556620637e-05,Information
117917,425.0,734.0871448,MOZ,Mozambique,Nampula,1.434711485,0.0,0.41,0.82,425.0,,,,,,,,,,,,,,,,,,,,,,,,,11.350607628368326,28.6942297,0.0,,7.875,1.073,4.812,0.656,0.438,0.06,0.188,0.026,0.04812,0.656,0.00657,0.09,0.0046999999999999,0.065,0.87039,7.453125,1.0152915838831909,18.984375,2.586120072155297,0.111796875,1.5229373758247862,0.664453125,9.05142025254354,11.350607628368326,90539,,,0.0330528714046394,Information
117918,426.0,2892.104979,MOZ,Mozambique,Nampula,1.816753223,0.0,0.41,0.82,426.0,,,,,,,,,,,,,,,,,,,,,,,,,0.2382077638634187,36.33506446,0.0,,4.0,0.138,2.75,0.095,0.312,0.011,0.0,0.0,0.0275,0.095,0.00468,0.0165,0.0,0.0,0.1436799999999999,0.28125,0.0097247507296536,1.40625,0.0486237536482681,0.00421875,0.0145871260944804,0.04921875,0.1701831377689383,0.2382077638634187,314876,,,1.1468729636462943e-08,Information
117919,427.0,2773.586221,MOZ,Mozambique,Nampula,4.135607802,4.027141557,0.41,0.82,427.0,,,,,,,,,,,,,,,,,,,,,,,,,16.035568027555477,82.71215604,80.54283114,,87.625,3.159,51.25,1.848,8.188,0.295,2.75,0.099,0.5125,1.848,0.12282,0.4425,0.06875,0.2475,3.24207,11.953125,0.4309628058732696,94.359375,3.402071091070164,0.179296875,0.6464442088099045,3.302578125,11.907248818745574,16.035568027555477,324129,,,0.4700300452084205,Advisory
117920,428.0,10270.25176,MOZ,Mozambique,Nampula,3.168651535,0.0,0.41,0.82,428.0,428.0,0.0,16.0,-9999.0,-9999.0,-9999.0,0.0,1.0,-999.9,-999.9,-999.9,-5996.066666666666,0.0,0.0,0.0,0.0,0.0,0.0,0.0,0.0,0.0,0.0,0.0,-5996.066666666666,0.44269,63.3730307,0.0,,47.938,0.467,21.812,0.212,0.438,0.004,0.0,0.0,0.21812,0.212,0.00657,0.006,0.0,0.0,0.44269,0.140625,0.0013692458882128,1.6875,0.016430950658554,0.002109375,0.0020538688323192,0.0590625,0.0575083273049389,0.1207340711372582,1355177,,,5.034871821105191e-06,Information
117930,429.0,3177.854548,MOZ,Mozambique,Nampula,4.095420647,2.683310311,0.41,0.82,429.0,,,,,,,,,,,,,,,,,,,,,,,,,7.834493064509123,81.90841294,53.66620622,,23.062,0.726,11.938,0.376,0.875,0.028,0.125,0.004,0.11938,0.376,0.013125,0.042,0.003125,0.01,0.5636300000000001,10.125,0.3186111839558294,49.640625,1.5620798324501082,0.151875,0.477916775933744,1.737421875,5.467279413575379,7.834493064509123,236979,,,0.2013213392628211,Information
117940,430.0,14885.1406,MOZ,Mozambique,Zambezia,3.15990128,0.0,0.41,0.82,430.0,430.0,0.0,9.0,-9999.0,-9999.0,-9999.0,0.0,2.0,-999.9,-999.9,-999.9,-5995.4,0.0,0.0,0.0,0.0,0.0,0.0,0.0,0.0,0.0,0.0,0.0,-5995.4,0.32518,63.1980256,0.0,,38.438,0.258,18.25,0.123,0.812,0.005,0.0,0.0,0.1825,0.123,0.01218,0.0075,0.0,0.0,0.32518,0.0,0.0,2.8125,0.0188946821294254,0.0,0.0,0.0984375,0.0661313874529889,0.1645688874529889,663487,,,1.128542565587753e-06,Information
117960,431.0,23127.91139,MOZ,Mozambique,Zambezia,3.38465617,0.0,0.41,0.82,431.0,431.0,0.0,1.0,-9999.0,-9999.0,-9999.0,0.0,10.0,-999.9,-999.9,-999.9,-5982.733333333333,0.0,0.0,0.0,0.0,0.0,0.0,0.0,0.0,0.0,0.0,0.0,-5982.733333333333,1.2176332018458615,67.6931234,0.0,,30.75,0.133,17.75,0.077,5.438,0.024,0.0,0.0,0.1775,0.077,0.08157,0.036,0.0,0.0,0.37207,0.5625,0.0024321262322306,24.046875,0.1039733964278616,0.0084375,0.0036481893483459,0.841640625,0.3639068874975156,1.2176332018458615,1564481,,,0.0005220401272438,Information
117970,432.0,3912.557592,MOZ,Mozambique,Zambezia,4.257151209,4.006026833,0.41,0.82,432.0,,,,,,,,,,,,,,,,,,,,,,,,,15.08634647099696,85.14302418,80.12053666,,26.75,0.684,14.562,0.372,2.688,0.069,0.438,0.011,0.14562,0.372,0.04032,0.1035,0.01095,0.0274999999999999,0.69989,23.625,0.6038249775033111,111.09375,2.839415072783426,0.354375,0.9057374662549666,3.88828125,9.937952754741993,15.08634647099696,381098,,,0.506111804152149,Advisory
117980,433.0,19148.26047,MOZ,Mozambique,Zambezia,4.097006244,3.402954081,0.41,0.82,433.0,,,,,,,,,,,,,,,,,,,,,,,,,1.9116012666161888,81.94012488,68.05908162,,48.562,0.254,22.062,0.115,9.125,0.048,1.0,0.005,0.22062,0.115,0.136875,0.072,0.025,0.0125,0.5819949999999999,12.515625,0.0653616813872797,30.515625,0.1593649984386483,0.187734375,0.0980425220809195,1.068046875,0.557777494535269,1.9116012666161888,1064402,,,0.0123599684720466,Information
117990,434.0,410.3867832,MOZ,Mozambique,Zambezia,3.716479642,4.014518937,0.41,0.82,434.0,,,,,,,,,,,,,,,,,,,,,,,,,40.593231793581445,74.32959284,80.29037874,3.0,1.812,0.442,1.312,0.32,0.375,0.091,0.438,0.107,0.01312,0.32,0.005625,0.1365,0.01095,0.2675,0.753695,9.421875,2.2958524457209624,57.375,13.980713400808249,0.141328125,3.4437786685814435,2.008125,35.0,40.593231793581445,62494,1777.0,2.84,0.7650047295984512,Watch
121000,435.0,4430.952022,MOZ,Mozambique,Zambezia,4.334133909,4.004120188,0.41,0.82,435.0,,,,,,,,,,,,,,,,,,,,,,,,,11.360559015204757,86.68267818000001,80.08240376,,54.75,1.236,23.438,0.529,2.5,0.056,1.5,0.034,0.2343799999999999,0.529,0.0375,0.084,0.0375,0.085,1.00738,23.203125,0.5236600370424451,89.71875,2.024818809897454,0.348046875,0.7854900555636677,3.14015625,7.08686583464109,11.360559015204757,108250,,,0.4368667555703117,Advisory
122100,436.0,11199.23281,MOZ,Mozambique,Sofala,4.054787985,3.025267411,0.41,0.82,436.0,436.0,0.0,8.0,-9999.0,-9999.0,-9999.0,0.0,3.0,-999.9,-999.9,-999.9,-5993.4,0.0,0.0,0.0,0.0,0.0,0.0,0.0,0.0,0.0,0.0,0.0,-5993.4,4.472019499335795,81.0957597,60.50534822,,18.375,0.164,15.125,0.135,5.938,0.053,3.5,0.031,0.15125,0.135,0.08907,0.0795,0.0875,0.0775,0.61982,0.984375,0.0087896645805658,67.078125,0.5989528578471275,0.014765625,0.0131844968708486,2.347734375,2.0963350024649463,4.472019499335795,413492,,,0.0747152238593451,Information
122211,437.0,5268.3518,MOZ,Mozambique,Zambezia,4.034758633,0.0,0.41,0.82,437.0,437.0,1.0,8.0,100.0,-9999.0,-9999.0,3.0,3.0,10.0,-999.9,-999.9,-3967.6,0.0,0.0,0.0,0.0,0.0,0.0,0.0,0.0,0.0,0.0,0.0,-3967.6,3.7413006286469743,80.69517266,0.0,,,,,,,,,,,,,,,,,5.34375,0.1014311534734041,34.59375,0.6566332566962481,0.08015625,0.1521467302101061,1.21078125,2.2982163984368684,3.7413006286469743,423366,,,0.050406816947752,Information
122230,447.0,12773.82837,MOZ,Mozambique,Nassa,4.375843167,0.0,0.41,0.82,447.0,,,,,,,,,,,,,,,,,,,,,,,,,4.5241228401505165,87.51686334,0.0,,13.312,0.104,12.375,0.097,5.062,0.04,1.25,0.01,0.12375,0.097,0.07593,0.06,0.03125,0.025,0.41293,9.703125,0.0759609783016822,68.34375,0.5350294993422838,0.145546875,0.1139414674525233,2.39203125,1.8726032476979928,4.5241228401505165,941461,,,0.1550636499883348,Information
122250,449.0,3516.439784,MOZ,Mozambique,Nassa,4.307419146,0.0,0.41,0.82,449.0,,,,,,,,,,,,,,,,,,,,,,,,,1.4756532257613246,86.14838292,0.0,,4.938,0.14,4.938,0.14,3.125,0.089,1.875,0.053,0.04938,0.14,0.046875,0.1335,0.046875,0.1325,0.5491300000000001,1.96875,0.0559870243980166,10.125,0.2879332683326571,0.02953125,0.0839805365970249,0.354375,1.0077664391642998,1.4756532257613246,75117,,,0.0125681615908092,Information
122310,462.0,26225.36738,MOZ,Mozambique,Manica,4.016725911,0.0,0.41,0.82,462.0,462.0,0.0,3.0,-9999.0,-9999.0,-9999.0,0.0,8.0,-999.9,-999.9,-999.9,-5983.4,0.0,0.0,0.0,0.0,0.0,0.0,0.0,0.0,0.0,0.0,0.0,-5983.4,4.329759978143188,80.33451822,0.0,,16.312,0.062,7.938,0.03,10.5,0.04,3.625,0.014,0.0793799999999999,0.03,0.1575,0.06,0.090625,0.035,0.452505,12.09375,0.0461147019382297,84.375,0.3217304786388124,0.18140625,0.0691720529073445,2.953125,1.1260566752358434,4.329759978143188,719349,,,0.0650950341722304,Information
122323,465.0,836.3381767,MOZ,Mozambique,Tete,4.092196447,0.0,0.41,0.82,465.0,465.0,0.0,1.0,-9999.0,-9999.0,-9999.0,0.0,10.0,-999.9,-999.9,-999.9,-5979.4,0.0,0.0,0.0,0.0,0.0,0.0,0.0,0.0,0.0,0.0,0.0,-5979.4,-5979.4,81.84392894,0.0,,,,,,,,,,,,,,,,,,,,,,,,,,27637,,,,
122330,472.0,1179.13022,MOZ,Mozambique,Tete,3.777160266,0.0,0.41,0.82,472.0,,,,,,,,,,,,,,,,,,,,,,,,,6.019584775630398,75.54320532,0.0,,2.188,0.186,2.188,0.186,0.0,0.0,0.0,0.0,0.02188,0.186,0.0,0.0,0.0,0.0,0.20788,0.0,0.0,18.140625,1.5384751144658282,0.0,0.0,0.634921875,5.384662900630398,6.019584775630398,36294,,,0.0804740790829502,Information
122340,473.0,16421.00401,MOZ,Mozambique,Tete,2.149450101,0.0,0.41,0.82,473.0,473.0,0.0,3.0,-9999.0,-9999.0,-9999.0,0.0,8.0,-999.9,-999.9,-999.9,-5983.4,0.0,0.0,0.0,0.0,0.0,0.0,0.0,0.0,0.0,0.0,0.0,-5983.4,1.061170059303991,42.98900202,0.0,,22.438,0.137,19.938,0.121,0.438,0.003,0.0,0.0,0.19938,0.121,0.00657,0.0045,0.0,0.0,0.33145,0.0,0.0,18.84375,0.114753945515426,0.0,0.0,0.65953125,0.401638809303991,1.061170059303991,1422604,,,3.3900691292577446e-05,Information
122350,474.0,9410.528257,MOZ,Mozambique,Tete,4.04332831,0.0,0.41,0.82,474.0,474.0,0.0,2.0,-9999.0,-9999.0,-9999.0,0.0,9.0,-999.9,-999.9,-999.9,-5981.4,0.0,0.0,0.0,0.0,0.0,0.0,0.0,0.0,0.0,0.0,0.0,-5981.4,0.9847492661631926,80.8665662,0.0,,,,,,,,,,,,,,,,,0.0,0.0,13.640625,0.1449506831894836,0.0,0.0,0.477421875,0.5073273911631926,0.9847492661631926,517844,,,0.0015045563104239,Information
122360,475.0,29296.00828,MOZ,Mozambique,Tete,2.563295414,0.0,0.41,0.82,475.0,475.0,0.0,1.0,-9999.0,-9999.0,-9999.0,0.0,10.0,-999.9,-999.9,-999.9,-5979.4,0.0,0.0,0.0,0.0,0.0,0.0,0.0,0.0,0.0,0.0,0.0,-5979.4,0.7088749999999999,51.265908280000005,0.0,,79.938,0.273,52.25,0.178,0.25,0.001,0.125,0.0,0.5225,0.178,0.00375,0.0015,0.003125,0.0,0.7088749999999999,,,,,,,,,,956973,,,1.1660960388013389e-05,Information
122371,476.0,5408.818164,MOZ,Mozambique,Tete,2.32786801,0.0,0.41,0.82,476.0,,,,,,,,,,,,,,,,,,,,,,,,,3.3090972566345123,46.5573602,0.0,,6.75,0.125,6.062,0.112,0.0,0.0,0.0,0.0,0.06062,0.112,0.0,0.0,0.0,0.0,0.17262,0.0,0.0,33.1875,0.613581359038432,0.0,0.0,1.1615625,2.147534756634512,3.3090972566345123,82491,,,0.0027018055082385,Information
122373,478.0,4797.255745,MOZ,Mozambique,Tete,0.555035565,0.0,0.41,0.82,478.0,,,,,,,,,,,,,,,,,,,,,,,,,0.910898817863447,11.1007113,0.0,,9.562,0.199,7.875,0.164,1.0,0.021,0.188,0.004,0.07875,0.164,0.015,0.0315,0.0046999999999999,0.01,0.30395,0.0,0.0,8.4375,0.175881805103842,0.0,0.0,0.2953125,0.615586317863447,0.910898817863447,42998,,,2.3156976266128747e-06,Information
122374,479.0,5231.771343,MOZ,Mozambique,Tete,1.465022494,0.0,0.41,0.82,479.0,,,,,,,,,,,,,,,,,,,,,,,,,0.75132,29.30044988,0.0,,31.188,0.596,24.0,0.459,1.188,0.023,0.0,0.0,0.24,0.459,0.01782,0.0345,0.0,0.0,0.75132,,,,,,,,,,106221,,,2.7550837716667536e-06,Information
122375,480.0,2163.356727,MOZ,Mozambique,Tete,4.098423737,0.0,0.41,0.82,480.0,,,,,,,,,,,,,,,,,,,,,,,,,1.5773597004444,81.96847474,0.0,,17.0,0.786,13.062,0.604,3.438,0.159,0.562,0.026,0.1306199999999999,0.604,0.05157,0.2385,0.01405,0.065,1.1037399999999995,0.0,0.0,8.015625,0.3705179501269714,0.0,0.0,0.280546875,1.2968128254444,1.5773597004444,11234,,,0.0074177657494564,Information
122377,482.0,2706.192848,MOZ,Mozambique,Tete,3.53252288,0.0,0.41,0.82,482.0,,,,,,,,,,,,,,,,,,,,,,,,,0.7695450000000001,70.65045760000001,0.0,,21.688,0.801,12.312,0.455,2.625,0.097,0.062,0.002,0.12312,0.455,0.039375,0.1455,0.00155,0.005,0.7695450000000001,0.0,0.0,3.65625,0.1351067793759464,0.0,0.0,0.12796875,0.4728737278158124,0.6008424778158123,5785,,,0.0001356678188531,Information
122378,483.0,2178.732039,MOZ,Mozambique,Tete,1.174802065,0.0,0.41,0.82,483.0,,,,,,,,,,,,,,,,,,,,,,,,,1.254375,23.4960413,0.0,,27.562,1.265,21.125,0.97,0.875,0.04,0.0,0.0,0.21125,0.97,0.013125,0.06,0.0,0.0,1.254375,,,,,,,,,,22105,,,1.972264079185213e-05,Information
122379,484.0,141.9971053,MOZ,Mozambique,Tete,4.013672219,0.0,0.41,0.82,484.0,,,,,,,,,,,,,,,,,,,,,,,,,0.13388,80.27344438,0.0,,0.375,0.264,0.188,0.132,0.0,0.0,0.0,0.0,0.00188,0.132,0.0,0.0,0.0,0.0,0.13388,,,,,,,,,,673,,,2.9758611548232655e-07,Information
122390,486.0,768.2873482,MOZ,Mozambique,Tete,3.613330179,0.0,0.41,0.82,486.0,486.0,0.0,1.0,-9999.0,-9999.0,-9999.0,0.0,10.0,-999.9,-999.9,-999.9,-5979.4,0.0,0.0,0.0,0.0,0.0,0.0,0.0,0.0,0.0,0.0,0.0,-5979.4,1.862590135462545,72.26660358000001,0.0,,1.438,0.187,0.438,0.057,0.562,0.073,0.125,0.016,0.00438,0.057,0.00843,0.1094999999999999,0.003125,0.04,0.222435,0.0,0.0,3.796875,0.4941998601321557,0.0,0.0,0.132890625,1.729699510462545,1.862590135462545,11794,,,0.0034600056932771,Information
123010,629.0,17660.05532,MOZ,Mozambique,Sofala,4.038079633,3.721711474,0.41,0.82,629.0,,,,,,,,,,,,,,,,,,,,,,,,,3.825809476544862,80.76159265999999,74.43422948,,148.875,0.843,94.625,0.536,6.312,0.036,2.375,0.013,0.94625,0.536,0.09468,0.0539999999999999,0.059375,0.0325,1.722805,11.25,0.0637030846998209,64.96875,0.3678853141414658,0.16875,0.0955546270497313,2.27390625,1.2875985994951302,3.825809476544862,721694,,,0.0531403427812735,Information
123021,630.0,323.2925771,MOZ,Mozambique,Sofala,3.338899906,0.38048685,0.41,0.82,630.0,,,,,,,,,,,,,,,,,,,,,,,,,4.872084102204941,66.77799812,7.609737,,0.688,0.213,0.688,0.213,0.312,0.097,0.125,0.039,0.00688,0.213,0.00468,0.1455,0.003125,0.0975,0.470685,0.0,0.0,4.359375,1.3484302792014116,0.0,0.0,0.152578125,4.719505977204941,4.872084102204941,39730,,,0.027448497978799,Information
123023,632.0,1194.386714,MOZ,Mozambique,Sofala,4.257398553,0.0,0.41,0.82,632.0,632.0,0.0,1.0,-9999.0,-9999.0,-9999.0,0.0,10.0,-999.9,-999.9,-999.9,-5979.4,0.0,0.0,0.0,0.0,0.0,0.0,0.0,0.0,0.0,0.0,0.0,-5979.4,0.514995,85.14797106,0.0,,5.312,0.445,5.312,0.445,0.125,0.01,0.0,0.0,0.05312,0.445,0.001875,0.015,0.0,0.0,0.514995,0.0,0.0,0.5625,0.0470952994699898,0.0,0.0,0.0196875,0.1648335481449643,0.1845210481449642,59644,,,0.0003872726889759,Information
123025,634.0,1014.320657,MOZ,Mozambique,Sofala,4.21643493,0.0,0.41,0.82,634.0,634.0,0.0,1.0,-9999.0,-9999.0,-9999.0,0.0,10.0,-999.9,-999.9,-999.9,-5979.4,0.0,0.0,0.0,0.0,0.0,0.0,0.0,0.0,0.0,0.0,0.0,-5979.4,-5979.4,84.3286986,0.0,,,,,,,,,,,,,,,,,,,,,,,,,,67564,,,,
123026,635.0,3509.066673,MOZ,Mozambique,Manica,4.004407232,0.0,0.41,0.82,635.0,635.0,0.0,1.0,-9999.0,-9999.0,-9999.0,0.0,10.0,-999.9,-999.9,-999.9,-5979.4,0.0,0.0,0.0,0.0,0.0,0.0,0.0,0.0,0.0,0.0,0.0,-5979.4,0.223625,80.08814464,0.0,,9.0,0.256,4.5,0.128,0.875,0.025,0.0,0.0,0.045,0.128,0.013125,0.0375,0.0,0.0,0.223625,,,,,,,,,,99552,,,3.576235221040651e-06,Information
123028,637.0,3280.232902,MOZ,Mozambique,Manica,2.841831217,0.0,0.41,0.82,637.0,637.0,0.0,1.0,-9999.0,-9999.0,-9999.0,0.0,10.0,-999.9,-999.9,-999.9,-5979.4,0.0,0.0,0.0,0.0,0.0,0.0,0.0,0.0,0.0,0.0,0.0,-5979.4,-5979.4,56.83662434,0.0,,,,,,,,,,,,,,,,,,,,,,,,,,176786,,,,
123029,638.0,2889.684129,MOZ,Mozambique,Manica,3.345455461,0.0,0.41,0.82,638.0,638.0,0.0,1.0,-9999.0,-9999.0,-9999.0,0.0,10.0,-999.9,-999.9,-999.9,-5979.4,0.0,0.0,0.0,0.0,0.0,0.0,0.0,0.0,0.0,0.0,0.0,-5979.4,-5979.4,66.90910921999999,0.0,,,,,,,,,,,,,,,,,,,,,,,,,,254052,,,,
123040,640.0,28637.07458,MOZ,Mozambique,Manica,4.026348219,0.082252355,0.41,0.82,640.0,640.0,0.0,1.0,-9999.0,-9999.0,-9999.0,0.0,10.0,-999.9,-999.9,-999.9,-5991.400000000001,0.0,0.0,0.0,0.0,0.0,0.0,0.0,0.0,0.0,0.0,0.0,-5991.400000000001,1.0719797189971856,80.52696438,1.6450471,,15.062,0.053,8.562,0.03,3.188,0.011,0.188,0.001,0.0856199999999999,0.03,0.04782,0.0165,0.0046999999999999,0.0025,0.18714,0.140625,0.0004910592371631,22.640625,0.0790605371832688,0.002109375,0.0007365888557446,0.792421875,0.2767118801414408,1.0719797189971856,1605274,,,0.0018686511878376,Information
123050,641.0,16832.26392,MOZ,Mozambique,Sofala,4.06880916,3.143501391,0.41,0.82,641.0,,,,,,,,,,,,,,,,,,,,,,,,,2.4613856284603903,81.3761832,62.87002782,,35.625,0.212,27.312,0.162,12.0,0.071,3.375,0.02,0.27312,0.162,0.18,0.1064999999999999,0.084375,0.05,0.8559950000000002,0.5625,0.0033417964606935,43.875,0.2606601239341,0.0084375,0.0050126946910402,1.535625,0.91231043376935,2.4613856284603903,287564,,,0.0214996505409334,Information
123061,642.0,17800.15603,MOZ,Mozambique,Inhambane,3.188145941,2.46407574,0.41,0.82,642.0,642.0,0.0,1.0,-9999.0,-9999.0,-9999.0,0.0,10.0,-999.9,-999.9,-999.9,-5979.4,0.0,0.0,0.0,0.0,0.0,0.0,0.0,0.0,0.0,0.0,0.0,-5979.4,0.66974,63.76291882,49.2815148,,55.125,0.31,31.062,0.175,6.938,0.039,0.562,0.003,0.31062,0.175,0.10407,0.0584999999999999,0.01405,0.0075,0.66974,0.0,0.0,3.65625,0.0205405502797688,0.0,0.0,0.12796875,0.0718919259791908,0.1998606759791907,159251,,,3.290476635342508e-05,Information
123070,651.0,24566.93662,MOZ,Mozambique,Inhambane,4.01404818,1.877021033,0.41,0.82,651.0,651.0,0.0,27.0,-9999.0,-9999.0,-9999.0,0.0,1.0,-999.9,-999.9,-999.9,-5997.4,0.0,0.0,0.0,0.0,0.0,0.0,0.0,0.0,0.0,0.0,0.0,-5997.4,10.100099019554278,80.28096359999999,37.54042066,,247.375,1.007,147.812,0.602,17.875,0.073,2.75,0.011,1.47812,0.602,0.268125,0.1094999999999999,0.06875,0.0274999999999999,2.553995,4.078125,0.0166000550381181,203.34375,0.8277130891420287,0.061171875,0.0249000825571771,7.11703125,2.8969958119971,10.100099019554278,1034374,,,0.2517352183673895,Information
123080,652.0,19948.49702,MOZ,Mozambique,Inhambane,2.46747603,0.0,0.41,0.82,652.0,652.0,0.0,27.0,-9999.0,-9999.0,-9999.0,0.0,1.0,-999.9,-999.9,-999.9,-5997.4,0.0,0.0,0.0,0.0,0.0,0.0,0.0,0.0,0.0,0.0,0.0,-5997.4,4.584420000000001,49.3495206,0.0,,406.625,2.038,193.312,0.969,52.5,0.263,13.312,0.067,1.93312,0.969,0.7875,0.3945,0.3328,0.1675,4.584420000000001,0.0,0.0,72.28125,0.362339327735739,0.0,0.0,2.52984375,1.2681876470750866,3.798031397075088,384018,,,0.0081465023550803,Information
123090,653.0,3165.861096,MOZ,Mozambique,Gaza,1.283410395,0.008387992,0.41,0.82,653.0,,,,,,,,,,,,,,,,,,,,,,,,,9.026649557445912,25.6682079,0.16775984,,64.625,2.041,32.812,1.036,7.562,0.239,2.688,0.085,0.3281199999999999,1.036,0.11343,0.3585,0.0672,0.2125,2.11575,0.0,0.0,62.015625,1.9588864806988324,0.0,0.0,2.170546875,6.856102682445913,9.026649557445912,303896,,,0.0175000395277792,Information
124100,654.0,2672.63743,MOZ,Mozambique,Gaza,4.092369202,0.0,0.41,0.82,654.0,654.0,0.0,1.0,-9999.0,-9999.0,-9999.0,0.0,10.0,-999.9,-999.9,-999.9,-5979.4,0.0,0.0,0.0,0.0,0.0,0.0,0.0,0.0,0.0,0.0,0.0,-5979.4,2.0303775174648,81.84738404000001,0.0,,20.75,0.776,7.75,0.29,0.5,0.019,0.125,0.005,0.0775,0.29,0.0075,0.0284999999999999,0.003125,0.0125,0.4191249999999999,0.0,0.0,12.234375,0.4577641121328,0.0,0.0,0.428203125,1.6021743924648,2.0303775174648,474157,,,0.0142406314201336,Information
124200,655.0,5106.696809,MOZ,Mozambique,Inhambane,3.339925715,0.0,0.41,0.82,655.0,,,,,,,,,,,,,,,,,,,,,,,,,3.9808,66.79851430000001,0.0,,73.5,1.439,56.812,1.113,26.812,0.525,15.0,0.294,0.56812,1.113,0.40218,0.7875000000000001,0.375,0.735,3.9808,0.0,0.0,29.109375,0.570023560967215,0.0,0.0,1.018828125,1.9950824633852524,3.0139105883852526,28195,,,0.0169561967100267,Information
124201,656.0,16449.53785,MOZ,Mozambique,Gaza,4.004367445,0.0,0.41,0.82,656.0,,,,,,,,,,,,,,,,,,,,,,,,,5.625679999999998,80.0873489,0.0,,654.875,3.981,259.438,1.577,57.75,0.351,1.562,0.009,2.59438,1.577,0.86625,0.5265,0.03905,0.0225,5.625679999999998,0.0,0.0,14.34375,0.0871984984090966,0.0,0.0,0.50203125,0.3051947444318381,0.8072259944318382,193952,,,0.1031126026390062,Information
124202,657.0,7089.647876,MOZ,Mozambique,Gaza,3.124066216,0.0,0.41,0.82,657.0,,,,,,,,,,,,,,,,,,,,,,,,,2.08469,62.48132432,0.0,,139.625,1.969,64.812,0.914,14.438,0.204,0.0,0.0,0.64812,0.914,0.21657,0.306,0.0,0.0,2.08469,,,,,,,,,,14419,,,0.0019248697187255,Information
124203,658.0,8451.734142,MOZ,Mozambique,Inhambane,3.071700742,0.0,0.41,0.82,658.0,,,,,,,,,,,,,,,,,,,,,,,,,2.39907,61.43401484,0.0,,124.125,1.469,54.875,0.649,36.688,0.434,0.0,0.0,0.54875,0.649,0.55032,0.651,0.0,0.0,2.39907,,,,,,,,,,11146,,,0.0027407165208558,Information
124205,660.0,2705.907044,MOZ,Mozambique,Gaza,4.017241803,0.0,0.41,0.82,660.0,,,,,,,,,,,,,,,,,,,,,,,,,0.9013386356754676,80.34483606,0.0,,18.438,0.681,9.5,0.351,2.312,0.085,1.875,0.069,0.095,0.351,0.03468,0.1275,0.046875,0.1725,0.8275549999999999,0.0,0.0,5.484375,0.202681574478705,0.0,0.0,0.191953125,0.7093855106754675,0.9013386356754676,954,,,0.0010273341335618,Information
124206,661.0,7036.975844,MOZ,Mozambique,Gaza,3.450514441,0.0,0.41,0.82,661.0,,,,,,,,,,,,,,,,,,,,,,,,,0.2278599999999999,69.01028882,0.0,,12.312,0.175,5.438,0.077,2.562,0.036,0.062,0.001,0.05438,0.077,0.03843,0.0539999999999999,0.00155,0.0025,0.2278599999999999,,,,,,,,,,10232,,,4.492012045129612e-07,Information
124207,662.0,3834.171937,MOZ,Mozambique,Gaza,3.344562445,0.0,0.41,0.82,662.0,,,,,,,,,,,,,,,,,,,,,,,,,0.267075,66.89124890000001,0.0,,5.625,0.147,3.75,0.098,2.125,0.055,0.188,0.005,0.0375,0.098,0.031875,0.0825,0.0046999999999999,0.0125,0.267075,0.0,0.0,1.125,0.0293414071762034,0.0,0.0,0.039375,0.1026949251167119,0.1420699251167119,1884,,,7.177069467975571e-07,Information
124208,663.0,5410.62154,MOZ,Mozambique,Gaza,3.935563497,0.0,0.41,0.82,663.0,,,,,,,,,,,,,,,,,,,,,,,,,0.9569450000000002,78.71126994,0.0,,57.5,1.063,18.375,0.34,9.938,0.184,0.125,0.002,0.18375,0.34,0.14907,0.276,0.003125,0.005,0.9569450000000002,,,,,,,,,,14362,,,0.0009604822399501,Information
124209,664.0,3664.910626,MOZ,Mozambique,Gaza,0.02141561,0.0,0.41,0.82,664.0,664.0,0.0,1.0,-9999.0,-9999.0,-9999.0,0.0,10.0,-999.9,-999.9,-999.9,-5979.4,0.0,0.0,0.0,0.0,0.0,0.0,0.0,0.0,0.0,0.0,0.0,-5979.4,0.19943,0.4283122,0.0,,8.375,0.229,3.375,0.092,1.312,0.036,0.0,0.0,0.03375,0.092,0.01968,0.0539999999999999,0.0,0.0,0.19943,,,,,,,,,,7179,,,2.596313436438437e-10,Information
124300,665.0,2428.355987,MOZ,Mozambique,Gaza,4.253236643,0.0,0.41,0.82,665.0,665.0,0.0,3.0,-9999.0,-9999.0,-9999.0,0.0,8.0,-999.9,-999.9,-999.9,-5983.4,0.0,0.0,0.0,0.0,0.0,0.0,0.0,0.0,0.0,0.0,0.0,-5983.4,1.79807,85.06473286,0.0,,97.438,4.012,29.75,1.225,3.188,0.131,0.25,0.01,0.2975,1.225,0.04782,0.1965,0.00625,0.025,1.79807,0.0,0.0,4.5,0.1853105568075141,0.0,0.0,0.1575,0.6485869488262993,0.8060869488262993,281021,,,0.0171294371350211,Information
124401,666.0,2667.256358,MOZ,Mozambique,Gaza,4.165967474,0.0,0.41,0.82,666.0,,,,,,,,,,,,,,,,,,,,,,,,,2.8591799999999994,83.31934948,0.0,,131.438,4.928,54.125,2.029,4.062,0.152,0.0,0.0,0.54125,2.029,0.06093,0.2279999999999999,0.0,0.0,2.8591799999999994,,,,,,,,,,14252,,,0.0388900271454438,Information
124403,668.0,1529.317963,MOZ,Mozambique,Gaza,4.067444669,0.0,0.41,0.82,668.0,668.0,0.0,4.0,-9999.0,-9999.0,-9999.0,0.0,7.0,-999.9,-999.9,-999.9,-5985.4,0.0,0.0,0.0,0.0,0.0,0.0,0.0,0.0,0.0,0.0,0.0,-5985.4,3.4136912123143857,81.34889338,0.0,,21.125,1.381,9.875,0.646,2.688,0.176,2.312,0.151,0.09875,0.646,0.04032,0.264,0.0577999999999999,0.3775,1.48437,0.0,0.0,12.9375,0.8459653463755388,0.0,0.0,0.4528125,2.960878712314386,3.4136912123143857,18281,,,0.044743377889506,Information
124501,675.0,5740.605746,MOZ,Mozambique,Gaza,4.172043864,0.0,0.41,0.82,675.0,675.0,0.0,1.0,-9999.0,-9999.0,-9999.0,0.0,10.0,-999.9,-999.9,-999.9,-5979.4,0.0,0.0,0.0,0.0,0.0,0.0,0.0,0.0,0.0,0.0,0.0,-5979.4,0.968125,83.44087728,0.0,,114.438,1.993,33.25,0.579,1.375,0.024,0.0,0.0,0.3325,0.579,0.020625,0.036,0.0,0.0,0.968125,,,,,,,,,,36352,,,0.0022604100602641,Information
125100,704.0,773.2156064,MOZ,Mozambique,Gaza,2.662395904,3.00217142,0.41,0.82,704.0,,,,,,,,,,,,,,,,,,,,,,,,,21.944480219771368,53.24791808,60.0434284,,29.0,3.751,20.688,2.676,2.438,0.315,0.25,0.032,0.2068799999999999,2.676,0.03657,0.4725,0.00625,0.08,3.4782000000000006,0.0,0.0,45.0,5.819851491363249,0.0,0.0,1.575,20.36948021977137,21.944480219771368,22151,,,0.2744939190178428,Information
125201,705.0,3284.546346,MOZ,Mozambique,Maputo,4.074350341,0.114614825,0.41,0.82,705.0,705.0,0.0,1.0,-9999.0,-9999.0,-9999.0,0.0,10.0,-999.9,-999.9,-999.9,-5979.4,0.0,0.0,0.0,0.0,0.0,0.0,0.0,0.0,0.0,0.0,0.0,-5979.4,0.9754342345703608,81.48700681999999,2.2922965,,41.312,1.258,14.062,0.428,0.0,0.0,0.0,0.0,0.14062,0.428,0.0,0.0,0.0,0.0,0.56862,0.0,0.0,6.890625,0.2097892455915317,0.0,0.0,0.241171875,0.7342623595703609,0.9754342345703608,428801,,,0.0016234299481074,Information
125202,706.0,4132.676734,MOZ,Mozambique,Maputo,2.971584926,0.0,0.41,0.82,706.0,,,,,,,,,,,,,,,,,,,,,,,,,3.26043,59.43169852,0.0,,267.375,6.47,92.625,2.241,1.812,0.044,0.0,0.0,0.92625,2.241,0.02718,0.066,0.0,0.0,3.26043,0.0,0.0,1.125,0.0272220662885697,0.0,0.0,0.039375,0.0952772320099939,0.1346522320099939,63901,,,0.0058489658520931,Information
125203,707.0,1059.31959,MOZ,Mozambique,Maputo,4.246311194,0.0,0.41,0.82,707.0,707.0,0.0,1.0,-9999.0,-9999.0,-9999.0,0.0,10.0,-999.9,-999.9,-999.9,-5979.4,0.0,0.0,0.0,0.0,0.0,0.0,0.0,0.0,0.0,0.0,0.0,-5979.4,2.72393,84.92622388,0.0,,81.062,7.652,26.0,2.454,0.062,0.006,0.0,0.0,0.26,2.454,0.0009299999999999,0.009,0.0,0.0,2.72393,0.0,0.0,0.421875,0.0398250918908622,0.0,0.0,0.014765625,0.1393878216180177,0.1541534466180177,33199,,,0.0435515540315561,Information
125204,708.0,3894.513324,MOZ,Mozambique,Maputo,3.882020707,0.0,0.41,0.82,708.0,,,,,,,,,,,,,,,,,,,,,,,,,1.65,77.64041414,0.0,,171.812,4.412,45.125,1.159,0.75,0.019,0.0,0.0,0.45125,1.159,0.01125,0.0284999999999999,0.0,0.0,1.65,,,,,,,,,,12859,,,0.0045739104591779,Information
125205,709.0,4513.08276,MOZ,Mozambique,Maputo,4.016104278,0.0,0.41,0.82,709.0,,,,,,,,,,,,,,,,,,,,,,,,,1.48387,80.32208556,0.0,,171.625,3.803,45.0,0.997,0.688,0.015,0.062,0.001,0.45,0.997,0.01032,0.0225,0.00155,0.0025,1.48387,0.0,0.0,5.484375,0.1215217023977453,0.0,0.0,0.191953125,0.4253259583921085,0.6172790833921086,26979,,,0.0048711621447626,Information
125207,711.0,1132.576184,MOZ,Mozambique,Maputo,3.912101292,0.0,0.41,0.82,711.0,,,,,,,,,,,,,,,,,,,,,,,,,0.13475,78.24202584,0.0,,14.062,1.242,1.375,0.121,0.0,0.0,0.0,0.0,0.01375,0.121,0.0,0.0,0.0,0.0,0.13475,,,,,,,,,,28651,,,1.844781865752173e-07,Information
125300,714.0,10367.18387,MOZ,Mozambique,Maputo,3.930983893,0.204626987,0.41,0.82,714.0,714.0,0.0,1.0,-9999.0,-9999.0,-9999.0,0.0,10.0,-999.9,-999.9,-999.9,-5979.4,0.0,0.0,0.0,0.0,0.0,0.0,0.0,0.0,0.0,0.0,0.0,-5979.4,6.149755907764815,78.61967786,4.09253974,,51.625,0.498,22.438,0.216,2.688,0.026,1.375,0.013,0.22438,0.216,0.04032,0.039,0.034375,0.0325,0.5865750000000001,0.0,0.0,89.4375,0.8626981165042329,0.0,0.0,3.1303125,3.019443407764815,6.149755907764815,3076783,,,0.1063714445611954,Information
125401,715.0,843.8753024,MOZ,Mozambique,Maputo,2.389101065,2.866228986,0.41,0.82,715.0,715.0,0.0,1.0,-9999.0,-9999.0,-9999.0,0.0,10.0,-999.9,-999.9,-999.9,-5979.4,0.0,0.0,0.0,0.0,0.0,0.0,0.0,0.0,0.0,0.0,0.0,-5979.4,1.5992341102861976,47.7820213,57.32457972,,3.562,0.422,1.5,0.178,0.125,0.015,0.062,0.007,0.015,0.178,0.001875,0.0225,0.00155,0.0175,0.236425,0.421875,0.0499925757724134,3.375,0.3999406061793079,0.006328125,0.0749888636586201,0.118125,1.3997921216275775,1.5992341102861976,9732,,,0.0005115461842814,Information
125402,716.0,731.96693,MOZ,Mozambique,Maputo,4.001523468,0.0,0.41,0.82,716.0,,,,,,,,,,,,,,,,,,,,,,,,,4.824654944184735,80.03046936000001,0.0,,3.062,0.418,2.938,0.401,2.0,0.273,1.188,0.162,0.02938,0.401,0.03,0.4095,0.0296999999999999,0.405,1.30458,2.25,0.3073909363545117,8.4375,1.1527160113294193,0.03375,0.4610864045317675,0.2953125,4.034506039652968,4.824654944184735,5352,,,0.0777356772042686,Information
117950,16040.0,28910.39964,MOZ,Mozambique,Zambezia,4.030976552,2.255638006,0.41,0.82,16040.0,,,,,,,,,,,,,,,,,,,,,,,,,7.696528968551989,80.61953104,45.11276012,,126.75,0.438,57.812,0.2,0.75,0.003,0.0,0.0,0.57812,0.2,0.01125,0.0045,0.0,0.0,0.7938699999999999,12.09375,0.0418318326682579,158.203125,0.5472187412998865,0.18140625,0.0627477490023868,5.537109375,1.9152655945496029,7.696528968551989,1245424,,,0.1778742981104138,Information
122322,464.0,19252.75839,ZWE,Zimbabwe,Manicaland,2.265050018,0.0,0.43,0.79,464.0,,,,,,,,,,,,,,,,,,,,,,,,,0.15343,45.30100036,0.0,,19.0,0.099,9.25,0.048,0.562,0.003,0.0,0.0,0.0925,0.048,0.00843,0.0045,0.0,0.0,0.15343,,,,,,,,,,502957,,,2.0969761544983996e-09,Information
122324,466.0,22079.97135,ZWE,Zimbabwe,Mashonaland East,2.429792611,0.0,0.43,0.79,466.0,,,,,,,,,,,,,,,,,,,,,,,,,1.01908,48.59585222,0.0,,100.062,0.453,57.438,0.26,7.75,0.035,0.438,0.002,0.57438,0.26,0.11625,0.0525,0.01095,0.005,1.01908,0.0,0.0,10.828125,0.0490404848219054,0.0,0.0,0.378984375,0.1716416968766689,0.5506260718766689,1542574,,,4.412433724483074e-05,Information
122329,471.0,8152.117664,ZWE,Zimbabwe,Mashonaland Central,2.676743019,0.0,0.43,0.79,471.0,,,,,,,,,,,,,,,,,,,,,,,,,0.2411071664899191,53.53486038,0.0,,6.688,0.082,3.625,0.044,0.625,0.008,0.188,0.002,0.03625,0.044,0.009375,0.012,0.0046999999999999,0.005,0.1113249999999999,0.0,0.0,3.09375,0.0379502618542626,0.0,0.0,0.10828125,0.1328259164899191,0.2411071664899191,362232,,,7.155285387652785e-08,Information
122376,481.0,9491.997552,ZWE,Zimbabwe,Mashonaland Central,3.116241569,0.0,0.43,0.79,481.0,,,,,,,,,,,,,,,,,,,,,,,,,0.566001181082805,62.32483138,0.0,,41.125,0.433,11.312,0.119,4.062,0.043,0.125,0.001,0.11312,0.119,0.06093,0.0645,0.003125,0.0025,0.3631749999999999,0.0,0.0,7.875,0.0829646231665157,0.0,0.0,0.275625,0.2903761810828049,0.566001181082805,363523,,,1.3454604499450742e-05,Information
122380,485.0,25182.47119,ZWE,Zimbabwe,Mashonaland West,1.365925409,0.0,0.43,0.79,485.0,485.0,0.0,29.0,-9999.0,-9999.0,-9999.0,0.0,1.0,-999.9,-999.9,-999.9,-5997.4,0.0,0.0,0.0,0.0,0.0,0.0,0.0,0.0,0.0,0.0,0.0,-5997.4,2.6473984134145074,27.31850818,0.0,,34.75,0.138,24.312,0.097,16.5,0.066,9.562,0.038,0.24312,0.097,0.2475,0.099,0.2390499999999999,0.095,1.02067,0.0,0.0,54.140625,0.2149932966898592,0.0,0.0,1.894921875,0.7524765384145072,2.6473984134145074,3109333,,,0.0004623151893871,Information
122723,533.0,9440.806048,ZWE,Zimbabwe,Mashonaland West,2.690861262,0.0,0.43,0.79,533.0,533.0,0.0,1.0,-9999.0,-9999.0,-9999.0,0.0,10.0,-999.9,-999.9,-999.9,-5979.4,0.0,0.0,0.0,0.0,0.0,0.0,0.0,0.0,0.0,0.0,0.0,-5979.4,0.5473051460030616,53.81722524,0.0,,,,,,,,,,,,,,,,,0.0,0.0,7.59375,0.0804353988580176,0.0,0.0,0.26578125,0.2815238960030616,0.5473051460030616,316153,,,4.596020064663634e-06,Information
122726,536.0,3212.559634,ZWE,Zimbabwe,Mashonaland West,0.444768347,0.0,0.43,0.79,536.0,,,,,,,,,,,,,,,,,,,,,,,,,1.9432898183774945,8.89536694,0.0,,1.5,0.047,1.5,0.047,0.938,0.029,0.375,0.012,0.015,0.047,0.01407,0.0435,0.009375,0.03,0.158945,0.0,0.0,13.5,0.4202256623935699,0.0,0.0,0.4725,1.4707898183774946,1.9432898183774945,179558,,,5.9633887554475976e-05,Information
122728,538.0,6295.887697,ZWE,Zimbabwe,Mashonaland West,2.501833441,0.0,0.43,0.79,538.0,,,,,,,,,,,,,,,,,,,,,,,,,0.4458817269707115,50.03666882,0.0,,3.875,0.062,3.875,0.062,3.938,0.063,2.062,0.033,0.03875,0.062,0.05907,0.0945,0.0515499999999999,0.0825,0.38837,0.0,0.0,4.921875,0.078176029134489,0.0,0.0,0.172265625,0.2736161019707115,0.4458817269707115,117472,,,1.1850870578411474e-06,Information
122729,539.0,6822.457868,ZWE,Zimbabwe,Midlands,1.231052892,0.0,0.43,0.79,539.0,539.0,0.0,1.0,-9999.0,-9999.0,-9999.0,0.0,10.0,-999.9,-999.9,-999.9,-5979.4,0.0,0.0,0.0,0.0,0.0,0.0,0.0,0.0,0.0,0.0,0.0,-5979.4,0.5946689279036744,24.62105784,0.0,,6.938,0.102,6.688,0.098,0.375,0.005,0.0,0.0,0.06688,0.098,0.005625,0.0075,0.0,0.0,0.178005,0.0,0.0,6.890625,0.1009991579724784,0.0,0.0,0.241171875,0.3534970529036744,0.5946689279036744,250360,,,6.417937282913938e-07,Information
122784,548.0,20580.52285,ZWE,Zimbabwe,Matabeleland North,1.522013417,0.0,0.43,0.79,548.0,548.0,0.0,1.0,-9999.0,-9999.0,-9999.0,0.0,10.0,-999.9,-999.9,-999.9,-5979.4,0.0,0.0,0.0,0.0,0.0,0.0,0.0,0.0,0.0,0.0,0.0,-5979.4,0.8922342966375318,30.44026834,0.0,,,,,,,,,,,,,,,,,0.0,0.0,17.15625,0.0833615847535805,0.0,0.0,0.60046875,0.2917655466375318,0.8922342966375318,903250,,,6.616620095932105e-06,Information
123062,643.0,43546.76259,ZWE,Zimbabwe,Manicaland,3.011531097,0.0,0.43,0.79,643.0,643.0,0.0,1.0,-9999.0,-9999.0,-9999.0,0.0,10.0,-999.9,-999.9,-999.9,-5988.4,0.0,0.0,0.0,0.0,0.0,0.0,0.0,0.0,0.0,0.0,0.0,-5988.4,7.413853732109233,60.230621940000006,0.0,,132.75,0.305,64.188,0.147,41.5,0.095,5.188,0.012,0.64188,0.147,0.6225,0.1425,0.1296999999999999,0.03,1.71358,0.0,0.0,172.265625,0.3955876734597811,0.0,0.0,6.029296875,1.3845568571092337,7.413853732109233,2053701,,,0.046503290618536,Information
123063,644.0,9474.378391,ZWE,Zimbabwe,Masvingo,3.357293652,0.0,0.43,0.79,644.0,,,,,,,,,,,,,,,,,,,,,,,,,2.37225,67.14587304,0.0,,99.0,1.045,36.875,0.389,45.25,0.478,4.25,0.045,0.36875,0.389,0.67875,0.717,0.10625,0.1124999999999999,2.37225,0.0,0.0,5.34375,0.0564021171561603,0.0,0.0,0.18703125,0.197407410046561,0.3844386600465611,254308,,,0.004291415885356,Information
123064,645.0,8079.9679,ZWE,Zimbabwe,Masvingo,1.535549392,0.0,0.43,0.79,645.0,,,,,,,,,,,,,,,,,,,,,,,,,1.62736,30.71098784,0.0,,86.0,1.064,49.438,0.612,12.062,0.149,2.062,0.026,0.49438,0.612,0.18093,0.2234999999999999,0.0515499999999999,0.065,1.62736,0.0,0.0,19.96875,0.2471389768720988,0.0,0.0,0.69890625,0.8649864190523457,1.5638926690523456,433300,,,8.795045872709208e-05,Information
123065,646.0,769.3558616,ZWE,Zimbabwe,Masvingo,4.00573407,0.0,0.43,0.79,646.0,,,,,,,,,,,,,,,,,,,,,,,,,0.4055649999999999,80.1146814,0.0,,9.188,1.194,1.562,0.203,0.688,0.089,0.125,0.016,0.01562,0.203,0.01032,0.1335,0.003125,0.04,0.4055649999999999,,,,,,,,,,13961,,,4.961728682728789e-05,Information
123066,647.0,7956.481727,ZWE,Zimbabwe,Masvingo,2.518660845,0.0,0.43,0.79,647.0,,,,,,,,,,,,,,,,,,,,,,,,,1.0552475762353686,50.3732169,0.0,,40.125,0.504,34.0,0.427,3.938,0.049,0.312,0.004,0.34,0.427,0.05907,0.0735,0.0078,0.01,0.91737,0.0,0.0,13.359375,0.1679055574958196,0.0,0.0,0.467578125,0.5876694512353686,1.0552475762353686,231476,,,5.88770634403985e-05,Information
123067,648.0,4472.211322,ZWE,Zimbabwe,Masvingo,2.933324278,0.0,0.43,0.79,648.0,,,,,,,,,,,,,,,,,,,,,,,,,0.417755,58.666485560000005,0.0,,11.312,0.253,7.688,0.172,3.25,0.073,0.125,0.003,0.07688,0.172,0.04875,0.1094999999999999,0.003125,0.0075,0.417755,0.0,0.0,1.265625,0.0282997584184945,0.0,0.0,0.044296875,0.0990491544647307,0.1433460294647307,159742,,,2.168589116485797e-06,Information
124502,676.0,15014.19846,ZWE,Zimbabwe,Masvingo,3.130114292,0.0,0.43,0.79,676.0,,,,,,,,,,,,,,,,,,,,,,,,,0.71793,62.60228584,0.0,,43.75,0.291,19.375,0.129,14.562,0.097,0.75,0.005,0.19375,0.129,0.21843,0.1455,0.01875,0.0125,0.71793,0.0,0.0,4.5,0.0299716299258985,0.0,0.0,0.1575,0.1049007047406447,0.2624007047406447,278358,,,3.85898815262163e-05,Information
124504,678.0,8086.229645,ZWE,Zimbabwe,Matabeleland South,3.227672279,0.0,0.43,0.79,678.0,,,,,,,,,,,,,,,,,,,,,,,,,1.29025,64.55344558,0.0,,23.188,0.287,12.375,0.153,25.375,0.314,2.875,0.036,0.12375,0.153,0.380625,0.471,0.071875,0.09,1.29025,0.0,0.0,2.953125,0.0365204196470039,0.0,0.0,0.103359375,0.1278214687645136,0.2311808437645136,48368,,,0.0004611913900701,Information
124507,681.0,1319.040093,ZWE,Zimbabwe,Matabeleland South,3.694749409,0.0,0.43,0.79,681.0,681.0,0.0,1.0,-9999.0,-9999.0,-9999.0,0.0,10.0,-999.9,-999.9,-999.9,-5979.4,0.0,0.0,0.0,0.0,0.0,0.0,0.0,0.0,0.0,0.0,0.0,-5979.4,-5979.4,73.89498818,0.0,,,,,,,,,,,,,,,,,,,,,,,,,,120823,,,,
124508,682.0,16021.93207,ZWE,Zimbabwe,Matabeleland South,3.121783598,0.0,0.43,0.79,682.0,,,,,,,,,,,,,,,,,,,,,,,,,1.02005,62.43567196,0.0,,35.688,0.223,30.125,0.188,18.0,0.112,2.312,0.014,0.30125,0.188,0.27,0.168,0.0577999999999999,0.035,1.02005,0.0,0.0,4.359375,0.0272087971803891,0.0,0.0,0.152578125,0.0952307901313618,0.2478089151313618,188083,,,0.0001553549135765,Information
124600,684.0,29131.86045,ZWE,Zimbabwe,Matabeleland South,1.372698472,0.0,0.43,0.79,684.0,,,,,,,,,,,,,,,,,,,,,,,,,1.1107137206286164,27.45396944,0.0,,12.312,0.042,11.0,0.038,10.812,0.037,1.25,0.004,0.11,0.038,0.16218,0.0554999999999999,0.03125,0.01,0.40693,0.0,0.0,23.625,0.0810967773224618,0.0,0.0,0.826875,0.2838387206286163,1.1107137206286164,563747,,,1.4625629503926887e-05,Information
122410,487.0,7777.988671,ZMB,Zambia,Lusaka,3.536991366,0.0,0.51,0.68,487.0,487.0,0.0,1.0,-9999.0,-9999.0,-9999.0,0.0,10.0,-999.9,-999.9,-999.9,-5979.4,0.0,0.0,0.0,0.0,0.0,0.0,0.0,0.0,0.0,0.0,0.0,-5979.4,0.52407,70.73982732,0.0,,46.438,0.597,18.5,0.238,2.938,0.038,0.0,0.0,0.185,0.238,0.04407,0.0569999999999999,0.0,0.0,0.52407,0.0,0.0,3.375,0.043391680582081,0.0,0.0,0.118125,0.1518708820372835,0.2699958820372835,63880,,,2.880927998515861e-05,Information
122421,488.0,991.1290588,ZMB,Zambia,Eastern,4.020049736,0.0,0.51,0.68,488.0,,,,,,,,,,,,,,,,,,,,,,,,,0.1659999999999999,80.40099472,0.0,,7.125,0.719,1.5,0.151,0.0,0.0,0.0,0.0,0.015,0.151,0.0,0.0,0.0,0.0,0.1659999999999999,,,,,,,,,,615,,,9.154474238026557e-07,Information
122422,489.0,15052.3398,ZMB,Zambia,Central,3.42248915,0.0,0.51,0.68,489.0,,,,,,,,,,,,,,,,,,,,,,,,,0.7003100000000001,68.449783,0.0,,65.688,0.436,36.688,0.244,3.562,0.024,0.0,0.0,0.36688,0.244,0.05343,0.036,0.0,0.0,0.7003100000000001,0.0,0.0,9.140625,0.060725608902152,0.0,0.0,0.319921875,0.212539631157532,0.532461506157532,107840,,,7.010071183597524e-05,Information
122423,490.0,6233.826055,ZMB,Zambia,Lusaka,4.001659084,0.0,0.51,0.68,490.0,,,,,,,,,,,,,,,,,,,,,,,,,0.820005,80.03318168,0.0,,109.375,1.755,26.438,0.424,3.375,0.054,0.0,0.0,0.26438,0.424,0.050625,0.081,0.0,0.0,0.820005,,,,,,,,,,31714,,,0.0007051940593727,Information
122424,491.0,8996.258707,ZMB,Zambia,Central,1.085360731,0.0,0.51,0.68,491.0,491.0,0.0,1.0,-9999.0,-9999.0,-9999.0,0.0,10.0,-999.9,-999.9,-999.9,-5979.4,0.0,0.0,0.0,0.0,0.0,0.0,0.0,0.0,0.0,0.0,0.0,-5979.4,2.68136801953472,21.70721462,0.0,,98.875,1.099,29.375,0.327,9.938,0.11,2.375,0.026,0.29375,0.327,0.14907,0.165,0.059375,0.065,1.059195,0.0,0.0,36.28125,0.4032926484384914,0.0,0.0,1.26984375,1.41152426953472,2.68136801953472,428694,,,0.000370249176785,Information
122425,492.0,757.152615,ZMB,Zambia,Central,4.012475835,0.0,0.51,0.68,492.0,,,,,,,,,,,,,,,,,,,,,,,,,0.87888,80.2495167,0.0,,16.438,2.171,3.938,0.52,1.5,0.198,0.0,0.0,0.03938,0.52,0.0225,0.297,0.0,0.0,0.87888,,,,,,,,,,4441,,,0.0009282263174493,Information
122426,493.0,3543.538998,ZMB,Zambia,Central,2.808139144,0.0,0.51,0.68,493.0,,,,,,,,,,,,,,,,,,,,,,,,,0.9593911364455264,56.16278288,0.0,,17.688,0.499,10.75,0.303,1.188,0.034,0.188,0.005,0.1075,0.303,0.01782,0.051,0.0046999999999999,0.0125,0.4965199999999999,0.0,0.0,7.171875,0.2023930032701504,0.0,0.0,0.251015625,0.7083755114455264,0.9593911364455264,69445,,,6.620306459358327e-05,Information
122427,494.0,4631.20486,ZMB,Zambia,Central,1.815557513,0.0,0.51,0.68,494.0,,,,,,,,,,,,,,,,,,,,,,,,,1.7570945113119305,36.31115026,0.0,,31.562,0.682,15.438,0.333,6.312,0.136,0.5,0.011,0.15438,0.333,0.09468,0.204,0.0125,0.0274999999999999,0.8260599999999999,0.0,0.0,15.890625,0.3431207532319801,0.0,0.0,0.556171875,1.2009226363119303,1.7570945113119305,120656,,,0.0001651184424181,Information
122428,495.0,1858.389523,ZMB,Zambia,Central,3.056363702,0.0,0.51,0.68,495.0,,,,,,,,,,,,,,,,,,,,,,,,,0.5025040031708536,61.12727404,0.0,,4.312,0.232,0.875,0.047,0.375,0.02,0.125,0.007,0.00875,0.047,0.005625,0.03,0.003125,0.0175,0.112,0.0,0.0,2.25,0.1210725723345296,0.0,0.0,0.07875,0.4237540031708536,0.5025040031708536,56946,,,6.855323804460959e-06,Information
122429,496.0,2543.432905,ZMB,Zambia,Central,0.040013852,0.0,0.51,0.68,496.0,,,,,,,,,,,,,,,,,,,,,,,,,0.1951999999999999,0.8002770400000001,0.0,,9.0,0.354,3.688,0.145,0.188,0.007,0.0,0.0,0.03688,0.145,0.00282,0.0105,0.0,0.0,0.1951999999999999,0.0,0.0,0.984375,0.0387026132235231,0.0,0.0,0.034453125,0.1354591462823308,0.1699122712823308,78966,,,2.3193213506174915e-10,Information
122430,497.0,23204.39319,ZMB,Zambia,Eastern,2.188582549,0.0,0.51,0.68,497.0,,,,,,,,,,,,,,,,,,,,,,,,,1.71712,43.77165098,0.0,,179.562,0.774,112.312,0.484,4.75,0.02,0.25,0.001,1.12312,0.484,0.07125,0.03,0.00625,0.0025,1.71712,0.0,0.0,20.671875,0.0890860400227347,0.0,0.0,0.723515625,0.3118011400795714,1.0353167650795714,471317,,,0.000242621888472,Information
122440,498.0,10501.524,ZMB,Zambia,Eastern,1.226388121,0.0,0.51,0.68,498.0,,,,,,,,,,,,,,,,,,,,,,,,,1.046555,24.52776242,0.0,,80.875,0.77,48.75,0.464,3.062,0.029,0.125,0.001,0.4875,0.464,0.04593,0.0435,0.003125,0.0025,1.046555,0.0,0.0,2.8125,0.0267818270971054,0.0,0.0,0.0984375,0.0937363948398689,0.1921738948398689,776180,,,9.417951900735778e-06,Information
122450,499.0,15821.60351,ZMB,Zambia,Eastern,2.535638968,0.0,0.51,0.68,499.0,,,,,,,,,,,,,,,,,,,,,,,,,1.62107,50.712779360000006,0.0,,133.438,0.843,83.812,0.53,9.25,0.058,0.688,0.004,0.83812,0.53,0.13875,0.087,0.0171999999999999,0.01,1.62107,0.0,0.0,21.65625,0.1368777190336876,0.0,0.0,0.75796875,0.4790720166179065,1.2370407666179064,159905,,,0.0003194040236405,Information
122460,500.0,6277.813098,ZMB,Zambia,Muchinga,1.74081111,0.0,0.51,0.68,500.0,,,,,,,,,,,,,,,,,,,,,,,,,0.38169,34.8162222,0.0,,28.438,0.453,10.312,0.164,2.938,0.047,0.0,0.0,0.1031199999999999,0.164,0.04407,0.0705,0.0,0.0,0.38169,,,,,,,,,,16075,,,1.371083679542845e-07,Information
122470,501.0,2730.936632,ZMB,Zambia,Muchinga,2.032126395,0.0,0.51,0.68,501.0,,,,,,,,,,,,,,,,,,,,,,,,,1.4572999999999998,40.642527900000005,0.0,,48.25,1.767,30.812,1.128,0.312,0.011,0.0,0.0,0.30812,1.128,0.00468,0.0165,0.0,0.0,1.4572999999999998,0.0,0.0,2.390625,0.0875386478016872,0.0,0.0,0.083671875,0.3063852673059052,0.3900571423059052,2749,,,0.0001048675329678,Information
122480,502.0,4631.966786,ZMB,Zambia,Eastern,3.564686883,0.0,0.51,0.68,502.0,,,,,,,,,,,,,,,,,,,,,,,,,0.2521799999999999,71.29373765999999,0.0,,10.188,0.22,7.5,0.162,0.312,0.007,0.0,0.0,0.075,0.162,0.00468,0.0105,0.0,0.0,0.2521799999999999,,,,,,,,,,290665,,,1.096748252020653e-06,Information
122491,503.0,5655.25485,ZMB,Zambia,Muchinga,2.084396715,0.0,0.51,0.68,503.0,,,,,,,,,,,,,,,,,,,,,,,,,0.330875,41.6879343,0.0,,21.938,0.388,11.375,0.201,0.375,0.007,0.0,0.0,0.11375,0.201,0.005625,0.0105,0.0,0.0,0.330875,,,,,,,,,,21390,,,1.1591015951686205e-07,Information
122500,512.0,19119.51717,ZMB,Zambia,Lusaka,0.763657552,0.0,0.51,0.68,512.0,512.0,0.0,1.0,-9999.0,-9999.0,-9999.0,0.0,10.0,-999.9,-999.9,-999.9,-5979.4,0.0,0.0,0.0,0.0,0.0,0.0,0.0,0.0,0.0,0.0,0.0,-5979.4,4.100389899706619,15.273151039999998,0.0,,174.25,0.911,66.188,0.346,10.125,0.053,0.438,0.002,0.66188,0.346,0.151875,0.0795,0.01095,0.005,1.255205,0.0,0.0,76.921875,0.4023212213447483,0.0,0.0,2.692265625,1.408124274706619,4.100389899706619,1464550,,,0.0012294636505507,Information
122611,513.0,7635.032279,ZMB,Zambia,Southern,2.109112131,0.0,0.51,0.68,513.0,513.0,0.0,1.0,-9999.0,-9999.0,-9999.0,0.0,10.0,-999.9,-999.9,-999.9,-5979.4,0.0,0.0,0.0,0.0,0.0,0.0,0.0,0.0,0.0,0.0,0.0,-5979.4,8.696758220999676,42.18224262,0.0,,44.188,0.579,16.0,0.21,3.625,0.047,0.562,0.007,0.16,0.21,0.054375,0.0705,0.01405,0.0175,0.5264249999999999,0.0,0.0,107.578125,1.4090068131427644,0.0,0.0,3.765234375,4.931523845999676,8.696758220999676,603204,,,0.0290895752595084,Information
122612,514.0,4463.399318,ZMB,Zambia,Central,0.934772119,0.0,0.51,0.68,514.0,514.0,0.0,1.0,-9999.0,-9999.0,-9999.0,0.0,10.0,-999.9,-999.9,-999.9,-5979.4,0.0,0.0,0.0,0.0,0.0,0.0,0.0,0.0,0.0,0.0,0.0,-5979.4,0.4784719343335116,18.69544238,0.0,,23.688,0.531,5.062,0.113,0.062,0.001,0.0,0.0,0.05062,0.113,0.0009299999999999,0.0015,0.0,0.0,0.16605,0.0,0.0,4.21875,0.0945187669524319,0.0,0.0,0.14765625,0.3308156843335116,0.4784719343335116,1892937,,,1.4080237486793912e-07,Information
122613,515.0,160.1770905,ZMB,Zambia,Southern,4.387730942,0.0,0.51,0.68,515.0,,,,,,,,,,,,,,,,,,,,,,,,,35.753046875,87.75461884,0.0,3.0,14.0,8.74,7.312,4.565,0.25,0.156,0.0,0.0,0.07312,4.565,0.00375,0.2339999999999999,0.0,0.0,4.875870000000001,0.0,0.0,21.515625,13.432398433090976,0.0,0.0,0.753046875,35.0,35.753046875,382,33.0,8.64,0.8580246705294691,Warning
122614,516.0,3939.895309,ZMB,Zambia,Central,1.325391929,0.0,0.51,0.68,516.0,,,,,,,,,,,,,,,,,,,,,,,,,15.916647778297104,26.50783858,0.0,,93.875,2.383,26.062,0.662,1.625,0.041,0.125,0.003,0.26062,0.662,0.024375,0.0615,0.003125,0.0075,1.01912,0.0,0.0,128.53125,3.26230115094203,0.0,0.0,4.49859375,11.418054028297105,15.916647778297104,127036,,,0.0630314914070455,Information
122615,517.0,3828.239638,ZMB,Zambia,Southern,2.178357493,0.0,0.51,0.68,517.0,517.0,0.0,1.0,-9999.0,-9999.0,-9999.0,0.0,10.0,-999.9,-999.9,-999.9,-5979.4,0.0,0.0,0.0,0.0,0.0,0.0,0.0,0.0,0.0,0.0,0.0,-5979.4,18.151984134075413,43.56714986,0.0,,55.0,1.437,16.375,0.428,2.625,0.069,0.625,0.016,0.16375,0.428,0.039375,0.1035,0.015625,0.04,0.7902500000000001,0.0,0.0,143.578125,3.7504999311644034,0.0,0.0,5.025234375,13.126749759075413,18.151984134075413,161203,,,0.1283403264727151,Information
122616,518.0,8330.225999,ZMB,Zambia,Southern,1.681477148,0.0,0.51,0.68,518.0,,,,,,,,,,,,,,,,,,,,,,,,,2.729242692463477,33.629542959999995,0.0,,77.375,0.929,27.688,0.332,2.125,0.026,0.75,0.009,0.27688,0.332,0.031875,0.039,0.01875,0.0225,0.7210050000000001,0.0,0.0,35.4375,0.4254086264181363,0.0,0.0,1.2403125,1.488930192463477,2.729242692463477,349678,,,0.0007083475045143,Information
122617,519.0,12547.46017,ZMB,Zambia,Southern,2.524165656,0.0,0.51,0.68,519.0,,,,,,,,,,,,,,,,,,,,,,,,,10.861023396548068,50.483313120000005,0.0,,122.375,0.975,42.875,0.342,1.312,0.01,0.0,0.0,0.42875,0.342,0.01968,0.015,0.0,0.0,0.8054300000000001,0.0,0.0,172.6875,1.3762745418708766,0.0,0.0,6.0440625,4.816960896548068,10.861023396548068,225280,,,0.0646170366439245,Information
122618,520.0,7084.14797,ZMB,Zambia,Southern,2.185893047,0.0,0.51,0.68,520.0,,,,,,,,,,,,,,,,,,,,,,,,,0.6172194792888979,43.71786094,0.0,,20.0,0.282,8.062,0.114,0.0,0.0,0.0,0.0,0.08062,0.114,0.0,0.0,0.0,0.0,0.19462,0.0,0.0,7.3125,0.1032234226539708,0.0,0.0,0.2559375,0.3612819792888978,0.6172194792888979,152660,,,3.1972406782212594e-06,Information
122619,521.0,16109.341,ZMB,Zambia,Southern,3.176310582,0.0,0.51,0.68,521.0,521.0,0.0,1.0,-9999.0,-9999.0,-9999.0,0.0,10.0,-999.9,-999.9,-999.9,-5979.4,0.0,0.0,0.0,0.0,0.0,0.0,0.0,0.0,0.0,0.0,0.0,-5979.4,15.515590940367838,63.52621164,0.0,,184.438,1.145,64.812,0.402,5.938,0.037,0.25,0.002,0.64812,0.402,0.08907,0.0554999999999999,0.00625,0.005,1.20594,0.0,0.0,273.515625,1.6978697329622396,0.0,0.0,9.573046875,5.942544065367839,15.515590940367838,35197,,,0.1963451999591937,Information
122620,522.0,10544.93285,ZMB,Zambia,North-Western,2.726697005,0.0,0.51,0.68,522.0,,,,,,,,,,,,,,,,,,,,,,,,,10.941506732192916,54.5339401,0.0,,7.5,0.071,6.375,0.06,1.375,0.013,0.0,0.0,0.06375,0.06,0.020625,0.0195,0.0,0.0,0.163875,0.0,0.0,160.453125,1.521613530626547,0.0,0.0,5.615859375,5.325647357192914,10.941506732192916,62822,,,0.0771649814541888,Information
122630,523.0,2097.942226,ZMB,Zambia,Central,2.84139278,0.0,0.51,0.68,523.0,,,,,,,,,,,,,,,,,,,,,,,,,1.9300007350715709,56.8278556,0.0,,3.75,0.179,2.688,0.128,0.062,0.003,0.0,0.0,0.02688,0.128,0.0009299999999999,0.0045,0.0,0.0,0.16031,0.0,0.0,9.5625,0.4558037814490202,0.0,0.0,0.3346875,1.5953132350715706,1.9300007350715709,696,,,0.00094282622754,Information
122640,524.0,24722.63901,ZMB,Zambia,North-Western,1.977180961,0.0,0.51,0.68,524.0,524.0,0.0,1.0,-9999.0,-9999.0,-9999.0,0.0,10.0,-999.9,-999.9,-999.9,-5979.4,0.0,0.0,0.0,0.0,0.0,0.0,0.0,0.0,0.0,0.0,0.0,-5979.4,1.8318687392821205,39.54361922,0.0,,114.125,0.462,36.25,0.147,24.5,0.099,3.812,0.015,0.3625,0.147,0.3675,0.1485,0.0953,0.0375,1.1583,0.0,0.0,37.265625,0.1507348183663202,0.0,0.0,1.304296875,0.5275718642821207,1.8318687392821205,285426,,,0.0002356267146532,Information
122650,525.0,4697.470735,ZMB,Zambia,North-Western,2.397137739,0.0,0.51,0.68,525.0,525.0,0.0,1.0,-9999.0,-9999.0,-9999.0,0.0,10.0,-999.9,-999.9,-999.9,-5979.4,0.0,0.0,0.0,0.0,0.0,0.0,0.0,0.0,0.0,0.0,0.0,-5979.4,3.726700286359903,47.94275478,0.0,,16.625,0.354,8.312,0.177,2.312,0.049,0.0,0.0,0.08312,0.177,0.03468,0.0735,0.0,0.0,0.3683,0.0,0.0,34.03125,0.7244590103885437,0.0,0.0,1.19109375,2.5356065363599027,3.726700286359903,15065,,,0.0041843516285308,Information
122660,526.0,13538.09217,ZMB,Zambia,Central,1.885734933,0.0,0.51,0.68,526.0,,,,,,,,,,,,,,,,,,,,,,,,,14.06844786669657,37.71469866,0.0,,195.875,1.447,63.312,0.468,22.562,0.167,4.562,0.034,0.63312,0.468,0.33843,0.2505,0.11405,0.085,1.8891,0.0,0.0,231.1875,1.7076815333418771,0.0,0.0,8.0915625,5.97688536669657,14.06844786669657,245666,,,0.0684030212349274,Information
122670,527.0,2776.298021,ZMB,Zambia,Central,4.048938607,0.0,0.51,0.68,527.0,,,,,,,,,,,,,,,,,,,,,,,,,4.462063598735678,80.97877214,0.0,,18.375,0.662,12.125,0.437,0.875,0.032,0.0,0.0,0.12125,0.437,0.013125,0.048,0.0,0.0,0.6193750000000001,0.0,0.0,27.703125,0.9978440639244794,0.0,0.0,0.969609375,3.492454223735678,4.462063598735678,11811,,,0.0735370315092379,Information
122680,528.0,9457.535137,ZMB,Zambia,Copperbelt,3.074560151,0.0,0.51,0.68,528.0,,,,,,,,,,,,,,,,,,,,,,,,,2.754287960575585,61.49120302,0.0,,114.0,1.205,57.75,0.611,20.875,0.221,1.688,0.018,0.5775,0.611,0.313125,0.3315,0.0421999999999999,0.045,1.920325,0.0,0.0,38.25,0.4044394173073099,0.0,0.0,1.33875,1.415537960575585,2.754287960575585,32645,,,0.0041731779207882,Information
122690,529.0,24984.09024,ZMB,Zambia,Copperbelt,0.680790842,0.0,0.51,0.68,529.0,529.0,0.0,1.0,-9999.0,-9999.0,-9999.0,0.0,10.0,-999.9,-999.9,-999.9,-5979.4,0.0,0.0,0.0,0.0,0.0,0.0,0.0,0.0,0.0,0.0,0.0,-5979.4,5.672016162806215,13.61581684,0.0,,336.812,1.348,126.688,0.507,72.0,0.288,7.875,0.032,1.26688,0.507,1.08,0.4319999999999999,0.196875,0.08,3.562755,0.0,0.0,115.734375,0.4632322965160614,0.0,0.0,4.050703125,1.6213130378062148,5.672016162806215,2541329,,,0.0032320586040198,Information
122710,530.0,4457.651612,ZMB,Zambia,Southern,4.005031637,0.0,0.51,0.68,530.0,,,,,,,,,,,,,,,,,,,,,,,,,4.581462210164647,80.10063274000001,0.0,,17.75,0.398,5.938,0.133,1.625,0.036,0.312,0.007,0.0593799999999999,0.133,0.024375,0.0539999999999999,0.0078,0.0175,0.2960549999999999,0.0,0.0,40.359375,0.9053954529041848,0.0,0.0,1.412578125,3.1688840851646467,4.581462210164647,152402,,,0.0709611960150836,Information
122730,540.0,3894.597385,ZMB,Zambia,Southern,4.033538262,0.0,0.51,0.68,540.0,,,,,,,,,,,,,,,,,,,,,,,,,1.3345276342763028,80.67076524000001,0.0,,8.312,0.213,2.062,0.053,0.625,0.016,0.125,0.003,0.02062,0.053,0.009375,0.024,0.003125,0.0075,0.1176199999999999,0.0,0.0,10.6875,0.2744186097932294,0.0,0.0,0.3740625,0.9604651342763028,1.3345276342763028,61478,,,0.0037583497077094,Information
122750,542.0,4048.151056,ZMB,Zambia,Southern,4.025244478,0.0,0.51,0.68,542.0,,,,,,,,,,,,,,,,,,,,,,,,,3.279399054850771,80.50488956000001,0.0,,6.375,0.157,5.812,0.144,2.438,0.06,0.75,0.019,0.05812,0.144,0.03657,0.09,0.01875,0.0475,0.3949399999999999,0.0,0.0,27.0,0.6669711585287919,0.0,0.0,0.945,2.334399054850772,3.279399054850771,84806,,,0.0373335807475249,Information
122770,544.0,19856.92655,ZMB,Zambia,Southern,4.0111019,0.0,0.51,0.68,544.0,,,,,,,,,,,,,,,,,,,,,,,,,4.403323731613947,80.222038,0.0,,19.938,0.1,16.875,0.085,4.625,0.023,1.312,0.007,0.16875,0.085,0.069375,0.0345,0.0328,0.0175,0.4079250000000001,0.0,0.0,83.671875,0.4213737447468419,0.0,0.0,2.928515625,1.474808106613947,4.403323731613947,476842,,,0.0665216173151872,Information
122790,554.0,21945.52958,ZMB,Zambia,Southern,0.632724963,0.0,0.51,0.68,554.0,,,,,,,,,,,,,,,,,,,,,,,,,4.7716528000993925,12.65449926,0.0,,30.875,0.141,27.125,0.124,8.438,0.038,2.5,0.011,0.27125,0.124,0.12657,0.0569999999999999,0.0625,0.0274999999999999,0.6688199999999999,0.0,0.0,93.65625,0.4267668714569693,0.0,0.0,3.27796875,1.4936840500993924,4.7716528000993925,511752,,,0.0018235234593571,Information
122911,580.0,5886.536627,ZMB,Zambia,Southern,0.709064614,0.0,0.51,0.68,580.0,,,,,,,,,,,,,,,,,,,,,,,,,5.539059273331891,14.18129228,0.0,,13.312,0.226,13.312,0.226,3.938,0.067,2.625,0.045,0.13312,0.226,0.05907,0.1005,0.065625,0.1124999999999999,0.696815,0.0,0.0,58.640625,0.9961821138091118,0.0,0.0,2.052421875,3.4866373983318915,5.539059273331891,85850,,,0.0030681073897184,Information
122912,581.0,15437.92342,ZMB,Zambia,Southern,2.361094937,0.0,0.51,0.68,581.0,,,,,,,,,,,,,,,,,,,,,,,,,1.6057892395834132,47.22189874,0.0,,7.625,0.049,7.625,0.049,1.875,0.012,0.5,0.003,0.07625,0.049,0.028125,0.018,0.0125,0.0075,0.191375,0.0,0.0,27.84375,0.1803594255952609,0.0,0.0,0.97453125,0.6312579895834132,1.6057892395834132,86359,,,0.000239277836157,Information
122913,582.0,14582.88985,ZMB,Zambia,Western,3.182464869,0.0,0.51,0.68,582.0,582.0,0.0,1.0,-9999.0,-9999.0,-9999.0,0.0,10.0,-999.9,-999.9,-999.9,-5979.4,0.0,0.0,0.0,0.0,0.0,0.0,0.0,0.0,0.0,0.0,0.0,-5979.4,5.052859381766021,63.64929738,0.0,,24.875,0.171,24.875,0.171,6.562,0.045,1.75,0.012,0.24875,0.171,0.09843,0.0675,0.04375,0.03,0.65943,0.0,0.0,85.640625,0.5872678590760059,0.0,0.0,2.997421875,2.0554375067660207,5.052859381766021,123858,,,0.0242330173514916,Information
122915,584.0,9498.541966,ZMB,Zambia,Western,2.687264532,0.0,0.51,0.68,584.0,584.0,0.0,1.0,-9999.0,-9999.0,-9999.0,0.0,10.0,-999.9,-999.9,-999.9,-5979.4,0.0,0.0,0.0,0.0,0.0,0.0,0.0,0.0,0.0,0.0,0.0,-5979.4,2.39455114476558,53.74529064,0.0,,11.438,0.12,11.438,0.12,2.25,0.024,0.688,0.007,0.11438,0.12,0.03375,0.036,0.0171999999999999,0.0175,0.33883,0.0,0.0,33.328125,0.3508762199330228,0.0,0.0,1.166484375,1.2280667697655798,2.39455114476558,66186,,,0.0015333715778419,Information
122917,586.0,331.7552362,ZMB,Zambia,Western,1.863050942,0.0,0.51,0.68,586.0,,,,,,,,,,,,,,,,,,,,,,,,,8.890268880248593,37.261018840000006,0.0,,0.812,0.245,0.812,0.245,0.062,0.019,0.0,0.0,0.00812,0.245,0.0009299999999999,0.0284999999999999,0.0,0.0,0.2825499999999999,0.0,0.0,8.15625,2.4585143229281696,0.0,0.0,0.28546875,8.604800130248593,8.890268880248593,4112,,,0.0253490907797423,Information
122919,588.0,9264.890047,ZMB,Zambia,Western,1.516808522,0.0,0.51,0.68,588.0,588.0,0.0,1.0,-9999.0,-9999.0,-9999.0,0.0,10.0,-999.9,-999.9,-999.9,-5979.4,0.0,0.0,0.0,0.0,0.0,0.0,0.0,0.0,0.0,0.0,0.0,-5979.4,16.753499007581603,30.33617044,0.0,,44.625,0.482,44.562,0.481,11.188,0.121,7.438,0.08,0.4456199999999999,0.481,0.16782,0.1815,0.1859499999999999,0.2,1.66189,0.0,0.0,230.203125,2.4846827521661723,0.0,0.0,8.057109375,8.696389632581603,16.753499007581603,261943,,,0.0770678903911614,Information
122923,591.0,509.9624772,ZMB,Zambia,Western,1.577786012,0.0,0.51,0.68,591.0,591.0,0.0,1.0,-9999.0,-9999.0,-9999.0,0.0,10.0,-999.9,-999.9,-999.9,-5979.4,0.0,0.0,0.0,0.0,0.0,0.0,0.0,0.0,0.0,0.0,0.0,-5979.4,-5979.4,31.55572024,0.0,,,,,,,,,,,,,,,,,,,,,,,,,,21256,,,,
122925,593.0,1768.603652,ZMB,Zambia,Western,0.655914937,0.0,0.51,0.68,593.0,,,,,,,,,,,,,,,,,,,,,,,,,3.144099142243936,13.11829874,0.0,,8.188,0.463,8.188,0.463,1.375,0.078,0.25,0.014,0.08188,0.463,0.020625,0.1169999999999999,0.00625,0.035,0.723755,0.0,0.0,13.5,0.7633140406411245,0.0,0.0,0.4725,2.671599142243936,3.144099142243936,10166,,,0.0004516697480798,Information
122927,595.0,416.3233658,ZMB,Zambia,Western,2.196033456,0.0,0.51,0.68,595.0,,,,,,,,,,,,,,,,,,,,,,,,,7.634945424386087,43.92066912,0.0,,2.062,0.495,2.062,0.495,0.188,0.045,0.188,0.045,0.02062,0.495,0.00282,0.0675,0.0046999999999999,0.1124999999999999,0.7031400000000001,0.0,0.0,8.71875,2.094225478396025,0.0,0.0,0.30515625,7.329789174386087,7.634945424386087,3075,,,0.0230743049732216,Information
122930,598.0,25037.86844,ZMB,Zambia,Western,3.166821731,0.0,0.51,0.68,598.0,598.0,0.0,1.0,-9999.0,-9999.0,-9999.0,0.0,10.0,-999.9,-999.9,-999.9,-5979.4,0.0,0.0,0.0,0.0,0.0,0.0,0.0,0.0,0.0,0.0,0.0,-5979.4,3.2854077958916195,63.336434620000006,0.0,,20.062,0.08,15.312,0.061,1.438,0.006,0.688,0.003,0.15312,0.061,0.02157,0.009,0.0171999999999999,0.0075,0.26939,0.0,0.0,67.078125,0.2679066916833198,0.0,0.0,2.347734375,0.9376734208916192,3.2854077958916195,274252,,,0.0079262744616342,Information
122941,599.0,61.0436895,ZMB,Zambia,Western,4.186536596,0.0,0.51,0.68,599.0,,,,,,,,,,,,,,,,,,,,,,,,,9.734509787508069,83.73073192,0.0,,0.125,0.205,0.125,0.205,0.0,0.0,0.0,0.0,0.00125,0.205,0.0,0.0,0.0,0.0,0.20625,0.0,0.0,1.6875,2.7644135107165906,0.0,0.0,0.0590625,9.675447287508067,9.734509787508069,650,,,0.3037656116556489,Information
122942,600.0,5058.936044,ZMB,Zambia,North-Western,1.545247411,0.0,0.51,0.68,600.0,,,,,,,,,,,,,,,,,,,,,,,,,0.3369717672745064,30.90494822,0.0,,2.438,0.048,2.438,0.048,1.438,0.028,0.938,0.019,0.02438,0.048,0.02157,0.042,0.02345,0.0475,0.2069,0.0,0.0,3.234375,0.0639338977927161,0.0,0.0,0.113203125,0.2237686422745063,0.3369717672745064,19312,,,5.096776688679045e-08,Information
122945,603.0,2099.065115,ZMB,Zambia,North-Western,3.321240488,0.0,0.51,0.68,603.0,,,,,,,,,,,,,,,,,,,,,,,,,1.7305586315815924,66.42480976,0.0,,2.75,0.131,2.75,0.131,0.0,0.0,0.0,0.0,0.0275,0.131,0.0,0.0,0.0,0.0,0.1585,0.0,0.0,8.578125,0.4086640733090264,0.0,0.0,0.300234375,1.4303242565815923,1.7305586315815924,5121,,,0.0015117274153457,Information
122950,608.0,256.5193789,ZMB,Zambia,Western,3.213818155,0.0,0.51,0.68,608.0,,,,,,,,,,,,,,,,,,,,,,,,,10.036460534176262,64.2763631,0.0,,3.0,1.17,3.0,1.17,0.625,0.244,0.062,0.024,0.03,1.17,0.009375,0.366,0.00155,0.06,1.6369249999999995,0.0,0.0,7.171875,2.795841402621789,0.0,0.0,0.251015625,9.78544490917626,10.036460534176262,5025,,,0.1021157037776336,Information
122965,613.0,2808.79869,ZMB,Zambia,North-Western,3.641548864,0.0,0.51,0.68,613.0,613.0,0.0,1.0,-9999.0,-9999.0,-9999.0,0.0,10.0,-999.9,-999.9,-999.9,-5979.4,0.0,0.0,0.0,0.0,0.0,0.0,0.0,0.0,0.0,0.0,0.0,-5979.4,0.3815639072684358,72.83097728,0.0,,,,,,,,,,,,,,,,,0.0,0.0,2.390625,0.0851120092195531,0.0,0.0,0.083671875,0.2978920322684358,0.3815639072684358,45729,,,9.970321760223169e-06,Information
122966,614.0,5062.714337,ZMB,Zambia,North-Western,4.007917948,0.0,0.51,0.68,614.0,614.0,0.0,1.0,-9999.0,-9999.0,-9999.0,0.0,10.0,-999.9,-999.9,-999.9,-5979.4,0.0,0.0,0.0,0.0,0.0,0.0,0.0,0.0,0.0,0.0,0.0,-5979.4,0.13179317056395,80.15835896,0.0,,2.375,0.047,2.375,0.047,0.562,0.011,0.125,0.002,0.02375,0.047,0.00843,0.0165,0.003125,0.005,0.103805,0.0,0.0,1.265625,0.0249989415897,0.0,0.0,0.044296875,0.08749629556395,0.13179317056395,34540,,,2.661284893487211e-07,Information
122968,616.0,22692.36684,ZMB,Zambia,North-Western,2.113454593,0.0,0.51,0.68,616.0,,,,,,,,,,,,,,,,,,,,,,,,,5.041580990983094,42.26909186,0.0,,65.312,0.288,62.25,0.274,52.875,0.233,40.688,0.179,0.6225,0.274,0.793125,0.3495,1.0172,0.4475,3.503825,0.0,0.0,99.984375,0.4406079617094554,0.0,0.0,3.499453125,1.542127865983094,5.041580990983094,168081,,,0.0073828963553584,Information
122969,617.0,12111.95014,ZMB,Zambia,North-Western,2.262819108,0.0,0.51,0.68,617.0,,,,,,,,,,,,,,,,,,,,,,,,,0.7547842651966424,45.25638216,0.0,,9.625,0.079,9.625,0.079,4.0,0.033,2.5,0.021,0.09625,0.079,0.06,0.0495,0.0625,0.0525,0.39975,0.0,0.0,11.8125,0.0975276471990407,0.0,0.0,0.4134375,0.3413467651966424,0.7547842651966424,115206,,,9.178801671899907e-06,Information
127446,825.0,50792.13661,ZMB,Zambia,Southern,2.378896067,0.0,0.51,0.68,825.0,,,,,,,,,,,,,,,,,,,,,,,,,0.1525,47.57792134,0.0,,12.75,0.025,12.75,0.025,0.0,0.0,0.0,0.0,0.1275,0.025,0.0,0.0,0.0,0.0,0.1525,,,,,,,,,,92795,,,2.611317706224818e-09,Information
132849,1347.0,10633.5413,ZMB,Zambia,Northern,1.964358448,0.0,0.51,0.68,1347.0,,,,,,,,,,,,,,,,,,,,,,,,,1.9674044512869493,39.28716896,0.0,,1.625,0.015,1.625,0.015,3.125,0.029,0.562,0.005,0.01625,0.015,0.046875,0.0435,0.01405,0.0125,0.148175,0.0,0.0,28.96875,0.2724280575105571,0.0,0.0,1.01390625,0.9534982012869498,1.9674044512869493,84285,,,0.0003024141568897,Information
132959,1397.0,6596.740545,ZMB,Zambia,Luapula,3.444600187,0.0,0.51,0.68,1397.0,,,,,,,,,,,,,,,,,,,,,,,,,4.85411485726094,68.89200373999999,0.0,,15.75,0.239,14.312,0.217,10.562,0.16,1.938,0.029,0.14312,0.217,0.15843,0.24,0.04845,0.0725,0.8795,0.0,0.0,55.125,0.8356399592174114,0.0,0.0,1.929375,2.92473985726094,4.85411485726094,600761,,,0.0316102098885061,Information
132960,1398.0,27158.14941,ZMB,Zambia,Northern,3.578776388,0.0,0.51,0.68,1398.0,1398.0,0.0,1.0,-9999.0,-9999.0,-9999.0,0.0,10.0,-999.9,-999.9,-999.9,-5979.4,0.0,0.0,0.0,0.0,0.0,0.0,0.0,0.0,0.0,0.0,0.0,-5979.4,4.574629999999999,71.57552776,0.0,,79.562,0.293,69.75,0.257,82.312,0.303,56.438,0.208,0.6975,0.257,1.23468,0.4545,1.41095,0.52,4.574629999999999,0.0,0.0,82.828125,0.304984421980835,0.0,0.0,2.898984375,1.0674454769329225,3.966429851932922,437076,,,0.0338705899167852,Information
132973,1401.0,19754.69281,ZMB,Zambia,Luapula,3.412326485,0.0,0.51,0.68,1401.0,1401.0,0.0,1.0,-9999.0,-9999.0,-9999.0,0.0,10.0,-999.9,-999.9,-999.9,-5979.4,0.0,0.0,0.0,0.0,0.0,0.0,0.0,0.0,0.0,0.0,0.0,-5979.4,3.04507,68.2465297,0.0,,340.438,1.723,125.25,0.634,47.938,0.243,2.0,0.01,1.2525,0.634,0.7190700000000001,0.3645,0.05,0.025,3.04507,0.0,0.0,36.703125,0.1857944608761925,0.0,0.0,1.284609375,0.6502806130666737,1.934889988066674,424282,,,0.0095268639465522,Information
132976,1404.0,10600.49326,ZMB,Zambia,Central,3.075272667,0.0,0.51,0.68,1404.0,,,,,,,,,,,,,,,,,,,,,,,,,0.48938,61.50545334,0.0,,39.0,0.368,19.688,0.186,3.25,0.031,0.25,0.002,0.19688,0.186,0.04875,0.0465,0.00625,0.005,0.48938,0.0,0.0,3.515625,0.0331647303070446,0.0,0.0,0.123046875,0.1160765560746561,0.2391234310746561,130521,,,6.352283932085492e-06,Information
132977,1405.0,1725.62627,ZMB,Zambia,Luapula,1.375824582,0.0,0.51,0.68,1405.0,,,,,,,,,,,,,,,,,,,,,,,,,41.05390625,27.51649164,0.0,,43.438,2.517,37.062,2.148,39.938,2.314,14.5,0.84,0.3706199999999999,2.148,0.59907,3.471,0.3625,2.1,9.05119,0.0,0.0,172.96875,10.023534817012534,0.0,0.0,6.05390625,35.0,41.05390625,27899,,,0.2848568915158359,Advisory
132978,1406.0,9510.270573,ZMB,Zambia,Muchinga,3.174866822,0.0,0.51,0.68,1406.0,,,,,,,,,,,,,,,,,,,,,,,,,24.95018352525259,63.49733644,0.0,,130.562,1.373,108.062,1.136,73.625,0.774,17.375,0.183,1.08062,1.136,1.104375,1.161,0.434375,0.4575,5.37387,0.0,0.0,347.484375,3.653780114357883,0.0,0.0,12.161953125,12.78823040025259,24.95018352525259,55716,,,0.3517856437978685,Advisory
132979,1407.0,846.8134559,ZMB,Zambia,Muchinga,3.503236458,0.0,0.51,0.68,1407.0,,,,,,,,,,,,,,,,,,,,,,,,,50.361171875,70.06472916,0.0,3.0,161.688,19.094,156.125,18.437,106.125,12.532,31.25,3.69,1.56125,10.0,1.591875,15.0,0.78125,9.225,38.159375,0.0,0.0,438.890625,51.82848972729913,0.0,0.0,15.361171875,35.0,50.361171875,1939,1066.0,54.98,0.6985320068678993,Watch
132980,1408.0,18313.72868,ZMB,Zambia,Northern,1.507242584,0.0,0.51,0.68,1408.0,,,,,,,,,,,,,,,,,,,,,,,,,61.84039196785298,30.14485168,0.0,3.0,178.812,0.976,157.25,0.859,26.812,0.146,3.0,0.016,1.5725,0.859,0.40218,0.2189999999999999,0.075,0.04,3.16768,0.0,0.0,1404.421875,7.668683419386565,0.0,0.0,35.0,26.840391967852977,61.84039196785298,477779,16006.0,3.35,0.4515021573963846,Watch
132991,1409.0,3389.160232,ZMB,Zambia,Luapula,3.836513332,0.0,0.51,0.68,1409.0,,,,,,,,,,,,,,,,,,,,,,,,,63.1728125,76.73026664,0.0,3.0,99.0,2.921,62.438,1.842,15.125,0.446,0.125,0.004,0.62438,1.842,0.226875,0.669,0.003125,0.01,3.37538,0.0,0.0,804.9375,23.750352442066948,0.0,0.0,28.1728125,35.0,63.1728125,30005,1836.0,6.12,0.8410349483772978,Warning
132992,1410.0,7964.21105,ZMB,Zambia,Muchinga,1.586513136,0.0,0.51,0.68,1410.0,1410.0,0.0,1.0,-9999.0,-9999.0,-9999.0,0.0,10.0,-999.9,-999.9,-999.9,-5979.4,0.0,0.0,0.0,0.0,0.0,0.0,0.0,0.0,0.0,0.0,0.0,-5979.4,3.1307261196326266,31.73026272,0.0,,18.312,0.23,13.562,0.17,0.5,0.006,0.0,0.0,0.13562,0.17,0.0075,0.009,0.0,0.0,0.32212,0.0,0.0,39.65625,0.4979306770378934,0.0,0.0,1.38796875,1.7427573696326268,3.1307261196326266,186884,,,0.0010273780680025,Information
132993,1411.0,3054.229921,ZMB,Zambia,Muchinga,4.010147079,0.0,0.51,0.68,1411.0,1411.0,0.0,1.0,-9999.0,-9999.0,-9999.0,0.0,10.0,-999.9,-999.9,-999.9,-5979.4,0.0,0.0,0.0,0.0,0.0,0.0,0.0,0.0,0.0,0.0,0.0,-5979.4,19.43802253086882,80.20294158,0.0,,12.125,0.397,11.688,0.383,0.0,0.0,0.0,0.0,0.11688,0.383,0.0,0.0,0.0,0.0,0.49988,0.0,0.0,129.9375,4.254345723105377,0.0,0.0,4.5478125,14.89021003086882,19.43802253086882,29906,,,0.4926988503797582,Advisory
132996,1414.0,8385.145127,ZMB,Zambia,Northern,2.469667301,0.0,0.51,0.68,1414.0,1414.0,0.0,1.0,-9999.0,-9999.0,-9999.0,0.0,10.0,-999.9,-999.9,-999.9,-5979.4,0.0,0.0,0.0,0.0,0.0,0.0,0.0,0.0,0.0,0.0,0.0,-5979.4,0.8957053144142957,49.39334602,0.0,,,,,,,,,,,,,,,,,0.0,0.0,11.671875,0.1391970541183702,0.0,0.0,0.408515625,0.4871896894142956,0.8957053144142957,368347,,,2.739118385806433e-05,Information
132997,1415.0,17928.43029,ZMB,Zambia,Muchinga,2.341297625,0.0,0.51,0.68,1415.0,1415.0,0.0,1.0,-9999.0,-9999.0,-9999.0,0.0,10.0,-999.9,-999.9,-999.9,-5979.4,0.0,0.0,0.0,0.0,0.0,0.0,0.0,0.0,0.0,0.0,0.0,-5979.4,21.636741141739776,46.8259525,0.0,,5.812,0.032,5.812,0.032,3.875,0.022,3.125,0.017,0.05812,0.032,0.058125,0.033,0.078125,0.0425,0.3018699999999999,0.0,0.0,396.84375,2.213488540497079,0.0,0.0,13.88953125,7.747209891739777,21.636741141739776,281033,,,0.1842790348557079,Information
145771,1967.0,309.7471516,ZMB,Zambia,Southern,4.141115999,0.0,0.51,0.68,1967.0,,,,,,,,,,,,,,,,,,,,,,,,,0.2495,82.82231998,0.0,,0.75,0.242,0.75,0.242,0.0,0.0,0.0,0.0,0.0075,0.242,0.0,0.0,0.0,0.0,0.2495,,,,,,,,,,17077,,,1.15858993264272e-05,Information
122810,555.0,13388.04807,NAM,Namibia,Zambezi,2.589296441,0.0,0.57,0.6,555.0,555.0,0.0,1.0,-9999.0,-9999.0,-9999.0,0.0,10.0,-999.9,-999.9,-999.9,-5979.4,0.0,0.0,0.0,0.0,0.0,0.0,0.0,0.0,0.0,0.0,0.0,-5979.4,2.3215126727881543,51.78592882,0.0,,4.438,0.033,4.438,0.033,1.0,0.007,0.125,0.001,0.0443799999999999,0.033,0.015,0.0105,0.003125,0.0025,0.108505,0.0,0.0,37.96875,0.2836018350823299,0.0,0.0,1.32890625,0.9926064227881546,2.3215126727881543,65405,,,0.0012089462854471,Information
127202,789.0,18388.13021,NAM,Namibia,!Karas,1.524871943,0.0,0.57,0.6,789.0,789.0,0.0,1.0,-9999.0,-9999.0,-9999.0,0.0,10.0,-999.9,-999.9,-999.9,-5979.4,0.0,0.0,0.0,0.0,0.0,0.0,0.0,0.0,0.0,0.0,0.0,-5979.4,0.3723281547645916,30.49743886,0.0,,,,,,,,,,,,,,,,,0.0,0.0,6.890625,0.0374732227898833,0.0,0.0,0.241171875,0.1311562797645915,0.3723281547645916,3911,,,8.505661864810789e-08,Information
127203,790.0,6367.669456,NAM,Namibia,!Karas,4.04549946,0.0,0.57,0.6,790.0,790.0,0.0,13.0,-9999.0,-9999.0,-9999.0,0.0,1.0,-999.9,-999.9,-999.9,-5988.4,0.0,0.0,0.0,0.0,0.0,0.0,0.0,0.0,0.0,0.0,0.0,-5988.4,0.1265135127701105,80.90998920000001,0.0,,,,,,,,,,,,,,,,,0.0,0.0,1.40625,0.0220842179343173,0.0,0.0,0.04921875,0.0772947627701105,0.1265135127701105,501,,,2.6300872234527693e-07,Information
127204,791.0,10184.02421,NAM,Namibia,!Karas,0.875414657,0.0,0.57,0.6,791.0,791.0,0.0,1.0,-9999.0,-9999.0,-9999.0,0.0,10.0,-999.9,-999.9,-999.9,-5979.4,0.0,0.0,0.0,0.0,0.0,0.0,0.0,0.0,0.0,0.0,0.0,-5979.4,-5979.4,17.50829314,0.0,,,,,,,,,,,,,,,,,,,,,,,,,,1321,,,,
127205,792.0,14570.3685,NAM,Namibia,!Karas,0.196600297,0.0,0.57,0.6,792.0,792.0,0.0,1.0,-9999.0,-9999.0,-9999.0,0.0,10.0,-999.9,-999.9,-999.9,-5979.4,0.0,0.0,0.0,0.0,0.0,0.0,0.0,0.0,0.0,0.0,0.0,-5979.4,1.226075,3.93200594,0.0,,17.5,0.12,12.938,0.089,14.188,0.097,15.375,0.106,0.12938,0.089,0.21282,0.1455,0.384375,0.265,1.226075,4.640625,0.0318497435326543,18.5625,0.1273989741306174,0.069609375,0.0477746152989814,0.6496875,0.4458964094571609,1.2129678997561424,28806,,,6.466423768166909e-06,Information
127208,795.0,11719.64362,NAM,Namibia,Hardap,4.020598388,0.0,0.57,0.6,795.0,795.0,0.0,1.0,-9999.0,-9999.0,-9999.0,0.0,10.0,-999.9,-999.9,-999.9,-5979.4,0.0,0.0,0.0,0.0,0.0,0.0,0.0,0.0,0.0,0.0,0.0,-5979.4,-5979.4,80.41196776,0.0,,,,,,,,,,,,,,,,,,,,,,,,,,5377,,,,
127209,796.0,16210.39575,NAM,Namibia,Hardap,3.074106725,0.0,0.57,0.6,796.0,796.0,0.0,1.0,-9999.0,-9999.0,-9999.0,0.0,10.0,-999.9,-999.9,-999.9,-5979.4,0.0,0.0,0.0,0.0,0.0,0.0,0.0,0.0,0.0,0.0,0.0,-5979.4,1.1380113096741349,61.4821345,0.0,,,,,,,,,,,,,,,,,0.0,0.0,20.109375,0.1240523384783242,0.0,0.0,0.703828125,0.4341831846741347,1.1380113096741349,25956,,,0.0002142814399397,Information
127303,800.0,9503.149289,NAM,Namibia,!Karas,4.03381268,0.0,0.57,0.6,800.0,800.0,0.0,15.0,-9999.0,-9999.0,-9999.0,0.0,1.0,-999.9,-999.9,-999.9,-5997.4,0.0,0.0,0.0,0.0,0.0,0.0,0.0,0.0,0.0,0.0,0.0,-5997.4,1.2640779019211226,80.6762536,0.0,,,,,,,,,,,,,,,,,1.6875,0.0177572712855102,16.875,0.1775727128551021,0.0253125,0.0266359069282653,0.590625,0.6215044949928573,1.2640779019211226,9038,,,0.0031957313899897,Information
127305,802.0,1872.051678,NAM,Namibia,!Karas,4.018999348,0.0,0.57,0.6,802.0,802.0,0.0,14.0,-9999.0,-9999.0,-9999.0,0.0,1.0,-999.9,-999.9,-999.9,-5997.4,0.0,0.0,0.0,0.0,0.0,0.0,0.0,0.0,0.0,0.0,0.0,-5997.4,0.8070845985315435,80.37998696000001,0.0,,,,,,,,,,,,,,,,,0.28125,0.015023623724454,3.515625,0.187795296555675,0.00421875,0.022535435586681,0.123046875,0.6572835379448625,0.8070845985315435,335,,,0.0007092084947308,Information
127307,804.0,13149.4338,NAM,Namibia,!Karas,2.466877362,0.0,0.57,0.6,804.0,804.0,0.0,13.0,-9999.0,-9999.0,-9999.0,0.0,1.0,-999.9,-999.9,-999.9,-5997.4,0.0,0.0,0.0,0.0,0.0,0.0,0.0,0.0,0.0,0.0,0.0,-5997.4,0.5396999146279491,49.33754724,0.0,,,,,,,,,,,,,,,,,0.421875,0.0032083130453387,8.578125,0.0652356985885546,0.006328125,0.004812469568008,0.300234375,0.2283249450599411,0.5396999146279491,11733,,,2.7871163523803178e-06,Information
127467,836.0,15523.65275,NAM,Namibia,Hardap,1.409260429,0.0,0.57,0.6,836.0,836.0,0.0,1.0,-9999.0,-9999.0,-9999.0,0.0,10.0,-999.9,-999.9,-999.9,-5979.4,0.0,0.0,0.0,0.0,0.0,0.0,0.0,0.0,0.0,0.0,0.0,-5979.4,-5979.4,28.18520858,0.0,,,,,,,,,,,,,,,,,,,,,,,,,,10802,,,,
128008,927.0,15472.68551,NAM,Namibia,Hardap,3.193234511,0.0,0.57,0.6,927.0,927.0,0.0,1.0,-9999.0,-9999.0,-9999.0,0.0,10.0,-999.9,-999.9,-999.9,-5979.4,0.0,0.0,0.0,0.0,0.0,0.0,0.0,0.0,0.0,0.0,0.0,-5979.4,-5979.4,63.86469022,0.0,,,,,,,,,,,,,,,,,,,,,,,,,,979,,,,
128020,930.0,16852.36074,NAM,Namibia,Khomas,3.069689941,0.0,0.57,0.6,930.0,930.0,0.0,1.0,-9999.0,-9999.0,-9999.0,0.0,10.0,-999.9,-999.9,-999.9,-5979.4,0.0,0.0,0.0,0.0,0.0,0.0,0.0,0.0,0.0,0.0,0.0,-5979.4,1.2973669348507415,61.39379882,0.0,,,,,,,,,,,,,,,,,10.96875,0.06508732023896,18.5625,0.1101477727120862,0.16453125,0.0976309803584399,0.6496875,0.3855172044923017,1.2973669348507415,2311,,,0.0003455621248841,Information
128040,932.0,29518.20952,NAM,Namibia,Erongo,0.267226555,0.0,0.57,0.6,932.0,932.0,0.0,1.0,-9999.0,-9999.0,-9999.0,0.0,10.0,-999.9,-999.9,-999.9,-5979.4,0.0,0.0,0.0,0.0,0.0,0.0,0.0,0.0,0.0,0.0,0.0,-5979.4,0.5139636810776178,5.344531099999999,0.0,,,,,,,,,,,,,,,,,0.0,0.0,10.96875,0.0371592660221765,0.0,0.0,0.38390625,0.1300574310776177,0.5139636810776178,491429,,,9.148991339290549e-08,Information
128050,933.0,25239.49301,NAM,Namibia,Erongo,3.501412983,0.0,0.57,0.6,933.0,933.0,0.0,1.0,-9999.0,-9999.0,-9999.0,0.0,10.0,-999.9,-999.9,-999.9,-5979.4,0.0,0.0,0.0,0.0,0.0,0.0,0.0,0.0,0.0,0.0,0.0,-5979.4,0.1609998281688572,70.02825966,0.0,,,,,,,,,,,,,,,,,0.140625,0.0005571625386446,3.234375,0.0128147383888258,0.002109375,0.0008357438079669,0.113203125,0.0448515843608903,0.1609998281688572,94594,,,8.632449477842815e-08,Information
128060,934.0,29506.57541,NAM,Namibia,Otjozondjupa,0.068621432,0.0,0.57,0.6,934.0,934.0,0.0,1.0,-9999.0,-9999.0,-9999.0,0.0,10.0,-999.9,-999.9,-999.9,-5979.4,0.0,0.0,0.0,0.0,0.0,0.0,0.0,0.0,0.0,0.0,0.0,-5979.4,0.2438276098290105,1.37242864,0.0,,,,,,,,,,,,,,,,,0.0,0.0,5.203125,0.0176337813797173,0.0,0.0,0.182109375,0.0617182348290105,0.2438276098290105,68198,,,9.706457676700276e-10,Information
128096,942.0,15943.12032,NAM,Namibia,Kunene,1.832037018,0.0,0.57,0.6,942.0,942.0,0.0,1.0,-9999.0,-9999.0,-9999.0,0.0,10.0,-999.9,-999.9,-999.9,-5979.4,0.0,0.0,0.0,0.0,0.0,0.0,0.0,0.0,0.0,0.0,0.0,-5979.4,-5979.4,36.64074036,0.0,,,,,,,,,,,,,,,,,,,,,,,,,,11534,,,,
129507,1025.0,1670.651773,NAM,Namibia,Kavango,2.884765864,0.0,0.57,0.6,1025.0,1025.0,0.0,1.0,-9999.0,-9999.0,-9999.0,0.0,10.0,-999.9,-999.9,-999.9,-5979.4,0.0,0.0,0.0,0.0,0.0,0.0,0.0,0.0,0.0,0.0,0.0,-5979.4,0.859567058176911,57.69531728,0.0,,,,,,,,,,,,,,,,,0.0,0.0,3.515625,0.210434338050546,0.0,0.0,0.123046875,0.736520183176911,0.859567058176911,24181,,,4.885197149372706e-05,Information
131210,1057.0,29930.78472,NAM,Namibia,Kunene,1.887261287,0.0,0.57,0.6,1057.0,1057.0,0.0,1.0,-9999.0,-9999.0,-9999.0,0.0,10.0,-999.9,-999.9,-999.9,-5979.4,0.0,0.0,0.0,0.0,0.0,0.0,0.0,0.0,0.0,0.0,0.0,-5979.4,10.094269906692382,37.74522574,0.0,,159.0,0.531,159.0,0.531,115.375,0.385,136.188,0.455,1.59,0.531,1.730625,0.5775,3.4047,1.1375,8.971324999999998,5.34375,0.0178536916093877,213.890625,0.7146174983652289,0.08015625,0.0267805374140815,7.486171875,2.5011612442783013,10.094269906692382,130755,,,0.0344353297972255,Information
122820,556.0,21287.13991,BWA,Botswana,North-West,0.894155314,0.0,0.63,0.51,556.0,,,,,,,,,,,,,,,,,,,,,,,,,1.2442497908744177,17.88310628,0.0,,9.625,0.045,9.625,0.045,0.812,0.004,0.188,0.001,0.09625,0.045,0.01218,0.006,0.0046999999999999,0.0025,0.16663,0.0,0.0,24.1875,0.1136249402498336,0.0,0.0,0.8465625,0.3976872908744176,1.2442497908744177,6846,,,1.397165373213038e-05,Information
124800,686.0,19541.35324,BWA,Botswana,Eastern,0.976600981,0.0,0.63,0.51,686.0,686.0,0.0,3.0,-9999.0,-9999.0,-9999.0,0.0,8.0,-999.9,-999.9,-999.9,-5983.4,0.0,0.0,0.0,0.0,0.0,0.0,0.0,0.0,0.0,0.0,0.0,-5983.4,0.13063,19.53201962,0.0,,1.0,0.005,0.938,0.005,4.875,0.025,0.125,0.001,0.00938,0.005,0.073125,0.0375,0.003125,0.0025,0.13063,,,,,,,,,,129718,,,6.669944503113805e-11,Information
124933,691.0,5029.756032,BWA,Botswana,Eastern,1.118107109,0.0,0.63,0.51,691.0,691.0,0.0,1.0,-9999.0,-9999.0,-9999.0,0.0,10.0,-999.9,-999.9,-999.9,-5979.4,0.0,0.0,0.0,0.0,0.0,0.0,0.0,0.0,0.0,0.0,0.0,-5979.4,-5979.4,22.362142180000003,0.0,,,,,,,,,,,,,,,,,,,,,,,,,,49050,,,,
124938,696.0,2317.958759,BWA,Botswana,Eastern,0.091170269,0.0,0.63,0.51,696.0,696.0,0.0,1.0,-9999.0,-9999.0,-9999.0,0.0,10.0,-999.9,-999.9,-999.9,-5979.4,0.0,0.0,0.0,0.0,0.0,0.0,0.0,0.0,0.0,0.0,0.0,-5979.4,-5979.4,1.82340538,0.0,,,,,,,,,,,,,,,,,,,,,,,,,,52537,,,,
124940,698.0,11669.81056,BWA,Botswana,Eastern,0.586107931,0.0,0.63,0.51,698.0,,,,,,,,,,,,,,,,,,,,,,,,,0.28575,11.72215862,0.0,,19.438,0.167,15.375,0.132,0.0,0.0,0.0,0.0,0.15375,0.132,0.0,0.0,0.0,0.0,0.28575,,,,,,,,,,67348,,,4.929784458340188e-09,Information
129224,985.0,15266.81603,BWA,Botswana,Eastern,0.502461169,0.0,0.63,0.51,985.0,,,,,,,,,,,,,,,,,,,,,,,,,0.12625,10.04922338,0.0,,56.0,0.367,7.625,0.05,0.0,0.0,0.0,0.0,0.07625,0.05,0.0,0.0,0.0,0.0,0.12625,,,,,,,,,,1295,,,2.5369046131626734e-11,Information
129300,998.0,14660.10071,BWA,Botswana,Eastern,1.208235377,0.0,0.63,0.51,998.0,,,,,,,,,,,,,,,,,,,,,,,,,2.8811622503845413,24.16470754,0.0,,5.938,0.041,5.938,0.041,2.438,0.017,0.625,0.004,0.0593799999999999,0.041,0.03657,0.0255,0.015625,0.01,0.188075,0.0,0.0,48.9375,0.3338142143955833,0.0,0.0,1.7128125,1.1683497503845417,2.8811622503845413,1013,,,0.000537034463517,Information
129410,1009.0,15016.96126,BWA,Botswana,North-West,4.003203166,0.0,0.63,0.51,1009.0,,,,,,,,,,,,,,,,,,,,,,,,,9.888499212108933,80.06406331999999,0.0,,115.625,0.77,115.625,0.77,33.25,0.221,26.062,0.174,1.15625,0.77,0.49875,0.3315,0.65155,0.4349999999999999,3.84305,0.0,0.0,169.59375,1.1293479891739806,0.0,0.0,5.93578125,3.952717962108932,9.888499212108933,17999,,,0.2416042117067863,Information
129420,1010.0,9296.724406,BWA,Botswana,North-West,2.521951072,0.0,0.63,0.51,1010.0,,,,,,,,,,,,,,,,,,,,,,,,,2.24753724895264,50.43902144,0.0,,11.125,0.12,11.125,0.12,2.062,0.022,1.125,0.012,0.11125,0.12,0.03093,0.033,0.028125,0.03,0.353305,0.0,0.0,30.9375,0.3327784997007543,0.0,0.0,1.0828125,1.16472474895264,2.24753724895264,22749,,,0.0009894903729416,Information
129500,1018.0,29466.30481,BWA,Botswana,Chobe,1.766484233,0.0,0.63,0.51,1018.0,,,,,,,,,,,,,,,,,,,,,,,,,3.507058423743023,35.32968466,0.0,,6.75,0.023,6.75,0.023,0.562,0.002,0.5,0.002,0.0675,0.023,0.00843,0.003,0.0125,0.005,0.11943,0.0,0.0,74.8125,0.2538916924980066,0.0,0.0,2.6184375,0.888620923743023,3.507058423743023,4413,,,0.0017811533108923,Information
129502,1020.0,4610.741153,BWA,Botswana,North-West,1.516769101,0.0,0.63,0.51,1020.0,,,,,,,,,,,,,,,,,,,,,,,,,8.328625647958035,30.33538202,0.0,,32.188,0.698,32.188,0.698,3.812,0.083,2.25,0.049,0.32188,0.698,0.05718,0.1245,0.05625,0.1225,1.38031,0.0,0.0,75.09375,1.6286698279880096,0.0,0.0,2.62828125,5.700344397958034,8.328625647958035,8787,,,0.0168353184006697,Information
129503,1021.0,4265.055851,BWA,Botswana,North-West,1.476695776,0.0,0.63,0.51,1021.0,1021.0,0.0,1.0,-9999.0,-9999.0,-9999.0,0.0,10.0,-999.9,-999.9,-999.9,-5979.4,0.0,0.0,0.0,0.0,0.0,0.0,0.0,0.0,0.0,0.0,0.0,-5979.4,9.482040740474028,29.53391552,0.0,,32.0,0.75,32.0,0.75,8.062,0.189,5.625,0.132,0.32,0.75,0.12093,0.2835,0.140625,0.33,1.945055,0.0,0.0,81.0,1.899154497278293,0.0,0.0,2.835,6.647040740474026,9.482040740474028,10951,,,0.0224424266067243,Information
129505,1023.0,1486.493246,BWA,Botswana,North-West,4.007640359,0.0,0.63,0.51,1023.0,1023.0,0.0,1.0,-9999.0,-9999.0,-9999.0,0.0,10.0,-999.9,-999.9,-999.9,-5979.4,0.0,0.0,0.0,0.0,0.0,0.0,0.0,0.0,0.0,0.0,0.0,-5979.4,2.7003089115406143,80.15280718,0.0,,,,,,,,,,,,,,,,,0.0,0.0,9.984375,0.6716730818687469,0.0,0.0,0.349453125,2.350855786540614,2.7003089115406143,18929,,,0.0230380011723157,Information
122830,557.0,12973.94029,AGO,Angola,Cuando Cubango,2.447762898,0.0,0.41,0.82,557.0,557.0,0.0,1.0,-9999.0,-9999.0,-9999.0,0.0,10.0,-999.9,-999.9,-999.9,-5979.4,0.0,0.0,0.0,0.0,0.0,0.0,0.0,0.0,0.0,0.0,0.0,-5979.4,1.7431074883490831,48.95525796,0.0,,,,,,,,,,,,,,,,,0.0,0.0,28.125,0.2167807109568809,0.0,0.0,0.984375,0.7587324883490831,1.7431074883490831,16150,,,0.0003663611476161,Information
122849,566.0,5644.118344,AGO,Angola,Cuando Cubango,0.249324774,0.0,0.41,0.82,566.0,,,,,,,,,,,,,,,,,,,,,,,,,0.8048919293350947,4.98649548,0.0,,7.938,0.141,7.938,0.141,0.562,0.01,0.375,0.007,0.0793799999999999,0.141,0.00843,0.015,0.009375,0.0175,0.270685,0.0,0.0,8.296875,0.1470003726671699,0.0,0.0,0.290390625,0.5145013043350947,0.8048919293350947,816,,,9.162660440269116e-07,Information
122855,571.0,9833.225127,AGO,Angola,Cuando Cubango,0.501116051,0.0,0.41,0.82,571.0,,,,,,,,,,,,,,,,,,,,,,,,,5.876918199888054,10.02232102,0.0,,15.625,0.159,15.625,0.159,2.125,0.022,0.188,0.002,0.15625,0.159,0.031875,0.033,0.0046999999999999,0.005,0.389825,0.0,0.0,83.25,0.8466194856823014,0.0,0.0,2.91375,2.963168199888055,5.876918199888054,42652,,,0.0031808736579628,Information
122857,573.0,1744.867433,AGO,Angola,Cuando Cubango,0.147262759,0.0,0.41,0.82,573.0,,,,,,,,,,,,,,,,,,,,,,,,,1.954646713655949,2.94525518,0.0,,9.625,0.552,9.625,0.552,0.875,0.05,0.062,0.004,0.09625,0.552,0.013125,0.075,0.00155,0.01,0.7479250000000001,0.0,0.0,8.296875,0.4755017396159856,0.0,0.0,0.290390625,1.6642560886559494,1.954646713655949,1548,,,4.709988870955738e-05,Information
122858,574.0,5660.231682,AGO,Angola,Cuando Cubango,0.087380178,0.0,0.41,0.82,574.0,,,,,,,,,,,,,,,,,,,,,,,,,1.9745246371383327,1.74760356,0.0,,12.812,0.226,12.812,0.226,1.125,0.02,1.188,0.021,0.1281199999999999,0.226,0.016875,0.03,0.0296999999999999,0.0525,0.483195,0.0,0.0,20.390625,0.3602436463252379,0.0,0.0,0.713671875,1.2608527621383327,1.9745246371383327,5518,,,4.668362127993094e-05,Information
122860,576.0,7871.361223,AGO,Angola,Cuando Cubango,1.011191271,0.0,0.41,0.82,576.0,,,,,,,,,,,,,,,,,,,,,,,,,0.1899709923020182,20.22382542,0.0,,5.5,0.07,5.5,0.07,0.188,0.002,0.375,0.005,0.055,0.07,0.00282,0.003,0.009375,0.0125,0.152695,0.0,0.0,2.390625,0.0303711763720052,0.0,0.0,0.083671875,0.1062991173020182,0.1899709923020182,1128,,,7.700517852104904e-10,Information
122870,577.0,9774.207547,AGO,Angola,Moxico,0.044503357,0.0,0.41,0.82,577.0,,,,,,,,,,,,,,,,,,,,,,,,,5.785278142657383,0.89006714,0.0,,21.25,0.217,21.25,0.217,4.188,0.043,3.875,0.04,0.2125,0.217,0.06282,0.0645,0.096875,0.1,0.753695,0.0,0.0,81.703125,0.8359053621878239,0.0,0.0,2.859609375,2.925668767657384,5.785278142657383,7453,,,0.0022492275316082,Information
122924,592.0,12913.04625,AGO,Angola,Moxico,2.101755102,0.0,0.41,0.82,592.0,,,,,,,,,,,,,,,,,,,,,,,,,0.3668039429506774,42.03510204,0.0,,12.375,0.096,11.562,0.09,1.812,0.014,1.0,0.008,0.11562,0.09,0.02718,0.021,0.025,0.02,0.2988,0.0,0.0,5.90625,0.0457386265573364,0.0,0.0,0.20671875,0.1600851929506773,0.3668039429506774,64533,,,2.066091023908255e-07,Information
122926,594.0,4807.267661,AGO,Angola,Moxico,0.927754082,0.0,0.41,0.82,594.0,,,,,,,,,,,,,,,,,,,,,,,,,0.133425,18.55508164,0.0,,4.0,0.083,4.0,0.083,0.125,0.003,0.062,0.001,0.04,0.083,0.001875,0.0045,0.00155,0.0025,0.133425,,,,,,,,,,10077,,,7.080875536415382e-11,Information
122929,597.0,7917.189616,AGO,Angola,Moxico,1.33582588,0.0,0.41,0.82,597.0,,,,,,,,,,,,,,,,,,,,,,,,,0.177935,26.7165176,0.0,,6.812,0.086,6.438,0.081,0.312,0.004,0.375,0.005,0.0643799999999999,0.081,0.00468,0.006,0.009375,0.0125,0.177935,,,,,,,,,,17266,,,8.684710018205125e-10,Information
122944,602.0,5506.9828,AGO,Angola,Moxico,0.208932007,0.0,0.41,0.82,602.0,,,,,,,,,,,,,,,,,,,,,,,,,0.1247345240857995,4.17864014,0.0,,3.688,0.067,3.688,0.067,0.188,0.003,0.0,0.0,0.03688,0.067,0.00282,0.0045,0.0,0.0,0.1112,0.0,0.0,1.265625,0.0229821854530856,0.0,0.0,0.044296875,0.0804376490857995,0.1247345240857995,12676,,,1.5258613958441686e-11,Information
122947,605.0,14592.38063,AGO,Angola,Moxico,1.923982648,0.0,0.41,0.82,605.0,,,,,,,,,,,,,,,,,,,,,,,,,1.202743461672538,38.47965296,0.0,,34.375,0.236,34.062,0.233,2.125,0.015,1.25,0.009,0.34062,0.233,0.031875,0.0225,0.03125,0.0225,0.6817449999999999,0.0,0.0,20.390625,0.1397347390492966,0.0,0.0,0.713671875,0.4890715866725381,1.202743461672538,15353,,,4.163945065841917e-05,Information
122948,606.0,3126.983603,AGO,Angola,Moxico,0.398622555,0.0,0.41,0.82,606.0,,,,,,,,,,,,,,,,,,,,,,,,,0.3305901437257408,7.9724511,0.0,,2.0,0.064,2.0,0.064,0.188,0.006,0.188,0.006,0.02,0.064,0.00282,0.009,0.0046999999999999,0.015,0.11552,0.0,0.0,2.25,0.0719543267787831,0.0,0.0,0.07875,0.2518401437257409,0.3305901437257408,3015,,,9.064767505846029e-09,Information
122949,607.0,8233.77848,AGO,Angola,Moxico,0.169258519,0.0,0.41,0.82,607.0,,,,,,,,,,,,,,,,,,,,,,,,,0.7738671723826627,3.38517038,0.0,,21.625,0.263,21.375,0.26,2.375,0.029,2.438,0.03,0.21375,0.26,0.035625,0.0435,0.06095,0.075,0.688825,0.0,0.0,9.984375,0.1212611563950465,0.0,0.0,0.349453125,0.4244140473826627,0.7738671723826627,4909,,,6.927220763915114e-07,Information
122970,618.0,27994.26055,AGO,Angola,Moxico,2.265317087,0.0,0.41,0.82,618.0,,,,,,,,,,,,,,,,,,,,,,,,,3.6406261004348366,45.30634174,0.0,,44.438,0.159,44.312,0.158,3.688,0.013,0.812,0.003,0.4431199999999999,0.158,0.05532,0.0195,0.0203,0.0075,0.7037399999999999,0.0,0.0,76.640625,0.2737726358385247,0.0,0.0,2.682421875,0.9582042254348364,3.6406261004348366,154259,,,0.0033683000192769,Information
122981,619.0,540.2467212,AGO,Angola,Moxico,3.153671601,0.0,0.41,0.82,619.0,,,,,,,,,,,,,,,,,,,,,,,,,1.440391254471087,63.07343202,0.0,,2.5,0.463,2.375,0.44,0.188,0.035,0.0,0.0,0.02375,0.44,0.00282,0.0525,0.0,0.0,0.51907,0.0,0.0,2.109375,0.3904466084203106,0.0,0.0,0.073828125,1.3665631294710872,1.440391254471087,4318,,,0.0005892845730166,Information
122982,620.0,18936.38405,AGO,Angola,Moxico,1.886085846,0.0,0.41,0.82,620.0,,,,,,,,,,,,,,,,,,,,,,,,,23.758959247962466,37.72171692,0.0,,332.562,1.756,329.125,1.738,48.0,0.253,25.188,0.133,3.29125,1.738,0.72,0.3795,0.6297,0.3325,7.090949999999999,0.0,0.0,444.234375,2.3459303208464184,0.0,0.0,15.548203125,8.210756122962465,23.758959247962466,37323,,,0.167609940643106,Information
122983,621.0,1128.003222,AGO,Angola,Moxico,0.498022932,0.0,0.41,0.82,621.0,,,,,,,,,,,,,,,,,,,,,,,,,1.942215759752453,9.96045864,0.0,,8.375,0.742,8.375,0.742,0.125,0.011,0.062,0.006,0.08375,0.742,0.001875,0.0165,0.00155,0.015,0.860675,0.0,0.0,5.625,0.4986687885007009,0.0,0.0,0.196875,1.745340759752453,1.942215759752453,3660,,,6.242055654605302e-05,Information
122984,622.0,2492.929361,AGO,Angola,Moxico,1.512597251,0.0,0.41,0.82,622.0,,,,,,,,,,,,,,,,,,,,,,,,,0.8386172830565012,30.25194502,0.0,,13.938,0.559,13.938,0.559,0.812,0.033,0.312,0.013,0.13938,0.559,0.01218,0.0495,0.0078,0.0325,0.80036,0.0,0.0,4.78125,0.1917924380161432,0.0,0.0,0.16734375,0.6712735330565012,0.8386172830565012,2662,,,4.914751851825509e-06,Information
122985,623.0,5623.018125,AGO,Angola,Moxico,3.007160978,0.0,0.41,0.82,623.0,,,,,,,,,,,,,,,,,,,,,,,,,0.607125,60.14321956,0.0,,21.0,0.373,20.5,0.365,0.875,0.016,0.0,0.0,0.205,0.365,0.013125,0.024,0.0,0.0,0.607125,0.0,0.0,4.5,0.0800281965984227,0.0,0.0,0.1575,0.2800986880944794,0.4375986880944794,107624,,,1.4301481897290958e-05,Information
122986,624.0,3931.377351,AGO,Angola,Moxico,0.414255405,0.0,0.41,0.82,624.0,,,,,,,,,,,,,,,,,,,,,,,,,0.3837095295700768,8.2851081,0.0,,2.438,0.062,2.438,0.062,0.188,0.005,0.062,0.002,0.02438,0.062,0.00282,0.0075,0.00155,0.005,0.10325,0.0,0.0,3.09375,0.0786937941628791,0.0,0.0,0.10828125,0.2754282795700768,0.3837095295700768,13125,,,2.168439771314037e-08,Information
122988,626.0,2034.683516,AGO,Angola,Moxico,0.493461945,0.0,0.41,0.82,626.0,,,,,,,,,,,,,,,,,,,,,,,,,0.400805,9.8692389,0.0,,5.625,0.276,5.625,0.276,0.562,0.028,0.125,0.006,0.05625,0.276,0.00843,0.042,0.003125,0.015,0.400805,0.0,0.0,0.5625,0.0276455770971864,0.0,0.0,0.0196875,0.0967595198401524,0.1164470198401523,2183,,,3.055170221617291e-08,Information
122990,628.0,24131.77313,AGO,Angola,Moxico,0.359118455,0.0,0.41,0.82,628.0,,,,,,,,,,,,,,,,,,,,,,,,,6.411502656486499,7.1823691,0.0,,151.875,0.629,151.5,0.628,15.688,0.065,9.938,0.041,1.515,0.628,0.23532,0.0975,0.24845,0.1025,2.82677,0.0,0.0,129.515625,0.5367016518532856,0.0,0.0,4.533046875,1.8784557814864995,6.411502656486499,646418,,,0.0037639369402806,Information
129604,1031.0,13344.09917,AGO,Angola,Cuando Cubango,1.121912745,0.0,0.41,0.82,1031.0,,,,,,,,,,,,,,,,,,,,,,,,,1.5584648562871677,22.4382549,0.0,,28.312,0.212,28.312,0.212,4.375,0.033,6.688,0.05,0.28312,0.212,0.065625,0.0495,0.1672,0.125,0.902445,0.0,0.0,25.453125,0.1907444232249051,0.0,0.0,0.890859375,0.6676054812871678,1.5584648562871677,11207,,,4.665251657686016e-05,Information
129605,1032.0,10219.06131,AGO,Angola,Cuando Cubango,0.29170835,0.0,0.41,0.82,1032.0,,,,,,,,,,,,,,,,,,,,,,,,,0.8764417828533143,5.834167,0.0,,10.062,0.098,10.062,0.098,0.438,0.004,0.938,0.009,0.1006199999999999,0.098,0.00657,0.006,0.02345,0.0225,0.25714,0.0,0.0,12.65625,0.1238494379580898,0.0,0.0,0.44296875,0.4334730328533143,0.8764417828533143,12554,,,1.4559199818544126e-06,Information
129606,1033.0,7503.595461,AGO,Angola,Moxico,0.123737405,0.0,0.41,0.82,1033.0,,,,,,,,,,,,,,,,,,,,,,,,,0.4133242972444785,2.4747481,0.0,,10.375,0.138,10.375,0.138,0.688,0.009,0.75,0.01,0.10375,0.138,0.01032,0.0134999999999999,0.01875,0.025,0.30932,0.0,0.0,5.0625,0.0674676563555653,0.0,0.0,0.1771875,0.2361367972444785,0.4133242972444785,4701,,,2.3324227486252922e-08,Information
129607,1034.0,5533.561964,AGO,Angola,Moxico,0.834932918,0.0,0.41,0.82,1034.0,,,,,,,,,,,,,,,,,,,,,,,,,2.556045526690222,16.69865836,0.0,,18.062,0.326,18.062,0.326,2.438,0.044,2.25,0.041,0.18062,0.326,0.03657,0.066,0.05625,0.1025,0.7679400000000002,0.0,0.0,26.015625,0.4701424719114919,0.0,0.0,0.910546875,1.6454986516902217,2.556045526690222,5567,,,0.0002469866920822,Information
129609,1036.0,5857.398009,AGO,Angola,Moxico,0.293622764,0.0,0.41,0.82,1036.0,,,,,,,,,,,,,,,,,,,,,,,,,2.545019642727336,5.87245528,0.0,,22.25,0.38,22.25,0.38,1.125,0.019,2.438,0.042,0.2225,0.38,0.016875,0.0284999999999999,0.06095,0.105,0.813825,0.0,0.0,26.859375,0.4585547193506672,0.0,0.0,0.940078125,1.6049415177273352,2.545019642727336,1829,,,0.0001527963729352,Information
129910,1047.0,18007.29609,AGO,Angola,Cuando Cubango,2.13065228,0.0,0.41,0.82,1047.0,1047.0,0.0,1.0,-9999.0,-9999.0,-9999.0,0.0,10.0,-999.9,-999.9,-999.9,-5979.4,0.0,0.0,0.0,0.0,0.0,0.0,0.0,0.0,0.0,0.0,0.0,-5979.4,-5979.4,42.6130456,0.0,,,,,,,,,,,,,,,,,,,,,,,,,,170124,,,,
129940,1050.0,12205.55841,AGO,Angola,Cuando Cubango,1.825158599,0.0,0.41,0.82,1050.0,,,,,,,,,,,,,,,,,,,,,,,,,0.6178509462355128,36.503171980000005,0.0,,6.5,0.053,6.5,0.053,0.312,0.003,0.062,0.001,0.065,0.053,0.00468,0.0045,0.00155,0.0025,0.1312299999999999,0.0,0.0,9.703125,0.0794975917815751,0.0,0.0,0.339609375,0.2782415712355128,0.6178509462355128,3517,,,1.8063992201302664e-06,Information
129960,1052.0,10921.18387,AGO,Angola,Cuando Cubango,4.003909813,0.0,0.41,0.82,1052.0,,,,,,,,,,,,,,,,,,,,,,,,,1.946332005626328,80.07819626,0.0,,22.938,0.21,22.938,0.21,3.812,0.035,5.188,0.047,0.22938,0.21,0.05718,0.0525,0.1296999999999999,0.1175,0.79626,3.09375,0.0283279728356805,27.703125,0.2536641203922306,0.04640625,0.0424919592535207,0.969609375,0.887824421372807,1.946332005626328,233545,,,0.0100127909748042,Information
129980,1054.0,21306.76976,AGO,Angola,Big,0.567904801,0.0,0.41,0.82,1054.0,,,,,,,,,,,,,,,,,,,,,,,,,0.5496228989772703,11.35809602,0.0,,8.938,0.042,8.938,0.042,0.75,0.004,1.375,0.006,0.08938,0.042,0.01125,0.006,0.034375,0.015,0.198005,0.0,0.0,10.6875,0.0501601139935058,0.0,0.0,0.3740625,0.1755603989772703,0.5496228989772703,102349,,,1.8563507457956529e-07,Information
131240,1060.0,6974.056642,AGO,Angola,Huíla,1.550055918,0.0,0.41,0.82,1060.0,,,,,,,,,,,,,,,,,,,,,,,,,0.972033096269799,31.00111836,0.0,,4.625,0.066,4.625,0.066,0.062,0.001,0.312,0.004,0.04625,0.066,0.0009299999999999,0.0015,0.0078,0.01,0.13248,0.703125,0.0100820087371443,11.109375,0.1592957380468807,0.010546875,0.0151230131057164,0.388828125,0.5575350831640825,0.972033096269799,86590,,,1.0109628548892688e-05,Information
131270,1063.0,229.9088119,AGO,Angola,Huíla,0.002393309,0.0,0.41,0.82,1063.0,,,,,,,,,,,,,,,,,,,,,,,,,8.384621825376144,0.04786618,0.0,,0.438,0.19,0.438,0.19,0.062,0.027,0.0,0.0,0.00438,0.19,0.0009299999999999,0.0405,0.0,0.0,0.23581,1.40625,0.6116555466698614,4.78125,2.0796288586775287,0.02109375,0.9174833200047922,0.16734375,7.27870100537135,8.384621825376144,127153,,,0.0066006507151898,Information
131290,1065.0,22909.62484,AGO,Angola,Huambo,0.59921048,0.0,0.41,0.82,1065.0,,,,,,,,,,,,,,,,,,,,,,,,,6.723819569991687,11.9842096,0.0,,39.375,0.172,39.375,0.172,6.75,0.029,10.062,0.044,0.39375,0.172,0.10125,0.0435,0.25155,0.1099999999999999,1.07205,45.28125,0.1976516434692272,114.328125,0.4990397085108129,0.67921875,0.2964774652038408,4.001484375,1.7466389797878452,6.723819569991687,1198979,,,0.0050576915140713,Information
131500,1076.0,1082.81608,AGO,Angola,Cuanza Sul,0.926283963,0.0,0.41,0.82,1076.0,,,,,,,,,,,,,,,,,,,,,,,,,3.4759626424294794,18.52567926,0.0,,3.938,0.364,3.812,0.352,0.438,0.04,0.125,0.012,0.03812,0.352,0.00657,0.06,0.003125,0.03,0.489815,0.0,0.0,9.703125,0.8961009335512797,0.0,0.0,0.339609375,3.136353267429479,3.4759626424294794,96796,,,0.0008040971558081,Information
131600,1077.0,22943.42925,AGO,Angola,Cuanza Sul,0.818306214,0.0,0.41,0.82,1077.0,,,,,,,,,,,,,,,,,,,,,,,,,4.616833534975763,16.36612428,0.0,,12.188,0.053,10.0,0.044,3.5,0.015,6.625,0.029,0.1,0.044,0.0525,0.0225,0.165625,0.0725,0.457125,6.328125,0.0275814261749002,89.15625,0.3885916487752606,0.094921875,0.0413721392623503,3.12046875,1.360070770713412,4.616833534975763,447648,,,0.0018853131723905,Information
131810,1079.0,6509.439435,AGO,Angola,Bengo,1.668723334,0.0,0.41,0.82,1079.0,,,,,,,,,,,,,,,,,,,,,,,,,17.14808909285854,33.37446668,0.0,,38.0,0.584,35.812,0.55,13.688,0.21,10.75,0.165,0.35812,0.55,0.20532,0.315,0.26875,0.4125,2.10969,35.015625,0.5379207433697538,178.171875,2.7371308508011167,0.525234375,0.8068811150546307,6.236015625,9.57995797780391,17.14808909285854,960705,,,0.0873586538376544,Information
131820,1080.0,22986.54656,AGO,Angola,Cuanza Norte,0.940175602,0.0,0.41,0.82,1080.0,,,,,,,,,,,,,,,,,,,,,,,,,4.839214089000221,18.80351204,0.0,,13.938,0.061,11.312,0.049,1.812,0.008,2.812,0.012,0.11312,0.049,0.02718,0.012,0.0702999999999999,0.03,0.3016,3.65625,0.0159060430834052,94.78125,0.4123335783928895,0.05484375,0.0238590646251078,3.31734375,1.4431675243751132,4.839214089000221,377979,,,0.0024002871852983,Information
131831,1081.0,7683.332775,AGO,Angola,Cuanza Sul,1.41069842,0.0,0.41,0.82,1081.0,,,,,,,,,,,,,,,,,,,,,,,,,8.058910987178184,28.2139684,0.0,,14.25,0.185,13.812,0.18,6.938,0.09,7.438,0.097,0.13812,0.18,0.10407,0.135,0.1859499999999999,0.2425,0.9856399999999998,47.390625,0.6167977671401796,79.734375,1.0377576675622608,0.710859375,0.9251966507102696,2.790703125,3.632151836467913,8.058910987178184,138183,,,0.0143744934637927,Information
131832,1082.0,1780.341613,AGO,Angola,Cuanza Sul,0.42870523,0.0,0.41,0.82,1082.0,,,,,,,,,,,,,,,,,,,,,,,,,11.119492909336724,8.5741046,0.0,,29.375,1.65,29.25,1.643,22.25,1.25,24.75,1.39,0.2925,1.643,0.33375,1.875,0.61875,3.475,8.238,24.75,1.3901826376931077,37.40625,2.1010714865134466,0.37125,2.0852739565396616,1.30921875,7.3537502027970625,11.119492909336724,2781,,,0.0175661992728231,Information
131833,1083.0,1191.270062,AGO,Angola,Cuanza Sul,0.249283062,0.0,0.41,0.82,1083.0,1083.0,0.0,1.0,-9999.0,-9999.0,-9999.0,0.0,10.0,-999.9,-999.9,-999.9,-5979.4,0.0,0.0,0.0,0.0,0.0,0.0,0.0,0.0,0.0,0.0,0.0,-5979.4,58.47828125,4.98566124,0.0,,87.938,7.382,87.812,7.371,65.0,5.456,68.688,5.766,0.87812,7.371,0.975,8.184000000000001,1.7172,14.415,33.54032,129.796875,10.895671695737942,186.609375,15.664741430383804,1.946953125,15.0,6.531328125,35.0,58.47828125,6995,,,0.3137061069833077,Advisory
131834,1084.0,6298.936657,AGO,Angola,Cuanza Sul,1.022821445,0.0,0.41,0.82,1084.0,1084.0,0.0,1.0,-9999.0,-9999.0,-9999.0,0.0,10.0,-999.9,-999.9,-999.9,-5979.4,0.0,0.0,0.0,0.0,0.0,0.0,0.0,0.0,0.0,0.0,0.0,-5979.4,1.6993054368245524,20.4564289,0.0,,2.375,0.038,2.375,0.038,0.5,0.008,0.938,0.015,0.02375,0.038,0.0075,0.012,0.02345,0.0375,0.1422,2.109375,0.0334877950800177,17.859375,0.2835299983441502,0.031640625,0.0502316926200265,0.625078125,0.9923549942045258,1.6993054368245524,75450,,,6.0009988914563066e-05,Information
131835,1085.0,3986.74902,AGO,Angola,Cuanza Sul,0.228209531,0.0,0.41,0.82,1085.0,,,,,,,,,,,,,,,,,,,,,,,,,10.135999181895713,4.56419062,0.0,,39.688,0.995,39.688,0.995,11.188,0.281,15.25,0.383,0.39688,0.995,0.16782,0.4215,0.38125,0.9575,3.31995,26.578125,0.6666616048933023,71.15625,1.7848188998730738,0.398671875,0.9999924073399534,2.49046875,6.246866149555759,10.135999181895713,293898,,,0.0124690410677793,Information
131836,1086.0,4428.288727,AGO,Angola,Malanje,0.599622264,0.0,0.41,0.82,1086.0,1086.0,0.0,1.0,-9999.0,-9999.0,-9999.0,0.0,10.0,-999.9,-999.9,-999.9,-5979.4,0.0,0.0,0.0,0.0,0.0,0.0,0.0,0.0,0.0,0.0,0.0,-5979.4,2.213036420484181,11.992445279999998,0.0,,3.312,0.075,3.312,0.075,0.188,0.004,0.0,0.0,0.03312,0.075,0.00282,0.006,0.0,0.0,0.11694,0.0,0.0,19.40625,0.4382336201383375,0.0,0.0,0.67921875,1.5338176704841813,2.213036420484181,242084,,,0.0001152267378728,Information
131837,1087.0,1190.306305,AGO,Angola,Cuanza Sul,2.339321499,0.0,0.41,0.82,1087.0,1087.0,0.0,1.0,-9999.0,-9999.0,-9999.0,0.0,10.0,-999.9,-999.9,-999.9,-5979.4,0.0,0.0,0.0,0.0,0.0,0.0,0.0,0.0,0.0,0.0,0.0,-5979.4,4.8585102057413865,46.78642998,0.0,,6.938,0.583,6.938,0.583,0.125,0.011,1.688,0.142,0.06938,0.583,0.001875,0.0165,0.0421999999999999,0.355,1.067955,0.0,0.0,14.765625,1.2404895230689676,0.0,0.0,0.516796875,4.341713330741387,4.8585102057413865,7573,,,0.0083423849763975,Information
131839,1089.0,2143.352483,AGO,Angola,Cuanza Sul,2.460360864,0.0,0.41,0.82,1089.0,,,,,,,,,,,,,,,,,,,,,,,,,2.3144812942389152,49.20721728,0.0,,7.562,0.353,7.562,0.353,0.062,0.003,1.938,0.09,0.07562,0.353,0.0009299999999999,0.0045,0.04845,0.2249999999999999,0.7075,0.0,0.0,11.671875,0.5445616197825471,0.0,0.0,0.408515625,1.905965669238915,2.3144812942389152,11678,,,0.0010056160252161,Information
131840,1090.0,27756.81589,AGO,Angola,Malanje,1.331451309,0.0,0.41,0.82,1090.0,,,,,,,,,,,,,,,,,,,,,,,,,11.722142850736873,26.62902618,0.0,,77.188,0.278,75.75,0.273,13.625,0.049,23.812,0.086,0.7575,0.273,0.204375,0.0735,0.5953,0.2149999999999999,2.118675,1.265625,0.0045596908708602,245.671875,0.8850866612658804,0.018984375,0.0068395363062903,8.598515625,3.097803314430581,11.722142850736873,116171,,,0.0333233752210161,Information
131850,1091.0,1622.226208,AGO,Angola,Cuanza Sul,1.244575212,0.0,0.41,0.82,1091.0,,,,,,,,,,,,,,,,,,,,,,,,,2.468348805847422,24.89150424,0.0,,3.688,0.227,3.688,0.227,0.0,0.0,0.375,0.023,0.03688,0.227,0.0,0.0,0.009375,0.0574999999999999,0.330755,0.0,0.0,9.84375,0.6068050159564062,0.0,0.0,0.34453125,2.1238175558474217,2.468348805847422,9763,,,0.0003184604641946,Information
131870,1093.0,23410.31637,AGO,Angola,Big,0.801721438,0.0,0.41,0.82,1093.0,1093.0,0.0,1.0,-9999.0,-9999.0,-9999.0,0.0,10.0,-999.9,-999.9,-999.9,-5979.4,0.0,0.0,0.0,0.0,0.0,0.0,0.0,0.0,0.0,0.0,0.0,-5979.4,1.8333458186602605,16.034428759999997,0.0,,30.938,0.132,30.938,0.132,0.562,0.002,1.875,0.008,0.30938,0.132,0.00843,0.003,0.046875,0.02,0.519685,0.0,0.0,36.703125,0.1567818410457887,0.0,0.0,1.284609375,0.5487364436602605,1.8333458186602605,308919,,,6.55815945006058e-05,Information
131880,1094.0,9037.054018,AGO,Angola,Big,0.411862441,0.0,0.41,0.82,1094.0,,,,,,,,,,,,,,,,,,,,,,,,,0.165891229696438,8.237248820000001,0.0,,3.438,0.038,3.438,0.038,0.312,0.003,0.688,0.008,0.03438,0.038,0.00468,0.0045,0.0171999999999999,0.02,0.11876,0.0,0.0,2.25,0.0248974941989823,0.0,0.0,0.07875,0.087141229696438,0.165891229696438,418133,,,1.345320667427736e-10,Information
131901,1096.0,1494.298281,AGO,Angola,Luanda,0.050205248,1.043626237,0.41,0.82,1096.0,,,,,,,,,,,,,,,,,,,,,,,,,5.711387467150846,1.00410496,20.87252474,,5.688,0.381,4.188,0.28,0.688,0.046,0.312,0.021,0.04188,0.28,0.01032,0.069,0.0078,0.0525,0.4615,9.140625,0.6117001616757671,17.296875,1.1575249213249132,0.137109375,0.9175502425136508,0.605390625,4.051337224637196,5.711387467150846,15293667,,,0.0042868801090733,Information
131902,1097.0,11050.35954,AGO,Angola,Cuanza Norte,1.724842379,0.0,0.41,0.82,1097.0,,,,,,,,,,,,,,,,,,,,,,,,,6.806914721787637,34.49684758,0.0,,24.062,0.218,22.312,0.202,3.562,0.032,5.0,0.045,0.22312,0.202,0.05343,0.048,0.125,0.1124999999999999,0.7640500000000001,34.453125,0.3117828416324167,87.328125,0.7902740598111462,0.516796875,0.4676742624486251,3.056484375,2.7659592093390115,6.806914721787637,715244,,,0.0117821592989015,Information
131903,1098.0,183.2524875,AGO,Angola,Bengo,0.995935586,0.0,0.41,0.82,1098.0,,,,,,,,,,,,,,,,,,,,,,,,,19.53615883000004,19.91871172,0.0,,5.875,3.206,5.5,3.001,2.625,1.432,3.125,1.705,0.055,3.001,0.039375,2.148,0.078125,4.2625,9.584,1.125,0.6139070825600013,9.5625,5.2182102017600105,0.016875,0.920860623840002,0.3346875,18.26373570616004,19.53615883000004,127288,,,0.0791554583332264,Information
131904,1099.0,11469.82109,AGO,Angola,Cuanza Norte,2.785630305,0.0,0.41,0.82,1099.0,,,,,,,,,,,,,,,,,,,,,,,,,1.2345456678787647,55.7126061,0.0,,4.812,0.042,4.812,0.042,0.625,0.005,0.812,0.007,0.04812,0.042,0.009375,0.0075,0.0203,0.0175,0.144795,5.90625,0.051493828466755,16.3125,0.1422210500510378,0.08859375,0.0772407427001325,0.5709375,0.4977736751786323,1.2345456678787647,209794,,,0.0001717990416992,Information
131905,1100.0,7731.651558,AGO,Angola,Bengo,2.121922422,0.0,0.41,0.82,1100.0,,,,,,,,,,,,,,,,,,,,,,,,,0.1467407880663623,42.43844844,0.0,,5.562,0.072,5.25,0.068,0.25,0.003,0.125,0.002,0.0525,0.068,0.00375,0.0045,0.003125,0.005,0.136875,0.0,0.0,1.828125,0.0236446894475321,0.0,0.0,0.063984375,0.0827564130663623,0.1467407880663623,67502,,,1.1722263254505383e-09,Information
131906,1101.0,13518.68875,AGO,Angola,Uíge,1.506324185,0.0,0.41,0.82,1101.0,,,,,,,,,,,,,,,,,,,,,,,,,1.5510661814653044,30.1264837,0.0,,4.875,0.036,4.375,0.032,0.75,0.006,1.875,0.014,0.04375,0.032,0.01125,0.009,0.046875,0.035,0.177875,6.609375,0.0488906514650935,22.640625,0.1674764869336183,0.099140625,0.0733359771976402,0.792421875,0.5861677042676641,1.5510661814653044,204711,,,7.012012931331548e-05,Information
131907,1102.0,3787.313025,AGO,Angola,Zaire,4.023915984,0.0,0.41,0.82,1102.0,,,,,,,,,,,,,,,,,,,,,,,,,2.011886702537662,80.47831968,0.0,,7.875,0.208,7.562,0.2,0.562,0.015,0.562,0.015,0.07562,0.2,0.00843,0.0225,0.01405,0.0375,0.3581,1.40625,0.0371305458660982,15.1875,0.4010098953538613,0.02109375,0.0556958187991473,0.5315625,1.4035346337385144,2.011886702537662,40694,,,0.0115295903018535,Information
131908,1103.0,19553.87617,AGO,Angola,Uíge,0.85089828,0.0,0.41,0.82,1103.0,,,,,,,,,,,,,,,,,,,,,,,,,4.954346733159484,17.0179656,0.0,,15.5,0.079,14.812,0.076,0.5,0.003,0.25,0.001,0.14812,0.076,0.0075,0.0045,0.00625,0.0025,0.24487,1.96875,0.010068336235192,92.8125,0.4746501368019129,0.02953125,0.015102504352788,3.2484375,1.6612754788066952,4.954346733159484,353384,,,0.0024134917303931,Information
131909,1104.0,7526.184583,AGO,Angola,Zaire,3.955918814,0.0,0.41,0.82,1104.0,1104.0,1.0,1.0,100.0,-9999.0,-9999.0,3.0,10.0,10.0,-999.9,-999.9,-3953.6,0.0,0.0,0.0,0.0,0.0,0.0,0.0,0.0,0.0,0.0,0.0,-3953.6,7.82987137036744,79.11837627999999,0.0,,16.125,0.214,15.438,0.205,0.812,0.011,0.5,0.007,0.15438,0.205,0.01218,0.0165,0.0125,0.0175,0.4180600000000001,9.5625,0.1270564107841848,91.96875,1.2219837154831894,0.1434375,0.1905846161762772,3.21890625,4.276943004191163,7.82987137036744,327362,,,0.1633152481370625,Information
132110,1105.0,11085.37473,AGO,Angola,Zaire,3.358326889,0.0,0.41,0.82,1105.0,,,,,,,,,,,,,,,,,,,,,,,,,16.74433150954728,67.16653778,0.0,,66.0,0.595,49.438,0.446,8.812,0.079,0.375,0.003,0.49438,0.446,0.13218,0.1185,0.009375,0.0075,1.207935,89.4375,0.8068062843565607,213.1875,1.92314202371784,1.3415625,1.210209426534841,7.4615625,6.73099708301244,16.74433150954728,600338,,,0.2503501128215485,Information
132120,1106.0,6948.287071,AGO,Angola,Zaire,1.14193887,0.0,0.41,0.82,1106.0,,,,,,,,,,,,,,,,,,,,,,,,,2.6103290136070854,22.8387774,0.0,,6.125,0.088,5.812,0.084,0.125,0.002,0.0,0.0,0.05812,0.084,0.001875,0.003,0.0,0.0,0.146995,0.140625,0.0020238801098647,30.515625,0.4391819838406539,0.002109375,0.003035820164797,1.068046875,1.5371369434422886,2.6103290136070854,184205,,,0.0003540536132874,Information
132246,1130.0,20084.87926,AGO,Angola,Uíge,0.481260091,0.0,0.41,0.82,1130.0,1130.0,1.0,1.0,100.0,-9999.0,-9999.0,3.0,10.0,10.0,-999.9,-999.9,-3953.6,0.0,0.0,0.0,0.0,0.0,0.0,0.0,0.0,0.0,0.0,0.0,-3953.6,0.427599925541328,9.62520182,0.0,,,,,,,,,,,,,,,,,0.0,0.0,8.15625,0.0406089072975223,0.0,0.0,0.28546875,0.142131175541328,0.427599925541328,286383,,,4.3126714459348086e-08,Information
132247,1131.0,48890.99818,AGO,Angola,Malanje,2.463699171,0.0,0.41,0.82,1131.0,1131.0,1.0,1.0,100.0,-9999.0,-9999.0,3.0,10.0,10.0,-999.9,-999.9,-3615.6333333333328,0.0,0.0,0.0,0.0,0.0,0.0,0.0,0.0,0.0,0.0,0.0,-3615.6333333333328,1.920859506962296,49.27398342,0.0,,18.688,0.038,17.75,0.036,0.75,0.002,0.562,0.001,0.1775,0.036,0.01125,0.003,0.01405,0.0025,0.2443,0.0,0.0,45.5625,0.0931920019892273,0.0,0.0,1.5946875,0.3261720069622955,1.920859506962296,456074,,,0.0005308097295499,Information
132248,1132.0,14783.06644,AGO,Angola,Lunda Norte,1.90839329,0.0,0.41,0.82,1132.0,,,,,,,,,,,,,,,,,,,,,,,,,11.27124244337304,38.1678658,0.0,,42.312,0.286,37.438,0.253,2.25,0.015,0.0,0.0,0.37438,0.253,0.03375,0.0225,0.0,0.0,0.68363,0.0,0.0,192.09375,1.299417483820868,0.0,0.0,6.72328125,4.547961193373038,11.27124244337304,46365,,,0.0443618803181734,Information
132249,1133.0,40836.36519,AGO,Angola,Lunda Norte,1.010853748,0.0,0.41,0.82,1133.0,,,,,,,,,,,,,,,,,,,,,,,,,3.64564987814232,20.21707496,0.0,,84.562,0.207,81.562,0.2,7.188,0.018,1.812,0.004,0.81562,0.2,0.10782,0.0269999999999999,0.0453,0.01,1.2057399999999998,0.0,0.0,83.671875,0.2048955008978057,0.0,0.0,2.928515625,0.7171342531423199,3.64564987814232,324434,,,0.0010151123933072,Information
132258,1141.0,41893.24694,AGO,Angola,Lunda Norte,2.38587999,0.0,0.41,0.82,1141.0,,,,,,,,,,,,,,,,,,,,,,,,,5.09687145585977,47.7175998,0.0,,100.0,0.239,99.312,0.237,12.875,0.031,7.5,0.018,0.99312,0.237,0.193125,0.0465,0.1875,0.045,1.7022449999999998,0.0,0.0,117.5625,0.2806239873885058,0.0,0.0,4.1146875,0.9821839558597704,5.09687145585977,616996,,,0.0099551787293023,Information
132292,1163.0,19555.71807,AGO,Angola,Lunda Norte,4.008856801,0.0,0.41,0.82,1163.0,,,,,,,,,,,,,,,,,,,,,,,,,2.038209823169748,80.17713602,0.0,,46.875,0.24,46.438,0.237,3.562,0.018,2.875,0.015,0.46438,0.237,0.05343,0.0269999999999999,0.071875,0.0375,0.891185,0.0,0.0,38.53125,0.197033163762785,0.0,0.0,1.34859375,0.6896160731697476,2.038209823169748,870376,,,0.0114600414572392,Information
132294,1165.0,19891.57213,AGO,Angola,Lunda Sul,3.056812353,0.0,0.41,0.82,1165.0,,,,,,,,,,,,,,,,,,,,,,,,,1.7898869182705477,61.13624706,0.0,,38.438,0.193,37.375,0.188,3.188,0.016,0.438,0.002,0.37375,0.188,0.04782,0.024,0.01095,0.005,0.64952,0.0,0.0,34.03125,0.1710837623630136,0.0,0.0,1.19109375,0.5987931682705476,1.7898869182705477,594742,,,0.0010422908065662,Information
132296,1167.0,46752.562,AGO,Angola,Lunda Sul,2.132780525,0.0,0.41,0.82,1167.0,,,,,,,,,,,,,,,,,,,,,,,,,4.600461091126042,42.6556105,0.0,,204.875,0.438,203.938,0.436,38.812,0.083,9.125,0.02,2.03938,0.436,0.5821799999999999,0.1245,0.228125,0.05,3.460184999999999,0.0,0.0,108.28125,0.2316049546074406,0.0,0.0,3.78984375,0.8106173411260421,4.600461091126042,455690,,,0.005819268994563,Information
132299,1170.0,40748.11404,AGO,Angola,Lunda Sul,1.451726043,0.0,0.41,0.82,1170.0,,,,,,,,,,,,,,,,,,,,,,,,,9.8382535456932,29.03452086,0.0,,176.625,0.433,173.188,0.425,16.312,0.04,4.125,0.01,1.73188,0.425,0.24468,0.06,0.103125,0.025,2.589685,0.0,0.0,225.703125,0.5538983344837713,0.0,0.0,7.899609375,1.9386441706932,9.8382535456932,725736,,,0.0240821832841596,Information
133100,1418.0,20477.55313,AGO,Angola,Cabinda,2.309570579,0.008174518,0.41,0.82,1418.0,,,,,,,,,,,,,,,,,,,,,,,,,4.645363684393376,46.19141157999999,0.16349036,,28.188,0.138,26.875,0.131,2.688,0.013,0.0,0.0,0.26875,0.131,0.04032,0.0195,0.0,0.0,0.45957,17.4375,0.0851542168798281,81.703125,0.398988709735324,0.2615625,0.1277313253197421,2.859609375,1.396460484073634,4.645363684393376,2617463,,,0.007151475853382,Information
124402,667.0,9196.829245,ZAF,South Africa,Limpopo,1.237854392,0.0,0.63,0.51,667.0,667.0,0.0,1.0,-9999.0,-9999.0,-9999.0,0.0,10.0,-999.9,-999.9,-999.9,-5979.4,0.0,0.0,0.0,0.0,0.0,0.0,0.0,0.0,0.0,0.0,0.0,-5979.4,0.7762499999999999,24.75708784,0.0,,148.5,1.615,35.188,0.383,1.188,0.013,0.062,0.001,0.35188,0.383,0.01782,0.0195,0.00155,0.0025,0.7762499999999999,,,,,,,,,,156720,,,2.3924722854460498e-06,Information
124404,669.0,13794.01071,ZAF,South Africa,Limpopo,1.022599762,0.0,0.63,0.51,669.0,669.0,0.0,1.0,-9999.0,-9999.0,-9999.0,0.0,10.0,-999.9,-999.9,-999.9,-5988.4,0.0,0.0,0.0,0.0,0.0,0.0,0.0,0.0,0.0,0.0,0.0,-5988.4,0.5323,20.45199524,0.0,,31.438,0.228,21.125,0.153,4.25,0.031,1.312,0.01,0.21125,0.153,0.06375,0.0465,0.0328,0.025,0.5323,0.0,0.0,6.890625,0.0499537454763149,0.0,0.0,0.241171875,0.1748381091671021,0.4160099841671021,1018023,,,2.765557137196549e-07,Information
124405,670.0,12375.51601,ZAF,South Africa,Limpopo,0.408297818,0.0,0.63,0.51,670.0,670.0,0.0,1.0,-9999.0,-9999.0,-9999.0,0.0,10.0,-999.9,-999.9,-999.9,-5980.9,0.0,0.0,0.0,0.0,0.0,0.0,0.0,0.0,0.0,0.0,0.0,-5980.9,0.7119185512139945,8.16595636,0.0,,9.562,0.077,4.562,0.037,3.625,0.029,1.062,0.009,0.04562,0.037,0.054375,0.0435,0.02655,0.0225,0.229545,0.0,0.0,11.25,0.0909053003468556,0.0,0.0,0.39375,0.3181685512139945,0.7119185512139945,395573,,,5.875966499021442e-07,Information
124406,671.0,7158.863954,ZAF,South Africa,Limpopo,2.184012744,0.0,0.63,0.51,671.0,,,,,,,,,,,,,,,,,,,,,,,,,1.2622889462416182,43.68025488,0.0,,7.188,0.1,6.5,0.091,5.812,0.081,3.688,0.052,0.065,0.091,0.08718,0.1215,0.0922,0.13,0.5868800000000001,0.0,0.0,15.046875,0.2101852346404624,0.0,0.0,0.526640625,0.7356483212416184,1.2622889462416182,393829,,,7.289931321179918e-05,Information
124407,672.0,12239.18462,ZAF,South Africa,Limpopo,0.845320813,0.0,0.63,0.51,672.0,672.0,0.0,1.0,-9999.0,-9999.0,-9999.0,0.0,10.0,-999.9,-999.9,-999.9,-5979.4,0.0,0.0,0.0,0.0,0.0,0.0,0.0,0.0,0.0,0.0,0.0,-5979.4,1.261002845979064,16.90641626,0.0,,4.438,0.036,4.438,0.036,3.812,0.031,2.562,0.021,0.0443799999999999,0.036,0.05718,0.0465,0.06405,0.0525,0.30061,0.0,0.0,19.828125,0.1620052774225897,0.0,0.0,0.693984375,0.5670184709790639,1.261002845979064,923703,,,1.4067446420600957e-05,Information
124408,673.0,6072.376529,ZAF,South Africa,Mpumalanga,1.362234813,0.0,0.63,0.51,673.0,,,,,,,,,,,,,,,,,,,,,,,,,3.560325,27.24469626,0.0,,29.812,0.491,27.5,0.453,28.125,0.463,25.938,0.427,0.275,0.453,0.421875,0.6945,0.64845,1.0675,3.560325,0.0,0.0,17.71875,0.2917926764982606,0.0,0.0,0.62015625,1.021274367743912,1.641430617743912,531257,,,0.0012753968442271,Information
124409,674.0,16634.78845,ZAF,South Africa,Mpumalanga,0.506016859,0.0,0.63,0.51,674.0,674.0,0.0,1.0,-9999.0,-9999.0,-9999.0,0.0,10.0,-999.9,-999.9,-999.9,-5979.4,0.0,0.0,0.0,0.0,0.0,0.0,0.0,0.0,0.0,0.0,0.0,-5979.4,7.912181882917194,10.12033718,0.0,,13.75,0.083,13.625,0.082,5.875,0.035,2.562,0.015,0.13625,0.082,0.088125,0.0525,0.06405,0.0375,0.460425,0.0,0.0,141.1875,0.8487483951191983,0.0,0.0,4.9415625,2.970619382917194,7.912181882917194,1589152,,,0.0075479927670372,Information
124503,677.0,7807.088991,ZAF,South Africa,Limpopo,1.000075425,0.0,0.63,0.51,677.0,,,,,,,,,,,,,,,,,,,,,,,,,0.6735744877053388,20.0015085,0.0,,3.875,0.05,3.875,0.05,4.438,0.057,0.625,0.008,0.03875,0.05,0.06657,0.0855,0.015625,0.02,0.276445,0.0,0.0,8.4375,0.1080748536300968,0.0,0.0,0.2953125,0.3782619877053388,0.6735744877053388,693973,,,8.889217860973654e-07,Information
124505,679.0,6550.564871,ZAF,South Africa,Limpopo,0.633820468,0.0,0.63,0.51,679.0,,,,,,,,,,,,,,,,,,,,,,,,,0.4352439000034279,12.67640936,0.0,,2.562,0.039,2.562,0.039,4.438,0.068,1.0,0.015,0.0256199999999999,0.039,0.06657,0.102,0.025,0.0375,0.29569,0.0,0.0,4.921875,0.0751366500009794,0.0,0.0,0.172265625,0.2629782750034279,0.4352439000034279,212181,,,5.74371628534531e-08,Information
124506,680.0,13823.80282,ZAF,South Africa,Limpopo,0.835480251,0.0,0.63,0.51,680.0,,,,,,,,,,,,,,,,,,,,,,,,,0.361375,16.70960502,0.0,,21.625,0.156,18.75,0.136,1.25,0.009,0.125,0.001,0.1875,0.136,0.01875,0.0134999999999999,0.003125,0.0025,0.361375,,,,,,,,,,987677,,,2.6614530670292908e-08,Information
124509,683.0,3031.100625,ZAF,South Africa,Limpopo,3.209513069,0.0,0.63,0.51,683.0,,,,,,,,,,,,,,,,,,,,,,,,,0.71475,64.19026138000001,0.0,,0.438,0.014,0.438,0.014,10.688,0.353,0.062,0.002,0.00438,0.014,0.16032,0.5295,0.00155,0.005,0.71475,0.0,0.0,1.96875,0.0649516543263497,0.0,0.0,0.06890625,0.2273307901422239,0.2962370401422239,16878,,,4.538185622642571e-05,Information
124700,685.0,2571.039933,ZAF,South Africa,Limpopo,1.173387083,0.0,0.63,0.51,685.0,,,,,,,,,,,,,,,,,,,,,,,,,0.3609808994288098,23.46774166,0.0,,0.375,0.015,0.125,0.005,3.875,0.151,0.5,0.019,0.00125,0.005,0.058125,0.2264999999999999,0.0125,0.0475,0.350875,0.0,0.0,2.109375,0.0820436498368028,0.0,0.0,0.073828125,0.2871527744288098,0.3609808994288098,4305,,,4.2391304525817735e-08,Information
124920,688.0,16083.27468,ZAF,South Africa,Limpopo,0.636689938,0.0,0.63,0.51,688.0,688.0,0.0,1.0,-9999.0,-9999.0,-9999.0,0.0,10.0,-999.9,-999.9,-999.9,-5979.4,0.0,0.0,0.0,0.0,0.0,0.0,0.0,0.0,0.0,0.0,0.0,-5979.4,0.5747125910868707,12.73379876,0.0,,3.125,0.019,3.125,0.019,1.812,0.011,0.75,0.005,0.03125,0.019,0.02718,0.0165,0.01875,0.0125,0.12518,0.0,0.0,10.125,0.0629535974533916,0.0,0.0,0.354375,0.2203375910868706,0.5747125910868707,561005,,,2.5455360076907415e-07,Information
124936,694.0,8370.019238,ZAF,South Africa,Limpopo,1.874448648,0.0,0.63,0.51,694.0,,,,,,,,,,,,,,,,,,,,,,,,,1.674346863346269,37.48897296,0.0,,3.625,0.043,3.625,0.043,2.125,0.025,1.125,0.013,0.03625,0.043,0.031875,0.0375,0.028125,0.0325,0.20925,0.0,0.0,21.796875,0.260416068098934,0.0,0.0,0.762890625,0.9114562383462688,1.674346863346269,84141,,,0.000147347161141,Information
124990,703.0,29614.053,ZAF,South Africa,North West,1.101971693,0.0,0.63,0.51,703.0,703.0,0.0,1.0,-9999.0,-9999.0,-9999.0,0.0,10.0,-999.9,-999.9,-999.9,-5979.4,0.0,0.0,0.0,0.0,0.0,0.0,0.0,0.0,0.0,0.0,0.0,-5979.4,2.863988473350962,22.039433860000003,0.0,,15.312,0.052,14.812,0.05,5.938,0.02,2.938,0.01,0.14812,0.05,0.08907,0.03,0.07345,0.025,0.41564,0.0,0.0,61.171875,0.2065636709574177,0.0,0.0,2.141015625,0.722972848350962,2.863988473350962,9372536,,,0.0004765997106113,Information
125206,710.0,7053.813719,ZAF,South Africa,Mpumalanga,0.465028897,0.0,0.63,0.51,710.0,,,,,,,,,,,,,,,,,,,,,,,,,1.0828529912002978,9.30057794,0.0,,36.375,0.516,6.688,0.095,1.062,0.015,0.438,0.006,0.06688,0.095,0.01593,0.0225,0.01095,0.015,0.2262599999999999,0.0,0.0,12.796875,0.1814178189143708,0.0,0.0,0.447890625,0.6349623662002979,1.0828529912002978,651586,,,4.756608348135567e-06,Information
125208,712.0,10506.17306,ZAF,South Africa,Mpumalanga,0.760613612,0.0,0.63,0.51,712.0,712.0,0.0,1.0,-9999.0,-9999.0,-9999.0,0.0,10.0,-999.9,-999.9,-999.9,-5979.4,0.0,0.0,0.0,0.0,0.0,0.0,0.0,0.0,0.0,0.0,0.0,-5979.4,0.557184005870982,15.21227224,0.0,,2.5,0.024,2.312,0.022,1.5,0.014,0.688,0.007,0.0231199999999999,0.022,0.0225,0.021,0.0171999999999999,0.0175,0.1233199999999999,0.0,0.0,8.15625,0.077632930248852,0.0,0.0,0.28546875,0.271715255870982,0.557184005870982,754847,,,2.5170242515248204e-07,Information
125209,713.0,11253.2059,ZAF,South Africa,Mpumalanga,1.80375106,0.0,0.63,0.51,713.0,713.0,0.0,27.0,-9999.0,-9999.0,-9999.0,0.0,1.0,-999.9,-999.9,-999.9,-5997.4,0.0,0.0,0.0,0.0,0.0,0.0,0.0,0.0,0.0,0.0,0.0,-5997.4,2.342498411305506,36.0750212,0.0,,10.125,0.09,9.562,0.085,6.688,0.059,4.0,0.036,0.09562,0.085,0.10032,0.0885,0.1,0.09,0.5594399999999999,0.0,0.0,35.4375,0.3149102603730018,0.0,0.0,1.2403125,1.1021859113055064,2.342498411305506,689331,,,0.0004723600168435,Information
125404,718.0,11832.54757,ZAF,South Africa,KwaZulu-Natal,1.540325075,0.0,0.63,0.51,718.0,,,,,,,,,,,,,,,,,,,,,,,,,3.0617568535714774,30.8065015,0.0,,28.625,0.242,27.0,0.228,22.0,0.186,18.438,0.156,0.27,0.228,0.33,0.279,0.4609499999999999,0.39,1.9579500000000003,18.421875,0.1556881549303928,39.515625,0.3339570346216823,0.276328125,0.2335322323955892,1.383046875,1.168849621175888,3.0617568535714774,575449,,,0.0009106672897444,Information
125408,722.0,8572.130473,ZAF,South Africa,Mpumalanga,3.343490747,0.0,0.63,0.51,722.0,,,,,,,,,,,,,,,,,,,,,,,,,2.452626233427986,66.86981494,0.0,,8.562,0.1,8.438,0.098,5.312,0.062,1.75,0.02,0.08438,0.098,0.07968,0.093,0.04375,0.05,0.44881,3.9375,0.0459337385540169,30.65625,0.3576269644562745,0.0590625,0.0689006078310253,1.07296875,1.2516943755969607,2.452626233427986,543224,,,0.0046167524057236,Information
125409,723.0,3924.429083,ZAF,South Africa,Mpumalanga,3.617340774,0.0,0.63,0.51,723.0,,,,,,,,,,,,,,,,,,,,,,,,,2.1904228829951267,72.34681548,0.0,,5.125,0.131,5.0,0.127,2.188,0.056,1.25,0.032,0.05,0.127,0.03282,0.084,0.03125,0.08,0.40507,7.03125,0.1791661882682376,14.625,0.3726656715979343,0.10546875,0.2687492824023564,0.511875,1.30432985059277,2.1904228829951267,187654,,,0.0056120021868592,Information
125510,724.0,29910.07126,ZAF,South Africa,KwaZulu-Natal,1.632596178,0.155107404,0.63,0.51,724.0,,,,,,,,,,,,,,,,,,,,,,,,,19.72575341009067,32.65192356,3.10214808,,121.438,0.406,109.688,0.367,40.375,0.135,21.188,0.071,1.09688,0.367,0.605625,0.2025,0.5297,0.1775,2.9792050000000003,143.578125,0.4800327078313984,360.84375,1.206428920955307,2.153671875,0.7200490617470976,12.62953125,4.222501223343574,19.72575341009067,2092100,,,0.1097330042188912,Information
125520,725.0,29260.54115,ZAF,South Africa,KwaZulu-Natal,2.315624172,0.0,0.63,0.51,725.0,725.0,0.0,1.0,-9999.0,-9999.0,-9999.0,0.0,10.0,-999.9,-999.9,-999.9,-5979.4,0.0,0.0,0.0,0.0,0.0,0.0,0.0,0.0,0.0,0.0,0.0,-5979.4,3.604819345975693,46.31248344,0.0,,25.375,0.087,19.5,0.067,17.625,0.06,13.75,0.047,0.195,0.067,0.264375,0.09,0.34375,0.1175,1.077625,20.953125,0.0716088089114777,67.78125,0.2316472878881361,0.314296875,0.1074132133672165,2.37234375,0.8107655076084763,3.604819345975693,1939411,,,0.0034575143405448,Information
125531,726.0,4361.012094,ZAF,South Africa,KwaZulu-Natal,3.637074375,0.0,0.63,0.51,726.0,,,,,,,,,,,,,,,,,,,,,,,,,6.869859308308467,72.7414875,0.0,,18.625,0.427,17.75,0.407,7.375,0.169,3.75,0.086,0.1775,0.407,0.110625,0.2535,0.09375,0.2149999999999999,1.257375,35.71875,0.819047258550961,44.296875,1.0157475844234358,0.53578125,1.2285708878264416,1.550390625,3.5551165454820253,6.869859308308467,999937,,,0.0840673427915716,Information
125532,727.0,4484.382638,ZAF,South Africa,KwaZulu-Natal,3.239891725,0.0,0.63,0.51,727.0,,,,,,,,,,,,,,,,,,,,,,,,,3.567845597886961,64.79783450000001,0.0,,13.375,0.298,12.25,0.273,8.438,0.188,5.125,0.114,0.1225,0.273,0.12657,0.282,0.128125,0.285,1.2171950000000002,14.90625,0.3324036150554015,25.171875,0.5613230858011026,0.22359375,0.4986054225831022,0.881015625,1.964630800303859,3.567845597886961,2245554,,,0.0110354452879206,Information
125533,728.0,9583.328264,ZAF,South Africa,KwaZulu-Natal,3.87753207,0.0,0.63,0.51,728.0,,,,,,,,,,,,,,,,,,,,,,,,,2.577656946219703,77.5506414,0.0,,20.625,0.215,16.75,0.175,8.188,0.085,3.688,0.038,0.1675,0.175,0.12282,0.1275,0.0922,0.095,0.7800199999999999,10.265625,0.1071196218774117,31.640625,0.3301632181153102,0.153984375,0.1606794328161175,1.107421875,1.1555712634035855,2.577656946219703,2614104,,,0.0152175520534028,Information
125535,730.0,5992.988755,ZAF,South Africa,Eastern Cape,1.408501406,0.0,0.63,0.51,730.0,,,,,,,,,,,,,,,,,,,,,,,,,3.4074897104348354,28.17002812,0.0,,31.188,0.52,22.625,0.378,9.312,0.155,5.25,0.088,0.22625,0.378,0.13968,0.2324999999999999,0.13125,0.2199999999999999,1.32768,10.96875,0.1830263738038735,31.78125,0.5303071856368644,0.16453125,0.2745395607058102,1.11234375,1.856075149729025,3.4074897104348354,926116,,,0.0011506008327387,Information
125536,731.0,19946.75371,ZAF,South Africa,Eastern Cape,1.090596392,0.0,0.63,0.51,731.0,731.0,0.0,1.0,-9999.0,-9999.0,-9999.0,0.0,10.0,-999.9,-999.9,-999.9,-5979.4,0.0,0.0,0.0,0.0,0.0,0.0,0.0,0.0,0.0,0.0,0.0,-5979.4,2.4047159559563225,21.81192784,0.0,,,,,,,,,,,,,,,,,7.03125,0.0352500968374153,42.75,0.2143205887714855,0.10546875,0.0528751452561229,1.49625,0.7501220607001993,2.4047159559563225,1047027,,,0.0002491344367818,Information
125537,732.0,5561.968536,ZAF,South Africa,Eastern Cape,1.380012907,0.0,0.63,0.51,732.0,,,,,,,,,,,,,,,,,,,,,,,,,6.68878847321418,27.60025814,0.0,,5.812,0.105,5.25,0.094,4.938,0.089,4.188,0.075,0.0525,0.094,0.07407,0.1335,0.1046999999999999,0.1875,0.64627,23.203125,0.4171746900472586,58.359375,1.049257553755226,0.348046875,0.6257620350708879,2.042578125,3.6724014381432912,6.68878847321418,817589,,,0.00861482812812,Information
125539,734.0,2636.81979,ZAF,South Africa,Eastern Cape,1.305257386,0.0,0.63,0.51,734.0,,,,,,,,,,,,,,,,,,,,,,,,,4.013300173925309,26.10514772,0.0,,37.5,1.422,37.375,1.417,6.312,0.239,3.5,0.133,0.37375,1.417,0.09468,0.3585,0.0875,0.3325,2.66393,10.546875,0.399984672408729,19.40625,0.7359717972320614,0.158203125,0.5999770086130934,0.67921875,2.575901290312215,4.013300173925309,183708,,,0.0017897051935371,Information
125540,735.0,20567.74115,ZAF,South Africa,Eastern Cape,1.686258078,0.0,0.63,0.51,735.0,735.0,0.0,1.0,-9999.0,-9999.0,-9999.0,0.0,10.0,-999.9,-999.9,-999.9,-5979.4,0.0,0.0,0.0,0.0,0.0,0.0,0.0,0.0,0.0,0.0,0.0,-5979.4,3.5445828550326954,33.725161560000004,0.0,,6.0,0.029,5.875,0.029,2.125,0.01,2.438,0.012,0.05875,0.029,0.031875,0.015,0.06095,0.03,0.225575,13.640625,0.0663204816852426,62.296875,0.302886323572809,0.204609375,0.0994807225278639,2.180390625,1.0601021325048314,3.5445828550326954,703735,,,0.0017036127694448,Information
125550,736.0,8015.11544,ZAF,South Africa,Eastern Cape,3.884883016,0.0,0.63,0.51,736.0,736.0,0.0,1.0,3.0,-9999.0,-9999.0,0.0,10.0,0.3,-999.9,-999.9,-3979.0,0.0,0.0,0.0,0.0,0.0,0.0,0.0,0.0,0.0,0.0,0.0,-3979.0,5.773105308268605,77.69766032,0.0,,14.625,0.182,14.5,0.181,4.875,0.061,3.5,0.044,0.145,0.181,0.073125,0.0915,0.0875,0.1099999999999999,0.688125,17.015625,0.2122941974681089,66.09375,0.824613824876126,0.255234375,0.3184412962021633,2.31328125,2.886148387066441,5.773105308268605,1008313,,,0.0882706252516573,Information
125561,737.0,3408.307162,ZAF,South Africa,Eastern Cape,1.183468143,0.0,0.63,0.51,737.0,737.0,0.0,1.0,-9999.0,-9999.0,-9999.0,0.0,10.0,-999.9,-999.9,-999.9,-5979.4,0.0,0.0,0.0,0.0,0.0,0.0,0.0,0.0,0.0,0.0,0.0,-5979.4,1.665191764178375,23.66936286,0.0,,,,,,,,,,,,,,,,,1.96875,0.0577632797292267,11.25,0.3300758841670099,0.02953125,0.08664491959384,0.39375,1.1552655945845347,1.665191764178375,67782,,,6.535046081186087e-05,Information
125563,739.0,1477.593474,ZAF,South Africa,Eastern Cape,2.023600362,0.0,0.63,0.51,739.0,739.0,0.0,1.0,2.0,-9999.0,-9999.0,0.0,10.0,0.2,-999.9,-999.9,-3979.2,0.0,0.0,0.0,0.0,0.0,0.0,0.0,0.0,0.0,0.0,0.0,-3979.2,-3979.2,40.47200724,0.0,,,,,,,,,,,,,,,,,,,,,,,,,,17948,,,,
125565,741.0,3042.256589,ZAF,South Africa,Eastern Cape,2.923416922,0.0,0.63,0.51,741.0,741.0,0.0,1.0,-9999.0,-9999.0,-9999.0,0.0,10.0,-999.9,-999.9,-999.9,-5979.4,0.0,0.0,0.0,0.0,0.0,0.0,0.0,0.0,0.0,0.0,0.0,-5979.4,0.9917114727215895,58.46833844,0.0,,,,,,,,,,,,,,,,,0.0,0.0,6.609375,0.2172523850633113,0.0,0.0,0.231328125,0.7603833477215896,0.9917114727215895,11325,,,9.394000095549112e-05,Information
125566,742.0,4749.245902,ZAF,South Africa,Eastern Cape,0.872742495,0.0,0.63,0.51,742.0,,,,,,,,,,,,,,,,,,,,,,,,,2.6181642144825217,17.4548499,0.0,,33.875,0.713,24.188,0.509,0.75,0.016,6.125,0.129,0.2418799999999999,0.509,0.01125,0.024,0.153125,0.3225,1.261755,3.375,0.0710639135072235,22.640625,0.4767204197776246,0.050625,0.1065958702608352,0.792421875,1.668521469221686,2.6181642144825217,9385,,,0.0002793892283105,Information
125567,743.0,4216.74424,ZAF,South Africa,Eastern Cape,3.14377719,0.0,0.63,0.51,743.0,743.0,0.0,1.0,-9999.0,-9999.0,-9999.0,0.0,10.0,-999.9,-999.9,-999.9,-5979.4,0.0,0.0,0.0,0.0,0.0,0.0,0.0,0.0,0.0,0.0,0.0,-5979.4,1.2658920923462265,62.8755438,0.0,,,,,,,,,,,,,,,,,1.40625,0.0333491888519186,10.125,0.2401141597338139,0.02109375,0.0500237832778779,0.354375,0.8403995590683486,1.2658920923462265,44236,,,0.0003644136676303,Information
125580,747.0,21371.1497,ZAF,South Africa,Eastern Cape,1.781725129,0.0,0.63,0.51,747.0,747.0,0.0,1.0,-9999.0,-9999.0,-9999.0,0.0,10.0,-999.9,-999.9,-999.9,-5979.4,0.0,0.0,0.0,0.0,0.0,0.0,0.0,0.0,0.0,0.0,0.0,-5979.4,4.024281236127616,35.63450258,0.0,,0.125,0.001,0.125,0.001,0.25,0.001,7.062,0.033,0.00125,0.001,0.00375,0.0015,0.17655,0.0825,0.26655,19.6875,0.0921218571725397,69.890625,0.3270325929625161,0.2953125,0.1381827857588095,2.446171875,1.1446140753688063,4.024281236127616,131476,,,0.0027836720947895,Information
125590,748.0,2674.025886,ZAF,South Africa,Eastern Cape,3.317380276,0.0,0.63,0.51,748.0,,,,,,,,,,,,,,,,,,,,,,,,,8.754706585769044,66.34760552,0.0,,0.0,0.0,0.0,0.0,0.125,0.005,2.062,0.077,0.0,0.0,0.001875,0.0075,0.0515499999999999,0.1925,0.253425,25.03125,0.936088544740685,42.046875,1.5724183981880049,0.37546875,1.4041328171110274,1.471640625,5.503464393658017,8.754706585769044,1301459,,,0.0890718267572029,Information
125603,751.0,6068.370135,ZAF,South Africa,Eastern Cape,1.730311787,0.0,0.63,0.51,751.0,751.0,0.0,1.0,2.0,-9999.0,-9999.0,0.0,10.0,0.2,-999.9,-999.9,-4979.3,0.0,0.0,0.0,0.0,0.0,0.0,0.0,0.0,0.0,0.0,0.0,-4979.3,0.7335479815826411,34.60623574,0.0,,,,,,,,,,,,,,,,,0.421875,0.0069520314454209,7.734375,0.1274539098327171,0.006328125,0.0104280471681313,0.270703125,0.4460886844145098,0.7335479815826411,10801,,,3.5563272119304863e-06,Information
125607,755.0,6327.776887,ZAF,South Africa,Eastern Cape,2.499820344,0.0,0.63,0.51,755.0,,,,,,,,,,,,,,,,,,,,,,,,,7.62195,49.99640688,0.0,,296.062,4.679,291.188,4.602,1.938,0.031,0.5,0.008,2.91188,4.602,0.02907,0.0465,0.0125,0.02,7.62195,4.5,0.0711150231783588,24.046875,0.3800209051093549,0.0675,0.1066725347675382,0.841640625,1.330073167882742,2.3458863276502804,2276,,,0.0299817003501719,Information
125608,756.0,1402.642736,ZAF,South Africa,Northern Cape,0.570541388,0.0,0.63,0.51,756.0,,,,,,,,,,,,,,,,,,,,,,,,,0.914,11.41082776,0.0,,138.562,9.879,10.125,0.722,0.75,0.053,0.0,0.0,0.10125,0.722,0.01125,0.0795,0.0,0.0,0.914,0.140625,0.0100257176277206,2.109375,0.1503857644158096,0.002109375,0.0150385764415808,0.073828125,0.5263501754553336,0.6173262518969145,595,,,2.3932493918330865e-06,Information
125609,757.0,2614.312067,ZAF,South Africa,Western Cape,3.123089951,0.0,0.63,0.51,757.0,,,,,,,,,,,,,,,,,,,,,,,,,0.9906529440833178,62.46179902,0.0,,20.125,0.77,17.375,0.665,1.125,0.043,0.25,0.01,0.17375,0.665,0.016875,0.0645,0.00625,0.025,0.951375,0.5625,0.0215161765502278,5.625,0.2151617655022789,0.0084375,0.0322742648253416,0.196875,0.7530661792579761,0.9906529440833178,8063,,,0.0001391250966734,Information
125801,758.0,1667.739061,ZAF,South Africa,Western Cape,2.19212521,0.0,0.63,0.51,758.0,758.0,0.0,1.0,2.0,-9999.0,-9999.0,0.0,10.0,0.2,-999.9,-999.9,-3979.2,0.0,0.0,0.0,0.0,0.0,0.0,0.0,0.0,0.0,0.0,0.0,-3979.2,0.9887516116265676,43.8425042,0.0,,,,,,,,,,,,,,,,,1.546875,0.0927528194317636,3.375,0.2023697878511206,0.023203125,0.1391292291476454,0.118125,0.7082942574789222,0.9887516116265676,11159,,,2.678579721806632e-05,Information
125802,759.0,13319.49931,ZAF,South Africa,Western Cape,2.489927196,0.0,0.63,0.51,759.0,759.0,0.0,1.0,2.0,2.0,2.0,0.0,10.0,0.2,0.2,0.2,21.2,0.0,0.0,0.0,0.0,0.0,0.0,0.0,0.0,0.0,0.0,0.0,21.2,21.2,49.79854392,0.0,,7.5,0.056,7.5,0.056,2.812,0.021,2.688,0.02,0.075,0.056,0.04218,0.0315,0.0672,0.05,0.32188,4.078125,0.0306177049568034,20.53125,0.1541443077135619,0.061171875,0.0459265574352051,0.71859375,0.5395050769974667,1.365197259432672,35352,,,0.1943319691631805,Information
125805,762.0,2599.473715,ZAF,South Africa,Western Cape,2.627458727,0.0,0.63,0.51,762.0,762.0,0.0,1.0,2.0,-9999.0,-9999.0,0.0,10.0,0.2,-999.9,-999.9,-3979.2,0.0,0.0,0.0,0.0,0.0,0.0,0.0,0.0,0.0,0.0,0.0,-3979.2,1.5267837475794377,52.54917454,0.0,,,,,,,,,,,,,,,,,0.984375,0.0378682421118574,8.578125,0.3299946812604718,0.014765625,0.0568023631677861,0.300234375,1.1549813844116514,1.5267837475794377,54720,,,0.0002946079777531,Information
125807,764.0,2422.363725,ZAF,South Africa,Western Cape,1.06634835,0.0,0.63,0.51,764.0,,,,,,,,,,,,,,,,,,,,,,,,,2.6790834431484143,21.326967,0.0,,0.0,0.0,0.0,0.0,2.125,0.088,3.625,0.15,0.0,0.0,0.031875,0.132,0.090625,0.375,0.6295,7.59375,0.3134851269986927,11.671875,0.48183825075725,0.11390625,0.470227690498039,0.408515625,1.6864338776503751,2.6790834431484143,57443,,,0.0003626590542674,Information
125900,767.0,15697.22116,ZAF,South Africa,Western Cape,4.013601875,0.0,0.63,0.51,767.0,,,,,,,,,,,,,,,,,,,,,,,,,9.336203863601853,80.2720375,0.0,,3.688,0.023,3.562,0.023,3.188,0.02,3.312,0.021,0.03562,0.023,0.04782,0.03,0.0828,0.0525,0.27174,63.5625,0.4049283587345673,135.703125,0.8645041287142864,0.9534375,0.6073925381018509,4.749609375,3.0257644505000023,9.336203863601853,530078,,,0.2271886683627413,Information
126010,769.0,12606.45903,ZAF,South Africa,Western Cape,0.673336311,0.001485577,0.63,0.51,769.0,,,,,,,,,,,,,,,,,,,,,,,,,27.956116060475274,13.46672622,0.02971154,,58.188,0.462,42.562,0.338,73.938,0.587,74.062,0.587,0.42562,0.338,1.10907,0.8805,1.85155,1.4674999999999998,6.072239999999999,212.765625,1.6877508941005857,354.234375,2.809943491235542,3.191484375,2.5316263411508784,12.398203125,9.834802219324397,27.956116060475274,5311243,,,0.1292606546808519,Information
126020,770.0,7815.073528,ZAF,South Africa,Western Cape,1.016261298,0.0,0.63,0.51,770.0,,,,,,,,,,,,,,,,,,,,,,,,,3.7538246449957806,20.32522596,0.0,,2.5,0.032,2.438,0.031,5.688,0.073,8.438,0.108,0.02438,0.031,0.08532,0.1094999999999999,0.21095,0.27,0.73115,14.625,0.1871383544658934,40.78125,0.5218281037991259,0.219375,0.2807075316988401,1.42734375,1.8263983632969407,3.7538246449957806,542656,,,0.0011246356808721,Information
126043,774.0,10127.21166,ZAF,South Africa,Western Cape,3.363239066,0.0,0.63,0.51,774.0,774.0,0.0,1.0,2.0,-9999.0,-9999.0,0.0,10.0,0.2,-999.9,-999.9,-3979.2,0.0,0.0,0.0,0.0,0.0,0.0,0.0,0.0,0.0,0.0,0.0,-3979.2,2.8046174974130165,67.26478132,0.0,,,,,,,,,,,,,,,,,7.453125,0.0735950353641154,37.125,0.3665865912476695,0.111796875,0.1103925530461731,1.299375,1.2830530693668434,2.8046174974130165,119653,,,0.007001540264495,Information
126046,777.0,6426.649364,ZAF,South Africa,Western Cape,2.028537224,0.0,0.63,0.51,777.0,,,,,,,,,,,,,,,,,,,,,,,,,1.0423772271356964,40.57074448,0.0,,1.625,0.025,1.625,0.025,2.312,0.036,2.375,0.037,0.01625,0.025,0.03468,0.0539999999999999,0.059375,0.0925,0.2818049999999999,3.234375,0.0503275473245552,10.265625,0.1597352588996753,0.048515625,0.0754913209868328,0.359296875,0.5590734061488636,1.0423772271356964,843,,,2.6354000163249008e-05,Information
126060,782.0,4750.562508,ZAF,South Africa,Northern Cape,2.668977716,0.0,0.63,0.51,782.0,782.0,0.0,27.0,-9999.0,-9999.0,-9999.0,0.0,1.0,-999.9,-999.9,-999.9,-5997.4,0.0,0.0,0.0,0.0,0.0,0.0,0.0,0.0,0.0,0.0,0.0,-5997.4,-5997.4,53.37955432,0.0,,,,,,,,,,,,,,,,,,,,,,,,,,5402,,,,
126090,785.0,5930.359607,ZAF,South Africa,Northern Cape,3.974986627,0.0,0.63,0.51,785.0,,,,,,,,,,,,,,,,,,,,,,,,,0.1189919659174309,79.49973254,0.0,,5.312,0.09,3.625,0.061,0.438,0.007,0.062,0.001,0.03625,0.061,0.00657,0.0105,0.00155,0.0025,0.11837,0.0,0.0,1.265625,0.0213414545478374,0.0,0.0,0.044296875,0.0746950909174309,0.1189919659174309,7950,,,1.3084368438906494e-07,Information
127500,858.0,2300.659374,ZAF,South Africa,Northern Cape,3.330866404,0.0,0.63,0.51,858.0,858.0,0.0,12.0,-9999.0,-9999.0,-9999.0,0.0,1.0,-999.9,-999.9,-999.9,-5997.4,0.0,0.0,0.0,0.0,0.0,0.0,0.0,0.0,0.0,0.0,0.0,-5997.4,3.097674782503317,66.61732808,0.0,,,,,,,,,,,,,,,,,9.421875,0.4095293335624326,12.515625,0.5440016520456195,0.141328125,0.6142940003436489,0.438046875,1.904005782159668,3.097674782503317,14575,,,0.0087179346931225,Information
127602,860.0,6773.80098,ZAF,South Africa,Northern Cape,1.82544552,0.0,0.63,0.51,860.0,,,,,,,,,,,,,,,,,,,,,,,,,0.2193825792926068,36.5089104,0.0,,8.25,0.122,7.188,0.106,0.0,0.0,0.0,0.0,0.07188,0.106,0.0,0.0,0.0,0.0,0.1778799999999999,0.0,0.0,2.53125,0.0373682369407448,0.0,0.0,0.08859375,0.1307888292926068,0.2193825792926068,228,,,7.230541796639627e-09,Information
127606,864.0,16869.26168,ZAF,South Africa,Northern Cape,3.180886488,0.0,0.63,0.51,864.0,,,,,,,,,,,,,,,,,,,,,,,,,0.5263686987992235,63.61772976,0.0,,15.938,0.094,8.125,0.048,0.312,0.002,0.125,0.001,0.08125,0.048,0.00468,0.003,0.003125,0.0025,0.142555,1.6875,0.0100034016408114,8.71875,0.051684241810859,0.0253125,0.0150051024612171,0.30515625,0.1808948463380064,0.5263686987992235,6205,,,1.138520030188229e-05,Information
127607,865.0,7482.474636,ZAF,South Africa,Northern Cape,1.622808486,0.0,0.63,0.51,865.0,865.0,0.0,1.0,-9999.0,-9999.0,-9999.0,0.0,10.0,-999.9,-999.9,-999.9,-5979.4,0.0,0.0,0.0,0.0,0.0,0.0,0.0,0.0,0.0,0.0,0.0,-5979.4,-5979.4,32.45616972,0.0,,,,,,,,,,,,,,,,,,,,,,,,,,4765,,,,
127701,869.0,8709.568633,ZAF,South Africa,Northern Cape,4.006024553,0.0,0.63,0.51,869.0,869.0,0.0,12.0,-9999.0,-9999.0,-9999.0,0.0,1.0,-999.9,-999.9,-999.9,-5997.4,0.0,0.0,0.0,0.0,0.0,0.0,0.0,0.0,0.0,0.0,0.0,-5997.4,0.5845351522816766,80.12049105999999,0.0,,,,,,,,,,,,,,,,,0.421875,0.0048438105004911,7.59375,0.08718858900884,0.006328125,0.0072657157507366,0.26578125,0.30516006153094,0.5845351522816766,159452,,,0.0002104439446583,Information
127705,873.0,7800.643448,ZAF,South Africa,Northern Cape,2.572836934,0.0,0.63,0.51,873.0,873.0,0.0,10.0,-9999.0,-9999.0,-9999.0,0.0,1.0,-999.9,-999.9,-999.9,-5995.4,0.0,0.0,0.0,0.0,0.0,0.0,0.0,0.0,0.0,0.0,0.0,-5995.4,1.2049742060615272,51.45673868,0.0,,,,,,,,,,,,,,,,,3.375,0.0432656616390856,13.640625,0.1748653824579711,0.050625,0.0648984924586284,0.477421875,0.6120288386028988,1.2049742060615272,22394,,,0.000109512681905,Information
127706,874.0,32801.86074,ZAF,South Africa,Northern Cape,1.26682366,0.0,0.63,0.51,874.0,,,,,,,,,,,,,,,,,,,,,,,,,3.833232349660452,25.3364732,0.0,,23.375,0.071,10.688,0.033,4.5,0.014,3.438,0.01,0.10688,0.033,0.0675,0.021,0.08595,0.025,0.33933,68.203125,0.2079245611945042,54.703125,0.1667683593910559,1.023046875,0.3118868417917563,1.914609375,0.5836892578686956,3.833232349660452,67597,,,0.0014924762757382,Information
127709,877.0,1395.804181,ZAF,South Africa,Northern Cape,2.367153941,0.0,0.63,0.51,877.0,877.0,0.0,7.0,-9999.0,-9999.0,-9999.0,0.0,4.0,-999.9,-999.9,-999.9,-5991.4,0.0,0.0,0.0,0.0,0.0,0.0,0.0,0.0,0.0,0.0,0.0,-5991.4,2.474174308835153,47.34307882,0.0,,,,,,,,,,,,,,,,,0.84375,0.060449023679865,8.296875,0.5944153995186732,0.01265625,0.0906735355197975,0.290390625,2.080453898315356,2.474174308835153,325,,,0.0011145033431919,Information
127801,878.0,14302.52363,ZAF,South Africa,Northern Cape,1.954371881,0.0,0.63,0.51,878.0,878.0,0.0,6.0,-9999.0,-9999.0,-9999.0,0.0,5.0,-999.9,-999.9,-999.9,-5987.4,0.0,0.0,0.0,0.0,0.0,0.0,0.0,0.0,0.0,0.0,0.0,-5987.4,6.2460695939838455,39.08743762,0.0,,,,,,,,,,,,,,,,,26.859375,0.1877946556812985,93.515625,0.6538400315605422,0.402890625,0.2816919835219477,3.273046875,2.288440110461897,6.2460695939838455,32687,,,0.0113785790985292,Information
127802,879.0,9049.8972,ZAF,South Africa,Northern Cape,1.589878119,0.0,0.63,0.51,879.0,,,,,,,,,,,,,,,,,,,,,,,,,1.7183583989287217,31.79756238,0.0,,1.938,0.021,1.938,0.021,0.812,0.009,0.75,0.008,0.0193799999999999,0.021,0.01218,0.0134999999999999,0.01875,0.02,0.10481,6.1875,0.0683709423821942,20.671875,0.2284211029586944,0.0928125,0.1025564135732912,0.723515625,0.7994738603554303,1.7183583989287217,17114,,,0.0001161099872087,Information
127803,880.0,10692.17038,ZAF,South Africa,Eastern Cape,2.349121916,0.0,0.63,0.51,880.0,880.0,0.0,1.0,-9999.0,-9999.0,-9999.0,0.0,10.0,-999.9,-999.9,-999.9,-5979.4,0.0,0.0,0.0,0.0,0.0,0.0,0.0,0.0,0.0,0.0,0.0,-5979.4,6.7900545059928605,46.98243832,0.0,,11.125,0.104,7.25,0.068,6.375,0.06,5.25,0.049,0.0725,0.068,0.095625,0.09,0.13125,0.1225,0.5798749999999999,34.734375,0.3248580387696339,85.359375,0.7983353422395456,0.521015625,0.4872870581544508,2.987578125,2.794173697838409,6.7900545059928605,45387,,,0.0199315718067102,Information
127804,881.0,21999.45462,ZAF,South Africa,Free State,2.132937332,0.0,0.63,0.51,881.0,881.0,0.0,1.0,-9999.0,-9999.0,-9999.0,0.0,10.0,-999.9,-999.9,-999.9,-5979.4,0.0,0.0,0.0,0.0,0.0,0.0,0.0,0.0,0.0,0.0,0.0,-5979.4,2.119107325752001,42.65874664,0.0,,3.5,0.016,3.188,0.014,1.625,0.007,1.438,0.007,0.03188,0.014,0.024375,0.0105,0.0359499999999999,0.0175,0.134205,10.828125,0.0492199701572433,36.984375,0.1681149630046102,0.162421875,0.0738299552358649,1.294453125,0.5884023705161358,2.119107325752001,1287809,,,0.000486836645905,Information
127805,882.0,6119.767222,ZAF,South Africa,Eastern Cape,3.47690784,0.0,0.63,0.51,882.0,882.0,0.0,1.0,-9999.0,-9999.0,-9999.0,0.0,10.0,-999.9,-999.9,-999.9,-5979.4,0.0,0.0,0.0,0.0,0.0,0.0,0.0,0.0,0.0,0.0,0.0,-5979.4,2.4428747367144164,69.5381568,0.0,,,,,,,,,,,,,,,,,9.0,0.147064417209587,22.640625,0.3699589245428673,0.135,0.2205966258143805,0.792421875,1.2948562359000355,2.4428747367144164,76073,,,0.0058129694775645,Information
127806,883.0,9295.720967,ZAF,South Africa,Eastern Cape,0.747157329,0.0,0.63,0.51,883.0,,,,,,,,,,,,,,,,,,,,,,,,,0.2612543330148449,14.94314658,0.0,,6.562,0.071,4.5,0.048,0.375,0.004,0.062,0.001,0.045,0.048,0.005625,0.006,0.00155,0.0025,0.108675,0.84375,0.009076756961889,3.234375,0.0347942350205747,0.01265625,0.0136151354428335,0.113203125,0.1217798225720114,0.2612543330148449,36782,,,3.6131110613080235e-09,Information
127921,888.0,3997.67989,ZAF,South Africa,Northern Cape,2.222683038,0.0,0.63,0.51,888.0,888.0,0.0,1.0,-9999.0,-9999.0,-9999.0,0.0,10.0,-999.9,-999.9,-999.9,-5979.4,0.0,0.0,0.0,0.0,0.0,0.0,0.0,0.0,0.0,0.0,0.0,-5979.4,-5979.4,44.45366076,0.0,,,,,,,,,,,,,,,,,,,,,,,,,,26515,,,,
127922,889.0,13918.75598,ZAF,South Africa,Free State,0.689288439,0.0,0.63,0.51,889.0,889.0,0.0,4.0,-9999.0,-9999.0,-9999.0,0.0,7.0,-999.9,-999.9,-999.9,-5985.4,0.0,0.0,0.0,0.0,0.0,0.0,0.0,0.0,0.0,0.0,0.0,-5985.4,1.7604766075202214,13.78576878,0.0,,10.812,0.078,10.812,0.078,4.0,0.029,3.5,0.025,0.10812,0.078,0.06,0.0435,0.0875,0.0625,0.43962,4.640625,0.0333408029144369,27.28125,0.1960035080424474,0.069609375,0.0500112043716553,0.95484375,0.6860122781485659,1.7604766075202214,49030,,,4.986441427561328e-05,Information
127923,890.0,7748.814494,ZAF,South Africa,Free State,1.331024996,0.0,0.63,0.51,890.0,890.0,0.0,1.0,-9999.0,-9999.0,-9999.0,0.0,10.0,-999.9,-999.9,-999.9,-5979.4,0.0,0.0,0.0,0.0,0.0,0.0,0.0,0.0,0.0,0.0,0.0,-5979.4,0.2335256708097273,26.62049992,0.0,,,,,,,,,,,,,,,,,0.5625,0.0072591749412263,2.671875,0.0344810809708251,0.0084375,0.0108887624118394,0.093515625,0.1206837833978878,0.2335256708097273,49837,,,4.459326257427098e-09,Information
127925,892.0,1989.422031,ZAF,South Africa,Free State,0.48785256,0.0,0.63,0.51,892.0,,,,,,,,,,,,,,,,,,,,,,,,,2.135671248506547,9.7570512,0.0,,2.562,0.129,2.562,0.129,1.312,0.066,0.75,0.038,0.0256199999999999,0.129,0.01968,0.099,0.01875,0.095,0.38705,2.953125,0.1484413540422123,8.859375,0.4453240621266368,0.044296875,0.2226620310633184,0.310078125,1.5586342174432288,2.135671248506547,30114,,,9.065623868973328e-05,Information
127926,893.0,940.2363292,ZAF,South Africa,Free State,1.00538625,0.0,0.63,0.51,893.0,,,,,,,,,,,,,,,,,,,,,,,,,0.932667980430175,20.107725,0.0,,1.75,0.186,1.75,0.186,1.062,0.113,0.625,0.066,0.0175,0.186,0.01593,0.1695,0.015625,0.165,0.569555,0.421875,0.0448690384436934,2.109375,0.2243451922184671,0.006328125,0.0673035576655401,0.073828125,0.7852081727646348,0.932667980430175,13311,,,4.28582085392953e-06,Information
127928,895.0,974.5335037,ZAF,South Africa,Free State,2.246531003,0.0,0.63,0.51,895.0,,,,,,,,,,,,,,,,,,,,,,,,,1.78949410974429,44.93062006,0.0,,1.438,0.148,1.438,0.148,0.625,0.064,0.312,0.032,0.0143799999999999,0.148,0.009375,0.096,0.0078,0.08,0.3555549999999999,1.40625,0.1442998105968398,3.9375,0.4040394696711515,0.02109375,0.2164497158952597,0.1378125,1.4141381438490304,1.78949410974429,9487,,,0.0003055258307619,Information
127930,897.0,6306.397231,ZAF,South Africa,Northern Cape,1.574112762,0.0,0.63,0.51,897.0,897.0,0.0,1.0,-9999.0,-9999.0,-9999.0,0.0,10.0,-999.9,-999.9,-999.9,-5979.4,0.0,0.0,0.0,0.0,0.0,0.0,0.0,0.0,0.0,0.0,0.0,-5979.4,0.3781573706357061,31.48225524,0.0,,,,,,,,,,,,,,,,,0.5625,0.0089195142552194,3.9375,0.0624365997865363,0.0084375,0.0133792713828291,0.1378125,0.218528099252877,0.3781573706357061,27067,,,9.989245307932259e-08,Information
127941,898.0,4489.703297,ZAF,South Africa,Northern Cape,0.591426232,0.0,0.63,0.51,898.0,898.0,0.0,2.0,-9999.0,-9999.0,-9999.0,0.0,9.0,-999.9,-999.9,-999.9,-5980.4,0.0,0.0,0.0,0.0,0.0,0.0,0.0,0.0,0.0,0.0,0.0,-5980.4,0.1633830079364628,11.82852464,0.0,,,,,,,,,,,,,,,,,0.421875,0.0093965006613719,1.265625,0.0281895019841157,0.006328125,0.0140947509920578,0.044296875,0.0986632569444049,0.1633830079364628,12302,,,1.5777302504097842e-10,Information
127943,900.0,3591.377172,ZAF,South Africa,North West,0.910748367,0.0,0.63,0.51,900.0,900.0,0.0,1.0,-9999.0,-9999.0,-9999.0,0.0,10.0,-999.9,-999.9,-999.9,-5979.4,0.0,0.0,0.0,0.0,0.0,0.0,0.0,0.0,0.0,0.0,0.0,-5979.4,0.2660939415992203,18.21496734,0.0,,,,,,,,,,,,,,,,,0.421875,0.0117468864959532,1.828125,0.0509031748157973,0.006328125,0.0176203297439298,0.063984375,0.1781611118552905,0.2660939415992203,121401,,,5.081074716193059e-09,Information
127945,902.0,5309.559143,ZAF,South Africa,North West,2.195217021,0.0,0.63,0.51,902.0,902.0,0.0,1.0,-9999.0,-9999.0,-9999.0,0.0,10.0,-999.9,-999.9,-999.9,-5979.4,0.0,0.0,0.0,0.0,0.0,0.0,0.0,0.0,0.0,0.0,0.0,-5979.4,0.5433398467603491,43.90434042,0.0,,1.875,0.035,1.875,0.035,0.75,0.014,0.375,0.007,0.01875,0.035,0.01125,0.021,0.009375,0.0175,0.112875,1.40625,0.026485249758235,4.78125,0.090049849177999,0.02109375,0.0397278746373525,0.16734375,0.3151744721229965,0.5433398467603491,157272,,,1.7668392375051784e-06,Information
127946,903.0,1719.165306,ZAF,South Africa,North West,0.616060686,0.0,0.63,0.51,903.0,,,,,,,,,,,,,,,,,,,,,,,,,1.4762581168182851,12.32121372,0.0,,4.312,0.251,4.312,0.251,2.188,0.127,0.5,0.029,0.04312,0.251,0.03282,0.1905,0.0125,0.0725,0.60244,0.0,0.0,6.1875,0.3599130333766529,0.0,0.0,0.2165625,1.2596956168182851,1.4762581168182851,72227,,,2.2117377421392992e-05,Information
127950,907.0,14094.55589,ZAF,South Africa,Free State,1.579974639,0.0,0.63,0.51,907.0,907.0,0.0,1.0,-9999.0,-9999.0,-9999.0,0.0,10.0,-999.9,-999.9,-999.9,-5982.066666666666,0.0,0.0,0.0,0.0,0.0,0.0,0.0,0.0,0.0,0.0,0.0,-5982.066666666666,2.753754112032089,31.59949278,0.0,,11.562,0.082,11.25,0.08,5.188,0.037,2.688,0.019,0.1125,0.08,0.07782,0.0554999999999999,0.0672,0.0475,0.44052,10.265625,0.0728339727659035,41.625,0.2953267936809239,0.153984375,0.1092509591488552,1.456875,1.0336437778832337,2.753754112032089,416826,,,0.0006581201628064,Information
127960,908.0,19024.78184,ZAF,South Africa,Free State,1.366799601,0.0,0.63,0.51,908.0,908.0,0.0,1.0,-9999.0,-9999.0,-9999.0,0.0,10.0,-999.9,-999.9,-999.9,-5979.4,0.0,0.0,0.0,0.0,0.0,0.0,0.0,0.0,0.0,0.0,0.0,-5979.4,2.0789095355845744,27.335992020000003,0.0,,19.125,0.101,18.438,0.097,11.0,0.058,7.375,0.039,0.18438,0.097,0.165,0.087,0.184375,0.0975,0.815255,9.140625,0.048045886029925,35.015625,0.184052701868482,0.137109375,0.0720688290448875,1.225546875,0.644184456539687,2.0789095355845744,434157,,,0.0001897076652723,Information
127971,909.0,9289.706551,ZAF,South Africa,North West,0.155790802,0.0,0.63,0.51,909.0,,,,,,,,,,,,,,,,,,,,,,,,,2.9857227519323617,3.1158160400000003,0.0,,18.938,0.204,18.5,0.199,7.312,0.079,4.5,0.048,0.185,0.199,0.10968,0.1185,0.1125,0.12,0.84468,8.578125,0.0923401073279941,37.40625,0.4026634188401058,0.128671875,0.1385101609919911,1.30921875,1.4093219659403704,2.9857227519323617,233503,,,0.0002510117140304,Information
127972,910.0,7983.768974,ZAF,South Africa,Free State,1.81402737,0.0,0.63,0.51,910.0,,,,,,,,,,,,,,,,,,,,,,,,,0.5099894182099949,36.2805474,0.0,,2.75,0.034,2.75,0.034,1.5,0.019,0.625,0.008,0.0275,0.034,0.0225,0.0284999999999999,0.015625,0.02,0.1481249999999999,0.984375,0.0123297029656519,6.046875,0.075739603931862,0.014765625,0.0184945544484778,0.211640625,0.265088613761517,0.5099894182099949,171399,,,6.900569205841207e-07,Information
127973,911.0,2088.465165,ZAF,South Africa,North West,1.06747756,0.0,0.63,0.51,911.0,911.0,0.0,13.0,-9999.0,-9999.0,-9999.0,0.0,1.0,-999.9,-999.9,-999.9,-5997.4,0.0,0.0,0.0,0.0,0.0,0.0,0.0,0.0,0.0,0.0,0.0,-5997.4,0.5168686463143242,21.3495512,0.0,,2.188,0.105,2.188,0.105,0.188,0.009,0.0,0.0,0.02188,0.105,0.00282,0.0134999999999999,0.0,0.0,0.1432,0.703125,0.0336670686074271,2.25,0.1077346195437667,0.010546875,0.0505006029111406,0.07875,0.3770711684031834,0.5168686463143242,8771,,,2.517427096485859e-07,Information
127975,913.0,1367.547434,ZAF,South Africa,North West,0.588099111,0.0,0.63,0.51,913.0,913.0,0.0,9.0,-9999.0,-9999.0,-9999.0,0.0,2.0,-999.9,-999.9,-999.9,-5995.4,0.0,0.0,0.0,0.0,0.0,0.0,0.0,0.0,0.0,0.0,0.0,-5995.4,0.7364231985771095,11.76198222,0.0,,2.0,0.146,2.0,0.146,0.188,0.014,0.0,0.0,0.02,0.146,0.00282,0.021,0.0,0.0,0.1898199999999999,0.0,0.0,2.53125,0.1850941281648884,0.0,0.0,0.08859375,0.6478294485771094,0.7364231985771095,98698,,,8.507401070248388e-07,Information
127977,915.0,239.7752436,ZAF,South Africa,North West,2.024214294,0.0,0.63,0.51,915.0,,,,,,,,,,,,,,,,,,,,,,,,,0.8407689305803637,40.48428588,0.0,,0.438,0.182,0.438,0.182,0.0,0.0,0.0,0.0,0.00438,0.182,0.0,0.0,0.0,0.0,0.18638,0.0,0.0,0.5625,0.2345946944515325,0.0,0.0,0.0196875,0.8210814305803638,0.8407689305803637,2174,,,1.0236044297820176e-05,Information
127978,916.0,5770.256163,ZAF,South Africa,Gauteng,0.080108561,0.0,0.63,0.51,916.0,,,,,,,,,,,,,,,,,,,,,,,,,1.1971931982310793,1.6021712199999998,0.0,,2.562,0.044,2.562,0.044,1.25,0.022,0.5,0.009,0.0256199999999999,0.044,0.01875,0.033,0.0125,0.0225,0.1563699999999999,0.0,0.0,12.515625,0.2168989494945941,0.0,0.0,0.438046875,0.7591463232310793,1.1971931982310793,822204,,,5.191518238112803e-06,Information
127979,917.0,11433.77217,ZAF,South Africa,Gauteng,0.602028508,0.0,0.63,0.51,917.0,917.0,0.0,4.0,-9999.0,-9999.0,-9999.0,0.0,7.0,-999.9,-999.9,-999.9,-5984.733333333333,0.0,0.0,0.0,0.0,0.0,0.0,0.0,0.0,0.0,0.0,0.0,-5984.733333333333,3.018402125984717,12.04057016,0.0,,10.875,0.095,10.375,0.091,2.688,0.024,0.812,0.007,0.10375,0.091,0.04032,0.036,0.0203,0.0175,0.30887,0.703125,0.0061495453099769,45.703125,0.3997204451485005,0.010546875,0.0092243179649653,1.599609375,1.3990215580197518,3.018402125984717,7807104,,,0.0003729216660808,Information
127980,918.0,18018.56221,ZAF,South Africa,Free State,0.605707059,0.0,0.63,0.51,918.0,918.0,0.0,1.0,-9999.0,-9999.0,-9999.0,0.0,10.0,-999.9,-999.9,-999.9,-5979.4,0.0,0.0,0.0,0.0,0.0,0.0,0.0,0.0,0.0,0.0,0.0,-5979.4,1.4115117376999335,12.11414118,0.0,,10.312,0.057,8.812,0.049,5.688,0.032,2.562,0.014,0.0881199999999999,0.049,0.08532,0.048,0.06405,0.035,0.36949,7.03125,0.0390222589233101,22.921875,0.127212564089991,0.10546875,0.0585333883849651,0.802265625,0.4452439743149684,1.4115117376999335,492169,,,1.8029781850199427e-05,Information
127990,919.0,20345.07459,ZAF,South Africa,Mpumalanga,0.400238867,0.0,0.63,0.51,919.0,919.0,0.0,1.0,-9999.0,-9999.0,-9999.0,0.0,10.0,-999.9,-999.9,-999.9,-5979.4,0.0,0.0,0.0,0.0,0.0,0.0,0.0,0.0,0.0,0.0,0.0,-5979.4,2.540011024143239,8.00477734,0.0,,5.5,0.027,5.312,0.026,2.562,0.013,1.0,0.005,0.05312,0.026,0.03843,0.0195,0.025,0.0125,0.1745499999999999,9.84375,0.0483839464822681,44.4375,0.2184189584056676,0.14765625,0.0725759197234021,1.5553125,0.7644663544198367,2.540011024143239,721118,,,0.0001656130667858,Information
125700,16041.0,7392.972652,ZAF,South Africa,Western Cape,4.002684022,1.005245751,0.63,0.51,16041.0,,,,,,,,,,,,,,,,,,,,,,,,,13.015222755910475,80.05368044000001,20.10491502,,0.0,0.0,0.0,0.0,1.562,0.021,4.5,0.061,0.0,0.0,0.02343,0.0315,0.1125,0.1525,0.31993,80.71875,1.0918307668766174,123.46875,1.6700826015987282,1.21078125,1.6377461503149262,4.32140625,5.8452891055955485,13.015222755910475,632194,,,0.3347169817220133,Information
125405,719.0,1279.316087,SWZ,Swaziland,Lubombo,3.870935176,0.0,0.51,0.68,719.0,719.0,0.0,1.0,-9999.0,-9999.0,-9999.0,0.0,10.0,-999.9,-999.9,-999.9,-5979.4,0.0,0.0,0.0,0.0,0.0,0.0,0.0,0.0,0.0,0.0,0.0,-5979.4,1.4382203549236112,77.41870352000001,0.0,,,,,,,,,,,,,,,,,1.6875,0.1319064160265805,3.9375,0.3077816373953544,0.0253125,0.1978596240398707,0.1378125,1.0772357308837404,1.4382203549236112,40777,,,0.0029461482999189,Information
125407,721.0,2191.824416,SWZ,Swaziland,Lubombo,2.285562006,0.0,0.51,0.68,721.0,721.0,0.0,1.0,-9999.0,-9999.0,-9999.0,0.0,10.0,-999.9,-999.9,-999.9,-5979.4,0.0,0.0,0.0,0.0,0.0,0.0,0.0,0.0,0.0,0.0,0.0,-5979.4,1.6270047067734454,45.71124012,0.0,,2.188,0.1,2.188,0.1,1.375,0.063,0.812,0.037,0.02188,0.1,0.020625,0.0945,0.0203,0.0925,0.349805,4.078125,0.1860607523866823,6.609375,0.301546736626692,0.061171875,0.2790911285800234,0.231328125,1.055413578193422,1.6270047067734454,117755,,,0.0002261041705129,Information
127807,884.0,19692.19808,LSO,Lesotho,Mohale's Hoek,2.246626367,0.0,0.49,0.71,884.0,884.0,0.0,1.0,-9999.0,-9999.0,-9999.0,0.0,10.0,-999.9,-999.9,-999.9,-5979.4,0.0,0.0,0.0,0.0,0.0,0.0,0.0,0.0,0.0,0.0,0.0,-5979.4,1.7047737037376964,44.93252734000001,0.0,,24.812,0.126,21.312,0.108,22.625,0.115,20.5,0.104,0.21312,0.108,0.339375,0.1725,0.5125,0.26,1.605495,5.484375,0.0278504968230972,29.953125,0.1521065595723002,0.082265625,0.0417757452346458,1.048359375,0.5323729585030508,1.7047737037376964,676127,,,0.0002553059344476,Information
127808,885.0,4451.126756,LSO,Lesotho,Mokhotlong,1.442787019,0.0,0.49,0.71,885.0,885.0,0.0,6.0,-9999.0,-9999.0,-9999.0,0.0,5.0,-999.9,-999.9,-999.9,-5989.4,0.0,0.0,0.0,0.0,0.0,0.0,0.0,0.0,0.0,0.0,0.0,-5989.4,0.4063350545195067,28.85574038,0.0,,,,,,,,,,,,,,,,,0.140625,0.0031593124103315,3.515625,0.0789828102582884,0.002109375,0.0047389686154972,0.123046875,0.2764398359040094,0.4063350545195067,126131,,,1.2003523676814944e-07,Information
127809,886.0,3383.184766,LSO,Lesotho,Leribe,0.00344748,0.0,0.49,0.71,886.0,,,,,,,,,,,,,,,,,,,,,,,,,1.9469927619622227,0.0689496,0.0,,9.438,0.279,6.25,0.185,8.312,0.246,5.188,0.153,0.0625,0.185,0.12468,0.369,0.1296999999999999,0.3825,1.25338,2.953125,0.0872883157177333,12.796875,0.3782493681101779,0.044296875,0.1309324735765999,0.447890625,1.3238727883856227,1.9469927619622227,85828,,,4.104852739192872e-05,Information
132130,1107.0,8576.353175,COD,Democratic Republic of the Congo,Kongo-Central,1.838247687,0.0,0.32,0.94,1107.0,,,,,,,,,,,,,,,,,,,,,,,,,7.112253418027855,36.76495374,0.0,,31.312,0.365,30.0,0.35,2.688,0.031,0.125,0.001,0.3,0.35,0.04032,0.0465,0.003125,0.0025,0.7424449999999999,26.296875,0.3066207100304963,82.546875,0.9624938865663172,0.394453125,0.4599310650457444,2.889140625,3.36872860298211,7.112253418027855,392945,,,0.014442973544159,Information
132150,1109.0,11355.56777,COD,Democratic Republic of the Congo,Kongo-Central,1.257614032,0.0,0.32,0.94,1109.0,,,,,,,,,,,,,,,,,,,,,,,,,5.458514863250366,25.15228064,0.0,,33.875,0.298,31.5,0.277,5.375,0.047,0.562,0.005,0.315,0.277,0.080625,0.0705,0.01405,0.0125,0.769675,23.203125,0.204332583544724,72.984375,0.6427188536952227,0.348046875,0.306498875317086,2.554453125,2.24951598793328,5.458514863250366,422931,,,0.0044187271915189,Information
132210,1114.0,4990.571097,COD,Democratic Republic of the Congo,Maï-Ndombe,3.022438626,0.0,0.32,0.94,1114.0,,,,,,,,,,,,,,,,,,,,,,,,,6.268510647246033,60.44877252,0.0,,54.312,1.088,48.688,0.976,8.5,0.17,7.938,0.159,0.48688,0.976,0.1275,0.255,0.19845,0.3975,2.44133,0.0,0.0,59.625,1.194753042070295,0.0,0.0,2.086875,4.181635647246033,6.268510647246033,88142,,,0.0327333376202192,Information
132221,1115.0,1405.628979,COD,Democratic Republic of the Congo,Maï-Ndombe,3.495303993,0.0,0.32,0.94,1115.0,,,,,,,,,,,,,,,,,,,,,,,,,10.743144017629328,69.90607985999999,0.0,,29.25,2.081,29.25,2.081,2.375,0.169,1.5,0.107,0.2925,2.081,0.035625,0.2535,0.0375,0.2675,2.967625,0.0,0.0,37.828125,2.691188469322665,0.0,0.0,1.323984375,9.419159642629328,10.743144017629328,15529,,,0.1514920053362022,Information
132222,1116.0,4799.233331,COD,Democratic Republic of the Congo,Maï-Ndombe,3.201540957,0.0,0.32,0.94,1116.0,,,,,,,,,,,,,,,,,,,,,,,,,0.12857,64.03081914,0.0,,4.688,0.098,3.875,0.081,0.188,0.004,0.0,0.0,0.03875,0.081,0.00282,0.006,0.0,0.0,0.12857,,,,,,,,,,38626,,,8.806698497977881e-09,Information
132223,1117.0,2324.525142,COD,Democratic Republic of the Congo,Maï-Ndombe,4.003566181,0.0,0.32,0.94,1117.0,,,,,,,,,,,,,,,,,,,,,,,,,3.966524261473617,80.07132362,0.0,,26.938,1.159,26.938,1.159,1.562,0.067,1.062,0.046,0.26938,1.159,0.02343,0.1005,0.02655,0.1149999999999999,1.69386,0.0,0.0,21.375,0.9195426461353192,0.0,0.0,0.748125,3.218399261473617,3.966524261473617,21014,,,0.0532344904693009,Information
132224,1118.0,6543.383035,COD,Democratic Republic of the Congo,Maï-Ndombe,4.080677157,0.0,0.32,0.94,1118.0,,,,,,,,,,,,,,,,,,,,,,,,,2.9740650427904054,81.61354314,0.0,,21.438,0.328,14.625,0.224,1.062,0.016,0.188,0.003,0.14625,0.224,0.01593,0.024,0.0046999999999999,0.0075,0.42238,0.0,0.0,33.609375,0.5136391193686872,0.0,0.0,1.176328125,1.7977369177904052,2.9740650427904054,89100,,,0.034251425318829,Information
132225,1119.0,2971.176498,COD,Democratic Republic of the Congo,Maï-Ndombe,4.082711144,0.0,0.32,0.94,1119.0,,,,,,,,,,,,,,,,,,,,,,,,,3.3520160991598607,81.65422288,0.0,,24.938,0.839,24.688,0.831,0.812,0.027,0.438,0.015,0.24688,0.831,0.01218,0.0405,0.01095,0.0375,1.17901,0.0,0.0,21.9375,0.7383438854742458,0.0,0.0,0.7678125,2.5842035991598604,3.3520160991598607,28845,,,0.0445807541612703,Information
132226,1120.0,49021.75387,COD,Democratic Republic of the Congo,Maï-Ndombe,4.015744065,0.0,0.32,0.94,1120.0,,,,,,,,,,,,,,,,,,,,,,,,,9.831057391225338,80.3148813,0.0,,140.375,0.286,116.312,0.237,5.375,0.011,4.625,0.009,1.16312,0.237,0.080625,0.0165,0.115625,0.0225,1.6353699999999998,0.0,0.0,233.296875,0.4759047903500965,0.0,0.0,8.165390625,1.6656667662253375,9.831057391225338,621194,,,0.2437418859286645,Information
132227,1121.0,25887.65859,COD,Democratic Republic of the Congo,Maï-Ndombe,4.01806591,0.0,0.32,0.94,1121.0,,,,,,,,,,,,,,,,,,,,,,,,,1.801315,80.3613182,0.0,,109.812,0.424,107.812,0.416,9.188,0.035,3.375,0.013,1.07812,0.416,0.13782,0.0525,0.084375,0.0325,1.801315,0.0,0.0,35.015625,0.1352599149634417,0.0,0.0,1.225546875,0.4734097023720459,1.698956577372046,267969,,,0.008447513802659,Information
132230,1124.0,4941.730174,COD,Democratic Republic of the Congo,Maï-Ndombe,2.681122941,0.0,0.32,0.94,1124.0,,,,,,,,,,,,,,,,,,,,,,,,,3.095392853623518,53.62245882,0.0,,31.75,0.642,27.812,0.563,7.25,0.147,7.25,0.147,0.27812,0.563,0.10875,0.2204999999999999,0.18125,0.3675,1.7191199999999998,0.0,0.0,29.25,0.591897958178148,0.0,0.0,1.02375,2.0716428536235183,3.095392853623518,38916,,,0.0033957305946042,Information
132241,1125.0,274.2082737,COD,Democratic Republic of the Congo,Kwilu,3.643232456,0.0,0.32,0.94,1125.0,,,,,,,,,,,,,,,,,,,,,,,,,9.774043330918396,72.86464912,0.0,,4.375,1.596,4.312,1.573,0.625,0.228,0.5,0.182,0.04312,1.573,0.009375,0.342,0.0125,0.4549999999999999,2.434995,0.0,0.0,7.453125,2.718052558833828,0.0,0.0,0.260859375,9.513183955918397,9.774043330918396,234974,,,0.1536018483446492,Information
132242,1126.0,94875.61043,COD,Democratic Republic of the Congo,Kwango,3.727469968,0.0,0.32,0.94,1126.0,,,,,,,,,,,,,,,,,,,,,,,,,7.698514607559967,74.54939936,0.0,,250.75,0.264,241.875,0.255,17.5,0.018,10.438,0.011,2.41875,0.255,0.2625,0.0269999999999999,0.26095,0.0274999999999999,3.2517000000000005,0.0,0.0,198.984375,0.2097318521599906,0.0,0.0,6.964453125,0.7340614825599671,7.698514607559967,3474579,,,0.1159044948811897,Information
132243,1127.0,4389.548685,COD,Democratic Republic of the Congo,Kwilu,2.313984893,0.0,0.32,0.94,1127.0,,,,,,,,,,,,,,,,,,,,,,,,,5.695509595549375,46.279697860000006,0.0,,28.438,0.648,28.438,0.648,6.0,0.137,8.062,0.184,0.2843799999999999,0.648,0.09,0.2055,0.2015499999999999,0.4599999999999999,1.88943,0.0,0.0,49.640625,1.1308822058712498,0.0,0.0,1.737421875,3.9580877205493743,5.695509595549375,70059,,,0.0124125683831307,Information
132245,1129.0,11862.59943,COD,Democratic Republic of the Congo,Kwango,3.328559836,0.0,0.32,0.94,1129.0,,,,,,,,,,,,,,,,,,,,,,,,,4.072854100546189,66.57119672,0.0,,28.688,0.242,28.438,0.24,1.438,0.012,1.938,0.016,0.2843799999999999,0.24,0.02157,0.018,0.04845,0.04,0.6524,0.0,0.0,63.140625,0.532266350156054,0.0,0.0,2.209921875,1.8629322255461889,4.072854100546189,232101,,,0.0176424380970627,Information
132251,1134.0,7824.271233,COD,Democratic Republic of the Congo,Kwilu,2.465824017,0.0,0.32,0.94,1134.0,,,,,,,,,,,,,,,,,,,,,,,,,7.983226634222479,49.31648034,0.0,,92.938,1.188,81.875,1.046,16.562,0.212,12.5,0.16,0.81875,1.046,0.24843,0.318,0.3125,0.4,3.14368,0.0,0.0,100.125,1.279671895492137,0.0,0.0,3.504375,4.47885163422248,7.983226634222479,94358,,,0.0322825047105437,Information
132253,1136.0,1372.972905,COD,Democratic Republic of the Congo,Kwilu,4.11523365,0.0,0.32,0.94,1136.0,,,,,,,,,,,,,,,,,,,,,,,,,9.377141158511373,82.30467300000001,0.0,,34.25,2.495,27.938,2.035,8.375,0.61,7.125,0.519,0.2793799999999999,2.035,0.125625,0.915,0.178125,1.2975,4.83063,0.0,0.0,32.34375,2.355745688146106,0.0,0.0,1.13203125,8.24510990851137,9.377141158511373,41829,,,0.262705840686901,Information
132255,1138.0,3074.705267,COD,Democratic Republic of the Congo,Maï-Ndombe,3.802071798,0.0,0.32,0.94,1138.0,,,,,,,,,,,,,,,,,,,,,,,,,4.311478414180016,76.04143596,0.0,,38.375,1.248,31.938,1.039,8.562,0.278,7.562,0.246,0.31938,1.039,0.12843,0.417,0.18905,0.615,2.70786,0.0,0.0,28.96875,0.9421634754800046,0.0,0.0,1.01390625,3.297572164180016,4.311478414180016,133556,,,0.0431684907214383,Information
132257,1140.0,899.7658761,COD,Democratic Republic of the Congo,Maï-Ndombe,4.006181416,0.0,0.32,0.94,1140.0,,,,,,,,,,,,,,,,,,,,,,,,,3.458169088775032,80.12362832000001,0.0,,9.625,1.07,6.562,0.729,2.688,0.299,2.5,0.278,0.06562,0.729,0.04032,0.4485,0.0625,0.6950000000000001,2.04094,0.0,0.0,8.15625,0.9064858110785804,0.0,0.0,0.28546875,3.1727003387750314,3.458169088775032,14725,,,0.0401634563973866,Information
132259,1142.0,6053.804025,COD,Democratic Republic of the Congo,Kasaï,1.829903834,0.0,0.32,0.94,1142.0,,,,,,,,,,,,,,,,,,,,,,,,,1.357417732909506,36.59807668,0.0,,21.25,0.351,18.5,0.306,4.188,0.069,2.375,0.039,0.185,0.306,0.06282,0.1035,0.059375,0.0975,0.814195,0.0,0.0,14.625,0.2415836379741446,0.0,0.0,0.511875,0.8455427329095061,1.357417732909506,267877,,,6.05447075696769e-05,Information
132261,1143.0,4370.298505,COD,Democratic Republic of the Congo,Kasaï,3.674802957,0.0,0.32,0.94,1143.0,,,,,,,,,,,,,,,,,,,,,,,,,1.86145,73.49605914,0.0,,45.0,1.03,45.0,1.03,5.75,0.132,1.188,0.027,0.45,1.03,0.08625,0.198,0.0296999999999999,0.0675,1.86145,0.0,0.0,4.78125,0.1094032820426202,0.0,0.0,0.16734375,0.3829114871491707,0.5502552371491707,88199,,,0.003954411430523,Information
132263,1145.0,9204.640395,COD,Democratic Republic of the Congo,Sankuru,2.977420636,0.0,0.32,0.94,1145.0,,,,,,,,,,,,,,,,,,,,,,,,,1.62077,59.54841272,0.0,,62.938,0.684,59.875,0.65,9.438,0.103,1.438,0.016,0.59875,0.65,0.14157,0.1545,0.0359499999999999,0.04,1.62077,0.0,0.0,13.5,0.1466651538854241,0.0,0.0,0.4725,0.5133280385989843,0.9858280385989844,127564,,,0.0006472313937936,Information
132265,1147.0,27824.4448,COD,Democratic Republic of the Congo,Kasaï-Central,2.747596386,0.0,0.32,0.94,1147.0,,,,,,,,,,,,,,,,,,,,,,,,,0.8162749428717243,54.95192772,0.0,,24.0,0.086,23.312,0.084,2.5,0.009,0.562,0.002,0.23312,0.084,0.0375,0.0134999999999999,0.01405,0.005,0.38717,0.0,0.0,17.15625,0.0616589122490641,0.0,0.0,0.60046875,0.2158061928717243,0.8162749428717243,1422377,,,3.026510780230617e-05,Information
132266,1148.0,14231.07307,COD,Democratic Republic of the Congo,Lomami,1.679659589,0.0,0.32,0.94,1148.0,,,,,,,,,,,,,,,,,,,,,,,,,3.293503496473521,33.59319178,0.0,,65.062,0.457,64.75,0.455,4.438,0.031,0.938,0.007,0.6475,0.455,0.06657,0.0465,0.02345,0.0175,1.25652,0.0,0.0,55.265625,0.3883447489924345,0.0,0.0,1.934296875,1.3592066214735208,3.293503496473521,5521937,,,0.0013329437181032,Information
132268,1150.0,13875.66282,COD,Democratic Republic of the Congo,Lomami,1.197086521,0.0,0.32,0.94,1150.0,,,,,,,,,,,,,,,,,,,,,,,,,2.879460968179616,23.94173042,0.0,,22.25,0.16,22.25,0.16,2.25,0.016,1.938,0.014,0.2225,0.16,0.03375,0.024,0.04845,0.035,0.5237,0.0,0.0,47.8125,0.3445781337656046,0.0,0.0,1.6734375,1.206023468179616,2.879460968179616,1506840,,,0.0005303770216963,Information
132269,1151.0,42740.54232,COD,Democratic Republic of the Congo,Haut-Lomami,2.631753053,0.0,0.32,0.94,1151.0,,,,,,,,,,,,,,,,,,,,,,,,,8.81864294436085,52.635061060000005,0.0,,118.938,0.278,100.062,0.234,14.188,0.033,5.0,0.012,1.00062,0.234,0.21282,0.0495,0.125,0.03,1.6519400000000002,0.0,0.0,204.1875,0.4777372698173858,0.0,0.0,7.1465625,1.6720804443608503,8.81864294436085,2059391,,,0.0463800711015449,Information
132270,1152.0,10202.35354,COD,Democratic Republic of the Congo,Kasaï,1.766023608,0.0,0.32,0.94,1152.0,,,,,,,,,,,,,,,,,,,,,,,,,2.0856717139702377,35.32047216,0.0,,43.562,0.427,43.25,0.424,10.25,0.1,4.688,0.046,0.4325,0.424,0.15375,0.15,0.1171999999999999,0.1149999999999999,1.39245,0.0,0.0,30.09375,0.2949687039914965,0.0,0.0,1.05328125,1.0323904639702377,2.0856717139702377,851026,,,0.000296984228799,Information
132281,1153.0,1767.133915,COD,Democratic Republic of the Congo,Kasaï,2.970687367,0.0,0.32,0.94,1153.0,,,,,,,,,,,,,,,,,,,,,,,,,1.2454187801227907,59.41374734,0.0,,13.438,0.76,13.438,0.76,1.562,0.088,0.312,0.018,0.13438,0.76,0.02343,0.132,0.0078,0.045,1.10261,0.0,0.0,5.34375,0.3023964371779402,0.0,0.0,0.18703125,1.0583875301227907,1.2454187801227907,131574,,,0.0002470289099728,Information
132283,1155.0,9067.785912,COD,Democratic Republic of the Congo,Kasaï-Central,1.894250006,0.0,0.32,0.94,1155.0,,,,,,,,,,,,,,,,,,,,,,,,,0.8797282020364305,37.88500012,0.0,,6.75,0.074,6.625,0.073,0.0,0.0,0.0,0.0,0.06625,0.073,0.0,0.0,0.0,0.0,0.1392499999999999,0.0,0.0,11.953125,0.1318196648675516,0.0,0.0,0.418359375,0.4613688270364305,0.8797282020364305,1173349,,,1.0353407992211629e-05,Information
132285,1157.0,27617.15973,COD,Democratic Republic of the Congo,Kasaï-Central,1.058075847,0.0,0.32,0.94,1157.0,,,,,,,,,,,,,,,,,,,,,,,,,3.921872180747216,21.16151694,0.0,,119.812,0.434,112.938,0.409,14.75,0.053,2.125,0.008,1.12938,0.409,0.22125,0.0795,0.053125,0.02,1.912255,0.0,0.0,82.265625,0.2978786587849188,0.0,0.0,2.879296875,1.0425753057472158,3.921872180747216,3946385,,,0.0013462148703887,Information
132286,1158.0,4313.337712,COD,Democratic Republic of the Congo,Lualaba,1.787140862,0.0,0.32,0.94,1158.0,,,,,,,,,,,,,,,,,,,,,,,,,0.9799621141546792,35.74281724,0.0,,3.438,0.08,3.438,0.08,0.0,0.0,0.0,0.0,0.03438,0.08,0.0,0.0,0.0,0.0,0.11438,0.0,0.0,8.4375,0.1956141754727655,0.0,0.0,0.2953125,0.6846496141546792,0.9799621141546792,121773,,,1.4375834686300514e-05,Information
132289,1161.0,7588.878641,COD,Democratic Republic of the Congo,Lualaba,0.931287875,0.0,0.32,0.94,1161.0,,,,,,,,,,,,,,,,,,,,,,,,,1.4715696921728705,18.6257575,0.0,,21.0,0.277,17.062,0.225,3.188,0.042,2.312,0.03,0.17062,0.225,0.04782,0.063,0.0577999999999999,0.075,0.6392399999999999,0.0,0.0,18.140625,0.239042233477963,0.0,0.0,0.634921875,0.8366478171728705,1.4715696921728705,218874,,,3.0010384568280397e-05,Information
132291,1162.0,18770.36723,COD,Democratic Republic of the Congo,Kasaï,2.560120954,0.0,0.32,0.94,1162.0,,,,,,,,,,,,,,,,,,,,,,,,,2.730937659041366,51.20241908,0.0,,46.188,0.246,46.125,0.246,9.5,0.051,2.5,0.013,0.46125,0.246,0.1425,0.0765,0.0625,0.0325,1.02125,0.0,0.0,50.90625,0.2712054025832474,0.0,0.0,1.78171875,0.949218909041366,2.730937659041366,1497362,,,0.0019693138456533,Information
132293,1164.0,749.6071273,COD,Democratic Republic of the Congo,Kasaï,4.006885282,0.0,0.32,0.94,1164.0,,,,,,,,,,,,,,,,,,,,,,,,,1.5527879263675597,80.13770564,0.0,,5.75,0.767,5.375,0.717,0.625,0.083,0.062,0.008,0.05375,0.717,0.009375,0.1245,0.00155,0.02,0.926175,0.0,0.0,3.09375,0.4127161932478742,0.0,0.0,0.10828125,1.4445066763675596,1.5527879263675597,304484,,,0.0054051598626507,Information
132295,1166.0,1901.299861,COD,Democratic Republic of the Congo,Kasaï,1.354774217,0.0,0.32,0.94,1166.0,,,,,,,,,,,,,,,,,,,,,,,,,0.4313227809905189,27.09548434,0.0,,3.938,0.207,3.938,0.207,0.75,0.039,0.125,0.007,0.03938,0.207,0.01125,0.0584999999999999,0.003125,0.0175,0.3367549999999999,0.0,0.0,1.96875,0.1035475802830054,0.0,0.0,0.06890625,0.3624165309905189,0.4313227809905189,258228,,,1.4483327747693705e-07,Information
132297,1168.0,4551.276413,COD,Democratic Republic of the Congo,Kasaï-Central,0.52475456,0.0,0.32,0.94,1168.0,,,,,,,,,,,,,,,,,,,,,,,,,0.4406121708598501,10.4950912,0.0,,10.375,0.228,10.375,0.228,0.125,0.003,0.0,0.0,0.10375,0.228,0.001875,0.0045,0.0,0.0,0.338125,0.0,0.0,3.9375,0.0865141916742429,0.0,0.0,0.1378125,0.3027996708598501,0.4406121708598501,525659,,,5.3656563608630176e-08,Information
132298,1169.0,13030.25537,COD,Democratic Republic of the Congo,Lualaba,2.369934763,0.0,0.32,0.94,1169.0,,,,,,,,,,,,,,,,,,,,,,,,,2.7924244926417128,47.39869526,0.0,,49.438,0.379,48.5,0.372,3.938,0.03,1.312,0.01,0.485,0.372,0.05907,0.045,0.0328,0.025,1.01887,0.0,0.0,45.140625,0.3464293193262037,0.0,0.0,1.579921875,1.2125026176417129,2.7924244926417128,614515,,,0.0016632790437573,Information
132305,1175.0,573.6511833,COD,Democratic Republic of the Congo,Maï-Ndombe,1.922754345,0.0,0.32,0.94,1175.0,,,,,,,,,,,,,,,,,,,,,,,,,23.859614022534668,38.4550869,0.0,,50.562,8.814,31.75,5.535,9.5,1.656,9.25,1.612,0.3175,5.535,0.1425,2.484,0.23125,4.03,12.74025,0.0,0.0,36.984375,6.447188827867048,0.0,0.0,1.294453125,22.565160897534668,23.859614022534668,64664,,,0.1716716653759952,Information
132306,1176.0,4138.586028,COD,Democratic Republic of the Congo,Maï-Ndombe,2.492281286,0.0,0.32,0.94,1176.0,,,,,,,,,,,,,,,,,,,,,,,,,0.538064760349473,49.84562572,0.0,,3.312,0.08,2.25,0.054,0.312,0.008,0.562,0.014,0.0225,0.054,0.00468,0.012,0.01405,0.035,0.14223,0.0,0.0,4.5,0.108732788671278,0.0,0.0,0.1575,0.380564760349473,0.538064760349473,135181,,,2.881783747002808e-06,Information
132307,1177.0,2404.370066,COD,Democratic Republic of the Congo,Équateur,3.641622211,0.0,0.32,0.94,1177.0,,,,,,,,,,,,,,,,,,,,,,,,,8.049395079121927,72.83244422,0.0,,60.375,2.511,45.25,1.882,8.5,0.354,10.0,0.416,0.4525,1.882,0.1275,0.5309999999999999,0.25,1.04,4.283,0.0,0.0,44.578125,1.854045915463408,0.0,0.0,1.560234375,6.489160704121927,8.049395079121927,46304,,,0.111911244054916,Information
132500,1213.0,14114.4136,COD,Democratic Republic of the Congo,Équateur,3.742085755,0.0,0.32,0.94,1213.0,,,,,,,,,,,,,,,,,,,,,,,,,8.165140752437601,74.8417151,0.0,,338.125,2.396,253.938,1.799,23.5,0.166,23.312,0.165,2.53938,1.799,0.3525,0.249,0.5828,0.4125,5.935179999999999,0.0,0.0,136.546875,0.9674286078393144,0.0,0.0,4.779140625,3.3860001274376,8.165140752437601,417966,,,0.1302281485176488,Information
132611,1214.0,4393.501918,COD,Democratic Republic of the Congo,Équateur,3.375800753,0.0,0.32,0.94,1214.0,,,,,,,,,,,,,,,,,,,,,,,,,6.353052602901293,67.51601506,0.0,,134.938,3.071,90.75,2.066,5.375,0.122,6.312,0.144,0.9075,2.066,0.080625,0.183,0.1578,0.36,3.754924999999999,0.0,0.0,55.40625,1.2610953865432266,0.0,0.0,1.93921875,4.413833852901293,6.353052602901293,66290,,,0.0513595720552713,Information
132612,1215.0,22042.66909,COD,Democratic Republic of the Congo,Équateur,4.004614683,0.0,0.32,0.94,1215.0,,,,,,,,,,,,,,,,,,,,,,,,,0.33625,80.09229366,0.0,,42.25,0.192,23.125,0.105,0.0,0.0,0.0,0.0,0.23125,0.105,0.0,0.0,0.0,0.0,0.33625,0.0,0.0,5.484375,0.0248807210172794,0.0,0.0,0.191953125,0.0870825235604779,0.2790356485604779,572973,,,2.242047732283533e-05,Information
132615,1218.0,338.7970698,COD,Democratic Republic of the Congo,Sud-Ubangi,4.005889977,0.0,0.32,0.94,1218.0,,,,,,,,,,,,,,,,,,,,,,,,,9.01181350629974,80.11779954,0.0,,4.562,1.347,2.312,0.683,0.5,0.148,0.188,0.055,0.0231199999999999,0.683,0.0075,0.2219999999999999,0.0046999999999999,0.1375,1.07782,0.0,0.0,8.4375,2.4904288589427828,0.0,0.0,0.2953125,8.71650100629974,9.01181350629974,24931,,,0.2143878131325675,Information
132618,1221.0,25292.88011,COD,Democratic Republic of the Congo,Sud-Ubangi,4.054793979,0.0,0.32,0.94,1221.0,,,,,,,,,,,,,,,,,,,,,,,,,0.5425583935090064,81.09587958,0.0,,30.562,0.121,30.438,0.12,0.0,0.0,0.0,0.0,0.30438,0.12,0.0,0.0,0.0,0.0,0.42438,0.0,0.0,11.109375,0.0439229338597161,0.0,0.0,0.388828125,0.1537302685090063,0.5425583935090064,1606304,,,0.000192002278548,Information
132633,1234.0,6775.437644,COD,Democratic Republic of the Congo,Sud-Ubangi,1.244050907,0.0,0.32,0.94,1234.0,1234.0,0.0,30.0,-9999.0,-9999.0,-9999.0,0.0,1.0,-999.9,-999.9,-999.9,-5997.4,0.0,0.0,0.0,0.0,0.0,0.0,0.0,0.0,0.0,0.0,0.0,-5997.4,0.9627071058825762,24.88101814,0.0,,52.0,0.767,28.375,0.419,0.0,0.0,0.0,0.0,0.28375,0.419,0.0,0.0,0.0,0.0,0.70275,0.0,0.0,11.109375,0.1639654231093075,0.0,0.0,0.388828125,0.5738789808825763,0.9627071058825762,1051630,,,6.5904748369704105e-06,Information
132639,1240.0,88.64327244,COD,Democratic Republic of the Congo,Nord-Ubangi,2.19588824,0.0,0.32,0.94,1240.0,,,,,,,,,,,,,,,,,,,,,,,,,24.08718347944793,43.9177648,0.0,,0.312,0.353,0.312,0.353,0.0,0.0,0.0,0.0,0.00312,0.353,0.0,0.0,0.0,0.0,0.35612,0.0,0.0,6.046875,6.821583672699408,0.0,0.0,0.211640625,23.87554285444793,24.08718347944793,5579,,,0.1990165602957076,Information
132689,1269.0,37183.35713,COD,Democratic Republic of the Congo,Bas-Uélé,3.549573708,0.0,0.32,0.94,1269.0,1269.0,0.0,1.0,-9999.0,-9999.0,-9999.0,0.0,10.0,-999.9,-999.9,-999.9,-5979.4,0.0,0.0,0.0,0.0,0.0,0.0,0.0,0.0,0.0,0.0,0.0,-5979.4,0.6183096357148347,70.99147416,0.0,,,,,,,,,,,,,,,,,0.0,0.0,13.921875,0.0374411459185242,0.0,0.0,0.487265625,0.1310440107148347,0.6183096357148347,95948,,,5.945665440951423e-05,Information
132691,1270.0,12936.66534,COD,Democratic Republic of the Congo,Bas-Uélé,2.625863761,0.0,0.32,0.94,1270.0,,,,,,,,,,,,,,,,,,,,,,,,,4.354507670666818,52.51727522,0.0,,17.75,0.137,13.75,0.106,1.125,0.009,0.0,0.0,0.1375,0.106,0.016875,0.0134999999999999,0.0,0.0,0.273875,0.0,0.0,70.171875,0.5424262987619479,0.0,0.0,2.456015625,1.8984920456668173,4.354507670666818,250912,,,0.0084436018048125,Information
132693,1272.0,379.849911,COD,Democratic Republic of the Congo,Bas-Uélé,4.033430324,0.0,0.32,0.94,1272.0,,,,,,,,,,,,,,,,,,,,,,,,,9.01123731887944,80.66860648000001,0.0,,1.0,0.263,1.0,0.263,0.0,0.0,0.0,0.0,0.01,0.263,0.0,0.0,0.0,0.0,0.273,0.0,0.0,9.421875,2.480420483965555,0.0,0.0,0.329765625,8.681471693879441,9.01123731887944,652,,,0.2226547747049506,Information
132710,1279.0,1682.059512,COD,Democratic Republic of the Congo,Équateur,2.978664163,0.0,0.32,0.94,1279.0,,,,,,,,,,,,,,,,,,,,,,,,,11.417081564556408,59.57328326,0.0,,118.875,7.067,91.188,5.421,6.25,0.372,5.75,0.342,0.91188,5.421,0.09375,0.558,0.14375,0.8550000000000001,7.98338,0.0,0.0,46.96875,2.792335804158973,0.0,0.0,1.64390625,9.773175314556406,11.417081564556408,141153,,,0.1030467881847876,Information
132721,1280.0,34.706298,COD,Democratic Republic of the Congo,Équateur,0.270050769,0.0,0.32,0.94,1280.0,,,,,,,,,,,,,,,,,,,,,,,,,12.807650373292027,5.4010153800000005,0.0,,1.688,4.862,1.688,4.862,0.062,0.18,0.0,0.0,0.01688,4.862,0.0009299999999999,0.27,0.0,0.0,5.14981,0.0,0.0,1.265625,3.646672428083437,0.0,0.0,0.044296875,12.763353498292028,12.807650373292027,246957,,,0.0227715173378453,Information
132722,1281.0,14427.54616,COD,Democratic Republic of the Congo,Équateur,4.006855143,0.0,0.32,0.94,1281.0,,,,,,,,,,,,,,,,,,,,,,,,,1.0166647845762506,80.13710286,0.0,,33.125,0.23,25.438,0.176,0.812,0.006,0.438,0.003,0.25438,0.176,0.01218,0.009,0.01095,0.0075,0.47001,0.0,0.0,17.15625,0.1189131527360716,0.0,0.0,0.60046875,0.4161960345762506,1.0166647845762506,216649,,,0.0014777630466079,Information
132723,1282.0,7429.43006,COD,Democratic Republic of the Congo,Équateur,4.008691985,0.0,0.32,0.94,1282.0,,,,,,,,,,,,,,,,,,,,,,,,,2.875130847259644,80.17383969999999,0.0,,91.438,1.231,56.25,0.757,4.25,0.057,1.375,0.019,0.5625,0.757,0.06375,0.0855,0.034375,0.0475,1.550625,0.0,0.0,35.015625,0.4713097063598981,0.0,0.0,1.225546875,1.6495839722596433,2.875130847259644,247518,,,0.0267474560654438,Information
132724,1283.0,44310.49863,COD,Democratic Republic of the Congo,Tshuapa,4.02076566,0.0,0.32,0.94,1283.0,,,,,,,,,,,,,,,,,,,,,,,,,1.930446237043924,80.41531320000001,0.0,,161.438,0.364,100.75,0.227,0.75,0.002,0.062,0.0,1.0075,0.227,0.01125,0.003,0.00155,0.0,1.2503,0.0,0.0,45.0,0.1015560677268355,0.0,0.0,1.575,0.3554462370439242,1.930446237043924,309746,,,0.0102519533668972,Information
132725,1284.0,6172.372945,COD,Democratic Republic of the Congo,Équateur,4.01243421,0.0,0.32,0.94,1284.0,,,,,,,,,,,,,,,,,,,,,,,,,1.3411751809706494,80.24868420000001,0.0,,26.5,0.429,23.5,0.381,0.0,0.0,0.0,0.0,0.235,0.381,0.0,0.0,0.0,0.0,0.616,0.0,0.0,14.625,0.236942908848757,0.0,0.0,0.511875,0.8293001809706495,1.3411751809706494,83935,,,0.0035760937768965,Information
132726,1285.0,21435.63177,COD,Democratic Republic of the Congo,Tshuapa,4.002661796,0.0,0.32,0.94,1285.0,,,,,,,,,,,,,,,,,,,,,,,,,0.9311211574847597,80.05323591999999,0.0,,42.312,0.197,24.938,0.116,0.0,0.0,0.0,0.0,0.24938,0.116,0.0,0.0,0.0,0.0,0.36538,0.0,0.0,18.140625,0.084628366424217,0.0,0.0,0.634921875,0.2961992824847595,0.9311211574847597,45405,,,0.0010904158048803,Information
132727,1286.0,5012.511311,COD,Democratic Republic of the Congo,Tshuapa,4.032770221,0.0,0.32,0.94,1286.0,,,,,,,,,,,,,,,,,,,,,,,,,2.2553813900620976,80.65540442,0.0,,3.438,0.069,3.438,0.069,0.0,0.0,0.0,0.0,0.03438,0.069,0.0,0.0,0.0,0.0,0.10338,0.0,0.0,21.515625,0.429238432874885,0.0,0.0,0.753046875,1.5023345150620977,2.2553813900620976,86326,,,0.0158134749318622,Information
132728,1287.0,39743.7236,COD,Democratic Republic of the Congo,Sankuru,4.000048357,0.0,0.32,0.94,1287.0,,,,,,,,,,,,,,,,,,,,,,,,,0.9548431034905293,80.00096714,0.0,,30.062,0.076,18.438,0.046,0.0,0.0,0.0,0.0,0.18438,0.046,0.0,0.0,0.0,0.0,0.2303799999999999,0.0,0.0,21.796875,0.0548435652830083,0.0,0.0,0.762890625,0.191952478490529,0.9548431034905293,197374,,,0.0011754805325269,Information
132729,1288.0,51583.27644,COD,Democratic Republic of the Congo,Tshuapa,4.022188846,0.0,0.32,0.94,1288.0,,,,,,,,,,,,,,,,,,,,,,,,,2.444430970871361,80.44377691999999,0.0,,48.188,0.093,36.5,0.071,0.5,0.001,0.0,0.0,0.365,0.071,0.0075,0.0015,0.0,0.0,0.445,0.0,0.0,58.5,0.113408848820389,0.0,0.0,2.0475,0.3969309708713615,2.444430970871361,704784,,,0.0187865725623141,Information
132730,1289.0,1183.063736,COD,Democratic Republic of the Congo,Équateur,4.25669961,0.0,0.32,0.94,1289.0,,,,,,,,,,,,,,,,,,,,,,,,,21.773542359445354,85.1339922,0.0,3.0,58.438,4.94,32.375,2.737,4.812,0.407,4.625,0.391,0.32375,2.737,0.07218,0.6104999999999999,0.115625,0.9775,4.836555000000001,0.0,0.0,65.8125,5.562887102698673,0.0,0.0,2.3034375,19.47010485944536,21.773542359445354,22931,1765.0,7.7,0.6486277564099433,Watch
132741,1290.0,6094.069402,COD,Democratic Republic of the Congo,Équateur,4.010007541,0.0,0.32,0.94,1290.0,,,,,,,,,,,,,,,,,,,,,,,,,2.157730208384521,80.20015082,0.0,,9.25,0.152,8.0,0.131,0.0,0.0,0.0,0.0,0.08,0.131,0.0,0.0,0.0,0.0,0.211,0.0,0.0,23.34375,0.3830568452527204,0.0,0.0,0.81703125,1.3406989583845212,2.157730208384521,134854,,,0.0133246209999277,Information
132744,1293.0,32871.74866,COD,Democratic Republic of the Congo,Tshuapa,4.001651216,0.0,0.32,0.94,1293.0,,,,,,,,,,,,,,,,,,,,,,,,,2.323740036518548,80.03302432,0.0,,8.375,0.025,8.25,0.025,0.0,0.0,0.0,0.0,0.0825,0.025,0.0,0.0,0.0,0.0,0.1075,0.0,0.0,50.90625,0.1548632247195851,0.0,0.0,1.78171875,0.5420212865185479,2.323740036518548,457084,,,0.0157419788633211,Information
132751,1299.0,3965.362696,COD,Democratic Republic of the Congo,Équateur,4.246303468,0.0,0.32,0.94,1299.0,,,,,,,,,,,,,,,,,,,,,,,,,15.947320033249834,84.92606936,0.0,,111.5,2.812,81.375,2.052,2.938,0.074,1.875,0.047,0.81375,2.052,0.04407,0.1109999999999999,0.046875,0.1175,3.1851950000000007,0.0,0.0,129.375,3.262627152357096,0.0,0.0,4.528125,11.419195033249837,15.947320033249834,102161,,,0.5224581452517392,Advisory
132752,1300.0,3014.75643,COD,Democratic Republic of the Congo,Mongala,0.294213112,0.0,0.32,0.94,1300.0,,,,,,,,,,,,,,,,,,,,,,,,,2.4222515680400765,5.88426224,0.0,,7.812,0.259,7.812,0.259,0.188,0.006,0.0,0.0,0.07812,0.259,0.00282,0.009,0.0,0.0,0.34894,0.0,0.0,16.03125,0.531759376582879,0.0,0.0,0.56109375,1.8611578180400763,2.4222515680400765,211428,,,0.0001261924128597,Information
132753,1301.0,1653.962697,COD,Democratic Republic of the Congo,Équateur,4.183160255,0.0,0.32,0.94,1301.0,,,,,,,,,,,,,,,,,,,,,,,,,6.311751341104374,83.6632051,0.0,,16.188,0.979,15.125,0.914,0.438,0.026,0.0,0.0,0.15125,0.914,0.00657,0.039,0.0,0.0,1.11082,0.0,0.0,25.59375,1.5474200260298212,0.0,0.0,0.89578125,5.415970091104374,6.311751341104374,18312,,,0.1708004793653591,Information
132756,1304.0,52473.00791,COD,Democratic Republic of the Congo,Nord-Ubangi,4.013107408,0.0,0.32,0.94,1304.0,,,,,,,,,,,,,,,,,,,,,,,,,2.0568098945758506,80.26214816,0.0,,52.938,0.101,39.688,0.076,0.0,0.0,0.0,0.0,0.39688,0.076,0.0,0.0,0.0,0.0,0.47288,0.0,0.0,49.359375,0.0940662198788145,0.0,0.0,1.727578125,0.3292317695758507,2.0568098945758506,1635480,,,0.0118678056561442,Information
132757,1305.0,20332.39289,COD,Democratic Republic of the Congo,Mongala,3.955332164,0.0,0.32,0.94,1305.0,,,,,,,,,,,,,,,,,,,,,,,,,15.272568944635845,79.10664328,0.0,,58.312,0.287,57.688,0.284,11.688,0.057,0.625,0.003,0.5768800000000001,0.284,0.17532,0.0855,0.015625,0.0075,1.144825,0.0,0.0,292.5,1.4385911270388123,0.0,0.0,10.2375,5.035068944635843,15.272568944635845,1237292,,,0.3769986822125944,Advisory
132759,1307.0,11212.57583,COD,Democratic Republic of the Congo,Tshopo,4.02899681,0.0,0.32,0.94,1307.0,,,,,,,,,,,,,,,,,,,,,,,,,5.633443840094973,80.57993619999999,0.0,,70.0,0.624,66.062,0.589,13.875,0.124,1.5,0.013,0.66062,0.589,0.208125,0.186,0.0375,0.0325,1.713745,0.0,0.0,85.078125,0.758774132884278,0.0,0.0,2.977734375,2.655709465094973,5.633443840094973,203972,,,0.107934841459864,Information
132761,1308.0,37826.51351,COD,Democratic Republic of the Congo,Tshopo,3.863880787,0.0,0.32,0.94,1308.0,,,,,,,,,,,,,,,,,,,,,,,,,1.7548988794886966,77.27761574,0.0,,29.062,0.077,21.625,0.057,1.25,0.003,0.0,0.0,0.21625,0.057,0.01875,0.0045,0.0,0.0,0.2965,0.0,0.0,39.65625,0.1048371798539133,0.0,0.0,1.38796875,0.3669301294886966,1.7548988794886966,350243,,,0.0052194797722236,Information
132770,1317.0,6256.40645,COD,Democratic Republic of the Congo,Tshopo,4.053863445,0.0,0.32,0.94,1317.0,,,,,,,,,,,,,,,,,,,,,,,,,1.534657336571967,81.0772689,0.0,,39.688,0.634,27.125,0.434,5.312,0.085,0.0,0.0,0.27125,0.434,0.07968,0.1275,0.0,0.0,0.91243,0.0,0.0,16.875,0.2697235247348477,0.0,0.0,0.590625,0.9440323365719668,1.534657336571967,309977,,,0.0060014887215741,Information
132781,1318.0,1061.436688,COD,Democratic Republic of the Congo,Tshopo,4.06838707,0.0,0.32,0.94,1318.0,,,,,,,,,,,,,,,,,,,,,,,,,2.5645904885273443,81.3677414,0.0,,1.062,0.1,1.0,0.094,0.062,0.006,0.0,0.0,0.01,0.094,0.0009299999999999,0.009,0.0,0.0,0.11393,0.0,0.0,7.03125,0.6624276395792412,0.0,0.0,0.24609375,2.3184967385273443,2.5645904885273443,130941,,,0.0236783760261583,Information
132783,1320.0,55803.32545,COD,Democratic Republic of the Congo,Sankuru,3.708276828,0.0,0.32,0.94,1320.0,,,,,,,,,,,,,,,,,,,,,,,,,1.3755192964043144,74.16553655999999,0.0,,39.812,0.071,31.688,0.057,1.438,0.003,0.0,0.0,0.31688,0.057,0.02157,0.0045,0.0,0.0,0.3999499999999999,0.0,0.0,33.328125,0.0597242632583755,0.0,0.0,1.166484375,0.2090349214043142,1.3755192964043144,533459,,,0.0016791788113917,Information
132789,1326.0,21748.082,COD,Democratic Republic of the Congo,Haut-Lomami,2.024400387,0.0,0.32,0.94,1326.0,,,,,,,,,,,,,,,,,,,,,,,,,2.802152186436122,40.48800774,0.0,,19.812,0.091,16.812,0.077,3.875,0.018,1.25,0.006,0.16812,0.077,0.058125,0.0269999999999999,0.03125,0.015,0.376495,0.0,0.0,54.84375,0.2521774104103206,0.0,0.0,1.91953125,0.8826209364361222,2.802152186436122,1512566,,,0.0011223417496126,Information
132791,1327.0,5209.021902,COD,Democratic Republic of the Congo,Tshopo,2.295740208,0.0,0.32,0.94,1327.0,,,,,,,,,,,,,,,,,,,,,,,,,0.3880068973150937,45.91480416,0.0,,8.562,0.164,8.312,0.16,0.312,0.006,0.0,0.0,0.08312,0.16,0.00468,0.009,0.0,0.0,0.2568,0.0,0.0,3.796875,0.0728903635185982,0.0,0.0,0.132890625,0.2551162723150937,0.3880068973150937,183235,,,3.9607274840497385e-07,Information
132793,1329.0,38669.7262,COD,Democratic Republic of the Congo,Tshopo,4.023674859,0.0,0.32,0.94,1329.0,,,,,,,,,,,,,,,,,,,,,,,,,2.824770886077039,80.47349718,0.0,,82.562,0.214,73.938,0.191,3.188,0.008,0.0,0.0,0.73938,0.191,0.04782,0.012,0.0,0.0,0.9902,0.0,0.0,64.125,0.1658273960220112,0.0,0.0,2.244375,0.5803958860770392,2.824770886077039,886858,,,0.0265968310996215,Information
132795,1331.0,981.4913175,COD,Democratic Republic of the Congo,Tshopo,4.010898422,0.0,0.32,0.94,1331.0,,,,,,,,,,,,,,,,,,,,,,,,,0.6608253372657646,80.21796844,0.0,,0.875,0.089,0.875,0.089,0.188,0.019,0.0,0.0,0.00875,0.089,0.00282,0.0284999999999999,0.0,0.0,0.12907,0.0,0.0,1.6875,0.1719322392187899,0.0,0.0,0.0590625,0.6017628372657646,0.6608253372657646,15747,,,0.0003381144463843,Information
132797,1333.0,16980.90819,COD,Democratic Republic of the Congo,Maniema,4.125267015,0.0,0.32,0.94,1333.0,,,,,,,,,,,,,,,,,,,,,,,,,1.1261305030057391,82.5053403,0.0,,8.688,0.051,8.0,0.047,0.562,0.003,0.0,0.0,0.08,0.047,0.00843,0.0045,0.0,0.0,0.13993,0.0,0.0,20.25,0.119251572287354,0.0,0.0,0.70875,0.417380503005739,1.1261305030057391,82396,,,0.0030430309210309,Information
132799,1335.0,82113.44073,COD,Democratic Republic of the Congo,Maniema,3.390499984,0.0,0.32,0.94,1335.0,,,,,,,,,,,,,,,,,,,,,,,,,6.620008047862178,67.80999968,0.0,,150.562,0.183,102.625,0.125,32.5,0.04,5.375,0.007,1.02625,0.125,0.4875,0.06,0.134375,0.0175,1.850625,0.0,0.0,168.609375,0.205337120817765,0.0,0.0,5.901328125,0.7186799228621775,6.620008047862178,3572254,,,0.0568751092081519,Information
132810,1336.0,3900.630782,COD,Democratic Republic of the Congo,Tanganyika,2.220104831,0.0,0.32,0.94,1336.0,1336.0,2.0,1.0,100.0,100.0,-9999.0,7.0,10.0,10.0,10.0,-999.9,-1925.8,0.0,0.0,0.0,0.0,0.0,0.0,0.0,0.0,0.0,0.0,0.0,-1925.8,1.403202116779937,44.40209662,0.0,,3.938,0.101,3.125,0.08,0.0,0.0,0.0,0.0,0.03125,0.08,0.0,0.0,0.0,0.0,0.11125,0.0,0.0,11.25,0.2884148905085534,0.0,0.0,0.39375,1.0094521167799368,1.403202116779937,109982,,,0.0001168968753489,Information
132820,1337.0,9676.671338,COD,Democratic Republic of the Congo,Tanganyika,1.924293297,0.0,0.32,0.94,1337.0,,,,,,,,,,,,,,,,,,,,,,,,,0.4203446372182431,38.48586594,0.0,,23.812,0.246,13.562,0.14,1.188,0.012,0.125,0.001,0.13562,0.14,0.01782,0.018,0.003125,0.0025,0.317065,0.0,0.0,5.90625,0.0610359677766409,0.0,0.0,0.20671875,0.2136258872182431,0.4203446372182431,191985,,,3.082947390285398e-07,Information
132830,1338.0,18056.72488,COD,Democratic Republic of the Congo,Tanganyika,4.155229068,0.0,0.32,0.94,1338.0,,,,,,,,,,,,,,,,,,,,,,,,,5.842812247802908,83.10458136,0.0,,37.625,0.208,25.938,0.144,13.75,0.076,3.062,0.017,0.25938,0.144,0.20625,0.1139999999999999,0.0765499999999999,0.0425,0.8426799999999999,0.0,0.0,107.4375,0.5949999279436881,0.0,0.0,3.7603125,2.0824997478029084,5.842812247802908,966814,,,0.1441563729733462,Information
132841,1339.0,4925.344523,COD,Democratic Republic of the Congo,Tanganyika,4.025182902,0.0,0.32,0.94,1339.0,,,,,,,,,,,,,,,,,,,,,,,,,3.2216034474274373,80.50365804,0.0,,1.562,0.032,1.562,0.032,3.938,0.08,0.75,0.015,0.01562,0.032,0.05907,0.12,0.01875,0.0375,0.2829399999999999,0.0,0.0,30.375,0.6167081278364106,0.0,0.0,1.063125,2.158478447427437,3.2216034474274373,31457,,,0.0359028802410016,Information
132847,1345.0,19366.81835,COD,Democratic Republic of the Congo,Tanganyika,4.365948332,0.0,0.32,0.94,1345.0,,,,,,,,,,,,,,,,,,,,,,,,,5.50789381933094,87.31896664000001,0.0,,21.0,0.108,20.438,0.106,21.938,0.113,6.938,0.036,0.2043799999999999,0.106,0.32907,0.1695,0.17345,0.09,1.0724,0.0,0.0,103.78125,0.5358714483802686,0.0,0.0,3.63234375,1.87555006933094,5.50789381933094,291366,,,0.2021615853955647,Information
132862,1350.0,1632.039921,COD,Democratic Republic of the Congo,Tanganyika,4.110868819,0.0,0.32,0.94,1350.0,,,,,,,,,,,,,,,,,,,,,,,,,8.208646310997551,82.21737638,0.0,,6.938,0.425,6.5,0.398,0.75,0.046,0.125,0.008,0.065,0.398,0.01125,0.069,0.003125,0.02,0.5663750000000001,0.0,0.0,32.90625,2.016265017427872,0.0,0.0,1.15171875,7.056927560997552,8.208646310997551,9104,,,0.2197512027914535,Information
132866,1354.0,3154.719576,COD,Democratic Republic of the Congo,Sud-Kivu,4.078136783,0.0,0.32,0.94,1354.0,,,,,,,,,,,,,,,,,,,,,,,,,6.567519817693722,81.56273565999999,0.0,,3.438,0.109,3.438,0.109,0.812,0.026,0.0,0.0,0.03438,0.109,0.01218,0.039,0.0,0.0,0.19456,0.0,0.0,45.0,1.4264342336267777,0.0,0.0,1.575,4.992519817693722,6.567519817693722,258397,,,0.1509804142518205,Information
132867,1355.0,11411.54014,COD,Democratic Republic of the Congo,Sud-Kivu,3.444232422,0.0,0.32,0.94,1355.0,,,,,,,,,,,,,,,,,,,,,,,,,8.551557329860575,68.88464843999999,0.0,,27.688,0.243,21.688,0.19,8.875,0.078,2.312,0.02,0.21688,0.19,0.133125,0.1169999999999999,0.0577999999999999,0.05,0.7648050000000001,0.0,0.0,130.21875,1.1411145942458785,0.0,0.0,4.55765625,3.993901079860575,8.551557329860575,5785597,,,0.0982499471745226,Information
132868,1356.0,1696.292134,COD,Democratic Republic of the Congo,Sud-Kivu,2.230903629,0.0,0.32,0.94,1356.0,,,,,,,,,,,,,,,,,,,,,,,,,15.271814922397173,44.61807258,0.0,,20.688,1.22,17.875,1.054,3.812,0.225,0.25,0.015,0.17875,1.054,0.05718,0.3375,0.00625,0.0375,1.67118,0.0,0.0,63.28125,3.7305631921134776,0.0,0.0,2.21484375,13.056971172397173,15.271814922397173,557850,,,0.0988304585392451,Information
132910,1377.0,10867.75961,COD,Democratic Republic of the Congo,Tanganyika,4.012708658,0.0,0.32,0.94,1377.0,,,,,,,,,,,,,,,,,,,,,,,,,7.220374771734781,80.25417316000001,0.0,,21.688,0.2,20.625,0.19,11.875,0.109,3.75,0.035,0.20625,0.19,0.178125,0.1635,0.09375,0.0875,0.919125,0.0,0.0,107.4375,0.9885892204956516,0.0,0.0,3.7603125,3.4600622717347806,7.220374771734781,313838,,,0.1571992922716122,Information
132930,1379.0,2585.000437,COD,Democratic Republic of the Congo,Tanganyika,3.414675422,0.0,0.32,0.94,1379.0,,,,,,,,,,,,,,,,,,,,,,,,,8.410664519930249,68.29350844000001,0.0,,0.25,0.01,0.25,0.01,2.812,0.109,0.0,0.0,0.0025,0.01,0.04218,0.1635,0.0,0.0,0.21818,0.0,0.0,49.359375,1.9094532556943569,0.0,0.0,1.727578125,6.683086394930249,8.410664519930249,115007,,,0.0922508755274857,Information
132941,1380.0,8254.817042,COD,Democratic Republic of the Congo,Tanganyika,3.435785512,0.0,0.32,0.94,1380.0,,,,,,,,,,,,,,,,,,,,,,,,,17.28427272812236,68.71571023999999,0.0,,12.062,0.146,11.812,0.143,23.188,0.281,6.312,0.076,0.1181199999999999,0.143,0.3478199999999999,0.4215,0.1578,0.19,1.37824,0.0,0.0,223.3125,2.7052386366063885,0.0,0.0,7.8159375,9.46833522812236,17.28427272812236,1174021,,,0.2764838261481844,Information
132942,1381.0,8087.330902,COD,Democratic Republic of the Congo,Haut-Katanga,2.712507853,0.0,0.32,0.94,1381.0,,,,,,,,,,,,,,,,,,,,,,,,,9.4666931848345,54.25015706,0.0,,26.562,0.328,25.875,0.32,39.875,0.493,21.062,0.26,0.25875,0.32,0.598125,0.7395,0.52655,0.65,3.092925,0.0,0.0,120.9375,1.4953944813812858,0.0,0.0,4.2328125,5.2338806848345,9.4666931848345,827664,,,0.0575810686486327,Information
132943,1382.0,2434.722524,COD,Democratic Republic of the Congo,Haut-Lomami,3.341121667,0.0,0.32,0.94,1382.0,,,,,,,,,,,,,,,,,,,,,,,,,45.10953125,66.82243334,0.0,3.0,55.312,2.272,53.062,2.179,62.625,2.572,34.062,1.399,0.53062,2.179,0.939375,3.858,0.85155,3.4975,11.856045,0.0,0.0,288.84375,11.863518210971066,0.0,0.0,10.10953125,35.0,45.10953125,834355,7365.0,0.88,0.6206618920214648,Watch
132944,1383.0,19667.90932,COD,Democratic Republic of the Congo,Haut-Lomami,3.080643556,0.0,0.32,0.94,1383.0,,,,,,,,,,,,,,,,,,,,,,,,,0.9577431086238024,61.61287112,0.0,,17.562,0.089,13.688,0.07,0.938,0.005,0.125,0.001,0.13688,0.07,0.01407,0.0075,0.003125,0.0025,0.234075,0.0,0.0,18.140625,0.0922346381782293,0.0,0.0,0.634921875,0.3228212336238025,0.9577431086238024,1688854,,,0.0001117319101653,Information
132945,1384.0,710.1422405,COD,Democratic Republic of the Congo,Haut-Lomami,4.047897367,0.0,0.32,0.94,1384.0,,,,,,,,,,,,,,,,,,,,,,,,,36.59547527052306,80.95794734,0.0,3.0,16.875,2.376,16.688,2.35,13.25,1.866,6.125,0.863,0.16688,2.35,0.19875,2.7990000000000004,0.153125,2.1575,7.825255,0.0,0.0,69.328125,9.762568827292302,0.0,0.0,2.426484375,34.16899089552306,36.59547527052306,118905,8752.0,7.36,0.7432104242269062,Watch
132946,1385.0,53069.72683,COD,Democratic Republic of the Congo,Haut-Katanga,2.904076855,0.0,0.32,0.94,1385.0,,,,,,,,,,,,,,,,,,,,,,,,,12.79244211983428,58.0815371,0.0,,144.562,0.272,119.562,0.225,100.938,0.19,24.25,0.046,1.19562,0.225,1.51407,0.285,0.60625,0.1149999999999999,3.94094,0.0,0.0,307.546875,0.579514712809794,0.0,0.0,10.764140625,2.0283014948342792,12.79244211983428,3779810,,,0.1176390892439786,Information
132947,1386.0,12227.43496,COD,Democratic Republic of the Congo,Haut-Lomami,4.004523843,0.0,0.32,0.94,1386.0,,,,,,,,,,,,,,,,,,,,,,,,,34.786507031959665,80.09047686000001,0.0,3.0,256.562,2.098,256.188,2.095,219.312,1.794,155.188,1.269,2.56188,2.095,3.28968,2.691,3.8797,3.1725,17.68976,0.0,0.0,546.75,4.471502009131332,0.0,0.0,19.13625,15.650257031959663,34.786507031959665,1114156,37265.0,3.34,0.7115885339697748,Watch
132948,1387.0,28063.74596,COD,Democratic Republic of the Congo,Lualaba,3.330509136,0.0,0.32,0.94,1387.0,,,,,,,,,,,,,,,,,,,,,,,,,2.870548713004133,66.61018272,0.0,,35.312,0.126,35.062,0.125,11.062,0.039,3.875,0.014,0.35062,0.125,0.16593,0.0584999999999999,0.096875,0.035,0.831925,0.0,0.0,60.46875,0.215469275144038,0.0,0.0,2.11640625,0.754142463004133,2.870548713004133,294949,,,0.0070688051321196,Information
132949,1388.0,33118.37854,COD,Democratic Republic of the Congo,Lualaba,1.39646129,0.0,0.32,0.94,1388.0,,,,,,,,,,,,,,,,,,,,,,,,,6.202964451039136,27.9292258,0.0,,88.25,0.266,88.125,0.266,80.812,0.244,50.125,0.151,0.88125,0.266,1.2121799999999998,0.366,1.253125,0.3775,4.3560550000000005,0.0,0.0,136.125,0.411025557439753,0.0,0.0,4.764375,1.4385894510391355,6.202964451039136,1005230,,,0.007090977831825,Information
132955,1393.0,14224.22747,COD,Democratic Republic of the Congo,Haut-Katanga,2.756377969,0.0,0.32,0.94,1393.0,,,,,,,,,,,,,,,,,,,,,,,,,2.145812605527116,55.12755938,0.0,,3.75,0.026,0.875,0.006,8.688,0.061,0.0,0.0,0.00875,0.006,0.13032,0.0915,0.0,0.0,0.23657,0.0,0.0,36.0,0.2530893158648902,0.0,0.0,1.26,0.8858126055271157,2.145812605527116,258555,,,0.0011816914563077,Information
132956,1394.0,5573.209132,COD,Democratic Republic of the Congo,Haut-Katanga,1.847704775,0.0,0.32,0.94,1394.0,,,,,,,,,,,,,,,,,,,,,,,,,1.3753187236193352,36.9540955,0.0,,2.438,0.044,2.438,0.044,2.75,0.049,0.125,0.002,0.02438,0.044,0.04125,0.0735,0.003125,0.005,0.191255,0.0,0.0,14.0625,0.2523232067483815,0.0,0.0,0.4921875,0.8831312236193352,1.3753187236193352,103977,,,6.533892302456974e-05,Information
132957,1395.0,478.4664762,COD,Democratic Republic of the Congo,Haut-Katanga,3.182906412,0.0,0.32,0.94,1395.0,,,,,,,,,,,,,,,,,,,,,,,,,9.485483348124395,63.65812824,0.0,,1.312,0.274,1.188,0.248,2.812,0.588,0.188,0.039,0.01188,0.248,0.04218,0.8819999999999999,0.0046999999999999,0.0975,1.2862599999999995,0.0,0.0,12.375,2.5863880994641133,0.0,0.0,0.433125,9.052358348124397,9.485483348124395,11280,,,0.0896023148067906,Information
132958,1396.0,7675.826555,COD,Democratic Republic of the Congo,Haut-Katanga,4.042715363,0.0,0.32,0.94,1396.0,1396.0,1.0,1.0,100.0,-9999.0,-9999.0,3.0,10.0,10.0,-999.9,-999.9,-3953.6,0.0,0.0,0.0,0.0,0.0,0.0,0.0,0.0,0.0,0.0,0.0,-3953.6,0.2493491196534943,80.85430726,0.0,,1.062,0.014,0.875,0.011,2.375,0.031,0.0,0.0,0.00875,0.011,0.035625,0.0465,0.0,0.0,0.101875,0.0,0.0,3.09375,0.0403051056152841,0.0,0.0,0.10828125,0.1410678696534943,0.2493491196534943,231038,,,7.092462594213857e-06,Information
132971,1399.0,40627.05957,COD,Democratic Republic of the Congo,Haut-Katanga,4.009984291,0.0,0.32,0.94,1399.0,,,,,,,,,,,,,,,,,,,,,,,,,23.99980654505745,80.19968582000001,0.0,,419.938,1.034,227.062,0.559,103.312,0.254,27.0,0.066,2.27062,0.559,1.54968,0.381,0.675,0.165,5.600300000000001,0.0,0.0,550.265625,1.3544313343021268,0.0,0.0,19.259296875,4.740509670057444,23.99980654505745,2171491,,,0.5762651752084631,Advisory
132972,1400.0,9793.919996,COD,Democratic Republic of the Congo,Haut-Katanga,2.57267565,0.0,0.32,0.94,1400.0,,,,,,,,,,,,,,,,,,,,,,,,,1.1041518822214318,51.453513,0.0,,38.25,0.391,15.562,0.159,15.5,0.158,1.625,0.017,0.1556199999999999,0.159,0.2325,0.237,0.040625,0.0425,0.867245,0.0,0.0,15.609375,0.1593782163489805,0.0,0.0,0.546328125,0.5578237572214317,1.1041518822214318,5141964,,,7.733646895438319e-05,Information
132974,1402.0,7392.045094,COD,Democratic Republic of the Congo,Haut-Katanga,3.217595464,0.0,0.32,0.94,1402.0,,,,,,,,,,,,,,,,,,,,,,,,,0.5708,64.35190928,0.0,,40.812,0.552,17.75,0.24,4.25,0.057,0.062,0.001,0.1775,0.24,0.06375,0.0855,0.00155,0.0025,0.5708,,,,,,,,,,64233,,,1.77932301531357e-05,Information
132975,1403.0,1050.5129,COD,Democratic Republic of the Congo,Haut-Katanga,4.012366947,0.0,0.32,0.94,1403.0,,,,,,,,,,,,,,,,,,,,,,,,,9.57818794003292,80.24733894,0.0,,8.5,0.809,5.5,0.524,3.875,0.369,0.062,0.006,0.055,0.524,0.058125,0.5535,0.00155,0.015,1.207175,0.0,0.0,26.015625,2.4764688757236915,0.0,0.0,0.910546875,8.667641065032921,9.57818794003292,12447,,,0.2345943273950088,Information
172943,3443.0,9135.272345,COD,Democratic Republic of the Congo,Nord-Kivu,3.020723024,0.0,0.32,0.94,3443.0,,,,,,,,,,,,,,,,,,,,,,,,,5.969284690515957,60.41446048,0.0,,15.375,0.168,12.688,0.139,24.625,0.27,11.125,0.122,0.12688,0.139,0.369375,0.405,0.278125,0.305,1.62338,0.0,0.0,81.421875,0.8912911615759878,0.0,0.0,2.849765625,3.119519065515957,5.969284690515957,1153046,,,0.029256365243498,Information
172947,3447.0,3044.554927,COD,Democratic Republic of the Congo,Nord-Kivu,4.044387227,0.0,0.32,0.94,3447.0,,,,,,,,,,,,,,,,,,,,,,,,,2.86797222043242,80.88774454,0.0,,1.562,0.051,1.438,0.047,0.812,0.027,0.25,0.008,0.0143799999999999,0.047,0.01218,0.0405,0.00625,0.02,0.14031,0.0,0.0,19.125,0.6281706344092628,0.0,0.0,0.669375,2.19859722043242,2.86797222043242,504538,,,0.0289321515820413,Information
172948,3448.0,2011.188888,COD,Democratic Republic of the Congo,Nord-Kivu,4.00794267,0.0,0.32,0.94,3448.0,,,,,,,,,,,,,,,,,,,,,,,,,5.202798208420667,80.1588534,0.0,,0.688,0.034,0.688,0.034,0.75,0.037,0.0,0.0,0.00688,0.034,0.01125,0.0554999999999999,0.0,0.0,0.1076299999999999,0.0,0.0,24.890625,1.2376075238344764,0.0,0.0,0.871171875,4.331626333420667,5.202798208420667,480784,,,0.0903567667871987,Information
172949,3449.0,4252.800375,COD,Democratic Republic of the Congo,Nord-Kivu,3.188604426,0.0,0.32,0.94,3449.0,,,,,,,,,,,,,,,,,,,,,,,,,1.468066712240092,63.77208852,0.0,,4.438,0.104,3.75,0.088,2.812,0.066,0.125,0.003,0.0375,0.088,0.04218,0.099,0.003125,0.0075,0.277305,0.0,0.0,12.515625,0.2942913820685977,0.0,0.0,0.438046875,1.030019837240092,1.468066712240092,1349718,,,0.0006732424908151,Information
132170,1111.0,22496.92352,COG,Republic of Congo,Pool,1.967385712,0.0,0.44,0.78,1111.0,,,,,,,,,,,,,,,,,,,,,,,,,4.890440142775262,39.34771424,0.0,,44.0,0.196,40.0,0.178,3.125,0.014,0.062,0.0,0.4,0.178,0.046875,0.021,0.00155,0.0,0.6474250000000001,4.21875,0.0187525640844269,94.921875,0.421932691899606,0.06328125,0.0281288461266403,3.322265625,1.476764421648621,4.890440142775262,9203007,,,0.0059032604318423,Information
132190,1113.0,8904.027422,COG,Republic of Congo,Pool,0.650900124,0.0,0.44,0.78,1113.0,,,,,,,,,,,,,,,,,,,,,,,,,7.502791432666316,13.01800248,0.0,,32.938,0.37,27.188,0.305,2.812,0.032,1.0,0.011,0.27188,0.305,0.04218,0.048,0.025,0.0274999999999999,0.7195600000000001,0.0,0.0,100.96875,1.133967195047519,0.0,0.0,3.53390625,3.968885182666317,7.502791432666316,26022,,,0.0071343638391699,Information
132301,1171.0,1771.878086,COG,Republic of Congo,Pool,0.2327982,0.0,0.44,0.78,1171.0,,,,,,,,,,,,,,,,,,,,,,,,,3.825853715227141,4.655964,0.0,,6.062,0.342,4.75,0.268,0.688,0.039,0.125,0.007,0.0475,0.268,0.01032,0.0584999999999999,0.003125,0.0175,0.404945,0.0,0.0,16.453125,0.9285698114934688,0.0,0.0,0.575859375,3.2499943402271407,3.825853715227141,2756,,,0.0006506109302429,Information
132302,1172.0,14983.40847,COG,Republic of Congo,Plateaux,1.042129247,0.0,0.44,0.78,1172.0,1172.0,0.0,1.0,-9999.0,-9999.0,-9999.0,0.0,10.0,-999.9,-999.9,-999.9,-5979.4,0.0,0.0,0.0,0.0,0.0,0.0,0.0,0.0,0.0,0.0,0.0,-5979.4,3.594560186182134,20.84258494,0.0,,55.0,0.367,39.062,0.261,10.562,0.07,3.938,0.026,0.3906199999999999,0.261,0.15843,0.105,0.09845,0.065,1.0784999999999998,0.0,0.0,61.59375,0.4110796960520383,0.0,0.0,2.15578125,1.438778936182134,3.594560186182134,15236,,,0.0009940079136596,Information
132303,1173.0,6912.417338,COG,Republic of Congo,Plateaux,1.078029009,0.0,0.44,0.78,1173.0,,,,,,,,,,,,,,,,,,,,,,,,,11.68094691249876,21.56058018,0.0,,72.0,1.042,54.938,0.795,24.25,0.351,22.438,0.325,0.54938,0.795,0.36375,0.5265,0.56095,0.8125,3.60808,0.0,0.0,136.40625,1.973350903571075,0.0,0.0,4.77421875,6.906728162498762,11.68094691249876,153458,,,0.0284311655450299,Information
132304,1174.0,11452.48376,COG,Republic of Congo,Plateaux,1.375149666,0.0,0.44,0.78,1174.0,1174.0,0.0,1.0,-9999.0,-9999.0,-9999.0,0.0,10.0,-999.9,-999.9,-999.9,-5979.4,0.0,0.0,0.0,0.0,0.0,0.0,0.0,0.0,0.0,0.0,0.0,-5979.4,1.7148313763027436,27.50299332,0.0,,36.812,0.321,29.0,0.253,3.125,0.027,3.062,0.027,0.29,0.253,0.046875,0.0405,0.0765499999999999,0.0675,0.7744249999999999,0.0,0.0,26.15625,0.2283893218007839,0.0,0.0,0.91546875,0.7993626263027436,1.7148313763027436,42712,,,9.047373324267284e-05,Information
132308,1178.0,23244.56864,COG,Republic of Congo,Plateaux,4.070758769,0.0,0.44,0.78,1178.0,1178.0,0.0,1.0,-9999.0,-9999.0,-9999.0,0.0,10.0,-999.9,-999.9,-999.9,-5979.4,0.0,0.0,0.0,0.0,0.0,0.0,0.0,0.0,0.0,0.0,0.0,-5979.4,1.6683153158839965,81.41517538000001,0.0,,30.875,0.133,22.062,0.095,0.25,0.001,0.125,0.001,0.22062,0.095,0.00375,0.0015,0.003125,0.0025,0.326495,0.0,0.0,33.328125,0.143380268823999,0.0,0.0,1.166484375,0.5018309408839965,1.6683153158839965,102797,,,0.0079646578372446,Information
132309,1179.0,2327.905852,COG,Republic of Congo,Cuvette,4.049551744,0.0,0.44,0.78,1179.0,,,,,,,,,,,,,,,,,,,,,,,,,7.949765461934458,80.99103488,0.0,,68.312,2.935,49.875,2.142,8.062,0.346,8.375,0.36,0.49875,2.142,0.12093,0.5189999999999999,0.209375,0.8999999999999999,4.390054999999999,0.0,0.0,42.890625,1.8424553105527024,0.0,0.0,1.501171875,6.448593586934458,7.949765461934458,15524,,,0.1916673985094185,Information
132410,1180.0,95.09269613,COG,Republic of Congo,Cuvette,4.413922062,0.0,0.44,0.78,1180.0,,,,,,,,,,,,,,,,,,,,,,,,,12.837925000000002,88.27844124,0.0,,9.188,9.662,8.75,9.202,0.875,0.92,0.812,0.854,0.0875,9.202,0.013125,1.38,0.0203,2.135,12.837925000000002,0.0,0.0,1.546875,1.6267022210143034,0.0,0.0,0.054140625,5.693457773550062,5.747598398550061,540,,,0.5362433372881663,Advisory
132421,1181.0,2802.630697,COG,Republic of Congo,Cuvette,4.330396894,0.0,0.44,0.78,1181.0,,,,,,,,,,,,,,,,,,,,,,,,,1.0792080118206846,86.60793788,0.0,,20.062,0.716,16.375,0.584,0.562,0.02,0.5,0.018,0.16375,0.584,0.00843,0.03,0.0125,0.045,0.84368,0.0,0.0,6.75,0.2408451462344813,0.0,0.0,0.23625,0.8429580118206845,1.0792080118206846,7451,,,0.0058938869019041,Information
132422,1182.0,17458.79422,COG,Republic of Congo,Cuvette,4.045528148,0.0,0.44,0.78,1182.0,1182.0,0.0,1.0,-9999.0,-9999.0,-9999.0,0.0,10.0,-999.9,-999.9,-999.9,-5979.4,0.0,0.0,0.0,0.0,0.0,0.0,0.0,0.0,0.0,0.0,0.0,-5979.4,3.0964051949322515,80.91056296,0.0,,28.75,0.165,23.312,0.134,0.875,0.005,1.938,0.011,0.23312,0.134,0.013125,0.0075,0.04845,0.0274999999999999,0.4636949999999999,0.0,0.0,56.25,0.3221871985520719,0.0,0.0,1.96875,1.1276551949322515,3.0964051949322515,149367,,,0.0344638533242621,Information
132423,1183.0,6922.433384,COG,Republic of Congo,Cuvette,4.177668693,0.0,0.44,0.78,1183.0,,,,,,,,,,,,,,,,,,,,,,,,,0.99162,83.55337386000001,0.0,,44.75,0.646,40.562,0.586,0.0,0.0,0.0,0.0,0.40562,0.586,0.0,0.0,0.0,0.0,0.99162,,,,,,,,,,5113,,,0.0024883684578111,Information
132424,1184.0,12911.50019,COG,Republic of Congo,Sangha,3.257508117,0.0,0.44,0.78,1184.0,,,,,,,,,,,,,,,,,,,,,,,,,1.5808329351549708,65.15016234,0.0,,7.375,0.057,6.062,0.047,0.0,0.0,0.312,0.002,0.06062,0.047,0.0,0.0,0.0078,0.005,0.12042,0.0,0.0,25.453125,0.1971353029014202,0.0,0.0,0.890859375,0.6899735601549707,1.5808329351549708,13621,,,0.000990398245846,Information
132425,1185.0,594.9617291,COG,Republic of Congo,Cuvette,4.210464211,0.0,0.44,0.78,1185.0,,,,,,,,,,,,,,,,,,,,,,,,,0.25638,84.20928422,0.0,,1.625,0.273,1.438,0.242,0.0,0.0,0.0,0.0,0.0143799999999999,0.242,0.0,0.0,0.0,0.0,0.25638,,,,,,,,,,786,,,1.890118166967113e-05,Information
132426,1186.0,17494.35897,COG,Republic of Congo,Cuvette-Ouest,4.029164203,0.0,0.44,0.78,1186.0,1186.0,0.0,1.0,-9999.0,-9999.0,-9999.0,0.0,10.0,-999.9,-999.9,-999.9,-5979.4,0.0,0.0,0.0,0.0,0.0,0.0,0.0,0.0,0.0,0.0,0.0,-5979.4,0.3480876848853257,80.58328406,0.0,,,,,,,,,,,,,,,,,0.0,0.0,6.328125,0.0361723742529502,0.0,0.0,0.221484375,0.1266033098853257,0.3480876848853257,74568,,,2.892231024076976e-05,Information
132427,1187.0,3786.402843,COG,Republic of Congo,Sangha,4.084024577,0.0,0.44,0.78,1187.0,1187.0,0.0,1.0,-9999.0,-9999.0,-9999.0,0.0,10.0,-999.9,-999.9,-999.9,-5979.4,0.0,0.0,0.0,0.0,0.0,0.0,0.0,0.0,0.0,0.0,0.0,-5979.4,0.430096559554208,81.68049154,0.0,,,,,,,,,,,,,,,,,0.0,0.0,3.375,0.0891347313012023,0.0,0.0,0.118125,0.311971559554208,0.430096559554208,3427,,,8.78155519448103e-05,Information
132430,1190.0,860.6686079,COG,Republic of Congo,Cuvette,4.129899868,0.0,0.44,0.78,1190.0,,,,,,,,,,,,,,,,,,,,,,,,,2.197055,82.59799736,0.0,,21.812,2.534,13.25,1.54,1.312,0.152,0.875,0.102,0.1325,1.54,0.01968,0.2279999999999999,0.021875,0.255,2.197055,0.0,0.0,4.359375,0.5065102828091684,0.0,0.0,0.152578125,1.7727859898320897,1.9253641148320888,1772,,,0.0192511205906929,Information
132440,1191.0,30047.85895,COG,Republic of Congo,Likouala,4.09161638,0.0,0.44,0.78,1191.0,,,,,,,,,,,,,,,,,,,,,,,,,1.41643,81.83232759999999,0.0,,142.562,0.474,106.188,0.353,0.0,0.0,0.062,0.0,1.06188,0.353,0.0,0.0,0.00155,0.0,1.41643,0.0,0.0,11.109375,0.0369722682000657,0.0,0.0,0.388828125,0.1294029387002299,0.51823106370023,177846,,,0.005362952313999,Information
132450,1192.0,23224.4731,COG,Republic of Congo,Sangha,4.015434002,0.0,0.44,0.78,1192.0,1192.0,0.0,26.0,-9999.0,-9999.0,-9999.0,0.0,1.0,-999.9,-999.9,-999.9,-5997.4,0.0,0.0,0.0,0.0,0.0,0.0,0.0,0.0,0.0,0.0,0.0,-5997.4,3.245964289744262,80.30868004,0.0,,170.312,0.733,108.875,0.469,3.375,0.015,5.562,0.024,1.08875,0.469,0.050625,0.0225,0.13905,0.06,1.829925,0.0,0.0,64.828125,0.2791371184983606,0.0,0.0,2.268984375,0.976979914744262,3.245964289744262,53359,,,0.0357125284171843,Information
132613,1216.0,4513.428293,COG,Republic of Congo,Likouala,4.012065772,0.0,0.44,0.78,1216.0,,,,,,,,,,,,,,,,,,,,,,,,,4.289071984595098,80.24131544,0.0,,73.125,1.62,53.188,1.178,3.438,0.076,1.812,0.04,0.53188,1.178,0.05157,0.1139999999999999,0.0453,0.1,2.02075,0.0,0.0,38.109375,0.8443553884557422,0.0,0.0,1.333828125,2.9552438595950976,4.289071984595098,279501,,,0.0633155397194622,Information
132614,1217.0,12120.44824,COG,Republic of Congo,Likouala,4.015218197,0.0,0.44,0.78,1217.0,,,,,,,,,,,,,,,,,,,,,,,,,0.219,80.30436394,0.0,,21.312,0.176,11.625,0.096,0.25,0.002,0.0,0.0,0.11625,0.096,0.00375,0.003,0.0,0.0,0.219,,,,,,,,,,104539,,,3.4123983647360663e-06,Information
133480,1467.0,10172.28519,COG,Republic of Congo,Sangha,2.147867036,0.0,0.44,0.78,1467.0,,,,,,,,,,,,,,,,,,,,,,,,,0.1268850642561351,42.957340720000005,0.0,,6.562,0.065,5.062,0.05,0.0,0.0,0.0,0.0,0.05062,0.05,0.0,0.0,0.0,0.0,0.10062,0.0,0.0,1.828125,0.0179716255017529,0.0,0.0,0.063984375,0.0629006892561351,0.1268850642561351,14438,,,5.035748593237012e-10,Information
143080,1841.0,24143.39029,COG,Republic of Congo,Plateaux,4.006969902,0.0,0.44,0.78,1841.0,1841.0,0.0,20.0,-9999.0,-9999.0,-9999.0,0.0,1.0,-999.9,-999.9,-999.9,-5997.400000000001,0.0,0.0,0.0,0.0,0.0,0.0,0.0,0.0,0.0,0.0,0.0,-5997.400000000001,0.4892220577238155,80.13939804,0.0,,,,,,,,,,,,,,,,,5.34375,0.0221333869654674,7.59375,0.0314527077930327,0.08015625,0.033200080448201,0.26578125,0.1100844772756144,0.4892220577238155,3031332,,,0.0001062484993562,Information
132461,1193.0,13269.37986,CAF,Central African Republic,Sangha-Mbaéré,4.207241529,0.0,0.36,0.89,1193.0,1193.0,0.0,30.0,-9999.0,-9999.0,-9999.0,0.0,1.0,-999.9,-999.9,-999.9,-5997.4,0.0,0.0,0.0,0.0,0.0,0.0,0.0,0.0,0.0,0.0,0.0,-5997.4,3.133079301260847,84.14483058,0.0,,19.0,0.143,17.125,0.129,0.0,0.0,0.062,0.0,0.17125,0.129,0.0,0.0,0.00155,0.0,0.3018,0.0,0.0,51.046875,0.3846967646459562,0.0,0.0,1.786640625,1.346438676260847,3.133079301260847,67220,,,0.0524574461213857,Information
132462,1194.0,28080.99818,CAF,Central African Republic,Nana-Mambéré,3.229508114,0.0,0.36,0.89,1194.0,1194.0,0.0,10.0,-9999.0,-9999.0,-9999.0,0.0,1.0,-999.9,-999.9,-999.9,-5988.4,0.0,0.0,0.0,0.0,0.0,0.0,0.0,0.0,0.0,0.0,0.0,-5988.4,0.3671039449781406,64.59016228,0.0,,,,,,,,,,,,,,,,,0.0,0.0,7.734375,0.0275430914223259,0.0,0.0,0.270703125,0.0964008199781406,0.3671039449781406,414869,,,2.4491161015354174e-06,Information
132463,1195.0,7770.996221,CAF,Central African Republic,Sangha-Mbaéré,3.639622762,0.0,0.36,0.89,1195.0,1195.0,0.0,30.0,-9999.0,-9999.0,-9999.0,0.0,1.0,-999.9,-999.9,-999.9,-5997.4,0.0,0.0,0.0,0.0,0.0,0.0,0.0,0.0,0.0,0.0,0.0,-5997.4,0.3601767167513546,72.79245524000001,0.0,,,,,,,,,,,,,,,,,0.0,0.0,4.5,0.0579076333575299,0.0,0.0,0.1575,0.2026767167513546,0.3601767167513546,106147,,,7.638544699308341e-06,Information
132621,1223.0,3521.939993,CAF,Central African Republic,Lobaye,3.805090881,0.0,0.36,0.89,1223.0,1223.0,0.0,1.0,-9999.0,-9999.0,-9999.0,0.0,10.0,-999.9,-999.9,-999.9,-5979.4,0.0,0.0,0.0,0.0,0.0,0.0,0.0,0.0,0.0,0.0,0.0,-5979.4,0.3779354477310657,76.10181761999999,0.0,,,,,,,,,,,,,,,,,0.0,0.0,2.8125,0.0798565564945902,0.0,0.0,0.0984375,0.2794979477310657,0.3779354477310657,132650,,,1.6855193892049267e-05,Information
132622,1224.0,10168.53688,CAF,Central African Republic,Sangha-Mbaéré,4.028281144,0.0,0.36,0.89,1224.0,1224.0,0.0,1.0,-9999.0,-9999.0,-9999.0,0.0,10.0,-999.9,-999.9,-999.9,-5979.4,0.0,0.0,0.0,0.0,0.0,0.0,0.0,0.0,0.0,0.0,0.0,-5979.4,0.40375,80.56562288,0.0,,28.938,0.285,20.375,0.2,0.0,0.0,0.0,0.0,0.20375,0.2,0.0,0.0,0.0,0.0,0.40375,,,,,,,,,,50488,,,5.353106457714209e-05,Information
132623,1225.0,3674.775259,CAF,Central African Republic,Lobaye,2.931274887,0.0,0.36,0.89,1225.0,1225.0,0.0,23.0,-9999.0,-9999.0,-9999.0,0.0,1.0,-999.9,-999.9,-999.9,-5997.4,0.0,0.0,0.0,0.0,0.0,0.0,0.0,0.0,0.0,0.0,0.0,-5997.4,0.2747332683096578,58.62549774,0.0,,,,,,,,,,,,,,,,,0.0,0.0,2.109375,0.0574014695170451,0.0,0.0,0.073828125,0.2009051433096578,0.2747332683096578,74241,,,2.656927453953133e-07,Information
132625,1227.0,337.5992725,CAF,Central African Republic,Lobaye,2.039282414,0.0,0.36,0.89,1227.0,,,,,,,,,,,,,,,,,,,,,,,,,0.13438,40.78564828,0.0,,0.562,0.167,0.438,0.13,0.0,0.0,0.0,0.0,0.00438,0.13,0.0,0.0,0.0,0.0,0.13438,,,,,,,,,,4268,,,5.707661483724454e-10,Information
132627,1229.0,4875.333336,CAF,Central African Republic,Mambéré-Kadéï,2.585619759,0.0,0.36,0.89,1229.0,1229.0,0.0,20.0,-9999.0,-9999.0,-9999.0,0.0,1.0,-999.9,-999.9,-999.9,-5997.4,0.0,0.0,0.0,0.0,0.0,0.0,0.0,0.0,0.0,0.0,0.0,-5997.4,0.12362,51.71239518,0.0,,7.875,0.162,4.062,0.083,0.0,0.0,0.0,0.0,0.04062,0.083,0.0,0.0,0.0,0.0,0.12362,,,,,,,,,,51383,,,1.202974833591861e-09,Information
132631,1232.0,8146.074129,CAF,Central African Republic,Ombella-M'Poko,4.067121237,0.0,0.36,0.89,1232.0,1232.0,0.0,20.0,-9999.0,-9999.0,-9999.0,0.0,1.0,-999.9,-999.9,-999.9,-5997.4,0.0,0.0,0.0,0.0,0.0,0.0,0.0,0.0,0.0,0.0,0.0,-5997.4,1.973501258873003,81.34242474000001,0.0,,9.875,0.121,4.688,0.058,0.188,0.002,0.062,0.001,0.04688,0.058,0.00282,0.003,0.00155,0.0025,0.11475,0.0,0.0,25.3125,0.3107325025351437,0.0,0.0,0.8859375,1.087563758873003,1.973501258873003,235839,,,0.0123378236672015,Information
132632,1233.0,26392.9673,CAF,Central African Republic,Ombella-M'Poko,3.887843363,0.0,0.36,0.89,1233.0,1233.0,0.0,15.0,-9999.0,-9999.0,-9999.0,0.0,1.0,-999.9,-999.9,-999.9,-5997.4,0.0,0.0,0.0,0.0,0.0,0.0,0.0,0.0,0.0,0.0,0.0,-5997.4,0.6854585550163155,77.75686726,0.0,,66.0,0.25,26.812,0.102,0.0,0.0,0.0,0.0,0.26812,0.102,0.0,0.0,0.0,0.0,0.37012,0.0,0.0,14.203125,0.053814051433233,0.0,0.0,0.497109375,0.1883491800163155,0.6854585550163155,371087,,,0.0002509872436478,Information
132634,1235.0,4856.5804,CAF,Central African Republic,Ombella-M'Poko,4.000255531,0.0,0.36,0.89,1235.0,1235.0,0.0,27.0,-9999.0,-9999.0,-9999.0,0.0,1.0,-999.9,-999.9,-999.9,-5997.4,0.0,0.0,0.0,0.0,0.0,0.0,0.0,0.0,0.0,0.0,0.0,-5997.4,-5997.4,80.00511062,0.0,,,,,,,,,,,,,,,,,,,,,,,,,,13598,,,,
132636,1237.0,13868.87908,CAF,Central African Republic,Kémo,4.028072283,0.0,0.36,0.89,1237.0,1237.0,0.0,24.0,-9999.0,-9999.0,-9999.0,0.0,1.0,-999.9,-999.9,-999.9,-5997.4,0.0,0.0,0.0,0.0,0.0,0.0,0.0,0.0,0.0,0.0,0.0,-5997.4,-5997.4,80.56144566,0.0,,,,,,,,,,,,,,,,,,,,,,,,,,144570,,,,
132641,1241.0,11053.73745,CAF,Central African Republic,Ouaka,4.000015506,0.0,0.36,0.89,1241.0,1241.0,0.0,26.0,-9999.0,-9999.0,-9999.0,0.0,1.0,-999.9,-999.9,-999.9,-5997.4,0.0,0.0,0.0,0.0,0.0,0.0,0.0,0.0,0.0,0.0,0.0,-5997.4,0.4406040609871103,80.00031012000001,0.0,,,,,,,,,,,,,,,,,0.0,0.0,6.609375,0.0597931245677458,0.0,0.0,0.231328125,0.2092759359871103,0.4406040609871103,179950,,,6.800179788373109e-05,Information
132643,1243.0,1960.219519,CAF,Central African Republic,Ouaka,4.040696637,0.0,0.36,0.89,1243.0,1243.0,0.0,30.0,-9999.0,-9999.0,-9999.0,0.0,1.0,-999.9,-999.9,-999.9,-5997.4,0.0,0.0,0.0,0.0,0.0,0.0,0.0,0.0,0.0,0.0,0.0,-5997.4,-5997.4,80.81393274,0.0,,,,,,,,,,,,,,,,,,,,,,,,,,13394,,,,
132650,1250.0,23856.05722,CAF,Central African Republic,Basse-Kotto,3.060291944,0.0,0.36,0.89,1250.0,1250.0,0.0,29.0,-9999.0,-9999.0,-9999.0,0.0,1.0,-999.9,-999.9,-999.9,-5997.4,0.0,0.0,0.0,0.0,0.0,0.0,0.0,0.0,0.0,0.0,0.0,-5997.4,2.3469701681844786,61.20583888,0.0,,9.625,0.04,8.188,0.034,0.062,0.0,0.0,0.0,0.08188,0.034,0.0009299999999999,0.0,0.0,0.0,0.11681,0.0,0.0,47.25,0.1980629051955653,0.0,0.0,1.65375,0.6932201681844785,2.3469701681844786,705027,,,0.0025147010175752,Information
132661,1251.0,11128.89798,CAF,Central African Republic,Mbomou,3.238282449,0.0,0.36,0.89,1251.0,1251.0,0.0,21.0,-9999.0,-9999.0,-9999.0,0.0,1.0,-999.9,-999.9,-999.9,-5997.4,0.0,0.0,0.0,0.0,0.0,0.0,0.0,0.0,0.0,0.0,0.0,-5997.4,0.7475586168796273,64.76564898000001,0.0,,,,,,,,,,,,,,,,,0.0,0.0,11.25,0.1010881762513221,0.0,0.0,0.39375,0.3538086168796274,0.7475586168796273,82928,,,5.83482653284732e-05,Information
132663,1253.0,3920.680718,CAF,Central African Republic,Haute-Kotto,3.74855332,0.0,0.36,0.89,1253.0,1253.0,0.0,15.0,-9999.0,-9999.0,-9999.0,0.0,1.0,-999.9,-999.9,-999.9,-5997.4,0.0,0.0,0.0,0.0,0.0,0.0,0.0,0.0,0.0,0.0,0.0,-5997.4,-5997.4,74.9710664,0.0,,,,,,,,,,,,,,,,,,,,,,,,,,69988,,,,
132664,1254.0,17902.76997,CAF,Central African Republic,Haute-Kotto,3.330125197,0.0,0.36,0.89,1254.0,1254.0,0.0,1.0,-9999.0,-9999.0,-9999.0,0.0,10.0,-999.9,-999.9,-999.9,-5979.4,0.0,0.0,0.0,0.0,0.0,0.0,0.0,0.0,0.0,0.0,0.0,-5979.4,-5979.4,66.60250394,0.0,,,,,,,,,,,,,,,,,,,,,,,,,,19400,,,,
132669,1259.0,20066.70791,CAF,Central African Republic,Haute-Kotto,4.00805811,0.0,0.36,0.89,1259.0,,,,,,,,,,,,,,,,,,,,,,,,,0.20838,80.1611622,0.0,,20.938,0.104,13.938,0.069,0.0,0.0,0.0,0.0,0.13938,0.069,0.0,0.0,0.0,0.0,0.20838,,,,,,,,,,14994,,,2.606431749582154e-06,Information
132670,1260.0,2895.417471,CAF,Central African Republic,Mbomou,2.388286832,0.0,0.36,0.89,1260.0,,,,,,,,,,,,,,,,,,,,,,,,,0.8768287614192908,47.76573664,0.0,,7.062,0.244,5.812,0.201,0.0,0.0,0.0,0.0,0.05812,0.201,0.0,0.0,0.0,0.0,0.25912,0.0,0.0,5.625,0.1942725032626545,0.0,0.0,0.196875,0.6799537614192908,0.8768287614192908,96080,,,2.1832207485212805e-05,Information
132681,1261.0,27.20539028,CAF,Central African Republic,Mbomou,3.875250119,0.0,0.36,0.89,1261.0,,,,,,,,,,,,,,,,,,,,,,,,,18.140762187461675,77.50500238,0.0,,0.375,1.378,0.375,1.378,0.0,0.0,0.0,0.0,0.00375,1.378,0.0,0.0,0.0,0.0,1.3817499999999998,0.0,0.0,1.40625,5.169012410703335,0.0,0.0,0.04921875,18.09154343746168,18.140762187461675,10216,,,0.4148323993541875,Advisory
132684,1264.0,24157.2377,CAF,Central African Republic,Mbomou,4.047222446,0.0,0.36,0.89,1264.0,1264.0,0.0,30.0,-9999.0,-9999.0,-9999.0,0.0,1.0,-999.9,-999.9,-999.9,-5997.4,0.0,0.0,0.0,0.0,0.0,0.0,0.0,0.0,0.0,0.0,0.0,-5997.4,0.1322268494235633,80.94444892,0.0,,,,,,,,,,,,,,,,,0.0,0.0,2.671875,0.0110603498353038,0.0,0.0,0.093515625,0.0387112244235633,0.1322268494235633,47470,,,3.337391972828017e-07,Information
132685,1265.0,7372.981122,CAF,Central African Republic,Mbomou,4.04115429,0.0,0.36,0.89,1265.0,,,,,,,,,,,,,,,,,,,,,,,,,2.2267067945618324,80.8230858,0.0,,5.688,0.077,5.688,0.077,0.25,0.003,0.0,0.0,0.05688,0.077,0.00375,0.0045,0.0,0.0,0.14213,0.0,0.0,27.0,0.3662019413033807,0.0,0.0,0.945,1.2817067945618323,2.2267067945618324,85515,,,0.0156521319187966,Information
132686,1266.0,53190.19035,CAF,Central African Republic,Haut-Mbomou,3.144362101,0.0,0.36,0.89,1266.0,1266.0,0.0,24.0,-9999.0,-9999.0,-9999.0,0.0,1.0,-999.9,-999.9,-999.9,-5997.4,0.0,0.0,0.0,0.0,0.0,0.0,0.0,0.0,0.0,0.0,0.0,-5997.4,0.1169442019595934,62.88724202,0.0,,10.688,0.02,9.812,0.018,0.0,0.0,0.0,0.0,0.09812,0.018,0.0,0.0,0.0,0.0,0.11612,0.0,0.0,2.8125,0.0052876291313124,0.0,0.0,0.0984375,0.0185067019595933,0.1169442019595934,13709,,,4.205219540969267e-09,Information
132688,1268.0,20155.78612,CAF,Central African Republic,Haut-Mbomou,4.015403116,0.0,0.36,0.89,1268.0,1268.0,0.0,1.0,-9999.0,-9999.0,-9999.0,0.0,10.0,-999.9,-999.9,-999.9,-5979.4,0.0,0.0,0.0,0.0,0.0,0.0,0.0,0.0,0.0,0.0,0.0,-5979.4,-5979.4,80.30806232,0.0,,,,,,,,,,,,,,,,,,,,,,,,,,4420,,,,
162824,3068.0,10598.71794,CAF,Central African Republic,Ouham-Pendé,2.917634813,0.0,0.36,0.89,3068.0,3068.0,0.0,1.0,-9999.0,-9999.0,-9999.0,0.0,10.0,-999.9,-999.9,-999.9,-5979.4,0.0,0.0,0.0,0.0,0.0,0.0,0.0,0.0,0.0,0.0,0.0,-5979.4,0.204,58.35269626,0.0,,20.0,0.189,10.5,0.099,0.0,0.0,0.0,0.0,0.105,0.099,0.0,0.0,0.0,0.0,0.204,,,,,,,,,,195547,,,5.220630253989367e-08,Information
162825,3069.0,12274.80443,CAF,Central African Republic,Ouham,3.864149867,0.0,0.36,0.89,3069.0,3069.0,0.0,30.0,-9999.0,-9999.0,-9999.0,0.0,1.0,-999.9,-999.9,-999.9,-5997.4,0.0,0.0,0.0,0.0,0.0,0.0,0.0,0.0,0.0,0.0,0.0,-5997.4,2.78438,77.28299734000001,0.0,,249.312,2.031,153.438,1.25,0.0,0.0,0.0,0.0,1.53438,1.25,0.0,0.0,0.0,0.0,2.78438,0.0,0.0,2.8125,0.0229127886792703,0.0,0.0,0.0984375,0.080194760377446,0.178632260377446,140645,,,0.0179045529714105,Information
162826,3070.0,12087.06818,CAF,Central African Republic,Ouham,4.01525422,0.0,0.36,0.89,3070.0,3070.0,0.0,1.0,-9999.0,-9999.0,-9999.0,0.0,10.0,-999.9,-999.9,-999.9,-5979.4,0.0,0.0,0.0,0.0,0.0,0.0,0.0,0.0,0.0,0.0,0.0,-5979.4,0.7911199999999999,80.3050844,0.0,,88.375,0.731,43.312,0.358,0.0,0.0,0.0,0.0,0.4331199999999999,0.358,0.0,0.0,0.0,0.0,0.7911199999999999,,,,,,,,,,81921,,,0.0006529816108813,Information
162827,3071.0,10789.26288,CAF,Central African Republic,Ouham,4.030952655,0.0,0.36,0.89,3071.0,3071.0,0.0,30.0,-9999.0,-9999.0,-9999.0,0.0,1.0,-999.9,-999.9,-999.9,-5997.4,0.0,0.0,0.0,0.0,0.0,0.0,0.0,0.0,0.0,0.0,0.0,-5997.4,0.76262,80.6190531,0.0,,48.312,0.448,39.562,0.367,0.0,0.0,0.0,0.0,0.3956199999999999,0.367,0.0,0.0,0.0,0.0,0.76262,0.0,0.0,5.34375,0.0495284066891633,0.0,0.0,0.18703125,0.1733494234120715,0.3603806734120716,165298,,,0.0006076049805636,Information
162828,3072.0,8125.382001,CAF,Central African Republic,Ouham-Pendé,2.040834514,0.0,0.36,0.89,3072.0,,,,,,,,,,,,,,,,,,,,,,,,,0.5160262782235144,40.81669028,0.0,,22.5,0.277,17.312,0.213,0.0,0.0,0.0,0.0,0.17312,0.213,0.0,0.0,0.0,0.0,0.38612,0.0,0.0,6.609375,0.0813423294924327,0.0,0.0,0.231328125,0.2846981532235144,0.5160262782235144,42462,,,1.0568548614923534e-06,Information
162829,3073.0,13609.63987,CAF,Central African Republic,Ouham-Pendé,3.193051024,0.0,0.36,0.89,3073.0,3073.0,0.0,30.0,-9999.0,-9999.0,-9999.0,0.0,1.0,-999.9,-999.9,-999.9,-5997.4,0.0,0.0,0.0,0.0,0.0,0.0,0.0,0.0,0.0,0.0,0.0,-5997.4,0.971,63.86102047999999,0.0,,124.312,0.913,56.0,0.411,0.0,0.0,0.0,0.0,0.56,0.411,0.0,0.0,0.0,0.0,0.971,,,,,,,,,,163213,,,0.0001491332977239,Information
162862,3078.0,11490.16244,CAF,Central African Republic,Bamingui-Bangoran,3.177131959,0.0,0.36,0.89,3078.0,3078.0,0.0,30.0,-9999.0,-9999.0,-9999.0,0.0,1.0,-999.9,-999.9,-999.9,-5997.4,0.0,0.0,0.0,0.0,0.0,0.0,0.0,0.0,0.0,0.0,0.0,-5997.4,-5997.4,63.54263918,0.0,,,,,,,,,,,,,,,,,,,,,,,,,,34474,,,,
162865,3081.0,4350.103479,CAF,Central African Republic,Ouham,3.079630689,0.0,0.36,0.89,3081.0,,,,,,,,,,,,,,,,,,,,,,,,,0.4205,61.59261378,0.0,,23.438,0.539,12.75,0.293,0.0,0.0,0.0,0.0,0.1275,0.293,0.0,0.0,0.0,0.0,0.4205,,,,,,,,,,73066,,,3.172409047310765e-06,Information
162866,3082.0,20593.4051,CAF,Central African Republic,Nana-Grébizi,4.053380776,0.0,0.36,0.89,3082.0,3082.0,0.0,29.0,-9999.0,-9999.0,-9999.0,0.0,1.0,-999.9,-999.9,-999.9,-5997.4,0.0,0.0,0.0,0.0,0.0,0.0,0.0,0.0,0.0,0.0,0.0,-5997.4,1.14812,81.06761552,0.0,,207.125,1.006,77.312,0.375,0.0,0.0,0.0,0.0,0.77312,0.375,0.0,0.0,0.0,0.0,1.14812,,,,,,,,,,217292,,,0.0025334613936692,Information
162868,3084.0,7166.315666,CAF,Central African Republic,Bamingui-Bangoran,2.310176619,0.0,0.36,0.89,3084.0,3084.0,0.0,27.0,-9999.0,-9999.0,-9999.0,0.0,1.0,-999.9,-999.9,-999.9,-5997.4,0.0,0.0,0.0,0.0,0.0,0.0,0.0,0.0,0.0,0.0,0.0,-5997.4,0.1886391029584523,46.20353238,0.0,,,,,,,,,,,,,,,,,0.0,0.0,2.25,0.0313968865595578,0.0,0.0,0.07875,0.1098891029584523,0.1886391029584523,2826,,,7.877721555328826e-09,Information
162869,3085.0,7826.292908,CAF,Central African Republic,Bamingui-Bangoran,2.320722737,0.0,0.36,0.89,3085.0,3085.0,0.0,30.0,-9999.0,-9999.0,-9999.0,0.0,1.0,-999.9,-999.9,-999.9,-5997.4,0.0,0.0,0.0,0.0,0.0,0.0,0.0,0.0,0.0,0.0,0.0,-5997.4,-5997.4,46.41445474,0.0,,,,,,,,,,,,,,,,,,,,,,,,,,5257,,,,
162894,3099.0,16574.53237,CAF,Central African Republic,Vakaga,3.91491483,0.0,0.36,0.89,3099.0,3099.0,0.0,30.0,-9999.0,-9999.0,-9999.0,0.0,1.0,-999.9,-999.9,-999.9,-5988.4,0.0,0.0,0.0,0.0,0.0,0.0,0.0,0.0,0.0,0.0,0.0,-5988.4,-5988.4,78.2982966,0.0,,,,,,,,,,,,,,,,,,,,,,,,,,14158,,,,
162896,3101.0,11029.55929,CAF,Central African Republic,Vakaga,3.235612864,0.0,0.36,0.89,3101.0,3101.0,0.0,30.0,-9999.0,-9999.0,-9999.0,0.0,1.0,-999.9,-999.9,-999.9,-5997.4,0.0,0.0,0.0,0.0,0.0,0.0,0.0,0.0,0.0,0.0,0.0,-5997.4,-5997.4,64.71225728,0.0,,,,,,,,,,,,,,,,,,,,,,,,,,7115,,,,
132467,1199.0,2687.491289,CMR,Cameroon,Est,2.334669922,0.0,0.42,0.81,1199.0,1199.0,0.0,29.0,-9999.0,-9999.0,-9999.0,0.0,1.0,-999.9,-999.9,-999.9,-5997.4,0.0,0.0,0.0,0.0,0.0,0.0,0.0,0.0,0.0,0.0,0.0,-5997.4,0.3950100934864805,46.69339844,0.0,,,,,,,,,,,,,,,,,0.0,0.0,2.390625,0.088953776710423,0.0,0.0,0.083671875,0.3113382184864804,0.3950100934864805,70041,,,4.673648842098497e-07,Information
132468,1200.0,10014.55321,CMR,Cameroon,Est,3.563401001,0.0,0.42,0.81,1200.0,,,,,,,,,,,,,,,,,,,,,,,,,0.1672221575167906,71.26802002,0.0,,7.062,0.071,5.125,0.051,0.0,0.0,0.0,0.0,0.05125,0.051,0.0,0.0,0.0,0.0,0.10225,0.0,0.0,2.390625,0.0238715092905116,0.0,0.0,0.083671875,0.0835502825167906,0.1672221575167906,252983,,,1.3273614331117486e-07,Information
132469,1201.0,10241.62921,CMR,Cameroon,Est,1.179106663,0.0,0.42,0.81,1201.0,1201.0,0.0,29.0,-9999.0,-9999.0,-9999.0,0.0,1.0,-999.9,-999.9,-999.9,-5997.4,0.0,0.0,0.0,0.0,0.0,0.0,0.0,0.0,0.0,0.0,0.0,-5997.4,0.5252919630612,23.58213326,0.0,,,,,,,,,,,,,,,,,0.0,0.0,7.59375,0.0741459180174857,0.0,0.0,0.26578125,0.2595107130611999,0.5252919630612,152027,,,3.1789249194012386e-07,Information
132480,1203.0,27401.49034,CMR,Cameroon,Est,3.378434621,0.0,0.42,0.81,1203.0,1203.0,0.0,30.0,-9999.0,-9999.0,-9999.0,0.0,1.0,-999.9,-999.9,-999.9,-5997.4,0.0,0.0,0.0,0.0,0.0,0.0,0.0,0.0,0.0,0.0,0.0,-5997.4,0.241850953639205,67.56869241999999,0.0,,,,,,,,,,,,,,,,,0.0,0.0,5.0625,0.0184752724683443,0.0,0.0,0.1771875,0.064663453639205,0.241850953639205,111313,,,4.827130153061156e-07,Information
132494,1207.0,2279.480645,CMR,Cameroon,Est,4.050665449,0.0,0.42,0.81,1207.0,,,,,,,,,,,,,,,,,,,,,,,,,0.15838,81.01330898,0.0,,2.938,0.129,2.938,0.129,0.0,0.0,0.0,0.0,0.02938,0.129,0.0,0.0,0.0,0.0,0.15838,,,,,,,,,,5348,,,8.485902010205313e-07,Information
132495,1208.0,13465.37128,CMR,Cameroon,Est,2.258152521,0.0,0.42,0.81,1208.0,1208.0,0.0,27.0,-9999.0,-9999.0,-9999.0,0.0,1.0,-999.9,-999.9,-999.9,-5997.4,0.0,0.0,0.0,0.0,0.0,0.0,0.0,0.0,0.0,0.0,0.0,-5997.4,0.4202771295607717,45.16305042,0.0,,5.875,0.044,0.562,0.004,4.375,0.032,0.0,0.0,0.00562,0.004,0.065625,0.048,0.0,0.0,0.123245,0.0,0.0,6.890625,0.0511729298745062,0.0,0.0,0.241171875,0.1791052545607717,0.4202771295607717,50733,,,5.545978874681217e-07,Information
132499,1212.0,6900.946306,CMR,Cameroon,Est,3.234033851,0.0,0.42,0.81,1212.0,1212.0,0.0,24.0,-9999.0,-9999.0,-9999.0,0.0,1.0,-999.9,-999.9,-999.9,-5997.4,0.0,0.0,0.0,0.0,0.0,0.0,0.0,0.0,0.0,0.0,0.0,-5997.4,0.7955672357633374,64.68067702,0.0,,,,,,,,,,,,,,,,,0.0,0.0,9.28125,0.1344924245038107,0.0,0.0,0.32484375,0.4707234857633374,0.7955672357633374,35482,,,7.43800760456431e-05,Information
133570,1482.0,9990.39121,CMR,Cameroon,Sud,4.036301552,2.037546808,0.42,0.81,1482.0,1482.0,0.0,7.0,3.0,-9999.0,-9999.0,0.0,4.0,0.3,-999.9,-999.9,-3991.0,0.0,0.0,0.0,0.0,0.0,0.0,0.0,0.0,0.0,0.0,0.0,-3991.0,0.229328981655187,80.72603104000001,40.75093616,,,,,,,,,,,,,,,,,1.40625,0.0140760253564646,2.671875,0.0267444481772829,0.02109375,0.0211140380346969,0.093515625,0.0936055686204901,0.229328981655187,321266,,,4.682179245643469e-06,Information
133580,1483.0,27949.42486,CMR,Cameroon,Centre,2.047558232,0.0,0.42,0.81,1483.0,1483.0,0.0,6.0,-9999.0,-9999.0,-9999.0,0.0,5.0,-999.9,-999.9,-999.9,-5993.4,0.0,0.0,0.0,0.0,0.0,0.0,0.0,0.0,0.0,0.0,0.0,-5993.4,0.5814095423529985,40.95116464,0.0,,,,,,,,,,,,,,,,,0.0,0.0,12.234375,0.0437732621008567,0.0,0.0,0.428203125,0.1532064173529984,0.5814095423529985,4945587,,,1.9125627409062444e-06,Information
133610,1485.0,10782.54257,CMR,Cameroon,Littoral,1.039082422,0.0,0.42,0.81,1485.0,1485.0,0.0,30.0,-9999.0,-9999.0,-9999.0,0.0,1.0,-999.9,-999.9,-999.9,-5997.4,0.0,0.0,0.0,0.0,0.0,0.0,0.0,0.0,0.0,0.0,0.0,-5997.4,0.7778967006098032,20.78164844,0.0,,,,,,,,,,,,,,,,,0.0,0.0,11.53125,0.1069437001742295,0.0,0.0,0.40359375,0.3743029506098032,0.7778967006098032,352829,,,1.887781316310632e-06,Information
133621,1486.0,359.740408,CMR,Cameroon,Centre,3.43857935,0.0,0.42,0.81,1486.0,1486.0,0.0,30.0,-9999.0,-9999.0,-9999.0,0.0,1.0,-999.9,-999.9,-999.9,-5997.4,0.0,0.0,0.0,0.0,0.0,0.0,0.0,0.0,0.0,0.0,0.0,-5997.4,3.664972876459958,68.771587,0.0,,,,,,,,,,,,,,,,,0.28125,0.078181375722872,3.515625,0.9772671965359,0.00421875,0.117272063584308,0.123046875,3.42043518787565,3.664972876459958,32097,,,0.0160763361611478,Information
133628,1493.0,3994.73118,CMR,Cameroon,Adamaoua,2.191315805,0.0,0.42,0.81,1493.0,1493.0,0.0,1.0,-9999.0,-9999.0,-9999.0,0.0,10.0,-999.9,-999.9,-999.9,-5979.4,0.0,0.0,0.0,0.0,0.0,0.0,0.0,0.0,0.0,0.0,0.0,-5979.4,0.7414400419237505,43.8263161,0.0,,,,,,,,,,,,,,,,,0.0,0.0,6.046875,0.1513712619782144,0.0,0.0,0.211640625,0.5297994169237504,0.7414400419237505,219705,,,7.5368249963301455e-06,Information
133629,1494.0,7374.033693,CMR,Cameroon,Adamaoua,2.708081511,0.0,0.42,0.81,1494.0,,,,,,,,,,,,,,,,,,,,,,,,,0.22238,54.16163022,0.0,,9.438,0.128,9.438,0.128,0.0,0.0,0.0,0.0,0.09438,0.128,0.0,0.0,0.0,0.0,0.22238,,,,,,,,,,246308,,,4.95165541277468e-08,Information
133630,1495.0,28842.56771,CMR,Cameroon,Centre,1.400627909,0.0,0.42,0.81,1495.0,1495.0,0.0,30.0,-9999.0,-9999.0,-9999.0,0.0,1.0,-999.9,-999.9,-999.9,-5997.4,0.0,0.0,0.0,0.0,0.0,0.0,0.0,0.0,0.0,0.0,0.0,-5997.4,1.105985398118211,28.01255818,0.0,,10.0,0.035,8.625,0.03,0.0,0.0,0.0,0.0,0.08625,0.03,0.0,0.0,0.0,0.0,0.1162499999999999,0.28125,0.0009751212264322,23.34375,0.0809350617938751,0.00421875,0.0014626818396483,0.81703125,0.2832727162785628,1.105985398118211,665945,,,1.4849968111825863e-05,Information
133640,1496.0,20313.67948,CMR,Cameroon,Adamaoua,2.169503532,0.0,0.42,0.81,1496.0,1496.0,0.0,30.0,-9999.0,-9999.0,-9999.0,0.0,1.0,-999.9,-999.9,-999.9,-5997.4,0.0,0.0,0.0,0.0,0.0,0.0,0.0,0.0,0.0,0.0,0.0,-5997.4,7.535776323364896,43.39007064,0.0,,43.938,0.216,25.75,0.127,0.0,0.0,0.0,0.0,0.2575,0.127,0.0,0.0,0.0,0.0,0.3845,0.0,0.0,144.28125,0.7102664495328275,0.0,0.0,5.04984375,2.485932573364896,7.535776323364896,304129,,,0.0218726816123082,Information
133650,1497.0,10258.41096,CMR,Cameroon,Centre,2.973776978,0.0,0.42,0.81,1497.0,1497.0,0.0,30.0,-9999.0,-9999.0,-9999.0,0.0,1.0,-999.9,-999.9,-999.9,-5997.4,0.0,0.0,0.0,0.0,0.0,0.0,0.0,0.0,0.0,0.0,0.0,-5997.4,0.43338,59.47553956,0.0,,37.125,0.362,21.938,0.214,0.0,0.0,0.0,0.0,0.21938,0.214,0.0,0.0,0.0,0.0,0.43338,0.0,0.0,2.390625,0.0233040478597375,0.0,0.0,0.083671875,0.0815641675090812,0.1652360425090812,31188,,,2.838892623193489e-06,Information
133660,1498.0,8004.12971,CMR,Cameroon,Adamaoua,1.302142016,0.0,0.42,0.81,1498.0,,,,,,,,,,,,,,,,,,,,,,,,,1.17062,26.04284032,0.0,,66.562,0.832,52.062,0.65,0.0,0.0,0.0,0.0,0.52062,0.65,0.0,0.0,0.0,0.0,1.17062,,,,,,,,,,190594,,,1.6920200563468357e-05,Information
133706,1507.0,4243.178029,CMR,Cameroon,Sud-Ouest,2.330489749,0.0,0.42,0.81,1507.0,1507.0,0.0,21.0,2.0,2.0,2.0,0.0,1.0,0.2,0.2,0.2,3.2,0.0,0.0,0.0,0.0,0.0,0.0,0.0,0.0,0.0,0.0,0.0,3.2,3.2,46.60979498,0.0,,6.375,0.15,6.062,0.143,0.0,0.0,0.0,0.0,0.06062,0.143,0.0,0.0,0.0,0.0,0.20362,,,,,,,,,,651253,,,0.0024428375373839,Information
133707,1508.0,7857.761626,CMR,Cameroon,Sud-Ouest,4.027255466,3.884256079,0.42,0.81,1508.0,,,,,,,,,,,,,,,,,,,,,,,,,6.054598049956057,80.54510932,77.68512158,,25.625,0.326,21.438,0.273,0.125,0.002,0.0,0.0,0.21438,0.273,0.001875,0.003,0.0,0.0,0.492255,10.265625,0.1306431206238016,71.71875,0.9127122125772444,0.153984375,0.1959646809357024,2.51015625,3.1944927440203554,6.054598049956057,915454,,,0.1215485563194725,Information
142284,1548.0,27661.33594,CMR,Cameroon,Nord,1.296375582,0.0,0.42,0.81,1548.0,1548.0,0.0,30.0,-9999.0,-9999.0,-9999.0,0.0,1.0,-999.9,-999.9,-999.9,-5997.4,0.0,0.0,0.0,0.0,0.0,0.0,0.0,0.0,0.0,0.0,0.0,-5997.4,3.370708026673325,25.92751164,0.0,,,,,,,,,,,,,,,,,0.0,0.0,70.734375,0.2557156861923786,0.0,0.0,2.475703125,0.8950049016733251,3.370708026673325,397643,,,0.0010010474635453,Information
142285,1549.0,7632.136406,CMR,Cameroon,Nord,3.630636095,0.0,0.42,0.81,1549.0,,,,,,,,,,,,,,,,,,,,,,,,,0.7845822593259408,72.6127219,0.0,,19.25,0.252,4.875,0.064,0.0,0.0,0.0,0.0,0.04875,0.064,0.0,0.0,0.0,0.0,0.11275,0.0,0.0,9.703125,0.1271351098074117,0.0,0.0,0.339609375,0.4449728843259409,0.7845822593259408,1083227,,,0.0001906622332362,Information
142286,1550.0,31901.39001,CMR,Cameroon,Nord,2.181483351,0.0,0.42,0.81,1550.0,1550.0,0.0,30.0,-9999.0,-9999.0,-9999.0,0.0,1.0,-999.9,-999.9,-999.9,-5997.4,0.0,0.0,0.0,0.0,0.0,0.0,0.0,0.0,0.0,0.0,0.0,-5997.4,0.640006814290186,43.62966702,0.0,,,,,,,,,,,,,,,,,0.0,0.0,13.921875,0.043640339797196,0.0,0.0,0.487265625,0.1527411892901859,0.640006814290186,1010432,,,3.7634100035951086e-06,Information
142287,1551.0,4616.64489,CMR,Cameroon,Nord,2.778341874,0.0,0.42,0.81,1551.0,1551.0,0.0,30.0,2.0,-9999.0,-9999.0,0.0,1.0,0.2,-999.9,-999.9,-3997.2,0.0,0.0,0.0,0.0,0.0,0.0,0.0,0.0,0.0,0.0,0.0,-3997.2,-3997.2,55.56683748,0.0,,,,,,,,,,,,,,,,,,,,,,,,,,520834,,,,
142288,1552.0,5815.471333,CMR,Cameroon,Nord,1.384806349,0.0,0.42,0.81,1552.0,,,,,,,,,,,,,,,,,,,,,,,,,0.15162,27.69612698,0.0,,6.312,0.109,5.562,0.096,0.0,0.0,0.0,0.0,0.05562,0.096,0.0,0.0,0.0,0.0,0.15162,,,,,,,,,,1077349,,,3.4742698632198865e-10,Information
142716,1709.0,15662.71549,CMR,Cameroon,Est,3.095291577,0.0,0.42,0.81,1709.0,1709.0,0.0,30.0,-9999.0,-9999.0,-9999.0,0.0,1.0,-999.9,-999.9,-999.9,-5997.4,0.0,0.0,0.0,0.0,0.0,0.0,0.0,0.0,0.0,0.0,0.0,-5997.4,-5997.4,61.90583154,0.0,,,,,,,,,,,,,,,,,,,,,,,,,,536038,,,,
142722,1714.0,12540.84015,CMR,Cameroon,Est,2.085623936,0.0,0.42,0.81,1714.0,1714.0,0.0,30.0,3.0,2.0,2.0,0.0,1.0,0.3,0.2,0.2,3.4,0.0,0.0,0.0,0.0,0.0,0.0,0.0,0.0,0.0,0.0,0.0,3.4,3.4,41.71247872000001,0.0,,,,,,,,,,,,,,,,,,,,,,,,,,876233,,,0.0022442999352158,Information
142725,1717.0,5223.535485,CMR,Cameroon,Est,4.003877336,0.0,0.42,0.81,1717.0,1717.0,0.0,30.0,3.0,-9999.0,-9999.0,0.0,1.0,0.3,-999.9,-999.9,-3997.0,0.0,0.0,0.0,0.0,0.0,0.0,0.0,0.0,0.0,0.0,0.0,-3997.0,-3997.0,80.07754672000002,0.0,,,,,,,,,,,,,,,,,,,,,,,,,,254694,,,,
144207,1858.0,10758.76974,CMR,Cameroon,Est,3.691215144,0.0,0.42,0.81,1858.0,1858.0,0.0,30.0,-9999.0,-9999.0,-9999.0,0.0,1.0,-999.9,-999.9,-999.9,-5997.4,0.0,0.0,0.0,0.0,0.0,0.0,0.0,0.0,0.0,0.0,0.0,-5997.4,-5997.4,73.82430288,0.0,,,,,,,,,,,,,,,,,,,,,,,,,,267245,,,,
162603,3048.0,10004.46036,CMR,Cameroon,Extrême-Nord,4.238579282,0.0,0.42,0.81,3048.0,3048.0,0.0,30.0,-9999.0,-9999.0,-9999.0,0.0,1.0,-999.9,-999.9,-999.9,-5997.4,0.0,0.0,0.0,0.0,0.0,0.0,0.0,0.0,0.0,0.0,0.0,-5997.4,0.1673064459370636,84.77158564,0.0,,,,,,,,,,,,,,,,,0.0,0.0,2.390625,0.0238955916963039,0.0,0.0,0.083671875,0.0836345709370636,0.1673064459370636,985986,,,3.2247492295462414e-06,Information
162608,3053.0,8096.541933,CMR,Cameroon,Nord,1.388019737,0.0,0.42,0.81,3053.0,3053.0,0.0,30.0,-9999.0,-9999.0,-9999.0,0.0,1.0,-999.9,-999.9,-999.9,-5997.4,0.0,0.0,0.0,0.0,0.0,0.0,0.0,0.0,0.0,0.0,0.0,-5997.4,-5997.4,27.76039474,0.0,,,,,,,,,,,,,,,,,,,,,,,,,,201271,,,,
162609,3054.0,13327.45721,CMR,Cameroon,Nord,1.373523865,0.0,0.42,0.81,3054.0,,,,,,,,,,,,,,,,,,,,,,,,,0.19075,27.4704773,0.0,,14.938,0.112,10.875,0.082,0.0,0.0,0.0,0.0,0.10875,0.082,0.0,0.0,0.0,0.0,0.19075,,,,,,,,,,406758,,,1.4182996280989284e-09,Information
132869,1357.0,4966.155462,RWA,Rwanda,Iburengerazuba,2.855386577,0.0,0.45,0.76,1357.0,1357.0,0.0,1.0,-9999.0,-9999.0,-9999.0,0.0,10.0,-999.9,-999.9,-999.9,-5979.4,0.0,0.0,0.0,0.0,0.0,0.0,0.0,0.0,0.0,0.0,0.0,-5979.4,8.1283253708451,57.10773154,0.0,,28.875,0.581,23.438,0.472,6.0,0.121,0.562,0.011,0.2343799999999999,0.472,0.09,0.1815,0.01405,0.0274999999999999,1.01943,0.0,0.0,77.0625,1.5517536773843148,0.0,0.0,2.6971875,5.4311378708451015,8.1283253708451,2911306,,,0.048122531501474,Information
172995,3488.0,6712.10161,RWA,Rwanda,Iburasirazuba,3.060039293,0.0,0.45,0.76,3488.0,,,,,,,,,,,,,,,,,,,,,,,,,11.666486244822316,61.20078586,0.0,,7.062,0.105,7.062,0.105,12.5,0.186,2.25,0.034,0.07062,0.105,0.1875,0.279,0.05625,0.085,0.78337,0.0,0.0,133.875,1.994531784234948,0.0,0.0,4.685625,6.980861244822317,11.666486244822316,1281142,,,0.1147438275996606,Information
172997,3490.0,4565.790227,RWA,Rwanda,Iburasirazuba,1.976715389,0.0,0.45,0.76,3490.0,3490.0,0.0,1.0,-9999.0,-9999.0,-9999.0,0.0,10.0,-999.9,-999.9,-999.9,-5979.4,0.0,0.0,0.0,0.0,0.0,0.0,0.0,0.0,0.0,0.0,0.0,-5979.4,7.442640097206088,39.53430778,0.0,,3.688,0.081,3.562,0.078,0.312,0.007,0.0,0.0,0.03562,0.078,0.00468,0.0105,0.0,0.0,0.1288,0.0,0.0,66.65625,1.4599060992017396,0.0,0.0,2.33296875,5.109671347206088,7.442640097206088,2668993,,,0.0180921423403409,Information
172998,3491.0,5417.980343,RWA,Rwanda,Amajyepfo,2.005314401,0.0,0.45,0.76,3491.0,3491.0,0.0,1.0,-9999.0,-9999.0,-9999.0,0.0,10.0,-999.9,-999.9,-999.9,-5979.4,0.0,0.0,0.0,0.0,0.0,0.0,0.0,0.0,0.0,0.0,0.0,-5979.4,2.4650930100954,40.10628802,0.0,,,,,,,,,,,,,,,,,0.0,0.0,24.75,0.4568122885986856,0.0,0.0,0.86625,1.5988430100953996,2.4650930100954,2824507,,,0.0007105226344959,Information
172999,3492.0,8545.858024,RWA,Rwanda,Amajyepfo,4.085522358,0.0,0.45,0.76,3492.0,3492.0,0.0,1.0,-9999.0,-9999.0,-9999.0,0.0,10.0,-999.9,-999.9,-999.9,-5979.4,0.0,0.0,0.0,0.0,0.0,0.0,0.0,0.0,0.0,0.0,0.0,-5979.4,0.7797308138494004,81.71044716,0.0,,,,,,,,,,,,,,,,,0.0,0.0,10.265625,0.1201239825284001,0.0,0.0,0.359296875,0.4204339388494004,0.7797308138494004,5780766,,,0.0008021150378983,Information
133301,1428.0,9232.202516,GAB,Gabon,Nyanga,2.411866509,0.0,0.57,0.6,1428.0,,,,,,,,,,,,,,,,,,,,,,,,,3.5255942649453216,48.23733018,0.0,,9.875,0.107,9.812,0.106,0.062,0.001,0.0,0.0,0.09812,0.106,0.0009299999999999,0.0015,0.0,0.0,0.2065499999999999,12.09375,0.1309952850314064,43.171875,0.4676227035423464,0.18140625,0.1964929275471096,1.511015625,1.6366794623982124,3.5255942649453216,17556,,,0.0036089484071164,Information
133410,1436.0,10677.48422,GAB,Gabon,Moyen-Ogooué,4.005068893,0.0,0.57,0.6,1436.0,1436.0,0.0,1.0,-9999.0,-9999.0,-9999.0,0.0,10.0,-999.9,-999.9,-999.9,-5979.4,0.0,0.0,0.0,0.0,0.0,0.0,0.0,0.0,0.0,0.0,0.0,-5979.4,8.214755180013398,80.10137786,0.0,,,,,,,,,,,,,,,,,18.0,0.1685790363141769,113.484375,1.0628381430120375,0.27,0.2528685544712653,3.971953125,3.719933500542132,8.214755180013398,76385,,,0.188154226669347,Information
133423,1439.0,2151.577402,GAB,Gabon,Ngounié,4.024287773,0.0,0.57,0.6,1439.0,1439.0,0.0,1.0,-9999.0,-9999.0,-9999.0,0.0,10.0,-999.9,-999.9,-999.9,-5979.4,0.0,0.0,0.0,0.0,0.0,0.0,0.0,0.0,0.0,0.0,0.0,-5979.4,-5979.4,80.48575546000001,0.0,,,,,,,,,,,,,,,,,,,,,,,,,,9912,,,,
133473,1460.0,3309.344909,GAB,Gabon,Ogooué-Ivindo,1.319159244,0.0,0.57,0.6,1460.0,1460.0,0.0,8.0,-9999.0,-9999.0,-9999.0,0.0,3.0,-999.9,-999.9,-999.9,-5993.4,0.0,0.0,0.0,0.0,0.0,0.0,0.0,0.0,0.0,0.0,0.0,-5993.4,-5993.4,26.38318488,0.0,,,,,,,,,,,,,,,,,,,,,,,,,,14661,,,,
133477,1464.0,2822.057133,GAB,Gabon,Ogooué-Ivindo,3.761122877,0.0,0.57,0.6,1464.0,1464.0,0.0,8.0,-9999.0,-9999.0,-9999.0,0.0,3.0,-999.9,-999.9,-999.9,-5993.4,0.0,0.0,0.0,0.0,0.0,0.0,0.0,0.0,0.0,0.0,0.0,-5993.4,-5993.4,75.22245754,0.0,,,,,,,,,,,,,,,,,,,,,,,,,,8831,,,,
133530,1470.0,1962.619685,GNQ,Equatorial Guinea,Litoral,1.952131711,0.0,0.47,0.74,1470.0,,,,,,,,,,,,,,,,,,,,,,,,,5.078565236184162,39.04263422,0.0,,4.875,0.248,4.875,0.248,0.688,0.035,0.0,0.0,0.04875,0.248,0.01032,0.0525,0.0,0.0,0.35957,12.234375,0.623369626452358,18.5625,0.94580219185875,0.183515625,0.9350544396785372,0.6496875,3.310307671505625,5.078565236184162,48302,,,0.0064749172228495,Information
142100,1521.0,29527.29196,NGA,Nigeria,Kogi,2.56436148,0.024374788,0.39,0.85,1521.0,1521.0,0.0,30.0,-9999.0,-9999.0,-9999.0,0.0,1.0,-999.9,-999.9,-999.9,-5997.4,0.0,0.0,0.0,0.0,0.0,0.0,0.0,0.0,0.0,0.0,0.0,-5997.4,1.099382515884245,51.2872296,0.48749576,,,,,,,,,,,,,,,,,0.28125,0.0009525086160419,23.34375,0.0790582151314806,0.00421875,0.0014287629240628,0.81703125,0.2767037529601821,1.099382515884245,10517155,,,7.496283095432853e-05,Information
142211,1522.0,3773.347487,NGA,Nigeria,Kogi,2.66394939,0.0,0.39,0.85,1522.0,1522.0,0.0,26.0,2.0,-9999.0,-9999.0,0.0,1.0,0.2,-999.9,-999.9,-3997.2,0.0,0.0,0.0,0.0,0.0,0.0,0.0,0.0,0.0,0.0,0.0,-3997.2,-3997.2,53.2789878,0.0,,,,,,,,,,,,,,,,,,,,,,,,,,335014,,,,
142217,1528.0,3013.758269,NGA,Nigeria,Benue,1.601864722,0.0,0.39,0.85,1528.0,1528.0,0.0,29.0,2.0,-9999.0,-9999.0,0.0,1.0,0.2,-999.9,-999.9,-3997.2,0.0,0.0,0.0,0.0,0.0,0.0,0.0,0.0,0.0,0.0,0.0,-3997.2,-3997.2,32.03729444,0.0,,,,,,,,,,,,,,,,,,,,,,,,,,732081,,,,
142220,1531.0,23112.33178,NGA,Nigeria,Taraba,1.65312817,0.0,0.39,0.85,1531.0,1531.0,0.0,22.0,2.0,2.0,-9999.0,0.0,1.0,0.2,0.2,-999.9,-996.9,0.0,0.0,0.0,0.0,0.0,0.0,0.0,0.0,0.0,0.0,0.0,-996.9,3.5539156674958545,33.0625634,0.0,,,,,,,,,,,,,,,,,0.0,0.0,70.875,0.3066544764273871,0.0,0.0,2.480625,1.0732906674958549,3.5539156674958545,3254366,,,0.0016639349496794,Information
142230,1532.0,24360.38712,NGA,Nigeria,Plateau,1.8452983,0.0,0.39,0.85,1532.0,1532.0,0.0,30.0,-9999.0,-9999.0,-9999.0,0.0,1.0,-999.9,-999.9,-999.9,-5997.4,0.0,0.0,0.0,0.0,0.0,0.0,0.0,0.0,0.0,0.0,0.0,-5997.4,1.8813679151269096,36.905966,0.0,,,,,,,,,,,,,,,,,0.0,0.0,38.109375,0.1564399400362599,0.0,0.0,1.333828125,0.5475397901269097,1.8813679151269096,2812655,,,0.0002218498725897,Information
142283,1547.0,10153.96124,NGA,Nigeria,Adamawa,2.245273203,0.0,0.39,0.85,1547.0,1547.0,0.0,30.0,-9999.0,-9999.0,-9999.0,0.0,1.0,-999.9,-999.9,-999.9,-5997.4,0.0,0.0,0.0,0.0,0.0,0.0,0.0,0.0,0.0,0.0,0.0,-5997.4,0.9866812408513372,44.90546406,0.0,,,,,,,,,,,,,,,,,0.0,0.0,14.203125,0.1398776759575249,0.0,0.0,0.497109375,0.4895718658513371,0.9866812408513372,1613889,,,2.8796866186579605e-05,Information
142291,1554.0,2119.636581,NGA,Nigeria,Adamawa,2.92386276,0.0,0.39,0.85,1554.0,,,,,,,,,,,,,,,,,,,,,,,,,3.630349868700101,58.4772552,0.0,,30.375,1.433,30.375,1.433,0.0,0.0,0.0,0.0,0.30375,1.433,0.0,0.0,0.0,0.0,1.73675,0.0,0.0,18.140625,0.8558365696286003,0.0,0.0,0.634921875,2.995427993700101,3.630349868700101,446639,,,0.0074066353837197,Information
142292,1555.0,11582.4244,NGA,Nigeria,Borno,2.041270007,0.0,0.39,0.85,1555.0,,,,,,,,,,,,,,,,,,,,,,,,,0.2384540384023157,40.82540014,0.0,,8.875,0.077,8.312,0.072,0.0,0.0,0.0,0.0,0.08312,0.072,0.0,0.0,0.0,0.0,0.1551199999999999,0.0,0.0,3.65625,0.0315672252578045,0.0,0.0,0.12796875,0.1104852884023157,0.2384540384023157,995486,,,1.7531342973755306e-08,Information
142293,1556.0,679.9310864,NGA,Nigeria,Gombe,2.630904925,0.0,0.39,0.85,1556.0,,,,,,,,,,,,,,,,,,,,,,,,,0.2745,52.6180985,0.0,,3.75,0.552,1.75,0.257,0.0,0.0,0.0,0.0,0.0175,0.257,0.0,0.0,0.0,0.0,0.2745,,,,,,,,,,145124,,,1.2951995939872381e-07,Information
142295,1558.0,11515.13977,NGA,Nigeria,Gombe,0.595007828,0.0,0.39,0.85,1558.0,,,,,,,,,,,,,,,,,,,,,,,,,0.18025,11.90015656,0.0,,14.0,0.122,9.625,0.084,0.0,0.0,0.0,0.0,0.09625,0.084,0.0,0.0,0.0,0.0,0.18025,,,,,,,,,,2368894,,,2.972516629034647e-10,Information
142330,1565.0,20873.33823,NGA,Nigeria,Kwara,1.596256406,0.0,0.39,0.85,1565.0,1565.0,0.0,24.0,-9999.0,-9999.0,-9999.0,0.0,1.0,-999.9,-999.9,-999.9,-5997.4,0.0,0.0,0.0,0.0,0.0,0.0,0.0,0.0,0.0,0.0,0.0,-5997.4,0.2859939947447988,31.92512812,0.0,,,,,,,,,,,,,,,,,2.390625,0.0114530075320842,4.5,0.021558602413335,0.035859375,0.0171795112981263,0.1575,0.0754551084466725,0.2859939947447988,3078815,,,2.2199989486855192e-08,Information
142341,1566.0,5502.639733,NGA,Nigeria,Niger,2.043801553,0.0,0.39,0.85,1566.0,1566.0,0.0,30.0,-9999.0,-9999.0,-9999.0,0.0,1.0,-999.9,-999.9,-999.9,-5997.4,0.0,0.0,0.0,0.0,0.0,0.0,0.0,0.0,0.0,0.0,0.0,-5997.4,0.5685242727169488,40.87603106,0.0,,,,,,,,,,,,,,,,,0.0,0.0,5.765625,0.1047792564905568,0.0,0.0,0.201796875,0.3667273977169488,0.5685242727169488,356518,,,1.7057631814063666e-06,Information
142350,1575.0,26050.54716,NGA,Nigeria,Kwara,1.113741138,0.0,0.39,0.85,1575.0,1575.0,0.0,30.0,-9999.0,-9999.0,-9999.0,0.0,1.0,-999.9,-999.9,-999.9,-5997.4,0.0,0.0,0.0,0.0,0.0,0.0,0.0,0.0,0.0,0.0,0.0,-5997.4,1.0849317486808976,22.27482276,0.0,,,,,,,,,,,,,,,,,0.421875,0.0016194477507492,22.21875,0.0852909148727925,0.006328125,0.0024291716261238,0.77765625,0.2985182020547737,1.0849317486808976,4379504,,,9.701068304363871e-06,Information
142399,1587.0,2333.604219,NGA,Nigeria,Kebbi,2.459664186,0.0,0.39,0.85,1587.0,1587.0,0.0,30.0,-9999.0,-9999.0,-9999.0,0.0,1.0,-999.9,-999.9,-999.9,-5997.4,0.0,0.0,0.0,0.0,0.0,0.0,0.0,0.0,0.0,0.0,0.0,-5997.4,-5997.4,49.19328372,0.0,,,,,,,,,,,,,,,,,,,,,,,,,,178613,,,,
142410,1588.0,13069.66239,NGA,Nigeria,Kebbi,3.076272376,0.0,0.39,0.85,1588.0,1588.0,0.0,30.0,-9999.0,-9999.0,-9999.0,0.0,1.0,-999.9,-999.9,-999.9,-5997.4,0.0,0.0,0.0,0.0,0.0,0.0,0.0,0.0,0.0,0.0,0.0,-5997.4,-5997.4,61.52544752,0.0,,,,,,,,,,,,,,,,,,,,,,,,,,1246788,,,,
142450,1592.0,6625.120286,NGA,Nigeria,Sokoto,2.342458541,0.0,0.39,0.85,1592.0,1592.0,0.0,30.0,7.0,3.0,-9999.0,0.0,1.0,0.7,0.3,-999.9,-1995.8,0.0,0.0,0.0,0.0,0.0,0.0,0.0,0.0,0.0,0.0,0.0,-1995.8,-1995.8,46.84917082,0.0,,,,,,,,,,,,,,,,,,,,,,,,,,1771673,,,,
143030,1820.0,10969.38782,NGA,Nigeria,Ondo,4.00318292,2.086231058,0.39,0.85,1820.0,,,,,,,,,,,,,,,,,,,,,,,,,1.9933201254933264,80.06365840000001,41.72462116,,46.125,0.42,35.375,0.322,1.875,0.017,0.0,0.0,0.35375,0.322,0.028125,0.0255,0.0,0.0,0.729375,6.1875,0.0564069764284643,27.140625,0.247421510243037,0.0928125,0.0846104646426964,0.949921875,0.8659752858506294,1.9933201254933264,3623149,,,0.0106466642268908,Information
143050,1830.0,213.6379946,NGA,Nigeria,Lagos,0.409617705,0.0,0.39,0.85,1830.0,,,,,,,,,,,,,,,,,,,,,,,,,27.73246392655166,8.1923541,0.0,,2.0,0.936,1.812,0.848,0.125,0.059,0.0,0.0,0.01812,0.848,0.001875,0.0885,0.0,0.0,0.956495,8.15625,3.817790003612112,13.078125,6.121628798895283,0.12234375,5.726685005418168,0.457734375,21.42570079613349,27.73246392655166,676368,,,0.1156353736499408,Information
143066,1836.0,11555.44402,NGA,Nigeria,Kwara,2.235718887,0.0,0.39,0.85,1836.0,1836.0,0.0,20.0,2.0,-9999.0,-9999.0,0.0,1.0,0.2,-999.9,-999.9,-3997.2,0.0,0.0,0.0,0.0,0.0,0.0,0.0,0.0,0.0,0.0,0.0,-3997.2,-3997.2,44.71437774,0.0,,,,,,,,,,,,,,,,,,,,,,,,,,780422,,,,
162204,3013.0,37121.91504,NGA,Nigeria,Borno,4.008814731,0.0,0.39,0.85,3013.0,,,,,,,,,,,,,,,,,,,,,,,,,0.895,80.17629462000001,0.0,,226.062,0.609,70.5,0.19,0.0,0.0,0.0,0.0,0.705,0.19,0.0,0.0,0.0,0.0,0.895,0.0,0.0,16.734375,0.0450795035285322,0.0,0.0,0.585703125,0.1577782623498627,0.7434813873498627,5202774,,,0.0009747818036898,Information
162450,3032.0,29835.28858,NGA,Nigeria,Yobe,4.007835974,0.0,0.39,0.85,3032.0,3032.0,0.0,30.0,2.0,-9999.0,-9999.0,0.0,1.0,0.2,-999.9,-999.9,-4997.3,0.0,0.0,0.0,0.0,0.0,0.0,0.0,0.0,0.0,0.0,0.0,-4997.3,0.35175,80.15671947999999,0.0,,26.375,0.088,26.375,0.088,0.0,0.0,0.0,0.0,0.26375,0.088,0.0,0.0,0.0,0.0,0.35175,,,,,,,,,,3190784,,,2.7569823899269924e-05,Information
162470,3042.0,9380.703338,NGA,Nigeria,Yobe,3.432902196,0.0,0.39,0.85,3042.0,3042.0,0.0,30.0,-9999.0,-9999.0,-9999.0,0.0,1.0,-999.9,-999.9,-999.9,-5997.4,0.0,0.0,0.0,0.0,0.0,0.0,0.0,0.0,0.0,0.0,0.0,-5997.4,-5997.4,68.65804392,0.0,,,,,,,,,,,,,,,,,,,,,,,,,,1341656,,,,
162480,3043.0,24042.04377,NGA,Nigeria,Bauchi,2.950605341,0.0,0.39,0.85,3043.0,3043.0,0.0,27.0,-9999.0,-9999.0,-9999.0,0.0,1.0,-999.9,-999.9,-999.9,-5997.4,0.0,0.0,0.0,0.0,0.0,0.0,0.0,0.0,0.0,0.0,0.0,-5997.4,0.3763297759846167,59.01210682,0.0,,,,,,,,,,,,,,,,,0.0,0.0,7.59375,0.0315852931384619,0.0,0.0,0.26578125,0.1105485259846166,0.3763297759846167,5503471,,,1.362250356455164e-06,Information
162490,3044.0,24123.71092,NGA,Nigeria,Kano,3.118963255,0.0,0.39,0.85,3044.0,3044.0,0.0,9.0,2.0,-9999.0,-9999.0,0.0,2.0,0.2,-999.9,-999.9,-4663.266666666666,0.0,0.0,0.0,0.0,0.0,0.0,0.0,0.0,0.0,0.0,0.0,-4663.266666666666,0.1979236788845985,62.379265100000005,0.0,,,,,,,,,,,,,,,,,0.140625,0.0005829327023577,3.9375,0.0163221156660177,0.002109375,0.0008743990535365,0.1378125,0.0571274048310619,0.1979236788845985,12890320,,,7.711817055258097e-08,Information
143010,16046.0,25648.83623,NGA,Nigeria,Delta,4.068311239,2.760915083,0.39,0.85,16046.0,,,,,,,,,,,,,,,,,,,,,,,,,4.29212699536222,81.36622478,55.21830166,,34.625,0.135,30.562,0.119,1.25,0.005,0.0,0.0,0.30562,0.119,0.01875,0.0075,0.0,0.0,0.45087,31.640625,0.1233608601805553,74.671875,0.2911316300261106,0.474609375,0.1850412902708329,2.613515625,1.0189607050913871,4.29212699536222,8916947,,,0.0710258492373844,Information
142289,1553.0,19181.59144,TCD,Chad,Mayo-Kebbi Ouest,3.649540638,0.0,0.32,0.94,1553.0,1553.0,0.0,30.0,2.0,-9999.0,-9999.0,0.0,1.0,0.2,-999.9,-999.9,-2997.1,0.0,0.0,0.0,0.0,0.0,0.0,0.0,0.0,0.0,0.0,0.0,-2997.1,0.91075,72.99081276,0.0,,71.062,0.37,59.875,0.312,0.0,0.0,0.0,0.0,0.59875,0.312,0.0,0.0,0.0,0.0,0.91075,0.0,0.0,9.5625,0.0498524850240476,0.0,0.0,0.3346875,0.1744836975841666,0.5091711975841666,2100658,,,0.0003498917884036,Information
162017,2995.0,19864.59016,TCD,Chad,Batha,4.029853744,0.0,0.32,0.94,2995.0,2995.0,0.0,30.0,2.0,-9999.0,-9999.0,0.0,1.0,0.2,-999.9,-999.9,-3997.2,0.0,0.0,0.0,0.0,0.0,0.0,0.0,0.0,0.0,0.0,0.0,-3997.2,-3997.2,80.59707488000001,0.0,,,,,,,,,,,,,,,,,,,,,,,,,,405208,,,,
162500,3045.0,182.6280904,TCD,Chad,Ville de N'Djamena,0.929617423,0.0,0.32,0.94,3045.0,3045.0,0.0,30.0,-9999.0,-9999.0,-9999.0,0.0,1.0,-999.9,-999.9,-999.9,-5997.4,0.0,0.0,0.0,0.0,0.0,0.0,0.0,0.0,0.0,0.0,0.0,-5997.4,-5997.4,18.59234846,0.0,,,,,,,,,,,,,,,,,,,,,,,,,,403885,,,,
162601,3046.0,1221.550405,TCD,Chad,Chari-Baguirmi,4.11980876,0.0,0.32,0.94,3046.0,3046.0,0.0,30.0,-9999.0,-9999.0,-9999.0,0.0,1.0,-999.9,-999.9,-999.9,-5997.4,0.0,0.0,0.0,0.0,0.0,0.0,0.0,0.0,0.0,0.0,0.0,-5997.4,-5997.4,82.39617519999999,0.0,,,,,,,,,,,,,,,,,,,,,,,,,,132898,,,,
162602,3047.0,11399.16962,TCD,Chad,Mayo-Kebbi Est,4.04448368,0.0,0.32,0.94,3047.0,,,,,,,,,,,,,,,,,,,,,,,,,0.31288,80.8896736,0.0,,22.25,0.195,16.688,0.146,0.0,0.0,0.0,0.0,0.16688,0.146,0.0,0.0,0.0,0.0,0.31288,,,,,,,,,,262571,,,1.9598351723928893e-05,Information
162604,3049.0,7126.764054,TCD,Chad,Logone Occidental,3.265167875,0.0,0.32,0.94,3049.0,3049.0,0.0,30.0,-9999.0,-9999.0,-9999.0,0.0,1.0,-999.9,-999.9,-999.9,-5997.4,0.0,0.0,0.0,0.0,0.0,0.0,0.0,0.0,0.0,0.0,0.0,-5997.4,-5997.4,65.3033575,0.0,,,,,,,,,,,,,,,,,,,,,,,,,,610601,,,,
162605,3050.0,2637.590269,TCD,Chad,Tandjilé,4.054771336,0.0,0.32,0.94,3050.0,3050.0,0.0,30.0,-9999.0,-9999.0,-9999.0,0.0,1.0,-999.9,-999.9,-999.9,-5997.4,0.0,0.0,0.0,0.0,0.0,0.0,0.0,0.0,0.0,0.0,0.0,-5997.4,-5997.4,81.09542672,0.0,,,,,,,,,,,,,,,,,,,,,,,,,,247679,,,,
162606,3051.0,18586.97659,TCD,Chad,Logone Oriental,3.264259422,0.0,0.32,0.94,3051.0,3051.0,0.0,30.0,-9999.0,-9999.0,-9999.0,0.0,1.0,-999.9,-999.9,-999.9,-5997.4,0.0,0.0,0.0,0.0,0.0,0.0,0.0,0.0,0.0,0.0,0.0,-5997.4,-5997.4,65.28518844,0.0,,,,,,,,,,,,,,,,,,,,,,,,,,777695,,,,
162607,3052.0,16117.4922,TCD,Chad,Logone Oriental,3.179847286,0.0,0.32,0.94,3052.0,3052.0,0.0,30.0,-9999.0,-9999.0,-9999.0,0.0,1.0,-999.9,-999.9,-999.9,-5997.4,0.0,0.0,0.0,0.0,0.0,0.0,0.0,0.0,0.0,0.0,0.0,-5997.4,-5997.4,63.59694572000001,0.0,,,,,,,,,,,,,,,,,,,,,,,,,,936543,,,,
162701,3055.0,3487.122923,TCD,Chad,Chari-Baguirmi,2.736334254,0.0,0.32,0.94,3055.0,3055.0,0.0,30.0,-9999.0,-9999.0,-9999.0,0.0,1.0,-999.9,-999.9,-999.9,-5997.4,0.0,0.0,0.0,0.0,0.0,0.0,0.0,0.0,0.0,0.0,0.0,-5997.4,-5997.4,54.72668508,0.0,,,,,,,,,,,,,,,,,,,,,,,,,,571314,,,,
162705,3059.0,4521.575577,TCD,Chad,Mayo-Kebbi Est,2.78480405,0.0,0.32,0.94,3059.0,,,,,,,,,,,,,,,,,,,,,,,,,0.41962,55.696081,0.0,,23.562,0.521,13.062,0.289,0.0,0.0,0.0,0.0,0.1306199999999999,0.289,0.0,0.0,0.0,0.0,0.41962,,,,,,,,,,134292,,,1.585054615636134e-06,Information
162707,3061.0,3572.112935,TCD,Chad,Chari-Baguirmi,4.024716506,0.0,0.32,0.94,3061.0,3061.0,0.0,30.0,-9999.0,-9999.0,-9999.0,0.0,1.0,-999.9,-999.9,-999.9,-5997.4,0.0,0.0,0.0,0.0,0.0,0.0,0.0,0.0,0.0,0.0,0.0,-5997.4,-5997.4,80.49433012,0.0,,,,,,,,,,,,,,,,,,,,,,,,,,79916,,,,
162821,3065.0,1082.783266,TCD,Chad,Mandoul,3.642830027,0.0,0.32,0.94,3065.0,3065.0,0.0,30.0,-9999.0,-9999.0,-9999.0,0.0,1.0,-999.9,-999.9,-999.9,-5997.4,0.0,0.0,0.0,0.0,0.0,0.0,0.0,0.0,0.0,0.0,0.0,-5997.4,-5997.4,72.85660054,0.0,,,,,,,,,,,,,,,,,,,,,,,,,,40395,,,,
162822,3066.0,12193.89849,TCD,Chad,Mandoul,1.311188639,0.0,0.32,0.94,3066.0,,,,,,,,,,,,,,,,,,,,,,,,,0.22862,26.22377278,0.0,,19.875,0.163,12.562,0.103,0.0,0.0,0.0,0.0,0.1256199999999999,0.103,0.0,0.0,0.0,0.0,0.22862,,,,,,,,,,827988,,,3.8083045601851224e-09,Information
162823,3067.0,2662.227266,TCD,Chad,Mandoul,3.498491355,0.0,0.32,0.94,3067.0,3067.0,0.0,30.0,-9999.0,-9999.0,-9999.0,0.0,1.0,-999.9,-999.9,-999.9,-5997.4,0.0,0.0,0.0,0.0,0.0,0.0,0.0,0.0,0.0,0.0,0.0,-5997.4,0.65712,69.9698271,0.0,,16.375,0.615,13.812,0.519,0.0,0.0,0.0,0.0,0.13812,0.519,0.0,0.0,0.0,0.0,0.65712,,,,,,,,,,92386,,,6.616234658769432e-05,Information
162830,3074.0,293.1081269,TCD,Chad,Moyen-Char,3.256702663,0.0,0.32,0.94,3074.0,3074.0,0.0,30.0,-9999.0,-9999.0,-9999.0,0.0,1.0,-999.9,-999.9,-999.9,-5997.4,0.0,0.0,0.0,0.0,0.0,0.0,0.0,0.0,0.0,0.0,0.0,-5997.4,-5997.4,65.13405326,0.0,,,,,,,,,,,,,,,,,,,,,,,,,,49381,,,,
162850,3076.0,10929.33474,TCD,Chad,Moyen-Char,3.054673185,0.0,0.32,0.94,3076.0,3076.0,0.0,30.0,-9999.0,-9999.0,-9999.0,0.0,1.0,-999.9,-999.9,-999.9,-5997.4,0.0,0.0,0.0,0.0,0.0,0.0,0.0,0.0,0.0,0.0,0.0,-5997.4,0.78888,61.0934637,0.0,,57.312,0.524,41.188,0.377,0.0,0.0,0.0,0.0,0.41188,0.377,0.0,0.0,0.0,0.0,0.78888,0.0,0.0,2.109375,0.0193001225553568,0.0,0.0,0.073828125,0.0675504289437488,0.1413785539437488,360813,,,4.8434515089656194e-05,Information
162870,3086.0,25377.05091,TCD,Chad,Salamat,3.828560219,0.0,0.32,0.94,3086.0,3086.0,0.0,1.0,-9999.0,-9999.0,-9999.0,0.0,10.0,-999.9,-999.9,-999.9,-5979.4,0.0,0.0,0.0,0.0,0.0,0.0,0.0,0.0,0.0,0.0,0.0,-5979.4,-5979.4,76.57120438,0.0,,,,,,,,,,,,,,,,,,,,,,,,,,45884,,,,
162883,3089.0,2078.818883,TCD,Chad,Salamat,4.031205916,0.0,0.32,0.94,3089.0,,,,,,,,,,,,,,,,,,,,,,,,,0.23562,80.62411832000001,0.0,,15.688,0.755,4.062,0.195,0.0,0.0,0.0,0.0,0.04062,0.195,0.0,0.0,0.0,0.0,0.23562,,,,,,,,,,3267,,,5.17894673015687e-06,Information
142462,1594.0,10404.55463,NER,Niger,Maradi,2.651176795,0.0,0.35,0.9,1594.0,1594.0,0.0,28.0,5.0,3.0,3.0,0.0,1.0,0.5,0.3,0.3,4.2,0.0,0.0,0.0,0.0,0.0,0.0,0.0,0.0,0.0,0.0,0.0,4.2,4.2,53.0235359,0.0,,,,,,,,,,,,,,,,,,,,,,,,,,2821626,,,0.0078770667061519,Information
142570,1635.0,288.5722652,NER,Niger,Dosso,4.062752963,0.0,0.35,0.9,1635.0,1635.0,0.0,30.0,-9999.0,-9999.0,-9999.0,0.0,1.0,-999.9,-999.9,-999.9,-5997.4,0.0,0.0,0.0,0.0,0.0,0.0,0.0,0.0,0.0,0.0,0.0,-5997.4,-5997.4,81.25505926000001,0.0,,,,,,,,,,,,,,,,,,,,,,,,,,39639,,,,
142689,1694.0,8718.919223,NER,Niger,Agadez,4.016333579,0.0,0.35,0.9,1694.0,,,,,,,,,,,,,,,,,,,,,,,,,0.26575,80.32667158000001,0.0,,16.312,0.187,12.375,0.142,0.0,0.0,0.0,0.0,0.12375,0.142,0.0,0.0,0.0,0.0,0.26575,,,,,,,,,,22800,,,8.369559684486711e-06,Information
142713,1706.0,776.0605814,NER,Niger,Tillabéry,3.750354175,0.0,0.35,0.9,1706.0,1706.0,0.0,30.0,-9999.0,-9999.0,-9999.0,0.0,1.0,-999.9,-999.9,-999.9,-5997.4,0.0,0.0,0.0,0.0,0.0,0.0,0.0,0.0,0.0,0.0,0.0,-5997.4,-5997.4,75.0070835,0.0,,,,,,,,,,,,,,,,,,,,,,,,,,13567,,,,
142719,1712.0,2280.374623,NER,Niger,Tillabéry,2.077199009,0.0,0.35,0.9,1712.0,1712.0,0.0,30.0,-9999.0,-9999.0,-9999.0,0.0,1.0,-999.9,-999.9,-999.9,-5997.4,0.0,0.0,0.0,0.0,0.0,0.0,0.0,0.0,0.0,0.0,0.0,-5997.4,-5997.4,41.543980180000005,0.0,,,,,,,,,,,,,,,,,,,,,,,,,,1167827,,,,
142721,1713.0,2327.100931,NER,Niger,Tillabéry,4.016963318,0.0,0.35,0.9,1713.0,1713.0,0.0,30.0,3.0,2.0,-9999.0,0.0,1.0,0.3,0.2,-999.9,-2996.9,0.0,0.0,0.0,0.0,0.0,0.0,0.0,0.0,0.0,0.0,0.0,-2996.9,-2996.9,80.33926636000001,0.0,,,,,,,,,,,,,,,,,,,,,,,,,,110180,,,,
142732,1723.0,7335.063102,NER,Niger,Tillabéry,4.030158155,0.0,0.35,0.9,1723.0,1723.0,0.0,29.0,5.0,2.0,-9999.0,0.0,1.0,0.5,0.2,-999.9,-1996.6,0.0,0.0,0.0,0.0,0.0,0.0,0.0,0.0,0.0,0.0,0.0,-1996.6,-1996.6,80.60316309999999,0.0,,,,,,,,,,,,,,,,,,,,,,,,,,546982,,,,
142739,1730.0,1230.736799,NER,Niger,Tillabéry,3.750580007,0.0,0.35,0.9,1730.0,1730.0,0.0,30.0,-9999.0,-9999.0,-9999.0,0.0,1.0,-999.9,-999.9,-999.9,-5997.4,0.0,0.0,0.0,0.0,0.0,0.0,0.0,0.0,0.0,0.0,0.0,-5997.4,-5997.4,75.01160014,0.0,,,,,,,,,,,,,,,,,,,,,,,,,,84232,,,,
142741,1731.0,2608.418622,NER,Niger,Tillabéry,3.869339756,0.0,0.35,0.9,1731.0,1731.0,0.0,30.0,3.0,2.0,-9999.0,0.0,1.0,0.3,0.2,-999.9,-1996.8,0.0,0.0,0.0,0.0,0.0,0.0,0.0,0.0,0.0,0.0,0.0,-1996.8,-1996.8,77.38679512,0.0,,,,,,,,,,,,,,,,,,,,,,,,,,109302,,,,
142560,1634.0,13613.57151,BEN,Benin,Alibori,3.224864689,0.0,0.47,0.74,1634.0,1634.0,0.0,29.0,-9999.0,-9999.0,-9999.0,0.0,1.0,-999.9,-999.9,-999.9,-5997.4,0.0,0.0,0.0,0.0,0.0,0.0,0.0,0.0,0.0,0.0,0.0,-5997.4,-5997.4,64.49729377999999,0.0,,,,,,,,,,,,,,,,,,,,,,,,,,625710,,,,
142580,1636.0,14004.60793,BEN,Benin,Alibori,3.007459065,0.0,0.47,0.74,1636.0,1636.0,0.0,30.0,-9999.0,-9999.0,-9999.0,0.0,1.0,-999.9,-999.9,-999.9,-5997.4,0.0,0.0,0.0,0.0,0.0,0.0,0.0,0.0,0.0,0.0,0.0,-5997.4,-5997.4,60.1491813,0.0,,,,,,,,,,,,,,,,,,,,,,,,,,748904,,,,
142712,1705.0,10641.0371,BEN,Benin,Alibori,3.678220432,0.0,0.47,0.74,1705.0,1705.0,0.0,30.0,2.0,2.0,-9999.0,0.0,1.0,0.2,0.2,-999.9,-1997.0,0.0,0.0,0.0,0.0,0.0,0.0,0.0,0.0,0.0,0.0,0.0,-1997.0,-1997.0,73.56440864,0.0,,,,,,,,,,,,,,,,,,,,,,,,,,358108,,,,
143063,1833.0,1292.685405,BEN,Benin,Ouémé,4.058509363,0.0,0.47,0.74,1833.0,1833.0,0.0,28.0,-9999.0,-9999.0,-9999.0,0.0,1.0,-999.9,-999.9,-999.9,-5997.4,0.0,0.0,0.0,0.0,0.0,0.0,0.0,0.0,0.0,0.0,0.0,-5997.4,1.5601653940574085,81.17018725999999,0.0,,,,,,,,,,,,,,,,,3.375,0.2610844051762032,3.65625,0.2828414389408868,0.050625,0.3916266077643048,0.12796875,0.9899450362931038,1.5601653940574085,472965,,,0.006375490865029,Information
143064,1834.0,8475.550509,BEN,Benin,Collines,2.69859426,0.0,0.47,0.74,1834.0,1834.0,0.0,17.0,-9999.0,-9999.0,-9999.0,0.0,1.0,-999.9,-999.9,-999.9,-5997.4,0.0,0.0,0.0,0.0,0.0,0.0,0.0,0.0,0.0,0.0,0.0,-5997.4,0.283,53.9718852,0.0,,17.875,0.211,13.0,0.153,0.0,0.0,0.0,0.0,0.13,0.153,0.0,0.0,0.0,0.0,0.283,,,,,,,,,,675211,,,1.775639944863909e-07,Information
143065,1835.0,2663.477061,BEN,Benin,Plateau,4.059553144,0.0,0.47,0.74,1835.0,1835.0,0.0,27.0,-9999.0,-9999.0,-9999.0,0.0,1.0,-999.9,-999.9,-999.9,-5997.4,0.0,0.0,0.0,0.0,0.0,0.0,0.0,0.0,0.0,0.0,0.0,-5997.4,-5997.4,81.19106287999999,0.0,,,,,,,,,,,,,,,,,,,,,,,,,,325249,,,,
143067,1837.0,10707.92242,BEN,Benin,Collines,2.878994561,0.0,0.47,0.74,1837.0,1837.0,0.0,30.0,-9999.0,-9999.0,-9999.0,0.0,1.0,-999.9,-999.9,-999.9,-5997.4,0.0,0.0,0.0,0.0,0.0,0.0,0.0,0.0,0.0,0.0,0.0,-5997.4,0.1495741481599784,57.57989121999999,0.0,,,,,,,,,,,,,,,,,0.5625,0.0052531198661802,1.96875,0.0183859195316309,0.0084375,0.0078796797992703,0.06890625,0.0643507183607081,0.1495741481599784,512371,,,8.135843544180081e-09,Information
143068,1838.0,3372.983269,BEN,Benin,Donga,0.662856066,0.0,0.47,0.74,1838.0,1838.0,0.0,20.0,-9999.0,-9999.0,-9999.0,0.0,1.0,-999.9,-999.9,-999.9,-5997.4,0.0,0.0,0.0,0.0,0.0,0.0,0.0,0.0,0.0,0.0,0.0,-5997.4,-5997.4,13.25712132,0.0,,,,,,,,,,,,,,,,,,,,,,,,,,196665,,,,
143069,1839.0,11030.31785,BEN,Benin,Borgou,2.400149292,0.0,0.47,0.74,1839.0,1839.0,0.0,30.0,2.0,2.0,-9999.0,0.0,1.0,0.2,0.2,-999.9,-4663.933333333333,0.0,0.0,0.0,0.0,0.0,0.0,0.0,0.0,0.0,0.0,0.0,-4663.933333333333,-4663.933333333333,48.00298584,0.0,,,,,,,,,,,,,,,,,,,,,,,,,,637993,,,,
143070,1840.0,3991.047358,BEN,Benin,Kouffo,3.76899183,2.069183799,0.47,0.74,1840.0,1840.0,0.0,16.0,-9999.0,-9999.0,-9999.0,0.0,1.0,-999.9,-999.9,-999.9,-5997.4,0.0,0.0,0.0,0.0,0.0,0.0,0.0,0.0,0.0,0.0,0.0,-5997.4,3.28568582869641,75.3798366,41.38367598000001,,,,,,,,,,,,,,,,,5.0625,0.1268464026002562,24.609375,0.6166144570845787,0.0759375,0.1902696039003843,0.861328125,2.1581505997960257,3.28568582869641,1232211,,,0.0220052732424333,Information
142750,1740.0,23955.2298,MLI,Mali,Gao,4.01281774,0.0,0.38,0.86,1740.0,1740.0,0.0,21.0,-9999.0,-9999.0,-9999.0,0.0,1.0,-999.9,-999.9,-999.9,-5997.4,0.0,0.0,0.0,0.0,0.0,0.0,0.0,0.0,0.0,0.0,0.0,-5997.4,-5997.4,80.2563548,0.0,,,,,,,,,,,,,,,,,,,,,,,,,,367104,,,,
142771,1750.0,23786.94435,MLI,Mali,Gao,4.071556555,0.0,0.38,0.86,1750.0,1750.0,0.0,17.0,-9999.0,-9999.0,-9999.0,0.0,1.0,-999.9,-999.9,-999.9,-5997.4,0.0,0.0,0.0,0.0,0.0,0.0,0.0,0.0,0.0,0.0,0.0,-5997.4,-5997.4,81.4311311,0.0,,,,,,,,,,,,,,,,,,,,,,,,,,197745,,,,
142775,1754.0,3834.949771,MLI,Mali,Timbuktu,4.003410498,0.0,0.38,0.86,1754.0,1754.0,0.0,30.0,-9999.0,-9999.0,-9999.0,0.0,1.0,-999.9,-999.9,-999.9,-5997.4,0.0,0.0,0.0,0.0,0.0,0.0,0.0,0.0,0.0,0.0,0.0,-5997.4,-5997.4,80.06820996,0.0,,,,,,,,,,,,,,,,,,,,,,,,,,236353,,,,
142777,1756.0,5747.2778,MLI,Mali,Timbuktu,4.01893126,0.0,0.38,0.86,1756.0,1756.0,0.0,30.0,-9999.0,-9999.0,-9999.0,0.0,1.0,-999.9,-999.9,-999.9,-5997.4,0.0,0.0,0.0,0.0,0.0,0.0,0.0,0.0,0.0,0.0,0.0,-5997.4,-5997.4,80.37862519999999,0.0,,,,,,,,,,,,,,,,,,,,,,,,,,145825,,,,
142779,1758.0,4224.211993,MLI,Mali,Timbuktu,3.479752004,0.0,0.38,0.86,1758.0,1758.0,0.0,30.0,-9999.0,-9999.0,-9999.0,0.0,1.0,-999.9,-999.9,-999.9,-5997.4,0.0,0.0,0.0,0.0,0.0,0.0,0.0,0.0,0.0,0.0,0.0,-5997.4,-5997.4,69.59504007999999,0.0,,,,,,,,,,,,,,,,,,,,,,,,,,193325,,,,
142790,1768.0,28430.426,MLI,Mali,Mopti,4.054212295,0.0,0.38,0.86,1768.0,1768.0,0.0,30.0,-9999.0,-9999.0,-9999.0,0.0,1.0,-999.9,-999.9,-999.9,-5997.4,0.0,0.0,0.0,0.0,0.0,0.0,0.0,0.0,0.0,0.0,0.0,-5997.4,0.1064491980346469,81.0842459,0.0,,,,,,,,,,,,,,,,,0.0,0.0,2.25,0.0079140565813277,0.0,0.0,0.07875,0.0276991980346469,0.1064491980346469,1023834,,,1.1089386675841613e-07,Information
142810,1769.0,9573.3353,MLI,Mali,Ségou,4.012372763,0.0,0.38,0.86,1769.0,1769.0,0.0,30.0,-9999.0,-9999.0,-9999.0,0.0,1.0,-999.9,-999.9,-999.9,-5997.4,0.0,0.0,0.0,0.0,0.0,0.0,0.0,0.0,0.0,0.0,0.0,-5997.4,1.1773836681916885,80.24745526000001,0.0,,15.625,0.163,15.625,0.163,0.0,0.0,0.0,0.0,0.15625,0.163,0.0,0.0,0.0,0.0,0.31925,0.0,0.0,16.453125,0.1718640837690539,0.0,0.0,0.575859375,0.6015242931916887,1.1773836681916885,634938,,,0.0024012753816268,Information
142830,1771.0,2178.305925,MLI,Mali,Ségou,4.016482863,0.0,0.38,0.86,1771.0,1771.0,0.0,30.0,-9999.0,-9999.0,-9999.0,0.0,1.0,-999.9,-999.9,-999.9,-5997.4,0.0,0.0,0.0,0.0,0.0,0.0,0.0,0.0,0.0,0.0,0.0,-5997.4,-5997.4,80.32965726,0.0,,,,,,,,,,,,,,,,,,,,,,,,,,187526,,,,
142850,1773.0,6573.515918,MLI,Mali,Ségou,3.25416644,0.0,0.38,0.86,1773.0,1773.0,0.0,29.0,-9999.0,-9999.0,-9999.0,0.0,1.0,-999.9,-999.9,-999.9,-5997.4,0.0,0.0,0.0,0.0,0.0,0.0,0.0,0.0,0.0,0.0,0.0,-5997.4,-5997.4,65.0833288,0.0,,,,,,,,,,,,,,,,,,,,,,,,,,340558,,,,
142860,1774.0,19697.07883,MLI,Mali,Sikasso,3.31678922,0.0,0.38,0.86,1774.0,1774.0,0.0,30.0,-9999.0,-9999.0,-9999.0,0.0,1.0,-999.9,-999.9,-999.9,-5997.4,0.0,0.0,0.0,0.0,0.0,0.0,0.0,0.0,0.0,0.0,0.0,-5997.4,-5997.4,66.3357844,0.0,,,,,,,,,,,,,,,,,,,,,,,,,,1476362,,,,
142883,1778.0,7538.141854,MLI,Mali,Sikasso,3.016859064,0.0,0.38,0.86,1778.0,1778.0,0.0,30.0,-9999.0,-9999.0,-9999.0,0.0,1.0,-999.9,-999.9,-999.9,-5997.4,0.0,0.0,0.0,0.0,0.0,0.0,0.0,0.0,0.0,0.0,0.0,-5997.4,-5997.4,60.33718128,0.0,,,,,,,,,,,,,,,,,,,,,,,,,,365884,,,,
142884,1779.0,4465.336736,MLI,Mali,Sikasso,3.23647805,0.0,0.38,0.86,1779.0,1779.0,0.0,30.0,-9999.0,-9999.0,-9999.0,0.0,1.0,-999.9,-999.9,-999.9,-5997.4,0.0,0.0,0.0,0.0,0.0,0.0,0.0,0.0,0.0,0.0,0.0,-5997.4,-5997.4,64.729561,0.0,,,,,,,,,,,,,,,,,,,,,,,,,,149431,,,,
142891,1785.0,4278.882991,MLI,Mali,Koulikoro,3.939450806,0.0,0.38,0.86,1785.0,1785.0,0.0,29.0,-9999.0,-9999.0,-9999.0,0.0,1.0,-999.9,-999.9,-999.9,-5997.4,0.0,0.0,0.0,0.0,0.0,0.0,0.0,0.0,0.0,0.0,0.0,-5997.4,-5997.4,78.78901612,0.0,,,,,,,,,,,,,,,,,,,,,,,,,,311360,,,,
142895,1789.0,5925.481209,MLI,Mali,Sikasso,3.159009918,0.0,0.38,0.86,1789.0,1789.0,0.0,30.0,-9999.0,-9999.0,-9999.0,0.0,1.0,-999.9,-999.9,-999.9,-5997.4,0.0,0.0,0.0,0.0,0.0,0.0,0.0,0.0,0.0,0.0,0.0,-5997.4,-5997.4,63.180198360000006,0.0,,,,,,,,,,,,,,,,,,,,,,,,,,221771,,,,
142897,1791.0,4449.874218,MLI,Mali,Sikasso,3.077603301,0.0,0.38,0.86,1791.0,1791.0,0.0,30.0,-9999.0,-9999.0,-9999.0,0.0,1.0,-999.9,-999.9,-999.9,-5997.4,0.0,0.0,0.0,0.0,0.0,0.0,0.0,0.0,0.0,0.0,0.0,-5997.4,-5997.4,61.55206602,0.0,,,,,,,,,,,,,,,,,,,,,,,,,,50249,,,,
142930,1796.0,11383.41321,MLI,Mali,Ségou,3.690896848,0.0,0.38,0.86,1796.0,1796.0,0.0,30.0,-9999.0,-9999.0,-9999.0,0.0,1.0,-999.9,-999.9,-999.9,-5997.4,0.0,0.0,0.0,0.0,0.0,0.0,0.0,0.0,0.0,0.0,0.0,-5997.4,0.9404096154025132,73.81793696,0.0,,,,,,,,,,,,,,,,,0.5625,0.0049414001730619,14.0625,0.1235350043265487,0.0084375,0.0074121002595928,0.4921875,0.4323725151429204,0.9404096154025132,1054047,,,0.0004396975421547,Information
142950,1798.0,9459.349371,MLI,Mali,Koulikoro,2.24076097,0.0,0.38,0.86,1798.0,1798.0,0.0,30.0,-9999.0,-9999.0,-9999.0,0.0,1.0,-999.9,-999.9,-999.9,-5997.4,0.0,0.0,0.0,0.0,0.0,0.0,0.0,0.0,0.0,0.0,0.0,-5997.4,0.8895588915524552,44.8152194,0.0,,,,,,,,,,,,,,,,,1.265625,0.0133796199966572,11.8125,0.1248764533021341,0.018984375,0.0200694299949858,0.4134375,0.4370675865574693,0.8895588915524552,5424177,,,1.831914988945247e-05,Information
142961,1799.0,1365.440661,MLI,Mali,Koulikoro,4.035123066,0.0,0.38,0.86,1799.0,1799.0,0.0,27.0,-9999.0,-9999.0,-9999.0,0.0,1.0,-999.9,-999.9,-999.9,-5997.4,0.0,0.0,0.0,0.0,0.0,0.0,0.0,0.0,0.0,0.0,0.0,-5997.4,0.2458075836061331,80.70246132,0.0,,,,,,,,,,,,,,,,,0.0,0.0,0.84375,0.0617932381731809,0.0,0.0,0.02953125,0.2162763336061331,0.2458075836061331,67725,,,6.409158425693807e-06,Information
142962,1800.0,6578.285542,MLI,Mali,Sikasso,2.170740473,0.0,0.38,0.86,1800.0,1800.0,0.0,30.0,-9999.0,-9999.0,-9999.0,0.0,1.0,-999.9,-999.9,-999.9,-5997.4,0.0,0.0,0.0,0.0,0.0,0.0,0.0,0.0,0.0,0.0,0.0,-5997.4,0.1736542874079387,43.41480946,0.0,,,,,,,,,,,,,,,,,0.0,0.0,1.96875,0.0299280106879825,0.0,0.0,0.06890625,0.1047480374079387,0.1736542874079387,209866,,,3.5947706771447596e-09,Information
146610,2034.0,13318.8312,MLI,Mali,Kayes,4.003804742,0.0,0.38,0.86,2034.0,2034.0,0.0,30.0,-9999.0,-9999.0,-9999.0,0.0,1.0,-999.9,-999.9,-999.9,-5997.4,0.0,0.0,0.0,0.0,0.0,0.0,0.0,0.0,0.0,0.0,0.0,-5997.4,-5997.4,80.07609484,0.0,,,,,,,,,,,,,,,,,,,,,,,,,,349490,,,,
146700,2043.0,7128.136423,MLI,Mali,Kayes,3.678071611,0.0,0.38,0.86,2043.0,2043.0,0.0,30.0,-9999.0,-9999.0,-9999.0,0.0,1.0,-999.9,-999.9,-999.9,-5997.4,0.0,0.0,0.0,0.0,0.0,0.0,0.0,0.0,0.0,0.0,0.0,-5997.4,1.0998859106014982,73.56143222,0.0,,,,,,,,,,,,,,,,,0.0,0.0,13.078125,0.1834718673147138,0.0,0.0,0.457734375,0.6421515356014983,1.0998859106014982,112421,,,0.0007373481276437,Information
146801,2044.0,4950.257291,MLI,Mali,Kayes,4.076512485,0.0,0.38,0.86,2044.0,2044.0,0.0,16.0,-9999.0,-9999.0,-9999.0,0.0,1.0,-999.9,-999.9,-999.9,-5997.4,0.0,0.0,0.0,0.0,0.0,0.0,0.0,0.0,0.0,0.0,0.0,-5997.4,-5997.4,81.53024970000001,0.0,,,,,,,,,,,,,,,,,,,,,,,,,,80490,,,,
146803,2046.0,2426.77357,MLI,Mali,Kayes,1.512326019,0.0,0.38,0.86,2046.0,2046.0,0.0,10.0,-9999.0,-9999.0,-9999.0,0.0,1.0,-999.9,-999.9,-999.9,-5997.4,0.0,0.0,0.0,0.0,0.0,0.0,0.0,0.0,0.0,0.0,0.0,-5997.4,0.4536618020037033,30.24652038,0.0,,,,,,,,,,,,,,,,,0.0,0.0,2.53125,0.1043051577153438,0.0,0.0,0.08859375,0.3650680520037033,0.4536618020037033,27701,,,2.384626151240188e-07,Information
146805,2048.0,2878.477144,MLI,Mali,Kayes,2.585159283,0.0,0.38,0.86,2048.0,2048.0,0.0,30.0,-9999.0,-9999.0,-9999.0,0.0,1.0,-999.9,-999.9,-999.9,-5997.4,0.0,0.0,0.0,0.0,0.0,0.0,0.0,0.0,0.0,0.0,0.0,-5997.4,-5997.4,51.70318566,0.0,,,,,,,,,,,,,,,,,,,,,,,,,,35522,,,,
146910,2053.0,11564.61603,MLI,Mali,Kayes,3.274723598,0.0,0.38,0.86,2053.0,2053.0,0.0,30.0,-9999.0,-9999.0,-9999.0,0.0,1.0,-999.9,-999.9,-999.9,-5997.4,0.0,0.0,0.0,0.0,0.0,0.0,0.0,0.0,0.0,0.0,0.0,-5997.4,-5997.4,65.49447196,0.0,,,,,,,,,,,,,,,,,,,,,,,,,,208645,,,,
146920,2054.0,16833.07894,MLI,Mali,Kayes,2.666418674,0.0,0.38,0.86,2054.0,2054.0,0.0,30.0,-9999.0,-9999.0,-9999.0,0.0,1.0,-999.9,-999.9,-999.9,-5997.4,0.0,0.0,0.0,0.0,0.0,0.0,0.0,0.0,0.0,0.0,0.0,-5997.4,-5997.4,53.32837348,0.0,,,,,,,,,,,,,,,,,,,,,,,,,,496119,,,,
146950,2057.0,10857.98769,MLI,Mali,Kayes,3.213839634,0.0,0.38,0.86,2057.0,2057.0,0.0,29.0,-9999.0,-9999.0,-9999.0,0.0,1.0,-999.9,-999.9,-999.9,-5997.4,0.0,0.0,0.0,0.0,0.0,0.0,0.0,0.0,0.0,0.0,0.0,-5997.4,-5997.4,64.27679268,0.0,,,,,,,,,,,,,,,,,,,,,,,,,,164580,,,,
153038,2206.0,14618.672,DZA,Algeria,Sagda,2.459826054,0.0,0.53,0.65,2206.0,2206.0,0.0,2.0,-9999.0,-9999.0,-9999.0,0.0,9.0,-999.9,-999.9,-999.9,-5981.4,0.0,0.0,0.0,0.0,0.0,0.0,0.0,0.0,0.0,0.0,0.0,-5981.4,-5981.4,49.19652108,0.0,,,,,,,,,,,,,,,,,,,,,,,,,,2133917,,,,
153041,2208.0,464.4238676,DZA,Algeria,Mostaganem,2.952978615,2.539322227,0.53,0.65,2208.0,2208.0,0.0,3.0,-9999.0,-9999.0,-9999.0,0.0,8.0,-999.9,-999.9,-999.9,-5983.4,0.0,0.0,0.0,0.0,0.0,0.0,0.0,0.0,0.0,0.0,0.0,-5983.4,0.5544997772303704,59.0595723,50.78644454,,,,,,,,,,,,,,,,,0.0,0.0,0.703125,0.1513972577801058,0.0,0.0,0.024609375,0.5298904022303703,0.5544997772303704,90613,,,8.470546017981065e-06,Information
153043,2210.0,15746.75652,DZA,Algeria,Aïn Defla,1.132833969,0.0,0.53,0.65,2210.0,2210.0,0.0,3.0,-9999.0,-9999.0,-9999.0,0.0,8.0,-999.9,-999.9,-999.9,-5983.4,0.0,0.0,0.0,0.0,0.0,0.0,0.0,0.0,0.0,0.0,0.0,-5983.4,0.144855336232797,22.65667938,0.0,,,,,,,,,,,,,,,,,0.0,0.0,2.53125,0.0160747389236563,0.0,0.0,0.08859375,0.056261586232797,0.144855336232797,3146776,,,1.6898849392968918e-10,Information
153050,2217.0,9613.408787,DZA,Algeria,Batna,0.697002859,0.0,0.53,0.65,2217.0,,,,,,,,,,,,,,,,,,,,,,,,,0.8234175179850095,13.94005718,0.0,,5.5,0.057,5.375,0.056,1.438,0.015,0.625,0.007,0.05375,0.056,0.02157,0.0225,0.015625,0.0175,0.1869449999999999,0.0,0.0,11.53125,0.119949647995717,0.0,0.0,0.40359375,0.4198237679850095,0.8234175179850095,1653964,,,1.6650270722626445e-06,Information
153051,2218.0,8215.812183,DZA,Algeria,Tipaza,3.159080229,0.0,0.53,0.65,2218.0,,,,,,,,,,,,,,,,,,,,,,,,,2.0952210358811763,63.181604580000005,0.0,,14.0,0.17,8.625,0.105,0.062,0.001,0.0,0.0,0.08625,0.105,0.0009299999999999,0.0015,0.0,0.0,0.1936799999999999,0.0,0.0,27.0,0.3286345816803361,0.0,0.0,0.945,1.1502210358811764,2.0952210358811763,7783752,,,0.0020762495890638,Information
154812,2291.0,28075.68014,DZA,Algeria,El Oued,1.820975351,0.0,0.53,0.65,2291.0,,,,,,,,,,,,,,,,,,,,,,,,,0.1982499999999999,36.41950702,0.0,,25.688,0.091,14.625,0.052,0.0,0.0,0.0,0.0,0.14625,0.052,0.0,0.0,0.0,0.0,0.1982499999999999,0.0,0.0,2.109375,0.0075131750665045,0.0,0.0,0.073828125,0.0262961127327657,0.1001242377327657,956531,,,3.951056404267566e-09,Information
142724,1716.0,3921.418513,BFA,Burkina Faso,Sahel,4.008337427,0.0,0.44,0.78,1716.0,1716.0,0.0,30.0,2.0,-9999.0,-9999.0,0.0,1.0,0.2,-999.9,-999.9,-3997.2,0.0,0.0,0.0,0.0,0.0,0.0,0.0,0.0,0.0,0.0,0.0,-3997.2,-3997.2,80.16674854,0.0,,,,,,,,,,,,,,,,,,,,,,,,,,149912,,,,
142726,1718.0,5384.077488,BFA,Burkina Faso,Centre-Nord,3.564531253,0.0,0.44,0.78,1718.0,1718.0,0.0,30.0,3.0,-9999.0,-9999.0,0.0,1.0,0.3,-999.9,-999.9,-3997.0,0.0,0.0,0.0,0.0,0.0,0.0,0.0,0.0,0.0,0.0,0.0,-3997.0,-3997.0,71.29062506,0.0,,,,,,,,,,,,,,,,,,,,,,,,,,488714,,,,
142742,1732.0,8553.461005,BFA,Burkina Faso,Sahel,3.943974667,0.0,0.44,0.78,1732.0,1732.0,0.0,30.0,3.0,2.0,-9999.0,0.0,1.0,0.3,0.2,-999.9,-1996.8,0.0,0.0,0.0,0.0,0.0,0.0,0.0,0.0,0.0,0.0,0.0,-1996.8,-1996.8,78.87949334,0.0,,,,,,,,,,,,,,,,,,,,,,,,,,461910,,,,
144206,1857.0,6367.384068,BFA,Burkina Faso,Centre-Est,2.394695019,0.0,0.44,0.78,1857.0,1857.0,0.0,30.0,3.0,3.0,2.0,0.0,1.0,0.3,0.3,0.2,3.6,0.0,0.0,0.0,0.0,0.0,0.0,0.0,0.0,0.0,0.0,0.0,3.6,3.6,47.89390038,0.0,,,,,,,,,,,,,,,,,0.0,0.0,26.4375,0.415201905787224,0.0,0.0,0.9253125,1.453206670255284,2.378519170255284,432364,,,0.0037661225681781,Information
144480,1877.0,11427.98687,BFA,Burkina Faso,Centre-Sud,2.415524572,0.0,0.44,0.78,1877.0,1877.0,0.0,30.0,-9999.0,-9999.0,-9999.0,0.0,1.0,-999.9,-999.9,-999.9,-5997.4,0.0,0.0,0.0,0.0,0.0,0.0,0.0,0.0,0.0,0.0,0.0,-5997.4,-5997.4,48.31049143999999,0.0,,,,,,,,,,,,,,,,,,,,,,,,,,862917,,,,
144497,1884.0,4097.503753,BFA,Burkina Faso,Centre-Nord,2.164378886,0.0,0.44,0.78,1884.0,1884.0,0.0,30.0,2.0,-9999.0,-9999.0,0.0,1.0,0.2,-999.9,-999.9,-3997.2,0.0,0.0,0.0,0.0,0.0,0.0,0.0,0.0,0.0,0.0,0.0,-3997.2,-3997.2,43.28757772,0.0,,,,,,,,,,,,,,,,,,,,,,,,,,531848,,,,
144600,1896.0,15335.11534,BFA,Burkina Faso,Haut-Bassins,2.794446501,0.0,0.44,0.78,1896.0,1896.0,0.0,30.0,-9999.0,-9999.0,-9999.0,0.0,1.0,-999.9,-999.9,-999.9,-5997.4,0.0,0.0,0.0,0.0,0.0,0.0,0.0,0.0,0.0,0.0,0.0,-5997.4,-5997.4,55.88893002,0.0,,,,,,,,,,,,,,,,,,,,,,,,,,1092892,,,,
144900,1915.0,20573.38408,BFA,Burkina Faso,Boucle du Mouhoun,3.200543091,0.0,0.44,0.78,1915.0,1915.0,0.0,30.0,-9999.0,-9999.0,-9999.0,0.0,1.0,-999.9,-999.9,-999.9,-5997.4,0.0,0.0,0.0,0.0,0.0,0.0,0.0,0.0,0.0,0.0,0.0,-5997.4,5.515971073968383,64.01086182,0.0,,,,,,,,,,,,,,,,,6.609375,0.0321258523779177,103.21875,0.5017101201147162,0.099140625,0.0481887785668765,3.61265625,1.7559854204015066,5.515971073968383,2010880,,,0.0303572116522799,Information
146310,2014.0,7701.950296,MRT,Mauritania,Trarza,4.02053302,0.0,0.4,0.83,2014.0,2014.0,0.0,30.0,-9999.0,-9999.0,-9999.0,0.0,1.0,-999.9,-999.9,-999.9,-5997.4,0.0,0.0,0.0,0.0,0.0,0.0,0.0,0.0,0.0,0.0,0.0,-5997.4,0.8484226390743932,80.41066040000001,0.0,,,,,,,,,,,,,,,,,0.0,0.0,10.546875,0.1369377183069695,0.0,0.0,0.369140625,0.4792820140743932,0.8484226390743932,214167,,,0.0008465810227593,Information
146350,2018.0,4086.626365,MRT,Mauritania,Gorgol,4.050415046,0.0,0.4,0.83,2018.0,2018.0,0.0,30.0,-9999.0,-9999.0,-9999.0,0.0,1.0,-999.9,-999.9,-999.9,-5997.4,0.0,0.0,0.0,0.0,0.0,0.0,0.0,0.0,0.0,0.0,0.0,-5997.4,-5997.4,81.00830092000001,0.0,,,,,,,,,,,,,,,,,,,,,,,,,,279594,,,,
146370,2020.0,7522.610104,MRT,Mauritania,Guidimaka,4.053360567,0.0,0.4,0.83,2020.0,2020.0,0.0,30.0,-9999.0,-9999.0,-9999.0,0.0,1.0,-999.9,-999.9,-999.9,-5997.4,0.0,0.0,0.0,0.0,0.0,0.0,0.0,0.0,0.0,0.0,0.0,-5997.4,-5997.4,81.06721134,0.0,,,,,,,,,,,,,,,,,,,,,,,,,,467988,,,,
142889,1784.0,10618.36188,CIV,Côte d'Ivoire,Savanes,1.475753886,0.0,0.46,0.75,1784.0,1784.0,0.0,30.0,-9999.0,-9999.0,-9999.0,0.0,1.0,-999.9,-999.9,-999.9,-5997.4,0.0,0.0,0.0,0.0,0.0,0.0,0.0,0.0,0.0,0.0,0.0,-5997.4,0.122877307003735,29.51507772,0.0,,,,,,,,,,,,,,,,,1.265625,0.011919211400747,1.265625,0.011919211400747,0.018984375,0.0178788171011205,0.044296875,0.0417172399026145,0.122877307003735,632335,,,1.0628895281045416e-10,Information
142898,1792.0,1585.568735,CIV,Côte d'Ivoire,Denguélé,0.01488276,0.0,0.46,0.75,1792.0,1792.0,0.0,28.0,-9999.0,-9999.0,-9999.0,0.0,1.0,-999.9,-999.9,-999.9,-5997.4,0.0,0.0,0.0,0.0,0.0,0.0,0.0,0.0,0.0,0.0,0.0,-5997.4,-5997.4,0.2976552,0.0,,,,,,,,,,,,,,,,,,,,,,,,,,26545,,,,
142899,1793.0,2548.830846,CIV,Côte d'Ivoire,Denguélé,1.329957024,0.0,0.46,0.75,1793.0,1793.0,0.0,30.0,-9999.0,-9999.0,-9999.0,0.0,1.0,-999.9,-999.9,-999.9,-5997.4,0.0,0.0,0.0,0.0,0.0,0.0,0.0,0.0,0.0,0.0,0.0,-5997.4,-5997.4,26.599140480000003,0.0,,,,,,,,,,,,,,,,,,,,,,,,,,88613,,,,
142969,1807.0,2655.628088,CIV,Côte d'Ivoire,Denguélé,0.024701914,0.0,0.46,0.75,1807.0,1807.0,0.0,28.0,-9999.0,-9999.0,-9999.0,0.0,1.0,-999.9,-999.9,-999.9,-5997.4,0.0,0.0,0.0,0.0,0.0,0.0,0.0,0.0,0.0,0.0,0.0,-5997.4,-5997.4,0.4940382799999999,0.0,,,,,,,,,,,,,,,,,,,,,,,,,,41379,,,,
144205,1856.0,10172.39906,CIV,Côte d'Ivoire,Savanes,3.489541497,0.0,0.46,0.75,1856.0,1856.0,0.0,24.0,2.0,2.0,2.0,0.0,1.0,0.2,0.2,0.2,-2997.1,0.0,0.0,0.0,0.0,0.0,0.0,0.0,0.0,0.0,0.0,0.0,-2997.1,-2997.1,69.79082994,0.0,,,,,,,,,,,,,,,,,,,,,,,,,,1186071,,,,
144507,1893.0,15294.97674,CIV,Côte d'Ivoire,Zanzan,1.439810736,0.0,0.46,0.75,1893.0,1893.0,0.0,29.0,-9999.0,-9999.0,-9999.0,0.0,1.0,-999.9,-999.9,-999.9,-5997.4,0.0,0.0,0.0,0.0,0.0,0.0,0.0,0.0,0.0,0.0,0.0,-5997.4,-5997.4,28.79621472,0.0,,,,,,,,,,,,,,,,,,,,,,,,,,445253,,,,
145201,1925.0,18035.32029,CIV,Côte d'Ivoire,Lagunes,3.36128929,0.0,0.46,0.75,1925.0,1925.0,0.0,19.0,-9999.0,-9999.0,-9999.0,0.0,1.0,-999.9,-999.9,-999.9,-5997.4,0.0,0.0,0.0,0.0,0.0,0.0,0.0,0.0,0.0,0.0,0.0,-5997.4,0.3060358004746178,67.22578580000001,0.0,,,,,,,,,,,,,,,,,0.0,0.0,5.625,0.0311888001356051,0.0,0.0,0.196875,0.1091608004746178,0.3060358004746178,2204556,,,1.4791410465236364e-06,Information
145204,1928.0,5086.429967,CIV,Côte d'Ivoire,Zanzan,3.395700192,0.0,0.46,0.75,1928.0,1928.0,0.0,20.0,-9999.0,-9999.0,-9999.0,0.0,1.0,-999.9,-999.9,-999.9,-5997.4,0.0,0.0,0.0,0.0,0.0,0.0,0.0,0.0,0.0,0.0,0.0,-5997.4,-5997.4,67.91400384,0.0,,,,,,,,,,,,,,,,,,,,,,,,,,156769,,,,
145205,1929.0,13960.99585,CIV,Côte d'Ivoire,Zanzan,2.07584012,0.0,0.46,0.75,1929.0,1929.0,0.0,29.0,-9999.0,-9999.0,-9999.0,0.0,1.0,-999.9,-999.9,-999.9,-5997.4,0.0,0.0,0.0,0.0,0.0,0.0,0.0,0.0,0.0,0.0,0.0,-5997.4,0.1761870003364182,41.5168024,0.0,,,,,,,,,,,,,,,,,0.28125,0.0020145411051073,2.8125,0.0201454110510735,0.00421875,0.0030218116576609,0.0984375,0.0705089386787572,0.1761870003364182,251271,,,3.2192830413737902e-09,Information
145207,1931.0,12987.43061,CIV,Côte d'Ivoire,Zanzan,2.210289105,0.0,0.46,0.75,1931.0,1931.0,0.0,28.0,-9999.0,-9999.0,-9999.0,0.0,1.0,-999.9,-999.9,-999.9,-5997.4,0.0,0.0,0.0,0.0,0.0,0.0,0.0,0.0,0.0,0.0,0.0,-5997.4,-5997.4,44.20578210000001,0.0,,,,,,,,,,,,,,,,,,,,,,,,,,238801,,,,
145300,1934.0,11258.63642,CIV,Côte d'Ivoire,Lagunes,1.935668617,0.0,0.46,0.75,1934.0,1934.0,0.0,20.0,-9999.0,-9999.0,-9999.0,0.0,1.0,-999.9,-999.9,-999.9,-5997.4,0.0,0.0,0.0,0.0,0.0,0.0,0.0,0.0,0.0,0.0,0.0,-5997.4,0.47557,38.71337234,0.0,,30.0,0.266,21.125,0.188,2.688,0.024,0.0,0.0,0.21125,0.188,0.04032,0.036,0.0,0.0,0.47557,2.25,0.0199846581472568,5.484375,0.0487126042339385,0.03375,0.0299769872208852,0.191953125,0.1704941148187847,0.4261742270396699,5593984,,,5.904882328161606e-07,Information
145401,1935.0,3116.767317,CIV,Côte d'Ivoire,Lagunes,4.015398266,0.0,0.46,0.75,1935.0,1935.0,0.0,23.0,-9999.0,-9999.0,-9999.0,0.0,1.0,-999.9,-999.9,-999.9,-5997.4,0.0,0.0,0.0,0.0,0.0,0.0,0.0,0.0,0.0,0.0,0.0,-5997.4,-5997.4,80.30796532,0.0,,,,,,,,,,,,,,,,,,,,,,,,,,251024,,,,
145402,1936.0,35564.52833,CIV,Côte d'Ivoire,Vallée du Bandama,1.973466953,0.0,0.46,0.75,1936.0,1936.0,0.0,16.0,-9999.0,-9999.0,-9999.0,0.0,1.0,-999.9,-999.9,-999.9,-5997.400000000001,0.0,0.0,0.0,0.0,0.0,0.0,0.0,0.0,0.0,0.0,0.0,-5997.400000000001,0.1297193779907947,39.46933906,0.0,,,,,,,,,,,,,,,,,0.84375,0.0023724481658995,2.53125,0.0071173444976987,0.01265625,0.0035586722488492,0.08859375,0.0249107057419454,0.1297193779907947,2191502,,,3.984801650400776e-10,Information
145403,1937.0,1696.081125,CIV,Côte d'Ivoire,Lagunes,4.008536764,0.0,0.46,0.75,1937.0,1937.0,0.0,30.0,-9999.0,-9999.0,-9999.0,0.0,1.0,-999.9,-999.9,-999.9,-5997.4,0.0,0.0,0.0,0.0,0.0,0.0,0.0,0.0,0.0,0.0,0.0,-5997.4,0.727306635436336,80.17073527999999,0.0,,3.625,0.214,2.625,0.155,0.375,0.022,0.062,0.004,0.02625,0.155,0.005625,0.033,0.00155,0.01,0.231425,2.109375,0.1243675770872672,2.109375,0.1243675770872672,0.031640625,0.1865513656309008,0.073828125,0.4352865198054352,0.727306635436336,184308,,,0.0004739239382034,Information
145406,1940.0,21672.18269,CIV,Côte d'Ivoire,Woroba,3.894243609,0.0,0.46,0.75,1940.0,1940.0,0.0,24.0,2.0,2.0,2.0,0.0,1.0,0.2,0.2,0.2,-2997.099999999999,0.0,0.0,0.0,0.0,0.0,0.0,0.0,0.0,0.0,0.0,0.0,-2997.099999999999,0.2229808745568592,77.88487218,0.0,,,,,,,,,,,,,,,,,2.953125,0.0136263386239082,3.09375,0.0142752118917134,0.044296875,0.0204395079358623,0.10828125,0.0499632416209969,0.2229808745568592,1274948,,,2.1437959347800534e-06,Information
145407,1941.0,12707.21194,CIV,Côte d'Ivoire,Vallée du Bandama,2.232652342,0.0,0.46,0.75,1941.0,1941.0,0.0,29.0,-9999.0,-9999.0,-9999.0,0.0,1.0,-999.9,-999.9,-999.9,-5997.4,0.0,0.0,0.0,0.0,0.0,0.0,0.0,0.0,0.0,0.0,0.0,-5997.4,0.3379857264442435,44.65304684,0.0,,,,,,,,,,,,,,,,,1.125,0.0088532402346018,4.921875,0.0387329260263831,0.016875,0.0132798603519026,0.172265625,0.1355652410923408,0.3379857264442435,677668,,,1.712924253255938e-07,Information
145409,1943.0,15142.54192,CIV,Côte d'Ivoire,Savanes,1.090357105,0.0,0.46,0.75,1943.0,1943.0,0.0,27.0,-9999.0,-9999.0,-9999.0,0.0,1.0,-999.9,-999.9,-999.9,-5997.4,0.0,0.0,0.0,0.0,0.0,0.0,0.0,0.0,0.0,0.0,0.0,-5997.4,0.3467363613653655,21.8071421,0.0,,,,,,,,,,,,,,,,,3.09375,0.020430849831906,4.640625,0.030646274747859,0.04640625,0.0306462747478589,0.162421875,0.1072619616175065,0.3467363613653655,1063635,,,3.0072614500909374e-08,Information
145500,1944.0,12615.26172,CIV,Côte d'Ivoire,Gôh-Djiboua,3.380380481,0.144383148,0.46,0.75,1944.0,,,,,,,,,,,,,,,,,,,,,,,,,2.368452465788061,67.60760962,2.88766296,,8.938,0.071,7.875,0.062,0.188,0.001,0.0,0.0,0.07875,0.062,0.00282,0.0015,0.0,0.0,0.1450699999999999,22.78125,0.1805848384328535,27.984375,0.2218295237539373,0.34171875,0.2708772576492803,0.979453125,0.7764033331387805,2.368452465788061,1084717,,,0.0044524104378998,Information
145601,1945.0,13525.39535,CIV,Côte d'Ivoire,Gôh-Djiboua,2.080308613,0.0,0.46,0.75,1945.0,1945.0,0.0,16.0,-9999.0,-9999.0,-9999.0,0.0,1.0,-999.9,-999.9,-999.9,-5997.4,0.0,0.0,0.0,0.0,0.0,0.0,0.0,0.0,0.0,0.0,0.0,-5997.4,0.8145049558305417,41.60617226,0.0,,,,,,,,,,,,,,,,,8.578125,0.0634223605275167,9.703125,0.0717400471540762,0.128671875,0.095133540791275,0.339609375,0.2510901650392667,0.8145049558305417,2007475,,,9.669666517896929e-06,Information
145602,1946.0,12796.94648,CIV,Côte d'Ivoire,Sassandra-Marahoué,2.206134504,0.0,0.46,0.75,1946.0,1946.0,0.0,20.0,-9999.0,-9999.0,-9999.0,0.0,1.0,-999.9,-999.9,-999.9,-5997.4,0.0,0.0,0.0,0.0,0.0,0.0,0.0,0.0,0.0,0.0,0.0,-5997.4,0.400823193717635,44.12269008,0.0,,,,,,,,,,,,,,,,,4.5,0.035164638743527,4.5,0.035164638743527,0.0675,0.0527469581152905,0.1575,0.1230762356023445,0.400823193717635,1452612,,,3.9586858308342e-07,Information
145605,1949.0,9613.306445,CIV,Côte d'Ivoire,Montagnes,2.358325948,0.0,0.46,0.75,1949.0,1949.0,0.0,30.0,-9999.0,-9999.0,-9999.0,0.0,1.0,-999.9,-999.9,-999.9,-5997.4,0.0,0.0,0.0,0.0,0.0,0.0,0.0,0.0,0.0,0.0,0.0,-5997.4,-5997.4,47.166518960000005,0.0,,,,,,,,,,,,,,,,,,,,,,,,,,1040901,,,,
145607,1951.0,3930.02811,CIV,Côte d'Ivoire,Woroba,0.497016343,0.0,0.46,0.75,1951.0,1951.0,0.0,30.0,-9999.0,-9999.0,-9999.0,0.0,1.0,-999.9,-999.9,-999.9,-5997.4,0.0,0.0,0.0,0.0,0.0,0.0,0.0,0.0,0.0,0.0,0.0,-5997.4,-5997.4,9.94032686,0.0,,,,,,,,,,,,,,,,,,,,,,,,,,86551,,,,
145608,1952.0,10046.03385,CIV,Côte d'Ivoire,Denguélé,2.635139585,0.0,0.46,0.75,1952.0,1952.0,0.0,30.0,-9999.0,-9999.0,-9999.0,0.0,1.0,-999.9,-999.9,-999.9,-5997.4,0.0,0.0,0.0,0.0,0.0,0.0,0.0,0.0,0.0,0.0,0.0,-5997.4,-5997.4,52.702791700000006,0.0,,,,,,,,,,,,,,,,,,,,,,,,,,134616,,,,
145710,1954.0,8673.859094,CIV,Côte d'Ivoire,Bas-Sassandra,4.05893644,1.792931758,0.46,0.75,1954.0,,,,,,,,,,,,,,,,,,,,,,,,,0.3648138325689275,81.1787288,35.85863516,,6.875,0.079,5.75,0.066,0.0,0.0,0.0,0.0,0.0575,0.066,0.0,0.0,0.0,0.0,0.1235,1.125,0.0129700054817545,4.359375,0.0502587712417988,0.016875,0.0194550082226317,0.152578125,0.1759056993462958,0.3648138325689275,975055,,,4.017465919173118e-05,Information
145720,1955.0,29688.95661,CIV,Côte d'Ivoire,Montagnes,3.519267561,0.0,0.46,0.75,1955.0,1955.0,0.0,30.0,2.0,2.0,-9999.0,0.0,1.0,0.2,0.2,-999.9,-4663.933333333333,0.0,0.0,0.0,0.0,0.0,0.0,0.0,0.0,0.0,0.0,0.0,-4663.933333333333,0.2171297170891306,70.38535122,0.0,,,,,,,,,,,,,,,,,1.96875,0.0066312535865613,3.796875,0.0127888462026539,0.02953125,0.0099468803798419,0.132890625,0.0447609617092886,0.2171297170891306,1093483,,,4.427141699806466e-07,Information
142963,1801.0,5759.404413,GIN,Guinea,Kankan,3.604210815,0.0,0.39,0.85,1801.0,1801.0,0.0,30.0,-9999.0,-9999.0,-9999.0,0.0,1.0,-999.9,-999.9,-999.9,-5997.4,0.0,0.0,0.0,0.0,0.0,0.0,0.0,0.0,0.0,0.0,0.0,-5997.4,-5997.4,72.08421630000001,0.0,,,,,,,,,,,,,,,,,,,,,,,,,,177559,,,,
142964,1802.0,8349.108569,GIN,Guinea,Kankan,3.096563694,0.0,0.39,0.85,1802.0,1802.0,0.0,30.0,-9999.0,-9999.0,-9999.0,0.0,1.0,-999.9,-999.9,-999.9,-5997.4,0.0,0.0,0.0,0.0,0.0,0.0,0.0,0.0,0.0,0.0,0.0,-5997.4,-5997.4,61.93127388,0.0,,,,,,,,,,,,,,,,,,,,,,,,,,196977,,,,
142970,1808.0,8365.244023,GIN,Guinea,Kankan,2.611708835,0.0,0.39,0.85,1808.0,1808.0,0.0,30.0,-9999.0,-9999.0,-9999.0,0.0,1.0,-999.9,-999.9,-999.9,-5997.4,0.0,0.0,0.0,0.0,0.0,0.0,0.0,0.0,0.0,0.0,0.0,-5997.4,0.2161118914861892,52.2341767,0.0,,,,,,,,,,,,,,,,,0.0,0.0,2.8125,0.0336212547103398,0.0,0.0,0.0984375,0.1176743914861892,0.2161118914861892,720877,,,3.364339387407397e-08,Information
142982,1810.0,13726.44239,GIN,Guinea,Kankan,3.485593603,0.0,0.39,0.85,1810.0,1810.0,0.0,30.0,-9999.0,-9999.0,-9999.0,0.0,1.0,-999.9,-999.9,-999.9,-5997.4,0.0,0.0,0.0,0.0,0.0,0.0,0.0,0.0,0.0,0.0,0.0,-5997.4,-5997.4,69.71187205999999,0.0,,,,,,,,,,,,,,,,,,,,,,,,,,606043,,,,
142984,1812.0,12973.3309,GIN,Guinea,Kankan,2.505523647,0.0,0.39,0.85,1812.0,1812.0,0.0,29.0,-9999.0,-9999.0,-9999.0,0.0,1.0,-999.9,-999.9,-999.9,-5997.4,0.0,0.0,0.0,0.0,0.0,0.0,0.0,0.0,0.0,0.0,0.0,-5997.4,-5997.4,50.11047294,0.0,,,,,,,,,,,,,,,,,,,,,,,,,,420049,,,,
142985,1813.0,1731.24545,GIN,Guinea,Kankan,4.062214907,0.0,0.39,0.85,1813.0,1813.0,0.0,30.0,-9999.0,-9999.0,-9999.0,0.0,1.0,-999.9,-999.9,-999.9,-5997.4,0.0,0.0,0.0,0.0,0.0,0.0,0.0,0.0,0.0,0.0,0.0,-5997.4,0.1334062104021615,81.24429814000001,0.0,,,,,,,,,,,,,,,,,0.0,0.0,0.5625,0.0324910601149033,0.0,0.0,0.0196875,0.1137187104021615,0.1334062104021615,69839,,,3.79053050581793e-07,Information
142989,1817.0,3767.45128,GIN,Guinea,Faranah,4.021168929,0.0,0.39,0.85,1817.0,1817.0,0.0,30.0,-9999.0,-9999.0,-9999.0,0.0,1.0,-999.9,-999.9,-999.9,-5997.4,0.0,0.0,0.0,0.0,0.0,0.0,0.0,0.0,0.0,0.0,0.0,-5997.4,-5997.4,80.42337857999999,0.0,,,,,,,,,,,,,,,,,,,,,,,,,,189489,,,,
142990,1818.0,19393.80064,GIN,Guinea,Kankan,3.056297338,0.0,0.39,0.85,1818.0,1818.0,0.0,30.0,-9999.0,-9999.0,-9999.0,0.0,1.0,-999.9,-999.9,-999.9,-5997.4,0.0,0.0,0.0,0.0,0.0,0.0,0.0,0.0,0.0,0.0,0.0,-5997.4,-5997.4,61.12594676,0.0,,,,,,,,,,,,,,,,,,,,,,,,,,516190,,,,
145760,1966.0,19693.45686,GIN,Guinea,Nzérékoré,4.019346379,0.0,0.39,0.85,1966.0,,,,,,,,,,,,,,,,,,,,,,,,,0.3572738623424317,80.38692757999999,0.0,,15.812,0.08,15.062,0.076,0.0,0.0,0.0,0.0,0.15062,0.076,0.0,0.0,0.0,0.0,0.22662,3.65625,0.0185658111032832,5.203125,0.0264205773392877,0.05484375,0.0278487166549247,0.182109375,0.0924720206875069,0.3572738623424317,1641597,,,3.094989772820933e-05,Information
145775,1971.0,13945.13186,GIN,Guinea,Kindia,4.012774055,3.14247856,0.39,0.85,1971.0,1971.0,0.0,30.0,2.0,-9999.0,-9999.0,0.0,1.0,0.2,-999.9,-999.9,-3997.2,0.0,0.0,0.0,0.0,0.0,0.0,0.0,0.0,0.0,0.0,0.0,-3997.2,0.6302279366649612,80.25548110000001,62.8495712,,17.0,0.122,15.75,0.113,1.312,0.009,0.688,0.005,0.1575,0.113,0.01968,0.0134999999999999,0.0171999999999999,0.0125,0.33338,4.78125,0.0342861584161252,8.4375,0.060504985440221,0.07171875,0.0514292376241878,0.2953125,0.2117674490407735,0.6302279366649612,3572609,,,0.0002860057854176,Information
145776,1972.0,16840.37685,GIN,Guinea,Mamou,3.074237456,0.0,0.39,0.85,1972.0,1972.0,0.0,30.0,-9999.0,-9999.0,-9999.0,0.0,1.0,-999.9,-999.9,-999.9,-5997.400000000001,0.0,0.0,0.0,0.0,0.0,0.0,0.0,0.0,0.0,0.0,0.0,-5997.400000000001,2.643609379729817,61.48474912,0.0,,,,,,,,,,,,,,,,,0.0,0.0,47.390625,0.2814107156370907,0.0,0.0,1.658671875,0.9849375047298174,2.643609379729817,1117718,,,0.0036931219321783,Information
145777,1973.0,15536.90066,GIN,Guinea,Boké,3.762786219,4.0068335,0.39,0.85,1973.0,1973.0,0.0,30.0,-9999.0,-9999.0,-9999.0,0.0,1.0,-999.9,-999.9,-999.9,-5997.4,0.0,0.0,0.0,0.0,0.0,0.0,0.0,0.0,0.0,0.0,0.0,-5997.4,6.329641001865731,75.25572438,80.13667,,36.688,0.236,33.062,0.213,1.25,0.008,1.188,0.008,0.3306199999999999,0.213,0.01875,0.012,0.0296999999999999,0.02,0.62407,1.125,0.0072408263702486,109.546875,0.7050754678029596,0.016875,0.0108612395553728,3.834140625,2.4677641373103585,6.329641001865731,788568,,,0.1263881844664382,Information
145778,1974.0,8133.994685,GIN,Guinea,Boké,3.793331635,0.0,0.39,0.85,1974.0,1974.0,0.0,30.0,-9999.0,-9999.0,-9999.0,0.0,1.0,-999.9,-999.9,-999.9,-5997.4,0.0,0.0,0.0,0.0,0.0,0.0,0.0,0.0,0.0,0.0,0.0,-5997.4,0.647399248993742,75.8666327,0.0,,,,,,,,,,,,,,,,,0.0,0.0,8.296875,0.102002463998212,0.0,0.0,0.290390625,0.357008623993742,0.647399248993742,208209,,,0.0001482221465781,Information
145780,1976.0,24453.97199,GIN,Guinea,Boké,3.143297208,0.238445342,0.39,0.85,1976.0,1976.0,0.0,30.0,-9999.0,-9999.0,-9999.0,0.0,1.0,-999.9,-999.9,-999.9,-5997.4,0.0,0.0,0.0,0.0,0.0,0.0,0.0,0.0,0.0,0.0,0.0,-5997.4,0.2912525632035463,62.86594416,4.76890684,,,,,,,,,,,,,,,,,0.0,0.0,5.90625,0.0241525180581561,0.0,0.0,0.20671875,0.0845338132035463,0.2912525632035463,684834,,,6.232510684976899e-07,Information
145804,1989.0,6485.597663,GIN,Guinea,Boké,2.330832101,0.0,0.39,0.85,1989.0,1989.0,0.0,8.0,-9999.0,-9999.0,-9999.0,0.0,3.0,-999.9,-999.9,-999.9,-5995.4,0.0,0.0,0.0,0.0,0.0,0.0,0.0,0.0,0.0,0.0,0.0,-5995.4,-5995.4,46.61664202,0.0,,,,,,,,,,,,,,,,,,,,,,,,,,127759,,,,
145809,1994.0,15543.22238,GIN,Guinea,Labé,1.842927375,0.0,0.39,0.85,1994.0,1994.0,0.0,11.0,-9999.0,-9999.0,-9999.0,0.0,1.0,-999.9,-999.9,-999.9,-5997.4,0.0,0.0,0.0,0.0,0.0,0.0,0.0,0.0,0.0,0.0,0.0,-5997.4,-5997.4,36.8585475,0.0,,,,,,,,,,,,,,,,,,,,,,,,,,372702,,,,
146807,2050.0,9705.395654,GIN,Guinea,Faranah,3.51798981,0.0,0.39,0.85,2050.0,2050.0,0.0,30.0,-9999.0,-9999.0,-9999.0,0.0,1.0,-999.9,-999.9,-999.9,-5997.4,0.0,0.0,0.0,0.0,0.0,0.0,0.0,0.0,0.0,0.0,0.0,-5997.4,-5997.4,70.3597962,0.0,,,,,,,,,,,,,,,,,,,,,,,,,,192347,,,,
146809,2052.0,4472.408049,GIN,Guinea,Mamou,2.459618279,0.0,0.39,0.85,2052.0,2052.0,0.0,30.0,-9999.0,-9999.0,-9999.0,0.0,1.0,-999.9,-999.9,-999.9,-5997.4,0.0,0.0,0.0,0.0,0.0,0.0,0.0,0.0,0.0,0.0,0.0,-5997.4,0.1114879675736792,49.19236558,0.0,,,,,,,,,,,,,,,,,0.0,0.0,0.984375,0.0220099550210512,0.0,0.0,0.034453125,0.0770348425736792,0.1114879675736792,179296,,,4.623731125648199e-10,Information
143090,1842.0,9731.267925,TGO,Togo,Maritime,3.109034718,3.219892303,0.42,0.81,1842.0,1842.0,0.0,16.0,-9999.0,-9999.0,-9999.0,0.0,1.0,-999.9,-999.9,-999.9,-5994.400000000001,0.0,0.0,0.0,0.0,0.0,0.0,0.0,0.0,0.0,0.0,0.0,-5994.400000000001,13.164609278299864,62.18069436,64.39784606,,17.938,0.184,15.938,0.164,0.188,0.002,0.0,0.0,0.15938,0.164,0.00282,0.003,0.0,0.0,0.3292,54.84375,0.5635827769194169,162.0,1.6647368179773545,0.82265625,0.8453741653791254,5.67,5.826578862920741,13.164609278299864,4752007,,,0.1598987684573932,Information
144202,1853.0,6038.46529,TGO,Togo,Kara,4.048087637,0.0,0.42,0.81,1853.0,1853.0,0.0,8.0,-9999.0,-9999.0,-9999.0,0.0,3.0,-999.9,-999.9,-999.9,-5994.6,0.0,0.0,0.0,0.0,0.0,0.0,0.0,0.0,0.0,0.0,0.0,-5994.6,-5994.6,80.96175274000001,0.0,,,,,,,,,,,,,,,,,,,,,,,,,,673230,,,,
144204,1855.0,6865.761434,TGO,Togo,Kara,2.483348219,0.0,0.42,0.81,1855.0,1855.0,0.0,30.0,-9999.0,-9999.0,-9999.0,0.0,1.0,-999.9,-999.9,-999.9,-2997.1,0.0,0.0,0.0,0.0,0.0,0.0,0.0,0.0,0.0,0.0,0.0,-2997.1,-2997.1,49.66696438,0.0,,,,,,,,,,,,,,,,,,,,,,,,,,573101,,,,
144104,1846.0,12469.41297,GHA,Ghana,Eastern,2.039358156,0.0,0.53,0.65,1846.0,,,,,,,,,,,,,,,,,,,,,,,,,10.617500162678436,40.78716312,0.0,,36.438,0.292,30.062,0.241,6.812,0.055,0.375,0.003,0.30062,0.241,0.1021799999999999,0.0825,0.009375,0.0075,0.7431749999999999,57.796875,0.4635091895849253,143.578125,1.151442536657442,0.866953125,0.695263784377388,5.025234375,4.030048878301047,10.617500162678436,988819,,,0.0428404491790694,Information
144105,1847.0,4591.093845,GHA,Ghana,Volta,2.869412319,0.0,0.53,0.65,1847.0,,,,,,,,,,,,,,,,,,,,,,,,,16.936205998282976,57.38824638,0.0,,16.375,0.357,13.938,0.304,2.938,0.064,0.375,0.008,0.13938,0.304,0.04407,0.096,0.009375,0.02,0.6128250000000001,78.328125,1.7060885193742228,118.6875,2.5851682412061834,1.174921875,2.559132779061334,4.1540625,9.048088844221642,16.936205998282976,816668,,,0.1780879275949781,Information
144106,1848.0,3049.133158,GHA,Ghana,Ashanti,2.75108349,0.0,0.53,0.65,1848.0,,,,,,,,,,,,,,,,,,,,,,,,,3.108408826070839,55.0216698,0.0,,2.062,0.068,2.062,0.068,1.0,0.033,0.25,0.008,0.02062,0.068,0.015,0.0495,0.00625,0.02,0.17937,10.6875,0.3505094545622145,16.171875,0.5303761483507193,0.1603125,0.5257641818433217,0.566015625,1.8563165192275173,3.108408826070839,99399,,,0.003769247637841,Information
144107,1849.0,1146.332447,GHA,Ghana,Volta,2.526827405,0.0,0.53,0.65,1849.0,,,,,,,,,,,,,,,,,,,,,,,,,6.747938239975728,50.536548100000005,0.0,,3.062,0.267,1.812,0.158,0.688,0.06,0.25,0.022,0.01812,0.158,0.01032,0.09,0.00625,0.0549999999999999,0.33769,9.84375,0.8587168602802451,15.609375,1.361679592730103,0.14765625,1.2880752904203676,0.546328125,4.7658785745553605,6.747938239975728,105518,,,0.0231856913770185,Information
144108,1850.0,4458.52209,GHA,Ghana,Volta,3.137955124,0.0,0.53,0.65,1850.0,,,,,,,,,,,,,,,,,,,,,,,,,4.94794944646251,62.75910248,0.0,,5.812,0.13,4.5,0.101,1.25,0.028,0.0,0.0,0.045,0.101,0.01875,0.042,0.0,0.0,0.20675,21.65625,0.4857270988527434,34.3125,0.7695935851952557,0.32484375,0.7285906482791151,1.2009375,2.693577548183395,4.94794944646251,275441,,,0.0217730242723791,Information
144109,1851.0,1721.500218,GHA,Ghana,Brong Ahafo,4.00626953,0.0,0.53,0.65,1851.0,,,,,,,,,,,,,,,,,,,,,,,,,10.599521844575955,80.1253906,0.0,,3.312,0.192,3.312,0.192,0.562,0.033,0.0,0.0,0.03312,0.192,0.00843,0.0495,0.0,0.0,0.2830499999999999,19.125,1.1109496123417613,36.28125,2.107536764589518,0.286875,1.666424418512642,1.26984375,7.376378676063313,10.599521844575955,25133,,,0.2647943098421766,Information
144201,1852.0,22205.01795,GHA,Ghana,Northern,3.192773189,0.0,0.53,0.65,1852.0,1852.0,0.0,30.0,-9999.0,-9999.0,-9999.0,0.0,1.0,-999.9,-999.9,-999.9,-5997.4,0.0,0.0,0.0,0.0,0.0,0.0,0.0,0.0,0.0,0.0,0.0,-5997.4,11.735586800257286,63.85546378,0.0,,10.688,0.048,8.75,0.039,1.562,0.007,0.125,0.001,0.0875,0.039,0.02343,0.0105,0.003125,0.0025,0.166055,100.40625,0.4521781978421448,188.15625,0.8473591438554476,1.50609375,0.6782672967632172,6.58546875,2.965757003494067,11.735586800257286,1321386,,,0.1303157138467693,Information
144301,1861.0,425.3519253,GHA,Ghana,Volta,4.226345158,0.0,0.53,0.65,1861.0,,,,,,,,,,,,,,,,,,,,,,,,,15.527432575874496,84.52690316,0.0,,3.562,0.838,2.938,0.691,0.312,0.073,0.0,0.0,0.02938,0.691,0.00468,0.1094999999999999,0.0,0.0,0.83456,5.484375,1.2893734985218763,15.75,3.7028162008833374,0.082265625,1.9340602477828144,0.55125,12.95985670309168,15.527432575874496,13149,,,0.5013984793542453,Advisory
144302,1862.0,5071.629155,GHA,Ghana,Brong Ahafo,2.100619638,0.0,0.53,0.65,1862.0,,,,,,,,,,,,,,,,,,,,,,,,,2.6432349922155947,42.01239276,0.0,,3.625,0.071,3.625,0.071,0.312,0.006,0.0,0.0,0.03625,0.071,0.00468,0.009,0.0,0.0,0.1209299999999999,7.453125,0.1469572157508719,22.21875,0.4380988695969391,0.111796875,0.2204358236263078,0.77765625,1.533346043589287,2.6432349922155947,144022,,,0.0010067771508773,Information
144303,1863.0,2951.761689,GHA,Ghana,Brong Ahafo,2.86914559,0.0,0.53,0.65,1863.0,,,,,,,,,,,,,,,,,,,,,,,,,8.63541057939646,57.3829118,0.0,,7.688,0.26,7.438,0.252,0.25,0.008,0.0,0.0,0.07438,0.252,0.00375,0.012,0.0,0.0,0.34213,20.953125,0.7098515126509986,47.25,1.6007389815485602,0.314296875,1.0647772689764978,1.65375,5.602586435419961,8.63541057939646,149473,,,0.0552015379913181,Information
144306,1866.0,8967.472895,GHA,Ghana,Brong Ahafo,2.133699018,0.0,0.53,0.65,1866.0,1866.0,0.0,28.0,2.0,2.0,-9999.0,0.0,1.0,0.2,0.2,-999.9,-1997.0,0.0,0.0,0.0,0.0,0.0,0.0,0.0,0.0,0.0,0.0,0.0,-1997.0,2.737951354899726,42.67398036,0.0,,,,,,,,,,,,,,,,,4.921875,0.0548858642547424,34.875,0.3889055524336035,0.073828125,0.0823287963821136,1.220625,1.361169433517612,2.737951354899726,612161,,,0.0011768382496867,Information
144307,1867.0,3013.508733,GHA,Ghana,Northern,3.411930202,0.0,0.53,0.65,1867.0,,,,,,,,,,,,,,,,,,,,,,,,,11.595891727278344,68.23860404,0.0,,7.75,0.257,7.5,0.249,1.062,0.035,0.0,0.0,0.075,0.249,0.01593,0.0525,0.0,0.0,0.39243,15.609375,0.5179800817506656,70.03125,2.323910637043527,0.234140625,0.7769701226259984,2.45109375,8.133687229652345,11.595891727278344,142045,,,0.1568230928088736,Information
144308,1868.0,6064.097484,GHA,Ghana,Northern,1.332713963,0.0,0.53,0.65,1868.0,,,,,,,,,,,,,,,,,,,,,,,,,6.737072256807542,26.65427926,0.0,,5.562,0.092,5.25,0.087,0.062,0.001,0.0,0.0,0.0525,0.087,0.0009299999999999,0.0015,0.0,0.0,0.1419299999999999,16.3125,0.2690012824383052,65.671875,1.0829620594714529,0.2446875,0.4035019236574577,2.298515625,3.790367208150085,6.737072256807542,568961,,,0.0084803466328297,Information
144309,1869.0,465.9147465,GHA,Ghana,Northern,3.284359353,0.0,0.53,0.65,1869.0,,,,,,,,,,,,,,,,,,,,,,,,,29.70927622621859,65.68718706,0.0,,3.562,0.765,3.5,0.751,0.0,0.0,0.0,0.0,0.035,0.751,0.0,0.0,0.0,0.0,0.786,4.5,0.965841934331733,35.859375,7.696552914205998,0.0675,1.4487629014975996,1.255078125,26.937935199721,29.70927622621859,9050,,,0.4427267380970788,Advisory
144430,1872.0,8325.352084,GHA,Ghana,Northern,1.022685476,0.0,0.53,0.65,1872.0,1872.0,0.0,30.0,2.0,-9999.0,-9999.0,0.0,1.0,0.2,-999.9,-999.9,-4663.933333333333,0.0,0.0,0.0,0.0,0.0,0.0,0.0,0.0,0.0,0.0,0.0,-4663.933333333333,-4663.933333333333,20.45370952,0.0,,,,,,,,,,,,,,,,,,,,,,,,,,379560,,,,
144440,1873.0,5363.350617,GHA,Ghana,Northern,0.676272805,0.0,0.53,0.65,1873.0,1873.0,0.0,30.0,-9999.0,-9999.0,-9999.0,0.0,1.0,-999.9,-999.9,-999.9,-5997.4,0.0,0.0,0.0,0.0,0.0,0.0,0.0,0.0,0.0,0.0,0.0,-5997.4,-5997.4,13.5254561,0.0,,,,,,,,,,,,,,,,,,,,,,,,,,368867,,,,
144460,1875.0,23842.34277,GHA,Ghana,Upper West,1.558046914,0.0,0.53,0.65,1875.0,1875.0,0.0,28.0,-9999.0,-9999.0,-9999.0,0.0,1.0,-999.9,-999.9,-999.9,-5997.4,0.0,0.0,0.0,0.0,0.0,0.0,0.0,0.0,0.0,0.0,0.0,-5997.4,-5997.4,31.16093828,0.0,,,,,,,,,,,,,,,,,,,,,,,,,,829529,,,,
144470,1876.0,5352.589909,GHA,Ghana,Upper East,2.990102592,0.0,0.53,0.65,1876.0,1876.0,0.0,30.0,2.0,2.0,2.0,0.0,1.0,0.2,0.2,0.2,3.2,0.0,0.0,0.0,0.0,0.0,0.0,0.0,0.0,0.0,0.0,0.0,3.2,3.2,59.80205184,0.0,,,,,,,,,,,,,,,,,,,,,,,,,,726586,,,0.0056923238798978,Information
144491,1878.0,3915.745902,GHA,Ghana,Upper East,1.19794999,0.0,0.53,0.65,1878.0,1878.0,0.0,30.0,3.0,2.0,2.0,0.0,1.0,0.3,0.2,0.2,3.4,0.0,0.0,0.0,0.0,0.0,0.0,0.0,0.0,0.0,0.0,0.0,3.4,3.4,23.9589998,0.0,,,,,,,,,,,,,,,,,0.0,0.0,3.09375,0.0790079355937899,0.0,0.0,0.10828125,0.2765277745782646,0.3848090245782646,756669,,,0.0009433937377276,Information
144501,1887.0,3902.978605,GHA,Ghana,Brong Ahafo,2.722277472,0.0,0.53,0.65,1887.0,,,,,,,,,,,,,,,,,,,,,,,,,9.89580783613061,54.44554944,0.0,,3.688,0.094,3.688,0.094,0.062,0.002,0.0,0.0,0.03688,0.094,0.0009299999999999,0.003,0.0,0.0,0.1348099999999999,6.046875,0.1549297501030707,76.78125,1.9672475245645724,0.090703125,0.232394625154606,2.68734375,6.885366335976004,9.89580783613061,76998,,,0.0634057352949912,Information
144503,1889.0,8198.732967,GHA,Ghana,Brong Ahafo,1.935196832,0.0,0.53,0.65,1889.0,1889.0,0.0,19.0,-9999.0,-9999.0,-9999.0,0.0,1.0,-999.9,-999.9,-999.9,-5997.4,0.0,0.0,0.0,0.0,0.0,0.0,0.0,0.0,0.0,0.0,0.0,-5997.4,0.8303067776315403,38.70393664,0.0,,,,,,,,,,,,,,,,,0.0,0.0,10.6875,0.1303555078947258,0.0,0.0,0.3740625,0.4562442776315403,0.8303067776315403,208011,,,8.475565820317926e-06,Information
144505,1891.0,1977.969685,GHA,Ghana,Brong Ahafo,2.136920136,0.0,0.53,0.65,1891.0,1891.0,0.0,19.0,-9999.0,-9999.0,-9999.0,0.0,1.0,-999.9,-999.9,-999.9,-5997.4,0.0,0.0,0.0,0.0,0.0,0.0,0.0,0.0,0.0,0.0,0.0,-5997.4,1.8138681592147663,42.73840272,0.0,,,,,,,,,,,,,,,,,0.28125,0.0142191259081198,8.4375,0.4265737772435962,0.00421875,0.0213286888621797,0.2953125,1.4930082203525867,1.8138681592147663,26129,,,0.000278050140964,Information
144509,1895.0,4012.084244,GHA,Ghana,Upper West,1.326057513,0.0,0.53,0.65,1895.0,1895.0,0.0,30.0,-9999.0,-9999.0,-9999.0,0.0,1.0,-999.9,-999.9,-999.9,-5997.4,0.0,0.0,0.0,0.0,0.0,0.0,0.0,0.0,0.0,0.0,0.0,-5997.4,-5997.4,26.52115026,0.0,,,,,,,,,,,,,,,,,,,,,,,,,,344037,,,,
145103,1918.0,6857.04681,GHA,Ghana,Central,4.121928144,0.0,0.53,0.65,1918.0,1918.0,0.0,17.0,2.0,-9999.0,-9999.0,0.0,1.0,0.2,-999.9,-999.9,-3997.2,0.0,0.0,0.0,0.0,0.0,0.0,0.0,0.0,0.0,0.0,0.0,-3997.2,3.9151204222354457,82.43856288,0.0,,,,,,,,,,,,,,,,,20.53125,0.2994182564206402,36.703125,0.5352614036012815,0.30796875,0.4491273846309602,1.284609375,1.8734149126044848,3.9151204222354457,2692070,,,0.0666959736908066,Information
145104,1919.0,23354.55785,GHA,Ghana,Ashanti,2.185330874,0.0,0.53,0.65,1919.0,1919.0,0.0,21.0,-9999.0,-9999.0,-9999.0,0.0,1.0,-999.9,-999.9,-999.9,-5997.4,0.0,0.0,0.0,0.0,0.0,0.0,0.0,0.0,0.0,0.0,0.0,-5997.4,0.4880365489661211,43.70661748,0.0,,,,,,,,,,,,,,,,,0.140625,0.0006021308599428,9.703125,0.0415470293360591,0.002109375,0.0009031962899142,0.339609375,0.1454146026762068,0.4880365489661211,7885533,,,1.0274848749652026e-06,Information
145106,1921.0,8497.850783,GHA,Ghana,Western,3.413137761,0.0,0.53,0.65,1921.0,1921.0,0.0,23.0,-9999.0,-9999.0,-9999.0,0.0,1.0,-999.9,-999.9,-999.9,-5997.4,0.0,0.0,0.0,0.0,0.0,0.0,0.0,0.0,0.0,0.0,0.0,-5997.4,-5997.4,68.26275522,0.0,,,,,,,,,,,,,,,,,,,,,,,,,,615157,,,,
145107,1922.0,1065.826493,GHA,Ghana,Western,3.119321948,0.0,0.53,0.65,1922.0,,,,,,,,,,,,,,,,,,,,,,,,,0.832213461304621,62.38643896,0.0,,2.188,0.205,2.062,0.194,0.0,0.0,0.0,0.0,0.02062,0.194,0.0,0.0,0.0,0.0,0.21462,1.40625,0.1319398616323897,1.6875,0.1583278339588676,0.02109375,0.1979097924485845,0.0590625,0.5541474188560366,0.832213461304621,210971,,,6.919421646707566e-05,Information
145108,1923.0,28216.96865,GHA,Ghana,Western,3.809880735,0.0,0.53,0.65,1923.0,1923.0,0.0,19.0,-9999.0,-9999.0,-9999.0,0.0,1.0,-999.9,-999.9,-999.9,-5997.4,0.0,0.0,0.0,0.0,0.0,0.0,0.0,0.0,0.0,0.0,0.0,-5997.4,0.3599732425096859,76.1976147,0.0,,14.0,0.05,12.812,0.045,0.0,0.0,0.0,0.0,0.1281199999999999,0.045,0.0,0.0,0.0,0.0,0.17312,3.9375,0.0139543692606942,5.90625,0.0209315538910413,0.0590625,0.0209315538910413,0.20671875,0.0732604386186445,0.3599732425096859,2724779,,,1.3855114607691418e-05,Information
145731,1956.0,12678.41006,LBR,Liberia,River Gee,4.105131517,1.014015289,0.41,0.82,1956.0,1956.0,0.0,21.0,-9999.0,-9999.0,-9999.0,0.0,1.0,-999.9,-999.9,-999.9,-5997.4,0.0,0.0,0.0,0.0,0.0,0.0,0.0,0.0,0.0,0.0,0.0,-5997.4,-5997.4,82.10263034,20.28030578,,,,,,,,,,,,,,,,,,,,,,,,,,301040,,,,
145732,1957.0,5673.786279,LBR,Liberia,Sinoe,4.057055444,0.0,0.41,0.82,1957.0,,,,,,,,,,,,,,,,,,,,,,,,,0.38538,81.14110888,0.0,,19.375,0.341,13.938,0.246,0.0,0.0,0.0,0.0,0.13938,0.246,0.0,0.0,0.0,0.0,0.38538,,,,,,,,,,41051,,,5.0016897976997885e-05,Information
145733,1958.0,544.323744,LBR,Liberia,River Cess,4.111096963,1.485255661,0.41,0.82,1958.0,,,,,,,,,,,,,,,,,,,,,,,,,0.10862,82.22193926,29.70511322,,0.812,0.149,0.562,0.103,0.0,0.0,0.0,0.0,0.00562,0.103,0.0,0.0,0.0,0.0,0.10862,,,,,,,,,,8493,,,1.7175292934486366e-07,Information
145734,1959.0,12813.82738,LBR,Liberia,Nimba,3.563653996,0.0,0.41,0.82,1959.0,1959.0,0.0,24.0,-9999.0,-9999.0,-9999.0,0.0,1.0,-999.9,-999.9,-999.9,-5997.4,0.0,0.0,0.0,0.0,0.0,0.0,0.0,0.0,0.0,0.0,0.0,-5997.4,-5997.4,71.27307992,0.0,,,,,,,,,,,,,,,,,,,,,,,,,,606270,,,,
145736,1961.0,16263.69733,LBR,Liberia,Bong,4.029213741,0.0,0.41,0.82,1961.0,1961.0,0.0,27.0,-9999.0,-9999.0,-9999.0,0.0,1.0,-999.9,-999.9,-999.9,-5997.4,0.0,0.0,0.0,0.0,0.0,0.0,0.0,0.0,0.0,0.0,0.0,-5997.4,-5997.4,80.58427482,0.0,,,,,,,,,,,,,,,,,,,,,,,,,,815656,,,,
145737,1962.0,1036.029907,LBR,Liberia,GrandBassa,4.013225329,0.0,0.41,0.82,1962.0,,,,,,,,,,,,,,,,,,,,,,,,,0.60255,80.26450658,0.0,,8.125,0.784,5.562,0.537,0.062,0.006,0.0,0.0,0.05562,0.537,0.0009299999999999,0.009,0.0,0.0,0.60255,,,,,,,,,,29731,,,0.0002424125449576,Information
145740,1964.0,20453.84883,LBR,Liberia,Lofa,4.094416632,0.0,0.41,0.82,1964.0,1964.0,0.0,30.0,-9999.0,-9999.0,-9999.0,0.0,1.0,-999.9,-999.9,-999.9,-5997.4,0.0,0.0,0.0,0.0,0.0,0.0,0.0,0.0,0.0,0.0,0.0,-5997.4,-5997.4,81.88833263999999,0.0,,,,,,,,,,,,,,,,,,,,,,,,,,1107140,,,,
145750,1965.0,21590.23669,LBR,Liberia,Gbapolu,4.108778664,0.0,0.41,0.82,1965.0,1965.0,0.0,30.0,-9999.0,-9999.0,-9999.0,0.0,1.0,-999.9,-999.9,-999.9,-2663.733333333333,0.0,0.0,0.0,0.0,0.0,0.0,0.0,0.0,0.0,0.0,0.0,-2663.733333333333,0.6034999999999999,82.17557328,0.0,,44.0,0.204,41.25,0.191,0.0,0.0,0.0,0.0,0.4125,0.191,0.0,0.0,0.0,0.0,0.6034999999999999,0.0,0.0,7.453125,0.0345208119094044,0.0,0.0,0.260859375,0.1208228416829153,0.3816822166829154,696568,,,0.0003551412521452,Information
145739,16047.0,199.0520707,LBR,Liberia,Montserrado,4.297890997,0.0,0.41,0.82,16047.0,,,,,,,,,,,,,,,,,,,,,,,,,4.035001232246695,85.95781994,0.0,,6.25,3.14,5.5,2.763,0.0,0.0,0.0,0.0,0.055,2.763,0.0,0.0,0.0,0.0,2.818,0.0,0.0,2.25,1.1303574949276272,0.0,0.0,0.07875,3.956251232246695,4.035001232246695,1017385,,,0.1061879224833765,Information
145773,1969.0,26781.62721,SLE,Sierra Leone,Northern,4.002718072,1.500713095,0.39,0.85,1969.0,,,,,,,,,,,,,,,,,,,,,,,,,0.374925,80.05436144000001,30.0142619,,24.688,0.092,23.312,0.087,2.062,0.008,0.375,0.001,0.23312,0.087,0.03093,0.012,0.009375,0.0025,0.374925,1.125,0.0042006409510043,4.921875,0.0183778041606441,0.016875,0.0063009614265064,0.172265625,0.0643223145622543,0.2597639009887608,3105357,,,3.533187747554789e-05,Information
145774,1970.0,18669.51979,SLE,Sierra Leone,Northern,4.058641379,0.0,0.39,0.85,1970.0,1970.0,0.0,30.0,-9999.0,-9999.0,-9999.0,0.0,1.0,-999.9,-999.9,-999.9,-5997.4,0.0,0.0,0.0,0.0,0.0,0.0,0.0,0.0,0.0,0.0,0.0,-5997.4,-5997.4,81.17282758,0.0,,,,,,,,,,,,,,,,,,,,,,,,,,903807,,,,
145779,1975.0,8068.768339,GNB,Guinea-Bissau,Tombali,4.205762897,4.000717742,0.42,0.81,1975.0,,,,,,,,,,,,,,,,,,,,,,,,,18.652007061360287,84.11525793999999,80.01435484,,93.938,1.164,62.438,0.774,4.062,0.05,1.812,0.022,0.62438,0.774,0.06093,0.075,0.0453,0.0549999999999999,1.6346099999999997,0.421875,0.0052284931511195,237.796875,2.947127306181031,0.006328125,0.0078427397266792,8.322890625,10.314945571633608,18.652007061360287,214383,,,0.5637936962371101,Advisory
145793,1979.0,1339.420995,GNB,Guinea-Bissau,Oio,3.236846699,3.138074567,0.42,0.81,1979.0,,,,,,,,,,,,,,,,,,,,,,,,,27.47717738257668,64.73693398,62.76149134,,8.312,0.621,2.312,0.173,0.25,0.019,0.25,0.019,0.0231199999999999,0.173,0.00375,0.0284999999999999,0.00625,0.0475,0.28212,0.140625,0.0104989395071822,92.671875,6.918801135233115,0.002109375,0.0157484092607733,3.243515625,24.2158039733159,27.47717738257668,677841,,,0.4014946074322367,Advisory
145795,1981.0,1859.194187,GNB,Guinea-Bissau,Cacheu,3.277155582,2.783129536,0.42,0.81,1981.0,,,,,,,,,,,,,,,,,,,,,,,,,43.854453125,65.54311163999999,55.66259072,,12.5,0.672,10.125,0.545,0.188,0.01,0.125,0.007,0.10125,0.545,0.00282,0.015,0.003125,0.0175,0.684695,0.0,0.0,252.984375,13.607205573338923,0.0,0.0,8.854453125,35.0,43.854453125,78072,,,0.595287287584154,Advisory
145797,1983.0,2167.649063,SEN,Senegal,Ziguinchor,0.309667806,4.001851596,0.48,0.72,1983.0,,,,,,,,,,,,,,,,,,,,,,,,,44.73482085118309,6.19335612,80.03703192,3.0,15.375,0.709,10.562,0.487,0.812,0.037,0.438,0.02,0.1056199999999999,0.487,0.01218,0.0554999999999999,0.01095,0.05,0.72125,1.6875,0.0778493174553909,274.078125,12.644026643379744,0.0253125,0.1167739761830863,9.592734375,35.0,44.73482085118309,129895,654.0,0.5,0.7901302374960859,Watch
145798,1984.0,14901.17454,SEN,Senegal,Sédhiou,2.729448684,3.341140007,0.48,0.72,1984.0,1984.0,0.0,30.0,-9999.0,-9999.0,-9999.0,0.0,1.0,-999.9,-999.9,-999.9,-5997.4,0.0,0.0,0.0,0.0,0.0,0.0,0.0,0.0,0.0,0.0,0.0,-5997.4,3.6259999367858273,54.58897368,66.82280014,,,,,,,,,,,,,,,,,0.28125,0.0018874351092492,61.875,0.4152357240348439,0.00421875,0.0028311526638738,2.165625,1.4533250341219537,3.6259999367858273,1215290,,,0.0134235828092799,Information
145799,1985.0,8459.520025,SEN,Senegal,Ziguinchor,2.17905703,3.015439027,0.48,0.72,1985.0,,,,,,,,,,,,,,,,,,,,,,,,,5.267214744735082,43.5811406,60.30878054,,14.625,0.173,14.188,0.168,3.625,0.043,2.375,0.028,0.14188,0.168,0.054375,0.0645,0.059375,0.07,0.55813,3.09375,0.0365712237892058,67.640625,0.7995799383003636,0.04640625,0.0548568356838087,2.367421875,2.7985297840512726,5.267214744735082,1996255,,,0.0217109797599632,Information
145805,1990.0,576.6673068,SEN,Senegal,Tambacounda,4.001762536,0.0,0.48,0.72,1990.0,1990.0,0.0,18.0,-9999.0,-9999.0,-9999.0,0.0,1.0,-999.9,-999.9,-999.9,-5997.4,0.0,0.0,0.0,0.0,0.0,0.0,0.0,0.0,0.0,0.0,0.0,-5997.4,-5997.4,80.03525072000001,0.0,,,,,,,,,,,,,,,,,,,,,,,,,,8986,,,,
145807,1992.0,1166.245325,SEN,Senegal,Tambacounda,3.83031401,0.0,0.48,0.72,1992.0,1992.0,0.0,15.0,-9999.0,-9999.0,-9999.0,0.0,1.0,-999.9,-999.9,-999.9,-5997.4,0.0,0.0,0.0,0.0,0.0,0.0,0.0,0.0,0.0,0.0,0.0,-5997.4,-5997.4,76.6062802,0.0,,,,,,,,,,,,,,,,,,,,,,,,,,3088,,,,
146380,2021.0,30059.85525,SEN,Senegal,Kédougou,3.511379747,0.0,0.48,0.72,2021.0,2021.0,0.0,13.0,-9999.0,-9999.0,-9999.0,0.0,1.0,-999.9,-999.9,-999.9,-5997.4,0.0,0.0,0.0,0.0,0.0,0.0,0.0,0.0,0.0,0.0,0.0,-5997.4,-5997.4,70.22759494,0.0,,,,,,,,,,,,,,,,,,,,,,,,,,466736,,,,
145803,1988.0,5779.721208,GMB,Gambia,Upper River,4.020648475,0.0,0.47,0.74,1988.0,1988.0,0.0,30.0,-9999.0,-9999.0,-9999.0,0.0,1.0,-999.9,-999.9,-999.9,-5997.4,0.0,0.0,0.0,0.0,0.0,0.0,0.0,0.0,0.0,0.0,0.0,-5997.4,-5997.4,80.4129695,0.0,,,,,,,,,,,,,,,,,,,,,,,,,,464073,,,,
151505,2162.0,84.12561907,MAR,Morocco,Souss - Massa - Draâ,0.0,4.00154481,0.55,0.63,2162.0,,,,,,,,,,,,,,,,,,,,,,,,,0.15025,0.0,80.0308962,,0.125,0.149,0.125,0.149,0.0,0.0,0.0,0.0,0.00125,0.149,0.0,0.0,0.0,0.0,0.15025,,,,,,,,,,4773,,,5.051002741183538e-07,Information
151506,2163.0,17330.95509,MAR,Morocco,Souss - Massa - Draâ,1.958404314,0.229177911,0.55,0.63,2163.0,2163.0,0.0,1.0,-9999.0,-9999.0,-9999.0,0.0,10.0,-999.9,-999.9,-999.9,-5979.4,0.0,0.0,0.0,0.0,0.0,0.0,0.0,0.0,0.0,0.0,0.0,-5979.4,0.6830390974232603,39.16808628,4.5835582200000005,,,,,,,,,,,,,,,,,3.9375,0.0227194634021145,10.6875,0.0616671149485967,0.0590625,0.0340791951031717,0.3740625,0.2158349023200884,0.6830390974232603,2032641,,,3.5725828468349104e-06,Information
151508,2165.0,20389.72858,MAR,Morocco,Marrakech - Tensift - Al Haouz,1.396385596,0.0,0.55,0.63,2165.0,2165.0,0.0,2.0,-9999.0,-9999.0,-9999.0,0.0,9.0,-999.9,-999.9,-999.9,-5980.4,0.0,0.0,0.0,0.0,0.0,0.0,0.0,0.0,0.0,0.0,0.0,-5980.4,1.1684840371370864,27.92771192,0.0,,,,,,,,,,,,,,,,,4.359375,0.0213802502712998,20.53125,0.1006940819228962,0.065390625,0.0320703754069496,0.71859375,0.3524292867301367,1.1684840371370864,2871091,,,1.87829260902369e-05,Information
151606,2173.0,8012.288458,MAR,Morocco,Tadla - Azilal,1.566549737,0.0,0.55,0.63,2173.0,2173.0,0.0,7.0,-9999.0,-9999.0,-9999.0,0.0,4.0,-999.9,-999.9,-999.9,-5989.4,0.0,0.0,0.0,0.0,0.0,0.0,0.0,0.0,0.0,0.0,0.0,-5989.4,0.2861036719178454,31.33099474,0.0,,,,,,,,,,,,,,,,,0.28125,0.0035102330810573,3.515625,0.043877913513217,0.00421875,0.0052653496215859,0.123046875,0.1535726972962595,0.2861036719178454,294914,,,2.1182437444672896e-08,Information
151607,2174.0,7433.55876,MAR,Morocco,Tadla - Azilal,2.034219397,0.0,0.55,0.63,2174.0,2174.0,0.0,2.0,-9999.0,-9999.0,-9999.0,0.0,9.0,-999.9,-999.9,-999.9,-5981.4,0.0,0.0,0.0,0.0,0.0,0.0,0.0,0.0,0.0,0.0,0.0,-5981.4,-5981.4,40.68438794000001,0.0,,,,,,,,,,,,,,,,,,,,,,,,,,1356906,,,,
151900,2187.0,7430.704481,MAR,Morocco,Tanger - Tétouan,2.705613957,2.272497776,0.55,0.63,2187.0,2187.0,0.0,1.0,-9999.0,-9999.0,-9999.0,0.0,10.0,-999.9,-999.9,-999.9,-5979.4,0.0,0.0,0.0,0.0,0.0,0.0,0.0,0.0,0.0,0.0,0.0,-5979.4,4.275161123505845,54.112279140000005,45.44995552,,,,,,,,,,,,,,,,,9.28125,0.1249040386970569,48.09375,0.6472300187029314,0.13921875,0.1873560580455853,1.68328125,2.26530506546026,4.275161123505845,2271242,,,0.0088131606690581,Information
153010,2188.0,12969.05111,MAR,Morocco,Taza - Al Hoceima - Taounate,4.127568839,0.404054866,0.55,0.63,2188.0,2188.0,0.0,1.0,-9999.0,-9999.0,-9999.0,0.0,10.0,-999.9,-999.9,-999.9,-5979.9,0.0,0.0,0.0,0.0,0.0,0.0,0.0,0.0,0.0,0.0,0.0,-5979.9,2.0758835714432355,82.55137678,8.08109732,,9.062,0.07,8.75,0.067,0.375,0.003,0.375,0.003,0.0875,0.067,0.005625,0.0045,0.009375,0.0075,0.1815,6.609375,0.0509626721449695,30.65625,0.2363800537787947,0.099140625,0.0764440082174542,1.07296875,0.8273301882257814,2.0758835714432355,2392415,,,0.0166323487388157,Information
153031,2199.0,44.4457801,MAR,Morocco,Oriental,4.147696631,4.006587089,0.55,0.63,2199.0,,,,,,,,,,,,,,,,,,,,,,,,,8.898483764346961,82.95393261999999,80.13174178,,0.062,0.141,0.062,0.141,0.0,0.0,0.0,0.0,0.00062,0.141,0.0,0.0,0.0,0.0,0.14162,0.0,0.0,1.125,2.5311739326705607,0.0,0.0,0.039375,8.859108764346962,8.898483764346961,17157,,,0.257833635748864,Information
153060,2227.0,23223.00932,TUN,Tunisia,Le Kef,2.011060264,0.180350686,0.58,0.58,2227.0,2227.0,0.0,3.0,-9999.0,-9999.0,-9999.0,0.0,8.0,-999.9,-999.9,-999.9,-5980.733333333334,0.0,0.0,0.0,0.0,0.0,0.0,0.0,0.0,0.0,0.0,0.0,-5980.733333333334,2.19687651100398,40.22120528000001,3.60701372,,,,,,,,,,,,,,,,,0.0,0.0,43.875,0.1889290031439942,0.0,0.0,1.535625,0.6612515110039796,2.19687651100398,2377877,,,0.0004772350675727,Information
153070,2228.0,7117.795433,TUN,Tunisia,Nabeul,2.09096384,1.550455448,0.58,0.58,2228.0,2228.0,0.0,1.0,-9999.0,-9999.0,-9999.0,0.0,10.0,-999.9,-999.9,-999.9,-5979.4,0.0,0.0,0.0,0.0,0.0,0.0,0.0,0.0,0.0,0.0,0.0,-5979.4,11.31594432334568,41.8192768,31.00910896,,8.375,0.118,5.75,0.081,2.188,0.031,0.562,0.008,0.0575,0.081,0.03282,0.0465,0.01405,0.02,0.25187,0.0,0.0,134.4375,1.8887519495273368,0.0,0.0,4.7053125,6.610631823345679,11.31594432334568,3721989,,,0.0507795827468577,Information
153080,2229.0,15295.77005,TUN,Tunisia,Kairouan,1.666236797,0.0,0.58,0.58,2229.0,2229.0,0.0,3.0,-9999.0,-9999.0,-9999.0,0.0,8.0,-999.9,-999.9,-999.9,-5980.733333333333,0.0,0.0,0.0,0.0,0.0,0.0,0.0,0.0,0.0,0.0,0.0,-5980.733333333333,0.8628056963569978,33.324735940000004,0.0,,,,,,,,,,,,,,,,,0.0,0.0,14.90625,0.0974534132448565,0.0,0.0,0.52171875,0.3410869463569977,0.8628056963569978,1205732,,,6.888048798885362e-06,Information
172926,3436.0,12917.9032,UGA,Uganda,Pader,2.487506883,0.0,0.44,0.78,3436.0,3436.0,0.0,29.0,-9999.0,-9999.0,-9999.0,0.0,1.0,-999.9,-999.9,-999.9,-5997.4,0.0,0.0,0.0,0.0,0.0,0.0,0.0,0.0,0.0,0.0,0.0,-5997.4,-5997.4,49.75013766,0.0,,,,,,,,,,,,,,,,,,,,,,,,,,1282353,,,,
172927,3437.0,2823.147549,UGA,Uganda,Kitgum,4.04060349,0.0,0.44,0.78,3437.0,3437.0,0.0,1.0,-9999.0,-9999.0,-9999.0,0.0,10.0,-999.9,-999.9,-999.9,-5979.4,0.0,0.0,0.0,0.0,0.0,0.0,0.0,0.0,0.0,0.0,0.0,-5979.4,-5979.4,80.81206979999999,0.0,,,,,,,,,,,,,,,,,,,,,,,,,,225667,,,,
172930,3440.0,22078.98779,UGA,Uganda,Adjumani,1.347142311,0.0,0.44,0.78,3440.0,,,,,,,,,,,,,,,,,,,,,,,,,11.723696750387838,26.94284622,0.0,,0.0,0.0,0.0,0.0,28.125,0.127,1.375,0.006,0.0,0.0,0.421875,0.1905,0.034375,0.015,0.6617500000000001,13.921875,0.0630548607159979,224.578125,1.0171577026610974,0.208828125,0.0945822910739968,7.860234375,3.560051959313841,11.723696750387838,3945784,,,0.033652649298226,Information
172941,3441.0,13227.38883,UGA,Uganda,Lake Albert,3.489141221,0.0,0.44,0.78,3441.0,,,,,,,,,,,,,,,,,,,,,,,,,6.794512821933752,69.78282442,0.0,,1.125,0.009,0.562,0.004,4.125,0.031,1.5,0.011,0.00562,0.004,0.061875,0.0465,0.0375,0.0274999999999999,0.182995,14.484375,0.1095029047916324,104.34375,0.7888461684989442,0.217265625,0.1642543571874486,3.65203125,2.7609615897463047,6.794512821933752,2056477,,,0.0678108948589974,Information
172942,3442.0,8387.163406,UGA,Uganda,Kibale,2.747503727,0.0,0.44,0.78,3442.0,3442.0,0.0,1.0,-9999.0,-9999.0,-9999.0,0.0,10.0,-999.9,-999.9,-999.9,-5979.4,0.0,0.0,0.0,0.0,0.0,0.0,0.0,0.0,0.0,0.0,0.0,-5979.4,6.344648067486814,54.95007454,0.0,,4.5,0.054,4.312,0.051,10.062,0.12,5.5,0.066,0.04312,0.051,0.15093,0.18,0.1375,0.165,0.7275500000000001,0.0,0.0,82.6875,0.9858815907105184,0.0,0.0,2.8940625,3.450585567486814,6.344648067486814,1736931,,,0.0249885638273969,Information
172944,3444.0,13093.5202,UGA,Uganda,Kamwenge,2.014983483,0.0,0.44,0.78,3444.0,,,,,,,,,,,,,,,,,,,,,,,,,3.2206105062821417,40.29966966,0.0,,8.812,0.067,8.375,0.064,4.875,0.037,0.438,0.003,0.08375,0.064,0.073125,0.0554999999999999,0.01095,0.0075,0.294825,0.0,0.0,52.171875,0.3984556803663262,0.0,0.0,1.826015625,1.3945948812821418,3.2206105062821417,2616444,,,0.001751468067843,Information
172946,3446.0,3535.75496,UGA,Uganda,Rukungiri,1.699808786,0.0,0.44,0.78,3446.0,3446.0,0.0,1.0,-9999.0,-9999.0,-9999.0,0.0,10.0,-999.9,-999.9,-999.9,-5979.4,0.0,0.0,0.0,0.0,0.0,0.0,0.0,0.0,0.0,0.0,0.0,-5979.4,-5979.4,33.99617572,0.0,,,,,,,,,,,,,,,,,,,,,,,,,,1010703,,,,
172951,3450.0,3539.240704,UGA,Uganda,Gulu,2.895872062,0.0,0.44,0.78,3450.0,,,,,,,,,,,,,,,,,,,,,,,,,6.089661766163856,57.91744124,0.0,,0.0,0.0,0.0,0.0,8.938,0.253,0.0,0.0,0.0,0.0,0.13407,0.3795,0.0,0.0,0.51357,0.140625,0.0039733098641023,45.421875,1.2833790861050576,0.002109375,0.0059599647961534,1.589765625,4.491826801367702,6.089661766163856,177846,,,0.0266155839338407,Information
172953,3452.0,5458.561817,UGA,Uganda,Apac,0.706245307,0.0,0.44,0.78,3452.0,3452.0,0.0,1.0,-9999.0,-9999.0,-9999.0,0.0,10.0,-999.9,-999.9,-999.9,-5979.4,0.0,0.0,0.0,0.0,0.0,0.0,0.0,0.0,0.0,0.0,0.0,-5979.4,5.2130637517523,14.12490614,0.0,,,,,,,,,,,,,,,,,0.0,0.0,52.59375,0.9635092862149426,0.0,0.0,1.84078125,3.372282501752299,5.2130637517523,1198934,,,0.0025415003734827,Information
172954,3453.0,16424.43996,UGA,Uganda,Kiboga,0.747877942,0.0,0.44,0.78,3453.0,3453.0,0.0,2.0,-9999.0,-9999.0,-9999.0,0.0,9.0,-999.9,-999.9,-999.9,-5981.4,0.0,0.0,0.0,0.0,0.0,0.0,0.0,0.0,0.0,0.0,0.0,-5981.4,0.6809955167004951,14.95755884,0.0,,,,,,,,,,,,,,,,,0.0,0.0,12.09375,0.0736326476287129,0.0,0.0,0.42328125,0.2577142667004951,0.6809955167004951,4134701,,,6.918091674889162e-07,Information
172955,3454.0,859.9247265,UGA,Uganda,Nakasongola,4.033705949,0.0,0.44,0.78,3454.0,,,,,,,,,,,,,,,,,,,,,,,,,8.560043107835861,80.67411898,0.0,,0.0,0.0,0.0,0.0,1.125,0.131,0.0,0.0,0.0,0.0,0.016875,0.1965,0.0,0.0,0.213375,2.53125,0.2943571596287251,18.28125,2.1259128195407926,0.03796875,0.4415357394430876,0.63984375,7.440694868392774,8.560043107835861,33747,,,0.2077251126856616,Information
172956,3455.0,4172.848263,UGA,Uganda,Apac,1.151897224,0.0,0.44,0.78,3455.0,,,,,,,,,,,,,,,,,,,,,,,,,29.39782074626121,23.03794448,0.0,,0.0,0.0,0.0,0.0,3.75,0.09,0.0,0.0,0.0,0.0,0.05625,0.135,0.0,0.0,0.19125,14.625,0.3504800337304901,241.03125,5.776180555904423,0.219375,0.5257200505957351,8.43609375,20.21663194566548,29.39782074626121,662741,,,0.1679263734924723,Information
172957,3456.0,1724.12899,UGA,Uganda,Nakasongola,3.353205058,0.0,0.44,0.78,3456.0,,,,,,,,,,,,,,,,,,,,,,,,,18.60392604064488,67.06410115999999,0.0,,0.0,0.0,0.0,0.0,3.188,0.185,0.0,0.0,0.0,0.0,0.04782,0.2774999999999999,0.0,0.0,0.3253199999999999,6.1875,0.358876861109419,75.515625,4.379928963994501,0.0928125,0.5383152916641285,2.643046875,15.329751373980752,18.60392604064488,124875,,,0.2839352324510867,Information
172958,3457.0,4524.915468,UGA,Uganda,Mukono,0.636479729,0.0,0.44,0.78,3457.0,,,,,,,,,,,,,,,,,,,,,,,,,2.5120648535629404,12.72959458,0.0,,0.0,0.0,0.0,0.0,3.625,0.08,0.0,0.0,0.0,0.0,0.054375,0.12,0.0,0.0,0.174375,0.0,0.0,22.359375,0.4941390653036973,0.0,0.0,0.782578125,1.7294867285629405,2.5120648535629404,1803982,,,0.0001941531372989,Information
172959,3458.0,342.041728,UGA,Uganda,Lira,4.016892996,0.0,0.44,0.78,3458.0,,,,,,,,,,,,,,,,,,,,,,,,,28.29683022531116,80.33785992,0.0,3.0,0.0,0.0,0.0,0.0,0.812,0.238,0.0,0.0,0.0,0.0,0.01218,0.357,0.0,0.0,0.36918,3.65625,1.068948523077521,25.171875,7.359299447341394,0.05484375,1.6034227846162816,0.881015625,25.75754806569488,28.29683022531116,47795,2602.0,5.44,0.642091466541465,Watch
172961,3459.0,442.0820697,UGA,Uganda,Lira,4.053660772,0.0,0.44,0.78,3459.0,,,,,,,,,,,,,,,,,,,,,,,,,17.65427981273823,81.07321544,0.0,,0.0,0.0,0.0,0.0,1.25,0.283,0.0,0.0,0.0,0.0,0.01875,0.4245,0.0,0.0,0.44325,1.265625,0.2862873404320679,20.8125,4.707836264882894,0.018984375,0.4294310106481018,0.7284375,16.47742692709013,17.65427981273823,37329,,,0.4722560761707229,Advisory
172962,3460.0,3057.145877,UGA,Uganda,Kaberamaido,2.380646619,0.0,0.44,0.78,3460.0,,,,,,,,,,,,,,,,,,,,,,,,,23.333809742401872,47.61293238,0.0,,0.0,0.0,0.0,0.0,11.312,0.37,0.312,0.01,0.0,0.0,0.16968,0.5549999999999999,0.0078,0.025,0.75748,8.859375,0.2897923539308411,152.296875,4.981668560430174,0.132890625,0.4346885308962616,5.330390625,17.43583996150561,23.333809742401872,586708,,,0.2093276429527049,Information
172963,3461.0,2129.281715,UGA,Uganda,Soroti,2.667226853,0.0,0.44,0.78,3461.0,,,,,,,,,,,,,,,,,,,,,,,,,36.88876608379415,53.34453705999999,0.0,,0.0,0.0,0.0,0.0,29.375,1.38,0.188,0.009,0.0,0.0,0.440625,2.07,0.0046999999999999,0.0225,2.537825,53.71875,2.5228578081453565,162.0,7.608199463307462,0.80578125,3.7842867122180346,5.67,26.628698121576114,36.88876608379415,407775,,,0.4071497867253361,Advisory
172964,3462.0,10787.15827,UGA,Uganda,Tororo,3.285956776,0.0,0.44,0.78,3462.0,3462.0,0.0,1.0,-9999.0,-9999.0,-9999.0,0.0,10.0,-999.9,-999.9,-999.9,-5979.4,0.0,0.0,0.0,0.0,0.0,0.0,0.0,0.0,0.0,0.0,0.0,-5979.4,5.908900792600296,65.71913552,0.0,,0.0,0.0,0.0,0.0,10.25,0.095,0.0,0.0,0.0,0.0,0.15375,0.1425,0.0,0.0,0.29625,16.734375,0.1551323767229696,80.4375,0.7456783150045261,0.251015625,0.2326985650844543,2.8153125,2.609874102515841,5.908900792600296,5799686,,,0.039362909766627,Information
172965,3463.0,2964.012574,UGA,Uganda,Kumi,1.192731793,0.0,0.44,0.78,3463.0,,,,,,,,,,,,,,,,,,,,,,,,,32.435521703865724,23.85463586,0.0,,0.0,0.0,0.0,0.0,6.25,0.211,0.5,0.017,0.0,0.0,0.09375,0.3165,0.0125,0.0425,0.46525,24.1875,0.8160390481776627,201.515625,6.798743930456923,0.3628125,1.224058572266494,7.053046875,23.79560375659923,32.435521703865724,1044205,,,0.1967215247155521,Information
172966,3464.0,10108.86406,UGA,Uganda,Nakapiripirit,0.916945569,0.0,0.44,0.78,3464.0,3464.0,0.0,1.0,-9999.0,-9999.0,-9999.0,0.0,10.0,-999.9,-999.9,-999.9,-5979.4,0.0,0.0,0.0,0.0,0.0,0.0,0.0,0.0,0.0,0.0,0.0,-5979.4,13.479059193794289,18.33891138,0.0,,1.062,0.011,1.062,0.011,1.812,0.018,1.312,0.013,0.01062,0.011,0.02718,0.0269999999999999,0.0328,0.0325,0.1411,16.3125,0.1613682793359214,186.609375,1.845997471368688,0.2446875,0.2420524190038821,6.531328125,6.460991149790408,13.479059193794289,1384714,,,0.0358167539912535,Information
172967,3465.0,1570.359851,UGA,Uganda,Katakwi,2.657169467,0.0,0.44,0.78,3465.0,3465.0,0.0,3.0,-9999.0,-9999.0,-9999.0,0.0,8.0,-999.9,-999.9,-999.9,-5983.4,0.0,0.0,0.0,0.0,0.0,0.0,0.0,0.0,0.0,0.0,0.0,-5983.4,35.68398607128035,53.14338934,0.0,,0.0,0.0,0.0,0.0,4.188,0.267,2.312,0.147,0.0,0.0,0.06282,0.4005,0.0577999999999999,0.3675,0.88862,0.0,0.0,138.375,8.811674591794386,0.0,0.0,4.843125,30.84086107128035,35.68398607128035,252057,,,0.392661048694598,Advisory
172969,3467.0,5534.524966,UGA,Uganda,Kotido,1.376267887,0.0,0.44,0.78,3467.0,3467.0,0.0,2.0,-9999.0,-9999.0,-9999.0,0.0,9.0,-999.9,-999.9,-999.9,-5981.4,0.0,0.0,0.0,0.0,0.0,0.0,0.0,0.0,0.0,0.0,0.0,-5981.4,-5981.4,27.52535774,0.0,,,,,,,,,,,,,,,,,,,,,,,,,,267415,,,,
172971,3468.0,4126.768829,UGA,Uganda,Kamuli,3.688152509,0.0,0.44,0.78,3468.0,,,,,,,,,,,,,,,,,,,,,,,,,9.962324025401298,73.76305018,0.0,,0.0,0.0,0.0,0.0,7.062,0.171,0.375,0.009,0.0,0.0,0.10593,0.2565,0.009375,0.0225,0.394305,0.421875,0.0102228890800695,82.96875,2.010501519080341,0.006328125,0.0153343336201042,2.90390625,7.036755316781194,9.962324025401298,1605187,,,0.1664327200232969,Information
172994,3487.0,3719.709818,UGA,Uganda,Kabale,2.276446927,0.0,0.44,0.78,3487.0,3487.0,0.0,1.0,-9999.0,-9999.0,-9999.0,0.0,10.0,-999.9,-999.9,-999.9,-5979.4,0.0,0.0,0.0,0.0,0.0,0.0,0.0,0.0,0.0,0.0,0.0,-5979.4,-5979.4,45.52893854,0.0,,,,,,,,,,,,,,,,,,,,,,,,,,1560652,,,,
172977,16053.0,23885.87798,UGA,Uganda,Lake Victoria,3.269843455,0.0,0.44,0.78,16053.0,16053.0,0.0,1.0,-9999.0,-9999.0,-9999.0,0.0,10.0,-999.9,-999.9,-999.9,-5979.4,0.0,0.0,0.0,0.0,0.0,0.0,0.0,0.0,0.0,0.0,0.0,-5979.4,5.125121587383897,65.3968691,0.0,,,,,,,,,,,,,,,,,0.0,0.0,103.21875,0.4321329535382563,0.0,0.0,3.61265625,1.512465337383897,5.125121587383897,2355167,,,0.0280801340071074,Information
181100,3494.0,26261.81507,MDG,Madagascar,Toliary,3.729414764,1.56518347,0.4,0.83,3494.0,,,,,,,,,,,,,,,,,,,,,,,,,3.9042,74.58829528,31.3036694,,425.625,1.621,230.625,0.878,27.75,0.106,4.188,0.016,2.30625,0.878,0.41625,0.159,0.1046999999999999,0.04,3.9042,3.65625,0.0139223050276125,16.03125,0.0610439528133783,0.05484375,0.0208834575414187,0.56109375,0.213653834846824,0.8504747923882428,787471,,,0.0305233549977515,Information
181201,3495.0,4506.259891,MDG,Madagascar,Toliary,4.001257436,0.0,0.4,0.83,3495.0,,,,,,,,,,,,,,,,,,,,,,,,,0.9687585029853352,80.02514872,0.0,,69.375,1.54,24.062,0.534,0.375,0.008,0.125,0.003,0.24062,0.534,0.005625,0.012,0.003125,0.0075,0.8028700000000001,2.671875,0.0592925189566419,7.453125,0.1653949213001064,0.040078125,0.0889387784349628,0.260859375,0.5788822245503724,0.9687585029853352,142810,,,0.0012381849773418,Information
181203,3497.0,4815.015047,MDG,Madagascar,Toliary,3.118721587,0.0,0.4,0.83,3497.0,,,,,,,,,,,,,,,,,,,,,,,,,0.4318200000000001,62.37443174,0.0,,29.562,0.614,13.375,0.278,0.438,0.009,0.0,0.0,0.13375,0.278,0.00657,0.0134999999999999,0.0,0.0,0.4318200000000001,0.421875,0.0087616548619912,1.265625,0.0262849645859737,0.006328125,0.0131424822929867,0.044296875,0.0919973760509079,0.1557648583438947,123161,,,3.958240151131905e-06,Information
181206,3500.0,10589.0281,MDG,Madagascar,Toliary,4.032995088,0.0,0.4,0.83,3500.0,,,,,,,,,,,,,,,,,,,,,,,,,0.454745,80.65990176,0.0,,69.625,0.658,22.812,0.215,0.375,0.004,0.0,0.0,0.22812,0.215,0.005625,0.006,0.0,0.0,0.454745,,,,,,,,,,188688,,,8.834713555563242e-05,Information
181207,3501.0,2502.081039,MDG,Madagascar,Fianarantsoa,3.102867642,0.0,0.4,0.83,3501.0,,,,,,,,,,,,,,,,,,,,,,,,,0.7834627286326217,62.05735284,0.0,,36.5,1.459,3.5,0.14,2.75,0.11,0.312,0.012,0.035,0.14,0.04125,0.165,0.0078,0.03,0.41905,0.28125,0.0112406431144864,4.359375,0.1742299682745406,0.00421875,0.0168609646717295,0.152578125,0.6098048889608921,0.7834627286326217,19987,,,5.220514901834285e-05,Information
181208,3502.0,2998.1853,MDG,Madagascar,Fianarantsoa,1.086414699,0.0,0.4,0.83,3502.0,,,,,,,,,,,,,,,,,,,,,,,,,0.32632,21.728293980000004,0.0,,23.312,0.778,7.25,0.242,0.188,0.006,0.0,0.0,0.0725,0.242,0.00282,0.009,0.0,0.0,0.32632,,,,,,,,,,72891,,,2.125872455650802e-08,Information
181209,3503.0,2377.20876,MDG,Madagascar,Toliary,4.02217025,0.0,0.4,0.83,3503.0,,,,,,,,,,,,,,,,,,,,,,,,,0.40581,80.44340500000001,0.0,,15.062,0.634,6.938,0.292,0.562,0.024,0.0,0.0,0.06938,0.292,0.00843,0.036,0.0,0.0,0.40581,,,,,,,,,,35703,,,5.327234783262446e-05,Information
181300,3504.0,18159.68828,MDG,Madagascar,Toliary,4.1298834,3.079384432,0.4,0.83,3504.0,,,,,,,,,,,,,,,,,,,,,,,,,6.672055,82.597668,61.58768864,,313.812,1.728,180.5,0.994,64.562,0.356,61.125,0.337,1.805,0.994,0.96843,0.534,1.528125,0.8425,6.672055,21.09375,0.1161570048558797,59.203125,0.3260139936288359,0.31640625,0.1742355072838195,2.072109375,1.1410489777009256,3.7038001099847455,711724,,,0.1688609177448102,Information
181401,3505.0,5294.892779,MDG,Madagascar,Toliary,4.001653965,0.0,0.4,0.83,3505.0,,,,,,,,,,,,,,,,,,,,,,,,,2.518508910056834,80.0330793,0.0,,46.812,0.884,16.125,0.305,0.375,0.007,0.375,0.007,0.16125,0.305,0.005625,0.0105,0.009375,0.0175,0.50925,6.609375,0.124825473826889,22.078125,0.4169701998047144,0.099140625,0.1872382107403334,0.772734375,1.4593956993165005,2.518508910056834,73715,,,0.0192069870586659,Information
181402,3506.0,3171.672535,MDG,Madagascar,Toliary,1.44576451,0.0,0.4,0.83,3506.0,,,,,,,,,,,,,,,,,,,,,,,,,1.090505,28.9152902,0.0,,49.25,1.553,25.688,0.81,0.375,0.012,0.0,0.0,0.25688,0.81,0.005625,0.018,0.0,0.0,1.090505,,,,,,,,,,43096,,,1.4753941724054822e-05,Information
181403,3507.0,5363.145769,MDG,Madagascar,Toliary,3.309589252,0.0,0.4,0.83,3507.0,,,,,,,,,,,,,,,,,,,,,,,,,1.484432922504347,66.19178504,0.0,,24.625,0.459,4.0,0.075,0.0,0.0,0.0,0.0,0.04,0.075,0.0,0.0,0.0,0.0,0.1149999999999999,5.34375,0.0996383508959706,12.515625,0.2333635060458261,0.08015625,0.1494575263439559,0.438046875,0.8167722711603913,1.484432922504347,26082,,,0.0008869995184862,Information
181404,3508.0,4185.614748,MDG,Madagascar,Toliary,1.770529622,0.0,0.4,0.83,3508.0,,,,,,,,,,,,,,,,,,,,,,,,,0.66768,35.41059244,0.0,,62.25,1.487,16.25,0.388,2.312,0.055,0.0,0.0,0.1625,0.388,0.03468,0.0825,0.0,0.0,0.66768,0.140625,0.0033597215334456,1.40625,0.0335972153344563,0.002109375,0.0050395823001684,0.04921875,0.117590253670597,0.1739579609707654,39328,,,2.4154928630523217e-06,Information
181406,3510.0,9808.245981,MDG,Madagascar,Fianarantsoa,2.537991303,0.0,0.4,0.83,3510.0,,,,,,,,,,,,,,,,,,,,,,,,,0.25912,50.75982606,0.0,,42.312,0.431,12.812,0.131,0.0,0.0,0.0,0.0,0.1281199999999999,0.131,0.0,0.0,0.0,0.0,0.25912,0.84375,0.008602455542483,2.8125,0.0286748518082767,0.01265625,0.0129036833137245,0.0984375,0.1003619813289684,0.2243594146426929,264219,,,7.722507528706673e-08,Information
181408,3512.0,7737.713255,MDG,Madagascar,Fianarantsoa,3.292135959,0.0,0.4,0.83,3512.0,,,,,,,,,,,,,,,,,,,,,,,,,0.504,65.84271918,0.0,,47.0,0.607,17.125,0.221,3.25,0.042,0.0,0.0,0.17125,0.221,0.04875,0.063,0.0,0.0,0.504,0.421875,0.0054521922189481,2.25,0.0290783585010568,0.006328125,0.0081782883284221,0.07875,0.1017742547536987,0.1950306680821209,348364,,,1.2425161801887986e-05,Information
181409,3513.0,13254.71602,MDG,Madagascar,Fianarantsoa,3.174085803,0.0,0.4,0.83,3513.0,,,,,,,,,,,,,,,,,,,,,,,,,0.5982943358014958,63.48171606,0.0,,50.562,0.381,7.25,0.055,1.938,0.015,0.0,0.0,0.0725,0.055,0.02907,0.0225,0.0,0.0,0.1790699999999999,2.390625,0.0180360333345378,8.71875,0.0657784745141969,0.035859375,0.0270540500018067,0.30515625,0.2302246607996891,0.5982943358014958,815792,,,1.9656077463946136e-05,Information
181601,3514.0,6022.013172,MDG,Madagascar,Toliary,4.024951152,3.00790568,0.4,0.83,3514.0,,,,,,,,,,,,,,,,,,,,,,,,,4.244655213892514,80.49902304,60.1581136,,98.938,1.643,17.0,0.282,8.938,0.148,3.688,0.061,0.17,0.282,0.13407,0.2219999999999999,0.0922,0.1525,1.05277,6.609375,0.1097535792665915,42.75,0.7098954914264647,0.099140625,0.1646303688998872,1.49625,2.4846342199926266,4.244655213892514,252847,,,0.0636539996999526,Information
181602,3515.0,16684.51459,MDG,Madagascar,Antananarivo,2.669288224,0.0,0.4,0.83,3515.0,,,,,,,,,,,,,,,,,,,,,,,,,1.9668356899232249,53.385764480000006,0.0,,173.062,1.037,64.375,0.386,6.375,0.038,1.625,0.01,0.64375,0.386,0.095625,0.0569999999999999,0.040625,0.025,1.2479999999999998,0.28125,0.0016856948311566,35.015625,0.2098690064789971,0.00421875,0.0025285422467349,1.225546875,0.7345415226764898,1.9668356899232249,1066687,,,0.0007741365926833,Information
181603,3516.0,237.6603173,MDG,Madagascar,Toliary,3.069524306,0.0,0.4,0.83,3516.0,,,,,,,,,,,,,,,,,,,,,,,,,15.477381336955466,61.39048612,0.0,,27.938,11.755,3.688,1.552,0.938,0.394,0.062,0.026,0.03688,1.552,0.01407,0.591,0.00155,0.065,2.2605,0.0,0.0,10.265625,4.319452703415847,0.0,0.0,0.359296875,15.118084461955466,15.477381336955466,6843,,,0.1803271520268083,Information
181604,3517.0,7222.673157,MDG,Madagascar,Toliary,4.014519553,0.0,0.4,0.83,3517.0,,,,,,,,,,,,,,,,,,,,,,,,,1.7604530055046628,80.29039106,0.0,,30.312,0.42,5.688,0.079,0.062,0.001,0.062,0.001,0.05688,0.079,0.0009299999999999,0.0015,0.00155,0.0025,0.14236,0.0,0.0,21.09375,0.2920490730013322,0.0,0.0,0.73828125,1.0221717555046628,1.7604530055046628,117082,,,0.0078560537033863,Information
181605,3518.0,1997.061817,MDG,Madagascar,Antananarivo,4.004280545,0.0,0.4,0.83,3518.0,,,,,,,,,,,,,,,,,,,,,,,,,1.5375077437210207,80.0856109,0.0,,4.125,0.207,1.438,0.072,0.438,0.022,0.125,0.006,0.0143799999999999,0.072,0.00657,0.033,0.003125,0.015,0.144075,0.0,0.0,7.3125,0.3661629267774345,0.0,0.0,0.2559375,1.2815702437210208,1.5375077437210207,24318,,,0.0052143666568763,Information
181606,3519.0,3556.240653,MDG,Madagascar,Antananarivo,2.748455911,0.0,0.4,0.83,3519.0,,,,,,,,,,,,,,,,,,,,,,,,,0.5253354868985538,54.969118220000006,0.0,,7.5,0.211,6.125,0.172,0.0,0.0,0.0,0.0,0.06125,0.172,0.0,0.0,0.0,0.0,0.2332499999999999,0.0,0.0,3.9375,0.1107208533995868,0.0,0.0,0.1378125,0.3875229868985538,0.5253354868985538,226526,,,4.2722394795558096e-06,Information
181608,3521.0,2048.626459,MDG,Madagascar,Antananarivo,1.66699626,0.0,0.4,0.83,3521.0,,,,,,,,,,,,,,,,,,,,,,,,,0.1723799999999999,33.3399252,0.0,,4.688,0.229,2.938,0.143,0.0,0.0,0.0,0.0,0.02938,0.143,0.0,0.0,0.0,0.0,0.1723799999999999,0.0,0.0,0.703125,0.0343217767636675,0.0,0.0,0.024609375,0.1201262186728362,0.1447355936728362,530909,,,1.2793747551704191e-09,Information
181609,3522.0,4520.047934,MDG,Madagascar,Fianarantsoa,3.110291941,0.0,0.4,0.83,3522.0,,,,,,,,,,,,,,,,,,,,,,,,,0.1581086350604729,62.20583882,0.0,,5.25,0.116,3.5,0.077,0.0,0.0,0.0,0.0,0.035,0.077,0.0,0.0,0.0,0.0,0.112,0.0,0.0,1.40625,0.0311113957315637,0.0,0.0,0.04921875,0.1088898850604729,0.1581086350604729,395358,,,2.1675417190040224e-08,Information
181701,3523.0,821.0683698,MDG,Madagascar,Toliary,4.013436553,4.062882733,0.4,0.83,3523.0,,,,,,,,,,,,,,,,,,,,,,,,,2.6598999999999995,80.26873106,81.25765466000001,,72.812,8.868,13.938,1.697,3.438,0.419,0.438,0.053,0.13938,1.697,0.05157,0.6285,0.01095,0.1325,2.6598999999999995,1.125,0.1370166043896984,5.203125,0.6337017953023552,0.016875,0.2055249065845475,0.182109375,2.217956283558243,2.622465565142791,41718,,,0.0254396197712997,Information
181702,3524.0,13365.69471,MDG,Madagascar,Toliary,3.598031266,0.0,0.4,0.83,3524.0,,,,,,,,,,,,,,,,,,,,,,,,,1.5168228432442512,71.96062532,0.0,,103.688,0.776,25.25,0.189,0.688,0.005,0.0,0.0,0.2525,0.189,0.01032,0.0075,0.0,0.0,0.45932,1.40625,0.0105213386263249,24.1875,0.1809670243727897,0.02109375,0.0157820079394873,0.8465625,0.6333845853047639,1.5168228432442512,320139,,,0.0017671250466192,Information
181703,3525.0,10540.08417,MDG,Madagascar,Mahajanga,4.09411427,3.667390559,0.4,0.83,3525.0,,,,,,,,,,,,,,,,,,,,,,,,,5.843993378147333,81.8822854,73.34781118000001,,268.438,2.547,66.375,0.63,8.0,0.076,2.312,0.022,0.66375,0.63,0.12,0.1139999999999999,0.0577999999999999,0.0549999999999999,1.6405499999999995,22.078125,0.2094682038659466,76.21875,0.7231322706709753,0.331171875,0.3142023057989199,2.66765625,2.5309629473484136,5.843993378147333,228372,,,0.1289274404610539,Information
181704,3526.0,7965.38885,MDG,Madagascar,Mahajanga,4.053950906,0.0,0.4,0.83,3526.0,,,,,,,,,,,,,,,,,,,,,,,,,0.89438,81.07901812,0.0,,128.875,1.618,36.438,0.457,1.75,0.022,0.25,0.003,0.36438,0.457,0.02625,0.033,0.00625,0.0075,0.89438,1.40625,0.017654505342234,10.546875,0.1324087900667552,0.02109375,0.026481758013351,0.369140625,0.4634307652336432,0.8801468982469942,42958,,,0.0011370043835089,Information
181705,3527.0,7273.813759,MDG,Madagascar,Mahajanga,4.096142354,0.0,0.4,0.83,3527.0,,,,,,,,,,,,,,,,,,,,,,,,,5.752383366745849,81.92284708000001,0.0,,233.688,3.213,53.062,0.73,5.125,0.07,2.312,0.032,0.53062,0.73,0.076875,0.105,0.0577999999999999,0.08,1.580295,15.46875,0.2126635422885592,62.578125,0.8603206938037171,0.23203125,0.3189953134328387,2.190234375,3.01112242831301,5.752383366745849,75284,,,0.1260974116417773,Information
181706,3528.0,8643.794636,MDG,Madagascar,Mahajanga,4.052935803,0.0,0.4,0.83,3528.0,,,,,,,,,,,,,,,,,,,,,,,,,2.3370340976188,81.05871606,0.0,,136.312,1.577,30.562,0.354,1.188,0.014,0.938,0.011,0.30562,0.354,0.01782,0.021,0.02345,0.0274999999999999,0.7493899999999999,10.546875,0.1220167234865801,26.4375,0.3058552535396942,0.158203125,0.1830250852298701,0.9253125,1.0704933873889295,2.3370340976188,102386,,,0.0181986382332393,Information
181707,3529.0,9328.842332,MDG,Madagascar,Mahajanga,4.154033005,0.0,0.4,0.83,3529.0,,,,,,,,,,,,,,,,,,,,,,,,,9.475260588788304,83.08066009999999,0.0,,92.562,0.992,56.25,0.603,10.562,0.113,6.562,0.07,0.5625,0.603,0.15843,0.1695,0.16405,0.175,1.83248,39.09375,0.4190632514400826,113.90625,1.2210116318937658,0.58640625,0.628594877160124,3.98671875,4.27354071162818,9.475260588788304,122391,,,0.2810338244286503,Information
181708,3530.0,18974.45409,MDG,Madagascar,Mahajanga,4.047334457,0.0,0.4,0.83,3530.0,,,,,,,,,,,,,,,,,,,,,,,,,6.180154004219023,80.94668913999999,0.0,,134.5,0.709,52.688,0.278,13.062,0.069,6.438,0.034,0.52688,0.278,0.19593,0.1035,0.1609499999999999,0.085,1.3502599999999998,33.890625,0.1786118580669856,101.109375,0.5328710620338699,0.508359375,0.2679177871004784,3.538828125,1.8650487171185448,6.180154004219023,224463,,,0.1301044127868362,Information
181709,3531.0,2353.08581,MDG,Madagascar,Mahajanga,2.750343903,0.0,0.4,0.83,3531.0,,,,,,,,,,,,,,,,,,,,,,,,,30.77372260026406,55.006878060000005,0.0,,35.438,1.506,34.062,1.448,8.812,0.375,5.625,0.239,0.34062,1.448,0.13218,0.5625,0.140625,0.5974999999999999,3.221425,68.90625,2.9283356226171016,137.953125,5.862647440382402,1.03359375,4.392503433925652,4.828359375,20.519266041338405,30.77372260026406,37484,,,0.3520289505838664,Advisory
181801,3532.0,3379.11556,MDG,Madagascar,Mahajanga,4.022865117,0.0,0.4,0.83,3532.0,,,,,,,,,,,,,,,,,,,,,,,,,24.21176057722321,80.45730234000001,0.0,,15.625,0.462,15.625,0.462,3.625,0.107,1.625,0.048,0.15625,0.462,0.054375,0.1605,0.040625,0.12,0.99375,73.96875,2.188997348480949,143.015625,4.232338979857653,1.10953125,3.2834960227214234,5.005546875,14.813186429501789,24.21176057722321,237803,,,0.5848187976589599,Advisory
181802,3533.0,12945.54537,MDG,Madagascar,Mahajanga,4.018928653,0.0,0.4,0.83,3533.0,,,,,,,,,,,,,,,,,,,,,,,,,2.0077337226259777,80.37857306,0.0,,79.562,0.615,31.75,0.245,0.875,0.007,0.125,0.001,0.3175,0.245,0.013125,0.0105,0.003125,0.0025,0.59175,11.53125,0.0890750422164248,27.421875,0.2118247955146687,0.17296875,0.1336125633246372,0.959765625,0.7413867843013404,2.0077337226259777,276369,,,0.0113152485892953,Information
181803,3534.0,3080.227017,MDG,Madagascar,Mahajanga,4.003232983,0.0,0.4,0.83,3534.0,,,,,,,,,,,,,,,,,,,,,,,,,6.016447702626692,80.06465966,0.0,,12.5,0.406,9.375,0.304,1.125,0.037,0.5,0.016,0.09375,0.304,0.016875,0.0554999999999999,0.0125,0.04,0.522625,10.125,0.328709538053719,36.140625,1.1733104344417469,0.151875,0.4930643070805784,1.264921875,4.106586520546114,6.016447702626692,46382,,,0.1154590825925543,Information
181804,3535.0,12825.81988,MDG,Madagascar,Mahajanga,4.081855647,0.0,0.4,0.83,3535.0,,,,,,,,,,,,,,,,,,,,,,,,,1.9370674593698256,81.63711294000001,0.0,,42.188,0.329,22.938,0.179,0.562,0.004,0.125,0.001,0.22938,0.179,0.00843,0.006,0.003125,0.0025,0.4284349999999999,8.578125,0.0668816893043403,27.421875,0.2138021215466616,0.128671875,0.1003225339565104,0.959765625,0.7483074254133155,1.9370674593698256,489483,,,0.0122512733455303,Information
181805,3536.0,883.4332936,MDG,Madagascar,Mahajanga,4.058074284,0.0,0.4,0.83,3536.0,,,,,,,,,,,,,,,,,,,,,,,,,7.639998659104424,81.16148568,0.0,,5.25,0.594,3.375,0.382,0.25,0.028,0.062,0.007,0.03375,0.382,0.00375,0.042,0.00155,0.0175,0.48055,6.890625,0.7799824899004915,14.765625,1.6713910497867677,0.103359375,1.1699737348507373,0.516796875,5.849868674253687,7.639998659104424,51509,,,0.183394072948374,Information
181806,3537.0,3705.430145,MDG,Madagascar,Mahajanga,4.006741481,0.0,0.4,0.83,3537.0,,,,,,,,,,,,,,,,,,,,,,,,,1.8282766173744,80.13482961999999,0.0,,13.188,0.356,6.188,0.167,1.062,0.029,0.562,0.015,0.06188,0.167,0.01593,0.0435,0.01405,0.0375,0.33986,5.0625,0.1366238142972358,11.953125,0.3225840059795847,0.0759375,0.2049357214458537,0.418359375,1.1290440209285464,1.8282766173744,33614,,,0.0085257778095361,Information
181807,3538.0,2747.999912,MDG,Madagascar,Mahajanga,3.361497295,0.0,0.4,0.83,3538.0,,,,,,,,,,,,,,,,,,,,,,,,,2.733391853707212,67.2299459,0.0,,8.875,0.323,4.625,0.168,0.0,0.0,0.0,0.0,0.04625,0.168,0.0,0.0,0.0,0.0,0.21425,4.5,0.1637554637676152,14.90625,0.5424399737302253,0.0675,0.2456331956514228,0.52171875,1.8985399080557888,2.733391853707212,50621,,,0.0064963041242851,Information
181808,3539.0,4869.234432,MDG,Madagascar,Antananarivo,3.210333856,0.0,0.4,0.83,3539.0,,,,,,,,,,,,,,,,,,,,,,,,,0.315125,64.20667712,0.0,,33.938,0.697,9.75,0.2,0.375,0.008,0.0,0.0,0.0975,0.2,0.005625,0.012,0.0,0.0,0.315125,0.140625,0.0028880310027034,2.25,0.0462084960432546,0.002109375,0.0043320465040551,0.07875,0.1617297361513911,0.2469211576554462,104262,,,1.1085983063386534e-06,Information
181809,3540.0,11869.39026,MDG,Madagascar,Antananarivo,1.766661947,0.0,0.4,0.83,3540.0,,,,,,,,,,,,,,,,,,,,,,,,,3.1195883337738657,35.33323894,0.0,,206.438,1.739,80.5,0.678,5.938,0.05,0.25,0.002,0.805,0.678,0.08907,0.075,0.00625,0.005,1.65832,0.0,0.0,48.375,0.4075609525068187,0.0,0.0,1.693125,1.4264633337738657,3.1195883337738657,4613427,,,0.0012165230917219,Information
181910,3541.0,10851.25835,MDG,Madagascar,Mahajanga,3.703130493,1.610738082,0.4,0.83,3541.0,,,,,,,,,,,,,,,,,,,,,,,,,23.623831821820072,74.06260986000001,32.21476164,,99.625,0.918,80.75,0.744,26.562,0.245,14.312,0.132,0.8075,0.744,0.39843,0.3675,0.3578,0.33,3.00523,91.828125,0.8462440207633408,311.90625,2.8743786187643035,1.377421875,1.2693660311450112,10.91671875,10.060325165675062,23.623831821820072,715532,,,0.4627811630212701,Advisory
181920,3542.0,28597.79212,MDG,Madagascar,Mahajanga,4.082933996,0.0,0.4,0.83,3542.0,,,,,,,,,,,,,,,,,,,,,,,,,6.496798428544449,81.65867992000001,0.0,,47.562,0.166,23.75,0.083,4.25,0.015,1.25,0.004,0.2375,0.083,0.06375,0.0225,0.03125,0.01,0.448,42.328125,0.1480118633484894,119.390625,0.41748196672049,0.634921875,0.2220177950227341,4.178671875,1.461186883521715,6.496798428544449,931116,,,0.149670660570008,Information
181931,3543.0,9830.922312,MDG,Madagascar,Mahajanga,4.012663781,0.0,0.4,0.83,3543.0,,,,,,,,,,,,,,,,,,,,,,,,,18.61858509742504,80.25327562,0.0,,53.938,0.549,50.812,0.517,17.75,0.181,8.938,0.091,0.50812,0.517,0.26625,0.2714999999999999,0.22345,0.2274999999999999,2.0138200000000004,96.890625,0.9855700404130192,222.1875,2.2600880462301456,1.453359375,1.4783550606195288,7.7765625,7.91030816180551,18.61858509742504,279866,,,0.4765448148914322,Advisory
181933,3545.0,32411.80991,MDG,Madagascar,Antsiranana,4.168522891,0.560441819,0.4,0.83,3545.0,3545.0,0.0,8.0,-9999.0,-9999.0,-9999.0,0.0,3.0,-999.9,-999.9,-999.9,-5993.4,0.0,0.0,0.0,0.0,0.0,0.0,0.0,0.0,0.0,0.0,0.0,-5993.4,45.61380546868886,83.37045782000001,11.20883638,3.0,68.938,0.213,50.688,0.156,33.812,0.104,13.0,0.04,0.50688,0.156,0.50718,0.156,0.325,0.1,1.7510599999999998,350.578125,1.08163698964505,845.71875,2.6092919597775093,5.258671875,1.622455484467575,29.60015625,9.132521859221283,45.61380546868886,1465923,39546.0,2.7,0.8435197948575617,Warning
181940,3552.0,12799.66368,MDG,Madagascar,Toamasina,4.024948575,0.01751257,0.4,0.83,3552.0,,,,,,,,,,,,,,,,,,,,,,,,,4.7267683400766085,80.4989715,0.3502514,,16.375,0.128,11.312,0.088,0.0,0.0,0.0,0.0,0.11312,0.088,0.0,0.0,0.0,0.0,0.20112,0.703125,0.005493308399779,75.515625,0.5899813221362684,0.010546875,0.0082399625996685,2.643046875,2.06493462747694,4.7267683400766085,893983,,,0.0782085094276909,Information
181960,3554.0,17804.70424,MDG,Madagascar,Toamasina,3.683871993,0.357438213,0.4,0.83,3554.0,,,,,,,,,,,,,,,,,,,,,,,,,0.8531729439469079,73.67743985999999,7.14876426,,34.562,0.194,18.188,0.102,0.0,0.0,0.0,0.0,0.18188,0.102,0.0,0.0,0.0,0.0,0.2838799999999999,0.0,0.0,15.609375,0.0876699482705451,0.0,0.0,0.546328125,0.3068448189469078,0.8531729439469079,1174090,,,0.0003026600215293,Information
181971,3555.0,7251.432403,MDG,Madagascar,Fianarantsoa,4.132376122,3.069893963,0.4,0.83,3555.0,,,,,,,,,,,,,,,,,,,,,,,,,5.386290460291693,82.64752244,61.39787926,,6.938,0.096,6.438,0.089,0.0,0.0,0.0,0.0,0.0643799999999999,0.089,0.0,0.0,0.0,0.0,0.15338,0.0,0.0,64.6875,0.8920651315119124,0.0,0.0,2.2640625,3.1222279602916934,5.386290460291693,469713,,,0.1210249590910962,Information
181991,3565.0,1184.795597,MDG,Madagascar,Fianarantsoa,1.506426573,1.244984154,0.4,0.83,3565.0,,,,,,,,,,,,,,,,,,,,,,,,,7.201896869348834,30.12853146,24.89968308,,9.625,0.812,9.625,0.812,0.0,0.0,0.0,0.0,0.09625,0.812,0.0,0.0,0.0,0.0,0.90825,0.0,0.0,21.796875,1.8397160698139527,0.0,0.0,0.762890625,6.4390062443488345,7.201896869348834,142196,,,0.0115338077442532,Information
181998,3571.0,5211.433533,MDG,Madagascar,Toliary,3.768449848,0.0,0.4,0.83,3571.0,,,,,,,,,,,,,,,,,,,,,,,,,0.84874,75.36899696,0.0,,34.75,0.667,28.312,0.543,0.438,0.008,0.062,0.001,0.28312,0.543,0.00657,0.012,0.00155,0.0025,0.84874,,,,,,,,,,366111,,,0.0003785665591449,Information
181500,16054.0,21703.50389,MDG,Madagascar,Menabe,4.09387891,3.820473137,0.4,0.83,16054.0,,,,,,,,,,,,,,,,,,,,,,,,,7.569678551175794,81.8775782,76.40946274,,201.0,0.926,84.125,0.388,11.312,0.052,7.75,0.036,0.84125,0.388,0.16968,0.078,0.19375,0.09,1.7606800000000002,61.3125,0.2825004676560775,121.78125,0.5611133141976219,0.9196875,0.4237507014841162,4.26234375,1.9638965996916768,7.569678551175794,380893,,,0.1913317181651428,Information
211016,3579.0,3534.372215,ISR,Israel,HaDarom,0.486140123,0.0,0.7,0.42,3579.0,3579.0,0.0,22.0,-9999.0,-9999.0,-9999.0,0.0,1.0,-999.9,-999.9,-999.9,-5997.4,0.0,0.0,0.0,0.0,0.0,0.0,0.0,0.0,0.0,0.0,0.0,-5997.4,-5997.4,9.72280246,0.0,,,,,,,,,,,,,,,,,,,,,,,,,,967058,,,,
299068,5763.0,2891.989104,ISR,Israel,HaZafon,2.687889753,0.0,0.7,0.42,5763.0,5763.0,0.0,1.0,-9999.0,-9999.0,-9999.0,0.0,10.0,-999.9,-999.9,-999.9,-5979.4,0.0,0.0,0.0,0.0,0.0,0.0,0.0,0.0,0.0,0.0,0.0,-5979.4,5.259540136797219,53.75779506,0.0,,5.812,0.201,5.812,0.201,3.625,0.125,1.5,0.052,0.05812,0.201,0.054375,0.1875,0.0375,0.13,0.6684950000000001,10.40625,0.3598301938295521,29.25,1.0114145988722547,0.15609375,0.5397452907443282,1.02375,3.539951096052892,5.259540136797219,485802,,,0.0148582269126518,Information
211017,3580.0,21344.05405,LBN,Lebanon,South,3.317274977,0.000904391,0.52,0.67,3580.0,3580.0,0.0,2.0,-9999.0,-9999.0,-9999.0,0.0,9.0,-999.9,-999.9,-999.9,-5988.9,0.0,0.0,0.0,0.0,0.0,0.0,0.0,0.0,0.0,0.0,0.0,-5988.9,6.129212626765398,66.34549953999999,0.01808782,,33.812,0.158,27.125,0.127,9.312,0.044,5.875,0.028,0.27125,0.127,0.13968,0.066,0.146875,0.07,0.820805,28.546875,0.1337462645665012,107.015625,0.5013837799758989,0.428203125,0.2006193968497518,3.745546875,1.7548432299156462,6.129212626765398,22915714,,,0.0442765028231999,Information
211018,3581.0,24917.42918,SYR,Syria,Idlib,3.03985619,0.0,0.39,0.85,3581.0,3581.0,0.0,1.0,-9999.0,-9999.0,-9999.0,0.0,10.0,-999.9,-999.9,-999.9,-5979.4,0.0,0.0,0.0,0.0,0.0,0.0,0.0,0.0,0.0,0.0,0.0,-5979.4,10.968437523976576,60.7971238,0.0,,26.625,0.107,26.0,0.104,18.188,0.073,11.5,0.046,0.26,0.104,0.2728199999999999,0.1094999999999999,0.2875,0.1149999999999999,1.14882,74.25,0.2979841919977779,191.8125,0.7697924959942597,1.11375,0.4469762879966669,6.7134375,2.694273735979909,10.968437523976576,6691275,,,0.1013798644568184,Information
211020,3583.0,18601.2137,SYR,Syria,Aleppo,3.544727322,0.0,0.39,0.85,3583.0,,,,,,,,,,,,,,,,,,,,,,,,,6.600265243986218,70.89454644,0.0,,45.438,0.244,43.562,0.234,35.188,0.189,26.562,0.143,0.4356199999999999,0.234,0.5278200000000001,0.2835,0.66405,0.3575,2.50249,44.015625,0.2366277045840087,103.78125,0.5579273034600589,0.660234375,0.354941556876013,3.63234375,1.952745562110206,6.600265243986218,6170374,,,0.068928906769452,Information
294953,5382.0,2327.97481,SYR,Syria,Dayr Az Zawr,2.164665071,0.0,0.39,0.85,5382.0,5382.0,0.0,9.0,-9999.0,-9999.0,-9999.0,0.0,2.0,-999.9,-999.9,-999.9,-5995.4,0.0,0.0,0.0,0.0,0.0,0.0,0.0,0.0,0.0,0.0,0.0,-5995.4,0.4095799479997617,43.29330142,0.0,,,,,,,,,,,,,,,,,0.5625,0.0241626325818008,1.96875,0.084569214036303,0.0084375,0.0362439488727012,0.06890625,0.2959922491270605,0.4095799479997617,318355,,,4.100645310680038e-07,Information
294963,5391.0,3498.632644,SYR,Syria,Al ?asakah,3.103744007,0.0,0.39,0.85,5391.0,5391.0,0.0,1.0,-9999.0,-9999.0,-9999.0,0.0,10.0,-999.9,-999.9,-999.9,-5979.4,0.0,0.0,0.0,0.0,0.0,0.0,0.0,0.0,0.0,0.0,0.0,-5979.4,1.7145140664073435,62.07488014,0.0,,,,,,,,,,,,,,,,,2.390625,0.0683302662307748,11.671875,0.3336124763031947,0.035859375,0.1024953993461622,0.408515625,1.1676436670611814,1.7145140664073435,248124,,,0.0009791521886225,Information
294973,5400.0,3112.397339,SYR,Syria,Ar Raqqah,4.064020725,0.0,0.39,0.85,5400.0,,,,,,,,,,,,,,,,,,,,,,,,,4.03752720204577,81.28041449999999,0.0,,1.812,0.058,1.812,0.058,0.375,0.012,0.062,0.002,0.01812,0.058,0.005625,0.018,0.00155,0.005,0.106295,7.453125,0.2394657297629139,24.1875,0.7771340664003998,0.111796875,0.3591985946443708,0.8465625,2.7199692324014,4.03752720204577,417304,,,0.0625224651214373,Information
294975,5402.0,14819.66077,SYR,Syria,Aleppo,2.147392584,0.0,0.39,0.85,5402.0,,,,,,,,,,,,,,,,,,,,,,,,,16.23292899631923,42.94785168,0.0,,63.25,0.427,62.125,0.419,27.375,0.185,9.438,0.064,0.62125,0.419,0.410625,0.2774999999999999,0.23595,0.16,2.124325,103.78125,0.700294369682059,232.453125,1.5685455190846118,1.55671875,1.0504415545230883,8.135859375,5.489909316796141,16.23292899631923,3364356,,,0.1043905967792279,Information
299053,5752.0,1604.648944,SYR,Syria,As Suwayda',0.001095103,0.0,0.39,0.85,5752.0,,,,,,,,,,,,,,,,,,,,,,,,,2.382875,0.02190206,0.0,,28.938,1.803,28.25,1.761,3.125,0.195,0.0,0.0,0.2825,1.761,0.046875,0.2925,0.0,0.0,2.382875,0.0,0.0,1.828125,0.1139267879641592,0.0,0.0,0.063984375,0.3987437578745572,0.4627281328745571,11941,,,9.324655595093688e-05,Information
211019,3582.0,1600.861551,TUR,Turkey,Hatay,4.048341291,0.0,0.57,0.6,3582.0,,,,,,,,,,,,,,,,,,,,,,,,,0.8254371747231294,80.96682582,0.0,,5.375,0.336,4.688,0.293,1.062,0.066,0.75,0.047,0.04688,0.293,0.01593,0.099,0.01875,0.1175,0.5910599999999999,0.703125,0.0439216620199462,2.953125,0.1844709804837743,0.010546875,0.0658824930299193,0.103359375,0.6456484316932101,0.8254371747231294,592930,,,0.0008504501323747,Information
211031,3584.0,938.1924234,TUR,Turkey,Adana,3.910322156,0.0,0.57,0.6,3584.0,,,,,,,,,,,,,,,,,,,,,,,,,21.895762091799483,78.20644312,0.0,,7.375,0.786,7.0,0.746,3.875,0.413,2.062,0.22,0.07,0.746,0.058125,0.6194999999999999,0.0515499999999999,0.55,2.095175,23.484375,2.50315121018758,43.59375,4.64656811471946,0.352265625,3.75472681528137,1.52578125,16.26298840151811,21.895762091799483,326548,,,0.501866538863205,Advisory
211032,3585.0,21296.46286,TUR,Turkey,K. Maras,1.84982162,0.0,0.57,0.6,3585.0,3585.0,0.0,1.0,-9999.0,-9999.0,-9999.0,0.0,10.0,-999.9,-999.9,-999.9,-5979.4,0.0,0.0,0.0,0.0,0.0,0.0,0.0,0.0,0.0,0.0,0.0,-5979.4,9.15387590033781,36.9964324,0.0,,49.875,0.234,49.5,0.232,32.375,0.152,17.25,0.081,0.495,0.232,0.485625,0.2279999999999999,0.43125,0.2025,2.0743750000000003,73.6875,0.3460081632863782,146.390625,0.6873940801166407,1.1053125,0.5190122449295673,5.123671875,2.4058792804082425,9.15387590033781,2049615,,,0.0268645640967241,Information
211033,3586.0,875.3788129,TUR,Turkey,Adana,4.0486631,2.100368334,0.57,0.6,3586.0,,,,,,,,,,,,,,,,,,,,,,,,,20.2747749636288,80.97326199999999,42.00736668,,2.688,0.307,2.125,0.243,1.0,0.114,0.375,0.043,0.02125,0.243,0.015,0.171,0.009375,0.1074999999999999,0.5671250000000001,16.59375,1.8956079077623424,39.515625,4.51411713628151,0.24890625,2.8434118616435136,1.383046875,15.799409976985286,20.2747749636288,58749,,,0.5253286594149628,Advisory
211034,3587.0,20797.0602,TUR,Turkey,Adana,0.814937327,0.0,0.57,0.6,3587.0,,,,,,,,,,,,,,,,,,,,,,,,,7.625848770294298,16.29874654,0.0,,50.375,0.242,49.25,0.237,37.562,0.181,25.875,0.124,0.4925,0.237,0.56343,0.2714999999999999,0.646875,0.31,2.5213050000000004,71.296875,0.3428218907807781,116.578125,0.5605509811780376,1.069453125,0.5142328361711672,4.080234375,1.961928434123132,7.625848770294298,1335714,,,0.0082940971471715,Information
211035,3588.0,6802.879574,TUR,Turkey,Mersin,4.023760548,0.0,0.57,0.6,3588.0,,,,,,,,,,,,,,,,,,,,,,,,,4.433781493794852,80.47521096,0.0,,1.75,0.026,1.562,0.023,1.062,0.016,1.375,0.02,0.01562,0.023,0.01593,0.024,0.034375,0.05,0.162925,21.234375,0.3121380404919879,42.1875,0.6201418023019628,0.318515625,0.4682070607379818,1.4765625,2.1704963080568698,4.433781493794852,1285654,,,0.0691126842343887,Information
211036,3589.0,10927.85044,TUR,Turkey,Mersin,2.123780385,0.0,0.57,0.6,3589.0,3589.0,0.0,1.0,-9999.0,-9999.0,-9999.0,0.0,10.0,-999.9,-999.9,-999.9,-5979.4,0.0,0.0,0.0,0.0,0.0,0.0,0.0,0.0,0.0,0.0,0.0,-5979.4,1.4785116820290458,42.4756077,0.0,,4.812,0.044,4.562,0.042,1.938,0.018,2.75,0.025,0.04562,0.042,0.02907,0.0269999999999999,0.06875,0.0625,0.2749399999999999,5.203125,0.0476134353097899,19.828125,0.1814457940183888,0.078046875,0.0714201529646848,0.693984375,0.6350602790643608,1.4785116820290458,151990,,,0.0001255315223878,Information
211037,3590.0,9587.490735,TUR,Turkey,Antalya,3.953435249,0.007779363,0.57,0.6,3590.0,,,,,,,,,,,,,,,,,,,,,,,,,6.342158543801064,79.06870498,0.15558726,,1.188,0.012,1.062,0.011,0.938,0.01,3.812,0.04,0.01062,0.011,0.01407,0.015,0.0953,0.1,0.24599,27.140625,0.2830837155508971,77.0625,0.8037817415642053,0.407109375,0.4246255733263456,2.6971875,2.813236095474718,6.342158543801064,576677,,,0.1162338531928161,Information
211052,3596.0,6798.335188,TUR,Turkey,Isparta,2.28605439,0.0,0.57,0.6,3596.0,,,,,,,,,,,,,,,,,,,,,,,,,3.877844583424559,45.7210878,0.0,,5.562,0.082,4.875,0.072,1.812,0.027,1.375,0.02,0.04875,0.072,0.02718,0.0405,0.034375,0.05,0.272805,15.046875,0.2213317611347919,38.390625,0.5647062690635346,0.225703125,0.3319976417021878,1.343671875,1.976471941722371,3.877844583424559,277696,,,0.0041593115149284,Information
211053,3597.0,26213.74776,TUR,Turkey,Mugla,3.088235073,1.03443062,0.57,0.6,3597.0,,,,,,,,,,,,,,,,,,,,,,,,,22.836499043850296,61.76470146,20.6886124,,185.688,0.708,170.75,0.651,43.25,0.165,11.938,0.046,1.7075,0.651,0.64875,0.2475,0.29845,0.1149999999999999,3.668200000000001,187.875,0.7167040810364949,391.78125,1.4945640492273011,2.818125,1.0750561215547425,13.71234375,5.230974172295554,22.836499043850296,2465685,,,0.3031371004536936,Information
211054,3598.0,26641.40241,TUR,Turkey,Denizli,1.116139586,0.0,0.57,0.6,3598.0,,,,,,,,,,,,,,,,,,,,,,,,,3.4117415238894138,22.32279172,0.0,,12.562,0.047,12.0,0.045,3.875,0.015,2.25,0.008,0.12,0.045,0.058125,0.0225,0.05625,0.02,0.321875,34.453125,0.1293217394290852,56.109375,0.2106096899273673,0.516796875,0.1939826091436278,1.963828125,0.7371339147457856,3.4117415238894138,2415115,,,0.0008880012572984,Information
211055,3599.0,7688.514242,TUR,Turkey,Izmir,3.299567942,0.482728572,0.57,0.6,3599.0,,,,,,,,,,,,,,,,,,,,,,,,,16.027562168745803,65.99135884,9.65457144,,32.188,0.419,28.438,0.37,8.0,0.104,1.125,0.015,0.2843799999999999,0.37,0.12,0.156,0.028125,0.0375,0.996005,89.71875,1.166919214505414,160.59375,2.088748813425052,1.34578125,1.7503788217581209,5.62078125,7.310620846987682,16.027562168745803,3837382,,,0.2259339004868791,Information
211056,3600.0,16796.51577,TUR,Turkey,Manisa,1.286464982,0.021005668,0.57,0.6,3600.0,3600.0,0.0,1.0,-9999.0,-9999.0,-9999.0,0.0,10.0,-999.9,-999.9,-999.9,-5979.4,0.0,0.0,0.0,0.0,0.0,0.0,0.0,0.0,0.0,0.0,0.0,-5979.4,1.7835643804399848,25.72929964,0.42011336,,3.562,0.021,3.562,0.021,1.062,0.006,0.625,0.004,0.03562,0.021,0.01593,0.009,0.015625,0.01,0.107175,12.515625,0.0745132215209543,26.578125,0.1582359423310153,0.187734375,0.1117698322814314,0.930234375,0.5538257981585535,1.7835643804399848,1668871,,,9.608141038310278e-05,Information
211057,3601.0,17165.7411,TUR,Turkey,Balikesir,0.711900858,0.874005268,0.57,0.6,3601.0,,,,,,,,,,,,,,,,,,,,,,,,,36.386416954399685,14.23801716,17.48010536,,55.438,0.323,52.75,0.307,13.062,0.076,4.75,0.028,0.5275,0.307,0.19593,0.1139999999999999,0.11875,0.07,1.3331799999999998,258.046875,1.503266730814888,546.328125,3.1826655309078147,3.870703125,2.254900096222332,19.121484375,11.139329358177353,36.386416954399685,1495645,,,0.2064377497048939,Advisory
211058,3602.0,23798.63116,TUR,Turkey,Balikesir,1.591299662,1.040992301,0.57,0.6,3602.0,3602.0,0.0,1.0,-9999.0,-9999.0,-9999.0,0.0,10.0,-999.9,-999.9,-999.9,-5979.4,0.0,0.0,0.0,0.0,0.0,0.0,0.0,0.0,0.0,0.0,0.0,-5979.4,14.920672756455948,31.82599324,20.81984602,,16.0,0.067,14.375,0.06,3.688,0.015,1.188,0.005,0.14375,0.06,0.05532,0.0225,0.0296999999999999,0.0125,0.32377,102.234375,0.4295809045232866,256.359375,1.0772021856202911,1.533515625,0.64437135678493,8.972578125,3.770207649671019,14.920672756455948,3548895,,,0.0643415280086508,Information
211059,3603.0,4865.839396,TUR,Turkey,Kocaeli,3.719906,0.2334932,0.57,0.6,3603.0,,,,,,,,,,,,,,,,,,,,,,,,,13.645036302310247,74.39812,4.6698640000000005,,11.062,0.227,9.0,0.185,2.562,0.053,0.312,0.006,0.09,0.185,0.03843,0.0795,0.0078,0.015,0.41573,50.34375,1.034636491255374,106.03125,2.179094732979196,0.75515625,1.551954736883061,3.71109375,7.626831565427186,13.645036302310247,6278584,,,0.2645796177425724,Information
213021,3604.0,1948.410166,TUR,Turkey,Edirne,0.649827619,0.0,0.57,0.6,3604.0,,,,,,,,,,,,,,,,,,,,,,,,,52.9487725166685,12.99655238,0.0,,21.438,1.1,20.875,1.071,1.688,0.087,7.75,0.398,0.20875,1.071,0.02532,0.1305,0.19375,0.995,2.62432,32.625,1.6744420944456655,427.078125,21.91931310703228,0.489375,2.5116631416684982,14.947734375,35.0,52.9487725166685,101530,,,0.3097275162260459,Advisory
221001,3701.0,8113.892335,TUR,Turkey,Afyon,1.960319088,0.0,0.57,0.6,3701.0,,,,,,,,,,,,,,,,,,,,,,,,,3.015382749983472,39.20638176,0.0,,14.562,0.179,14.562,0.179,6.188,0.076,8.125,0.1,0.14562,0.179,0.09282,0.1139999999999999,0.203125,0.25,0.984565,20.8125,0.2565045127512273,29.671875,0.365692244530466,0.3121875,0.384756769126841,1.038515625,1.279922855856631,3.015382749983472,567325,,,0.0013333364985944,Information
221002,3702.0,15465.43434,TUR,Turkey,Konya,2.633650067,0.0,0.57,0.6,3702.0,,,,,,,,,,,,,,,,,,,,,,,,,3.658546580484107,52.67300134,0.0,,4.125,0.027,3.188,0.021,1.5,0.01,1.25,0.008,0.03188,0.021,0.0225,0.015,0.03125,0.02,0.14163,18.84375,0.1218442985980192,55.40625,0.3582586093105938,0.28265625,0.1827664478970287,1.93921875,1.2539051325870785,3.658546580484107,1598281,,,0.0052333827335058,Information
221008,3708.0,18671.78686,TUR,Turkey,Aksaray,1.890094032,0.0,0.57,0.6,3708.0,,,,,,,,,,,,,,,,,,,,,,,,,19.84372938795414,37.80188064,0.0,,8.5,0.046,8.5,0.046,3.312,0.018,20.25,0.108,0.085,0.046,0.04968,0.0269999999999999,0.50625,0.27,0.98393,208.546875,1.1169090379466775,279.84375,1.4987518445811792,3.128203125,1.6753635569200165,9.79453125,5.245631456034127,19.84372938795414,573804,,,0.1266362704530093,Information
221100,3710.0,3167.541259,TUR,Turkey,Kocaeli,1.243285894,0.0,0.57,0.6,3710.0,,,,,,,,,,,,,,,,,,,,,,,,,11.755930593096526,24.86571788,0.0,,3.312,0.105,3.312,0.105,0.5,0.016,0.125,0.004,0.03312,0.105,0.0075,0.024,0.003125,0.01,0.182745,34.3125,1.0832534508779477,66.09375,2.08659476193703,0.5146875,1.6248801763169216,2.31328125,7.303081666779605,11.755930593096526,1422817,,,0.0318038902821433,Information
221201,3711.0,5304.165978,TUR,Turkey,Sakarya,2.681236988,0.0,0.57,0.6,3711.0,3711.0,0.0,1.0,-9999.0,-9999.0,-9999.0,0.0,10.0,-999.9,-999.9,-999.9,-5984.4,0.0,0.0,0.0,0.0,0.0,0.0,0.0,0.0,0.0,0.0,0.0,-5984.4,1.6351595800639374,53.62473976,0.0,,,,,,,,,,,,,,,,,5.625,0.1060487176242121,13.78125,0.2598193581793198,0.084375,0.1590730764363181,0.48234375,0.9093677536276192,1.6351595800639374,971342,,,0.0004113746862356,Information
221203,3713.0,10641.17976,TUR,Turkey,Bolu,1.875724589,0.0,0.57,0.6,3713.0,,,,,,,,,,,,,,,,,,,,,,,,,4.605834587393674,37.51449178,0.0,,5.688,0.053,5.375,0.051,0.25,0.002,2.062,0.019,0.05375,0.051,0.00375,0.003,0.0515499999999999,0.0475,0.21055,31.640625,0.2973413260518665,54.28125,0.5101055638045354,0.474609375,0.4460119890777997,1.89984375,1.785369473315874,4.605834587393674,319188,,,0.0045588282092228,Information
221204,3714.0,4608.422192,TUR,Turkey,Ankara,0.96749902,0.0,0.57,0.6,3714.0,,,,,,,,,,,,,,,,,,,,,,,,,2.476268032591883,19.3499804,0.0,,0.688,0.015,0.625,0.014,0.062,0.001,1.062,0.023,0.00625,0.014,0.0009299999999999,0.0015,0.02655,0.0574999999999999,0.10673,10.40625,0.2258093891301518,17.859375,0.3875377353990444,0.15609375,0.3387140836952277,0.625078125,1.3563820738966554,2.476268032591883,73359,,,0.0002475750513653,Information
221206,3716.0,7176.567271,TUR,Turkey,Ankara,1.424740468,0.0,0.57,0.6,3716.0,,,,,,,,,,,,,,,,,,,,,,,,,1.543197424847192,28.49480936,0.0,,1.875,0.026,1.625,0.023,0.125,0.002,1.25,0.017,0.01625,0.023,0.001875,0.003,0.03125,0.0425,0.117875,7.875,0.1097321282256112,15.046875,0.2096667450025072,0.118125,0.1645981923384168,0.526640625,0.7338336075087752,1.543197424847192,5707501,,,6.25492100866219e-05,Information
221209,3719.0,10858.31926,TUR,Turkey,Eskisehir,3.015774861,0.0,0.57,0.6,3719.0,,,,,,,,,,,,,,,,,,,,,,,,,1.5397637637425765,60.315497220000005,0.0,,4.188,0.039,4.062,0.037,0.438,0.004,0.312,0.003,0.04062,0.037,0.00657,0.006,0.0078,0.0075,0.10549,12.09375,0.1113777345295817,17.71875,0.1631813319852011,0.18140625,0.1670666017943725,0.62015625,0.5711346619482038,1.5397637637425765,1080154,,,0.0005783824295414,Information
221300,3720.0,29901.24294,TUR,Turkey,Karabyk,3.494152214,0.0,0.57,0.6,3720.0,,,,,,,,,,,,,,,,,,,,,,,,,15.407398794437643,69.88304428000001,0.0,,14.938,0.05,14.875,0.05,4.25,0.014,4.625,0.015,0.14875,0.05,0.06375,0.021,0.115625,0.0375,0.4366249999999999,157.78125,0.5276745528419752,262.265625,0.8771060971927662,2.36671875,0.7915118292629628,9.179296875,3.0698713401746818,15.407398794437643,2022751,,,0.2513522478999848,Information
221400,3721.0,3102.234401,TUR,Turkey,Kayseri,4.047024567,0.0,0.57,0.6,3721.0,,,,,,,,,,,,,,,,,,,,,,,,,6.167935047296133,80.94049134000001,0.0,,9.438,0.304,9.438,0.304,3.812,0.123,1.375,0.044,0.09438,0.304,0.05718,0.1845,0.034375,0.1099999999999999,0.7844350000000001,25.171875,0.8114111233423282,30.9375,0.9972650677950402,0.377578125,1.2171166850134925,1.0828125,3.4904277372826407,6.167935047296133,92765,,,0.1296173068529678,Information
221401,3722.0,3872.795367,TUR,Turkey,Samsun,2.209061435,0.0,0.57,0.6,3722.0,3722.0,0.0,1.0,-9999.0,-9999.0,-9999.0,0.0,10.0,-999.9,-999.9,-999.9,-5979.4,0.0,0.0,0.0,0.0,0.0,0.0,0.0,0.0,0.0,0.0,0.0,-5979.4,24.88701841487723,44.181228700000005,0.0,,51.688,1.335,51.25,1.323,34.062,0.88,24.0,0.62,0.5125,1.323,0.51093,1.32,0.6,1.55,5.81643,102.234375,2.639808337362766,154.6875,3.994207938238023,1.533515625,3.959712506044149,5.4140625,13.97972778383308,24.88701841487723,215612,,,0.2096132559873282,Information
221402,3723.0,6973.291187,TUR,Turkey,Kastamonu,1.985353439,0.0,0.57,0.6,3723.0,,,,,,,,,,,,,,,,,,,,,,,,,1.5214670871022653,39.70706878,0.0,,2.562,0.037,2.562,0.037,1.625,0.023,1.438,0.021,0.0256199999999999,0.037,0.024375,0.0345,0.0359499999999999,0.0525,0.209945,8.859375,0.1270472544711872,14.0625,0.2016623086844241,0.132890625,0.1905708817067808,0.4921875,0.7058180803954844,1.5214670871022653,257045,,,0.0001168276060111,Information
221403,3724.0,1018.241854,TUR,Turkey,Çorum,2.762035732,0.0,0.57,0.6,3724.0,,,,,,,,,,,,,,,,,,,,,,,,,17.233048199653098,55.24071464000001,0.0,,20.312,1.995,20.188,1.983,11.875,1.166,9.375,0.921,0.2018799999999999,1.983,0.178125,1.749,0.234375,2.3025,6.64888,27.421875,2.6930610724568247,33.75,3.314536704562246,0.411328125,4.039591608685237,1.18125,11.60087846596786,17.233048199653098,14055,,,0.1699229015216358,Information
221405,3726.0,5385.187692,TUR,Turkey,Çorum,1.964786299,0.0,0.57,0.6,3726.0,,,,,,,,,,,,,,,,,,,,,,,,,17.14702971562138,39.29572598,0.0,,29.875,0.555,29.875,0.555,13.062,0.243,9.312,0.173,0.29875,0.555,0.19593,0.3645,0.2327999999999999,0.4325,2.07948,97.59375,1.8122627396066624,129.65625,2.407645887488967,1.46390625,2.718394109409993,4.53796875,8.426760606211383,17.14702971562138,111091,,,0.1030810732678254,Information
221406,3727.0,18804.50637,TUR,Turkey,Yozgat,1.50747243,0.0,0.57,0.6,3727.0,,,,,,,,,,,,,,,,,,,,,,,,,1.1675092271709957,30.1494486,0.0,,3.875,0.021,3.875,0.021,1.062,0.006,0.562,0.003,0.03875,0.021,0.01593,0.009,0.01405,0.0075,0.10623,11.109375,0.0590782591263997,17.015625,0.0904869538518274,0.166640625,0.0886173886895995,0.595546875,0.3167043384813959,1.1675092271709957,455847,,,2.1430949902907488e-05,Information
221407,3728.0,579.8892736,TUR,Turkey,Çankiri,2.27734414,0.0,0.57,0.6,3728.0,,,,,,,,,,,,,,,,,,,,,,,,,42.4616220695844,45.5468828,0.0,,0.438,0.075,0.438,0.075,0.0,0.0,0.562,0.097,0.00438,0.075,0.0,0.0,0.01405,0.2425,0.33593,40.640625,7.008342256410812,49.078125,8.46336140999091,0.609609375,10.512513384616218,1.717734375,29.621764934968184,42.4616220695844,5143,,,0.4017811698438131,Advisory
221408,3729.0,3587.371644,TUR,Turkey,Çankiri,1.95122731,0.0,0.57,0.6,3729.0,,,,,,,,,,,,,,,,,,,,,,,,,3.070583632106612,39.0245462,0.0,,5.25,0.146,5.25,0.146,2.438,0.068,9.688,0.27,0.0525,0.146,0.03657,0.102,0.2422,0.675,1.25427,15.328125,0.4272800958796542,16.59375,0.4625601037963229,0.229921875,0.6409201438194814,0.58078125,1.61896036328713,3.070583632106612,99768,,,0.0014012767324994,Information
221409,3730.0,34252.27615,TUR,Turkey,Sivas,1.116969678,0.0,0.57,0.6,3730.0,,,,,,,,,,,,,,,,,,,,,,,,,9.729908053139138,22.33939356,0.0,,49.812,0.145,49.812,0.145,26.75,0.078,16.0,0.047,0.4981199999999999,0.145,0.40125,0.1169999999999999,0.4,0.1175,1.6788699999999996,105.046875,0.3066858229987744,170.15625,0.4967735553259934,1.575703125,0.4600287344981616,5.95546875,1.7387074436409768,9.729908053139138,2553732,,,0.0188941497475366,Information
221500,3731.0,2952.21502,TUR,Turkey,Samsun,4.034812111,0.0,0.57,0.6,3731.0,,,,,,,,,,,,,,,,,,,,,,,,,36.81413777911462,80.69624222,0.0,3.0,18.938,0.641,18.812,0.637,12.562,0.426,10.5,0.356,0.18812,0.637,0.18843,0.639,0.2625,0.8899999999999999,2.80505,122.34375,4.144134121892025,187.3125,6.344812241793307,1.83515625,6.216201182838037,6.5559375,22.206842846276576,36.81413777911462,803645,42946.0,5.34,0.7407250061261443,Watch
221601,3732.0,2307.985318,TUR,Turkey,Samsun,4.035340083,0.0,0.57,0.6,3732.0,3732.0,0.0,1.0,-9999.0,-9999.0,-9999.0,0.0,10.0,-999.9,-999.9,-999.9,-5979.4,0.0,0.0,0.0,0.0,0.0,0.0,0.0,0.0,0.0,0.0,0.0,-5979.4,8.657856843003547,80.70680166000001,0.0,,6.312,0.274,6.312,0.274,2.188,0.095,0.625,0.027,0.06312,0.274,0.03282,0.1425,0.015625,0.0675,0.595565,20.953125,0.9078534789801026,37.40625,1.6207317141523978,0.314296875,1.361780218470154,1.30921875,5.672560999533392,8.657856843003547,132827,,,0.2114832199923615,Information
221602,3733.0,22688.74021,TUR,Turkey,Tokat,2.736425703,0.0,0.57,0.6,3733.0,,,,,,,,,,,,,,,,,,,,,,,,,2.720986263982476,54.72851406,0.0,,28.812,0.127,28.5,0.126,19.562,0.086,10.75,0.047,0.285,0.126,0.29343,0.129,0.26875,0.1175,1.21968,24.1875,0.1066057426693862,43.59375,0.1921382571366846,0.3628125,0.1599086140040793,1.52578125,0.6724838999783961,2.720986263982476,1153052,,,0.0024641525678998,Information
221603,3734.0,3776.265549,TUR,Turkey,Tokat,3.538968379,0.0,0.57,0.6,3734.0,,,,,,,,,,,,,,,,,,,,,,,,,2.4419595583743923,70.77936758,0.0,,7.688,0.204,7.688,0.204,3.312,0.088,0.625,0.017,0.07688,0.204,0.04968,0.132,0.015625,0.0425,0.5206850000000001,4.921875,0.13033709988047,17.015625,0.4505939738724821,0.073828125,0.1955056498207049,0.595546875,1.5770789085536874,2.4419595583743923,163700,,,0.0065310030116189,Information
221604,3735.0,1625.046877,TUR,Turkey,Giresun,1.614401454,0.0,0.57,0.6,3735.0,,,,,,,,,,,,,,,,,,,,,,,,,0.212695,32.28802908,0.0,,1.562,0.096,1.562,0.096,0.625,0.038,0.188,0.012,0.01562,0.096,0.009375,0.0569999999999999,0.0046999999999999,0.03,0.212695,0.0,0.0,0.5625,0.034614386076616,0.0,0.0,0.0196875,0.121150351268156,0.140837851268156,11635,,,4.127696459278292e-09,Information
221605,3736.0,7.681191519,TUR,Turkey,Giresun,2.290724927,0.0,0.57,0.6,3736.0,,,,,,,,,,,,,,,,,,,,,,,,,37.8220934770752,45.81449854,0.0,,1.25,16.274,1.25,16.274,0.438,5.696,0.0,0.0,0.0125,10.0,0.00657,8.544,0.0,0.0,18.56307,0.140625,1.830770651383464,2.109375,27.46155977075196,0.002109375,2.746155977075196,0.073828125,35.0,37.8220934770752,22,,,0.3596030756335493,Advisory
221606,3737.0,1132.232728,TUR,Turkey,Sivas,0.110937255,0.0,0.57,0.6,3737.0,,,,,,,,,,,,,,,,,,,,,,,,,4.673305,2.2187451,0.0,,16.625,1.468,16.625,1.468,12.062,1.065,5.125,0.453,0.16625,1.468,0.18093,1.5975,0.128125,1.1325,4.673305,0.28125,0.024840299431853,9.140625,0.8073097315352256,0.00421875,0.0372604491477795,0.319921875,2.8255840603732896,3.186985134521069,13674,,,0.001179492541862,Information
221607,3738.0,399.4789768,TUR,Turkey,Giresun,3.643800486,0.0,0.57,0.6,3738.0,,,,,,,,,,,,,,,,,,,,,,,,,3.935397923440176,72.87600972,0.0,,1.438,0.36,1.438,0.36,0.875,0.219,0.0,0.0,0.0143799999999999,0.36,0.013125,0.3285,0.0,0.0,0.716005,0.5625,0.1408084111047507,4.078125,1.0208609805094429,0.0084375,0.211212616657126,0.142734375,3.5730134317830498,3.935397923440176,2337,,,0.0267782397954631,Information
221700,3741.0,24090.46222,TUR,Turkey,Giresun,3.736681129,0.0,0.57,0.6,3741.0,,,,,,,,,,,,,,,,,,,,,,,,,6.402783954639956,74.73362258,0.0,,15.938,0.066,15.438,0.064,4.438,0.018,0.625,0.003,0.15438,0.064,0.06657,0.0269999999999999,0.015625,0.0075,0.335075,64.40625,0.2673516573349182,101.671875,0.4220420267535936,0.96609375,0.4010274860023773,3.558515625,1.4771470936375777,6.402783954639956,2107064,,,0.0849163353778512,Information
221800,3742.0,22060.8915,TUR,Turkey,Artvin,3.430642124,0.0,0.57,0.6,3742.0,3742.0,0.0,1.0,-9999.0,-9999.0,-9999.0,0.0,10.0,-999.9,-999.9,-999.9,-5979.4,0.0,0.0,0.0,0.0,0.0,0.0,0.0,0.0,0.0,0.0,0.0,-5979.4,4.275399984590929,68.61284248,0.0,,10.125,0.046,9.938,0.045,5.688,0.026,6.312,0.029,0.09938,0.045,0.08532,0.039,0.1578,0.0725,0.499,7.453125,0.0337843327836134,80.859375,0.3665281386901454,0.111796875,0.05067649917542,2.830078125,1.2828484854155089,4.275399984590929,309693,,,0.0231022048912437,Information
294000,5292.0,17355.06423,TUR,Turkey,Van,4.016841014,0.0,0.57,0.6,5292.0,,,,,,,,,,,,,,,,,,,,,,,,,12.152137905110346,80.33682028,0.0,,25.0,0.144,24.062,0.139,7.125,0.041,7.75,0.045,0.24062,0.139,0.106875,0.0615,0.19375,0.1124999999999999,0.8542449999999999,18.84375,0.1085778176990034,212.203125,1.2227158724462404,0.28265625,0.1628667265485051,7.427109375,4.279505553561841,12.152137905110346,1188178,,,0.3151719997280157,Information
294693,5332.0,5481.910607,TUR,Turkey,Sirnak,2.709304954,0.0,0.57,0.6,5332.0,,,,,,,,,,,,,,,,,,,,,,,,,2.10023,54.18609908,0.0,,16.5,0.301,16.5,0.301,16.812,0.307,13.062,0.238,0.165,0.301,0.25218,0.4605,0.32655,0.595,2.10023,0.0,0.0,18.5625,0.3386136938669444,0.0,0.0,0.6496875,1.1851479285343054,1.8348354285343047,548617,,,0.0010262083243257,Information
294694,5333.0,11513.00341,TUR,Turkey,Siirt,2.089727236,0.0,0.57,0.6,5333.0,,,,,,,,,,,,,,,,,,,,,,,,,3.794391522777497,41.79454472,0.0,,12.625,0.11,12.625,0.11,15.125,0.131,9.562,0.083,0.12625,0.11,0.226875,0.1965,0.2390499999999999,0.2075,1.106175,7.734375,0.0671794728204725,54.703125,0.4751420895847967,0.116015625,0.1007692092307087,1.914609375,1.6629973135467884,3.794391522777497,497391,,,0.0031623481399859,Information
294695,5334.0,201.1450386,TUR,Turkey,Batman,2.420658018,0.0,0.57,0.6,5334.0,,,,,,,,,,,,,,,,,,,,,,,,,20.23756,48.413160360000006,0.0,,8.938,4.443,8.938,4.443,8.562,4.257,7.25,3.604,0.08938,4.443,0.12843,6.3855,0.18125,9.01,20.23756,1.828125,0.9088591063155989,9.0,4.47438329263064,0.027421875,1.3632886594733984,0.315,15.66034152420724,17.366052058680637,1177,,,0.1747070602604596,Information
294696,5335.0,2918.188407,TUR,Turkey,Batman,0.671531442,0.0,0.57,0.6,5335.0,,,,,,,,,,,,,,,,,,,,,,,,,3.277549032007113,13.43062884,0.0,,7.375,0.253,7.375,0.253,9.875,0.338,11.188,0.383,0.07375,0.253,0.148125,0.507,0.2797,0.9575,2.219075,0.140625,0.0048189143532898,21.09375,0.7228371529934794,0.002109375,0.0072283715299346,0.73828125,2.529930035477178,3.277549032007113,110501,,,0.0005304642365902,Information
294697,5336.0,1143.676852,TUR,Turkey,Batman,2.596609282,0.0,0.57,0.6,5336.0,,,,,,,,,,,,,,,,,,,,,,,,,14.57905391536036,51.93218564,0.0,,8.0,0.699,8.0,0.699,5.375,0.47,7.188,0.628,0.08,0.699,0.080625,0.705,0.1797,1.57,3.314325,0.0,0.0,42.75,3.7379439758172457,0.0,0.0,1.49625,13.08280391536036,14.57905391536036,30221,,,0.1164294038467411,Information
294698,5337.0,5417.613388,TUR,Turkey,Diyarbakir,1.951798768,0.0,0.57,0.6,5337.0,,,,,,,,,,,,,,,,,,,,,,,,,6.77930359070303,39.03597536,0.0,,11.625,0.215,11.375,0.21,12.312,0.227,12.375,0.228,0.11375,0.21,0.18468,0.3405,0.309375,0.5700000000000001,1.728305,14.765625,0.2725485180187829,61.734375,1.1395123753356733,0.221484375,0.4088227770281743,2.160703125,3.988293313674856,6.77930359070303,619508,,,0.0140313214079391,Information
294699,5338.0,14688.93588,TUR,Turkey,Diyarbakir,2.23698395,0.0,0.57,0.6,5338.0,,,,,,,,,,,,,,,,,,,,,,,,,8.4534269011781,44.739679,0.0,,50.312,0.343,47.875,0.326,32.125,0.219,27.688,0.188,0.47875,0.326,0.481875,0.3285,0.6922,0.47,2.7773250000000003,19.96875,0.1359441566384147,135.140625,0.920016440348708,0.29953125,0.203916234957622,4.729921875,3.220057541220478,8.4534269011781,1576090,,,0.0302259476029602,Information
294969,5397.0,3955.117716,TUR,Turkey,Sanliurfa,1.084245854,0.0,0.57,0.6,5397.0,,,,,,,,,,,,,,,,,,,,,,,,,1.2181145262707431,21.68491708,0.0,,2.188,0.055,2.188,0.055,1.125,0.028,0.0,0.0,0.02188,0.055,0.016875,0.042,0.0,0.0,0.135755,0.703125,0.0177775998222147,9.5625,0.2417753575821204,0.010546875,0.026666399733322,0.3346875,0.8462137515374214,1.2181145262707431,292071,,,1.5674694815070445e-05,Information
294976,5403.0,4004.390473,TUR,Turkey,Adiyaman,0.688161678,0.0,0.57,0.6,5403.0,,,,,,,,,,,,,,,,,,,,,,,,,2.5942557695830044,13.763233560000002,0.0,,4.312,0.108,4.312,0.108,2.812,0.07,1.375,0.034,0.04312,0.108,0.04218,0.105,0.034375,0.085,0.417675,9.421875,0.2352886178901636,17.15625,0.428435990785074,0.141328125,0.3529329268352453,0.60046875,1.499525967747759,2.5942557695830044,116912,,,0.000229337491619,Information
294977,5404.0,16483.20616,TUR,Turkey,Adiyaman,1.479165262,0.0,0.57,0.6,5404.0,,,,,,,,,,,,,,,,,,,,,,,,,27.69335623794341,29.58330524,0.0,,162.812,0.988,158.25,0.96,77.375,0.469,36.562,0.222,1.5825,0.96,1.160625,0.7035,0.91405,0.555,5.875674999999999,175.21875,1.0630137623380511,417.375,2.5321226698389534,2.62828125,1.594520643507077,14.608125,8.862429344436336,27.69335623794341,893569,,,0.1753485908925801,Information
294978,5405.0,9419.718095,TUR,Turkey,Malatya,0.416379673,0.0,0.57,0.6,5405.0,,,,,,,,,,,,,,,,,,,,,,,,,1.900379106083128,8.32759346,0.0,,14.75,0.157,14.75,0.157,10.5,0.111,7.125,0.076,0.1475,0.157,0.1575,0.1665,0.178125,0.19,0.996625,8.296875,0.0880798651928368,22.78125,0.2418464095125349,0.124453125,0.1321197977892552,0.79734375,0.8464624332938722,1.900379106083128,590711,,,5.305720934703492e-05,Information
294979,5406.0,3848.925593,TUR,Turkey,Malatya,0.72060175,0.0,0.57,0.6,5406.0,,,,,,,,,,,,,,,,,,,,,,,,,8.811758389763938,14.412035,0.0,,25.125,0.653,25.062,0.651,16.75,0.435,8.812,0.229,0.25062,0.651,0.25125,0.6525,0.2202999999999999,0.5725,2.59817,24.46875,0.635729358925596,59.484375,1.5454799932501555,0.36703125,0.953594038388394,2.081953125,5.409179976375544,8.811758389763938,28846,,,0.0114993072010109,Information
294980,5407.0,22755.13324,TUR,Turkey,Erzincan,1.205076149,0.0,0.57,0.6,5407.0,5407.0,0.0,1.0,-9999.0,-9999.0,-9999.0,0.0,10.0,-999.9,-999.9,-999.9,-5979.4,0.0,0.0,0.0,0.0,0.0,0.0,0.0,0.0,0.0,0.0,0.0,-5979.4,8.917800009081416,24.10152298,0.0,,40.125,0.176,39.438,0.173,22.75,0.1,10.562,0.046,0.39438,0.173,0.34125,0.15,0.2640499999999999,0.1149999999999999,1.4376799999999998,45.84375,0.2014655309750406,157.359375,0.6915335250339585,0.68765625,0.3021982964625609,5.507578125,2.420367337618855,8.917800009081416,530632,,,0.0161230191608579,Information
294991,5408.0,3020.212122,TUR,Turkey,Tunceli,1.563481526,0.0,0.57,0.6,5408.0,,,,,,,,,,,,,,,,,,,,,,,,,21.821536491840845,31.26963052,0.0,,61.625,2.04,61.625,2.04,39.188,1.298,21.125,0.699,0.61625,2.04,0.58782,1.947,0.528125,1.7474999999999998,7.466695,49.359375,1.6343015989751737,123.46875,4.088082062393739,0.740390625,2.4514523984627603,4.32140625,14.308287218378087,21.821536491840845,47868,,,0.1256301147424395,Information
294992,5409.0,9891.720202,TUR,Turkey,Tunceli,1.88378915,0.0,0.57,0.6,5409.0,,,,,,,,,,,,,,,,,,,,,,,,,8.830097539379347,37.675783,0.0,,39.125,0.396,39.125,0.396,27.438,0.277,17.812,0.18,0.39125,0.396,0.41157,0.4155,0.4453,0.4499999999999999,2.50962,29.25,0.2957018537040526,112.921875,1.141579752520934,0.43875,0.4435527805560789,3.952265625,3.995529133823269,8.830097539379347,84155,,,0.025339730099227,Information
294993,5410.0,2814.234035,TUR,Turkey,Elazig,0.651929916,0.0,0.57,0.6,5410.0,5410.0,0.0,1.0,-9999.0,-9999.0,-9999.0,0.0,10.0,-999.9,-999.9,-999.9,-5979.4,0.0,0.0,0.0,0.0,0.0,0.0,0.0,0.0,0.0,0.0,0.0,-5979.4,18.08254973702575,13.038598320000002,0.0,,72.25,2.567,72.25,2.567,53.5,1.901,43.375,1.541,0.7225,2.567,0.8025,2.8515,1.084375,3.8525,11.880375,29.8125,1.0593468641109982,100.6875,3.577794125959787,0.4471875,1.5890202961664972,3.5240625,12.522279440859254,18.08254973702575,483380,,,0.0581474423338632,Information
294994,5411.0,2272.463107,TUR,Turkey,Bingöl,0.605460054,0.0,0.57,0.6,5411.0,,,,,,,,,,,,,,,,,,,,,,,,,1.993548184605333,12.10920108,0.0,,0.625,0.028,0.625,0.028,0.438,0.019,0.625,0.028,0.00625,0.028,0.00657,0.0284999999999999,0.015625,0.07,0.154945,0.0,0.0,10.546875,0.4641164456015238,0.0,0.0,0.369140625,1.6244075596053331,1.993548184605333,172019,,,7.649072727726461e-05,Information
294997,5414.0,4026.143056,TUR,Turkey,Mus,3.141740531,0.0,0.57,0.6,5414.0,,,,,,,,,,,,,,,,,,,,,,,,,14.10680556026065,62.83481062,0.0,,26.5,0.658,26.375,0.655,19.875,0.494,25.188,0.626,0.26375,0.655,0.298125,0.741,0.6297,1.565,4.152575000000001,49.78125,1.236450104039684,94.359375,2.3436667226288925,0.74671875,1.854675156059526,3.302578125,8.202833529201124,14.10680556026065,111657,,,0.1663436510229434,Information
213010,16062.0,6081.232807,TUR,Turkey,Istanbul,0.381058848,0.717628852,0.57,0.6,16062.0,,,,,,,,,,,,,,,,,,,,,,,,,23.399871319853823,7.62117696,14.35257704,,54.062,0.889,46.562,0.766,4.25,0.07,1.062,0.017,0.46562,0.766,0.06375,0.105,0.02655,0.0425,1.46942,56.390625,0.927289363708603,228.65625,3.760031185511692,0.845859375,1.390934045562905,8.00296875,13.16010914929092,23.399871319853823,10415487,,,0.0972281217534157,Information
211040,3593.0,9470.322995,CYP,Cyprus,Nicosia,1.92581553,0.986444295,0.75,0.35,3593.0,,,,,,,,,,,,,,,,,,,,,,,,,9.776429932560273,38.5163106,19.7288859,,3.625,0.038,3.5,0.037,0.812,0.009,3.188,0.034,0.035,0.037,0.01218,0.0134999999999999,0.0797,0.085,0.26238,37.125,0.3920140846357863,119.953125,1.2666212658875975,0.556875,0.5880211269536795,4.198359375,4.433174430606591,9.776429932560273,1364985,,,0.0329724846143148,Information
213023,3606.0,3724.885756,GRC,Greece,Macedonia and Thrace,1.870295602,0.0,0.72,0.39,3606.0,3606.0,0.0,7.0,2.0,2.0,-9999.0,0.0,4.0,0.2,0.2,-999.9,-1991.0,0.0,0.0,0.0,0.0,0.0,0.0,0.0,0.0,0.0,0.0,0.0,-1991.0,13.29322437695424,37.40591204,0.0,,,,,,,,,,,,,,,,,0.0,0.0,103.078125,2.767282857701211,0.0,0.0,3.607734375,9.68549000195424,13.29322437695424,199834,,,0.0606408302963097,Information
213030,3613.0,12483.48164,GRC,Greece,Macedonia and Thrace,0.749113547,0.290704822,0.72,0.39,3613.0,,,,,,,,,,,,,,,,,,,,,,,,,7.913541817561754,14.98227094,5.814096439999999,,38.312,0.307,34.812,0.279,3.812,0.031,2.188,0.018,0.34812,0.279,0.05718,0.0465,0.0547,0.045,0.8305,13.359375,0.1070164188808982,119.8125,0.9597683040686876,0.200390625,0.1605246283213473,4.1934375,3.3591890642404065,7.913541817561754,538147,,,0.0087915015445645,Information
213050,3615.0,7264.423787,GRC,Greece,Macedonia and Thrace,0.151969813,1.482117682,0.72,0.39,3615.0,,,,,,,,,,,,,,,,,,,,,,,,,24.94509041369458,3.03939626,29.64235364,,18.0,0.248,14.938,0.206,10.062,0.139,8.625,0.119,0.14938,0.206,0.15093,0.2085,0.215625,0.2975,1.227935,12.65625,0.1742223522551597,294.46875,4.053573395803383,0.18984375,0.2613335283827395,10.30640625,14.18750688531184,24.94509041369458,1204430,,,0.1498878663264978,Information
213072,3619.0,6762.867329,GRC,Greece,Epirus and Western Macedonia,1.474232249,0.448654532,0.72,0.39,3619.0,,,,,,,,,,,,,,,,,,,,,,,,,9.449514441755142,29.48464498,8.97309064,,2.875,0.043,2.062,0.03,5.25,0.078,2.0,0.03,0.02062,0.03,0.07875,0.1169999999999999,0.05,0.075,0.37137,2.8125,0.0415873898322031,107.71875,1.5927970305733816,0.0421875,0.0623810847483046,3.77015625,5.574789607006836,9.449514441755142,215345,,,0.0222226267756271,Information
213073,3620.0,1638.269517,GRC,Greece,Macedonia and Thrace,0.548141309,1.998164769,0.72,0.39,3620.0,,,,,,,,,,,,,,,,,,,,,,,,,14.54044858018993,10.96282618,39.96329538,,1.062,0.065,0.688,0.042,1.062,0.065,1.312,0.08,0.00688,0.042,0.01593,0.0975,0.0328,0.2,0.39511,2.25,0.1373400393562616,57.515625,3.510754756044439,0.03375,0.2060100590343924,2.013046875,12.287641646155535,14.54044858018993,120682,,,0.0780922007369043,Information
213074,3621.0,10867.26136,GRC,Greece,Thessaly and Central Greece,2.072805803,0.0,0.72,0.39,3621.0,,,,,,,,,,,,,,,,,,,,,,,,,7.535115363783884,41.45611606,0.0,,0.688,0.006,0.688,0.006,35.875,0.33,56.625,0.521,0.00688,0.006,0.538125,0.495,1.415625,1.3025,3.76413,0.421875,0.003882072824351,111.9375,1.0300433227278163,0.006328125,0.0058231092365265,3.9178125,3.605151629547357,7.535115363783884,532778,,,0.0201723378780519,Information
213075,3622.0,61499.85534,GRC,Greece,Thessaly and Central Greece,3.023196112,2.038346351,0.72,0.39,3622.0,,,,,,,,,,,,,,,,,,,,,,,,,48.78601343126708,60.46392224,40.76692702,,186.75,0.304,174.0,0.283,66.812,0.109,45.812,0.074,1.74,0.283,1.0021799999999998,0.1635,1.1453,0.185,4.518979999999999,225.140625,0.3660831781484263,1732.5,2.817079796869839,3.377109375,0.5491247672226394,35.0,9.859779289044436,48.78601343126708,6337965,,,0.5832559347807624,Advisory
212000,16061.0,21112.16509,GRC,Greece,Aegean,0.113842983,0.156109598,0.72,0.39,16061.0,,,,,,,,,,,,,,,,,,,,,,,,,68.19654729732498,2.27685966,3.12219196,3.0,260.062,1.232,235.438,1.115,58.438,0.277,26.188,0.124,2.35438,1.115,0.8765700000000001,0.4155,0.6547,0.31,5.72615,556.59375,2.636365088604769,1260.28125,5.969455261262239,8.34890625,3.954547632907153,35.0,20.89309341441784,68.19654729732498,1204530,75634.0,6.28,0.3627729672395317,Watch
213024,3607.0,8601.852358,BGR,Bulgaria,Yambol,2.530193323,0.0,0.7,0.42,3607.0,,,,,,,,,,,,,,,,,,,,,,,,,2.3765979973516345,50.603866460000006,0.0,,10.188,0.118,7.25,0.084,0.5,0.006,0.562,0.007,0.0725,0.084,0.0075,0.009,0.01405,0.0175,0.20455,1.40625,0.0163482229347618,30.796875,0.3580260822712833,0.02109375,0.0245223344021426,1.077890625,1.2530912879494915,2.3765979973516345,417541,,,0.0012058640407296,Information
213026,3609.0,5636.710479,BGR,Bulgaria,Kardzhali,2.529885175,0.0,0.7,0.42,3609.0,,,,,,,,,,,,,,,,,,,,,,,,,3.69039912311052,50.5977035,0.0,,8.562,0.152,8.562,0.152,0.375,0.007,0.125,0.002,0.0856199999999999,0.152,0.005625,0.0105,0.003125,0.005,0.26187,0.421875,0.0074844184665238,37.828125,0.6711028558316385,0.006328125,0.0112266276997857,1.323984375,2.3488599954107348,3.69039912311052,230798,,,0.004739706877867,Information
213027,3610.0,2968.623054,BGR,Bulgaria,Haskovo,1.395504014,0.0,0.7,0.42,3610.0,3610.0,0.0,6.0,3.0,2.0,2.0,0.0,5.0,0.3,0.2,0.2,11.4,0.0,0.0,0.0,0.0,0.0,0.0,0.0,0.0,0.0,0.0,0.0,11.4,11.4,27.91008028,0.0,,,,,,,,,,,,,,,,,0.0,0.0,15.046875,0.5068637791288442,0.0,0.0,0.526640625,1.7740232269509546,2.3006638519509544,149144,,,0.0325696524370454,Information
213028,3611.0,3380.530245,BGR,Bulgaria,Stara Zagora,0.496028512,0.0,0.7,0.42,3611.0,,,,,,,,,,,,,,,,,,,,,,,,,5.240483500826741,9.92057024,0.0,,3.812,0.113,3.25,0.096,0.188,0.006,0.5,0.015,0.0325,0.096,0.00282,0.009,0.0125,0.0375,0.19032,0.984375,0.0291189526083772,37.40625,1.1065201991183358,0.014765625,0.0436784289125658,1.30921875,3.872820696914175,5.240483500826741,218739,,,0.0022256091365255,Information
213029,3612.0,15313.76786,BGR,Bulgaria,Plovdiv,1.962399592,0.0,0.7,0.42,3612.0,,,,,,,,,,,,,,,,,,,,,,,,,10.752165844722748,39.24799184,0.0,,7.75,0.051,5.188,0.034,0.938,0.006,0.375,0.002,0.0518799999999999,0.034,0.01407,0.009,0.009375,0.005,0.1233249999999999,1.828125,0.0119377870730506,185.0625,1.2084713683180486,0.027421875,0.0179066806095759,6.4771875,4.22964978911317,10.752165844722748,1064199,,,0.0416641250917131,Information
213040,3614.0,16839.18767,BGR,Bulgaria,Blagoevgrad,1.438814199,0.050679856,0.7,0.42,3614.0,3614.0,0.0,6.0,-9999.0,-9999.0,-9999.0,0.0,5.0,-999.9,-999.9,-999.9,-5989.4,0.0,0.0,0.0,0.0,0.0,0.0,0.0,0.0,0.0,0.0,0.0,-5989.4,2.215580015296445,28.77628398,1.01359712,,1.5,0.009,1.375,0.008,2.812,0.017,2.0,0.012,0.01375,0.008,0.04218,0.0255,0.05,0.03,0.16943,0.140625,0.000835105604751,39.65625,0.2354997805398055,0.002109375,0.0012526584071264,1.38796875,0.8242492318893192,2.215580015296445,836635,,,0.0002599274230888,Information
227350,3945.0,26774.23781,BGR,Bulgaria,Veliko Tarnovo,2.081495655,0.0,0.7,0.42,3945.0,3945.0,0.0,2.0,3.0,3.0,-9999.0,0.0,9.0,0.3,0.3,-999.9,-1986.6,0.0,0.0,0.0,0.0,0.0,0.0,0.0,0.0,0.0,0.0,0.0,-1986.6,9.360893758649665,41.6299131,0.0,,68.25,0.255,65.562,0.245,1.75,0.007,1.062,0.004,0.65562,0.245,0.02625,0.0105,0.02655,0.01,0.97392,30.09375,0.112398157557212,181.828125,0.6791159706610986,0.45140625,0.168597236335818,6.363984375,2.3769058973138453,9.360893758649665,1515920,,,0.0336053274363181,Information
227371,3947.0,4239.829697,BGR,Bulgaria,Pleven,1.194707714,0.0,0.7,0.42,3947.0,,,,,,,,,,,,,,,,,,,,,,,,,2.474857543442748,23.89415428,0.0,,11.938,0.282,10.625,0.251,0.75,0.018,0.25,0.006,0.10625,0.251,0.01125,0.0269999999999999,0.00625,0.015,0.4167499999999999,0.5625,0.0132670423163568,20.8125,0.4908805657052035,0.0084375,0.0199005634745352,0.7284375,1.7180819799682123,2.474857543442748,220151,,,0.0003063353245667,Information
227375,3951.0,207.0773437,BGR,Bulgaria,Vratsa,0.90614552,0.0,0.7,0.42,3951.0,,,,,,,,,,,,,,,,,,,,,,,,,15.110813631210156,18.1229104,0.0,,0.25,0.121,0.25,0.121,0.062,0.03,0.0,0.0,0.0025,0.121,0.0009299999999999,0.045,0.0,0.0,0.16943,2.390625,1.154459950598957,7.734375,3.73501748723192,0.035859375,1.7316899258984355,0.270703125,13.07256120531172,15.110813631210156,12872,,,0.0455322896227494,Information
228000,4036.0,28204.01369,BGR,Bulgaria,Varna,1.543623229,0.0,0.7,0.42,4036.0,,,,,,,,,,,,,,,,,,,,,,,,,41.81906037672731,30.87246458,0.0,,93.0,0.33,86.25,0.306,2.625,0.009,1.25,0.004,0.8625,0.306,0.039375,0.0134999999999999,0.03125,0.01,1.262625,183.9375,0.652167815557954,803.25,2.84799890096868,2.7590625,0.978251723336931,28.11375,9.96799615339038,41.81906037672731,2044004,,,0.3076224438097387,Advisory
213079,3626.0,8870.526967,ALB,Albania,Tirani,2.541776755,3.090454585,0.63,0.51,3626.0,,,,,,,,,,,,,,,,,,,,,,,,,7.034644033600172,50.8355351,61.8090917,,4.938,0.056,4.312,0.049,0.625,0.007,0.0,0.0,0.04312,0.049,0.009375,0.0105,0.0,0.0,0.111995,0.28125,0.003170612084712,94.359375,1.0637403544208868,0.00421875,0.004755918127068,3.302578125,3.723091240473104,7.034644033600172,1778876,,,0.0453467876647186,Information
227403,3968.0,2993.558067,BIH,Bosnia and Herzegovina,Repuplika Srpska,2.280479046,0.0,0.62,0.53,3968.0,3968.0,0.0,4.0,3.0,2.0,2.0,0.0,7.0,0.3,0.2,0.2,15.4,0.0,0.0,0.0,0.0,0.0,0.0,0.0,0.0,0.0,0.0,0.0,15.4,15.4,45.60958092,0.0,,,,,,,,,,,,,,,,,0.0,0.0,40.640625,1.3576026954005784,0.0,0.0,1.422421875,4.751609433902025,6.174031308902025,365864,,,0.1035066902857341,Information
227404,3969.0,10513.87911,BIH,Bosnia and Herzegovina,Federacija Bosna i Hercegovina,3.136553583,0.0,0.62,0.53,3969.0,3969.0,0.0,5.0,2.0,2.0,2.0,0.0,6.0,0.2,0.2,0.2,13.2,0.0,0.0,0.0,0.0,0.0,0.0,0.0,0.0,0.0,0.0,0.0,13.2,13.2,62.73107166,0.0,,,,,,,,,,,,,,,,,0.0,0.0,4.5,0.0428005682137351,0.0,0.0,0.1575,0.1498019887480728,0.3073019887480728,1386750,,,0.1496482662549543,Information
213095,3631.0,1443.847619,HRV,Croatia,Splitsko-Dalmatinska,3.013892261,1.157138386,0.75,0.35,3631.0,,,,,,,,,,,,,,,,,,,,,,,,,16.958412600286987,60.27784522,23.14276772,,3.5,0.242,2.75,0.19,2.75,0.19,0.312,0.022,0.0275,0.19,0.04125,0.285,0.0078,0.0549999999999999,0.6065499999999999,0.5625,0.0389584047986513,60.890625,4.217247319454003,0.0084375,0.0584376071979769,2.131171875,14.760365618089011,16.958412600286987,320768,,,0.1973443893268084,Information
213096,3632.0,2525.59242,HRV,Croatia,Šibensko-Kninska,2.144200447,0.0,0.75,0.35,3632.0,,,,,,,,,,,,,,,,,,,,,,,,,4.826181385495615,42.88400894,0.0,,10.125,0.401,9.625,0.381,0.812,0.032,0.0,0.0,0.09625,0.381,0.01218,0.048,0.0,0.0,0.5374300000000001,1.546875,0.0612480061278204,27.140625,1.0746241075153955,0.023203125,0.0918720091917306,0.949921875,3.761184376303884,4.826181385495615,66516,,,0.0067362525646549,Information
227801,4002.0,2735.325296,HRV,Croatia,Osjecko-Baranjska,3.121864209,0.0,0.75,0.35,4002.0,4002.0,3.0,4.0,100.0,100.0,98.0,10.0,7.0,10.0,10.0,9.8,93.6,0.0,0.0,0.0,0.0,0.0,0.0,0.0,0.0,0.0,0.0,0.0,93.6,93.6,62.43728418,0.0,,3.375,0.123,2.0,0.073,1.25,0.046,0.0,0.0,0.02,0.073,0.01875,0.069,0.0,0.0,0.18075,1.125,0.0411285634533379,77.90625,2.8481530191436533,0.016875,0.0616928451800068,2.72671875,9.968535567002789,12.773822162182794,224268,,,0.8193835745266216,Warning
213091,16063.0,2457.919847,HRV,Croatia,Dubrovacko-Neretvanska,2.946491453,2.238767577,0.75,0.35,16063.0,,,,,,,,,,,,,,,,,,,,,,,,,47.21628807287329,58.92982906,44.77535154,,2.25,0.092,1.625,0.066,3.125,0.127,0.312,0.013,0.01625,0.066,0.046875,0.1905,0.0078,0.0325,0.3599249999999999,43.3125,1.7621607985821923,254.953125,10.372719246199722,0.6496875,2.6432411978732886,8.923359375,35.0,47.21628807287329,237676,,,0.5554554160994781,Advisory
213093,16064.0,1901.448623,HRV,Croatia,Splitsko-Dalmatinska,1.023601818,2.750672335,0.75,0.35,16064.0,,,,,,,,,,,,,,,,,,,,,,,,,40.10157976905506,20.47203636,55.0134467,,2.562,0.135,2.562,0.135,1.188,0.062,0.062,0.003,0.0256199999999999,0.135,0.01782,0.093,0.00155,0.0075,0.28049,27.140625,1.4273656761254667,171.421875,9.015330358533388,0.407109375,2.1410485141882,5.999765625,31.55365625486686,40.10157976905506,76542,,,0.4542432088764365,Advisory
213097,16065.0,16094.84372,HRV,Croatia,Licko-Senjska,0.829900399,2.031147507,0.75,0.35,16065.0,,,,,,,,,,,,,,,,,,,,,,,,,41.21400478235497,16.59800798,40.62295014,,221.062,1.373,199.875,1.242,27.875,0.173,2.438,0.015,1.99875,1.242,0.418125,0.2594999999999999,0.06095,0.0375,4.016825,31.078125,0.1930936736246203,712.96875,4.429796041976584,0.466171875,0.2896405104369304,24.95390625,15.504286146918044,41.21400478235497,1105125,,,0.3575073088637435,Advisory
227409,3974.0,12567.20312,SVN,Slovenia,Zasavska,2.047094914,0.0,0.81,0.26,3974.0,3974.0,0.0,2.0,5.0,3.0,3.0,0.0,9.0,0.5,0.3,0.3,20.2,0.0,0.0,0.0,0.0,0.0,0.0,0.0,0.0,0.0,0.0,0.0,20.2,20.2,40.94189828,0.0,,,,,,,,,,,,,,,,,0.0,0.0,59.203125,0.4710922902479166,0.0,0.0,2.072109375,1.6488230158677082,3.720932390867708,2354060,,,0.1416716504122454,Information
227805,4006.0,6558.804237,SVN,Slovenia,Podravska,1.462184948,0.0,0.81,0.26,4006.0,4006.0,3.0,3.0,100.0,100.0,90.0,10.0,8.0,10.0,10.0,9.0,93.2,0.0,0.0,0.0,0.0,0.0,0.0,0.0,0.0,0.0,0.0,0.0,93.2,93.2,29.24369896,0.0,,,,,,,,,,,,,,,,,0.0,0.0,41.0625,0.6260668639831115,0.0,0.0,1.4371875,2.1912340239408903,3.62842152394089,717263,,,0.6085362909604195,Warning
214010,3635.0,13542.0552,ITA,Italy,Friuli-Venezia Giulia,3.189831136,2.7076783,0.73,0.38,3635.0,,,,,,,,,,,,,,,,,,,,,,,,,9.338684263741149,63.79662272,54.153566,,20.688,0.153,19.438,0.144,5.688,0.042,0.0,0.0,0.19438,0.144,0.08532,0.063,0.0,0.0,0.4867,7.03125,0.0519215872217427,150.46875,1.1111219665452947,0.10546875,0.077882380832614,5.26640625,3.888926882908532,9.338684263741149,2618673,,,0.0877108433608757,Information
214030,3637.0,45.40447068,ITA,Italy,Veneto,1.174896612,4.013012915,0.73,0.38,3637.0,,,,,,,,,,,,,,,,,,,,,,,,,35.231328125,23.49793224,80.2602583,3.0,0.062,0.138,0.062,0.138,0.0,0.0,0.0,0.0,0.00062,0.138,0.0,0.0,0.0,0.0,0.13862,0.0,0.0,6.609375,14.556661273755244,0.0,0.0,0.231328125,35.0,35.231328125,45616,9269.0,20.32,0.7188072046851036,Watch
214040,3638.0,14492.271,ITA,Italy,Trentino-Alto Adige,2.56333688,2.075381524,0.73,0.38,3638.0,3638.0,2.0,3.0,100.0,86.0,-9999.0,7.0,8.0,10.0,8.6,-999.9,-1932.6,0.0,0.0,0.0,0.0,0.0,0.0,0.0,0.0,0.0,0.0,0.0,-1932.6,0.7153550388613346,51.2667376,41.50763048,,8.75,0.06,7.5,0.052,0.062,0.0,0.0,0.0,0.075,0.052,0.0009299999999999,0.0,0.0,0.0,0.12793,0.0,0.0,12.09375,0.0834496539603813,0.0,0.0,0.42328125,0.2920737888613345,0.7153550388613346,1970117,,,1.2142817385528669e-05,Information
214050,3639.0,167.5951305,ITA,Italy,Veneto,4.013938767,4.044779438,0.73,0.38,3639.0,,,,,,,,,,,,,,,,,,,,,,,,,36.442111353728414,80.27877534,80.89558876,3.0,9.875,5.892,9.562,5.706,1.562,0.932,0.0,0.0,0.09562,5.706,0.02343,1.398,0.0,0.0,7.223050000000001,0.140625,0.0839075691522778,37.546875,22.403320963658185,0.002109375,0.1258613537284167,1.314140625,35.0,36.442111353728414,1731,546.0,31.54,0.7407974174626887,Watch
214061,3640.0,10293.70942,ITA,Italy,Lombardia,2.471456011,2.368623589,0.73,0.38,3640.0,3640.0,2.0,2.0,100.0,100.0,13.0,7.0,9.0,10.0,10.0,1.3,-2955.4,0.0,0.0,0.0,0.0,0.0,0.0,0.0,0.0,0.0,0.0,0.0,-2955.4,7.064013038275062,49.42912022,47.37247178,,39.938,0.388,31.25,0.304,2.688,0.026,0.062,0.001,0.3125,0.304,0.04032,0.039,0.00155,0.0025,0.6998700000000001,0.0,0.0,102.375,0.9945394395071608,0.0,0.0,3.583125,3.480888038275063,7.064013038275062,1974217,,,0.0245131657738473,Information
214062,3641.0,6612.362285,ITA,Italy,Lombardia,0.233022119,0.0,0.73,0.38,3641.0,3641.0,2.0,2.0,70.0,33.0,7.0,7.0,9.0,7.0,3.3,0.7,42.333333333333336,0.0,0.0,0.0,0.0,0.0,0.0,0.0,0.0,0.0,0.0,0.0,42.333333333333336,42.333333333333336,4.66044238,0.0,,20.625,0.312,10.188,0.154,0.0,0.0,0.0,0.0,0.10188,0.154,0.0,0.0,0.0,0.0,0.25588,0.0,0.0,8.296875,0.1254752030019213,0.0,0.0,0.290390625,0.4391632105067246,0.7295538355067246,1661304,,,0.2084331116973428,Advisory
214063,3642.0,5678.753457,ITA,Italy,Emilia-Romagna,1.435090284,0.0,0.73,0.38,3642.0,3642.0,0.0,3.0,-9999.0,-9999.0,-9999.0,0.0,8.0,-999.9,-999.9,-999.9,-5984.733333333333,0.0,0.0,0.0,0.0,0.0,0.0,0.0,0.0,0.0,0.0,0.0,-5984.733333333333,4.212605500250707,28.70180568,0.0,,7.25,0.128,5.062,0.089,0.375,0.007,0.0,0.0,0.05062,0.089,0.005625,0.0105,0.0,0.0,0.155745,0.0,0.0,43.59375,0.767664071500202,0.0,0.0,1.52578125,2.686824250250707,4.212605500250707,1030047,,,0.0023362198306426,Information
214064,3643.0,7860.031881,ITA,Italy,Lombardia,0.380115484,0.0,0.73,0.38,3643.0,3643.0,0.0,2.0,23.0,2.0,-9999.0,0.0,9.0,2.3,0.2,-999.9,-1963.8666666666668,0.0,0.0,0.0,0.0,0.0,0.0,0.0,0.0,0.0,0.0,0.0,-1963.8666666666668,0.9394372749164296,7.60230968,0.0,,46.5,0.592,29.562,0.376,0.938,0.012,0.0,0.0,0.29562,0.376,0.01407,0.018,0.0,0.0,0.70369,0.0,0.0,11.8125,0.1502856499761227,0.0,0.0,0.4134375,0.5259997749164295,0.9394372749164296,2126585,,,2.231396933597001e-06,Information
214065,3644.0,5624.150037,ITA,Italy,Lombardia,0.104875817,0.0,0.73,0.38,3644.0,3644.0,0.0,2.0,-9999.0,-9999.0,-9999.0,0.0,9.0,-999.9,-999.9,-999.9,-5981.4,0.0,0.0,0.0,0.0,0.0,0.0,0.0,0.0,0.0,0.0,0.0,-5981.4,5.27785418250984,2.09751634,0.0,,104.312,1.855,70.312,1.25,2.625,0.047,0.0,0.0,0.70312,1.25,0.039375,0.0705,0.0,0.0,2.062995,0.0,0.0,54.28125,0.965145837859954,0.0,0.0,1.89984375,3.3780104325098392,5.27785418250984,4830572,,,0.0017476184495557,Information
214066,3645.0,8078.202697,ITA,Italy,Piemonte,0.320077099,0.0,0.73,0.38,3645.0,3645.0,0.0,14.0,5.0,2.0,-9999.0,0.0,1.0,0.5,0.2,-999.9,-1996.4,0.0,0.0,0.0,0.0,0.0,0.0,0.0,0.0,0.0,0.0,0.0,-1996.4,4.8464502790702495,6.401541979999999,0.0,,38.938,0.482,31.188,0.386,2.25,0.028,0.062,0.001,0.31188,0.386,0.03375,0.042,0.00155,0.0025,0.77768,0.0,0.0,61.875,0.765950079734357,0.0,0.0,2.165625,2.6808252790702496,4.8464502790702495,1827393,,,0.0015343681419347,Information
214067,3646.0,3615.216033,ITA,Italy,Lombardia,0.212369878,0.0,0.73,0.38,3646.0,3646.0,0.0,2.0,2.0,-9999.0,-9999.0,0.0,9.0,0.2,-999.9,-999.9,-3981.2,0.0,0.0,0.0,0.0,0.0,0.0,0.0,0.0,0.0,0.0,0.0,-3981.2,16.293325629652823,4.2473975600000005,0.0,,66.375,1.836,52.25,1.445,0.875,0.024,0.0,0.0,0.5225,1.445,0.013125,0.036,0.0,0.0,2.016625,0.0,0.0,123.609375,3.4191421441865213,0.0,0.0,4.326328125,11.966997504652824,16.293325629652823,598714,,,0.0382793320169951,Information
214069,3648.0,17491.21604,ITA,Italy,Piemonte,0.757299821,0.0,0.73,0.38,3648.0,3648.0,1.0,13.0,39.0,2.0,-9999.0,3.0,1.0,3.9,0.2,-999.9,-1990.0,0.0,0.0,0.0,0.0,0.0,0.0,0.0,0.0,0.0,0.0,0.0,-1990.0,21.43476181939338,15.14599642,0.0,,376.75,2.154,289.25,1.654,28.125,0.161,1.438,0.008,2.8925,1.654,0.421875,0.2415,0.0359499999999999,0.02,5.265825,0.28125,0.0016079499524424,389.53125,2.2270106841327766,0.00421875,0.0024119249286635,13.63359375,7.794537394464718,21.43476181939338,3165404,,,0.084423482003022,Information
214070,3649.0,1565.152808,ITA,Italy,Emilia-Romagna,3.539148035,3.581288178,0.73,0.38,3649.0,,,,,,,,,,,,,,,,,,,,,,,,,23.71225223747676,70.7829607,71.62576356,,42.5,2.715,30.938,1.977,2.875,0.184,0.062,0.004,0.30938,1.977,0.043125,0.276,0.00155,0.01,2.617055,0.0,0.0,91.6875,5.858054210707646,0.0,0.0,3.2090625,20.50318973747676,23.71225223747676,211991,,,0.4287766102583726,Advisory
214080,3650.0,5627.539505,ITA,Italy,Emilia-Romagna,2.102410105,1.093179219,0.73,0.38,3650.0,3650.0,0.0,1.0,-9999.0,-9999.0,-9999.0,0.0,10.0,-999.9,-999.9,-999.9,-5979.4,0.0,0.0,0.0,0.0,0.0,0.0,0.0,0.0,0.0,0.0,0.0,-5979.4,4.31906475549557,42.048202100000005,21.86358438,,4.312,0.077,3.938,0.07,0.812,0.014,0.0,0.0,0.03938,0.07,0.01218,0.021,0.0,0.0,0.14256,0.0,0.0,44.4375,0.7896435015701629,0.0,0.0,1.5553125,2.7637522554955702,4.31906475549557,1194315,,,0.0047079487759973,Information
214091,3651.0,17197.50554,ITA,Italy,Marche,3.421089304,2.084412197,0.73,0.38,3651.0,,,,,,,,,,,,,,,,,,,,,,,,,12.376314018242914,68.42178608,41.68824393999999,,30.25,0.176,25.375,0.148,1.938,0.011,0.062,0.0,0.25375,0.148,0.02907,0.0165,0.00155,0.0,0.4488699999999999,0.0,0.0,223.59375,1.300152219497975,0.0,0.0,7.82578125,4.550532768242913,12.376314018242914,3176463,,,0.1744608310070625,Information
214092,3652.0,3200.512876,ITA,Italy,Abruzzo,1.957943566,0.0,0.73,0.38,3652.0,,,,,,,,,,,,,,,,,,,,,,,,,0.1421018873632557,39.15887132,0.0,,8.812,0.275,1.062,0.033,1.25,0.039,0.0,0.0,0.01062,0.033,0.01875,0.0584999999999999,0.0,0.0,0.12087,0.0,0.0,0.984375,0.0307567892466445,0.0,0.0,0.034453125,0.1076487623632557,0.1421018873632557,358438,,,6.82824344535827e-10,Information
214094,3654.0,2381.67782,ITA,Italy,Apulia,0.036676713,0.0,0.73,0.38,3654.0,,,,,,,,,,,,,,,,,,,,,,,,,0.5885114309480354,0.73353426,0.0,,39.125,1.643,11.188,0.47,0.0,0.0,0.0,0.0,0.11188,0.47,0.0,0.0,0.0,0.0,0.58188,0.0,0.0,3.234375,0.1358023731280101,0.0,0.0,0.113203125,0.4753083059480353,0.5885114309480354,321798,,,1.4644408759528081e-07,Information
214095,3655.0,2287.573976,ITA,Italy,Apulia,1.612016192,3.123383625,0.73,0.38,3655.0,,,,,,,,,,,,,,,,,,,,,,,,,7.058831894681904,32.24032384,62.467672500000006,,45.062,1.97,13.938,0.609,0.0,0.0,0.0,0.0,0.13938,0.609,0.0,0.0,0.0,0.0,0.74838,0.0,0.0,37.546875,1.6413403627662582,0.0,0.0,1.314140625,5.744691269681904,7.058831894681904,170737,,,0.047368439549331,Information
215001,3660.0,26822.82174,ITA,Italy,Calabria,1.41194668,0.345423169,0.73,0.38,3660.0,,,,,,,,,,,,,,,,,,,,,,,,,17.05424636690176,28.2389336,6.90846338,,9.688,0.036,9.5,0.035,3.062,0.011,0.125,0.0,0.095,0.035,0.04593,0.0165,0.003125,0.0,0.1955549999999999,0.0,0.0,354.9375,1.3232668191147894,0.0,0.0,12.4228125,4.631433866901763,17.05424636690176,6962518,,,0.0753671162534082,Information
215008,3666.0,9171.194796,ITA,Italy,Toscana,2.275243319,0.107598115,0.73,0.38,3666.0,,,,,,,,,,,,,,,,,,,,,,,,,1.862226132316512,45.50486638,2.1519623,,14.688,0.16,11.812,0.129,0.125,0.001,0.0,0.0,0.1181199999999999,0.129,0.001875,0.0015,0.0,0.0,0.2504949999999999,0.0,0.0,25.453125,0.2775333592332891,0.0,0.0,0.890859375,0.9713667573165118,1.862226132316512,2446149,,,0.0003672870299966,Information
219000,3700.0,26372.86382,ITA,Italy,Sicily,1.507870054,0.055866977,0.73,0.38,3700.0,,,,,,,,,,,,,,,,,,,,,,,,,18.35513028358908,30.15740108,1.11733954,,67.938,0.258,56.875,0.216,23.188,0.088,4.562,0.017,0.56875,0.216,0.3478199999999999,0.132,0.11405,0.0425,1.42112,0.0,0.0,380.25,1.441822938168309,0.0,0.0,13.30875,5.046380283589081,18.35513028358908,5443490,,,0.0907198993558367,Information
215007,16066.0,12599.23148,ITA,Italy,Toscana,1.034357405,1.960403222,0.73,0.38,16066.0,,,,,,,,,,,,,,,,,,,,,,,,,7.150974248415027,20.6871481,39.20806444,,79.625,0.632,63.375,0.503,14.875,0.118,1.688,0.013,0.63375,0.503,0.223125,0.177,0.0421999999999999,0.0325,1.6115750000000002,0.0,0.0,113.90625,0.9040729995471506,0.0,0.0,3.98671875,3.164255498415028,7.150974248415027,1202892,,,0.016168958846094,Information
215009,16067.0,6869.04893,ITA,Italy,Liguria,2.453453159,0.006688428,0.73,0.38,16067.0,,,,,,,,,,,,,,,,,,,,,,,,,2.7679615315296884,49.06906318,0.1337685599999999,,30.562,0.445,28.25,0.411,3.0,0.044,0.0,0.0,0.2825,0.411,0.045,0.066,0.0,0.0,0.8045,0.0,0.0,32.203125,0.4688149018656253,0.0,0.0,1.127109375,1.6408521565296883,2.7679615315296884,1934482,,,0.0017935482645187,Information
218001,16069.0,24514.66993,ITA,Italy,Sardegna,2.053890215,1.123245451,0.73,0.38,16069.0,,,,,,,,,,,,,,,,,,,,,,,,,23.74774399747372,41.0778043,22.46490902,,57.688,0.235,39.125,0.16,14.812,0.06,1.25,0.005,0.39125,0.16,0.22218,0.09,0.03125,0.0125,0.90718,0.0,0.0,481.921875,1.96585096356392,0.0,0.0,16.867265625,6.880478372473719,23.74774399747372,1644423,,,0.1817462476467133,Information
216010,3667.0,12908.5401,FRA,France,Provence-Alpes-Côte d'Azur,1.220905104,0.433283824,0.75,0.35,3667.0,,,,,,,,,,,,,,,,,,,,,,,,,7.695321585580384,24.41810208,8.66567648,,94.25,0.73,54.812,0.425,22.375,0.173,2.562,0.02,0.5481199999999999,0.425,0.335625,0.2594999999999999,0.06405,0.05,1.682295,0.0,0.0,123.890625,0.9597570601658242,0.0,0.0,4.336171875,3.3591497105803847,7.695321585580384,4263817,,,0.011168021723753,Information
216021,3668.0,3022.053371,FRA,France,Occitanie,2.486950779,0.076699619,0.75,0.35,3668.0,3668.0,0.0,12.0,3.0,2.0,-9999.0,0.0,1.0,0.3,0.2,-999.9,-1996.8,0.0,0.0,0.0,0.0,0.0,0.0,0.0,0.0,0.0,0.0,0.0,-1996.8,2.3117156802623446,49.73901558,1.53399238,,51.188,1.694,41.312,1.367,3.875,0.128,0.125,0.004,0.41312,1.367,0.058125,0.192,0.003125,0.01,2.0433699999999995,0.0,0.0,15.328125,0.5072089443606699,0.0,0.0,0.536484375,1.7752313052623443,2.3117156802623446,360344,,,0.0010376500845026,Information
216022,3669.0,14357.73698,FRA,France,Provence-Alpes-Côte d'Azur,2.290663137,0.0,0.75,0.35,3669.0,3669.0,0.0,13.0,2.0,-9999.0,-9999.0,0.0,1.0,0.2,-999.9,-999.9,-1971.2,0.0,0.0,0.0,0.0,0.0,0.0,0.0,0.0,0.0,0.0,0.0,-1971.2,0.5260440014597219,45.81326274,0.0,,17.75,0.124,13.812,0.096,1.375,0.01,0.0,0.0,0.13812,0.096,0.020625,0.015,0.0,0.0,0.269745,0.0,0.0,8.859375,0.0617045361313491,0.0,0.0,0.310078125,0.2159658764597218,0.5260440014597219,657215,,,1.7863567547893318e-06,Information
216023,3670.0,12846.92043,FRA,France,Auvergne-Rhône-Alpes,1.024905729,0.0,0.75,0.35,3670.0,3670.0,0.0,12.0,3.0,3.0,2.0,0.0,1.0,0.3,0.3,0.2,3.6,0.0,0.0,0.0,0.0,0.0,0.0,0.0,0.0,0.0,0.0,0.0,3.6,3.6,20.498114580000003,0.0,,25.062,0.195,16.688,0.13,0.125,0.001,0.0,0.0,0.16688,0.13,0.001875,0.0015,0.0,0.0,0.300255,0.0,0.0,20.109375,0.1565307040389273,0.0,0.0,0.703828125,0.5478574641362456,1.2516855891362455,1153247,,,0.0009845725891122,Information
216024,3671.0,11846.79158,FRA,France,Auvergne-Rhône-Alpes,1.561922361,0.0,0.75,0.35,3671.0,3671.0,1.0,17.0,70.0,15.0,-9999.0,3.0,1.0,7.0,1.5,-999.9,-2983.7,0.0,0.0,0.0,0.0,0.0,0.0,0.0,0.0,0.0,0.0,0.0,-2983.7,0.3487961939566681,31.23844722,0.0,,13.562,0.114,11.0,0.093,0.75,0.006,0.125,0.001,0.11,0.093,0.01125,0.009,0.003125,0.0025,0.228875,0.140625,0.0011870302524659,5.34375,0.0451071495937055,0.002109375,0.0017805453786988,0.18703125,0.1578750235779692,0.3487961939566681,1115779,,,6.322691580698835e-08,Information
216025,3672.0,4637.499194,FRA,France,Auvergne-Rhône-Alpes,0.611619261,0.0,0.75,0.35,3672.0,,,,,,,,,,,,,,,,,,,,,,,,,0.9276664679550124,12.23238522,0.0,,6.625,0.143,5.875,0.127,0.0,0.0,0.0,0.0,0.05875,0.127,0.0,0.0,0.0,0.0,0.18575,3.515625,0.0758086385113651,6.890625,0.1485849314822757,0.052734375,0.1137129577670476,0.241171875,0.5200472601879649,0.9276664679550124,1171147,,,2.685157732056065e-06,Information
216026,3673.0,20589.44105,FRA,France,Auvergne-Rhône-Alpes,0.876741644,0.0,0.75,0.35,3673.0,3673.0,0.0,27.0,5.0,2.0,-9999.0,0.0,1.0,0.5,0.2,-999.9,-482.65,0.0,0.0,0.0,0.0,0.0,0.0,0.0,0.0,0.0,0.0,0.0,-482.65,2.5185857087213352,17.53483288,0.0,,16.25,0.079,13.625,0.066,1.938,0.009,0.125,0.001,0.13625,0.066,0.02907,0.0134999999999999,0.003125,0.0025,0.250445,28.6875,0.1393311257396536,36.140625,0.1755298986033871,0.4303125,0.2089966886094804,1.264921875,0.6143546451118549,2.5185857087213352,4103788,,,0.0002427073274421,Information
216027,3674.0,9872.37256,FRA,France,Auvergne-Rhône-Alpes,0.995868614,0.0,0.75,0.35,3674.0,3674.0,0.0,11.0,2.0,2.0,-9999.0,0.0,1.0,0.2,0.2,-999.9,-1997.0,0.0,0.0,0.0,0.0,0.0,0.0,0.0,0.0,0.0,0.0,0.0,-1997.0,0.3425122353225374,19.91737228,0.0,,9.25,0.094,8.25,0.084,0.0,0.0,0.0,0.0,0.0825,0.084,0.0,0.0,0.0,0.0,0.1665,0.84375,0.0085465777845886,4.5,0.0455817481844727,0.01265625,0.0128198666768829,0.1575,0.1595361186456544,0.3425122353225374,1354641,,,2.455447155639684e-08,Information
216028,3675.0,11832.07344,FRA,France,Bourgogne-Franche-Comté,1.000959329,0.0,0.75,0.35,3675.0,3675.0,0.0,11.0,2.0,-9999.0,-9999.0,0.0,1.0,0.2,-999.9,-999.9,-3997.2,0.0,0.0,0.0,0.0,0.0,0.0,0.0,0.0,0.0,0.0,0.0,-3997.2,1.0443896207639356,20.019186580000003,0.0,,17.188,0.145,8.125,0.069,0.0,0.0,0.0,0.0,0.08125,0.069,0.0,0.0,0.0,0.0,0.15025,0.0,0.0,16.171875,0.1366782845039816,0.0,0.0,0.566015625,0.4783739957639356,1.0443896207639356,754036,,,7.1776849454104025e-06,Information
216031,3677.0,4207.155,FRA,France,Occitanie,2.912472376,2.157266341,0.75,0.35,3677.0,,,,,,,,,,,,,,,,,,,,,,,,,10.703727723579998,58.24944752,43.14532682,,136.0,3.233,101.875,2.421,10.875,0.258,0.812,0.019,1.01875,2.421,0.163125,0.387,0.0203,0.0475,4.057675000000001,0.0,0.0,90.5625,2.1525829210228564,0.0,0.0,3.1696875,7.534040223579997,10.703727723579998,1201885,,,0.0867377874672621,Information
216032,3678.0,2627.038515,FRA,France,Occitanie,0.887869588,0.0,0.75,0.35,3678.0,,,,,,,,,,,,,,,,,,,,,,,,,0.875321042708589,17.75739176,0.0,,12.125,0.462,6.25,0.238,0.188,0.007,0.0,0.0,0.0625,0.238,0.00282,0.0105,0.0,0.0,0.31382,0.0,0.0,5.203125,0.1980604764881683,0.0,0.0,0.182109375,0.693211667708589,0.875321042708589,201824,,,2.775094283620239e-06,Information
216033,3679.0,1809.317623,FRA,France,Occitanie,0.095311499,0.0,0.75,0.35,3679.0,,,,,,,,,,,,,,,,,,,,,,,,,0.8352450643711439,1.90622998,0.0,,22.312,1.233,11.938,0.66,0.5,0.028,0.0,0.0,0.11938,0.66,0.0075,0.042,0.0,0.0,0.8288800000000001,0.0,0.0,3.65625,0.202078946963184,0.0,0.0,0.12796875,0.7072763143711439,0.8352450643711439,208647,,,9.398108765023842e-07,Information
216034,3680.0,5285.50604,FRA,France,Occitanie,1.461393986,0.0,0.75,0.35,3680.0,,,,,,,,,,,,,,,,,,,,,,,,,0.5266541992898267,29.22787972,0.0,,15.938,0.302,9.812,0.186,0.062,0.001,0.0,0.0,0.09812,0.186,0.0009299999999999,0.0015,0.0,0.0,0.2865499999999999,0.0,0.0,5.203125,0.0984413783685219,0.0,0.0,0.182109375,0.3445448242898267,0.5266541992898267,323834,,,4.775366447261355e-07,Information
216035,3681.0,7045.699868,FRA,France,Occitanie,3.325057406,0.038457777,0.75,0.35,3681.0,,,,,,,,,,,,,,,,,,,,,,,,,2.7268218182720627,66.50114812,0.76915554,,20.5,0.291,16.062,0.228,2.0,0.028,0.062,0.001,0.16062,0.228,0.03,0.042,0.00155,0.0025,0.4646699999999999,0.0,0.0,32.203125,0.4570606980777322,0.0,0.0,1.127109375,1.5997124432720626,2.7268218182720627,870191,,,0.006064403864378,Information
232130,4086.0,8111.342,FRA,France,Nouvelle-Aquitaine,0.753957891,3.029264486,0.75,0.35,4086.0,,,,,,,,,,,,,,,,,,,,,,,,,12.746560149047925,15.07915782,60.585289720000006,,35.562,0.438,27.75,0.342,5.5,0.068,3.625,0.045,0.2775,0.342,0.0825,0.102,0.090625,0.1124999999999999,1.007125,29.8125,0.3675409075251039,150.328125,1.853307689360076,0.4471875,0.5513113612876558,5.261484375,6.486576912760266,12.746560149047925,439486,,,0.1294747228075583,Information
232141,4088.0,6490.73762,FRA,France,Nouvelle-Aquitaine,1.495748791,1.717645252,0.75,0.35,4088.0,4088.0,0.0,11.0,-9999.0,-9999.0,-9999.0,0.0,1.0,-999.9,-999.9,-999.9,-5997.4,0.0,0.0,0.0,0.0,0.0,0.0,0.0,0.0,0.0,0.0,0.0,-5997.4,6.07733081097094,29.91497582,34.35290504,,16.75,0.258,15.438,0.238,0.375,0.006,0.125,0.002,0.15438,0.238,0.005625,0.009,0.003125,0.005,0.41513,4.921875,0.0758292090734761,66.234375,1.0204444992459216,0.073828125,0.1137438136102141,2.318203125,3.571555747360726,6.07733081097094,1153719,,,0.008662716257234,Information
232144,4091.0,15140.7958,FRA,France,Occitanie,1.412075921,0.0,0.75,0.35,4091.0,4091.0,0.0,1.0,-9999.0,-9999.0,-9999.0,0.0,10.0,-999.9,-999.9,-999.9,-5979.4,0.0,0.0,0.0,0.0,0.0,0.0,0.0,0.0,0.0,0.0,0.0,-5979.4,0.5966006995108577,28.24151842,0.0,,,,,,,,,,,,,,,,,0.0,0.0,10.265625,0.0678010927173879,0.0,0.0,0.359296875,0.2373038245108576,0.5966006995108577,1779321,,,8.34682846374595e-07,Information
232150,4097.0,12.51611185,FRA,France,Nouvelle-Aquitaine,0.407048532,4.006560609,0.75,0.35,4097.0,,,,,,,,,,,,,,,,,,,,,,,,,31.49882541638513,8.14097064,80.13121218,3.0,0.875,6.991,0.875,6.991,0.062,0.499,0.062,0.499,0.00875,6.991,0.0009299999999999,0.7484999999999999,0.00155,1.2475,8.99823,0.0,0.0,1.125,8.988414404681466,0.0,0.0,0.039375,31.45945041638513,31.49882541638513,1471,57.0,3.87,0.6775290236081639,Watch
232160,4098.0,23837.31562,FRA,France,Nouvelle-Aquitaine,1.375802532,1.092416295,0.75,0.35,4098.0,,,,,,,,,,,,,,,,,,,,,,,,,3.3296389039428984,27.51605064,21.8483259,,22.875,0.096,17.375,0.073,0.0,0.0,0.0,0.0,0.17375,0.073,0.0,0.0,0.0,0.0,0.2467499999999999,10.6875,0.0448351658870865,62.4375,0.2619317586035053,0.1603125,0.0672527488306297,2.1853125,0.9167611551122686,3.3296389039428984,1187504,,,0.0010332623031718,Information
232170,4099.0,2223.131517,FRA,France,Nouvelle-Aquitaine,1.667253033,3.23528314,0.75,0.35,4099.0,,,,,,,,,,,,,,,,,,,,,,,,,12.923681468934994,33.34506066,64.7056628,,9.75,0.439,8.75,0.394,0.938,0.042,0.25,0.011,0.0875,0.394,0.01407,0.063,0.00625,0.0274999999999999,0.59232,5.765625,0.259347004697179,64.6875,2.90974688196835,0.086484375,0.3890205070457684,2.2640625,10.184114086889226,12.923681468934994,211914,,,0.1575300253121946,Information
232180,4100.0,9794.926719,FRA,France,Nouvelle-Aquitaine,1.157998349,1.440238075,0.75,0.35,4100.0,,,,,,,,,,,,,,,,,,,,,,,,,1.3499225503324594,23.15996698,28.8047615,,29.375,0.3,18.25,0.186,0.188,0.002,0.062,0.001,0.1825,0.186,0.00282,0.003,0.00155,0.0025,0.37837,4.5,0.0459421507592393,17.15625,0.1751544497696001,0.0675,0.0689132261388589,0.60046875,0.6130405741936004,1.3499225503324594,647410,,,3.6639752204893336e-05,Information
232190,4101.0,9274.833571,FRA,France,Pays de la Loire,1.250745125,3.246368683,0.75,0.35,4101.0,,,,,,,,,,,,,,,,,,,,,,,,,4.259470457018477,25.0149025,64.92737366,,15.938,0.172,14.812,0.16,0.75,0.008,0.812,0.009,0.14812,0.16,0.01125,0.012,0.0203,0.0225,0.37417,0.140625,0.0015161997132202,58.5,0.6307390806996134,0.002109375,0.0022742995698303,2.0475,2.207586782448647,4.259470457018477,1149216,,,0.0175035568779852,Information
232210,4102.0,8230.749557,FRA,France,Pays de la Loire,1.040979064,0.0,0.75,0.35,4102.0,4102.0,0.0,15.0,2.0,2.0,-9999.0,0.0,1.0,0.2,0.2,-999.9,-1997.0,0.0,0.0,0.0,0.0,0.0,0.0,0.0,0.0,0.0,0.0,0.0,-1997.0,6.371286829056034,20.81958128,0.0,,11.125,0.135,7.625,0.093,0.0,0.0,0.25,0.003,0.07625,0.093,0.0,0.0,0.00625,0.0075,0.183,2.109375,0.0256279818190371,81.28125,0.9875315660935654,0.031640625,0.0384419727285556,2.84484375,3.456360481327479,6.371286829056034,1480026,,,0.0058689492958614,Information
232230,4104.0,5301.511124,FRA,France,Nouvelle-Aquitaine,1.503230208,0.0,0.75,0.35,4104.0,4104.0,0.0,14.0,3.0,2.0,-9999.0,0.0,1.0,0.3,0.2,-999.9,-1996.8,0.0,0.0,0.0,0.0,0.0,0.0,0.0,0.0,0.0,0.0,0.0,-1996.8,1.2216974753673826,30.06460416,0.0,,21.188,0.4,14.625,0.276,0.188,0.004,0.0,0.0,0.14625,0.276,0.00282,0.006,0.0,0.0,0.43107,0.0,0.0,12.09375,0.2281189215335379,0.0,0.0,0.42328125,0.7984162253673827,1.2216974753673826,410619,,,2.590252034339042e-05,Information
232240,4105.0,21075.1289,FRA,France,Nouvelle-Aquitaine,1.638833383,0.0,0.75,0.35,4105.0,4105.0,0.0,12.0,2.0,2.0,-9999.0,0.0,1.0,0.2,0.2,-999.9,-1997.0,0.0,0.0,0.0,0.0,0.0,0.0,0.0,0.0,0.0,0.0,0.0,-1997.0,3.715722223966313,32.77666766,0.0,,103.062,0.489,61.25,0.291,0.188,0.001,0.062,0.0,0.6125,0.291,0.00282,0.0015,0.00155,0.0,0.90937,13.78125,0.0653910591231577,66.09375,0.3136101815090217,0.20671875,0.0980865886847365,2.31328125,1.097635635281576,3.715722223966313,1073231,,,0.0018930928207758,Information
232250,4106.0,3723.098076,FRA,France,Centre-Val de Loire,1.691023135,0.0,0.75,0.35,4106.0,,,,,,,,,,,,,,,,,,,,,,,,,1.8141712079406835,33.8204627,0.0,,27.5,0.739,14.125,0.379,0.0,0.0,0.0,0.0,0.14125,0.379,0.0,0.0,0.0,0.0,0.52025,0.0,0.0,14.0625,0.3777096308401953,0.0,0.0,0.4921875,1.3219837079406835,1.8141712079406835,231793,,,0.0001611135395808,Information
232260,4107.0,13694.9076,FRA,France,Centre-Val de Loire,1.672811173,0.0,0.75,0.35,4107.0,,,,,,,,,,,,,,,,,,,,,,,,,1.519465666178562,33.45622346,0.0,,129.812,0.948,64.375,0.47,0.125,0.001,0.0,0.0,0.64375,0.47,0.001875,0.0015,0.0,0.0,1.117125,1.125,0.0082147323129359,24.609375,0.1796972693454737,0.016875,0.0123220984694038,0.861328125,0.6289404427091579,1.519465666178562,700544,,,7.857139051036034e-05,Information
232270,4108.0,10063.6656,FRA,France,Centre-Val de Loire,2.18110175,0.0,0.75,0.35,4108.0,4108.0,0.0,15.0,11.0,7.0,2.0,0.0,1.0,1.1,0.7,0.2,6.0,0.0,0.0,0.0,0.0,0.0,0.0,0.0,0.0,0.0,0.0,0.0,6.0,6.0,43.622035,0.0,,96.75,0.961,46.75,0.465,0.188,0.002,0.0,0.0,0.4675,0.465,0.00282,0.003,0.0,0.0,0.9383200000000002,0.5625,0.0055894146567816,73.546875,0.7308159663742023,0.0084375,0.0083841219851724,2.574140625,2.557855882309708,5.148818129294881,1023637,,,0.0125351128581092,Information
232280,4109.0,14340.65313,FRA,France,Auvergne-Rhône-Alpes,0.689692441,0.0,0.75,0.35,4109.0,4109.0,0.0,11.0,19.0,5.0,2.0,0.0,1.0,1.9,0.5,0.2,14.1,0.0,0.0,0.0,0.0,0.0,0.0,0.0,0.0,0.0,0.0,0.0,14.1,14.1,13.79384882,0.0,,,,,,,,,,,,,,,,,0.421875,0.0029418116195046,12.515625,0.087273744711971,0.006328125,0.0044127174292569,0.438046875,0.3054581064918985,0.7542458239211554,925554,,,0.035103972514369,Information
232290,4110.0,18264.02314,FRA,France,Bourgogne-Franche-Comté,0.757771254,0.0,0.75,0.35,4110.0,4110.0,0.0,12.0,9.0,5.0,2.0,0.0,1.0,0.9,0.5,0.2,5.2,0.0,0.0,0.0,0.0,0.0,0.0,0.0,0.0,0.0,0.0,0.0,5.2,5.2,15.15542508,0.0,,,,,,,,,,,,,,,,,0.84375,0.0046197379052548,30.796875,0.1686204335418023,0.01265625,0.0069296068578821,1.077890625,0.5901715173963081,1.6876479992541902,1244840,,,0.0026178533408567,Information
232301,4111.0,1139.251812,FRA,France,Pays de la Loire,1.727812817,3.022498945,0.75,0.35,4111.0,,,,,,,,,,,,,,,,,,,,,,,,,41.40663805260962,34.55625634,60.449978900000005,,21.188,1.86,20.5,1.799,6.938,0.609,18.062,1.585,0.205,1.799,0.10407,0.9135,0.45155,3.9625,7.43562,1.96875,0.1728107850730806,174.796875,15.34312898898852,0.02953125,0.2592161776096209,6.117890625,35.0,41.40663805260962,251849,,,0.5182950517577166,Advisory
232303,4113.0,1839.859265,FRA,France,Bretagne,2.218322643,2.655282696,0.75,0.35,4113.0,,,,,,,,,,,,,,,,,,,,,,,,,19.922469076077967,44.36645286,53.10565392,,2.75,0.149,2.375,0.129,0.938,0.051,1.812,0.099,0.02375,0.129,0.01407,0.0765,0.0453,0.2475,0.5361199999999999,0.0,0.0,88.453125,4.807602771736562,0.0,0.0,3.095859375,16.826609701077967,19.922469076077967,345065,,,0.1959853600084535,Information
232309,4118.0,74.03983051,FRA,France,Normandie,1.472588075,3.320365425,0.75,0.35,4118.0,,,,,,,,,,,,,,,,,,,,,,,,,7.366505419514739,29.4517615,66.4073085,,0.312,0.422,0.188,0.253,0.0,0.0,0.0,0.0,0.00188,0.253,0.0,0.0,0.0,0.0,0.25488,0.0,0.0,1.546875,2.0892470841470683,0.0,0.0,0.054140625,7.312364794514739,7.366505419514739,2968,,,0.0645872654425329,Information
232401,4119.0,1957.601769,FRA,France,Normandie,1.715611675,1.017176714,0.75,0.35,4119.0,,,,,,,,,,,,,,,,,,,,,,,,,8.50818162701296,34.3122335,20.34353428,,11.375,0.581,9.312,0.476,0.0,0.0,0.125,0.006,0.09312,0.476,0.0,0.0,0.003125,0.015,0.587245,0.0,0.0,39.796875,2.032940286289417,0.0,0.0,1.392890625,7.11529100201296,8.50818162701296,690390,,,0.0204824813037153,Information
232403,4121.0,4088.207762,FRA,France,Normandie,1.010787285,0.0,0.75,0.35,4121.0,4121.0,0.0,12.0,-9999.0,-9999.0,-9999.0,0.0,1.0,-999.9,-999.9,-999.9,-5997.4,0.0,0.0,0.0,0.0,0.0,0.0,0.0,0.0,0.0,0.0,0.0,-5997.4,2.670157772914189,20.2157457,0.0,,26.438,0.647,14.438,0.353,0.0,0.0,0.188,0.005,0.14438,0.353,0.0,0.0,0.0046999999999999,0.0125,0.5145799999999999,0.140625,0.0034397713664504,22.078125,0.5400441045327182,0.002109375,0.0051596570496756,0.772734375,1.8901543658645137,2.670157772914189,1037221,,,0.0003404101209977,Information
232404,4122.0,16820.63131,FRA,France,Hauts-de-France,1.190013236,0.0,0.75,0.35,4122.0,,,,,,,,,,,,,,,,,,,,,,,,,5.250291326750307,23.80026472,0.0,,47.812,0.284,16.375,0.097,0.375,0.002,0.062,0.0,0.16375,0.097,0.005625,0.003,0.00155,0.0,0.270925,0.0,0.0,94.078125,0.5593019862143732,0.0,0.0,3.292734375,1.9575569517503064,5.250291326750307,1953663,,,0.0037356331387875,Information
232405,4123.0,1090.89767,FRA,France,Île-de-France,0.776590937,0.0,0.75,0.35,4123.0,,,,,,,,,,,,,,,,,,,,,,,,,3.59958,15.53181874,0.0,,56.812,5.208,34.938,3.203,0.0,0.0,0.188,0.017,0.34938,3.203,0.0,0.0,0.0046999999999999,0.0425,3.59958,0.0,0.0,3.65625,0.3351597587972903,0.0,0.0,0.12796875,1.173059155790516,1.301027905790516,7190193,,,0.0008009577835909,Information
232406,4124.0,30722.75682,FRA,France,Bourgogne-Franche-Comté,0.928532515,0.0,0.75,0.35,4124.0,4124.0,0.0,12.0,-9999.0,-9999.0,-9999.0,0.0,1.0,-999.9,-999.9,-999.9,-5997.4,0.0,0.0,0.0,0.0,0.0,0.0,0.0,0.0,0.0,0.0,0.0,-5997.4,6.334710866816457,18.5706503,0.0,,47.812,0.156,29.188,0.095,0.062,0.0,0.0,0.0,0.29188,0.095,0.0009299999999999,0.0,0.0,0.0,0.38781,0.0,0.0,136.546875,0.4444486405189877,0.0,0.0,4.779140625,1.555570241816457,6.334710866816457,3467868,,,0.0053293809150488,Information
232407,4125.0,7219.993351,FRA,France,Hauts-de-France,1.363548031,0.0,0.75,0.35,4125.0,4125.0,0.0,11.0,-9999.0,-9999.0,-9999.0,0.0,1.0,-999.9,-999.9,-999.9,-5997.4,0.0,0.0,0.0,0.0,0.0,0.0,0.0,0.0,0.0,0.0,0.0,-5997.4,2.0660433486157954,27.270960620000004,0.0,,19.25,0.267,11.75,0.163,0.25,0.003,0.0,0.0,0.1175,0.163,0.00375,0.0045,0.0,0.0,0.2887499999999999,0.0,0.0,24.75,0.3427980996045131,0.0,0.0,0.86625,1.1997933486157957,2.0660433486157954,2122989,,,0.0001846484005545,Information
232408,4126.0,2139.208666,FRA,France,Grand Est,0.816388003,0.0,0.75,0.35,4126.0,,,,,,,,,,,,,,,,,,,,,,,,,0.754104567761299,16.32776006,0.0,,2.75,0.129,2.188,0.102,0.0,0.0,0.062,0.003,0.02188,0.102,0.0,0.0,0.00155,0.0075,0.13293,0.0,0.0,3.796875,0.1774896979317997,0.0,0.0,0.132890625,0.6212139427612989,0.754104567761299,76707,,,1.2438727128077306e-06,Information
232409,4127.0,3452.10441,FRA,France,Grand Est,2.126128322,0.0,0.75,0.35,4127.0,,,,,,,,,,,,,,,,,,,,,,,,,5.77302425617208,42.52256644,0.0,,4.375,0.127,2.75,0.08,0.0,0.0,0.0,0.0,0.0275,0.08,0.0,0.0,0.0,0.0,0.1075,0.0,0.0,42.328125,1.2261542517634516,0.0,0.0,1.481484375,4.29153988117208,5.77302425617208,151922,,,0.010775308654629,Information
232501,4128.0,4427.093069,FRA,France,Normandie,0.879524577,2.9164973,0.75,0.35,4128.0,,,,,,,,,,,,,,,,,,,,,,,,,5.980441252090041,17.59049154,58.329946,,4.5,0.102,2.688,0.061,0.125,0.003,0.562,0.013,0.02688,0.061,0.001875,0.0045,0.01405,0.0325,0.140805,0.28125,0.0063529272062682,52.3125,1.1816444603658969,0.00421875,0.0095293908094023,1.8309375,4.135755611280639,5.980441252090041,619942,,,0.026111653599914,Information
232503,4130.0,5556.858926,FRA,France,Hauts-de-France,3.169088664,3.18946542,0.75,0.35,4130.0,,,,,,,,,,,,,,,,,,,,,,,,,6.926986619458383,63.38177328,63.7893084,,25.0,0.45,18.188,0.327,0.688,0.012,1.0,0.018,0.18188,0.327,0.01032,0.018,0.025,0.045,0.6072000000000001,1.546875,0.027837219203775,70.03125,1.2602668330436344,0.023203125,0.0417558288056625,2.45109375,4.410933915652721,6.926986619458383,886588,,,0.0490709153153748,Information
232620,4137.0,28164.28197,FRA,France,Grand Est,1.13873108,0.0,0.75,0.35,4137.0,4137.0,0.0,12.0,2.0,2.0,-9999.0,0.0,1.0,0.2,0.2,-999.9,-3330.4,0.0,0.0,0.0,0.0,0.0,0.0,0.0,0.0,0.0,0.0,0.0,-3330.4,5.008745082426917,22.7746216,0.0,,68.75,0.244,45.812,0.163,0.75,0.003,0.062,0.0,0.4581199999999999,0.163,0.01125,0.0045,0.00155,0.0,0.63842,0.0,0.0,105.609375,0.3749762735505477,0.0,0.0,3.696328125,1.3124169574269169,5.008745082426917,4478955,,,0.003113874935363,Information
218002,16070.0,8941.075612,FRA,France,Corse,3.334992112,2.038340562,0.75,0.35,16070.0,,,,,,,,,,,,,,,,,,,,,,,,,11.14610564830996,66.69984224000001,40.76681124,,38.188,0.427,34.375,0.384,6.625,0.074,1.125,0.013,0.34375,0.384,0.099375,0.1109999999999999,0.028125,0.0325,0.99875,0.0,0.0,150.328125,1.6813203638028458,0.0,0.0,5.261484375,5.8846212733099605,11.14610564830996,366619,,,0.1368740178372312,Information
232305,16074.0,24296.39159,FRA,France,Bretagne,1.629516151,3.061523746,0.75,0.35,16074.0,,,,,,,,,,,,,,,,,,,,,,,,,10.814496016462703,32.59032302,61.230474920000006,,33.062,0.136,29.625,0.122,5.438,0.022,12.125,0.05,0.29625,0.122,0.08157,0.033,0.303125,0.125,0.960945,19.546875,0.0804517614332444,210.515625,0.8664481069465251,0.293203125,0.1206776421498665,7.368046875,3.032568374312838,10.814496016462703,2876572,,,0.100845783437123,Information
216041,3685.0,4935.675228,ESP,Spain,Cataluña,2.851115728,2.24629708,0.76,0.33,3685.0,3685.0,0.0,4.0,-9999.0,-9999.0,-9999.0,0.0,7.0,-999.9,-999.9,-999.9,-5985.4,0.0,0.0,0.0,0.0,0.0,0.0,0.0,0.0,0.0,0.0,0.0,-5985.4,8.727834095097757,57.02231456,44.9259416,,,,,,,,,,,,,,,,,0.0,0.0,82.40625,1.669604384313645,0.0,0.0,2.88421875,5.843615345097757,8.727834095097757,199257,,,0.0554496763368553,Information
216042,3686.0,22769.85911,ESP,Spain,Aragón,1.36891056,0.0,0.76,0.33,3686.0,3686.0,0.0,3.0,5.0,2.0,-9999.0,0.0,8.0,0.5,0.2,-999.9,-1982.4,0.0,0.0,0.0,0.0,0.0,0.0,0.0,0.0,0.0,0.0,0.0,-1982.4,3.307970981890863,27.3782112,0.0,,,,,,,,,,,,,,,,,0.0,0.0,65.671875,0.2884158162545322,0.0,0.0,2.298515625,1.0094553568908629,3.307970981890863,838088,,,0.0010043938399914,Information
216044,3688.0,4018.99049,ESP,Spain,Aragón,1.70288145,0.0,0.76,0.33,3688.0,,,,,,,,,,,,,,,,,,,,,,,,,1.2778210133455852,34.057629,0.0,,4.312,0.107,3.875,0.096,0.062,0.002,0.0,0.0,0.03875,0.096,0.0009299999999999,0.003,0.0,0.0,0.13868,0.140625,0.0034990130070847,10.40625,0.2589269625242738,0.002109375,0.005248519510627,0.36421875,0.9062443688349582,1.2778210133455852,108255,,,4.012958027205188e-05,Information
216045,3689.0,1535.64017,ESP,Spain,Aragón,2.415805336,0.0,0.76,0.33,3689.0,3689.0,0.0,2.0,-9999.0,-9999.0,-9999.0,0.0,9.0,-999.9,-999.9,-999.9,-5981.4,0.0,0.0,0.0,0.0,0.0,0.0,0.0,0.0,0.0,0.0,0.0,-5981.4,-5981.4,48.31610672,0.0,,,,,,,,,,,,,,,,,,,,,,,,,,612526,,,,
216047,3691.0,6406.368127,ESP,Spain,Comunidad Foral de Navarra,1.17613469,0.0,0.76,0.33,3691.0,3691.0,0.0,1.0,-9999.0,-9999.0,-9999.0,0.0,10.0,-999.9,-999.9,-999.9,-5979.4,0.0,0.0,0.0,0.0,0.0,0.0,0.0,0.0,0.0,0.0,0.0,-5979.4,2.899071837656243,23.5226938,0.0,,,,,,,,,,,,,,,,,0.0,0.0,32.34375,0.5048687393303553,0.0,0.0,1.13203125,1.7670405876562434,2.899071837656243,210991,,,0.0005328094056731,Information
216048,3692.0,8713.48843,ESP,Spain,Comunidad Foral de Navarra,0.601625227,0.0,0.76,0.33,3692.0,,,,,,,,,,,,,,,,,,,,,,,,,1.9132505586739896,12.03250454,0.0,,2.25,0.026,2.188,0.025,2.812,0.032,0.375,0.004,0.02188,0.025,0.04218,0.048,0.009375,0.01,0.156435,1.96875,0.0225942803021876,24.609375,0.2824285037773452,0.02953125,0.0338914204532814,0.861328125,0.9884997632207082,1.9132505586739896,542510,,,6.455143604203791e-05,Information
216050,3694.0,15855.07793,ESP,Spain,Comunidad Valenciana,2.286077531,1.028270813,0.76,0.33,3694.0,,,,,,,,,,,,,,,,,,,,,,,,,7.828950052298111,45.72155062,20.56541626,,0.0,0.0,0.0,0.0,0.0,0.0,3.312,0.021,0.0,0.0,0.0,0.0,0.0828,0.0525,0.1353,10.96875,0.069181306115774,132.46875,0.8354973123212716,0.16453125,0.103771959173661,4.63640625,2.9242405931244506,7.828950052298111,2952964,,,0.0264155542089921,Information
216060,3695.0,21948.98963,ESP,Spain,Castilla-La Mancha,1.444649136,0.0,0.76,0.33,3695.0,3695.0,0.0,2.0,-9999.0,-9999.0,-9999.0,0.0,9.0,-999.9,-999.9,-999.9,-5982.4,0.0,0.0,0.0,0.0,0.0,0.0,0.0,0.0,0.0,0.0,0.0,-5982.4,3.549394104773606,28.89298272,0.0,,15.625,0.071,10.625,0.048,2.188,0.01,2.25,0.01,0.10625,0.048,0.03282,0.015,0.05625,0.025,0.28332,12.9375,0.0589434876811832,64.125,0.2921546780719519,0.1940625,0.0884152315217748,2.244375,1.0225413732518316,3.549394104773606,1007607,,,0.0013614251745514,Information
216080,3697.0,17506.13066,ESP,Spain,Región de Murcia,2.254881269,0.0,0.76,0.33,3697.0,3697.0,0.0,2.0,-9999.0,-9999.0,-9999.0,0.0,9.0,-999.9,-999.9,-999.9,-5981.4,0.0,0.0,0.0,0.0,0.0,0.0,0.0,0.0,0.0,0.0,0.0,-5981.4,0.607623504778881,45.09762538,0.0,,,,,,,,,,,,,,,,,1.828125,0.0104427702259107,10.265625,0.0586401712685757,0.027421875,0.015664155338866,0.359296875,0.2052405994400149,0.607623504778881,2008008,,,3.3381361540468514e-06,Information
216090,3698.0,21516.83808,ESP,Spain,Andalucía,1.766077623,1.414200646,0.76,0.33,3698.0,,,,,,,,,,,,,,,,,,,,,,,,,10.93140064546028,35.32155246,28.28401292,,42.0,0.195,39.125,0.182,2.125,0.01,1.188,0.006,0.39125,0.182,0.031875,0.015,0.0296999999999999,0.015,0.664825,106.734375,0.4960504632851612,167.484375,0.7783874858664388,1.601015625,0.7440756949277418,5.861953125,2.724356200532536,10.93140064546028,4062499,,,0.0377192914630809,Information
231100,4037.0,5881.559442,ESP,Spain,Andalucía,0.529540096,0.609847448,0.76,0.33,4037.0,,,,,,,,,,,,,,,,,,,,,,,,,7.567814670491421,10.59080192,12.19694896,,5.75,0.098,5.75,0.098,0.0,0.0,0.0,0.0,0.0575,0.098,0.0,0.0,0.0,0.0,0.1555,51.328125,0.8726958472049015,58.078125,0.9874613284811624,0.769921875,1.309043770807352,2.032734375,3.4561146496840687,7.567814670491421,1068374,,,0.0071192009475108,Information
231201,4038.0,16005.79416,ESP,Spain,Andalucía,1.371494529,0.0,0.76,0.33,4038.0,,,,,,,,,,,,,,,,,,,,,,,,,25.683864888459297,27.42989058,0.0,,95.375,0.596,89.25,0.558,22.938,0.143,1.438,0.009,0.8925,0.558,0.34407,0.2144999999999999,0.0359499999999999,0.0225,2.06752,311.625,1.9469511914265465,318.09375,1.987366243234137,4.674375,2.92042678713982,11.13328125,6.95578185131948,25.683864888459297,2121289,,,0.1494744314244525,Information
231205,4042.0,5239.881278,ESP,Spain,Andalucía,1.539455417,0.0,0.76,0.33,4042.0,,,,,,,,,,,,,,,,,,,,,,,,,0.6278140807094788,30.78910834,0.0,,4.375,0.083,4.375,0.083,0.188,0.004,0.0,0.0,0.04375,0.083,0.00282,0.006,0.0,0.0,0.13557,1.265625,0.02415369610023,5.625,0.1073497604454668,0.018984375,0.036230544150345,0.196875,0.3757241615591338,0.6278140807094788,445113,,,1.2839097664302925e-06,Information
231300,4047.0,5071.001159,ESP,Spain,Andalucía,0.455451333,0.734917569,0.76,0.33,4047.0,,,,,,,,,,,,,,,,,,,,,,,,,6.331747122879078,9.10902666,14.698351380000002,,4.688,0.092,4.438,0.088,0.25,0.005,0.0,0.0,0.0443799999999999,0.088,0.00375,0.0075,0.0,0.0,0.14363,26.859375,0.5296661182969662,49.359375,0.973365484409608,0.402890625,0.7944991774454493,1.727578125,3.406779195433628,6.331747122879078,460912,,,0.0046528062289856,Information
231403,4050.0,13032.60072,ESP,Spain,Extremadura,1.274752329,0.0,0.76,0.33,4050.0,4050.0,0.0,3.0,-9999.0,-9999.0,-9999.0,0.0,8.0,-999.9,-999.9,-999.9,-5983.4,0.0,0.0,0.0,0.0,0.0,0.0,0.0,0.0,0.0,0.0,0.0,-5983.4,4.20508504080696,25.49504658,0.0,,13.562,0.104,11.562,0.089,7.25,0.056,0.312,0.002,0.11562,0.089,0.10875,0.084,0.0078,0.005,0.41017,30.65625,0.235227416605152,54.84375,0.4208196902569234,0.45984375,0.352841124907728,1.91953125,1.472868915899232,4.20508504080696,527788,,,0.0020228833677763,Information
231404,4051.0,2568.541802,ESP,Spain,Extremadura,0.004445513,0.0,0.76,0.33,4051.0,,,,,,,,,,,,,,,,,,,,,,,,,0.27788,0.0889102599999999,0.0,,6.312,0.246,5.688,0.221,0.0,0.0,0.0,0.0,0.05688,0.221,0.0,0.0,0.0,0.0,0.27788,,,,,,,,,,45800,,,1.9921167589909343e-09,Information
231405,4052.0,4608.781957,ESP,Spain,Extremadura,0.405268816,0.0,0.76,0.33,4052.0,,,,,,,,,,,,,,,,,,,,,,,,,0.74925,8.10537632,0.0,,19.312,0.419,18.625,0.404,1.875,0.041,0.875,0.019,0.18625,0.404,0.028125,0.0615,0.021875,0.0475,0.74925,,,,,,,,,,136562,,,7.572036820598217e-07,Information
231406,4053.0,8540.976836,ESP,Spain,Andalucía,0.068788149,0.0,0.76,0.33,4053.0,,,,,,,,,,,,,,,,,,,,,,,,,0.5168200000000001,1.3757629800000002,0.0,,21.438,0.251,21.25,0.249,1.688,0.02,0.0,0.0,0.2125,0.249,0.02532,0.03,0.0,0.0,0.5168200000000001,0.0,0.0,1.828125,0.0214041676396197,0.0,0.0,0.063984375,0.0749145867386689,0.1388989617386689,101055,,,7.548288999142932e-08,Information
231407,4054.0,17104.81816,ESP,Spain,Castilla-La Mancha,0.436067713,0.0,0.76,0.33,4054.0,4054.0,0.0,1.0,-9999.0,-9999.0,-9999.0,0.0,10.0,-999.9,-999.9,-999.9,-5982.4,0.0,0.0,0.0,0.0,0.0,0.0,0.0,0.0,0.0,0.0,0.0,-5982.4,0.953555,8.72135426,0.0,,49.25,0.288,46.25,0.27,9.062,0.053,0.125,0.001,0.4625,0.27,0.13593,0.0795,0.003125,0.0025,0.953555,0.0,0.0,14.203125,0.0830358140363205,0.0,0.0,0.497109375,0.2906253491271217,0.7877347241271218,445097,,,2.539775730606964e-06,Information
231604,4061.0,5465.080752,ESP,Spain,Extremadura,1.128279509,0.0,0.76,0.33,4061.0,,,,,,,,,,,,,,,,,,,,,,,,,0.8496029728267687,22.56559018,0.0,,6.0,0.11,5.875,0.108,5.5,0.101,0.312,0.006,0.05875,0.108,0.0825,0.1515,0.0078,0.015,0.42355,0.0,0.0,8.578125,0.1569624565219339,0.0,0.0,0.300234375,0.5493685978267687,0.8496029728267687,164157,,,3.2046451784651697e-06,Information
231605,4062.0,4925.39212,ESP,Spain,Extremadura,0.021343875,0.0,0.76,0.33,4062.0,,,,,,,,,,,,,,,,,,,,,,,,,1.715194433825456,0.4268774999999999,0.0,,14.562,0.296,13.875,0.282,8.25,0.167,1.812,0.037,0.13875,0.282,0.12375,0.2505,0.0453,0.0925,0.9328,0.0,0.0,16.171875,0.3283368025215588,0.0,0.0,0.566015625,1.1491788088254558,1.715194433825456,118246,,,2.4393226933539724e-05,Information
231606,4063.0,4478.561564,ESP,Spain,Castilla-La Mancha,0.703241797,0.0,0.76,0.33,4063.0,,,,,,,,,,,,,,,,,,,,,,,,,0.2081799999999999,14.06483594,0.0,,6.375,0.142,6.375,0.142,0.062,0.001,0.0,0.0,0.06375,0.142,0.0009299999999999,0.0015,0.0,0.0,0.2081799999999999,,,,,,,,,,118833,,,8.563567266105126e-10,Information
231607,4064.0,16156.88146,ESP,Spain,Castilla-La Mancha,0.33554945,0.0,0.76,0.33,4064.0,4064.0,0.0,1.0,2.0,2.0,-9999.0,0.0,10.0,0.2,0.2,-999.9,-1979.0,0.0,0.0,0.0,0.0,0.0,0.0,0.0,0.0,0.0,0.0,0.0,-1979.0,0.5868,6.7109890000000005,0.0,,26.062,0.161,26.062,0.161,4.312,0.027,1.5,0.009,0.26062,0.161,0.06468,0.0405,0.0375,0.0225,0.5868,0.0,0.0,4.21875,0.0261111651444206,0.0,0.0,0.14765625,0.0913890780054721,0.239045328005472,1978059,,,2.001936167680663e-07,Information
231608,4065.0,11557.46421,ESP,Spain,Castilla-La Mancha,0.17838745,0.0,0.76,0.33,4065.0,,,,,,,,,,,,,,,,,,,,,,,,,0.4406633520821766,3.567749,0.0,,4.25,0.037,4.188,0.036,3.875,0.034,0.25,0.002,0.04188,0.036,0.058125,0.051,0.00625,0.005,0.198255,0.0,0.0,6.75,0.0584038148806219,0.0,0.0,0.23625,0.2044133520821766,0.4406633520821766,6528897,,,3.5560705723261984e-08,Information
231609,4066.0,9404.416624,ESP,Spain,Castilla-La Mancha,0.521430949,0.0,0.76,0.33,4066.0,,,,,,,,,,,,,,,,,,,,,,,,,1.2592761990475152,10.42861898,0.0,,7.312,0.078,7.312,0.078,7.312,0.078,1.0,0.011,0.07312,0.078,0.10968,0.1169999999999999,0.025,0.0274999999999999,0.4303,0.0,0.0,17.4375,0.1854181997278615,0.0,0.0,0.6103125,0.6489636990475153,1.2592761990475152,163674,,,1.0017573287675166e-05,Information
231802,4069.0,7069.981829,ESP,Spain,Castilla y León,1.770672291,0.0,0.76,0.33,4069.0,,,,,,,,,,,,,,,,,,,,,,,,,1.959565,35.41344582,0.0,,26.938,0.381,25.812,0.365,24.188,0.342,7.625,0.108,0.25812,0.365,0.36282,0.513,0.190625,0.27,1.959565,7.734375,0.1093973815991185,13.21875,0.1869700703694025,0.116015625,0.1640960723986777,0.46265625,0.6543952462929088,1.3971631936915865,276174,,,0.0002367790196176,Information
231804,4071.0,16054.33329,ESP,Spain,Castilla y León,0.675842873,0.0,0.76,0.33,4071.0,,,,,,,,,,,,,,,,,,,,,,,,,1.5941039412299502,13.51685746,0.0,,7.625,0.047,7.375,0.046,6.438,0.04,1.875,0.012,0.07375,0.046,0.09657,0.06,0.046875,0.03,0.353195,16.59375,0.1033599446172285,20.953125,0.1305138283726021,0.24890625,0.1550399169258427,0.733359375,0.4567983993041073,1.5941039412299502,408661,,,3.253362768348914e-05,Information
231805,4072.0,10400.02286,ESP,Spain,Castilla y León,1.197400966,0.0,0.76,0.33,4072.0,4072.0,0.0,2.0,-9999.0,-9999.0,-9999.0,0.0,9.0,-999.9,-999.9,-999.9,-4638.733333333333,0.0,0.0,0.0,0.0,0.0,0.0,0.0,0.0,0.0,0.0,0.0,-4638.733333333333,0.3130795905600327,23.94801932,0.0,,,,,,,,,,,,,,,,,2.109375,0.0202824073427356,3.65625,0.0351561727274084,0.031640625,0.0304236110141034,0.12796875,0.1230466045459293,0.3130795905600327,217747,,,1.9790073538536392e-08,Information
231809,4076.0,15523.48384,ESP,Spain,Castilla y León,2.181800198,0.0,0.76,0.33,4076.0,4076.0,0.0,1.0,2.0,-9999.0,-9999.0,0.0,10.0,0.2,-999.9,-999.9,-3979.2,0.0,0.0,0.0,0.0,0.0,0.0,0.0,0.0,0.0,0.0,0.0,-3979.2,0.6624268406664164,43.63600396,0.0,,1.562,0.01,1.562,0.01,2.312,0.015,0.562,0.004,0.01562,0.01,0.03468,0.0225,0.01405,0.01,0.10685,3.234375,0.0208353680988746,10.125,0.0652237610051727,0.048515625,0.0312530521483119,0.354375,0.2282831635181044,0.6624268406664164,298026,,,4.421742779776595e-06,Information
231902,4078.0,16688.85808,ESP,Spain,Galicia,2.687944635,0.0,0.76,0.33,4078.0,4078.0,0.0,1.0,-9999.0,-9999.0,-9999.0,0.0,10.0,-999.9,-999.9,-999.9,-5979.4,0.0,0.0,0.0,0.0,0.0,0.0,0.0,0.0,0.0,0.0,0.0,-5979.4,1.6439298570783143,53.7588927,0.0,,,,,,,,,,,,,,,,,13.078125,0.0783644089716597,23.765625,0.1424041410345214,0.196171875,0.1175466134574895,0.831796875,0.4984144936208249,1.6439298570783143,832120,,,0.0004237757408518,Information
231903,4079.0,2228.107936,ESP,Spain,Galicia,0.618139062,0.36880952,0.76,0.33,4079.0,,,,,,,,,,,,,,,,,,,,,,,,,2.6818864272166687,12.36278124,7.3761904,,3.125,0.14,2.75,0.123,2.188,0.098,0.125,0.006,0.0275,0.123,0.03282,0.147,0.003125,0.015,0.348445,4.359375,0.1956536722840769,12.09375,0.5427811553687296,0.065390625,0.2934805084261153,0.42328125,1.8997340437905537,2.6818864272166687,788192,,,0.0002445231917158,Information
152000,16049.0,8763.968039,ESP,Spain,Islas Canarias,0.468791928,0.082376925,0.76,0.33,16049.0,,,,,,,,,,,,,,,,,,,,,,,,,2.8482464930838205,9.37583856,1.6475385,,96.25,1.098,78.562,0.896,7.125,0.081,1.5,0.017,0.78562,0.896,0.106875,0.1215,0.0375,0.0425,1.989995,7.3125,0.0834382321779689,34.875,0.3979361842333905,0.1096875,0.1251573482669533,1.220625,1.3927766448168668,2.8482464930838205,2765620,,,0.0002700703214391,Information
231905,16072.0,9719.578709,ESP,Spain,Galicia,2.656318511,0.464019671,0.76,0.33,16072.0,,,,,,,,,,,,,,,,,,,,,,,,,7.309570383027882,53.12637022,9.28039342,,12.25,0.126,11.0,0.113,0.688,0.007,0.188,0.002,0.11,0.113,0.01032,0.0105,0.0046999999999999,0.005,0.25352,53.15625,0.5468987040532941,80.15625,0.824688521985126,0.79734375,0.8203480560799412,2.80546875,2.886409826947941,7.309570383027882,1089607,,,0.0315652875704539,Information
221907,3748.0,2088.316808,GEO,Georgia,Abkhazia,4.202226695,0.0,0.67,0.46,3748.0,,,,,,,,,,,,,,,,,,,,,,,,,1.3512635841305134,84.0445339,0.0,,5.125,0.245,5.062,0.242,0.938,0.045,0.25,0.012,0.05062,0.242,0.01407,0.0675,0.00625,0.03,0.41044,1.125,0.053871136584603,6.1875,0.2962912512153168,0.016875,0.0808067048769045,0.2165625,1.0370193792536089,1.3512635841305134,149873,,,0.0067790806808537,Information
222010,3750.0,9764.47525,RUS,Russia,Krasnodar,2.020785379,0.0,0.65,0.49,3750.0,,,,,,,,,,,,,,,,,,,,,,,,,14.031425208900934,40.41570758,0.0,,65.438,0.67,56.688,0.581,19.25,0.197,10.688,0.109,0.56688,0.581,0.28875,0.2955,0.2672,0.2725,2.2718300000000005,66.09375,0.6768796920445156,169.734375,1.738284655952618,0.99140625,1.0153195380667734,5.940703125,6.0839962958341625,14.031425208900934,1195939,,,0.0740756270867803,Information
222021,3751.0,914.6461013,RUS,Russia,Krasnodar,3.298782877,0.0,0.65,0.49,3751.0,,,,,,,,,,,,,,,,,,,,,,,,,58.227265625,65.97565754,0.0,3.0,22.875,2.501,22.062,2.412,10.688,1.168,4.75,0.519,0.22062,2.412,0.16032,1.7519999999999998,0.11875,1.2975,5.96119,108.140625,11.82322046146964,188.71875,20.63298031117328,1.622109375,15.0,6.60515625,35.0,58.227265625,66308,296.0,0.45,0.7044620287130651,Watch
222022,3752.0,3205.049838,RUS,Russia,Krasnodar,1.091225462,0.0,0.65,0.49,3752.0,,,,,,,,,,,,,,,,,,,,,,,,,29.174968329859816,21.82450924,0.0,,27.875,0.87,27.562,0.86,17.688,0.552,8.75,0.273,0.27562,0.86,0.2653199999999999,0.8280000000000001,0.21875,0.6825000000000001,3.13019,78.328125,2.4438972545639794,168.75,5.2651287351468135,1.174921875,3.665845881845969,5.90625,18.427950573013845,29.174968329859816,258778,,,0.1621536521022075,Information
222023,3753.0,7619.825343,RUS,Russia,Krasnodar,2.097453586,0.0,0.65,0.49,3753.0,3753.0,0.0,9.0,-9999.0,-9999.0,-9999.0,0.0,2.0,-999.9,-999.9,-999.9,-5994.4,0.0,0.0,0.0,0.0,0.0,0.0,0.0,0.0,0.0,0.0,0.0,-5994.4,40.30399809037107,41.94907172,0.0,,53.125,0.697,52.312,0.687,33.312,0.437,10.0,0.131,0.52312,0.687,0.4996799999999999,0.6555,0.25,0.3275,2.9428,226.828125,2.9768152782801667,400.78125,5.259717013700232,3.402421875,4.46522291742025,14.02734375,18.409009547950813,40.30399809037107,963860,,,0.3576042146160456,Advisory
222024,3754.0,6067.817359,RUS,Russia,Krasnodar,2.467989351,0.0,0.65,0.49,3754.0,,,,,,,,,,,,,,,,,,,,,,,,,3.64560502094405,49.35978702,0.0,,9.812,0.162,6.0,0.099,0.0,0.0,0.0,0.0,0.06,0.099,0.0,0.0,0.0,0.0,0.159,11.390625,0.1877219488727968,34.453125,0.5678009564671016,0.170859375,0.2815829233091952,1.205859375,1.987303347634856,3.64560502094405,256776,,,0.0042539014385973,Information
222025,3755.0,135.530911,RUS,Russia,Krasnodar,0.57160627,0.0,0.65,0.49,3755.0,,,,,,,,,,,,,,,,,,,,,,,,,35.01990099286746,11.4321254,0.0,,1.188,0.876,1.125,0.83,0.0,0.0,0.0,0.0,0.01125,0.83,0.0,0.0,0.0,0.0,0.8412499999999999,0.703125,0.5187930892322442,13.078125,9.649551459719742,0.010546875,0.7781896338483663,0.457734375,33.773430109019095,35.01990099286746,60579,,,0.1767419906639602,Advisory
222026,3756.0,12692.49492,RUS,Russia,Krasnodar,1.559487212,0.0,0.65,0.49,3756.0,,,,,,,,,,,,,,,,,,,,,,,,,5.810288934821095,31.189744240000003,0.0,,35.0,0.276,24.5,0.193,0.0,0.0,0.0,0.0,0.245,0.193,0.0,0.0,0.0,0.0,0.438,38.8125,0.305790943751892,76.21875,0.6005025054837879,0.5821875,0.4586864156278379,2.66765625,2.1017587691932578,5.810288934821095,555234,,,0.0067231923536799,Information
222027,3757.0,5076.676702,RUS,Russia,Krasnodar,1.497112123,0.0,0.65,0.49,3757.0,,,,,,,,,,,,,,,,,,,,,,,,,3.071647164751869,29.94224246,0.0,,8.438,0.166,6.188,0.122,0.0,0.0,0.0,0.0,0.06188,0.122,0.0,0.0,0.0,0.0,0.18388,0.703125,0.0138501039412091,29.25,0.5761643239543017,0.010546875,0.0207751559118136,1.02375,2.016575133840056,3.071647164751869,561944,,,0.0008826811585258,Information
222030,3760.0,11658.45621,RUS,Russia,Krasnodar,2.074217751,0.0,0.65,0.49,3760.0,,,,,,,,,,,,,,,,,,,,,,,,,90.42026243617646,41.48435502,0.0,3.0,277.188,2.378,269.875,2.315,144.25,1.237,40.125,0.344,2.69875,2.315,2.16375,1.8555,1.003125,0.8599999999999999,10.896125,732.796875,6.285539540784307,1867.921875,16.022034488627508,10.991953125,9.42830931117646,35.0,35.0,90.42026243617646,770779,5605.0,0.73,0.6682820169016885,Warning
222040,3761.0,13524.1711,RUS,Russia,Krasnodar,0.524567308,0.0,0.65,0.49,3761.0,,,,,,,,,,,,,,,,,,,,,,,,,19.51707241565685,10.49134616,0.0,,127.562,0.943,98.312,0.727,62.438,0.462,36.375,0.269,0.98312,0.727,0.93657,0.6930000000000001,0.909375,0.6725000000000001,4.921565,104.90625,0.77569448985838,275.625,2.0380176945340813,1.57359375,1.1635417347875698,9.646875,7.133061930869284,19.51707241565685,513885,,,0.0638736336244908,Information
222050,3762.0,1708.919741,RUS,Russia,Krasnodar,0.299015032,0.0,0.65,0.49,3762.0,,,,,,,,,,,,,,,,,,,,,,,,,8.565632920603992,5.98030064,0.0,,25.0,1.463,17.5,1.024,3.875,0.227,0.938,0.055,0.175,1.024,0.058125,0.3405,0.02345,0.1375,1.758575,8.859375,0.5184196065782357,31.921875,1.8679563602104683,0.132890625,0.7776294098673535,1.117265625,6.537847260736639,8.565632920603992,141743,,,0.0082932830918972,Information
222060,3763.0,9211.251457,RUS,Russia,Krasnodar,0.89142262,0.0,0.65,0.49,3763.0,,,,,,,,,,,,,,,,,,,,,,,,,4.007829058829491,17.8284524,0.0,,19.125,0.208,14.938,0.162,1.812,0.02,0.125,0.001,0.14938,0.162,0.02718,0.03,0.003125,0.0025,0.374185,17.859375,0.1938865211096563,47.25,0.5129596149042874,0.267890625,0.2908297816644844,1.65375,1.795358652165006,4.007829058829491,347214,,,0.0012615410944842,Information
222070,3764.0,2338.493033,RUS,Russia,Rostov,0.869268556,0.0,0.65,0.49,3764.0,,,,,,,,,,,,,,,,,,,,,,,,,2.585778724289141,17.38537112,0.0,,28.375,1.213,23.5,1.005,1.5,0.064,0.062,0.003,0.235,1.005,0.0225,0.096,0.00155,0.0075,1.3675499999999998,3.796875,0.1623641784241228,12.375,0.5291869519008447,0.056953125,0.2435462676361842,0.433125,1.8521543316529567,2.585778724289141,30213,,,0.0002659449634918,Information
222080,3765.0,5004.963896,RUS,Russia,Rostov,1.599201159,0.0,0.65,0.49,3765.0,,,,,,,,,,,,,,,,,,,,,,,,,0.8832437410602747,31.98402318,0.0,,8.125,0.162,4.875,0.097,0.688,0.014,0.0,0.0,0.04875,0.097,0.01032,0.021,0.0,0.0,0.1770699999999999,3.234375,0.0646233432906268,7.03125,0.140485528892667,0.048515625,0.0969350149359402,0.24609375,0.4916993511243345,0.8832437410602747,127377,,,6.9988674650122e-06,Information
222090,3766.0,16.12034451,RUS,Russia,Rostov,0.565979208,0.0,0.65,0.49,3766.0,,,,,,,,,,,,,,,,,,,,,,,,,3.30131,11.31958416,0.0,,0.438,2.714,0.438,2.714,0.062,0.388,0.0,0.0,0.00438,2.714,0.0009299999999999,0.5820000000000001,0.0,0.0,3.30131,,,,,,,,,,5352,,,0.00049965714123,Information
223100,3767.0,7587.88493,RUS,Russia,Rostov,0.671185954,0.0,0.65,0.49,3767.0,,,,,,,,,,,,,,,,,,,,,,,,,9.58465750466279,13.42371908,0.0,,34.312,0.452,26.0,0.343,15.75,0.208,4.312,0.057,0.26,0.343,0.23625,0.312,0.1078,0.1425,1.40155,59.765625,0.7876453787983965,92.53125,1.2194603747043409,0.896484375,1.1814680681975946,3.23859375,4.268111311465193,9.58465750466279,1858582,,,0.0138728888177856,Information
223201,3768.0,6914.391727,RUS,Russia,Rostov,1.080818554,0.0,0.65,0.49,3768.0,,,,,,,,,,,,,,,,,,,,,,,,,26.62083823559148,21.61637108,0.0,,23.438,0.339,21.5,0.311,12.125,0.175,5.812,0.084,0.215,0.311,0.181875,0.2624999999999999,0.1453,0.21,1.325675,92.53125,1.3382413617327895,271.265625,3.923203019426369,1.38796875,2.0073620425991843,9.494296875,13.731210567992292,26.62083823559148,94219,,,0.1400887273728331,Information
223300,3777.0,21840.43249,RUS,Russia,Rostov,1.545175687,0.0,0.65,0.49,3777.0,3777.0,0.0,9.0,-9999.0,-9999.0,-9999.0,0.0,2.0,-999.9,-999.9,-999.9,-5995.4,0.0,0.0,0.0,0.0,0.0,0.0,0.0,0.0,0.0,0.0,0.0,-5995.4,2.5882823228706098,30.90351374,0.0,,4.75,0.022,4.25,0.019,3.938,0.018,1.0,0.005,0.0425,0.019,0.05907,0.0269999999999999,0.025,0.0125,0.1850699999999999,26.15625,0.1197606778645017,39.515625,0.180928766021102,0.39234375,0.1796410167967525,1.383046875,0.633250681073857,2.5882823228706098,224656,,,0.0005108004158579,Information
223401,3778.0,8505.214232,RUS,Russia,Rostov,0.959271833,0.0,0.65,0.49,3778.0,,,,,,,,,,,,,,,,,,,,,,,,,1.1611362285648623,19.18543666,0.0,,8.062,0.095,7.062,0.083,1.312,0.015,0.0,0.0,0.07062,0.083,0.01968,0.0225,0.0,0.0,0.1958,4.078125,0.0479485276768933,13.5,0.1587261605855778,0.061171875,0.0719227915153399,0.4725,0.5555415620495223,1.1611362285648623,313209,,,1.1039466571560366e-05,Information
223403,3780.0,7040.934659,RUS,Russia,Rostov,2.058432659,0.0,0.65,0.49,3780.0,,,,,,,,,,,,,,,,,,,,,,,,,1.1605931731790464,41.16865318000001,0.0,,39.188,0.557,18.625,0.265,4.688,0.067,0.062,0.001,0.18625,0.265,0.07032,0.1005,0.00155,0.0025,0.6261200000000001,2.109375,0.0299587356237117,12.796875,0.1817496627838511,0.031640625,0.0449381034355675,0.447890625,0.6361238197434789,1.1605931731790464,477819,,,4.323111034650814e-05,Information
223501,3787.0,6656.296858,RUS,Russia,Rostov,3.798168997,0.0,0.65,0.49,3787.0,,,,,,,,,,,,,,,,,,,,,,,,,13.753664361832666,75.96337994,0.0,,5.812,0.087,4.188,0.063,5.0,0.075,2.625,0.039,0.04188,0.063,0.075,0.1124999999999999,0.065625,0.0975,0.4555049999999999,64.546875,0.9697114833583714,129.375,1.9436482890843167,0.968203125,1.4545672250375572,4.528125,6.8027690117951085,13.753664361832666,272074,,,0.2883289159255068,Information
223502,3788.0,3283.262305,RUS,Russia,Volgograd,1.310579755,0.0,0.65,0.49,3788.0,,,,,,,,,,,,,,,,,,,,,,,,,3.1234463313413263,26.2115951,0.0,,6.438,0.196,6.375,0.194,7.125,0.217,7.188,0.219,0.06375,0.194,0.106875,0.3255,0.1797,0.5475,1.417325,9.140625,0.2784006926906853,18.140625,0.5525182978015138,0.137109375,0.4176010390360279,0.634921875,1.9338140423052983,3.1234463313413263,15969,,,0.0007827361864041,Information
223503,3789.0,1296.825623,RUS,Russia,Rostov,2.134262399,0.0,0.65,0.49,3789.0,,,,,,,,,,,,,,,,,,,,,,,,,13.058538755720882,42.68524798,0.0,,10.25,0.79,8.75,0.675,14.25,1.099,14.0,1.08,0.0875,0.675,0.21375,1.6485,0.35,2.7,5.67475,18.5625,1.431379799019847,34.875,2.689259016340318,0.2784375,2.14706969852977,1.220625,9.412406557191112,13.058538755720882,3872,,,0.0695546823938275,Information
223504,3790.0,3089.300515,RUS,Russia,Volgograd,1.406518292,0.0,0.65,0.49,3790.0,,,,,,,,,,,,,,,,,,,,,,,,,1.769600639909895,28.13036584,0.0,,0.25,0.008,0.25,0.008,0.188,0.006,1.125,0.036,0.0025,0.008,0.00282,0.009,0.028125,0.09,0.140445,1.265625,0.0409680118154513,11.390625,0.3687121063390623,0.018984375,0.0614520177231769,0.398671875,1.290492372186718,1.769600639909895,34934,,,0.000106071304763,Information
223505,3791.0,5251.70836,RUS,Russia,Volgograd,1.25447622,0.0,0.65,0.49,3791.0,,,,,,,,,,,,,,,,,,,,,,,,,6.134093050194321,25.0895244,0.0,,4.688,0.089,3.375,0.064,2.938,0.056,2.25,0.043,0.03375,0.064,0.04407,0.084,0.05625,0.1074999999999999,0.38957,20.390625,0.3882665144994517,51.609375,0.9827159366986123,0.305859375,0.5823997717491776,1.806328125,3.439505778445143,6.134093050194321,24711,,,0.0061671744638465,Information
223506,3792.0,12395.30539,RUS,Russia,Rostov,1.246907616,0.0,0.65,0.49,3792.0,,,,,,,,,,,,,,,,,,,,,,,,,1.784878350245005,24.93815232,0.0,,4.625,0.037,3.875,0.031,4.438,0.036,3.25,0.026,0.03875,0.031,0.06657,0.0539999999999999,0.08125,0.065,0.33657,11.390625,0.0918946700994241,23.34375,0.1883273485988197,0.170859375,0.1378420051491361,0.81703125,0.6591457200958689,1.784878350245005,84281,,,9.239077232042528e-05,Information
223507,3793.0,10180.78358,RUS,Russia,Volgograd,1.755701118,0.0,0.65,0.49,3793.0,,,,,,,,,,,,,,,,,,,,,,,,,8.659458055384652,35.11402236,0.0,,21.75,0.214,12.688,0.125,10.625,0.104,9.938,0.098,0.12688,0.125,0.159375,0.156,0.24845,0.245,1.060705,37.265625,0.3660388681963408,108.84375,1.0691097508828973,0.558984375,0.5490583022945112,3.80953125,3.741884128090141,8.659458055384652,129787,,,0.0220058482207255,Information
223602,3797.0,2147.836569,RUS,Russia,Volgograd,3.101837303,0.0,0.65,0.49,3797.0,,,,,,,,,,,,,,,,,,,,,,,,,0.2965,62.03674606,0.0,,7.188,0.335,5.25,0.244,0.0,0.0,0.0,0.0,0.0525,0.244,0.0,0.0,0.0,0.0,0.2965,0.28125,0.0130945717203981,0.421875,0.0196418575805972,0.00421875,0.0196418575805971,0.014765625,0.0687465015320902,0.1073727341126873,48345,,,6.101068259323992e-07,Information
223604,3799.0,8827.033359,RUS,Russia,Volgograd,2.249114232,0.0,0.65,0.49,3799.0,,,,,,,,,,,,,,,,,,,,,,,,,1.4876862060042602,44.98228464,0.0,,11.625,0.132,4.125,0.047,2.0,0.023,0.812,0.009,0.04125,0.047,0.03,0.0345,0.0203,0.0225,0.19555,4.5,0.0509797552260813,18.0,0.2039190209043252,0.0675,0.0764696328391219,0.63,0.7137165731651383,1.4876862060042602,81658,,,0.0001528430124518,Information
223608,3803.0,1988.170377,RUS,Russia,Saratov,2.56263365,0.0,0.65,0.49,3803.0,,,,,,,,,,,,,,,,,,,,,,,,,0.411247794511645,51.252673,0.0,,3.75,0.189,1.0,0.05,1.125,0.057,0.125,0.006,0.01,0.05,0.016875,0.0855,0.003125,0.015,0.1805,0.28125,0.0141461719386245,1.828125,0.0919501176010595,0.00421875,0.0212192579079367,0.063984375,0.3218254116037082,0.411247794511645,16775,,,8.97600416435677e-07,Information
223801,3806.0,3988.712732,RUS,Russia,Volgograd,2.735079935,0.0,0.65,0.49,3806.0,,,,,,,,,,,,,,,,,,,,,,,,,0.1578183527338102,54.7015987,0.0,,4.812,0.121,2.438,0.061,0.125,0.003,0.312,0.008,0.02438,0.061,0.001875,0.0045,0.0078,0.02,0.119555,0.703125,0.0176278676146578,0.984375,0.024679014660521,0.010546875,0.0264418014219866,0.034453125,0.0863765513118235,0.1578183527338102,20948,,,7.587092737797553e-09,Information
223802,3807.0,9486.222608,RUS,Russia,Volgograd,1.800070814,0.0,0.65,0.49,3807.0,,,,,,,,,,,,,,,,,,,,,,,,,1.022005,36.00141628,0.0,,74.375,0.784,20.188,0.213,15.75,0.166,2.375,0.025,0.2018799999999999,0.213,0.23625,0.249,0.059375,0.0625,1.022005,1.265625,0.0133417172702299,10.265625,0.1082161511918648,0.018984375,0.0200125759053448,0.359296875,0.3787565291715268,0.7770503550768717,101046,,,1.7586558583139996e-05,Information
223803,3808.0,4990.200812,RUS,Russia,Volgograd,3.147011097,0.0,0.65,0.49,3808.0,,,,,,,,,,,,,,,,,,,,,,,,,0.4688942882850084,62.94022194,0.0,,8.688,0.174,4.188,0.084,2.25,0.045,0.0,0.0,0.04188,0.084,0.03375,0.0675,0.0,0.0,0.22713,2.53125,0.0507244116137852,3.375,0.0676325488183802,0.03796875,0.0760866174206778,0.118125,0.2367139208643306,0.4688942882850084,86683,,,6.21488303265813e-06,Information
223807,3812.0,12158.9206,RUS,Russia,Saratov,1.479372961,0.0,0.65,0.49,3812.0,,,,,,,,,,,,,,,,,,,,,,,,,1.4723333426654337,29.58745922,0.0,,13.188,0.108,3.188,0.026,3.0,0.025,0.25,0.002,0.03188,0.026,0.045,0.0375,0.00625,0.005,0.15163,6.609375,0.0543582379987387,20.25,0.1665443887620931,0.099140625,0.081537356998108,0.70875,0.5829053606673258,1.4723333426654337,273845,,,5.497324580044868e-05,Information
223910,3815.0,17066.27604,RUS,Russia,Voronezh,1.344359794,0.0,0.65,0.49,3815.0,3815.0,0.0,10.0,-9999.0,-9999.0,-9999.0,0.0,1.0,-999.9,-999.9,-999.9,-5997.4,0.0,0.0,0.0,0.0,0.0,0.0,0.0,0.0,0.0,0.0,0.0,-5997.4,1.1151217346256748,26.88719588,0.0,,,,,,,,,,,,,,,,,11.109375,0.0650954840708566,15.328125,0.0898152881483971,0.166640625,0.0976432261062849,0.536484375,0.3143535085193898,1.1151217346256748,233257,,,1.4381842233909602e-05,Information
223930,3817.0,3483.785283,RUS,Russia,Voronezh,2.670865467,0.0,0.65,0.49,3817.0,,,,,,,,,,,,,,,,,,,,,,,,,1.336209268472706,53.41730934,0.0,,8.375,0.24,2.312,0.066,0.812,0.023,0.0,0.0,0.0231199999999999,0.066,0.01218,0.0345,0.0,0.0,0.1358,3.65625,0.1049504978830564,8.296875,0.2381568990423204,0.05484375,0.1574257468245846,0.290390625,0.8335491466481214,1.336209268472706,100296,,,0.0001915993738969,Information
224001,3824.0,1910.492353,RUS,Russia,Rostov,1.316116274,0.0,0.65,0.49,3824.0,,,,,,,,,,,,,,,,,,,,,,,,,13.417768058623428,26.322325480000003,0.0,,26.625,1.394,22.0,1.152,5.188,0.272,0.812,0.043,0.22,1.152,0.07782,0.408,0.0203,0.1074999999999999,1.98562,27.984375,1.4647729397524087,49.5,2.590955149712804,0.419765625,2.197159409628613,1.7325,9.068343023994814,13.417768058623428,428879,,,0.0442728044515669,Information
242961,4287.0,679.2409439,RUS,Russia,Leningrad,0.046025703,0.0,0.65,0.49,4287.0,4287.0,0.0,1.0,-9999.0,-9999.0,-9999.0,0.0,10.0,-999.9,-999.9,-999.9,-5979.4,0.0,0.0,0.0,0.0,0.0,0.0,0.0,0.0,0.0,0.0,0.0,-5979.4,0.8843802902279665,0.92051406,0.0,,6.375,0.939,2.75,0.405,0.938,0.138,0.062,0.009,0.0275,0.405,0.01407,0.207,0.00155,0.0225,0.6776200000000001,0.140625,0.0207032572556991,1.546875,0.2277358298126908,0.002109375,0.0310548858835486,0.054140625,0.7970754043444178,0.8843802902279665,60233,,,1.1862547696578622e-06,Information
242965,4291.0,7859.411005,RUS,Russia,Pskov,2.258434805,0.0,0.65,0.49,4291.0,,,,,,,,,,,,,,,,,,,,,,,,,6.4613135701509234,45.1686961,0.0,,6.25,0.08,4.75,0.06,0.562,0.007,0.0,0.0,0.0475,0.06,0.00843,0.0105,0.0,0.0,0.12643,1.546875,0.0196818183836103,80.578125,1.025243812164431,0.023203125,0.0295227275754154,2.820234375,3.588353342575508,6.4613135701509234,241308,,,0.0162409852902563,Information
242968,4294.0,3959.175167,RUS,Russia,Pskov,1.799607711,0.0,0.65,0.49,4294.0,,,,,,,,,,,,,,,,,,,,,,,,,2.955043207914128,35.99215422,0.0,,3.25,0.082,3.0,0.076,0.438,0.011,0.0,0.0,0.03,0.076,0.00657,0.0165,0.0,0.0,0.12907,14.203125,0.3587394949653135,17.859375,0.4510882758474734,0.213046875,0.5381092424479702,0.625078125,1.578808965466157,2.955043207914128,17395,,,0.0010507764447168,Information
242970,4296.0,193.4486181,RUS,Russia,Leningrad,0.16555664,1.289314367,0.65,0.49,4296.0,,,,,,,,,,,,,,,,,,,,,,,,,38.702008270465406,3.3111328,25.78628734,,5.812,3.005,5.375,2.779,1.688,0.872,0.438,0.226,0.05375,2.779,0.02532,1.308,0.01095,0.5650000000000001,4.74202,3.65625,1.8900367636436048,23.203125,11.994464076969033,0.05484375,2.8350551454654074,0.812109375,35.0,38.702008270465406,1038,,,0.2575047017864697,Advisory
242980,4297.0,13393.57214,RUS,Russia,Leningrad,1.361459295,0.0,0.65,0.49,4297.0,,,,,,,,,,,,,,,,,,,,,,,,,3.832890655157304,27.2291859,0.0,,10.062,0.075,7.562,0.056,1.312,0.01,0.062,0.0,0.07562,0.056,0.01968,0.015,0.00155,0.0,0.16785,12.09375,0.0902951794896047,57.515625,0.4294270745493992,0.18140625,0.135442769234407,2.013046875,1.5029947609228973,3.832890655157304,303464,,,0.0016215934771223,Information
242990,4298.0,1649.442194,RUS,Russia,Leningrad,0.758029533,0.0,0.65,0.49,4298.0,,,,,,,,,,,,,,,,,,,,,,,,,8.705274831866443,15.16059066,0.0,,7.75,0.47,6.5,0.394,1.75,0.106,0.062,0.004,0.065,0.394,0.02625,0.159,0.00155,0.01,0.6558,5.0625,0.3069219411833336,33.046875,2.003518227168984,0.0759375,0.4603829117750004,1.156640625,7.012313795091443,8.705274831866443,30857,,,0.0113981590876769,Information
243100,4299.0,1664.988002,RUS,Russia,Leningrad,1.960670917,0.173149884,0.65,0.49,4299.0,,,,,,,,,,,,,,,,,,,,,,,,,2.881785117029315,39.21341834,3.46299768,,2.125,0.128,1.875,0.113,0.5,0.03,0.0,0.0,0.01875,0.113,0.0075,0.045,0.0,0.0,0.18425,2.8125,0.1689201362071326,10.546875,0.6334505107767475,0.0421875,0.2533802043106988,0.369140625,2.217076787718616,2.881785117029315,947734,,,0.0011481785840132,Information
243210,4300.0,9293.028328,RUS,Russia,Leningrad,2.270099979,0.0,0.65,0.49,4300.0,4300.0,1.0,1.0,100.0,2.0,-9999.0,3.0,10.0,10.0,0.2,-999.9,-1953.4,0.0,0.0,0.0,0.0,0.0,0.0,0.0,0.0,0.0,0.0,0.0,-1953.4,17.702273990035017,45.40199958,0.0,,8.562,0.092,5.938,0.064,3.125,0.034,3.25,0.035,0.0593799999999999,0.064,0.046875,0.051,0.08125,0.0875,0.390005,24.75,0.266328683474258,233.015625,2.507424025663895,0.37125,0.3994930252113869,8.155546875,8.775984089823632,17.702273990035017,3866886,,,0.1300183999617934,Information
243222,4302.0,8605.450795,RUS,Russia,Karelia,3.005246627,0.0,0.65,0.49,4302.0,,,,,,,,,,,,,,,,,,,,,,,,,42.79955144313948,60.10493254,0.0,,6.562,0.076,4.562,0.053,4.312,0.05,3.375,0.039,0.04562,0.053,0.06468,0.075,0.084375,0.0975,0.4201750000000001,108.28125,1.258286783314442,519.1875,6.033240005190805,1.62421875,1.887430174971663,18.1715625,21.11634001816782,42.79955144313948,29004,,,0.5280125813543602,Advisory
243224,4304.0,10876.73501,RUS,Russia,Karelia,2.607525585,0.0,0.65,0.49,4304.0,,,,,,,,,,,,,,,,,,,,,,,,,43.01630856987786,52.1505117,0.0,,12.5,0.115,8.562,0.079,5.875,0.054,3.062,0.028,0.0856199999999999,0.079,0.088125,0.081,0.0765499999999999,0.07,0.480295,218.671875,2.010455111213533,546.609375,5.025491329445018,3.280078125,3.0156826668202994,19.131328125,17.58921965305756,43.01630856987786,57136,,,0.4576003206588295,Advisory
243225,4305.0,6851.933278,RUS,Russia,Leningrad,3.045769197,0.0,0.65,0.49,4305.0,4305.0,1.0,1.0,100.0,-9999.0,-9999.0,3.0,10.0,10.0,-999.9,-999.9,-3953.6,0.0,0.0,0.0,0.0,0.0,0.0,0.0,0.0,0.0,0.0,0.0,-3953.6,39.63198825645961,60.91538394,0.0,,14.5,0.212,8.0,0.117,8.875,0.13,2.375,0.035,0.08,0.117,0.133125,0.195,0.059375,0.0875,0.672,222.46875,3.246802631924174,365.0625,5.3278758738781,3.33703125,4.870203947886261,12.7771875,18.64756555857335,39.63198825645961,187054,,,0.5055481659671917,Advisory
243230,4310.0,7799.757012,RUS,Russia,Karelia,2.184759918,0.0,0.65,0.49,4310.0,,,,,,,,,,,,,,,,,,,,,,,,,22.175508297942187,43.695198360000006,0.0,,14.812,0.19,6.375,0.082,10.0,0.128,11.438,0.147,0.06375,0.082,0.15,0.192,0.28595,0.3675,1.1412,48.65625,0.6238175102876984,256.78125,3.292169866431611,0.72984375,0.9357262654315476,8.98734375,11.522594532510638,22.175508297942187,4296,,,0.1757221782133277,Information
243241,4311.0,9074.958935,RUS,Russia,Karelia,2.853818177,0.0,0.65,0.49,4311.0,,,,,,,,,,,,,,,,,,,,,,,,,21.684070035535584,57.07636354,0.0,,12.438,0.137,8.812,0.097,4.938,0.054,6.875,0.076,0.0881199999999999,0.097,0.07407,0.081,0.171875,0.19,0.7020649999999999,14.765625,0.1627073478368642,288.421875,3.1782168610800814,0.221484375,0.2440610217552963,10.094765625,11.123759013780283,21.684070035535584,23008,,,0.2473524747138562,Information
243245,4315.0,14062.77663,RUS,Russia,Leningrad,3.354913139,0.0,0.65,0.49,4315.0,4315.0,2.0,8.0,100.0,100.0,21.0,7.0,3.0,10.0,10.0,2.1,-2957.6,0.0,0.0,0.0,0.0,0.0,0.0,0.0,0.0,0.0,0.0,0.0,-2957.6,33.955519288866626,67.09826278,0.0,,3.438,0.024,0.188,0.001,4.375,0.031,1.0,0.007,0.00188,0.001,0.065625,0.0465,0.025,0.0175,0.157505,62.296875,0.4429912857841418,540.28125,3.841924424340119,0.934453125,0.6644869286762127,18.90984375,13.446735485190416,33.955519288866626,67629,,,0.5125749523269818,Advisory
243248,4318.0,8186.930747,RUS,Russia,Karelia,3.305115003,0.0,0.65,0.49,4318.0,,,,,,,,,,,,,,,,,,,,,,,,,24.2322992339192,66.10230006,0.0,,2.25,0.027,1.5,0.018,0.438,0.005,2.062,0.025,0.015,0.018,0.00657,0.0075,0.0515499999999999,0.0625,0.1611199999999999,106.734375,1.3037165978850938,265.921875,3.248126596311874,1.601015625,1.9555748968276403,9.307265625,11.36844308709156,24.2322992339192,15804,,,0.3685633568403201,Advisory
243249,4319.0,35000.58338,RUS,Russia,Karelia,2.692113487,0.0,0.65,0.49,4319.0,,,,,,,,,,,,,,,,,,,,,,,,,49.78198191480687,53.84226974,0.0,,39.938,0.114,22.562,0.064,13.25,0.038,13.688,0.039,0.22562,0.064,0.19875,0.0569999999999999,0.3422,0.0975,0.98507,118.546875,0.3386997117241258,1249.59375,3.5702083492059096,1.778203125,0.5080495675861887,35.0,12.495729222220683,49.78198191480687,334491,,,0.5301268205799428,Advisory
243250,4320.0,21625.35937,RUS,Russia,Leningrad,2.97754007,0.0,0.65,0.49,4320.0,,,,,,,,,,,,,,,,,,,,,,,,,22.27220052455672,59.5508014,0.0,,11.625,0.054,6.375,0.029,6.812,0.032,9.562,0.044,0.06375,0.029,0.1021799999999999,0.048,0.2390499999999999,0.1099999999999999,0.59198,72.28125,0.3342430004267913,404.15625,1.8688995782618645,1.08421875,0.5013645006401869,14.14546875,6.541148523916526,22.27220052455672,437236,,,0.2753513276133759,Information
243260,4321.0,11936.75295,RUS,Russia,Novgorod,0.694181039,0.0,0.65,0.49,4321.0,,,,,,,,,,,,,,,,,,,,,,,,,10.156433388512724,13.88362078,0.0,,18.375,0.154,15.125,0.127,20.0,0.168,7.75,0.065,0.15125,0.127,0.3,0.252,0.19375,0.1625,1.1865,77.0625,0.6455901391615706,124.875,1.0461387656486765,1.1559375,0.968385208742356,4.370625,3.661485679770368,10.156433388512724,174954,,,0.0162749239375861,Information
243281,4323.0,2370.906227,RUS,Russia,Novgorod,2.121262404,0.0,0.65,0.49,4323.0,,,,,,,,,,,,,,,,,,,,,,,,,44.00314543346767,42.42524808,0.0,,48.5,2.046,41.0,1.729,50.25,2.119,48.875,2.061,0.41,1.729,0.75375,3.1785000000000005,1.221875,5.1525,12.445625,123.1875,5.19579806982119,188.15625,7.93604773678168,1.8478125,7.793697104731784,6.58546875,27.77616707873588,44.00314543346767,8205,,,0.3940329395184767,Advisory
243282,4324.0,3801.336565,RUS,Russia,Novgorod,3.637906352,0.0,0.65,0.49,4324.0,,,,,,,,,,,,,,,,,,,,,,,,,6.371797197621423,72.75812704,0.0,,6.562,0.173,5.938,0.156,5.0,0.132,3.312,0.087,0.0593799999999999,0.156,0.075,0.198,0.0828,0.2174999999999999,0.78868,18.5625,0.4883150882099583,42.1875,1.109807018658996,0.2784375,0.7324726323149374,1.4765625,3.8843245653064855,6.371797197621423,34215,,,0.0731294160353585,Information
243283,4325.0,611.7550407,RUS,Russia,Novgorod,0.035378325,0.0,0.65,0.49,4325.0,,,,,,,,,,,,,,,,,,,,,,,,,22.5638876171461,0.7075665,0.0,,1.562,0.255,1.562,0.255,1.625,0.266,0.438,0.072,0.01562,0.255,0.024375,0.399,0.01095,0.18,0.8849450000000001,19.125,3.1262513145209407,28.96875,4.735351255818483,0.286875,4.689376971781411,1.01390625,16.57372939536469,22.5638876171461,3432,,,0.0692075883343678,Information
243290,4332.0,23283.73432,RUS,Russia,Novgorod,1.234617324,0.0,0.65,0.49,4332.0,,,,,,,,,,,,,,,,,,,,,,,,,26.793115939973426,24.69234648,0.0,,9.375,0.04,8.5,0.037,10.0,0.043,14.5,0.062,0.085,0.037,0.15,0.0645,0.3625,0.155,0.8540000000000001,258.609375,1.1106868489879682,424.6875,1.823966440426136,3.879140625,1.6660302734819523,14.8640625,6.383882541491476,26.793115939973426,270832,,,0.150699770063816,Information
243300,4333.0,9313.164344,RUS,Russia,Leningrad,2.40274081,1.085444828,0.65,0.49,4333.0,,,,,,,,,,,,,,,,,,,,,,,,,53.33309552377381,48.054816200000005,21.70889656,,42.062,0.452,39.312,0.422,13.5,0.145,2.312,0.025,0.3931199999999999,0.422,0.2025,0.2174999999999999,0.0577999999999999,0.0625,1.35542,354.796875,3.809627554042504,582.75,6.257271733631445,5.321953125,5.714441331063757,20.39625,21.90045106771006,53.33309552377381,1173334,,,0.5105181162400207,Advisory
252400,4452.0,26461.82502,RUS,Russia,Murmansk,1.727461835,0.0,0.65,0.49,4452.0,4452.0,1.0,1.0,100.0,2.0,-9999.0,3.0,10.0,10.0,0.2,-999.9,-1953.4,0.0,0.0,0.0,0.0,0.0,0.0,0.0,0.0,0.0,0.0,0.0,-1953.4,69.78738936029475,34.5492367,0.0,3.0,11.5,0.043,6.25,0.024,6.562,0.025,13.688,0.052,0.0625,0.024,0.09843,0.0375,0.3422,0.13,0.69463,167.203125,0.6318654321630441,2368.828125,8.95186981058577,2.508046875,0.9477981482445662,35.0,31.3315443370502,69.78738936029475,230885,4014.0,1.74,0.5255766637632452,Watch
252511,4453.0,2183.499171,RUS,Russia,Murmansk,1.118689735,0.015669528,0.65,0.49,4453.0,,,,,,,,,,,,,,,,,,,,,,,,,53.11481366652111,22.3737947,0.31339056,,2.812,0.129,0.688,0.031,0.75,0.034,4.0,0.183,0.00688,0.031,0.01125,0.051,0.1,0.4575,0.65763,122.34375,5.603104944347404,225.0,10.304560817190628,1.83515625,8.404657416521106,7.875,35.0,53.11481366652111,146129,,,0.3521771600592517,Advisory
252512,4454.0,1753.528139,RUS,Russia,Murmansk,1.339575097,0.0,0.65,0.49,4454.0,,,,,,,,,,,,,,,,,,,,,,,,,47.88775780444551,26.79150194,0.0,,4.0,0.228,1.938,0.11,2.062,0.118,2.0,0.114,0.0193799999999999,0.11,0.03093,0.177,0.05,0.285,0.67231,90.421875,5.156568233221822,165.375,9.430986379889363,1.356328125,7.734852349832733,5.788125,33.00845232961277,47.88775780444551,205,,,0.3356182427513166,Advisory
252513,4455.0,1036.738003,RUS,Russia,Murmansk,3.008745715,0.0,0.65,0.49,4455.0,,,,,,,,,,,,,,,,,,,,,,,,,44.55948233703732,60.1749143,0.0,,0.812,0.078,0.812,0.078,0.688,0.066,0.625,0.06,0.00812,0.078,0.01032,0.099,0.015625,0.15,0.3610649999999999,52.3125,5.0458746403083765,97.171875,9.372847786164217,0.7846875,7.568811960462565,3.401015625,32.80496725157476,44.55948233703732,1077,,,0.5447183176066207,Advisory
252514,4456.0,9388.693046,RUS,Russia,Murmansk,3.020313588,0.0,0.65,0.49,4456.0,,,,,,,,,,,,,,,,,,,,,,,,,70.88090078339701,60.40627176,0.0,3.0,73.562,0.784,21.312,0.227,44.125,0.47,56.562,0.602,0.21312,0.227,0.661875,0.705,1.41405,1.505,4.726045,369.0,3.930259496287362,822.515625,8.760704189704564,5.535,5.895389244431042,28.788046875,30.662464663965974,70.88090078339701,5760,24.0,0.42,0.7198278856375513,Watch
252515,4457.0,2541.46658,RUS,Russia,Murmansk,3.489212856,0.0,0.65,0.49,4457.0,,,,,,,,,,,,,,,,,,,,,,,,,26.484496700878463,69.78425712,0.0,,19.188,0.755,10.562,0.416,19.938,0.784,3.0,0.118,0.1056199999999999,0.416,0.2990699999999999,1.1760000000000002,0.075,0.295,2.36669,63.140625,2.48441689127982,126.28125,4.968833782559639,0.947109375,3.72662533691973,4.41984375,17.390918238958736,26.484496700878463,792,,,0.4475698415194711,Advisory
252516,4458.0,2212.395115,RUS,Russia,Murmansk,1.612634548,0.0,0.65,0.49,4458.0,,,,,,,,,,,,,,,,,,,,,,,,,44.70026138251576,32.252690959999995,0.0,,6.062,0.274,3.312,0.15,9.125,0.412,3.25,0.147,0.03312,0.15,0.136875,0.618,0.08125,0.3675,1.386745,58.5,2.644193146674752,206.296875,9.324594582143895,0.8775,3.966289720012128,7.220390625,32.63608103750363,44.70026138251576,3,,,0.3387762068739048,Advisory
252517,4459.0,4129.426751,RUS,Russia,Murmansk,3.400597657,0.997445459,0.65,0.49,4459.0,,,,,,,,,,,,,,,,,,,,,,,,,37.6249814855108,68.01195314,19.94890918,,70.188,1.7,25.188,0.61,42.688,1.034,10.125,0.245,0.25188,0.61,0.6403200000000001,1.5510000000000002,0.253125,0.6125,3.918825,88.3125,2.138614033557233,276.328125,6.69168244576427,1.3246875,3.207921050335849,9.671484375,23.420888560174944,37.6249814855108,2846,,,0.5644675288486869,Advisory
252518,4460.0,7419.570284,RUS,Russia,Murmansk,1.764661178,0.0,0.65,0.49,4460.0,,,,,,,,,,,,,,,,,,,,,,,,,45.17875774456332,35.29322356,0.0,,195.875,2.64,95.875,1.292,66.938,0.902,15.812,0.213,0.95875,1.292,1.00407,1.353,0.3953,0.5325,5.53562,212.203125,2.860046025397987,458.859375,6.184446773276098,3.183046875,4.290069038096981,16.060078125,21.64556370646634,45.17875774456332,3,,,0.3597081826084806,Advisory
252520,4461.0,14278.22844,RUS,Russia,Murmansk,1.63898706,0.0,0.65,0.49,4461.0,4461.0,0.0,1.0,-9999.0,-9999.0,-9999.0,0.0,10.0,-999.9,-999.9,-999.9,-5979.4,0.0,0.0,0.0,0.0,0.0,0.0,0.0,0.0,0.0,0.0,0.0,-5979.4,87.39196473416787,32.779741200000004,0.0,3.0,696.125,4.875,211.062,1.478,536.312,3.756,412.188,2.887,2.11062,1.478,8.044680000000001,5.634,10.3047,7.2175,34.789500000000004,681.890625,4.775736906111916,1533.796875,10.74220714270214,10.228359375,7.1636053591678746,35.0,35.0,87.39196473416787,888,0.0,0.0,0.6035045140078065,Warning
252530,4462.0,12550.46895,RUS,Russia,Murmansk,3.59623432,2.094602795,0.65,0.49,4462.0,,,,,,,,,,,,,,,,,,,,,,,,,40.39476952632734,71.9246864,41.8920559,3.0,36.75,0.293,5.0,0.04,20.562,0.164,10.438,0.083,0.05,0.04,0.30843,0.246,0.26095,0.2075,1.11288,68.484375,0.5456718413755809,612.984375,4.88415514693256,1.027265625,0.8185077620633714,21.454453125,17.094543014263962,40.39476952632734,239,44.0,18.41,0.6419999177572049,Watch
252540,4463.0,10034.67594,RUS,Russia,Murmansk,2.168539621,0.0,0.65,0.49,4463.0,,,,,,,,,,,,,,,,,,,,,,,,,35.728629773333765,43.37079242,0.0,,8.5,0.085,4.188,0.042,2.438,0.024,2.75,0.027,0.04188,0.042,0.03657,0.036,0.06875,0.0675,0.2927,3.234375,0.0322319825674179,509.90625,5.081442121280755,0.048515625,0.0483479738511268,17.84671875,17.78504742448264,35.728629773333765,373,,,0.3225526492056488,Advisory
252550,4464.0,11912.30757,RUS,Russia,Murmansk,3.102158264,1.318401797,0.65,0.49,4464.0,,,,,,,,,,,,,,,,,,,,,,,,,70.9894325466956,62.04316528,26.36803594,3.0,45.688,0.384,19.312,0.162,2.688,0.023,40.25,0.338,0.19312,0.162,0.04032,0.0345,1.00625,0.8450000000000001,2.28119,35.859375,0.3010279477970634,1200.796875,10.080304495055389,0.537890625,0.451541921695595,35.0,35.0,70.9894325466956,15882,603.0,3.8,0.7343692383385344,Watch
252560,4465.0,12506.09636,RUS,Russia,Murmansk,2.648019652,0.0,0.65,0.49,4465.0,,,,,,,,,,,,,,,,,,,,,,,,,71.55258542865874,52.96039304,0.0,3.0,188.25,1.505,98.188,0.785,31.438,0.251,68.688,0.549,0.98188,0.785,0.47157,0.3765,1.7172,1.3725,5.704650000000001,57.515625,0.4599007024391615,1393.03125,11.138817502108395,0.862734375,0.6898510536587422,35.0,35.0,71.55258542865874,160740,6410.0,3.99,0.6625536854569914,Watch
252570,4466.0,1849.699844,RUS,Russia,Murmansk,3.998436348,0.0,0.65,0.49,4466.0,,,,,,,,,,,,,,,,,,,,,,,,,29.76969473911077,79.96872696,0.0,3.0,11.625,0.628,1.938,0.105,0.25,0.014,1.688,0.091,0.0193799999999999,0.105,0.00375,0.021,0.0421999999999999,0.2274999999999999,0.4188299999999999,0.703125,0.0380129242156313,132.46875,7.161634922224949,0.010546875,0.0570193863234469,4.63640625,25.06572222778732,29.76969473911077,28738,116.0,0.4,0.654019858949796,Watch
252580,4467.0,10367.02407,RUS,Russia,Murmansk,3.013988337,0.0,0.65,0.49,4467.0,4467.0,0.0,1.0,-9999.0,-9999.0,-9999.0,0.0,10.0,-999.9,-999.9,-999.9,-5979.4,0.0,0.0,0.0,0.0,0.0,0.0,0.0,0.0,0.0,0.0,0.0,-5979.4,71.01529757440574,60.27976674,0.0,3.0,92.812,0.895,33.062,0.319,13.438,0.13,13.438,0.13,0.3306199999999999,0.319,0.20157,0.195,0.3359499999999999,0.325,1.70714,34.453125,0.3323337996038208,1421.296875,13.709786582023742,0.516796875,0.4985006994057312,35.0,35.0,71.01529757440574,4483,143.0,3.19,0.7193914330540239,Watch
252590,4468.0,13967.33237,RUS,Russia,Karelia,2.613131899,1.510511814,0.65,0.49,4468.0,,,,,,,,,,,,,,,,,,,,,,,,,72.71469653497505,52.26263798,30.21023628,3.0,142.312,1.019,57.875,0.414,64.438,0.461,170.625,1.222,0.57875,0.414,0.9665700000000002,0.6915,4.265625,3.055,9.971445,105.46875,0.7551101899833592,2355.046875,16.86110713553509,1.58203125,1.132665284975039,35.0,35.0,72.71469653497505,12209,366.0,3.0,0.6630600798019561,Watch
252601,4469.0,480.9527699,RUS,Russia,Karelia,4.023506413,0.0,0.65,0.49,4469.0,,,,,,,,,,,,,,,,,,,,,,,,,25.128971948890246,80.47012826,0.0,,8.062,1.676,2.0,0.416,0.562,0.117,2.938,0.611,0.02,0.416,0.00843,0.1755,0.07345,1.5275,2.22088,1.40625,0.2923883774254908,32.34375,6.724932680786289,0.02109375,0.4385825661382362,1.13203125,23.53726438275201,25.128971948890246,6664,,,0.5995089418226417,Advisory
252602,4470.0,2196.864748,RUS,Russia,Karelia,1.620330157,0.0,0.65,0.49,4470.0,,,,,,,,,,,,,,,,,,,,,,,,,46.2243157505846,32.40660314,0.0,,16.875,0.768,7.812,0.356,7.5,0.341,3.375,0.154,0.07812,0.356,0.1125,0.5115000000000001,0.084375,0.385,1.5274950000000005,19.828125,0.9025646670564008,273.515625,12.450271471097162,0.297421875,1.3538470005846013,9.573046875,35.0,46.2243157505846,4,,,0.3519711026662567,Advisory
252603,4471.0,1128.860366,RUS,Russia,Karelia,3.084897121,0.0,0.65,0.49,4471.0,,,,,,,,,,,,,,,,,,,,,,,,,39.46246334163746,61.69794242,0.0,,5.812,0.515,3.75,0.332,4.0,0.354,3.875,0.343,0.0375,0.332,0.06,0.5309999999999999,0.096875,0.8575,1.914875,5.34375,0.4733756413954764,112.078125,9.92843121558407,0.08015625,0.7100634620932146,3.922734375,34.74950925454424,39.46246334163746,306,,,0.511905186415131,Advisory
252604,4472.0,21218.15183,RUS,Russia,Karelia,1.167225413,0.0,0.65,0.49,4472.0,4472.0,2.0,5.0,100.0,100.0,7.0,7.0,6.0,10.0,10.0,0.7,67.4,0.0,0.0,0.0,0.0,0.0,0.0,0.0,0.0,0.0,0.0,0.0,67.4,73.26799814577474,23.34450826,0.0,3.0,138.062,0.651,61.125,0.288,58.312,0.275,44.125,0.208,0.61125,0.288,0.8746799999999999,0.4125,1.103125,0.52,3.809555,148.078125,0.697884180516493,2330.4375,10.98322567855586,2.221171875,1.0468262707747396,35.0,35.0,73.26799814577474,40854,6371.0,15.59,0.4819750137938513,Watch
252605,4473.0,4772.59836,RUS,Russia,Karelia,3.013720423,0.0,0.65,0.49,4473.0,,,,,,,,,,,,,,,,,,,,,,,,,62.90688371970242,60.27440846,0.0,3.0,27.0,0.566,17.625,0.369,21.125,0.443,13.438,0.282,0.17625,0.369,0.316875,0.6645,0.3359499999999999,0.705,2.567575,62.859375,1.3170891464682768,713.953125,14.959421916374591,0.942890625,1.9756337197024152,24.988359375,35.0,62.90688371970242,1006,3.0,0.3,0.6771198552262834,Watch
252606,4474.0,2645.041716,RUS,Russia,Karelia,0.654464703,0.0,0.65,0.49,4474.0,,,,,,,,,,,,,,,,,,,,,,,,,52.77033433665565,13.08929406,0.0,,12.0,0.454,6.75,0.255,7.062,0.267,4.0,0.151,0.0675,0.255,0.10593,0.4005,0.1,0.3775,1.30643,33.046875,1.24938955777043,440.015625,16.635489047930534,0.495703125,1.874084336655645,15.400546875,35.0,52.77033433665565,12036,,,0.3089136307655251,Advisory
252607,4475.0,3626.111292,RUS,Russia,Karelia,3.111869305,0.0,0.65,0.49,4475.0,,,,,,,,,,,,,,,,,,,,,,,,,55.21712982509549,62.2373861,0.0,3.0,81.062,2.236,8.812,0.243,35.125,0.969,23.375,0.645,0.0881199999999999,0.243,0.526875,1.4535,0.584375,1.6125,4.50837,37.6875,1.03933655006366,516.9375,14.255974470276172,0.5653125,1.55900482509549,18.0928125,35.0,55.21712982509549,44,0.0,0.0,0.6480100949072107,Watch
252608,4476.0,1105.453899,RUS,Russia,Karelia,2.034051965,0.0,0.65,0.49,4476.0,,,,,,,,,,,,,,,,,,,,,,,,,42.250995512065,40.6810393,0.0,,7.562,0.684,2.688,0.243,0.5,0.045,0.062,0.006,0.02688,0.243,0.0075,0.0675,0.00155,0.015,0.36143,5.625,0.5088407580433311,182.953125,16.550045655359344,0.084375,0.7632611370649967,6.403359375,35.0,42.250995512065,0,,,0.367191464210845,Advisory
252700,4478.0,1651.659996,RUS,Russia,Karelia,4.010863353,2.354290328,0.65,0.49,4478.0,4478.0,0.0,6.0,7.0,2.0,-9999.0,0.0,5.0,0.7,0.2,-999.9,-1988.0,0.0,0.0,0.0,0.0,0.0,0.0,0.0,0.0,0.0,0.0,0.0,-1988.0,10.426352521098709,80.21726706000001,47.08580656,,19.938,1.207,5.938,0.359,5.938,0.359,4.062,0.246,0.0593799999999999,0.359,0.08907,0.5385,0.10155,0.615,1.7625,3.375,0.2043398767900751,40.78125,2.469106844546741,0.050625,0.3065098151851126,1.42734375,8.641873955913594,10.426352521098709,8507,,,0.260932573073237,Information
252801,4479.0,1907.061251,RUS,Russia,Karelia,3.508262115,0.0,0.65,0.49,4479.0,,,,,,,,,,,,,,,,,,,,,,,,,28.80770835609041,70.1652423,0.0,,12.75,0.669,6.188,0.324,3.5,0.184,1.875,0.098,0.06188,0.324,0.0525,0.276,0.046875,0.245,1.006255,6.046875,0.3170781745083473,129.234375,6.77662424123654,0.090703125,0.4756172617625209,4.523203125,23.71818484432789,28.80770835609041,7986,,,0.48602748009648,Advisory
252802,4480.0,1688.222988,RUS,Russia,Karelia,1.662601624,0.0,0.65,0.49,4480.0,,,,,,,,,,,,,,,,,,,,,,,,,43.75888235154949,33.25203248,0.0,,8.938,0.529,3.625,0.215,5.375,0.318,2.812,0.167,0.03625,0.215,0.080625,0.477,0.0702999999999999,0.4175,1.296675,23.203125,1.3744111510329944,181.40625,10.745396271712504,0.348046875,2.061616726549492,6.34921875,35.0,43.75888235154949,98,,,0.3364288539686567,Advisory
252803,4481.0,1289.787005,RUS,Russia,Karelia,0.361102053,0.0,0.65,0.49,4481.0,,,,,,,,,,,,,,,,,,,,,,,,,24.03989299718405,7.22204106,0.0,,7.812,0.606,6.0,0.465,3.312,0.257,1.688,0.131,0.06,0.465,0.04968,0.3855,0.0421999999999999,0.3275,1.3298800000000002,8.859375,0.6868866692640018,74.671875,5.789473355225158,0.132890625,1.0303300038960026,2.613515625,20.263156743288054,24.03989299718405,6471,,,0.0884287177225254,Information
252804,4482.0,13455.92286,RUS,Russia,Karelia,2.912593192,0.0,0.65,0.49,4482.0,,,,,,,,,,,,,,,,,,,,,,,,,67.5145460552667,58.25186384,0.0,3.0,50.312,0.374,23.188,0.172,24.5,0.182,35.875,0.267,0.2318799999999999,0.172,0.3675,0.273,0.896875,0.6675,2.608755,84.515625,0.628092371645884,1165.078125,8.658478035085109,1.267734375,0.942138557468826,35.0,30.30467312279788,67.5145460552667,29996,1002.0,3.34,0.6846309634135586,Watch
252805,4483.0,2321.635082,RUS,Russia,Karelia,1.558974793,0.0,0.65,0.49,4483.0,,,,,,,,,,,,,,,,,,,,,,,,,33.223340562894904,31.17949586,0.0,,15.75,0.678,10.0,0.431,7.5,0.323,10.125,0.436,0.1,0.431,0.1125,0.4845,0.253125,1.09,2.471125,30.796875,1.3265166107264932,165.65625,7.135326791944332,0.461953125,1.98977491608974,5.79796875,24.973643771805165,33.223340562894904,1185,,,0.2332305670099777,Information
252806,4484.0,2050.630173,RUS,Russia,Karelia,2.185032957,0.0,0.65,0.49,4484.0,,,,,,,,,,,,,,,,,,,,,,,,,17.26741496938286,43.700659140000006,0.0,,3.625,0.177,3.375,0.165,0.812,0.04,0.75,0.037,0.03375,0.165,0.01218,0.06,0.01875,0.0925,0.3821799999999999,8.859375,0.4320318269663173,80.15625,3.9088593868381096,0.132890625,0.648047740449476,2.80546875,13.681007853933384,17.26741496938286,484,,,0.1186303044886014,Information
252807,4485.0,296.7053014,RUS,Russia,Karelia,2.62861729,0.0,0.65,0.49,4485.0,,,,,,,,,,,,,,,,,,,,,,,,,25.694128271128903,52.57234580000001,0.0,,0.0,0.0,0.0,0.0,0.0,0.0,0.125,0.042,0.0,0.0,0.0,0.0,0.003125,0.105,0.108125,2.109375,0.710932696470909,20.25,6.824953886120726,0.031640625,1.0663990447063634,0.70875,23.88733860142254,25.694128271128903,1163,,,0.2699570192348502,Information
252809,4487.0,7073.035029,RUS,Russia,Arkhangel'sk,2.626128485,0.0,0.65,0.49,4487.0,,,,,,,,,,,,,,,,,,,,,,,,,14.747121537612587,52.522569700000005,0.0,,0.188,0.003,0.125,0.002,0.375,0.005,2.5,0.035,0.00125,0.002,0.005625,0.0075,0.0625,0.0875,0.166375,17.15625,0.2425585329356049,167.203125,2.363951603774052,0.25734375,0.3638377994034073,5.852109375,8.273830613209181,14.747121537612587,2243,,,0.1211602148841444,Information
252900,4488.0,10110.52024,RUS,Russia,Karelia,3.191826141,3.027065039,0.65,0.49,4488.0,,,,,,,,,,,,,,,,,,,,,,,,,40.05207559110684,63.83652282,60.54130078,,12.188,0.121,9.5,0.094,3.5,0.035,8.75,0.087,0.095,0.094,0.0525,0.0525,0.21875,0.2174999999999999,0.7302500000000001,84.375,0.8345267899060064,539.15625,5.332626187499381,1.265625,1.2517901848590096,18.87046875,18.66419165624784,40.05207559110684,7956,,,0.5406735751269515,Advisory
261201,4498.0,6440.475628,RUS,Russia,Arkhangel'sk,2.093938159,0.0,0.65,0.49,4498.0,4498.0,0.0,1.0,-9999.0,-9999.0,-9999.0,0.0,10.0,-999.9,-999.9,-999.9,-5979.4,0.0,0.0,0.0,0.0,0.0,0.0,0.0,0.0,0.0,0.0,0.0,-5979.4,17.706228557885368,41.87876318,0.0,,,,,,,,,,,,,,,,,0.421875,0.0065503702582171,198.0,3.074307107856584,0.006328125,0.0098255553873256,6.93,10.760074877498043,17.706228557885368,23455,,,0.1172956710634345,Information
261300,4507.0,12817.27456,RUS,Russia,Arkhangel'sk,1.935723582,1.592856693,0.65,0.49,4507.0,,,,,,,,,,,,,,,,,,,,,,,,,32.539220799473725,38.71447164,31.85713386,,5.812,0.045,5.062,0.039,1.188,0.009,8.25,0.064,0.05062,0.039,0.01782,0.0134999999999999,0.20625,0.16,0.48719,0.5625,0.0043886084934524,522.0,4.07262868192387,0.0084375,0.0065829127401786,18.27,14.254200386733546,32.539220799473725,192546,,,0.263334961082782,Information
261410,4508.0,4914.726157,RUS,Russia,Arkhangel'sk,2.857857254,0.0,0.65,0.49,4508.0,4508.0,0.0,14.0,-9999.0,-9999.0,-9999.0,0.0,1.0,-999.9,-999.9,-999.9,-5997.4,0.0,0.0,0.0,0.0,0.0,0.0,0.0,0.0,0.0,0.0,0.0,-5997.4,28.417607384008345,57.15714507999999,0.0,,,,,,,,,,,,,,,,,11.671875,0.2374877994627861,262.546875,5.342044838518333,0.175078125,0.3562316991941791,9.189140625,18.697156934814164,28.417607384008345,213945,,,0.3407086176913528,Information
261421,4509.0,6892.797919,RUS,Russia,Arkhangel'sk,3.085609997,0.0,0.65,0.49,4509.0,4509.0,0.0,1.0,-9999.0,-9999.0,-9999.0,0.0,10.0,-999.9,-999.9,-999.9,-5979.4,0.0,0.0,0.0,0.0,0.0,0.0,0.0,0.0,0.0,0.0,0.0,-5979.4,23.397765542288752,61.712199940000005,0.0,,,,,,,,,,,,,,,,,46.828125,0.6793775989589268,252.703125,3.666190826814389,0.702421875,1.0190663984383903,8.844609375,12.83166789385036,23.397765542288752,8340,,,0.31118621876866,Information
261467,4535.0,1312.424298,RUS,Russia,Vologda,3.1739773,0.0,0.65,0.49,4535.0,4535.0,0.0,1.0,-9999.0,-9999.0,-9999.0,0.0,10.0,-999.9,-999.9,-999.9,-5979.4,0.0,0.0,0.0,0.0,0.0,0.0,0.0,0.0,0.0,0.0,0.0,-5979.4,10.266617205241404,63.479546,0.0,,,,,,,,,,,,,,,,,0.0,0.0,34.03125,2.593006701497544,0.0,0.0,1.19109375,9.075523455241404,10.266617205241404,37519,,,0.102225007548615,Information
261480,4539.0,27079.09261,RUS,Russia,Komi,2.800957624,0.0,0.65,0.49,4539.0,4539.0,0.0,1.0,-9999.0,-9999.0,-9999.0,0.0,10.0,-999.9,-999.9,-999.9,-5979.4,0.0,0.0,0.0,0.0,0.0,0.0,0.0,0.0,0.0,0.0,0.0,-5979.4,6.940688529527499,56.01915248,0.0,,4.188,0.015,0.438,0.002,3.125,0.012,1.062,0.004,0.00438,0.002,0.046875,0.018,0.02655,0.01,0.107805,2.25,0.0083089933340102,143.859375,0.5312562612932811,0.03375,0.0124634900010153,5.035078125,1.859396914526484,6.940688529527499,22986,,,0.0324204635309253,Information
261503,4551.0,6985.52389,RUS,Russia,Arkhangel'sk,3.202978757,2.220432694,0.65,0.49,4551.0,,,,,,,,,,,,,,,,,,,,,,,,,12.282275302610264,64.05957513999999,44.40865388,,4.938,0.071,3.375,0.048,1.125,0.016,0.0,0.0,0.03375,0.048,0.016875,0.024,0.0,0.0,0.122625,10.265625,0.1469556923971462,139.921875,2.00302621828987,0.153984375,0.2204335385957193,4.897265625,7.010591764014545,12.282275302610264,82661,,,0.1414773451017953,Information
261505,4553.0,1934.585146,RUS,Russia,Arkhangel'sk,3.922351183,2.901617185,0.65,0.49,4553.0,,,,,,,,,,,,,,,,,,,,,,,,,50.711849263307904,78.44702366,58.0323437,3.0,25.938,1.341,16.125,0.834,33.5,1.732,15.125,0.782,0.16125,0.834,0.5025,2.598,0.378125,1.955,6.428875,82.828125,4.281441175538604,229.921875,11.884815487276091,1.242421875,6.422161763307907,8.047265625,35.0,50.711849263307904,127,0.0,0.0,0.803903101610631,Warning
261506,4554.0,2085.733538,RUS,Russia,Arkhangel'sk,1.839837599,0.0,0.65,0.49,4554.0,,,,,,,,,,,,,,,,,,,,,,,,,35.983697771626176,36.79675198,0.0,,2.188,0.105,0.688,0.033,9.938,0.476,1.562,0.075,0.00688,0.033,0.14907,0.714,0.03905,0.1875,1.1295,40.921875,1.9619895950052573,159.890625,7.665918108319511,0.613828125,2.942984392507886,5.596171875,26.83071337911829,35.983697771626176,0,,,0.286618816586783,Advisory
261507,4555.0,903.5944787,RUS,Russia,Arkhangel'sk,2.236433146,3.148102997,0.65,0.49,4555.0,,,,,,,,,,,,,,,,,,,,,,,,,20.278067447119422,44.72866292,62.96205994,,0.938,0.104,0.812,0.09,3.375,0.374,0.188,0.021,0.00812,0.09,0.050625,0.5609999999999999,0.0046999999999999,0.0525,0.766945,10.96875,1.2139018396446153,43.3125,4.793355982186429,0.16453125,1.820852759466923,1.5159375,16.776745937652503,20.278067447119422,83,,,0.2734529855057933,Information
261508,4556.0,12815.44495,RUS,Russia,Arkhangel'sk,1.963467698,1.746245191,0.65,0.49,4556.0,,,,,,,,,,,,,,,,,,,,,,,,,45.238055005282696,39.26935396,34.924903820000004,,0.0,0.0,0.0,0.0,4.5,0.035,0.188,0.001,0.0,0.0,0.0675,0.0525,0.0046999999999999,0.0025,0.1272,162.984375,1.271780852292407,656.15625,5.120042671955454,2.444765625,1.9076712784386105,22.96546875,17.92014935184409,45.238055005282696,1252,,,0.3841841917228719,Advisory
261509,4557.0,1178.955224,RUS,Russia,Arkhangel'sk,0.336538516,4.00112237,0.65,0.49,4557.0,,,,,,,,,,,,,,,,,,,,,,,,,15.63433063438667,6.73077032,80.0224474,,0.875,0.074,0.625,0.053,0.938,0.08,0.0,0.0,0.00625,0.053,0.01407,0.12,0.0,0.0,0.19332,14.765625,1.2524330605420897,40.78125,3.459100833878153,0.221484375,1.8786495908131349,1.42734375,12.106852918573535,15.63433063438667,2360,,,0.4031739791738623,Advisory
261601,4558.0,709.747795,RUS,Russia,Arkhangel'sk,1.236893945,3.171432134,0.65,0.49,4558.0,,,,,,,,,,,,,,,,,,,,,,,,,47.21154640864125,24.7378789,63.42864268,3.0,1.5,0.211,0.875,0.123,14.125,1.99,2.812,0.396,0.00875,0.123,0.211875,2.985,0.0702999999999999,0.99,4.388925,40.078125,5.646812189094165,89.71875,12.640933953130096,0.601171875,8.470218283641248,3.14015625,35.0,47.21154640864125,2553,4.0,0.16,0.6007825439215357,Watch
261602,4559.0,16324.33956,RUS,Russia,Arkhangel'sk,3.058622338,0.0,0.65,0.49,4559.0,4559.0,0.0,1.0,-9999.0,-9999.0,-9999.0,0.0,10.0,-999.9,-999.9,-999.9,-5979.4,0.0,0.0,0.0,0.0,0.0,0.0,0.0,0.0,0.0,0.0,0.0,-5979.4,37.15276026187392,61.17244676,0.0,,2.125,0.013,0.938,0.006,9.75,0.06,2.312,0.014,0.00938,0.006,0.14625,0.09,0.0577999999999999,0.035,0.34443,236.25,1.4472254701344758,557.015625,3.412178623334916,3.54375,2.1708382052017137,19.495546875,11.942625181672206,37.15276026187392,2306,,,0.4824155105992633,Advisory
261603,4560.0,4947.972513,RUS,Russia,Arkhangel'sk,2.481261802,0.0,0.65,0.49,4560.0,4560.0,0.0,1.0,-9999.0,-9999.0,-9999.0,0.0,10.0,-999.9,-999.9,-999.9,-5979.4,0.0,0.0,0.0,0.0,0.0,0.0,0.0,0.0,0.0,0.0,0.0,-5979.4,36.94979090089427,49.62523604,0.0,,1.312,0.027,0.562,0.011,49.812,1.007,17.875,0.361,0.00562,0.011,0.7471799999999998,1.5105,0.446875,0.9025,3.623675,126.0,2.546497573693736,295.453125,5.971195761529619,1.89,3.819746360540604,10.340859375,20.899185165353664,36.94979090089427,735,,,0.3783069626764357,Advisory
261605,4562.0,9989.757269,RUS,Russia,Arkhangel'sk,3.211256514,0.0,0.65,0.49,4562.0,,,,,,,,,,,,,,,,,,,,,,,,,14.873089706020895,64.22513028,0.0,,0.0,0.0,0.0,0.0,3.75,0.038,0.0,0.0,0.0,0.0,0.05625,0.0569999999999999,0.0,0.0,0.1132499999999999,82.40625,0.8249074305133374,177.046875,1.7722840529288255,1.23609375,1.237361145770006,6.196640625,6.20299418525089,14.873089706020895,2170,,,0.1900553991165432,Information
261607,4564.0,9074.318791,RUS,Russia,Komi,2.300684158,0.0,0.65,0.49,4564.0,,,,,,,,,,,,,,,,,,,,,,,,,5.876434771404696,46.01368316,0.0,,13.5,0.149,1.75,0.019,6.062,0.067,1.0,0.011,0.0175,0.019,0.09093,0.1005,0.025,0.0274999999999999,0.2804299999999999,18.703125,0.2061105128756662,71.859375,0.7918982863117704,0.280546875,0.3091657693134993,2.515078125,2.7716440020911963,5.876434771404696,10809,,,0.0132849053945129,Information
261700,4567.0,5036.621762,RUS,Russia,Nenets,2.206963519,1.012790276,0.65,0.49,4567.0,,,,,,,,,,,,,,,,,,,,,,,,,0.6738271566829044,44.13927038,20.255805520000003,,1.75,0.035,1.0,0.02,6.062,0.12,2.688,0.053,0.01,0.02,0.09093,0.18,0.0672,0.1325,0.5006299999999999,1.265625,0.0251284503747423,5.90625,0.1172661017487974,0.018984375,0.0376926755621134,0.20671875,0.4104313561207909,0.6738271566829044,97,,,4.989146475825854e-06,Information
261702,4568.0,3049.067636,RUS,Russia,Nenets,3.189660506,0.0,0.65,0.49,4568.0,,,,,,,,,,,,,,,,,,,,,,,,,42.07705362331576,63.79321012,0.0,,9.375,0.307,1.875,0.061,14.562,0.478,7.188,0.236,0.01875,0.061,0.21843,0.717,0.1797,0.59,1.7848799999999998,97.3125,3.191549405683259,239.203125,7.84512361136882,1.4596875,4.7873241085248885,8.372109375,27.45793263979087,42.07705362331576,47,,,0.5597186300128478,Advisory
261703,4569.0,296.0374599,RUS,Russia,Nenets,3.058121818,0.0,0.65,0.49,4569.0,,,,,,,,,,,,,,,,,,,,,,,,,46.41827989119308,61.16243636,0.0,,4.562,1.541,2.75,0.929,7.438,2.512,3.375,1.14,0.0275,0.929,0.11157,3.768,0.084375,2.85,7.770444999999999,18.0,6.08031159412872,57.9375,19.57100294360181,0.27,9.12046739119308,2.0278125,35.0,46.41827989119308,0,,,0.5707584432689402,Advisory
261704,4570.0,5411.347097,RUS,Russia,Nenets,2.121688884,0.0,0.65,0.49,4570.0,,,,,,,,,,,,,,,,,,,,,,,,,55.74898708632704,42.433777680000006,0.0,,53.625,0.991,14.625,0.27,54.625,1.009,28.438,0.526,0.14625,0.27,0.819375,1.5134999999999998,0.71095,1.315,4.775074999999999,200.53125,3.705754711573445,473.34375,8.747244291133391,3.00796875,5.558632067360168,16.56703125,30.61535501896687,55.74898708632704,220,,,0.4872054277960756,Advisory
261705,4571.0,2979.268427,RUS,Russia,Nenets,3.977863236,2.071713715,0.65,0.49,4571.0,,,,,,,,,,,,,,,,,,,,,,,,,43.552353617708256,79.55726472,41.4342743,3.0,47.875,1.607,11.875,0.399,24.5,0.822,11.812,0.396,0.11875,0.399,0.3675,1.233,0.2952999999999999,0.99,3.40355,105.046875,3.525928514373058,240.609375,8.076122741756762,1.575703125,5.288892771559587,8.421328125,28.26642959614867,43.552353617708256,94,2.0,2.13,0.775276166229613,Watch
261706,4572.0,6356.204888,RUS,Russia,Nenets,3.08279289,0.0,0.65,0.49,4572.0,,,,,,,,,,,,,,,,,,,,,,,,,42.20437422975749,61.6558578,0.0,,53.625,0.844,22.938,0.361,28.0,0.441,10.312,0.162,0.22938,0.361,0.42,0.6615,0.2578,0.405,2.33468,78.1875,1.23009722599204,435.09375,6.845181325934122,1.1728125,1.84514583898806,15.22828125,23.958134640769423,42.20437422975749,460,,,0.5382087788829921,Advisory
261707,4573.0,3653.336437,RUS,Russia,Nenets,2.520850728,0.0,0.65,0.49,4573.0,,,,,,,,,,,,,,,,,,,,,,,,,9.46510359885546,50.41701456,0.0,,4.938,0.135,2.312,0.063,3.812,0.104,2.438,0.067,0.0231199999999999,0.063,0.05718,0.156,0.06095,0.1675,0.52775,20.53125,0.561986292577955,63.5625,1.739847974282436,0.30796875,0.8429794388669325,2.2246875,6.089467909988526,9.46510359885546,164,,,0.048857263370574,Information
261708,4574.0,2702.327957,RUS,Russia,Nenets,2.455878431,0.0,0.65,0.49,4574.0,,,,,,,,,,,,,,,,,,,,,,,,,20.3756225996731,49.11756862,0.0,,13.188,0.488,7.25,0.268,10.125,0.375,16.688,0.618,0.0725,0.268,0.151875,0.5625,0.4172,1.545,3.017075,18.28125,0.6765000508377951,116.015625,4.293173399547546,0.27421875,1.0147500762566926,4.060546875,15.02610689841641,20.3756225996731,12,,,0.1800489677874785,Information
261709,4575.0,13040.1145,RUS,Russia,Nenets,3.408258402,2.324767637,0.65,0.49,4575.0,,,,,,,,,,,,,,,,,,,,,,,,,15.55392845350304,68.16516804,46.49535274,,0.0,0.0,0.0,0.0,2.375,0.018,28.125,0.216,0.0,0.0,0.035625,0.0269999999999999,0.703125,0.54,1.30575,123.890625,0.950073137785332,198.421875,1.521626784807155,1.858359375,1.425109706677998,6.944765625,5.325693746825042,15.55392845350304,164,,,0.2369191779608717,Information
261810,4576.0,12359.75615,RUS,Russia,Nenets,0.843684539,0.0,0.65,0.49,4576.0,4576.0,2.0,13.0,100.0,86.0,25.0,7.0,1.0,10.0,8.6,2.5,58.2,0.0,0.0,0.0,0.0,0.0,0.0,0.0,0.0,0.0,0.0,0.0,58.2,99.287,16.87369078,0.0,2.0,2229.312,18.037,1147.875,9.287,2289.375,18.523,1620.125,13.108,10.0,9.287,15.0,15.0,25.0,25.0,99.287,21.796875,0.1763536006887788,2690.578125,21.76886091598972,0.326953125,0.2645304010331682,35.0,35.0,70.59148352603316,26038,,,0.5705024067070293,Warning
261820,4577.0,12262.39717,RUS,Russia,Nenets,3.097841762,0.0,0.65,0.49,4577.0,,,,,,,,,,,,,,,,,,,,,,,,,80.85683920185288,61.95683524,0.0,3.0,839.688,6.848,264.312,2.155,1025.812,8.366,499.812,4.076,2.64312,2.155,15.0,12.549,12.4953,10.19,55.03242,398.671875,3.2511740512352527,2883.65625,23.51625223796476,5.980078125,4.876761076852879,35.0,35.0,80.85683920185288,1047,56.0,5.35,0.7745630024895045,Warning
261830,4578.0,20198.3293,RUS,Russia,Komi,2.818913106,0.0,0.65,0.49,4578.0,,,,,,,,,,,,,,,,,,,,,,,,,75.01754692067632,56.37826212,0.0,3.0,1736.688,8.598,731.562,3.622,961.0,4.758,596.75,2.954,7.31562,3.622,14.415,7.1370000000000005,14.91875,7.385000000000001,54.79337,223.734375,1.1076875304508853,2881.828125,14.267655915480828,3.356015625,1.661531295676328,35.0,35.0,75.01754692067632,2987,150.0,5.02,0.7061480752175004,Watch
261840,4579.0,25162.9271,RUS,Russia,Komi,2.919970094,0.0,0.65,0.49,4579.0,,,,,,,,,,,,,,,,,,,,,,,,,52.71138872384689,58.39940188,0.0,,155.062,0.616,68.875,0.274,107.062,0.425,68.688,0.273,0.68875,0.274,1.60593,0.6375,1.7172,0.6825000000000001,5.60588,158.90625,0.6315094002423517,1033.875,4.108723106709531,2.38359375,0.9472641003635276,35.0,14.38053087348336,52.71138872384689,1572,,,0.5935618240583393,Advisory
261850,4580.0,4479.62385,RUS,Russia,Komi,3.067499975,0.0,0.65,0.49,4580.0,4580.0,2.0,13.0,100.0,72.0,15.0,7.0,1.0,10.0,7.2,1.5,53.4,0.0,0.0,0.0,0.0,0.0,0.0,0.0,0.0,0.0,0.0,0.0,53.4,53.4,61.3499995,0.0,,16.875,0.377,5.75,0.128,1.312,0.029,0.0,0.0,0.0575,0.128,0.01968,0.0435,0.0,0.0,0.24868,1.828125,0.0408097880772029,143.15625,3.195720327891742,0.027421875,0.0612146821158043,5.01046875,11.185021147621097,16.2841264547369,5846,,,0.6267523263943647,Watch
261860,4581.0,29972.43872,RUS,Russia,Komi,3.737785494,0.0,0.65,0.49,4581.0,4581.0,0.0,1.0,-9999.0,-9999.0,-9999.0,0.0,10.0,-999.9,-999.9,-999.9,-5979.4,0.0,0.0,0.0,0.0,0.0,0.0,0.0,0.0,0.0,0.0,0.0,-5979.4,20.377495976578903,74.75570988,0.0,,51.5,0.172,6.812,0.023,11.25,0.038,1.375,0.005,0.06812,0.023,0.16875,0.0569999999999999,0.034375,0.0125,0.363745,17.859375,0.0595859922139359,428.90625,1.431002175216572,0.267890625,0.0893789883209038,15.01171875,5.008507613258002,20.377495976578903,151252,,,0.4152076961202328,Advisory
261870,4582.0,24235.54807,RUS,Russia,Komi,2.256339522,0.0,0.65,0.49,4582.0,,,,,,,,,,,,,,,,,,,,,,,,,53.0409847479619,45.12679044000001,0.0,,144.125,0.595,68.875,0.284,11.938,0.049,13.688,0.056,0.68875,0.284,0.17907,0.0735,0.3422,0.14,1.70752,0.140625,0.0005802427062406,1249.03125,5.153715716829296,0.002109375,0.0008703640593609,35.0,18.038005008902537,53.0409847479619,7741,,,0.4864543916944788,Advisory
261881,4583.0,1439.500893,RUS,Russia,Komi,2.578682276,0.0,0.65,0.49,4583.0,,,,,,,,,,,,,,,,,,,,,,,,,41.531328125,51.57364552,0.0,,16.75,1.164,10.0,0.695,0.0,0.0,0.0,0.0,0.1,0.695,0.0,0.0,0.0,0.0,0.7949999999999999,0.0,0.0,186.609375,12.96347754449448,0.0,0.0,6.531328125,35.0,41.531328125,0,,,0.4389640893219032,Advisory
261891,4592.0,230.8838412,RUS,Russia,Komi,1.044744763,0.0,0.65,0.49,4592.0,,,,,,,,,,,,,,,,,,,,,,,,,39.85296875,20.89489526,0.0,,64.0,27.72,57.812,25.04,0.0,0.0,0.0,0.0,0.57812,10.0,0.0,0.0,0.0,0.0,10.57812,0.0,0.0,138.65625,60.05454918625927,0.0,0.0,4.85296875,35.0,39.85296875,150,,,0.2464888384832624,Advisory
261892,4593.0,6600.617866,RUS,Russia,Komi,0.79268196,0.0,0.65,0.49,4593.0,,,,,,,,,,,,,,,,,,,,,,,,,25.314161944501613,15.8536392,0.0,,14.25,0.216,4.0,0.061,0.0,0.0,0.0,0.0,0.04,0.061,0.0,0.0,0.0,0.0,0.101,0.0,0.0,287.578125,4.356836448429033,0.0,0.0,10.065234375,15.248927569501616,25.314161944501613,312,,,0.1148380414929255,Information
261893,4594.0,662.3328297,RUS,Russia,Komi,2.127573294,0.0,0.65,0.49,4594.0,,,,,,,,,,,,,,,,,,,,,,,,,41.69375,42.55146588,0.0,,1.938,0.293,1.938,0.293,0.0,0.0,0.0,0.0,0.0193799999999999,0.293,0.0,0.0,0.0,0.0,0.31238,0.0,0.0,191.25,28.875210682390502,0.0,0.0,6.69375,35.0,41.69375,119,,,0.374280169393729,Advisory
261894,4595.0,10341.98785,RUS,Russia,Komi,2.238296211,0.0,0.65,0.49,4595.0,,,,,,,,,,,,,,,,,,,,,,,,,22.566396817814194,44.76592422,0.0,,22.938,0.222,10.875,0.105,0.0,0.0,0.0,0.0,0.10875,0.105,0.0,0.0,0.0,0.0,0.21375,0.0,0.0,327.796875,3.169573197946913,0.0,0.0,11.472890625,11.093506192814194,22.566396817814194,9947,,,0.1853619678006741,Information
261895,4596.0,8023.853028,RUS,Russia,Komi,1.259268083,0.0,0.65,0.49,4596.0,,,,,,,,,,,,,,,,,,,,,,,,,49.884352905962544,25.18536166,0.0,,20.625,0.257,18.812,0.234,1.188,0.015,0.0,0.0,0.18812,0.234,0.01782,0.0225,0.0,0.0,0.4624400000000001,0.0,0.0,634.5,7.90767225884644,0.0,0.0,22.2075,27.67685290596254,49.884352905962544,40076,,,0.3426262318270539,Advisory
261900,4601.0,3252.632992,RUS,Russia,Nenets,3.196046549,0.0,0.65,0.49,4601.0,,,,,,,,,,,,,,,,,,,,,,,,,0.232495,63.92093098,0.0,,0.875,0.027,0.562,0.017,1.375,0.042,1.25,0.038,0.00562,0.017,0.020625,0.063,0.03125,0.095,0.232495,,,,,,,,,,0,,,2.272362024668605e-07,Information
282819,4758.0,3482.171017,RUS,Russia,Orenburg,3.104148523,0.0,0.65,0.49,4758.0,,,,,,,,,,,,,,,,,,,,,,,,,5.036327964163509,62.08297046,0.0,,140.75,4.042,54.5,1.565,0.062,0.002,0.0,0.0,0.545,1.565,0.0009299999999999,0.003,0.0,0.0,2.11393,1.40625,0.0403842888017676,36.5625,1.0499915088459593,0.02109375,0.0605764332026514,1.2796875,3.674970280960857,5.036327964163509,17876,,,0.0217580037591325,Information
282823,4761.0,582.2755641,RUS,Russia,Orenburg,2.233689012,0.0,0.65,0.49,4761.0,,,,,,,,,,,,,,,,,,,,,,,,,7.313995,44.67378024,0.0,,75.938,13.042,40.062,6.88,0.125,0.021,0.0,0.0,0.40062,6.88,0.001875,0.0315,0.0,0.0,7.313995,,,,,,,,,,2230,,,0.0215130110115713,Information
282825,4763.0,2268.724898,RUS,Russia,Orenburg,2.210407652,0.0,0.65,0.49,4763.0,,,,,,,,,,,,,,,,,,,,,,,,,3.57493,44.20815304,0.0,,145.188,6.4,65.625,2.893,0.312,0.014,0.0,0.0,0.65625,2.893,0.00468,0.021,0.0,0.0,3.57493,0.0,0.0,3.515625,0.1549603921854881,0.0,0.0,0.123046875,0.5423613726492084,0.6654082476492084,10831,,,0.0030009080355005,Information
282827,4765.0,10206.50964,RUS,Russia,Orenburg,1.570191923,0.0,0.65,0.49,4765.0,,,,,,,,,,,,,,,,,,,,,,,,,8.75812,31.403838460000003,0.0,,793.812,7.778,441.125,4.322,0.688,0.007,0.062,0.001,4.41125,4.322,0.01032,0.0105,0.00155,0.0025,8.75812,0.5625,0.0055111886398718,7.734375,0.0757788437982383,0.0084375,0.0082667829598076,0.270703125,0.265225953293834,0.5526333612536417,429858,,,0.0197828159041221,Information
282830,4768.0,5497.637985,RUS,Russia,Orenburg,2.501352313,0.0,0.65,0.49,4768.0,,,,,,,,,,,,,,,,,,,,,,,,,4.981055,50.02704626,0.0,,324.812,5.908,172.188,3.132,1.625,0.03,0.812,0.015,1.72188,3.132,0.024375,0.045,0.0203,0.0375,4.981055,0.421875,0.0076737500930038,13.359375,0.2430020862784565,0.006328125,0.0115106251395057,0.467578125,0.8505073019745977,1.3359241771141033,49956,,,0.0105597810320144,Information
282841,4769.0,2304.267281,RUS,Russia,Orenburg,1.579815131,0.0,0.65,0.49,4769.0,,,,,,,,,,,,,,,,,,,,,,,,,1.8736,31.59630262,0.0,,62.0,2.691,34.812,1.511,0.062,0.003,0.062,0.003,0.34812,1.511,0.0009299999999999,0.0045,0.00155,0.0075,1.8736,0.0,0.0,8.15625,0.3539628439468609,0.0,0.0,0.28546875,1.238869953814013,1.524338703814013,180977,,,0.0001606050180004,Information
282842,4770.0,7313.821858,RUS,Russia,Orenburg,0.728372696,0.0,0.65,0.49,4770.0,,,,,,,,,,,,,,,,,,,,,,,,,3.316945,14.56745392,0.0,,215.188,2.942,139.062,1.901,0.375,0.005,0.188,0.003,1.3906200000000002,1.901,0.005625,0.0075,0.0046999999999999,0.0075,3.316945,0.28125,0.0038454587145377,7.453125,0.1019046559352511,0.00421875,0.0057681880718065,0.260859375,0.3566662957733788,0.6275126088451854,68547,,,0.0005797031243706,Information
282843,4771.0,3339.023656,RUS,Russia,Orenburg,2.360359916,0.0,0.65,0.49,4771.0,,,,,,,,,,,,,,,,,,,,,,,,,3.4597450000000003,47.20719832,0.0,,138.75,4.155,86.062,2.577,0.375,0.011,0.0,0.0,0.8606199999999999,2.577,0.005625,0.0165,0.0,0.0,3.4597450000000003,0.703125,0.0210578022935318,13.78125,0.412732924953225,0.010546875,0.0315867034402977,0.48234375,1.4445652373362874,1.969042565776585,29156,,,0.0032133223617846,Information
282844,4772.0,7668.212841,RUS,Russia,Bashkortostan,1.497240965,0.0,0.65,0.49,4772.0,,,,,,,,,,,,,,,,,,,,,,,,,0.6679999999999999,29.9448193,0.0,,43.875,0.572,29.0,0.378,0.0,0.0,0.0,0.0,0.29,0.378,0.0,0.0,0.0,0.0,0.6679999999999999,1.265625,0.0165048235660243,7.734375,0.1008628106812598,0.018984375,0.0247572353490364,0.270703125,0.3530198373844093,0.6674645727334457,56253,,,1.6376836681485377e-06,Information
282845,4773.0,263.1157194,RUS,Russia,Orenburg,3.319546529,0.0,0.65,0.49,4773.0,,,,,,,,,,,,,,,,,,,,,,,,,3.26675,66.39093058,0.0,,15.75,5.986,8.375,3.183,0.0,0.0,0.0,0.0,0.08375,3.183,0.0,0.0,0.0,0.0,3.26675,0.0,0.0,0.5625,0.2137842624368965,0.0,0.0,0.0196875,0.7482449185291378,0.7679324185291377,1923,,,0.0098766706957134,Information
282846,4774.0,1420.134157,RUS,Russia,Bashkortostan,0.998420252,0.0,0.65,0.49,4774.0,,,,,,,,,,,,,,,,,,,,,,,,,0.4773799999999999,19.96840504,0.0,,12.625,0.889,5.938,0.418,0.0,0.0,0.0,0.0,0.0593799999999999,0.418,0.0,0.0,0.0,0.0,0.4773799999999999,,,,,,,,,,4966,,,1.512650686840286e-07,Information
282847,4775.0,3166.275067,RUS,Russia,Bashkortostan,3.206876393,0.0,0.65,0.49,4775.0,,,,,,,,,,,,,,,,,,,,,,,,,0.733872382295615,64.13752786,0.0,,34.188,1.08,16.0,0.505,0.188,0.006,0.062,0.002,0.16,0.505,0.00282,0.009,0.00155,0.005,0.6833700000000001,0.28125,0.0088826774071014,4.921875,0.1554468546242751,0.00421875,0.0133240161106521,0.172265625,0.5440639911849628,0.733872382295615,57016,,,5.030593692736275e-05,Information
282849,4777.0,4427.450043,RUS,Russia,Bashkortostan,1.00829819,0.0,0.65,0.49,4777.0,,,,,,,,,,,,,,,,,,,,,,,,,0.7950563749173063,20.1659638,0.0,,12.938,0.292,9.625,0.217,0.25,0.006,0.312,0.007,0.09625,0.217,0.00375,0.009,0.0078,0.0175,0.3513,1.828125,0.041290697400144,6.1875,0.1397531296620258,0.027421875,0.061936046100216,0.2165625,0.4891359538170903,0.7950563749173063,27323,,,2.020210830143228e-06,Information
282850,4778.0,18129.33116,RUS,Russia,Orenburg,1.266693284,0.0,0.65,0.49,4778.0,4778.0,0.0,1.0,-9999.0,-9999.0,-9999.0,0.0,10.0,-999.9,-999.9,-999.9,-5979.4,0.0,0.0,0.0,0.0,0.0,0.0,0.0,0.0,0.0,0.0,0.0,-5979.4,6.31544,25.33386568,0.0,,658.125,3.63,404.312,2.23,1.438,0.008,0.25,0.001,4.04312,2.23,0.02157,0.012,0.00625,0.0025,6.31544,3.234375,0.017840564390274,21.65625,0.1194542137435739,0.048515625,0.026760846585411,0.75796875,0.4180897481025086,1.2513349696879197,724560,,,0.0067551010956693,Information
282870,4780.0,225.7996112,RUS,Russia,Orenburg,3.016406596,0.0,0.65,0.49,4780.0,,,,,,,,,,,,,,,,,,,,,,,,,3.0416700000000008,60.32813192,0.0,,7.75,3.432,5.562,2.463,0.25,0.111,0.312,0.138,0.05562,2.463,0.00375,0.1665,0.0078,0.345,3.0416700000000008,0.421875,0.1868360170466343,1.265625,0.560508051139903,0.006328125,0.2802540255699514,0.044296875,1.9617781789896604,2.292657204559612,70759,,,0.0051108825911601,Information
282880,4781.0,8045.858529,RUS,Russia,Orenburg,1.523458146,0.0,0.65,0.49,4781.0,,,,,,,,,,,,,,,,,,,,,,,,,5.573694999999999,30.46916292,0.0,,494.562,6.147,246.0,3.057,1.438,0.018,0.125,0.002,2.46,3.057,0.02157,0.0269999999999999,0.003125,0.005,5.573694999999999,5.0625,0.0629205694030571,14.203125,0.1765271530474659,0.0759375,0.0943808541045856,0.497109375,0.6178450356661307,1.2852727647707165,50015,,,0.0058061485822783,Information
282891,4782.0,1221.398987,RUS,Russia,Orenburg,0.329541123,0.0,0.65,0.49,4782.0,,,,,,,,,,,,,,,,,,,,,,,,,3.4818555818613643,6.59082246,0.0,,21.75,1.781,20.125,1.648,0.625,0.051,1.312,0.107,0.20125,1.648,0.009375,0.0765,0.0328,0.2675,2.235425,1.96875,0.1611881146421488,9.984375,0.8174540099708975,0.02953125,0.2417821719632232,0.349453125,2.861089034898141,3.4818555818613643,4949,,,0.0005019629020279,Information
282892,4783.0,4110.169129,RUS,Russia,Bashkortostan,0.707368578,0.0,0.65,0.49,4783.0,,,,,,,,,,,,,,,,,,,,,,,,,2.9007,14.14737156,0.0,,111.938,2.723,79.125,1.925,2.0,0.049,0.938,0.023,0.79125,1.925,0.03,0.0735,0.02345,0.0574999999999999,2.9007,2.25,0.0547422728646905,17.859375,0.434516790863481,0.03375,0.0821134092970357,0.625078125,1.5208087680221836,2.26175030231922,49250,,,0.0003524320959574,Information
282894,4785.0,6402.966059,RUS,Russia,Orenburg,0.823664595,0.0,0.65,0.49,4785.0,,,,,,,,,,,,,,,,,,,,,,,,,5.02713,16.4732919,0.0,,266.938,4.169,190.0,2.967,1.812,0.028,1.438,0.022,1.9,2.967,0.02718,0.042,0.0359499999999999,0.0549999999999999,5.02713,7.171875,0.1120086368460825,28.265625,0.4414458040404428,0.107578125,0.1680129552691237,0.989296875,1.5450603141415498,2.8099482694106737,32889,,,0.002474634804348,Information
282895,4786.0,3881.134532,RUS,Russia,Orenburg,1.288826122,0.0,0.65,0.49,4786.0,,,,,,,,,,,,,,,,,,,,,,,,,4.28265858903793,25.77652244,0.0,,52.375,1.349,46.5,1.198,2.375,0.061,1.0,0.026,0.465,1.198,0.035625,0.0915,0.025,0.065,1.880125,3.375,0.0869591087926134,32.765625,0.8442280145282884,0.050625,0.1304386631889201,1.146796875,2.9547980508490097,4.28265858903793,15797,,,0.0021687960827723,Information
282896,4787.0,3523.269604,RUS,Russia,Chelyabinsk,0.750957288,0.0,0.65,0.49,4787.0,,,,,,,,,,,,,,,,,,,,,,,,,4.07145,15.01914576,0.0,,209.125,5.936,105.625,2.998,0.0,0.0,0.188,0.005,1.05625,2.998,0.0,0.0,0.0046999999999999,0.0125,4.07145,0.0,0.0,5.0625,0.1436875564321107,0.0,0.0,0.1771875,0.5029064475123874,0.6800939475123875,10150,,,0.0011890844238474,Information
282897,4788.0,7293.301464,RUS,Russia,Bashkortostan,0.691974126,0.0,0.65,0.49,4788.0,,,,,,,,,,,,,,,,,,,,,,,,,3.0312600000000005,13.83948252,0.0,,210.312,2.884,124.188,1.703,1.312,0.018,0.688,0.009,1.24188,1.703,0.01968,0.0269999999999999,0.0171999999999999,0.0225,3.0312600000000005,2.25,0.0308502262113512,29.109375,0.3991248016093562,0.03375,0.0462753393170268,1.018828125,1.3969368056327467,2.495790269949773,133906,,,0.000408111892024,Information
282898,4789.0,4468.334995,RUS,Russia,Chelyabinsk,0.863520452,0.0,0.65,0.49,4789.0,,,,,,,,,,,,,,,,,,,,,,,,,2.7367,17.27040904,0.0,,112.125,2.509,74.25,1.662,4.0,0.09,1.688,0.038,0.7425,1.662,0.06,0.135,0.0421999999999999,0.095,2.7367,0.984375,0.0220300179170247,17.859375,0.3996874679231638,0.014765625,0.033045026875537,0.625078125,1.3989061377310732,2.07179491460661,32535,,,0.0003262171495071,Information
282899,4790.0,6807.169333,RUS,Russia,Chelyabinsk,0.283659934,0.0,0.65,0.49,4790.0,,,,,,,,,,,,,,,,,,,,,,,,,3.843599939394851,5.6731986800000005,0.0,,207.312,3.046,129.875,1.908,1.938,0.028,1.375,0.02,1.29875,1.908,0.02907,0.042,0.034375,0.05,3.3621949999999994,8.296875,0.1218843633010806,40.921875,0.6011584698409229,0.124453125,0.1828265449516209,1.432265625,2.10405464444323,3.843599939394851,503865,,,0.0006862898025563,Information
282970,4806.0,1311.068526,RUS,Russia,Astrakhan',2.036660782,0.0,0.65,0.49,4806.0,,,,,,,,,,,,,,,,,,,,,,,,,40.985,40.73321564,0.0,,9.5,0.725,9.25,0.706,0.062,0.005,0.312,0.024,0.0925,0.706,0.0009299999999999,0.0075,0.0078,0.06,0.87473,0.0,0.0,171.0,13.042796516084392,0.0,0.0,5.985,35.0,40.985,7000,,,0.3561224226956679,Advisory
282980,4807.0,8312.137722,RUS,Russia,Astrakhan',3.208962352,0.0,0.65,0.49,4807.0,,,,,,,,,,,,,,,,,,,,,,,,,34.50301688368884,64.17924703999999,0.0,,26.688,0.321,14.438,0.174,0.125,0.002,3.062,0.037,0.14438,0.174,0.001875,0.003,0.0765499999999999,0.0925,0.492305,0.0,0.0,447.46875,5.383317323911096,0.0,0.0,15.66140625,18.84161063368884,34.50301688368884,54656,,,0.4850508838044727,Advisory
282990,4808.0,8153.085273,RUS,Russia,Astrakhan',2.520619555,0.0,0.65,0.49,4808.0,,,,,,,,,,,,,,,,,,,,,,,,,70.0,50.4123911,0.0,3.0,21.562,0.264,19.188,0.235,7.25,0.089,13.625,0.167,0.19188,0.235,0.10875,0.1335,0.340625,0.4175,1.427255,0.0,0.0,1608.890625,19.73351892058102,0.0,0.0,35.0,35.0,70.0,336393,7589.0,2.26,0.6348604388347387,Watch
283112,4810.0,10788.2553,RUS,Russia,Kalmyk,3.03642792,0.0,0.65,0.49,4810.0,,,,,,,,,,,,,,,,,,,,,,,,,14.634009489973966,60.7285584,0.0,,1.062,0.01,0.875,0.008,0.375,0.003,1.75,0.016,0.00875,0.008,0.005625,0.0045,0.04375,0.04,0.110625,0.0,0.0,216.984375,2.01130181856399,0.0,0.0,7.594453125,7.039556364973965,14.634009489973966,19754,,,0.1617847161223388,Information
283113,4811.0,5324.65968,RUS,Russia,Astrakhan',1.297519874,0.0,0.65,0.49,4811.0,,,,,,,,,,,,,,,,,,,,,,,,,39.37987733100532,25.95039748,0.0,,1.938,0.036,1.938,0.036,1.188,0.022,3.188,0.06,0.0193799999999999,0.036,0.01782,0.033,0.0797,0.15,0.3359,0.0,0.0,390.9375,7.342018523144375,0.0,0.0,13.6828125,25.69706483100532,39.37987733100532,400669,,,0.2638632909352553,Advisory
283117,4815.0,2020.931552,RUS,Russia,Astrakhan',0.479193506,0.0,0.65,0.49,4815.0,,,,,,,,,,,,,,,,,,,,,,,,,48.29692461162855,9.58387012,0.0,,0.625,0.031,0.562,0.028,0.625,0.031,2.25,0.111,0.00562,0.028,0.009375,0.0465,0.05625,0.2775,0.423245,18.84375,0.932428907752364,331.875,16.42188225593716,0.28265625,1.398643361628546,11.615625,35.0,48.29692461162855,29159,,,0.2653116593424778,Advisory
283119,4817.0,10937.9155,RUS,Russia,Volgograd,2.054179771,0.0,0.65,0.49,4817.0,4817.0,0.0,1.0,-9999.0,-9999.0,-9999.0,0.0,10.0,-999.9,-999.9,-999.9,-5979.4,0.0,0.0,0.0,0.0,0.0,0.0,0.0,0.0,0.0,0.0,0.0,-5979.4,28.047067020875467,41.08359542,0.0,,30.312,0.277,23.625,0.216,15.5,0.142,12.812,0.117,0.23625,0.216,0.2325,0.2129999999999999,0.3203,0.2925,1.5105499999999998,146.953125,1.3435203899668744,355.640625,3.2514479102643303,2.204296875,2.0152805849503115,12.447421875,11.380067685925155,28.047067020875467,1274671,,,0.2289723305395306,Information
283120,4818.0,12152.21811,RUS,Russia,Volgograd,2.202651412,0.0,0.65,0.49,4818.0,,,,,,,,,,,,,,,,,,,,,,,,,3.8195347624815352,44.05302824,0.0,,29.438,0.242,16.625,0.137,9.312,0.077,8.875,0.073,0.16625,0.137,0.13968,0.1154999999999999,0.221875,0.1825,0.962805,20.25,0.1666362455015712,51.1875,0.4212193983511939,0.30375,0.2499543682523567,1.7915625,1.4742678942291785,3.8195347624815352,90998,,,0.0036343570932887,Information
283130,4819.0,26363.18897,RUS,Russia,Saratov,2.411647048,0.0,0.65,0.49,4819.0,,,,,,,,,,,,,,,,,,,,,,,,,23.33707011829219,48.23294095999999,0.0,,40.562,0.154,22.75,0.086,22.938,0.087,14.375,0.055,0.2275,0.086,0.34407,0.1305,0.359375,0.1375,1.284945,221.34375,0.8395939895226618,388.546875,1.4738235025737705,3.32015625,1.2593909842839928,13.599140625,5.158382259008197,23.33707011829219,1336300,,,0.2128094665466078,Information
283140,4820.0,24064.22472,RUS,Russia,Saratov,2.403177799,0.0,0.65,0.49,4820.0,,,,,,,,,,,,,,,,,,,,,,,,,4.872051501770423,48.06355598,0.0,,8.688,0.036,3.125,0.013,5.875,0.024,5.938,0.025,0.03125,0.013,0.088125,0.036,0.14845,0.0625,0.379325,24.046875,0.099927902421958,88.03125,0.3658179351821388,0.360703125,0.149891853632937,3.08109375,1.2803627731374858,4.872051501770423,219918,,,0.008978450345577,Information
283150,4821.0,25570.97565,RUS,Russia,Samara,1.30243818,0.0,0.65,0.49,4821.0,,,,,,,,,,,,,,,,,,,,,,,,,21.4848337599158,26.0487636,0.0,,41.688,0.163,23.25,0.091,34.812,0.136,21.938,0.086,0.2325,0.091,0.52218,0.204,0.54845,0.2149999999999999,1.81313,244.125,0.9546956803436056,336.65625,1.316556139828682,3.661875,1.4320435205154085,11.78296875,4.607946489400387,21.4848337599158,911807,,,0.1082183857659922,Information
283162,4823.0,14962.19648,RUS,Russia,Orenburg,1.220506133,0.0,0.65,0.49,4823.0,,,,,,,,,,,,,,,,,,,,,,,,,1.385383086281359,24.41012266,0.0,,21.875,0.146,8.688,0.058,0.312,0.002,0.125,0.001,0.08688,0.058,0.00468,0.003,0.003125,0.0025,0.158185,4.5,0.030075798071132,21.796875,0.145679646907046,0.0675,0.045113697106698,0.762890625,0.5098787641746609,1.385383086281359,304829,,,3.1758924500807265e-05,Information
283163,4824.0,5495.454413,RUS,Russia,Samara,1.828554069,0.0,0.65,0.49,4824.0,,,,,,,,,,,,,,,,,,,,,,,,,3.154303127534173,36.57108138,0.0,,4.938,0.09,0.688,0.013,2.188,0.04,1.0,0.018,0.00688,0.013,0.03282,0.06,0.025,0.045,0.1826999999999999,5.34375,0.097239456437836,29.671875,0.5399348765364056,0.08015625,0.145859184656754,1.038515625,1.88977206787742,3.154303127534173,105617,,,0.0013448000559115,Information
283164,4825.0,2202.92314,RUS,Russia,Orenburg,1.243628059,0.0,0.65,0.49,4825.0,,,,,,,,,,,,,,,,,,,,,,,,,2.3135746430071484,24.87256118,0.0,,9.625,0.437,4.5,0.204,0.125,0.006,0.062,0.003,0.045,0.204,0.001875,0.009,0.00155,0.0075,0.268925,2.25,0.1021370178050989,10.96875,0.4979179617998572,0.03375,0.1532055267076483,0.38390625,1.7427128662995002,2.3135746430071484,14364,,,0.0002503402599384,Information
283165,4826.0,1090.516625,RUS,Russia,Orenburg,1.215393714,0.0,0.65,0.49,4826.0,,,,,,,,,,,,,,,,,,,,,,,,,3.253594481079935,24.30787428,0.0,,0.312,0.029,0.312,0.029,0.375,0.034,0.438,0.04,0.00312,0.029,0.005625,0.051,0.01095,0.1,0.199695,0.984375,0.0902668494178441,8.71875,0.7995063805580482,0.014765625,0.1354002741267661,0.30515625,2.798272331953169,3.253594481079935,70617,,,0.0008250181168134,Information
283166,4827.0,4393.471989,RUS,Russia,Orenburg,1.441844434,0.0,0.65,0.49,4827.0,,,,,,,,,,,,,,,,,,,,,,,,,0.8868516419050568,28.83688868,0.0,,36.5,0.831,16.062,0.366,0.875,0.02,0.625,0.014,0.16062,0.366,0.013125,0.03,0.015625,0.035,0.6203700000000001,1.96875,0.0448108012294586,6.890625,0.1568378043031054,0.02953125,0.0672162018441879,0.241171875,0.5489323150608689,0.8868516419050568,39178,,,5.797899644489266e-06,Information
283168,4829.0,11273.51123,RUS,Russia,Orenburg,1.402946279,0.0,0.65,0.49,4829.0,,,,,,,,,,,,,,,,,,,,,,,,,2.73162,28.05892558,0.0,,226.25,2.007,127.125,1.128,4.188,0.037,4.562,0.04,1.27125,1.128,0.06282,0.0554999999999999,0.11405,0.1,2.73162,2.109375,0.0187108963407296,20.53125,0.1821193910497689,0.031640625,0.0280663445110943,0.71859375,0.6374178686741911,1.4157185881852856,116696,,,0.0005359294975092,Information
283169,4830.0,5910.555751,RUS,Russia,Orenburg,1.512862855,0.0,0.65,0.49,4830.0,,,,,,,,,,,,,,,,,,,,,,,,,0.2649827525049709,30.2572571,0.0,,15.625,0.264,8.812,0.149,0.0,0.0,0.0,0.0,0.0881199999999999,0.149,0.0,0.0,0.0,0.0,0.23712,0.0,0.0,2.8125,0.0475843578585631,0.0,0.0,0.0984375,0.1665452525049708,0.2649827525049709,38044,,,1.2526388417919092e-08,Information
283170,4831.0,18280.64067,RUS,Russia,Samara,2.247240021,0.0,0.65,0.49,4831.0,,,,,,,,,,,,,,,,,,,,,,,,,9.451487595503671,44.94480042,0.0,,12.375,0.068,11.0,0.06,14.0,0.077,7.562,0.041,0.11,0.06,0.21,0.1154999999999999,0.18905,0.1025,0.78705,82.125,0.4492457430715028,139.359375,0.7623331016846906,1.231875,0.6738686146072541,4.877578125,2.668165855896417,9.451487595503671,895108,,,0.039020782447268,Information
283180,4832.0,15354.50507,RUS,Russia,Samara,0.342199069,0.0,0.65,0.49,4832.0,,,,,,,,,,,,,,,,,,,,,,,,,9.20134099953183,6.843981380000001,0.0,,4.938,0.032,4.812,0.031,8.0,0.052,7.625,0.05,0.04812,0.031,0.12,0.078,0.190625,0.125,0.592745,42.046875,0.2738406402485848,141.1875,0.9195184040454152,0.630703125,0.4107609603728772,4.9415625,3.2183144141589533,9.20134099953183,839406,,,0.010308478154822,Information
283190,4833.0,8800.95398,RUS,Russia,Ul'yanovsk,3.413851731,0.0,0.65,0.49,4833.0,,,,,,,,,,,,,,,,,,,,,,,,,17.59644632186973,68.27703462,0.0,,11.625,0.132,8.5,0.097,12.812,0.146,6.312,0.072,0.085,0.097,0.19218,0.2189999999999999,0.1578,0.18,0.93098,112.078125,1.2734770032701963,187.3125,2.128320411989839,1.681171875,1.9102155049052945,6.5559375,7.449121441964436,17.59644632186973,356278,,,0.2778152972041158,Information
283210,4834.0,18786.35606,RUS,Russia,Tatarstan,1.428831784,0.0,0.65,0.49,4834.0,,,,,,,,,,,,,,,,,,,,,,,,,28.497211114173027,28.57663568,0.0,,16.312,0.087,14.75,0.079,28.0,0.149,20.438,0.109,0.1475,0.079,0.42,0.2234999999999999,0.51095,0.2725,1.65345,200.671875,1.0681788121871385,445.359375,2.370653327397805,3.010078125,1.6022682182807078,15.587578125,8.297286645892319,28.497211114173027,362790,,,0.1790951733558586,Information
283231,4844.0,76.29039732,RUS,Russia,Tatarstan,4.014434481,0.0,0.65,0.49,4844.0,,,,,,,,,,,,,,,,,,,,,,,,,50.4078125,80.28868962000001,0.0,3.0,0.125,0.164,0.125,0.164,0.688,0.901,0.375,0.492,0.00125,0.164,0.01032,1.3515,0.009375,1.23,2.766445,8.15625,10.691057180015372,8.15625,10.691057180015372,0.12234375,15.0,0.28546875,35.0,50.4078125,2029,80.0,3.94,0.8261227086792508,Warning
283233,4846.0,497.3475704,RUS,Russia,Tatarstan,1.028165649,0.0,0.65,0.49,4846.0,,,,,,,,,,,,,,,,,,,,,,,,,31.44727893657527,20.56331298,0.0,,1.5,0.302,1.438,0.289,1.812,0.364,1.25,0.251,0.0143799999999999,0.289,0.02718,0.546,0.03125,0.6275,1.53531,28.125,5.6549989733978805,30.515625,6.1356738861367,0.421875,8.48249846009682,1.068046875,21.47485860147845,31.44727893657527,122758,,,0.1770546996905715,Information
283235,4848.0,1257.490741,RUS,Russia,Tatarstan,1.225531031,0.0,0.65,0.49,4848.0,,,,,,,,,,,,,,,,,,,,,,,,,28.25653779427744,24.51062062,0.0,,2.75,0.219,2.438,0.194,5.0,0.398,3.25,0.258,0.02438,0.194,0.075,0.597,0.08125,0.645,1.61663,58.5,4.652121729748012,65.109375,5.17772202133012,0.8775,6.978182594622019,2.278828125,18.12202707465542,28.25653779427744,548071,,,0.1628856494274029,Information
283236,4849.0,17974.17208,RUS,Russia,Tatarstan,0.861249576,0.0,0.65,0.49,4849.0,,,,,,,,,,,,,,,,,,,,,,,,,10.658592131908598,17.22499152,0.0,,14.438,0.08,9.938,0.055,7.0,0.039,7.438,0.041,0.09938,0.055,0.105,0.0584999999999999,0.1859499999999999,0.1025,0.60633,91.6875,0.5101069445594264,156.375,0.8699983471627027,1.3753125,0.7651604168391396,5.473125,3.04499421506946,10.658592131908598,594436,,,0.0201939358868498,Information
283237,4850.0,109.9310147,RUS,Russia,Tatarstan,0.11000242,0.0,0.65,0.49,4850.0,,,,,,,,,,,,,,,,,,,,,,,,,20.757045038954185,2.2000484,0.0,,0.188,0.171,0.188,0.171,0.125,0.114,0.25,0.227,0.00188,0.171,0.001875,0.171,0.00625,0.5675,0.919505,3.234375,2.942186068666332,5.0625,4.605160803129911,0.048515625,4.413279102999498,0.1771875,16.118062810954687,20.757045038954185,1463,,,0.0605661530155442,Information
283238,4851.0,8488.189591,RUS,Russia,Udmurt,0.632367263,0.0,0.65,0.49,4851.0,,,,,,,,,,,,,,,,,,,,,,,,,6.570057140537887,12.64734526,0.0,,0.625,0.007,0.5,0.006,1.062,0.013,1.0,0.012,0.005,0.006,0.01593,0.0195,0.025,0.03,0.1014299999999999,8.15625,0.096089394709183,82.6875,0.9741476567068896,0.12234375,0.1441340920637745,2.8940625,3.409516798474113,6.570057140537887,775536,,,0.0048347294040207,Information
283239,4852.0,861.4910485,RUS,Russia,Tatarstan,0.117191558,0.0,0.65,0.49,4852.0,,,,,,,,,,,,,,,,,,,,,,,,,58.10421875,2.34383116,0.0,,5.0,0.58,5.0,0.58,8.375,0.972,10.312,1.197,0.05,0.58,0.125625,1.458,0.2578,2.9925,5.463925,132.75,15.409330164529592,174.65625,20.27371616985779,1.99125,15.0,6.11296875,35.0,58.10421875,8728,,,0.3018055650586712,Advisory
283241,4853.0,28992.47678,RUS,Russia,Bashkortostan,0.615984069,0.0,0.65,0.49,4853.0,,,,,,,,,,,,,,,,,,,,,,,,,15.090599900400647,12.31968138,0.0,,95.188,0.328,70.625,0.244,4.5,0.016,3.25,0.011,0.70625,0.244,0.0675,0.024,0.08125,0.0274999999999999,1.1505,143.296875,0.4942553756433462,259.171875,0.8939280248387509,2.149453125,0.7413830634650194,9.071015625,3.1287480869356283,15.090599900400647,848239,,,0.0392356684149489,Information
283242,4854.0,13050.74525,RUS,Russia,Bashkortostan,1.092708685,0.0,0.65,0.49,4854.0,,,,,,,,,,,,,,,,,,,,,,,,,1.1052797293621646,21.8541737,0.0,,49.312,0.378,29.5,0.226,0.312,0.002,0.062,0.0,0.295,0.226,0.00468,0.003,0.00155,0.0,0.5302300000000001,2.671875,0.0204729687817553,16.734375,0.1282254360541519,0.040078125,0.0307094531726329,0.585703125,0.4487890261895316,1.1052797293621646,266264,,,1.0291164473098535e-05,Information
283243,4855.0,78.38871396,RUS,Russia,Bashkortostan,1.295121819,0.0,0.65,0.49,4855.0,4855.0,0.0,1.0,-9999.0,-9999.0,-9999.0,0.0,10.0,-999.9,-999.9,-999.9,-5979.4,0.0,0.0,0.0,0.0,0.0,0.0,0.0,0.0,0.0,0.0,0.0,-5979.4,25.22169724668912,25.90243638,0.0,,1.438,1.834,1.438,1.834,0.0,0.0,0.0,0.0,0.0143799999999999,1.834,0.0,0.0,0.0,0.0,1.84838,3.234375,4.126072283504299,4.21875,5.381833413266477,0.048515625,6.189108425256448,0.14765625,18.83641694643267,25.22169724668912,264627,,,0.1405887339950582,Information
283244,4856.0,46935.49218,RUS,Russia,Bashkortostan,1.907120117,0.0,0.65,0.49,4856.0,,,,,,,,,,,,,,,,,,,,,,,,,4.605831042329195,38.14240234,0.0,,146.562,0.312,106.938,0.228,3.812,0.008,1.375,0.003,1.06938,0.228,0.05718,0.012,0.034375,0.0075,1.408435,25.734375,0.0548292428689787,97.453125,0.2076320508644933,0.386015625,0.082243864303468,3.410859375,0.7267121780257265,4.605831042329195,1176710,,,0.0046950945168445,Information
283245,4857.0,7593.225621,RUS,Russia,Bashkortostan,0.501500717,0.0,0.65,0.49,4857.0,,,,,,,,,,,,,,,,,,,,,,,,,1.539513551387825,10.03001434,0.0,,39.312,0.518,34.562,0.455,2.688,0.035,0.188,0.002,0.34562,0.455,0.04032,0.0525,0.0046999999999999,0.005,0.90314,8.859375,0.1166747235183767,15.1875,0.2000138117457886,0.132890625,0.175012085277565,0.5315625,0.7000483411102602,1.539513551387825,576099,,,2.370821098533177e-05,Information
283246,4858.0,7867.018964,RUS,Russia,Bashkortostan,3.239491673,0.0,0.65,0.49,4858.0,,,,,,,,,,,,,,,,,,,,,,,,,0.886625,64.78983346,0.0,,58.0,0.737,36.875,0.469,0.625,0.008,0.5,0.006,0.36875,0.469,0.009375,0.012,0.0125,0.015,0.886625,0.703125,0.0089376294024785,1.6875,0.0214503105659484,0.010546875,0.0134064441037177,0.0590625,0.0750760869808194,0.1580919060845371,125726,,,0.0001158565021663,Information
283247,4859.0,6185.073987,RUS,Russia,Perm',2.139020674,0.0,0.65,0.49,4859.0,,,,,,,,,,,,,,,,,,,,,,,,,1.6725003332102313,42.78041348000001,0.0,,16.188,0.262,13.062,0.211,1.188,0.019,0.5,0.008,0.1306199999999999,0.211,0.01782,0.0284999999999999,0.0125,0.02,0.42044,1.265625,0.0204625684794105,17.71875,0.2864759587117473,0.018984375,0.0306938527191157,0.62015625,1.0026658554911156,1.6725003332102313,47588,,,0.0002057655320224,Information
283249,4861.0,16362.26103,RUS,Russia,Sverdlovsk,1.798374232,0.0,0.65,0.49,4861.0,,,,,,,,,,,,,,,,,,,,,,,,,4.801012440500099,35.96748464,0.0,,8.375,0.051,4.0,0.024,6.25,0.038,1.562,0.01,0.04,0.024,0.09375,0.0569999999999999,0.03905,0.025,0.2788,49.359375,0.3016659794079919,63.984375,0.3910484918251747,0.740390625,0.4524989691119878,2.239453125,1.3686697213881114,4.801012440500099,186381,,,0.0047909375529962,Information
283251,4862.0,1228.318785,RUS,Russia,Bashkortostan,0.034183256,0.0,0.65,0.49,4862.0,,,,,,,,,,,,,,,,,,,,,,,,,25.97317435629696,0.68366512,0.0,,0.812,0.066,0.625,0.051,1.562,0.127,2.312,0.188,0.00625,0.051,0.02343,0.1905,0.0577999999999999,0.47,0.7989799999999999,31.921875,2.5988265748598907,67.5,5.495316105430606,0.478828125,3.898239862289836,2.3625,19.233606369007124,25.97317435629696,145667,,,0.0899203290769519,Information
283253,4864.0,2995.898877,RUS,Russia,Udmurt,2.847582701,0.0,0.65,0.49,4864.0,,,,,,,,,,,,,,,,,,,,,,,,,7.567256887176587,56.95165402,0.0,,2.812,0.094,2.25,0.075,2.75,0.092,2.438,0.081,0.0225,0.075,0.04125,0.138,0.06095,0.2025,0.5402,2.109375,0.0704087516587253,48.9375,1.6334830384824282,0.031640625,0.1056131274880879,1.7128125,5.717190634688499,7.567256887176587,152300,,,0.0410619759334536,Information
283255,4866.0,3777.170123,RUS,Russia,Perm',1.874209502,0.0,0.65,0.49,4866.0,,,,,,,,,,,,,,,,,,,,,,,,,27.72373309443283,37.48419004,0.0,,8.625,0.228,5.938,0.157,5.25,0.139,7.688,0.204,0.0593799999999999,0.157,0.07875,0.2085,0.1921999999999999,0.51,1.20583,19.125,0.5063314432641748,208.96875,5.532415622724733,0.286875,0.7594971648962622,7.31390625,19.363454679536567,27.72373309443283,128689,,,0.2080715783790429,Information
283257,4868.0,1307.250659,RUS,Russia,Perm',0.880196331,0.0,0.65,0.49,4868.0,,,,,,,,,,,,,,,,,,,,,,,,,9.554476028707288,17.603926620000003,0.0,,2.875,0.22,1.062,0.081,0.438,0.033,1.0,0.076,0.01062,0.081,0.00657,0.0495,0.025,0.19,0.36269,1.125,0.0860584764222257,31.078125,2.3773654111639857,0.016875,0.1290877146333385,1.087734375,8.32077893907395,9.554476028707288,20792,,,0.0155993925741762,Information
283259,4870.0,5770.712938,RUS,Russia,Perm',2.096008611,0.0,0.65,0.49,4870.0,,,,,,,,,,,,,,,,,,,,,,,,,4.9364927068033095,41.92017222,0.0,,4.375,0.076,3.062,0.053,0.5,0.009,1.625,0.028,0.0306199999999999,0.053,0.0075,0.0134999999999999,0.040625,0.07,0.215245,1.96875,0.0341162352240142,50.765625,0.8797114939906536,0.02953125,0.0511743528360213,1.776796875,3.078990228967288,4.9364927068033095,900512,,,0.0068475409168231,Information
283261,4871.0,187.7778832,RUS,Russia,Perm',0.626828511,0.0,0.65,0.49,4871.0,,,,,,,,,,,,,,,,,,,,,,,,,0.5340668284856408,12.536570220000002,0.0,,0.188,0.1,0.188,0.1,0.0,0.0,0.0,0.0,0.00188,0.1,0.0,0.0,0.0,0.0,0.10188,0.0,0.0,0.28125,0.1497780224244688,0.0,0.0,0.00984375,0.5242230784856408,0.5340668284856408,8503,,,1.712184015887773e-07,Information
283263,4873.0,3066.035395,RUS,Russia,Perm',0.270979266,0.0,0.65,0.49,4873.0,,,,,,,,,,,,,,,,,,,,,,,,,1.006789049824731,5.41958532,0.0,,6.125,0.2,5.438,0.177,0.0,0.0,0.0,0.0,0.05438,0.177,0.0,0.0,0.0,0.0,0.2313799999999999,2.953125,0.0963173812280914,5.484375,0.1788751365664554,0.044296875,0.1444760718421371,0.191953125,0.6260629779825939,1.006789049824731,78377,,,2.777119846019941e-06,Information
283269,4879.0,6929.087286,RUS,Russia,Sverdlovsk,0.527526067,0.0,0.65,0.49,4879.0,,,,,,,,,,,,,,,,,,,,,,,,,4.519713434280355,10.55052134,0.0,,7.625,0.11,6.312,0.091,5.438,0.078,1.312,0.019,0.06312,0.091,0.08157,0.1169999999999999,0.0328,0.0475,0.43299,53.4375,0.7712054675230218,29.953125,0.432280959427378,0.8015625,1.1568082012845329,1.048359375,1.512983357995823,4.519713434280355,288334,,,0.0014168472198934,Information
283271,4880.0,2030.046692,RUS,Russia,Perm',0.698431772,0.0,0.65,0.49,4880.0,,,,,,,,,,,,,,,,,,,,,,,,,9.766780626214146,13.96863544,0.0,,3.375,0.166,2.75,0.135,0.0,0.0,0.125,0.006,0.0275,0.135,0.0,0.0,0.003125,0.015,0.1806249999999999,2.25,0.1108348890950736,46.125,2.27211522644901,0.03375,0.1662523336426103,1.614375,7.952403292571535,9.766780626214146,50568,,,0.0147879134009246,Information
283272,4881.0,7856.864533,RUS,Russia,Perm',1.234188137,0.0,0.65,0.49,4881.0,,,,,,,,,,,,,,,,,,,,,,,,,10.997732369294797,24.68376274,0.0,,10.062,0.128,7.5,0.095,0.0,0.0,3.375,0.043,0.075,0.095,0.0,0.0,0.084375,0.1074999999999999,0.361875,1.6875,0.0214780335459277,137.53125,1.750459733993115,0.0253125,0.0322170503188915,4.81359375,6.126609068975903,10.997732369294797,67900,,,0.0271768754307234,Information
283273,4882.0,1981.041146,RUS,Russia,Perm',1.344116837,0.0,0.65,0.49,4882.0,,,,,,,,,,,,,,,,,,,,,,,,,6.416864125607609,26.88233674,0.0,,2.688,0.136,1.875,0.095,0.0,0.0,0.438,0.022,0.01875,0.095,0.0,0.0,0.01095,0.0549999999999999,0.1797,2.8125,0.1419708018716397,29.109375,1.4693977993714713,0.0421875,0.2129562028074595,1.018828125,5.14289229780015,6.416864125607609,5527,,,0.0074842472360824,Information
283274,4883.0,7338.498281,RUS,Russia,Perm',0.85271389,0.0,0.65,0.49,4883.0,,,,,,,,,,,,,,,,,,,,,,,,,2.1945204906238063,17.0542778,0.0,,6.5,0.089,5.188,0.071,2.188,0.03,2.125,0.029,0.0518799999999999,0.071,0.03282,0.045,0.053125,0.0725,0.326325,8.4375,0.1149758394207848,22.921875,0.3123510304264654,0.1265625,0.1724637591311772,0.802265625,1.0932286064926289,2.1945204906238063,44918,,,0.0001404951330251,Information
283277,4886.0,3854.572882,RUS,Russia,Perm',2.370648763,0.0,0.65,0.49,4886.0,,,,,,,,,,,,,,,,,,,,,,,,,13.869586784456764,47.41297526,0.0,,4.0,0.104,2.312,0.06,3.062,0.079,4.875,0.126,0.0231199999999999,0.06,0.04593,0.1185,0.121875,0.315,0.6844250000000001,29.53125,0.7661354681982218,97.59375,2.5318953091884087,0.44296875,1.1492032022973326,3.41578125,8.861633582159431,13.869586784456764,6162,,,0.0913034876397567,Information
283279,4888.0,3120.317953,RUS,Russia,Perm',0.324206005,0.0,0.65,0.49,4888.0,,,,,,,,,,,,,,,,,,,,,,,,,7.586381904347988,6.4841201,0.0,,0.875,0.028,0.625,0.02,1.5,0.048,1.812,0.058,0.00625,0.02,0.0225,0.072,0.0453,0.145,0.31105,0.84375,0.0270405135822976,51.1875,1.640457823992726,0.01265625,0.0405607703734464,1.7915625,5.741602383974541,7.586381904347988,243184,,,0.0060062574452689,Information
283281,4889.0,631.2897618,RUS,Russia,Perm',3.464580459,0.0,0.65,0.49,4889.0,,,,,,,,,,,,,,,,,,,,,,,,,36.8019439139315,69.29160918,0.0,,0.0,0.0,0.0,0.0,0.0,0.0,0.375,0.059,0.0,0.0,0.0,0.0,0.009375,0.1475,0.156875,0.0,0.0,62.4375,9.890466118266144,0.0,0.0,2.1853125,34.6166314139315,36.8019439139315,3099,,,0.5718219943693521,Advisory
283301,4907.0,4001.511661,RUS,Russia,Tatarstan,0.929748122,0.0,0.65,0.49,4907.0,,,,,,,,,,,,,,,,,,,,,,,,,18.8038699551422,18.59496244,0.0,,3.875,0.097,2.562,0.064,5.938,0.148,2.5,0.062,0.0256199999999999,0.064,0.08907,0.2219999999999999,0.0625,0.155,0.61819,67.21875,1.679833915297127,124.734375,3.117181344913288,1.00828125,2.51975087294569,4.365703125,10.910134707196509,18.8038699551422,1250793,,,0.071409390762686,Information
283303,4909.0,709.0395839,RUS,Russia,Tatarstan,2.396691778,0.0,0.65,0.49,4909.0,,,,,,,,,,,,,,,,,,,,,,,,,15.271140338836602,47.933835560000006,0.0,,3.375,0.476,3.375,0.476,2.938,0.414,1.5,0.212,0.03375,0.476,0.04407,0.621,0.0375,0.53,1.74232,12.9375,1.8246513020486337,23.34375,3.2923056102181865,0.1940625,2.73697695307295,0.81703125,11.523069635763653,15.271140338836602,182193,,,0.1099957903184403,Information
283305,4911.0,6602.686733,RUS,Russia,Mariy-El,0.840294139,0.0,0.65,0.49,4911.0,,,,,,,,,,,,,,,,,,,,,,,,,7.811167168368353,16.80588278,0.0,,3.0,0.045,3.0,0.045,3.438,0.052,1.812,0.027,0.03,0.045,0.05157,0.078,0.0453,0.0675,0.31737,19.40625,0.29391444397231,80.4375,1.218254072117111,0.29109375,0.4408716659584649,2.8153125,4.263889252409888,7.811167168368353,413974,,,0.0089999000058161,Information
283307,4913.0,8963.047012,RUS,Russia,Chuvash,0.43264236,0.0,0.65,0.49,4913.0,,,,,,,,,,,,,,,,,,,,,,,,,9.15466547324244,8.6528472,0.0,,14.75,0.165,9.312,0.104,10.625,0.119,7.5,0.084,0.09312,0.104,0.159375,0.1785,0.1875,0.21,0.932495,18.421875,0.2055313887698275,115.734375,1.291239182882199,0.276328125,0.3082970831547412,4.050703125,4.519337140087696,9.15466547324244,848088,,,0.0107126860102731,Information
283309,4915.0,1609.416088,RUS,Russia,Mariy-El,1.005945381,0.0,0.65,0.49,4915.0,,,,,,,,,,,,,,,,,,,,,,,,,14.652850553285766,20.11890762,0.0,,2.188,0.136,2.188,0.136,1.562,0.097,1.0,0.062,0.02188,0.136,0.02343,0.1455,0.025,0.155,0.5068100000000001,23.203125,1.4417107654324344,48.09375,2.9882732228963182,0.348046875,2.162566148148652,1.68328125,10.458956280137114,14.652850553285766,23074,,,0.0449520035342996,Information
283500,4925.0,14265.7451,RUS,Russia,Nizhegorod,0.535134507,0.0,0.65,0.49,4925.0,,,,,,,,,,,,,,,,,,,,,,,,,15.254998670560578,10.70269014,0.0,,3.5,0.025,2.75,0.019,5.938,0.042,5.625,0.039,0.0275,0.019,0.08907,0.063,0.140625,0.0975,0.436695,33.1875,0.2326376909058873,242.015625,1.6964807883433564,0.4978125,0.3489565363588309,8.470546875,5.937682759201747,15.254998670560578,618615,,,0.0386087443089136,Information
283610,4926.0,8650.457835,RUS,Russia,Nizhegorod,0.61280566,0.0,0.65,0.49,4926.0,,,,,,,,,,,,,,,,,,,,,,,,,9.745999154638882,12.2561132,0.0,,0.062,0.001,0.0,0.0,1.0,0.012,1.312,0.015,0.0,0.0,0.015,0.018,0.0328,0.0375,0.1033,26.71875,0.3088709350229857,117.703125,1.3606577506012585,0.40078125,0.4633064025344785,4.119609375,4.762302127104404,9.745999154638882,496556,,,0.0139900478571547,Information
283662,4932.0,6831.565656,RUS,Russia,Yaroslavl',1.157916956,0.0,0.65,0.49,4932.0,4932.0,0.0,1.0,-9999.0,-9999.0,-9999.0,0.0,10.0,-999.9,-999.9,-999.9,-5979.4,0.0,0.0,0.0,0.0,0.0,0.0,0.0,0.0,0.0,0.0,0.0,-5979.4,5.94717354893513,23.15833912,0.0,,,,,,,,,,,,,,,,,1.125,0.0164676745653836,68.484375,1.0024696891677298,0.016875,0.0247015118480753,2.396953125,3.5086439120870545,5.94717354893513,17248,,,0.005251241038941,Information
283707,4957.0,4129.157979,RUS,Russia,Nizhegorod,0.175521406,0.0,0.65,0.49,4957.0,4957.0,0.0,8.0,-9999.0,-9999.0,-9999.0,0.0,3.0,-999.9,-999.9,-999.9,-5993.4,0.0,0.0,0.0,0.0,0.0,0.0,0.0,0.0,0.0,0.0,0.0,-5993.4,15.01315303130075,3.51042812,0.0,,,,,,,,,,,,,,,,,45.421875,1.1000275413814558,105.890625,2.5644604912081617,0.681328125,1.6500413120721835,3.706171875,8.975611719228565,15.01315303130075,240107,,,0.0314068259221549,Information
283802,4961.0,21484.64669,RUS,Russia,Tambov,0.645623891,0.0,0.65,0.49,4961.0,,,,,,,,,,,,,,,,,,,,,,,,,5.873243455501755,12.91247782,0.0,,5.5,0.026,3.25,0.015,1.625,0.008,0.75,0.003,0.0325,0.015,0.024375,0.012,0.01875,0.0075,0.110125,48.65625,0.2264698633696867,93.65625,0.4359217601277785,0.72984375,0.33970479505453,3.27796875,1.5257261604472248,5.873243455501755,697002,,,0.0035035505972019,Information
284207,5000.0,867.8350787,RUS,Russia,Kalmyk,1.603143025,0.0,0.65,0.49,5000.0,,,,,,,,,,,,,,,,,,,,,,,,,0.2465451194238042,32.0628605,0.0,,0.0,0.0,0.0,0.0,0.0,0.0,0.375,0.043,0.0,0.0,0.0,0.0,0.009375,0.1074999999999999,0.1168749999999999,0.0,0.0,0.5625,0.0648164626925155,0.0,0.0,0.0196875,0.2268576194238042,0.2465451194238042,1065,,,9.614796998309471e-09,Information
284208,5001.0,2353.83413,RUS,Russia,Kalmyk,2.053273993,0.0,0.65,0.49,5001.0,,,,,,,,,,,,,,,,,,,,,,,,,7.956227752160002,41.06547986,0.0,,0.0,0.0,0.0,0.0,0.0,0.0,1.125,0.048,0.0,0.0,0.0,0.0,0.028125,0.12,0.148125,0.0,0.0,43.3125,1.840082929188572,0.0,0.0,1.5159375,6.440290252160002,7.956227752160002,7336,,,0.0226169951318959,Information
284209,5002.0,5460.819256,RUS,Russia,Kalmyk,0.471703256,0.0,0.65,0.49,5002.0,,,,,,,,,,,,,,,,,,,,,,,,,2.187786473993059,9.43406512,0.0,,0.438,0.008,0.25,0.005,1.125,0.021,1.062,0.019,0.0025,0.005,0.016875,0.0315,0.02655,0.0475,0.129925,6.890625,0.1261829897191262,19.125,0.3502221755469628,0.103359375,0.1892744845786892,0.669375,1.2257776144143695,2.187786473993059,73509,,,9.836151773283016e-05,Information
284402,5013.0,3906.515405,RUS,Russia,Dagestan,1.240090102,0.0,0.65,0.49,5013.0,,,,,,,,,,,,,,,,,,,,,,,,,20.61222731467213,24.80180204,0.0,,0.875,0.022,0.875,0.022,0.438,0.011,0.562,0.014,0.00875,0.022,0.00657,0.0165,0.01405,0.035,0.10287,54.28125,1.389505591915833,142.171875,3.639352729085252,0.81421875,2.0842583878737493,4.976015625,12.73773455179838,20.61222731467213,456008,,,0.0977907821364099,Information
284501,5022.0,282.9215053,RUS,Russia,Dagestan,4.012809957,0.0,0.65,0.49,5022.0,,,,,,,,,,,,,,,,,,,,,,,,,38.205359713960405,80.25619914,0.0,3.0,0.25,0.088,0.188,0.066,0.062,0.022,0.062,0.022,0.00188,0.066,0.0009299999999999,0.033,0.00155,0.0549999999999999,0.15836,12.65625,4.473413920409948,24.609375,8.698304845241566,0.18984375,6.710120880614922,0.861328125,30.44406695834548,38.205359713960405,114,0.0,0.0,0.7454168013284697,Watch
284502,5023.0,14116.90198,RUS,Russia,Dagestan,3.169367647,0.0,0.65,0.49,5023.0,5023.0,1.0,9.0,37.0,-9999.0,-9999.0,3.0,2.0,3.7,-999.9,-999.9,-3569.12,0.0,0.0,0.0,0.0,0.0,0.0,0.0,0.0,0.0,0.0,0.0,-3569.12,2.766359365704826,63.38735294,0.0,,0.188,0.001,0.0,0.0,2.062,0.015,2.062,0.015,0.0,0.0,0.03093,0.0225,0.0515499999999999,0.0375,0.14248,9.84375,0.069730242596038,42.046875,0.2978477505173626,0.14765625,0.1045953638940569,1.471640625,1.0424671268107693,2.766359365704826,631374,,,0.0048992313171667,Information
311010,5765.0,7160.03112,RUS,Russia,Yamal-Nenets,2.037697054,4.005344786,0.65,0.49,5765.0,5765.0,1.0,15.0,43.0,15.0,2.0,3.0,1.0,4.3,1.5,0.2,-379.64,0.0,0.0,0.0,0.0,0.0,0.0,0.0,0.0,0.0,0.0,0.0,-379.64,0.670075,40.75394108,80.10689572000001,,20.75,0.29,10.438,0.146,8.938,0.125,1.625,0.023,0.10438,0.146,0.13407,0.1875,0.040625,0.0574999999999999,0.670075,8.578125,0.1198056943570493,0.0,0.0,0.128671875,0.1797085415355739,0.0,0.0,0.3083804165355739,132,,,0.0003485225140778,Information
311020,5766.0,5073.873126,RUS,Russia,Yamal-Nenets,1.682814692,0.0,0.65,0.49,5766.0,5766.0,1.0,11.0,41.0,9.0,-9999.0,3.0,1.0,4.1,0.9,-999.9,-1983.3,0.0,0.0,0.0,0.0,0.0,0.0,0.0,0.0,0.0,0.0,0.0,-1983.3,1.5520532079511735,33.656293840000004,0.0,,,,,,,,,,,,,,,,,15.46875,0.3048706504027701,8.296875,0.1635215306705767,0.23203125,0.4573059756041552,0.290390625,0.5723253573470185,1.5520532079511735,2,,,8.657728832849814e-05,Information
311030,5767.0,2169.81108,RUS,Russia,Yamal-Nenets,3.037993288,4.517947362,0.65,0.49,5767.0,5767.0,1.0,12.0,43.0,13.0,-9999.0,3.0,1.0,4.3,1.3,-999.9,-1981.6,0.0,0.0,0.0,0.0,0.0,0.0,0.0,0.0,0.0,0.0,0.0,-1981.6,0.9109749473080244,60.75986576,90.35894724,,,,,,,,,,,,,,,,,0.0,0.0,4.640625,0.2138723063737213,0.0,0.0,0.162421875,0.7485530723080245,0.9109749473080244,0,,,0.0091554591049453,Information
311050,5769.0,11607.58275,RUS,Russia,Yamal-Nenets,3.095932896,4.004818542,0.65,0.49,5769.0,5769.0,1.0,14.0,37.0,2.0,-9999.0,3.0,1.0,3.7,0.2,-999.9,-1984.0,0.0,0.0,0.0,0.0,0.0,0.0,0.0,0.0,0.0,0.0,0.0,-1984.0,-1984.0,61.91865792,80.09637083999999,,,,,,,,,,,,,,,,,,,,,,,,,,14,,,,
311060,5770.0,8015.732628,RUS,Russia,Yamal-Nenets,3.237730884,0.0,0.65,0.49,5770.0,5770.0,1.0,20.0,35.0,3.0,-9999.0,3.0,1.0,3.5,0.3,-999.9,-1984.2,0.0,0.0,0.0,0.0,0.0,0.0,0.0,0.0,0.0,0.0,0.0,-1984.2,1.4048922156156505,64.75461768,0.0,,,,,,,,,,,,,,,,,0.0,0.0,17.859375,0.2228040258901858,0.0,0.0,0.625078125,0.7798140906156503,1.4048922156156505,2780,,,0.0006356654799292,Information
311075,5776.0,18824.68497,RUS,Russia,Yamal-Nenets,2.858159643,4.027564288,0.65,0.49,5776.0,5776.0,1.0,23.0,31.0,17.0,5.0,3.0,1.0,3.1,1.7,0.5,18.51111111111112,0.0,0.0,0.0,0.0,0.0,0.0,0.0,0.0,0.0,0.0,0.0,18.51111111111112,18.51111111111112,57.16319286,80.55128576,,,,,,,,,,,,,,,,,,,,,,,,,,12,,,0.4802963554025998,Advisory
311076,5777.0,4233.403637,RUS,Russia,Yamal-Nenets,4.03617962,0.0,0.65,0.49,5777.0,5777.0,1.0,21.0,39.0,13.0,3.0,3.0,1.0,3.9,1.3,0.3,18.46666666666667,0.0,0.0,0.0,0.0,0.0,0.0,0.0,0.0,0.0,0.0,0.0,18.46666666666667,18.46666666666667,80.7235924,0.0,,,,,,,,,,,,,,,,,,,,,,,,,,0,,,0.4828847896592343,Advisory
312014,5785.0,25605.38685,RUS,Russia,Novosibirsk,2.092318324,0.0,0.65,0.49,5785.0,,,,,,,,,,,,,,,,,,,,,,,,,64.2295331217832,41.84636648,0.0,3.0,40.062,0.156,30.0,0.117,18.875,0.074,33.812,0.132,0.3,0.117,0.283125,0.1109999999999999,0.8453,0.33,1.986425,497.390625,1.9425233756937264,1379.390625,5.387111052355036,7.460859375,2.913785063540589,35.0,18.854888683242624,64.2295331217832,70397,1498.0,2.13,0.5395796389568157,Watch
312017,5788.0,11584.62257,RUS,Russia,Novosibirsk,1.069429354,0.0,0.65,0.49,5788.0,,,,,,,,,,,,,,,,,,,,,,,,,61.77905751687446,21.38858708,0.0,3.0,8.0,0.069,7.0,0.06,6.0,0.052,6.875,0.059,0.07,0.06,0.09,0.078,0.171875,0.1475,0.617375,219.09375,1.8912463374489648,853.453125,7.367120681628863,3.28640625,2.8368695061734472,29.870859375,25.78492238570102,61.77905751687446,53885,1407.0,2.61,0.404795981409237,Watch
312020,5789.0,27765.73184,RUS,Russia,Novosibirsk,1.197577431,0.0,0.65,0.49,5789.0,,,,,,,,,,,,,,,,,,,,,,,,,52.60972143021062,23.95154862,0.0,,90.625,0.326,59.125,0.213,0.188,0.001,0.125,0.0,0.59125,0.213,0.00282,0.0015,0.003125,0.0,0.811695,99.84375,0.3595934389925199,1235.390625,4.449335720491955,1.49765625,0.5393901584887798,35.0,15.57267502172184,52.60972143021062,132155,,,0.3562615042103492,Advisory
312041,5791.0,4319.114492,RUS,Russia,Altay,3.043400011,0.0,0.65,0.49,5791.0,,,,,,,,,,,,,,,,,,,,,,,,,11.079541769286587,60.86800022,0.0,,10.938,0.253,10.125,0.234,0.0,0.0,0.0,0.0,0.10125,0.234,0.0,0.0,0.0,0.0,0.33525,0.0,0.0,95.484375,2.210739612653311,0.0,0.0,3.341953125,7.737588644286588,11.079541769286587,66423,,,0.1035031437267139,Information
312042,5792.0,2494.93716,RUS,Russia,Altay,3.672823401,0.0,0.65,0.49,5792.0,,,,,,,,,,,,,,,,,,,,,,,,,10.574560756429385,73.45646802,0.0,,39.875,1.598,35.062,1.405,0.0,0.0,0.0,0.0,0.35062,1.405,0.0,0.0,0.0,0.0,1.75562,0.0,0.0,60.328125,2.4180218232655384,0.0,0.0,2.111484375,8.463076381429385,10.574560756429385,17855,,,0.1786988848122581,Information
312044,5794.0,4656.199282,RUS,Russia,Altay,1.688650892,0.0,0.65,0.49,5794.0,,,,,,,,,,,,,,,,,,,,,,,,,25.85691563833721,33.77301784,0.0,,62.812,1.349,52.438,1.126,0.0,0.0,0.0,0.0,0.5243800000000001,1.126,0.0,0.0,0.0,0.0,1.65038,10.828125,0.2325528686599272,230.0625,4.94099341724209,0.162421875,0.3488293029898908,8.0521875,17.293476960347316,25.85691563833721,33146,,,0.1734780444786436,Information
312045,5795.0,16137.47681,RUS,Russia,Altay,0.588063731,0.0,0.65,0.49,5795.0,5795.0,0.0,7.0,-9999.0,-9999.0,-9999.0,0.0,4.0,-999.9,-999.9,-999.9,-5991.4,0.0,0.0,0.0,0.0,0.0,0.0,0.0,0.0,0.0,0.0,0.0,-5991.4,42.30428068004285,11.76127462,0.0,,98.062,0.608,82.062,0.509,0.0,0.0,1.875,0.012,0.82062,0.509,0.0,0.0,0.046875,0.03,1.406495,55.6875,0.3450818282389947,722.390625,4.476478160766959,0.8353125,0.517622742358492,25.283671875,15.667673562684357,42.30428068004285,73519,,,0.2311217435584915,Advisory
312046,5796.0,3518.391401,RUS,Russia,Altay,0.553312692,0.0,0.65,0.49,5796.0,,,,,,,,,,,,,,,,,,,,,,,,,4.595340738788865,11.06625384,0.0,,30.5,0.867,23.875,0.679,0.0,0.0,0.0,0.0,0.23875,0.679,0.0,0.0,0.0,0.0,0.91775,0.0,0.0,34.171875,0.9712357467968185,0.0,0.0,1.196015625,3.3993251137888647,4.595340738788865,34042,,,0.001524031459855,Information
312050,5797.0,22336.50428,RUS,Russia,Altay,0.852437514,0.0,0.65,0.49,5797.0,,,,,,,,,,,,,,,,,,,,,,,,,42.626099463546055,17.04875028,0.0,,506.188,2.266,325.688,1.458,0.25,0.001,1.188,0.005,3.25688,1.458,0.00375,0.0015,0.0296999999999999,0.0125,4.76233,98.859375,0.4425910777234154,798.890625,3.576614384845979,1.482890625,0.663886616585123,27.961171875,12.518150346960926,42.626099463546055,100136,,,0.2527738343855644,Advisory
312101,5798.0,5007.389506,RUS,Russia,Yamal-Nenets,2.50806233,0.0,0.65,0.49,5798.0,5798.0,1.0,8.0,56.0,2.0,-9999.0,3.0,3.0,5.6,0.2,-999.9,-1957.6,0.0,0.0,0.0,0.0,0.0,0.0,0.0,0.0,0.0,0.0,0.0,-1957.6,96.74875,50.1612466,0.0,2.0,1041.938,20.808,722.5,14.429,968.25,19.336,1303.438,26.03,7.225,10.0,14.52375,15.0,25.0,25.0,96.74875,522.28125,10.43021017900492,506.109375,10.107249982293672,7.83421875,15.0,17.713828125,35.0,75.548046875,264,,,0.7464386416091545,Warning
312102,5799.0,12090.99131,RUS,Russia,Yamal-Nenets,2.173056555,0.0,0.65,0.49,5799.0,5799.0,1.0,11.0,41.0,2.0,-9999.0,3.0,1.0,4.1,0.2,-999.9,-977.8666666666666,0.0,0.0,0.0,0.0,0.0,0.0,0.0,0.0,0.0,0.0,0.0,-977.8666666666666,10.63865,43.4611311,0.0,,55.188,0.456,42.938,0.355,53.438,0.442,183.688,1.519,0.42938,0.355,0.8015700000000001,0.663,4.5922,3.7975,10.63865,148.21875,1.2258610254113544,59.90625,0.4954618565704335,2.22328125,1.838791538117032,2.09671875,1.7341164979965171,7.892908036113549,77,,,0.0474166895058492,Information
312103,5800.0,8634.146606,RUS,Russia,Yamal-Nenets,3.173423935,0.0,0.65,0.49,5800.0,5800.0,1.0,16.0,68.0,9.0,2.0,3.0,1.0,6.8,0.9,0.2,-1965.36,0.0,0.0,0.0,0.0,0.0,0.0,0.0,0.0,0.0,0.0,0.0,-1965.36,100.0,63.468478700000006,0.0,3.0,60.125,0.696,43.0,0.498,110.438,1.279,2014.375,23.33,0.43,0.498,1.65657,1.9185,25.0,25.0,54.50307,1042.734375,12.076866684704983,1084.78125,12.563850250278389,15.0,15.0,35.0,35.0,100.0,4659,806.0,17.3,0.8430313396327156,Warning
312104,5801.0,20981.3459,RUS,Russia,Yamal-Nenets,4.015895199,0.0,0.65,0.49,5801.0,5801.0,2.0,5.0,100.0,94.0,-9999.0,7.0,6.0,10.0,9.4,-999.9,-2748.133333333333,0.0,0.0,0.0,0.0,0.0,0.0,0.0,0.0,0.0,0.0,0.0,-2748.133333333333,44.58324039980268,80.31790398,0.0,3.0,174.625,0.832,95.938,0.457,159.438,0.76,834.188,3.976,0.95938,0.457,2.39157,1.14,20.8547,9.94,35.74265,493.3125,2.3511956875716806,651.234375,3.1038732124129,7.3996875,3.526793531357521,22.793203125,10.86355624344515,44.58324039980268,24856,374.0,1.504666881235919,0.7932210721315209,Watch
312105,5802.0,1762.976603,RUS,Russia,Yamal-Nenets,1.620870695,0.0,0.65,0.49,5802.0,,,,,,,,,,,,,,,,,,,,,,,,,17.963704999999997,32.4174139,0.0,,25.625,1.454,22.688,1.287,27.375,1.553,82.188,4.662,0.22688,1.287,0.410625,2.3295,2.0547,11.655,17.963704999999997,8.578125,0.4865705526463691,37.125,2.105813539321991,0.128671875,0.7298558289695537,1.299375,7.370347387626968,9.528250091596522,17436,,,0.0925860707744393,Information
312106,5803.0,4915.970351,RUS,Russia,Yamal-Nenets,1.852894766,0.0,0.65,0.49,5803.0,5803.0,2.0,3.0,100.0,76.0,-9999.0,7.0,8.0,10.0,7.6,-999.9,-1946.3333333333333,0.0,0.0,0.0,0.0,0.0,0.0,0.0,0.0,0.0,0.0,0.0,-1946.3333333333333,38.71582,37.05789532,0.0,,110.438,2.247,95.0,1.932,131.938,2.684,393.25,7.999,0.95,1.932,1.97907,4.026,9.83125,19.9975,38.71582,85.640625,1.7420899413643811,302.203125,6.1473748505616665,1.284609375,2.613134912046572,10.577109375,21.515811976965832,35.990665639012406,0,,,0.3134952715800604,Advisory
312107,5804.0,373.8423328,RUS,Russia,Yamal-Nenets,0.442575105,0.0,0.65,0.49,5804.0,,,,,,,,,,,,,,,,,,,,,,,,,37.42664581540137,8.851502100000001,0.0,,9.312,2.491,6.312,1.689,9.062,2.424,103.375,27.652,0.06312,1.689,0.13593,3.636,2.584375,25.0,33.108425,1.265625,0.3385451269342496,54.28125,14.519824332957818,0.018984375,0.5078176904013744,1.89984375,35.0,37.42664581540137,0,,,0.1867041862209601,Advisory
312108,5805.0,4607.668882,RUS,Russia,Yamal-Nenets,3.006917386,0.0,0.65,0.49,5805.0,5805.0,1.0,17.0,66.0,7.0,2.0,3.0,1.0,6.6,0.7,0.2,32.93333333333333,0.0,0.0,0.0,0.0,0.0,0.0,0.0,0.0,0.0,0.0,0.0,32.93333333333333,32.93333333333333,60.13834772,0.0,,28.375,0.616,12.812,0.278,0.375,0.008,21.75,0.472,0.1281199999999999,0.278,0.005625,0.012,0.54375,1.18,2.147495,0.28125,0.0061039542380106,4.640625,0.1007152449271759,0.00421875,0.0091559313570159,0.162421875,0.3525033572451156,0.5282999136021316,3142,,,0.4242904334412012,Advisory
312210,5807.0,14891.09806,RUS,Russia,Yamal-Nenets,3.103440439,0.0,0.65,0.49,5807.0,5807.0,1.0,4.0,100.0,-9999.0,-9999.0,3.0,7.0,10.0,-999.9,-999.9,-1065.8000000000002,0.0,0.0,0.0,0.0,0.0,0.0,0.0,0.0,0.0,0.0,0.0,-1065.8000000000002,87.98857,62.06880878,0.0,2.0,1875.75,12.596,1497.938,10.059,717.438,4.818,1798.812,12.08,10.0,10.0,10.76157,7.226999999999999,25.0,25.0,87.98857,2.109375,0.0141653422160673,1095.75,7.358423103173144,0.031640625,0.0212480133241009,35.0,25.754480861106003,60.8073694994301,885,,,0.799947342036847,Warning
312220,5808.0,13273.81926,RUS,Russia,Yamal-Nenets,1.787416353,0.0,0.65,0.49,5808.0,5808.0,2.0,16.0,98.0,43.0,2.0,7.0,1.0,9.8,4.3,0.2,-1277.5555555555554,0.0,0.0,0.0,0.0,0.0,0.0,0.0,0.0,0.0,0.0,0.0,-1277.5555555555554,25.09555122897182,35.74832706,0.0,,75.938,0.572,66.0,0.497,48.938,0.369,163.938,1.235,0.66,0.497,0.7340700000000001,0.5535,4.09845,3.0875000000000004,9.63052,7.875,0.0593273107508766,405.5625,3.0553565036701453,0.118125,0.0889909661263149,14.1946875,10.693747762845508,25.09555122897182,63,,,0.1735787305190183,Information
312230,5809.0,14790.20477,RUS,Russia,Khanty-Mansiy,4.013202437,0.0,0.65,0.49,5809.0,5809.0,2.0,7.0,100.0,54.0,2.0,7.0,4.0,10.0,5.4,0.2,-1376.7999999999995,0.0,0.0,0.0,0.0,0.0,0.0,0.0,0.0,0.0,0.0,0.0,-1376.7999999999995,100.0,80.26404874,0.0,2.0,3153.938,21.325,2065.25,13.964,2670.875,18.058,3052.438,20.638,10.0,10.0,15.0,15.0,25.0,25.0,100.0,94.078125,0.6360839923928782,1930.5,13.052557619685247,1.411171875,0.9541259885893172,35.0,35.0,72.36529786358932,7814,,,0.947676248016608,Warning
312240,5810.0,10922.13909,RUS,Russia,Khanty-Mansiy,2.885623371,0.0,0.65,0.49,5810.0,,,,,,,,,,,,,,,,,,,,,,,,,23.5610813085363,57.71246742,0.0,,143.375,1.313,85.5,0.783,109.812,1.005,116.125,1.063,0.855,0.783,1.64718,1.5074999999999998,2.903125,2.6575,10.353305,0.0,0.0,351.421875,3.217518766724657,0.0,0.0,12.299765625,11.2613156835363,23.5610813085363,13004,,,0.2793088070734402,Information
312250,5811.0,12138.46604,RUS,Russia,Khanty-Mansiy,4.006092008,0.0,0.65,0.49,5811.0,5811.0,2.0,4.0,100.0,100.0,5.0,7.0,7.0,10.0,10.0,0.5,69.0,0.0,0.0,0.0,0.0,0.0,0.0,0.0,0.0,0.0,0.0,0.0,69.0,69.0,80.12184016,0.0,,396.625,3.268,263.562,2.171,403.375,3.323,358.875,2.957,2.6356200000000003,2.171,6.050625,4.9845,8.971875,7.3925,32.20612,6.609375,0.0544498372047256,889.03125,7.324082357622882,0.099140625,0.0816747558070884,31.11609375,25.634288251680086,56.93119738248718,644,,,0.8933394179787659,Warning
312260,5812.0,27186.73558,RUS,Russia,Khanty-Mansiy,3.345052382,0.0,0.65,0.49,5812.0,5812.0,2.0,9.0,98.0,58.0,2.0,7.0,2.0,9.8,5.8,0.2,-983.4782608695654,0.0,0.0,0.0,0.0,0.0,0.0,0.0,0.0,0.0,0.0,0.0,-983.4782608695654,60.88752719977723,66.90104764,0.0,3.0,452.938,1.666,220.688,0.812,426.812,1.57,308.375,1.134,2.20688,0.812,6.40218,2.355,7.709375,2.835,22.320435000000003,0.5625,0.0020690236910568,2009.953125,7.393138904068755,0.0084375,0.0031035355365852,35.0,25.875986164240643,60.88752719977723,1449,79.0,5.45,0.7289123145620477,Watch
312270,5813.0,17688.28115,RUS,Russia,Khanty-Mansiy,3.130884771,0.0,0.65,0.49,5813.0,5813.0,3.0,7.0,100.0,100.0,54.0,10.0,4.0,10.0,10.0,5.4,65.16,0.0,0.0,0.0,0.0,0.0,0.0,0.0,0.0,0.0,0.0,0.0,65.16,65.16,62.61769542,0.0,,225.812,1.277,185.562,1.049,283.625,1.603,147.312,0.833,1.85562,1.049,4.254375,2.4045,3.6828,2.0825,15.328795,113.625,0.6423744570532091,1151.296875,6.508811485018097,1.704375,0.9635616855798136,35.0,22.78084019756334,60.448776883143154,2430,,,0.7107743575873017,Watch
312280,5814.0,9853.017412,RUS,Russia,Khanty-Mansiy,4.017487772,0.0,0.65,0.49,5814.0,5814.0,3.0,3.0,100.0,100.0,37.0,10.0,8.0,10.0,10.0,3.7,79.5,0.0,0.0,0.0,0.0,0.0,0.0,0.0,0.0,0.0,0.0,0.0,79.5,79.5,80.34975544,0.0,,,,,,,,,,,,,,,,,34.734375,0.3525252574785318,318.515625,3.232670883355768,0.521015625,0.5287878862177977,11.148046875,11.314348091745188,23.512198477962983,309,,,0.9188934915146564,Warning
312290,5815.0,9958.731038,RUS,Russia,Khanty-Mansiy,1.303593429,0.0,0.65,0.49,5815.0,5815.0,2.0,8.0,100.0,100.0,17.0,7.0,3.0,10.0,10.0,1.7,63.4,0.0,0.0,0.0,0.0,0.0,0.0,0.0,0.0,0.0,0.0,0.0,63.4,63.4,26.07186858,0.0,,1.625,0.016,1.0,0.01,4.688,0.047,7.125,0.072,0.01,0.01,0.07032,0.0705,0.178125,0.18,0.518945,26.859375,0.2697068019867518,99.703125,1.0011629455948017,0.402890625,0.4045602029801277,3.489609375,3.504070309581806,7.801130512561934,204,,,0.4389509129472483,Watch
312310,5816.0,7062.346171,RUS,Russia,Yamal-Nenets,2.027356098,0.0,0.65,0.49,5816.0,5816.0,1.0,5.0,100.0,-9999.0,-9999.0,3.0,6.0,10.0,-999.9,-999.9,-2525.8857142857137,0.0,0.0,0.0,0.0,0.0,0.0,0.0,0.0,0.0,0.0,0.0,-2525.8857142857137,83.8599,40.54712196,0.0,2.0,895.75,12.683,670.188,9.49,545.688,7.727,915.688,12.966,6.70188,9.49,8.185319999999999,11.5905,22.8922,25.0,83.8599,12.09375,0.1712426679014672,953.859375,13.506267632275025,0.18140625,0.2568640018522008,33.385078125,35.0,68.82334837685221,550,,,0.63456313814592,Warning
312320,5817.0,12845.44718,RUS,Russia,Yamal-Nenets,1.337375349,0.0,0.65,0.49,5817.0,5817.0,1.0,2.0,100.0,2.0,-9999.0,3.0,9.0,10.0,0.2,-999.9,-2682.2,0.0,0.0,0.0,0.0,0.0,0.0,0.0,0.0,0.0,0.0,0.0,-2682.2,71.72568713681062,26.74750698,0.0,3.0,176.5,1.374,129.25,1.006,172.438,1.342,363.875,2.833,1.2925,1.006,2.58657,2.013,9.096875,7.0825000000000005,23.077445,64.6875,0.503583091207087,1452.515625,11.307629889300005,0.9703125,0.7553746368106304,35.0,35.0,71.72568713681062,55,1.0,1.82,0.4915975645253253,Watch
312330,5818.0,7122.677339,RUS,Russia,Khanty-Mansiy,3.180058592,0.0,0.65,0.49,5818.0,5818.0,1.0,1.0,100.0,2.0,-9999.0,3.0,10.0,10.0,0.2,-999.9,-2625.6,0.0,0.0,0.0,0.0,0.0,0.0,0.0,0.0,0.0,0.0,0.0,-2625.6,100.0,63.60117184,0.0,2.0,1731.312,24.307,1246.875,17.506,1304.625,18.316,1971.938,27.685,10.0,10.0,15.0,15.0,25.0,25.0,100.0,3.515625,0.0493581954177654,1318.5,18.511297609478746,0.052734375,0.0740372931266481,35.0,35.0,70.12677166812665,80,,,0.8439040872515424,Warning
312341,5819.0,351.0915259,RUS,Russia,Khanty-Mansiy,3.036314158,0.0,0.65,0.49,5819.0,,,,,,,,,,,,,,,,,,,,,,,,,49.296075,60.72628316,0.0,,69.062,19.671,64.688,18.425,25.938,7.388,87.125,24.815,0.64688,10.0,0.3890699999999999,11.082,2.178125,25.0,49.296075,0.0,0.0,119.25,33.96550221148081,0.0,0.0,4.17375,35.0,39.17375,5,,,0.5899004678722296,Advisory
312342,5820.0,5201.497435,RUS,Russia,Khanty-Mansiy,1.031981462,0.0,0.65,0.49,5820.0,,,,,,,,,,,,,,,,,,,,,,,,,25.93488271998224,20.63962924,0.0,,98.25,1.889,58.5,1.125,38.125,0.733,126.0,2.422,0.585,1.125,0.571875,1.0995,3.15,6.055000000000001,12.586375,0.0,0.0,253.546875,4.874497741423497,0.0,0.0,8.874140625,17.06074209498224,25.93488271998224,2301,,,0.1316959094970798,Information
312343,5821.0,2291.033818,RUS,Russia,Khanty-Mansiy,0.281758066,0.0,0.65,0.49,5821.0,,,,,,,,,,,,,,,,,,,,,,,,,46.70421875,5.63516132,0.0,,125.25,5.467,89.625,3.912,16.312,0.712,112.438,4.908,0.89625,3.912,0.24468,1.068,2.81095,12.27,21.201880000000003,0.0,0.0,334.40625,14.596303528126189,0.0,0.0,11.70421875,35.0,46.70421875,11924,,,0.2409238027105134,Advisory
312344,5822.0,5385.60068,RUS,Russia,Khanty-Mansiy,4.007036088,0.0,0.65,0.49,5822.0,,,,,,,,,,,,,,,,,,,,,,,,,11.600182871009183,80.14072176,0.0,,7.0,0.13,5.625,0.104,0.438,0.008,2.438,0.045,0.05625,0.104,0.00657,0.012,0.06095,0.1124999999999999,0.3522699999999999,0.0,0.0,116.015625,2.154181713145481,0.0,0.0,4.060546875,7.539635996009183,11.600182871009183,1048,,,0.2954091957979663,Information
312345,5823.0,1648.358425,RUS,Russia,Khanty-Mansiy,2.336509801,0.0,0.65,0.49,5823.0,,,,,,,,,,,,,,,,,,,,,,,,,39.82439069915021,46.73019602,0.0,,18.0,1.092,10.625,0.645,0.312,0.019,3.312,0.201,0.10625,0.645,0.00468,0.0284999999999999,0.0828,0.5025000000000001,1.36973,0.0,0.0,161.015625,9.768241092614344,0.0,0.0,5.635546875,34.188843824150204,39.82439069915021,3041,,,0.3855676923198841,Advisory
312346,5824.0,5197.521224,RUS,Russia,Khanty-Mansiy,1.048799868,0.0,0.65,0.49,5824.0,5824.0,1.0,1.0,100.0,-9999.0,-9999.0,3.0,10.0,10.0,-999.9,-999.9,-3953.6,0.0,0.0,0.0,0.0,0.0,0.0,0.0,0.0,0.0,0.0,0.0,-3953.6,23.778924879737865,20.97599736,0.0,,5.0,0.096,2.812,0.054,0.5,0.01,4.0,0.077,0.02812,0.054,0.0075,0.015,0.1,0.1925,0.39712,0.421875,0.0081168499721967,232.171875,4.466973101365592,0.006328125,0.012175274958295,8.126015625,15.63440585477957,23.778924879737865,3178,,,0.1148849188113847,Information
312347,5825.0,9720.648441,RUS,Russia,Khanty-Mansiy,2.203611272,0.0,0.65,0.49,5825.0,5825.0,1.0,1.0,100.0,2.0,-9999.0,3.0,10.0,10.0,0.2,-999.9,-1953.4,0.0,0.0,0.0,0.0,0.0,0.0,0.0,0.0,0.0,0.0,0.0,-1953.4,49.8817529683182,44.07222544,0.0,,30.5,0.314,24.625,0.253,13.062,0.134,29.875,0.307,0.24625,0.253,0.19593,0.201,0.746875,0.7675,2.410555,4.78125,0.0491865334823883,700.453125,7.205827155169888,0.07171875,0.0737798002235824,24.515859375,25.22039504309461,49.8817529683182,319,,,0.4544580366649158,Advisory
312348,5826.0,2582.42766,RUS,Russia,Khanty-Mansiy,2.453828394,0.0,0.65,0.49,5826.0,5826.0,1.0,1.0,100.0,2.0,-9999.0,3.0,10.0,10.0,0.2,-999.9,-1953.4000000000003,0.0,0.0,0.0,0.0,0.0,0.0,0.0,0.0,0.0,0.0,0.0,-1953.4000000000003,45.96056576994879,49.07656788,0.0,,68.5,2.653,39.812,1.542,51.25,1.985,53.812,2.084,0.39812,1.542,0.76875,2.9775,1.3453,5.21,12.24167,4.640625,0.1797000966325302,303.46875,11.751297228272737,0.069609375,0.2695501449487953,10.62140625,35.0,45.96056576994879,16,,,0.4591642662537233,Advisory
312349,5827.0,2066.763758,RUS,Russia,Khanty-Mansiy,2.978655687,0.0,0.65,0.49,5827.0,,,,,,,,,,,,,,,,,,,,,,,,,46.67750685849315,59.57311374,0.0,,33.375,1.615,20.75,1.004,10.375,0.502,33.688,1.63,0.2075,1.004,0.155625,0.753,0.8422,4.074999999999999,7.037324999999999,4.640625,0.2245358223287699,322.03125,15.581425246451005,0.069609375,0.3368037334931548,11.27109375,35.0,46.67750685849315,220,,,0.5571578998149004,Advisory
312350,5828.0,8819.443378,RUS,Russia,Khanty-Mansiy,2.977127083,0.0,0.65,0.49,5828.0,,,,,,,,,,,,,,,,,,,,,,,,,96.761,59.54254166,0.0,2.0,1447.062,16.408,785.5,8.906,1084.375,12.295,1417.312,16.07,7.855,8.906,15.0,15.0,25.0,25.0,96.761,38.25,0.4337008398322499,1133.71875,12.854765333557348,0.57375,0.6505512597483748,35.0,35.0,71.22430125974837,4141,,,0.8083939045239807,Warning
312360,5829.0,4663.947569,RUS,Russia,Khanty-Mansiy,3.446617309,0.0,0.65,0.49,5829.0,,,,,,,,,,,,,,,,,,,,,,,,,20.86738,68.93234618,0.0,,227.875,4.886,151.188,3.242,88.125,1.889,152.125,3.262,1.51188,3.242,1.321875,2.8335,3.803125,8.155,20.86738,3.65625,0.0783938915663432,100.828125,2.161862317425697,0.05484375,0.1175908373495148,3.528984375,7.566518110989939,11.267937073339452,69675,,,0.3453224517711618,Information
312370,5830.0,5521.886096,RUS,Russia,Khanty-Mansiy,2.078222572,0.0,0.65,0.49,5830.0,,,,,,,,,,,,,,,,,,,,,,,,,56.49157,41.56445144,0.0,,381.438,6.908,326.5,5.913,386.688,7.003,441.25,7.991,3.265,5.913,5.800319999999999,10.5045,11.03125,19.9775,56.49157,21.515625,0.3896426804905747,196.59375,3.5602644923256435,0.322734375,0.584464020735862,6.88078125,12.460925723139752,20.24890536887561,10096,,,0.4865051646358685,Advisory
312380,5831.0,14396.80125,RUS,Russia,Khanty-Mansiy,2.37642826,0.0,0.65,0.49,5831.0,,,,,,,,,,,,,,,,,,,,,,,,,69.632935,47.5285652,0.0,2.0,867.875,6.028,827.688,5.749,636.562,4.422,930.625,6.464,8.27688,5.749,9.548430000000002,6.632999999999999,23.265625,16.16,69.632935,15.328125,0.1064689630415152,566.578125,3.935444514626285,0.229921875,0.1597034445622727,19.830234375,13.774055801192,33.99391549575427,7759,,,0.6113995988714563,Watch
312390,5832.0,6698.306432,RUS,Russia,Khanty-Mansiy,3.119658318,0.0,0.65,0.49,5832.0,5832.0,0.0,1.0,-9999.0,-9999.0,-9999.0,0.0,10.0,-999.9,-999.9,-999.9,-5979.4,0.0,0.0,0.0,0.0,0.0,0.0,0.0,0.0,0.0,0.0,0.0,-5979.4,93.79045,62.39316636,0.0,2.0,981.188,14.648,971.188,14.499,643.938,9.613,1072.5,16.012,9.71188,10.0,9.65907,14.4195,25.0,25.0,93.79045,1.6875,0.0251929352171576,376.171875,5.615925142158056,0.0253125,0.0377894028257364,13.166015625,19.6557379975532,32.88485552537893,8361,,,0.819609327817362,Warning
312411,5833.0,17257.82742,RUS,Russia,Khanty-Mansiy,3.891649917,0.0,0.65,0.49,5833.0,5833.0,1.0,1.0,100.0,-9999.0,-9999.0,3.0,10.0,10.0,-999.9,-999.9,-3953.6,0.0,0.0,0.0,0.0,0.0,0.0,0.0,0.0,0.0,0.0,0.0,-3953.6,65.41145,77.83299834,0.0,2.0,1043.25,6.045,701.688,4.066,448.438,2.598,1291.312,7.482,7.01688,4.066,6.726569999999999,3.897,25.0,18.705,65.41145,1.6875,0.0097781717207652,1200.375,6.955539484037657,0.0253125,0.0146672575811478,35.0,24.3443881941318,59.38436795171295,4072,,,0.8603942966823523,Warning
312412,5834.0,20527.07078,RUS,Russia,Khanty-Mansiy,2.67758668,0.0,0.65,0.49,5834.0,,,,,,,,,,,,,,,,,,,,,,,,,53.902663762622055,53.551733600000006,0.0,,531.875,2.591,480.875,2.343,30.5,0.149,1112.75,5.421,4.80875,2.343,0.4575,0.2234999999999999,25.0,13.5525,46.38525,10.265625,0.0500101797861116,1095.1875,5.335332605126539,0.153984375,0.0750152696791674,35.0,18.673664117942888,53.902663762622055,29830,,,0.5591603542979062,Advisory
312413,5835.0,3128.085169,RUS,Russia,Khanty-Mansiy,2.886818979,0.0,0.65,0.49,5835.0,,,,,,,,,,,,,,,,,,,,,,,,,71.659245,57.736379580000005,0.0,2.0,599.125,19.153,508.812,16.266,104.375,3.337,1702.5,54.426,5.08812,10.0,1.565625,5.0055000000000005,25.0,25.0,71.659245,0.0,0.0,708.75,22.65763116133784,0.0,0.0,24.80625,35.0,59.80625,8997,,,0.7012487694330629,Watch
312414,5836.0,42351.20408,RUS,Russia,Khanty-Mansiy,3.241230751,0.0,0.65,0.49,5836.0,5836.0,0.0,1.0,-9999.0,-9999.0,-9999.0,0.0,10.0,-999.9,-999.9,-999.9,-5979.4,0.0,0.0,0.0,0.0,0.0,0.0,0.0,0.0,0.0,0.0,0.0,-5979.4,76.93707158027634,64.82461502,0.0,3.0,791.188,1.868,676.875,1.598,1337.375,3.158,2972.562,7.019,6.76875,1.598,15.0,4.737,25.0,17.5475,70.65125,682.59375,1.6117457930325338,3543.046875,8.365870468779296,10.23890625,2.4176186895488008,35.0,29.280546640727536,76.93707158027634,116587,1507.0,1.29,0.7830811056229237,Watch
312415,5837.0,13282.27042,RUS,Russia,Khanty-Mansiy,2.791851781,0.0,0.65,0.49,5837.0,,,,,,,,,,,,,,,,,,,,,,,,,70.15159701933297,55.83703562,0.0,3.0,35.062,0.264,29.188,0.22,3.688,0.028,325.688,2.452,0.29188,0.22,0.05532,0.042,8.1422,6.13,14.8814,5.765625,0.0434084295553058,2293.171875,17.264908798984706,0.086484375,0.0651126443329587,35.0,35.0,70.15159701933297,7279,563.0,7.73,0.6782361141963615,Watch
312416,5838.0,17562.22316,RUS,Russia,Khanty-Mansiy,3.073781747,0.0,0.65,0.49,5838.0,,,,,,,,,,,,,,,,,,,,,,,,,71.70488769760922,61.47563494,0.0,3.0,132.5,0.754,95.938,0.546,22.5,0.128,436.812,2.487,0.95938,0.546,0.3375,0.192,10.9203,6.2175,19.17268,72.421875,0.4123730484061539,3742.3125,21.30887682365936,1.086328125,0.6185595726092309,35.0,35.0,71.70488769760922,186485,2170.0,1.16,0.7327883523160069,Watch
312417,5839.0,7400.415274,RUS,Russia,Khanty-Mansiy,1.064652182,0.0,0.65,0.49,5839.0,5839.0,1.0,1.0,100.0,-9999.0,-9999.0,3.0,10.0,10.0,-999.9,-999.9,-3953.6,0.0,0.0,0.0,0.0,0.0,0.0,0.0,0.0,0.0,0.0,0.0,-3953.6,100.0,21.29304364,0.0,2.0,1803.438,24.369,1603.75,21.671,2233.25,30.177,3278.25,44.298,10.0,10.0,15.0,15.0,25.0,25.0,100.0,657.84375,8.889281555694009,2566.96875,34.68682033297102,9.86765625,13.333922333541013,35.0,35.0,93.20157858354102,284163,,,0.5946172659909975,Warning
312418,5840.0,48628.18139,RUS,Russia,Khanty-Mansiy,2.884857632,0.0,0.65,0.49,5840.0,5840.0,1.0,1.0,100.0,2.0,-9999.0,3.0,10.0,10.0,0.2,-999.9,-3130.576470588236,0.0,0.0,0.0,0.0,0.0,0.0,0.0,0.0,0.0,0.0,0.0,-3130.576470588236,97.63199807664368,57.69715264,0.0,3.0,855.438,1.759,466.375,0.959,1073.688,2.208,2329.5,4.79,4.66375,0.959,15.0,3.3120000000000003,25.0,11.975,60.90975,4095.140625,8.421332051095776,11381.34375,23.404831160447287,15.0,12.631998076643663,35.0,35.0,97.63199807664368,265991,6758.0,2.54,0.7985212345656068,Warning
312419,5841.0,15477.35634,RUS,Russia,Khanty-Mansiy,1.93339165,0.0,0.65,0.49,5841.0,5841.0,0.0,7.0,-9999.0,-9999.0,-9999.0,0.0,4.0,-999.9,-999.9,-999.9,-5991.4,0.0,0.0,0.0,0.0,0.0,0.0,0.0,0.0,0.0,0.0,0.0,-5991.4,90.5765718677121,38.667833,0.0,3.0,337.312,2.179,336.5,2.174,2703.062,17.465,3592.062,23.209,3.365,2.174,15.0,15.0,25.0,25.0,85.539,833.34375,5.384277078474734,1735.734375,11.21466958818995,12.50015625,8.076415617712101,35.0,35.0,90.5765718677121,196113,4213.0,2.15,0.6516914765701773,Warning
312421,5842.0,8507.932463,RUS,Russia,Khanty-Mansiy,2.687992537,0.0,0.65,0.49,5842.0,5842.0,1.0,1.0,100.0,-9999.0,-9999.0,3.0,10.0,10.0,-999.9,-999.9,-3953.6,0.0,0.0,0.0,0.0,0.0,0.0,0.0,0.0,0.0,0.0,0.0,-3953.6,98.426171875,53.75985074,0.0,3.0,0.0,0.0,0.0,0.0,429.25,5.045,1042.625,12.255,0.0,0.0,6.43875,7.5675,25.0,25.0,64.00625,895.078125,10.5205128147846,1337.484375,15.720439494330924,13.426171875,15.0,35.0,35.0,98.426171875,29170,1688.0,5.79,0.7750129753146218,Warning
312422,5843.0,14471.45317,RUS,Russia,Khanty-Mansiy,2.787363749,0.0,0.65,0.49,5843.0,,,,,,,,,,,,,,,,,,,,,,,,,97.24976323778542,55.74727498,0.0,3.0,0.0,0.0,0.0,0.0,50.125,0.346,355.188,2.454,0.0,0.0,0.751875,0.5189999999999999,8.8797,6.135000000000001,16.285575,1181.8125,8.166508825190279,1894.78125,13.093234163566612,15.0,12.24976323778542,35.0,35.0,97.24976323778542,3238,23.0,0.71,0.7844660597650818,Warning
312423,5844.0,2974.265501,RUS,Russia,Khanty-Mansiy,3.032627771,0.0,0.65,0.49,5844.0,5844.0,1.0,1.0,100.0,-9999.0,-9999.0,3.0,10.0,10.0,-999.9,-999.9,-3953.6,0.0,0.0,0.0,0.0,0.0,0.0,0.0,0.0,0.0,0.0,0.0,-3953.6,98.253203125,60.65255542,0.0,3.0,0.625,0.021,0.625,0.021,286.438,9.631,839.688,28.232,0.00625,0.021,4.29657,14.4465,20.9922,25.0,64.76252,883.546875,29.706388843573617,1200.515625,40.36343172968136,13.253203125,15.0,35.0,35.0,98.253203125,4026,91.0,2.26,0.8199348471199317,Warning
312424,5845.0,17670.56785,RUS,Russia,Khanty-Mansiy,3.420138873,0.0,0.65,0.49,5845.0,,,,,,,,,,,,,,,,,,,,,,,,,100.0,68.40277746,0.0,3.0,9.938,0.056,9.5,0.054,160.062,0.906,404.125,2.287,0.095,0.054,2.40093,1.359,10.103125,5.717499999999999,19.729555,1915.875,10.842181280913914,2509.3125,14.200519874972686,15.0,15.0,35.0,35.0,100.0,75,0.0,0.0,0.8753602063802717,Warning
312425,5846.0,2131.449399,RUS,Russia,Khanty-Mansiy,4.009540966,0.0,0.65,0.49,5846.0,,,,,,,,,,,,,,,,,,,,,,,,,88.49046875,80.19081932,0.0,3.0,0.0,0.0,0.0,0.0,735.438,34.504,881.25,41.345,0.0,0.0,11.03157,15.0,22.03125,25.0,73.06282,648.140625,30.40844531200423,821.953125,38.56310758270009,9.722109375,15.0,28.768359375,35.0,88.49046875,936,421.0,44.98,0.932770754678318,Warning
312426,5847.0,9635.123139,RUS,Russia,Khanty-Mansiy,3.100742106,0.0,0.65,0.49,5847.0,5847.0,1.0,1.0,100.0,2.0,-9999.0,3.0,10.0,10.0,0.2,-999.9,-1953.4,0.0,0.0,0.0,0.0,0.0,0.0,0.0,0.0,0.0,0.0,0.0,-1953.4,96.8320539612712,62.01484212,0.0,3.0,150.562,1.563,139.812,1.451,277.688,2.882,178.5,1.853,1.39812,1.451,4.16532,4.323,4.4625,4.6325,20.43244,877.78125,9.110223474180785,1597.5,16.579964541283836,13.16671875,13.665335211271175,35.0,35.0,96.8320539612712,7,0.0,0.0,0.8253074273304544,Warning
312427,5848.0,218.0575925,RUS,Russia,Khanty-Mansiy,3.988263288,0.0,0.65,0.49,5848.0,,,,,,,,,,,,,,,,,,,,,,,,,67.013515625,79.76526576,0.0,3.0,3.375,1.548,3.375,1.548,212.125,97.279,229.688,105.333,0.03375,1.548,3.181875,15.0,5.7422,25.0,50.505825,320.484375,146.97235318018232,348.75,159.93481170989563,4.807265625,15.0,12.20625,35.0,67.013515625,13,13.0,100.0,0.884442905322236,Warning
312429,5850.0,19719.21921,RUS,Russia,Khanty-Mansiy,4.012540684,0.0,0.65,0.49,5850.0,5850.0,1.0,1.0,100.0,2.0,-9999.0,3.0,10.0,10.0,0.2,-999.9,-1953.4000000000008,0.0,0.0,0.0,0.0,0.0,0.0,0.0,0.0,0.0,0.0,0.0,-1953.4000000000008,98.4130326597702,80.25081368000001,0.0,3.0,528.688,2.681,371.875,1.886,325.562,1.651,76.375,0.387,3.71875,1.886,4.883430000000001,2.4765,1.909375,0.9675,15.841555,1763.296875,8.94202177318013,3604.078125,18.276981898463475,15.0,13.413032659770195,35.0,35.0,98.4130326597702,271,29.0,10.7,0.9458697405529124,Warning
312431,5851.0,8310.848159,RUS,Russia,Tomsk,0.702847749,0.0,0.65,0.49,5851.0,,,,,,,,,,,,,,,,,,,,,,,,,92.45659122769194,14.05695498,0.0,3.0,8.0,0.096,8.0,0.096,1979.312,23.816,2745.75,33.038,0.08,0.096,15.0,15.0,25.0,25.0,80.176,679.5,8.176060818461298,1162.828125,13.991690171327914,10.1925,12.264091227691948,35.0,35.0,92.45659122769194,50182,3274.0,6.52,0.529118602104153,Warning
312432,5852.0,4066.760916,RUS,Russia,Tomsk,1.518290314,0.0,0.65,0.49,5852.0,,,,,,,,,,,,,,,,,,,,,,,,,65.81327,30.36580628,0.0,2.0,91.375,2.247,91.375,2.247,455.688,11.205,632.688,15.558,0.91375,2.247,6.835319999999999,15.0,15.8172,25.0,65.81327,275.34375,6.770591034408681,414.421875,10.190465668234108,4.13015625,10.15588655161302,14.504765625,35.0,63.79080842661302,302,,,0.4774979380077047,Watch
312434,5854.0,3624.905654,RUS,Russia,Tomsk,0.621634844,0.0,0.65,0.49,5854.0,,,,,,,,,,,,,,,,,,,,,,,,,44.35726973328767,12.43269688,0.0,,0.0,0.0,0.0,0.0,156.438,4.316,240.875,6.645,0.0,0.0,2.34657,6.474,6.021875,16.612499999999997,31.454944999999995,163.96875,4.523393590206556,266.90625,7.363122670850809,2.45953125,6.785090385309834,9.34171875,25.77092934797784,44.35726973328767,344,,,0.2482107385072832,Advisory
312435,5855.0,9636.153042,RUS,Russia,Tomsk,2.292578225,0.0,0.65,0.49,5855.0,5855.0,0.0,5.0,-9999.0,-9999.0,-9999.0,0.0,6.0,-999.9,-999.9,-999.9,-5987.4,0.0,0.0,0.0,0.0,0.0,0.0,0.0,0.0,0.0,0.0,0.0,-5987.4,100.0,45.8515645,0.0,3.0,424.75,4.408,420.125,4.36,2211.062,22.945,3218.562,33.401,4.20125,4.36,15.0,15.0,25.0,25.0,88.56125,1661.203125,17.23927710394578,2206.265625,22.895709682875257,15.0,15.0,35.0,35.0,100.0,570,147.0,25.789473684210527,0.7302076430710701,Warning
312436,5856.0,6880.033195,RUS,Russia,Tomsk,2.491481174,0.0,0.65,0.49,5856.0,,,,,,,,,,,,,,,,,,,,,,,,,94.09338,49.82962348,0.0,2.0,686.812,9.983,574.438,8.349,1203.75,17.496,1437.188,20.889,5.74438,8.349,15.0,15.0,25.0,25.0,94.09338,581.0625,8.445635122554165,711.5625,10.342428296254615,8.7159375,12.668452683831248,24.9046875,35.0,81.28907768383125,97,,,0.7352806081780185,Warning
312437,5857.0,2109.323967,RUS,Russia,Tomsk,3.057466806,0.0,0.65,0.49,5857.0,,,,,,,,,,,,,,,,,,,,,,,,,100.0,61.14933612,0.0,2.0,1116.75,52.944,1053.062,49.924,1724.938,81.777,2213.938,104.96,10.0,10.0,15.0,15.0,25.0,25.0,100.0,831.09375,39.40095323922793,977.625,46.34778797277709,12.46640625,15.0,34.216875,35.0,96.68328125,313,,,0.8277841366238461,Warning
312438,5858.0,31492.10686,RUS,Russia,Tomsk,2.810493302,0.0,0.65,0.49,5858.0,5858.0,0.0,1.0,2.0,-9999.0,-9999.0,0.0,10.0,0.2,-999.9,-999.9,-3979.2,0.0,0.0,0.0,0.0,0.0,0.0,0.0,0.0,0.0,0.0,0.0,-3979.2,72.43189632353128,56.20986604,0.0,3.0,411.5,1.307,277.5,0.881,224.25,0.712,295.188,0.937,2.775,0.881,3.36375,1.068,7.379700000000001,2.3425,17.80995,916.03125,2.908764580750022,1739.109375,5.522365914973215,13.74046875,4.363146871125033,35.0,19.328280702406254,72.43189632353128,2469,124.0,5.02,0.6926016015994142,Watch
312439,5859.0,3424.944131,RUS,Russia,Tomsk,3.167907682,0.0,0.65,0.49,5859.0,,,,,,,,,,,,,,,,,,,,,,,,,97.67062,63.35815364,0.0,2.0,832.5,24.307,767.062,22.396,1359.25,39.687,1845.125,53.873,7.67062,10.0,15.0,15.0,25.0,25.0,97.67062,411.328125,12.009776195825824,713.953125,20.845686750840244,6.169921875,15.0,24.988359375,35.0,81.15828125,322,,,0.8365580793937109,Warning
312441,5860.0,3690.417133,RUS,Russia,Tomsk,3.158622243,0.0,0.65,0.49,5860.0,,,,,,,,,,,,,,,,,,,,,,,,,53.73707,63.17244486,0.0,2.0,88.375,2.395,74.062,2.007,285.25,7.729,404.688,10.966,0.74062,2.007,4.27875,11.5935,10.1172,25.0,53.73707,184.5,4.999434843020495,242.859375,6.580810955713716,2.7675,7.499152264530743,8.500078125,23.032838344998005,41.79956873452875,1554,,,0.6472314875087464,Watch
312442,5861.0,14209.6444,RUS,Russia,Tomsk,1.04320903,0.0,0.65,0.49,5861.0,,,,,,,,,,,,,,,,,,,,,,,,,11.126535226078133,20.8641806,0.0,,0.375,0.003,0.375,0.003,0.75,0.005,2.062,0.015,0.00375,0.003,0.01125,0.0075,0.0515499999999999,0.0375,0.1145499999999999,74.109375,0.5215427840532247,154.828125,1.0895988714280844,1.111640625,0.7823141760798371,5.418984375,3.813596049998296,11.126535226078133,3767,,,0.0248909772198828,Information
312443,5862.0,1863.84485,RUS,Russia,Tomsk,3.755017623,0.0,0.65,0.49,5862.0,,,,,,,,,,,,,,,,,,,,,,,,,60.70421472941244,75.10035246,0.0,3.0,1.625,0.087,1.625,0.087,48.062,2.579,122.312,6.562,0.01625,0.087,0.7209299999999998,3.8685,3.0578,16.405,24.15548,182.25,9.778174402941628,237.234375,12.728225476668618,2.73375,14.667261604412442,8.303203125,35.0,60.70421472941244,94,0.0,0.0,0.81357819123633,Warning
312444,5863.0,9382.681575,RUS,Russia,Tomsk,1.477798864,0.0,0.65,0.49,5863.0,,,,,,,,,,,,,,,,,,,,,,,,,21.74989937173411,29.55597728,0.0,,0.0,0.0,0.0,0.0,9.438,0.101,38.625,0.412,0.0,0.0,0.14157,0.1515,0.965625,1.03,2.288695,138.515625,1.4762903749710292,241.453125,2.5733914455078755,2.077734375,2.214435562456544,8.450859375,9.006870059277563,21.74989937173411,838,,,0.1199555033188615,Information
312445,5864.0,16102.89518,RUS,Russia,Tomsk,2.479600973,0.0,0.65,0.49,5864.0,5864.0,0.0,1.0,-9999.0,-9999.0,-9999.0,0.0,10.0,-999.9,-999.9,-999.9,-5979.4,0.0,0.0,0.0,0.0,0.0,0.0,0.0,0.0,0.0,0.0,0.0,-5979.4,90.37831737995948,49.59201946,0.0,3.0,0.0,0.0,0.0,0.0,125.0,0.776,687.312,4.268,0.0,0.0,1.875,1.164,17.1828,10.67,30.891800000000003,1016.71875,6.313887896210979,1422.0,8.83071015304086,15.0,9.470831844316468,35.0,30.90748553564301,90.37831737995948,5490,193.0,3.52,0.7203410241548387,Warning
312450,5869.0,29817.1818,RUS,Russia,Tomsk,2.889512211,0.0,0.65,0.49,5869.0,5869.0,0.0,3.0,-9999.0,-9999.0,-9999.0,0.0,8.0,-999.9,-999.9,-999.9,-5983.4,0.0,0.0,0.0,0.0,0.0,0.0,0.0,0.0,0.0,0.0,0.0,-5983.4,77.3665,57.79024422,0.0,2.0,1331.562,4.466,1244.812,4.175,1477.688,4.956,1879.5,6.303,10.0,4.175,15.0,7.434000000000001,25.0,15.7575,77.3665,742.21875,2.4892317288264567,1223.015625,4.101714351194334,11.13328125,3.733847593239685,35.0,14.35600022918017,64.22312907241985,17931,,,0.7277102491834359,Watch
312461,5870.0,92.39916466,RUS,Russia,Tomsk,3.949701122,0.0,0.65,0.49,5870.0,,,,,,,,,,,,,,,,,,,,,,,,,52.99625,78.99402244,0.0,2.0,40.688,44.034,32.25,34.903,45.75,49.513,79.5,86.04,0.3225,10.0,0.68625,15.0,1.9875,25.0,52.99625,16.171875,17.502187449399564,28.546875,30.8951656715488,0.242578125,15.0,0.999140625,35.0,51.24171875,1353,,,0.8226247298728844,Warning
312462,5871.0,9006.442197,RUS,Russia,Tomsk,3.555710872,0.0,0.65,0.49,5871.0,5871.0,1.0,1.0,100.0,2.0,-9999.0,3.0,10.0,10.0,0.2,-999.9,-1953.4,0.0,0.0,0.0,0.0,0.0,0.0,0.0,0.0,0.0,0.0,0.0,-1953.4,11.964009871304675,71.11421744,0.0,,4.25,0.047,3.938,0.044,3.438,0.038,19.562,0.217,0.03938,0.044,0.05157,0.0569999999999999,0.48905,0.5425,1.2235,29.8125,0.3310130609491731,149.203125,1.6566266871088335,0.4471875,0.4965195914237597,5.222109375,5.798193404880918,11.964009871304675,54,,,0.1890380844867025,Information
312463,5872.0,20018.98825,RUS,Russia,Tomsk,3.094420531,0.0,0.65,0.49,5872.0,,,,,,,,,,,,,,,,,,,,,,,,,75.1874218704673,61.88841062,0.0,3.0,1423.562,7.111,903.0,4.511,796.125,3.977,710.062,3.547,9.03,4.511,11.941875,5.9655,17.751549999999998,8.8675,58.06742499999999,230.625,1.152031246978204,3026.109375,15.116195368124377,3.459375,1.7280468704673058,35.0,35.0,75.1874218704673,17895,158.0,0.88,0.7515785311403793,Watch
312464,5873.0,7741.526993,RUS,Russia,Tomsk,1.87945638,0.0,0.65,0.49,5873.0,,,,,,,,,,,,,,,,,,,,,,,,,3.654600875427565,37.5891276,0.0,,15.5,0.2,11.312,0.146,0.25,0.003,0.0,0.0,0.11312,0.146,0.00375,0.0045,0.0,0.0,0.26737,0.0,0.0,45.5625,0.58854667869359,0.0,0.0,1.5946875,2.059913375427565,3.654600875427565,872,,,0.0022716190329173,Information
312465,5874.0,4108.455043,RUS,Russia,Tomsk,2.135230491,0.0,0.65,0.49,5874.0,,,,,,,,,,,,,,,,,,,,,,,,,53.335782692881466,42.70460982,0.0,,174.438,4.246,106.75,2.598,65.125,1.585,9.938,0.242,1.0675,2.598,0.976875,2.3775,0.24845,0.605,7.873324999999999,52.875,1.2869801285876423,446.0625,10.85718342521277,0.793125,1.930470192881464,15.6121875,35.0,53.335782692881466,1599,,,0.4714550589351385,Advisory
312466,5875.0,9188.345699,RUS,Russia,Tomsk,2.436746204,0.0,0.65,0.49,5875.0,,,,,,,,,,,,,,,,,,,,,,,,,6.341849791295763,48.73492408,0.0,,92.938,1.011,51.5,0.56,7.438,0.081,0.0,0.0,0.515,0.56,0.11157,0.1215,0.0,0.0,1.30807,0.0,0.0,86.765625,0.9443008332273608,0.0,0.0,3.036796875,3.3050529162957627,6.341849791295763,1125,,,0.0183161212054379,Information
312467,5876.0,16863.33655,RUS,Russia,Tomsk,2.869911831,0.0,0.65,0.49,5876.0,,,,,,,,,,,,,,,,,,,,,,,,,9.567722098246016,57.39823662,0.0,,400.062,2.372,207.312,1.229,58.875,0.349,4.688,0.028,2.0731200000000003,1.229,0.883125,0.5235,0.1171999999999999,0.07,4.895945000000001,1.40625,0.0083390970457644,171.0,1.0140342007649623,0.02109375,0.0125086455686465,5.985,3.549119702677368,9.567722098246016,1013,,,0.0676531124634274,Information
312468,5877.0,5920.384567,RUS,Russia,Krasnoyarsk,4.001414315,0.0,0.65,0.49,5877.0,,,,,,,,,,,,,,,,,,,,,,,,,0.5294125197557186,80.02828629999999,0.0,,23.0,0.388,12.812,0.216,0.312,0.005,0.0,0.0,0.1281199999999999,0.216,0.00468,0.0075,0.0,0.0,0.3563,0.0,0.0,5.625,0.0950107199302053,0.0,0.0,0.196875,0.3325375197557185,0.5294125197557186,0,,,0.0001415436385816,Information
312469,5878.0,22293.23016,RUS,Russia,Krasnoyarsk,1.491596707,0.0,0.65,0.49,5878.0,,,,,,,,,,,,,,,,,,,,,,,,,12.20089227895778,29.83193414,0.0,,136.0,0.61,69.875,0.313,2.625,0.012,0.0,0.0,0.69875,0.313,0.039375,0.018,0.0,0.0,1.069125,3.375,0.0151391250847293,239.203125,1.0729854903801954,0.050625,0.0227086876270939,8.372109375,3.755449216330684,12.20089227895778,2250,,,0.04011231346742,Information
312471,5879.0,1730.530962,RUS,Russia,Tomsk,3.144871717,0.0,0.65,0.49,5879.0,,,,,,,,,,,,,,,,,,,,,,,,,97.43282,62.89743434,0.0,2.0,950.625,54.933,902.375,52.144,893.938,51.657,1148.188,66.349,9.02375,10.0,13.40907,15.0,25.0,25.0,97.43282,480.375,27.7588214512436,829.125,47.91159580694738,7.205625,15.0,29.019375,35.0,86.225,3772,,,0.8328470227847447,Warning
312472,5880.0,3474.394695,RUS,Russia,Tomsk,3.080599567,0.0,0.65,0.49,5880.0,,,,,,,,,,,,,,,,,,,,,,,,,45.86849197375389,61.61199134,0.0,,111.5,3.209,81.312,2.34,124.062,3.571,174.938,5.035,0.81312,2.34,1.86093,5.3565000000000005,4.37345,12.5875,27.3315,147.65625,4.2498409923537945,274.640625,7.904704245778057,2.21484375,6.374761488530692,9.612421875,27.6664648602232,45.86849197375389,244,,,0.5706515863547015,Advisory
312473,5881.0,965.5492375,RUS,Russia,Tomsk,3.421747403,0.0,0.65,0.49,5881.0,,,,,,,,,,,,,,,,,,,,,,,,,72.753828125,68.43494806,0.0,3.0,229.688,23.788,196.125,20.312,171.312,17.742,233.75,24.209,1.96125,10.0,2.56968,15.0,5.84375,25.0,60.37468,210.65625,21.817245751799376,559.828125,57.980277261624366,3.15984375,15.0,19.593984375,35.0,72.753828125,6,0.0,0.0,0.7981498637100295,Watch
312474,5882.0,26564.15308,RUS,Russia,Tomsk,2.312577077,0.0,0.65,0.49,5882.0,5882.0,0.0,1.0,-9999.0,-9999.0,-9999.0,0.0,10.0,-999.9,-999.9,-999.9,-5979.4,0.0,0.0,0.0,0.0,0.0,0.0,0.0,0.0,0.0,0.0,0.0,-5979.4,27.20719868644914,46.25154154,0.0,,145.062,0.546,129.188,0.486,150.062,0.565,136.188,0.513,1.29188,0.486,2.2509300000000003,0.8474999999999999,3.4047,1.2825,9.56351,268.734375,1.01164292400429,449.578125,1.6924240858407724,4.031015625,1.5174643860064347,15.735234375,5.923484300442704,27.20719868644914,26339,,,0.2479884595811595,Information
312475,5883.0,2655.164959,RUS,Russia,Tomsk,2.521944233,0.0,0.65,0.49,5883.0,5883.0,0.0,1.0,2.0,-9999.0,-9999.0,0.0,10.0,0.2,-999.9,-999.9,-3979.2,0.0,0.0,0.0,0.0,0.0,0.0,0.0,0.0,0.0,0.0,0.0,-3979.2,88.795625,50.43888466,0.0,3.0,311.875,11.746,254.375,9.58,294.938,11.108,283.938,10.694,2.54375,9.58,4.42407,15.0,7.098450000000001,25.0,63.64627,343.96875,12.954703578203262,961.03125,36.19478505864313,5.15953125,15.0,33.63609375,35.0,88.795625,35144,1015.0,2.89,0.7200973810099971,Warning
312476,5884.0,1634.327646,RUS,Russia,Tomsk,2.127520091,0.0,0.65,0.49,5884.0,,,,,,,,,,,,,,,,,,,,,,,,,18.57986997579772,42.550401820000005,0.0,,38.812,2.375,10.625,0.65,4.875,0.298,17.188,1.052,0.10625,0.65,0.073125,0.4469999999999999,0.4296999999999999,2.63,4.336074999999999,27.984375,1.7122867053791735,62.578125,3.828982833636845,0.419765625,2.56843005806876,2.190234375,13.401439917728958,18.57986997579772,21,,,0.1294849303080527,Information
312477,5885.0,649.8247128,RUS,Russia,Tomsk,3.255133119,0.0,0.65,0.49,5885.0,,,,,,,,,,,,,,,,,,,,,,,,,52.30448842089722,65.10266238,0.0,3.0,31.75,4.886,15.812,2.433,21.375,3.289,16.938,2.606,0.1581199999999999,2.433,0.320625,4.9335,0.42345,6.515,14.783695000000002,63.140625,9.716562598196894,64.125,9.868045756743395,0.947109375,14.574843897295342,2.244375,34.53816014860188,52.30448842089722,5479,0.0,0.0,0.6571405572752483,Watch
312478,5886.0,1640.956643,RUS,Russia,Tomsk,2.908667796,0.0,0.65,0.49,5886.0,,,,,,,,,,,,,,,,,,,,,,,,,0.22405,58.17335592,0.0,,1.5,0.091,1.5,0.091,1.0,0.061,0.062,0.004,0.015,0.091,0.015,0.0915,0.00155,0.01,0.22405,,,,,,,,,,3708,,,8.502151892244359e-08,Information
312479,5887.0,127.1576968,RUS,Russia,Tomsk,4.003083573,0.0,0.65,0.49,5887.0,,,,,,,,,,,,,,,,,,,,,,,,,50.63984375,80.06167145999999,0.0,3.0,7.25,5.702,6.062,4.768,4.5,3.539,2.688,2.114,0.06062,4.768,0.0675,5.3085,0.0672,5.285,15.55682,12.796875,10.063783256017214,12.796875,10.063783256017214,0.191953125,15.0,0.447890625,35.0,50.63984375,0,0.0,0.0,0.8243562209976063,Warning
312481,5888.0,17388.31762,RUS,Russia,Tomsk,2.923640631,0.0,0.65,0.49,5888.0,,,,,,,,,,,,,,,,,,,,,,,,,22.766699056401883,58.47281262,0.0,,254.438,1.463,180.375,1.037,218.938,1.259,153.875,0.885,1.80375,1.037,3.28407,1.8885,3.846875,2.2125,14.072695,278.15625,1.599673160219188,293.765625,1.6894424831637431,4.17234375,2.399509740328782,10.281796875,5.913048691073101,22.766699056401883,28311,,,0.2739035320767166,Information
312482,5889.0,61487.88358,RUS,Russia,Kemerovo,2.087244715,0.0,0.65,0.49,5889.0,5889.0,0.0,1.0,-9999.0,-9999.0,-9999.0,0.0,10.0,-999.9,-999.9,-999.9,-5979.4,0.0,0.0,0.0,0.0,0.0,0.0,0.0,0.0,0.0,0.0,0.0,-5979.4,18.25016950005751,41.744894300000006,0.0,,35.062,0.057,32.75,0.053,38.125,0.062,16.562,0.027,0.3275,0.053,0.571875,0.093,0.41405,0.0675,1.526925,255.375,0.4153257278481016,339.046875,0.5514043666529588,3.830625,0.6229885917721525,11.866640625,1.929915283285356,18.25016950005751,2601913,,,0.1228906318495466,Information
312483,5890.0,61297.22911,RUS,Russia,Novosibirsk,1.826734254,0.0,0.65,0.49,5890.0,5890.0,2.0,11.0,100.0,41.0,-9999.0,7.0,1.0,10.0,4.1,-999.9,-2627.766666666667,0.0,0.0,0.0,0.0,0.0,0.0,0.0,0.0,0.0,0.0,0.0,-2627.766666666667,69.42616868180993,36.53468508,0.0,3.0,257.812,0.421,220.188,0.359,173.0,0.282,282.438,0.461,2.20188,0.359,2.595,0.4229999999999999,7.06095,1.1525,13.79233,2204.15625,3.5958497339146267,2457.5625,4.009255451696569,15.0,5.39377460087194,35.0,14.03239408093799,69.42616868180993,2585637,8097.0,0.31,0.5357651376353973,Watch
312484,5891.0,23905.89685,RUS,Russia,Altay,1.892637966,0.0,0.65,0.49,5891.0,5891.0,0.0,1.0,-9999.0,-9999.0,-9999.0,0.0,10.0,-999.9,-999.9,-999.9,-5979.4,0.0,0.0,0.0,0.0,0.0,0.0,0.0,0.0,0.0,0.0,0.0,-5979.4,4.065775986277013,37.85275932,0.0,,,,,,,,,,,,,,,,,39.515625,0.1652965594892522,64.96875,0.2717687205837528,0.592734375,0.2479448392338783,2.27390625,0.9511905220431348,4.065775986277013,251693,,,0.0031966031246464,Information
312485,5892.0,41685.42058,RUS,Russia,Altay,2.976497959,0.0,0.65,0.49,5892.0,5892.0,1.0,3.0,72.0,2.0,-9999.0,3.0,8.0,7.2,0.2,-999.9,-1966.4666666666665,0.0,0.0,0.0,0.0,0.0,0.0,0.0,0.0,0.0,0.0,0.0,-1966.4666666666665,48.04375451714326,59.52995918,0.0,,365.312,0.876,253.625,0.608,0.688,0.002,3.438,0.008,2.53625,0.608,0.01032,0.003,0.08595,0.02,3.26352,215.296875,0.5164800354514508,1076.625,2.582737525418882,3.229453125,0.7747200531771763,35.0,9.039581338966087,48.04375451714326,1187204,,,0.568104411607522,Advisory
312486,5893.0,22459.70535,RUS,Russia,Altay,2.178204053,0.0,0.65,0.49,5893.0,5893.0,1.0,3.0,100.0,5.0,-9999.0,3.0,8.0,10.0,0.5,-999.9,-2458.95,0.0,0.0,0.0,0.0,0.0,0.0,0.0,0.0,0.0,0.0,0.0,-2458.95,23.55924815586685,43.56408106,0.0,,97.312,0.433,44.625,0.199,0.188,0.001,0.562,0.003,0.44625,0.199,0.00282,0.0015,0.01405,0.0075,0.6711199999999999,29.53125,0.1314854738381675,453.09375,2.017362841459885,0.44296875,0.1972282107572512,15.85828125,7.060769945109598,23.55924815586685,85378,,,0.1911715033768882,Information
312487,5894.0,16523.3943,RUS,Russia,Altay,2.178298454,0.0,0.65,0.49,5894.0,5894.0,1.0,10.0,41.0,5.0,-9999.0,3.0,1.0,4.1,0.5,-999.9,-970.2,0.0,0.0,0.0,0.0,0.0,0.0,0.0,0.0,0.0,0.0,0.0,-970.2,6.694070760418239,43.56596908,0.0,,102.062,0.618,70.375,0.426,0.0,0.0,0.125,0.001,0.70375,0.426,0.0,0.0,0.003125,0.0025,1.135375,0.421875,0.0025531981643077,118.96875,0.7200018823347933,0.006328125,0.0038297972464615,4.16390625,2.5200065881717766,6.694070760418239,88282,,,0.0165095821227914,Information
312488,5895.0,36931.45307,RUS,Russia,Gorno-Altay,2.18520908,0.0,0.65,0.49,5895.0,5895.0,1.0,2.0,100.0,-9999.0,-9999.0,3.0,9.0,10.0,-999.9,-999.9,-3467.25,0.0,0.0,0.0,0.0,0.0,0.0,0.0,0.0,0.0,0.0,0.0,-3467.25,8.395434031149165,43.7041816,0.0,,22.062,0.06,19.438,0.053,0.688,0.002,0.062,0.0,0.19438,0.053,0.01032,0.003,0.00155,0.0,0.26225,26.015625,0.0704430041001693,177.609375,0.4809162928568317,0.390234375,0.1056645061502539,6.216328125,1.6832070249989108,8.395434031149165,246759,,,0.0285246918780926,Information
312489,5896.0,61184.54234,RUS,Russia,Gorno-Altay,3.481254713,0.0,0.65,0.49,5896.0,5896.0,1.0,9.0,78.0,2.0,-9999.0,3.0,2.0,7.8,0.2,-999.9,-2683.5571428571434,0.0,0.0,0.0,0.0,0.0,0.0,0.0,0.0,0.0,0.0,0.0,-2683.5571428571434,10.25254208821388,69.62509426,0.0,,97.375,0.159,38.25,0.063,0.938,0.002,0.0,0.0,0.3825,0.063,0.01407,0.003,0.0,0.0,0.46257,2.109375,0.0034475619481701,250.875,0.4100300343690352,0.031640625,0.0051713429222551,8.780625,1.4351051202916232,10.25254208821388,235902,,,0.1387193414434377,Information
312491,5897.0,4468.544879,RUS,Russia,Tomsk,3.002246152,0.0,0.65,0.49,5897.0,5897.0,0.0,1.0,-9999.0,-9999.0,-9999.0,0.0,10.0,-999.9,-999.9,-999.9,-5979.4,0.0,0.0,0.0,0.0,0.0,0.0,0.0,0.0,0.0,0.0,0.0,-5979.4,3.9749851530145865,60.04492304,0.0,,27.625,0.618,17.312,0.387,3.0,0.067,0.125,0.003,0.17312,0.387,0.045,0.1005,0.003125,0.0075,0.7162450000000001,17.859375,0.3996686949402663,27.421875,0.6136645316011964,0.267890625,0.5995030424103994,0.959765625,2.147825860604187,3.9749851530145865,2091,,,0.0105069474711785,Information
312492,5898.0,8995.607984,RUS,Russia,Tomsk,1.665745691,0.0,0.65,0.49,5898.0,,,,,,,,,,,,,,,,,,,,,,,,,0.5727450000000001,33.31491382,0.0,,28.812,0.32,17.562,0.195,6.375,0.071,0.0,0.0,0.17562,0.195,0.095625,0.1064999999999999,0.0,0.0,0.5727450000000001,0.703125,0.0078163143752586,2.390625,0.0265754688758795,0.010546875,0.0117244715628879,0.083671875,0.0930141410655782,0.1989573626284661,1688,,,9.81016751538961e-07,Information
312493,5899.0,14232.44264,RUS,Russia,Tomsk,2.516637016,0.0,0.65,0.49,5899.0,,,,,,,,,,,,,,,,,,,,,,,,,9.956736009854763,50.33274032,0.0,,21.125,0.148,14.188,0.1,13.438,0.094,1.625,0.011,0.14188,0.1,0.20157,0.141,0.040625,0.0274999999999999,0.652575,114.890625,0.8072446024831892,117.84375,0.827993851751423,1.723359375,1.2108669037247837,4.12453125,2.8979784811299805,9.956736009854763,48656,,,0.0540165841433579,Information
312495,5901.0,461.918,RUS,Russia,Tomsk,2.203056919,0.0,0.65,0.49,5901.0,,,,,,,,,,,,,,,,,,,,,,,,,20.06547802264021,44.06113838,0.0,,0.812,0.176,0.562,0.122,0.25,0.054,0.062,0.014,0.00562,0.122,0.00375,0.081,0.00155,0.035,0.24892,17.71875,3.835908104528042,17.71875,3.835908104528042,0.26578125,5.753862156792064,0.62015625,13.425678365848148,20.06547802264021,9907,,,0.1526206134373645,Information
312497,5903.0,9977.416363,RUS,Russia,Krasnoyarsk,3.011002406,0.0,0.65,0.49,5903.0,,,,,,,,,,,,,,,,,,,,,,,,,9.656384890815064,60.22004812,0.0,,24.562,0.246,10.75,0.108,5.562,0.056,0.188,0.002,0.1075,0.108,0.08343,0.084,0.0046999999999999,0.005,0.39263,47.53125,0.4763883581704309,117.421875,1.1768765653026916,0.71296875,0.7145825372556464,4.109765625,4.11906797855942,9.656384890815064,8083,,,0.0784252763377371,Information
312498,5904.0,10481.69002,RUS,Russia,Krasnoyarsk,1.359117978,0.0,0.65,0.49,5904.0,,,,,,,,,,,,,,,,,,,,,,,,,1.808101914722442,27.18235956,0.0,,20.062,0.191,11.625,0.111,0.0,0.0,0.125,0.001,0.11625,0.111,0.0,0.0,0.003125,0.0025,0.232875,0.0,0.0,26.4375,0.2522255470635549,0.0,0.0,0.9253125,0.8827894147224421,1.808101914722442,16083,,,0.0001096492591686,Information
312499,5905.0,41188.62624,RUS,Russia,Krasnoyarsk,2.220908182,0.0,0.65,0.49,5905.0,5905.0,1.0,1.0,100.0,-9999.0,-9999.0,3.0,10.0,10.0,-999.9,-999.9,-4460.05,0.0,0.0,0.0,0.0,0.0,0.0,0.0,0.0,0.0,0.0,0.0,-4460.05,12.530772876406203,44.41816364,0.0,,110.188,0.268,97.312,0.236,56.75,0.138,46.625,0.113,0.97312,0.236,0.85125,0.207,1.165625,0.2825,3.715495,53.015625,0.1287142345753332,265.359375,0.6442540070123444,0.795234375,0.1930713518629998,9.287578125,2.254889024543205,12.530772876406203,382306,,,0.0681556428245246,Information
312510,5906.0,5909.034468,RUS,Russia,Khanty-Mansiy,4.011182969,0.0,0.65,0.49,5906.0,5906.0,0.0,1.0,-9999.0,-9999.0,-9999.0,0.0,10.0,-999.9,-999.9,-999.9,-5979.4,0.0,0.0,0.0,0.0,0.0,0.0,0.0,0.0,0.0,0.0,0.0,-5979.4,95.11657,80.22365938,0.0,2.0,1972.938,33.388,1313.25,22.224,674.438,11.414,2212.062,37.435,10.0,10.0,10.11657,15.0,25.0,25.0,95.11657,0.421875,0.0071394912707031,1024.453125,17.33706463569089,0.006328125,0.0107092369060546,35.0,35.0,70.01703736190606,125661,,,0.9418641674722796,Warning
312521,5907.0,13540.68858,RUS,Russia,Khanty-Mansiy,2.867476193,0.0,0.65,0.49,5907.0,,,,,,,,,,,,,,,,,,,,,,,,,70.0,57.34952386,0.0,3.0,706.375,5.217,415.0,3.065,31.688,0.234,351.75,2.598,4.15,3.065,0.4753199999999999,0.351,8.79375,6.494999999999999,23.33007,0.0,0.0,1373.484375,10.143386482647747,0.0,0.0,35.0,35.0,70.0,3764,267.0,7.09,0.6898611470120679,Watch
312522,5908.0,8846.566461,RUS,Russia,Khanty-Mansiy,2.299076447,0.0,0.65,0.49,5908.0,,,,,,,,,,,,,,,,,,,,,,,,,15.48704537951523,45.98152894,0.0,,45.062,0.509,22.375,0.253,1.0,0.011,4.312,0.049,0.22375,0.253,0.015,0.0165,0.1078,0.1225,0.73855,0.0,0.0,207.703125,2.347838858432923,0.0,0.0,7.269609375,8.21743600451523,15.48704537951523,2260,,,0.1057736343966565,Information
312523,5909.0,503.5002976,RUS,Russia,Khanty-Mansiy,4.021420919,0.0,0.65,0.49,5909.0,,,,,,,,,,,,,,,,,,,,,,,,,37.33296875,80.42841838,0.0,3.0,21.125,4.196,10.875,2.16,0.0,0.0,3.0,0.596,0.10875,2.16,0.0,0.0,0.075,1.49,3.83375,0.0,0.0,66.65625,13.238572115172037,0.0,0.0,2.33296875,35.0,37.33296875,2536,0.0,0.0,0.7407949796041462,Watch
312524,5910.0,5044.273566,RUS,Russia,Khanty-Mansiy,2.169521763,0.0,0.65,0.49,5910.0,,,,,,,,,,,,,,,,,,,,,,,,,58.96278647850983,43.39043526,0.0,,106.375,2.109,93.188,1.847,26.562,0.527,47.812,0.948,0.93188,1.847,0.39843,0.7905,1.1953,2.37,7.53311,63.0,1.2489409856732188,604.125,11.976451951902115,0.945,1.873411478509828,21.144375,35.0,58.96278647850983,516,,,0.5162438487634582,Advisory
312525,5911.0,994.2677213,RUS,Russia,Khanty-Mansiy,1.214731214,0.0,0.65,0.49,5911.0,,,,,,,,,,,,,,,,,,,,,,,,,29.06262276205793,24.29462428,0.0,,22.25,2.238,14.562,1.465,1.188,0.119,4.125,0.415,0.14562,1.465,0.01782,0.1785,0.103125,1.0375,2.947565,4.921875,0.4950251219486504,72.984375,7.340515379752845,0.073828125,0.7425376829229756,2.554453125,25.69180382913496,29.06262276205793,200,,,0.1691836417251082,Information
312526,5912.0,14761.08461,RUS,Russia,Khanty-Mansiy,1.862611909,0.0,0.65,0.49,5912.0,,,,,,,,,,,,,,,,,,,,,,,,,67.6036347538023,37.25223818,0.0,3.0,234.375,1.588,156.188,1.058,137.25,0.93,165.562,1.122,1.56188,1.058,2.05875,1.395,4.13905,2.805,13.01768,158.765625,1.0755688299736093,1206.5625,8.173942038240538,2.381484375,1.6133532449604138,35.0,28.60879713384188,67.6036347538023,1785,0.0,0.0,0.5297091817616009,Watch
312527,5913.0,710.1298586,RUS,Russia,Khanty-Mansiy,1.335818473,0.0,0.65,0.49,5913.0,,,,,,,,,,,,,,,,,,,,,,,,,6.458130184009772,26.71636946,0.0,,11.375,1.602,9.688,1.364,6.75,0.951,8.312,1.171,0.09688,1.364,0.10125,1.4265,0.2077999999999999,2.9275,6.1239300000000005,0.0,0.0,12.234375,1.7228363025742204,0.0,0.0,0.428203125,6.029927059009771,6.458130184009772,11320,,,0.0075703197917455,Information
312528,5914.0,8858.418299,RUS,Russia,Khanty-Mansiy,3.042856692,0.0,0.65,0.49,5914.0,,,,,,,,,,,,,,,,,,,,,,,,,4.66913,60.85713384,0.0,,66.375,0.749,24.688,0.279,47.25,0.533,49.5,0.559,0.24688,0.279,0.70875,0.7995000000000001,1.2375,1.3975000000000002,4.66913,5.765625,0.0650863935870519,57.796875,0.6524514088848374,0.086484375,0.0976295903805778,2.022890625,2.283579931096931,4.490584521477508,2320,,,0.016741414639198,Information
312529,5915.0,20191.91575,RUS,Russia,Khanty-Mansiy,1.556826871,0.0,0.65,0.49,5915.0,,,,,,,,,,,,,,,,,,,,,,,,,50.78106531091208,31.13653742,0.0,,383.375,1.899,193.062,0.956,237.375,1.176,328.688,1.628,1.93062,0.956,3.560625,1.7639999999999998,8.2172,4.069999999999999,20.498445,30.234375,0.1497350492731453,957.375,4.741377746286391,0.453515625,0.2246025739097179,33.508125,16.59482211200237,50.78106531091208,172477,,,0.3803345774585135,Advisory
312530,5916.0,5269.307688,RUS,Russia,Khanty-Mansiy,3.139135506,0.0,0.65,0.49,5916.0,,,,,,,,,,,,,,,,,,,,,,,,,70.0,62.78271012,0.0,3.0,436.938,8.292,352.188,6.684,33.875,0.643,353.625,6.711,3.52188,6.684,0.508125,0.9645,8.840625,16.7775,37.29662999999999,0.0,0.0,1775.390625,33.69305286823512,0.0,0.0,35.0,35.0,70.0,9607,533.0,5.55,0.7362156620805846,Watch
312550,5926.0,3719.711953,RUS,Russia,Tyumen',3.589406828,0.0,0.65,0.49,5926.0,,,,,,,,,,,,,,,,,,,,,,,,,54.89421875,71.78813656,0.0,3.0,117.188,3.15,56.312,1.514,0.125,0.003,101.375,2.725,0.56312,1.514,0.001875,0.0045,2.534375,6.8125,11.43037,0.0,0.0,568.40625,15.280921134401988,0.0,0.0,19.89421875,35.0,54.89421875,4596,212.0,4.61,0.7471875219599772,Watch
312560,5927.0,12688.48845,RUS,Russia,Tyumen',3.111713879,0.0,0.65,0.49,5927.0,,,,,,,,,,,,,,,,,,,,,,,,,16.017607319629533,62.23427758,0.0,,30.625,0.241,23.75,0.187,0.75,0.006,25.188,0.199,0.2375,0.187,0.01125,0.009,0.6297,0.4975,1.5719500000000002,0.0,0.0,255.9375,2.017084234179867,0.0,0.0,8.9578125,7.059794819629535,16.017607319629533,3026,,,0.1955253964438689,Information
312570,5928.0,5939.540884,RUS,Russia,Tyumen',3.044857795,0.0,0.65,0.49,5928.0,,,,,,,,,,,,,,,,,,,,,,,,,37.56497496911599,60.8971559,0.0,,186.25,3.136,117.75,1.982,11.25,0.189,159.688,2.689,1.1775,1.982,0.16875,0.2835,3.9922,6.7225,14.32645,0.0,0.0,399.9375,6.733474991175996,0.0,0.0,13.9978125,23.567162469115985,37.56497496911599,2376,,,0.483997491154714,Advisory
312580,5929.0,8278.775082,RUS,Russia,Tyumen',2.916644309,0.0,0.65,0.49,5929.0,,,,,,,,,,,,,,,,,,,,,,,,,6.150749161921127,58.33288618,0.0,,126.125,1.523,54.688,0.661,2.688,0.032,25.688,0.31,0.54688,0.661,0.04032,0.048,0.6422,0.775,2.7134,0.0,0.0,79.59375,0.9614194034060362,0.0,0.0,2.78578125,3.3649679119211267,6.150749161921127,1013,,,0.0278651754581916,Information
312590,5930.0,3421.754218,RUS,Russia,Tyumen',0.784394875,0.0,0.65,0.49,5930.0,5930.0,0.0,13.0,-9999.0,-9999.0,-9999.0,0.0,1.0,-999.9,-999.9,-999.9,-5997.4,0.0,0.0,0.0,0.0,0.0,0.0,0.0,0.0,0.0,0.0,0.0,-5997.4,55.99671875,15.687897500000002,0.0,,323.312,9.449,276.188,8.072,52.75,1.542,331.125,9.677,2.76188,8.072,0.79125,2.313,8.278125,24.1925,46.408755,0.0,0.0,599.90625,17.532125681155513,0.0,0.0,20.99671875,35.0,55.99671875,101458,,,0.3411845875092198,Advisory
312610,5932.0,3739.011881,RUS,Russia,Tyumen',2.158185595,0.0,0.65,0.49,5932.0,,,,,,,,,,,,,,,,,,,,,,,,,31.68570215552993,43.1637119,0.0,,130.188,3.482,95.562,2.556,8.25,0.221,66.688,1.784,0.95562,2.556,0.12375,0.3315,1.6672,4.46,10.09407,0.0,0.0,246.375,6.589307758722837,0.0,0.0,8.623125,23.06257715552993,31.68570215552993,5413,,,0.2795060664701506,Information
312621,5933.0,15832.88866,RUS,Russia,Sverdlovsk,3.277936164,0.0,0.65,0.49,5933.0,,,,,,,,,,,,,,,,,,,,,,,,,7.094386338038732,65.55872328000001,0.0,,101.062,0.638,48.188,0.304,20.062,0.127,17.75,0.112,0.48188,0.304,0.30093,0.1905,0.44375,0.28,2.00106,102.515625,0.6474852895958071,80.296875,0.5071524010414347,1.537734375,0.9712279343937108,2.810390625,1.7750334036450213,7.094386338038732,55904,,,0.0570589371175518,Information
312622,5934.0,3778.081788,RUS,Russia,Sverdlovsk,3.297745787,0.0,0.65,0.49,5934.0,,,,,,,,,,,,,,,,,,,,,,,,,0.769256540872008,65.95491574,0.0,,13.938,0.369,5.375,0.142,1.438,0.038,1.0,0.026,0.05375,0.142,0.02157,0.0569999999999999,0.025,0.065,0.36432,1.265625,0.0334991424523204,5.484375,0.1451629506267221,0.018984375,0.0502487136784806,0.191953125,0.5080703271935274,0.769256540872008,0,,,7.531866462308679e-05,Information
312623,5935.0,5281.8036,RUS,Russia,Sverdlovsk,2.819421879,0.0,0.65,0.49,5935.0,,,,,,,,,,,,,,,,,,,,,,,,,1.0944783649386995,56.38843758,0.0,,21.188,0.401,4.25,0.08,3.062,0.058,1.625,0.031,0.0425,0.08,0.04593,0.087,0.040625,0.0775,0.373555,2.25,0.042599084903417,9.84375,0.1863709964524497,0.03375,0.0638986273551255,0.34453125,0.652298487583574,1.0944783649386995,881,,,0.0001143313706042,Information
312624,5936.0,15208.96999,RUS,Russia,Sverdlovsk,2.654062402,0.0,0.65,0.49,5936.0,,,,,,,,,,,,,,,,,,,,,,,,,15.399445,53.081248040000006,0.0,,230.062,1.513,119.5,0.786,174.938,1.15,218.875,1.439,1.195,0.786,2.62407,1.725,5.471875,3.5975,15.399445,13.21875,0.0869141697615307,195.328125,1.284295551050704,0.19828125,0.130371254642296,6.836484375,4.495034428677464,11.66017130831976,7265,,,0.1326211568445686,Information
312625,5937.0,5250.430499,RUS,Russia,Sverdlovsk,3.848489682,0.0,0.65,0.49,5937.0,,,,,,,,,,,,,,,,,,,,,,,,,5.21887,76.96979363999999,0.0,,27.438,0.523,18.062,0.344,45.25,0.862,37.5,0.714,0.18062,0.344,0.67875,1.293,0.9375,1.785,5.21887,5.484375,0.1044557203647142,40.359375,0.7686869678121276,0.082265625,0.1566835805470713,1.412578125,2.6904043873424466,4.341931717889517,262,,,0.068834745754603,Information
312626,5938.0,17722.13047,RUS,Russia,Sverdlovsk,3.008567301,0.0,0.65,0.49,5938.0,5938.0,2.0,7.0,100.0,100.0,3.0,7.0,4.0,10.0,10.0,0.3,-278.00000000000006,0.0,0.0,0.0,0.0,0.0,0.0,0.0,0.0,0.0,0.0,0.0,-278.00000000000006,5.068222631789228,60.17134602,0.0,,16.0,0.09,13.688,0.077,21.375,0.121,16.688,0.094,0.13688,0.077,0.320625,0.1815,0.4172,0.235,1.368205,1.40625,0.0079349940615851,91.96875,0.5189486116276715,0.02109375,0.0119024910923776,3.21890625,1.81632014069685,5.068222631789228,17959,,,0.0196230879588518,Information
312627,5939.0,4180.995592,RUS,Russia,Sverdlovsk,2.516909635,0.0,0.65,0.49,5939.0,,,,,,,,,,,,,,,,,,,,,,,,,1.01325,50.33819270000001,0.0,,8.5,0.203,3.312,0.079,10.312,0.247,4.438,0.106,0.03312,0.079,0.15468,0.3705,0.11095,0.265,1.01325,0.5625,0.0134537333902725,6.328125,0.151354500640566,0.0084375,0.0201806000854087,0.221484375,0.529740752241981,0.7798432273273899,14494,,,4.969562548117662e-05,Information
312629,5941.0,12679.87854,RUS,Russia,Sverdlovsk,3.092259967,0.0,0.65,0.49,5941.0,,,,,,,,,,,,,,,,,,,,,,,,,2.773107877608169,61.84519934,0.0,,10.625,0.084,8.688,0.069,6.438,0.051,5.812,0.046,0.08688,0.069,0.09657,0.0765,0.1453,0.1149999999999999,0.58925,0.0,0.0,44.296875,0.3493477864594768,0.0,0.0,1.550390625,1.2227172526081689,2.773107877608169,248138,,,0.0043748397355335,Information
312630,5942.0,5476.961526,RUS,Russia,Tyumen',2.747989939,0.0,0.65,0.49,5942.0,,,,,,,,,,,,,,,,,,,,,,,,,8.525837819697145,54.95979878,0.0,,21.062,0.385,13.875,0.253,1.188,0.022,0.188,0.003,0.13875,0.253,0.01782,0.033,0.0046999999999999,0.0075,0.45477,0.0,0.0,86.203125,1.5739224127706126,0.0,0.0,3.017109375,5.5087284446971445,8.525837819697145,19222,,,0.048010852713744,Information
312641,5943.0,793.724166,RUS,Russia,Tyumen',1.794222941,0.0,0.65,0.49,5943.0,,,,,,,,,,,,,,,,,,,,,,,,,4.752155473627601,35.88445882,0.0,,1.125,0.142,0.75,0.094,0.0,0.0,0.0,0.0,0.0075,0.094,0.0,0.0,0.0,0.0,0.1015,0.0,0.0,9.984375,1.257914956750743,0.0,0.0,0.349453125,4.402702348627601,4.752155473627601,7360,,,0.0046328970618429,Information
312642,5944.0,19001.13184,RUS,Russia,Sverdlovsk,0.799953145,0.0,0.65,0.49,5944.0,,,,,,,,,,,,,,,,,,,,,,,,,1.5818507312665142,15.9990629,0.0,,29.0,0.153,16.125,0.085,9.438,0.05,2.75,0.014,0.16125,0.085,0.14157,0.075,0.06875,0.035,0.5665700000000001,14.625,0.0769690991203765,23.34375,0.1228545235959856,0.219375,0.1154536486805647,0.81703125,0.4299908325859496,1.5818507312665142,771045,,,3.560109485976548e-05,Information
312643,5945.0,5613.449939,RUS,Russia,Tyumen',2.530999636,0.0,0.65,0.49,5945.0,,,,,,,,,,,,,,,,,,,,,,,,,1.4745955089240947,50.619992720000006,0.0,,10.25,0.183,2.688,0.048,1.688,0.03,0.438,0.008,0.02688,0.048,0.02532,0.045,0.01095,0.02,0.1761499999999999,6.46875,0.1152366204522768,12.375,0.2204526652130513,0.09703125,0.1728549306784152,0.433125,0.7715843282456796,1.4745955089240947,655833,,,0.0002230762861857,Information
312644,5946.0,22141.93501,RUS,Russia,Sverdlovsk,1.23625702,0.0,0.65,0.49,5946.0,,,,,,,,,,,,,,,,,,,,,,,,,1.0431334750591017,24.7251404,0.0,,13.688,0.062,9.375,0.042,8.375,0.038,1.562,0.007,0.09375,0.042,0.125625,0.0569999999999999,0.03905,0.0175,0.374925,13.78125,0.062240495216814,14.625,0.0660511377811088,0.20671875,0.093360742825221,0.511875,0.2311789822338807,1.0431334750591017,436705,,,9.390240762133529e-06,Information
312645,5947.0,8926.338526,RUS,Russia,Sverdlovsk,1.704248232,0.0,0.65,0.49,5947.0,,,,,,,,,,,,,,,,,,,,,,,,,0.262384670468888,34.08496464,0.0,,15.375,0.172,3.0,0.034,2.125,0.024,0.188,0.002,0.03,0.034,0.031875,0.036,0.0046999999999999,0.005,0.141575,1.6875,0.018904727791212,2.8125,0.03150787965202,0.0253125,0.028357091686818,0.0984375,0.11027757878207,0.262384670468888,34825,,,1.6351783440144065e-08,Information
312646,5948.0,12849.84302,RUS,Russia,Sverdlovsk,1.296448629,0.0,0.65,0.49,5948.0,,,,,,,,,,,,,,,,,,,,,,,,,0.5726422882449078,25.92897258,0.0,,7.875,0.061,3.688,0.029,2.625,0.02,0.688,0.005,0.03688,0.029,0.039375,0.03,0.0171999999999999,0.0125,0.164955,9.0,0.0700397661470485,5.34375,0.04158611114981,0.135,0.1050596492205727,0.18703125,0.145551389024335,0.5726422882449078,196544,,,5.795077163617053e-07,Information
312648,5950.0,1796.721002,RUS,Russia,Sverdlovsk,1.19602327,0.0,0.65,0.49,5950.0,,,,,,,,,,,,,,,,,,,,,,,,,0.5539804640019428,23.9204654,0.0,,1.312,0.073,1.125,0.063,1.0,0.056,0.062,0.003,0.01125,0.063,0.015,0.084,0.00155,0.0075,0.1823,4.640625,0.2582830052010686,0.421875,0.0234802732000971,0.069609375,0.3874245078016029,0.014765625,0.0821809562003398,0.5539804640019428,95074,,,4.274349892932749e-07,Information
312649,5951.0,3913.555905,RUS,Russia,Sverdlovsk,1.240524808,0.0,0.65,0.49,5951.0,,,,,,,,,,,,,,,,,,,,,,,,,0.314425,24.81049616,0.0,,3.812,0.097,3.0,0.077,3.375,0.086,0.312,0.008,0.03,0.077,0.050625,0.129,0.0078,0.02,0.314425,,,,,,,,,,365245,,,2.1627252362187798e-08,Information
312650,5952.0,8150.037986,RUS,Russia,Tyumen',1.206506281,0.0,0.65,0.49,5952.0,5952.0,0.0,7.0,-9999.0,-9999.0,-9999.0,0.0,4.0,-999.9,-999.9,-999.9,-5991.4,0.0,0.0,0.0,0.0,0.0,0.0,0.0,0.0,0.0,0.0,0.0,-5991.4,10.643089520962684,24.13012562,0.0,,44.688,0.548,28.125,0.345,5.875,0.072,0.0,0.0,0.28125,0.345,0.088125,0.1079999999999999,0.0,0.0,0.822375,0.0,0.0,136.546875,1.6754139702750526,0.0,0.0,4.779140625,5.863948895962684,10.643089520962684,97543,,,0.024758733127354,Information
312661,5953.0,7896.351878,RUS,Russia,Kurgan,1.725964971,0.0,0.65,0.49,5953.0,,,,,,,,,,,,,,,,,,,,,,,,,3.1106444257805403,34.51929942,0.0,,25.438,0.322,16.125,0.204,1.375,0.017,0.375,0.005,0.16125,0.204,0.020625,0.0255,0.009375,0.0125,0.43325,0.28125,0.0035617713643043,39.09375,0.4950862196383097,0.00421875,0.0053426570464564,1.36828125,1.7328017687340838,3.1106444257805403,47158,,,0.0011559748778714,Information
312662,5954.0,29249.01231,RUS,Russia,Chelyabinsk,1.852208795,0.0,0.65,0.49,5954.0,,,,,,,,,,,,,,,,,,,,,,,,,9.620106803088202,37.0441759,0.0,,66.812,0.228,56.0,0.191,32.938,0.113,8.938,0.031,0.56,0.191,0.49407,0.1695,0.22345,0.0775,1.71552,37.265625,0.127408148355899,188.859375,0.6456948801583866,0.558984375,0.1911122225338485,6.610078125,2.259932080554353,9.620106803088202,1828549,,,0.0301510749465211,Information
312663,5955.0,1498.33356,RUS,Russia,Kurgan,1.507805718,0.0,0.65,0.49,5955.0,,,,,,,,,,,,,,,,,,,,,,,,,3.9605453986925214,30.15611436,0.0,,1.375,0.092,0.625,0.042,0.375,0.025,0.062,0.004,0.00625,0.042,0.005625,0.0375,0.00155,0.01,0.102925,10.125,0.6757507321685601,10.40625,0.694521585839909,0.151875,1.01362609825284,0.36421875,2.4308255504396814,3.9605453986925214,16542,,,0.0020531327927413,Information
312664,5956.0,1315.323604,RUS,Russia,Kurgan,0.87199236,0.0,0.65,0.49,5956.0,,,,,,,,,,,,,,,,,,,,,,,,,5.589061339255629,17.4398472,0.0,,6.438,0.489,3.5,0.266,1.625,0.124,0.625,0.048,0.035,0.266,0.024375,0.186,0.015625,0.12,0.647,0.0,0.0,18.5625,1.4112496683587512,0.0,0.0,0.6496875,4.939373839255629,5.589061339255629,7937,,,0.0035436326977263,Information
312665,5957.0,2026.688128,RUS,Russia,Kurgan,1.038598573,0.0,0.65,0.49,5957.0,,,,,,,,,,,,,,,,,,,,,,,,,1.9568814131776544,20.77197146,0.0,,8.75,0.432,5.875,0.29,4.25,0.21,0.688,0.034,0.05875,0.29,0.06375,0.315,0.0171999999999999,0.085,0.8297,0.0,0.0,9.421875,0.4648902251936155,0.0,0.0,0.329765625,1.6271157881776543,1.9568814131776544,15917,,,0.000107385031584,Information
312666,5958.0,1266.194985,RUS,Russia,Kurgan,0.54901479,0.0,0.65,0.49,5958.0,,,,,,,,,,,,,,,,,,,,,,,,,5.655586440102685,10.9802958,0.0,,11.438,0.903,10.125,0.8,6.5,0.513,2.188,0.173,0.10125,0.8,0.0975,0.7695000000000001,0.0547,0.4325,2.25545,1.6875,0.1332733125690978,17.4375,1.377157563214011,0.0253125,0.1999099688536467,0.6103125,4.820051471249038,5.655586440102685,13253,,,0.0029237368650688,Information
312667,5959.0,1870.783096,RUS,Russia,Kurgan,0.797017822,0.0,0.65,0.49,5959.0,,,,,,,,,,,,,,,,,,,,,,,,,3.43541492032196,15.94035644,0.0,,2.312,0.124,2.125,0.114,0.688,0.037,0.062,0.003,0.02125,0.114,0.01032,0.0554999999999999,0.00155,0.0075,0.21012,0.0,0.0,15.46875,0.8268596200919887,0.0,0.0,0.54140625,2.89400867032196,3.43541492032196,18306,,,0.0006933891536556,Information
312668,5960.0,5133.964516,RUS,Russia,Kurgan,0.255635505,0.0,0.65,0.49,5960.0,,,,,,,,,,,,,,,,,,,,,,,,,17.261284275154235,5.112710099999999,0.0,,25.125,0.489,25.125,0.489,13.312,0.259,4.5,0.088,0.25125,0.489,0.19968,0.3885,0.1125,0.2199999999999999,1.66093,2.53125,0.0493040026303497,166.21875,3.237629506059631,0.03796875,0.0739560039455245,5.81765625,11.33170327120871,17.261284275154235,407936,,,0.0441696539362464,Information
312669,5961.0,8133.685395,RUS,Russia,Chelyabinsk,1.650104395,0.0,0.65,0.49,5961.0,,,,,,,,,,,,,,,,,,,,,,,,,3.4110661167093115,33.0020879,0.0,,21.0,0.258,16.438,0.202,8.875,0.109,2.062,0.025,0.16438,0.202,0.133125,0.1635,0.0515499999999999,0.0625,0.777055,10.125,0.1244823165469397,39.375,0.4840978976825433,0.151875,0.1867234748204095,1.378125,1.6943426418889016,3.4110661167093115,1177049,,,0.0014524009973643,Information
312671,5963.0,3000.204636,RUS,Russia,Tyumen',2.7594004,0.0,0.65,0.49,5963.0,,,,,,,,,,,,,,,,,,,,,,,,,6.654025864271516,55.188008,0.0,,53.438,1.781,29.875,0.996,3.938,0.131,0.188,0.006,0.29875,0.996,0.05907,0.1965,0.0046999999999999,0.015,1.57002,0.0,0.0,43.875,1.4624002469347186,0.0,0.0,1.535625,5.118400864271515,6.654025864271516,60342,,,0.0282438701890181,Information
312672,5964.0,3457.482764,RUS,Russia,Kurgan,1.461520403,0.0,0.65,0.49,5964.0,,,,,,,,,,,,,,,,,,,,,,,,,4.118820334916972,29.23040806,0.0,,10.312,0.298,8.812,0.255,1.0,0.029,0.0,0.0,0.0881199999999999,0.255,0.015,0.0435,0.0,0.0,0.40162,0.0,0.0,30.234375,0.8744620599762776,0.0,0.0,1.058203125,3.0606172099169715,4.118820334916972,18776,,,0.0022285130297556,Information
312673,5965.0,613.8054587,RUS,Russia,Kurgan,2.659559487,0.0,0.65,0.49,5965.0,,,,,,,,,,,,,,,,,,,,,,,,,38.346875,53.19118974,0.0,,80.688,13.145,50.875,8.288,25.188,4.103,0.75,0.122,0.50875,8.288,0.37782,6.1545,0.01875,0.305,15.652819999999998,0.0,0.0,95.625,15.579040337097783,0.0,0.0,3.346875,35.0,38.346875,1548,,,0.4209755558117547,Advisory
312674,5966.0,3599.117775,RUS,Russia,Kurgan,1.193973199,0.0,0.65,0.49,5966.0,,,,,,,,,,,,,,,,,,,,,,,,,16.774585359300453,23.87946398,0.0,,43.5,1.209,30.562,0.849,17.625,0.49,3.25,0.09,0.30562,0.849,0.264375,0.735,0.08125,0.2249999999999999,2.460245,0.0,0.0,126.84375,3.5243011740858434,0.0,0.0,4.43953125,12.335054109300453,16.774585359300453,15410,,,0.0652093151401316,Information
312675,5967.0,6696.910103,RUS,Russia,Kurgan,3.192574465,0.0,0.65,0.49,5967.0,,,,,,,,,,,,,,,,,,,,,,,,,27.610529645656744,63.8514893,0.0,,133.062,1.987,90.0,1.344,48.688,0.727,7.312,0.109,0.9,1.344,0.7303200000000001,1.0905,0.1828,0.2725,4.520120000000001,0.0,0.0,316.40625,4.724660255901926,0.0,0.0,11.07421875,16.536310895656744,27.610529645656744,357222,,,0.3937961154356136,Advisory
312676,5968.0,3120.492553,RUS,Russia,Kurgan,2.216394384,0.0,0.65,0.49,5968.0,,,,,,,,,,,,,,,,,,,,,,,,,3.38209305707138,44.32788768,0.0,,2.875,0.092,1.5,0.048,0.812,0.026,0.25,0.008,0.015,0.048,0.01218,0.039,0.00625,0.02,0.14043,2.109375,0.067597501496627,22.078125,0.707520515664697,0.031640625,0.1013962522449404,0.772734375,2.47632180482644,3.38209305707138,29825,,,0.0025473476723462,Information
312678,5970.0,5719.977856,RUS,Russia,Kurgan,2.092062225,0.0,0.65,0.49,5970.0,,,,,,,,,,,,,,,,,,,,,,,,,13.225135279385023,41.8412445,0.0,,44.375,0.776,37.562,0.657,26.938,0.471,9.5,0.166,0.3756199999999999,0.657,0.40407,0.7064999999999999,0.2375,0.415,2.79569,21.234375,0.3712317693416536,128.390625,2.244600035820727,0.318515625,0.5568476540124804,4.493671875,7.856100125372544,13.225135279385023,41420,,,0.0692956620801856,Information
312679,5971.0,4302.287214,RUS,Russia,Kurgan,1.245497971,0.0,0.65,0.49,5971.0,,,,,,,,,,,,,,,,,,,,,,,,,6.217564105734238,24.90995942,0.0,,10.688,0.248,6.75,0.157,1.812,0.042,0.312,0.007,0.0675,0.157,0.02718,0.063,0.0078,0.0175,0.33998,0.0,0.0,53.4375,1.2420718873526395,0.0,0.0,1.8703125,4.347251605734238,6.217564105734238,12368,,,0.0063636558256768,Information
312691,5981.0,766.0846961,RUS,Russia,Kurgan,3.15973944,0.0,0.65,0.49,5981.0,,,,,,,,,,,,,,,,,,,,,,,,,5.256845068322325,63.1947888,0.0,,0.938,0.122,0.375,0.049,0.25,0.033,0.062,0.008,0.00375,0.049,0.00375,0.0495,0.00155,0.02,0.12755,0.0,0.0,10.6875,1.3950807338063786,0.0,0.0,0.3740625,4.882782568322325,5.256845068322325,4538,,,0.0258208602566172,Information
312692,5982.0,6710.589894,RUS,Russia,Chelyabinsk,1.040173813,0.0,0.65,0.49,5982.0,,,,,,,,,,,,,,,,,,,,,,,,,18.14817375943774,20.80347626,0.0,,71.812,1.07,70.375,1.049,48.0,0.715,19.375,0.289,0.70375,1.049,0.72,1.0725,0.484375,0.7224999999999999,4.752125,14.34375,0.2137479748601349,202.078125,3.011331763470725,0.21515625,0.3206219622902023,7.072734375,10.539661172147538,18.14817375943774,99842,,,0.0703266622448311,Information
312694,5984.0,27801.38941,RUS,Russia,Chelyabinsk,1.228249186,0.0,0.65,0.49,5984.0,,,,,,,,,,,,,,,,,,,,,,,,,9.642569229559829,24.56498372,0.0,,52.75,0.19,37.125,0.134,9.188,0.033,1.938,0.007,0.37125,0.134,0.13782,0.0495,0.04845,0.0175,0.75852,9.140625,0.0328783028299402,198.703125,0.7147237215185475,0.137109375,0.0493174542449103,6.954609375,2.501533025314916,9.642569229559829,373716,,,0.019839074044568,Information
312701,5991.0,1404.803092,RUS,Russia,Tyumen',2.197375086,0.0,0.65,0.49,5991.0,,,,,,,,,,,,,,,,,,,,,,,,,49.86224,43.947501720000005,0.0,,227.188,16.172,173.812,12.373,60.188,4.284,231.812,16.501,1.73812,10.0,0.90282,6.426,5.7953,25.0,49.86224,0.0,0.0,388.125,27.628427228764963,0.0,0.0,13.584375,35.0,48.584375,26050,,,0.4534202329663354,Advisory
312702,5992.0,24297.52922,RUS,Russia,Tyumen',2.051589062,0.0,0.65,0.49,5992.0,,,,,,,,,,,,,,,,,,,,,,,,,11.234178533157976,41.03178124,0.0,,46.938,0.193,28.875,0.119,0.625,0.003,3.688,0.015,0.28875,0.119,0.009375,0.0045,0.0922,0.0375,0.551325,0.0,0.0,227.390625,0.9358590451879932,0.0,0.0,7.958671875,3.275506658157976,11.234178533157976,88100,,,0.0486549137117492,Information
312703,5993.0,1187.771472,RUS,Russia,Tyumen',2.520073424,0.0,0.65,0.49,5993.0,,,,,,,,,,,,,,,,,,,,,,,,,47.1275,50.40146848,0.0,,36.688,3.089,26.25,2.21,5.875,0.495,96.812,8.151,0.2625,2.21,0.088125,0.7424999999999999,2.4203,20.3775,26.100925,0.0,0.0,346.5,29.17227835343953,0.0,0.0,12.1275,35.0,47.1275,4467,,,0.4796211123173172,Advisory
312705,5995.0,475.2314719,RUS,Russia,Tyumen',3.74561693,0.0,0.65,0.49,5995.0,,,,,,,,,,,,,,,,,,,,,,,,,39.444453125,74.9123386,0.0,3.0,6.188,1.302,5.188,1.092,0.25,0.053,16.375,3.446,0.0518799999999999,1.092,0.00375,0.0795,0.409375,8.615,10.251505,0.0,0.0,126.984375,26.72053147059568,0.0,0.0,4.444453125,35.0,39.444453125,506,31.0,6.13,0.6745518139021665,Watch
312706,5996.0,772.6345393,RUS,Russia,Tyumen',0.358037347,0.0,0.65,0.49,5996.0,,,,,,,,,,,,,,,,,,,,,,,,,26.008637271878563,7.16074694,0.0,,1.0,0.129,1.0,0.129,0.0,0.0,3.875,0.502,0.01,0.129,0.0,0.0,0.096875,1.255,1.490875,0.0,0.0,53.296875,6.898070470536732,0.0,0.0,1.865390625,24.143246646878563,26.008637271878563,71,,,0.10160826379803,Information
312707,5997.0,1287.673716,RUS,Russia,Tyumen',2.438520504,0.0,0.65,0.49,5997.0,,,,,,,,,,,,,,,,,,,,,,,,,45.941328125,48.77041008,0.0,,15.438,1.199,15.312,1.189,0.625,0.049,54.938,4.266,0.15312,1.189,0.009375,0.0735,1.37345,10.665,13.463445,0.0,0.0,312.609375,24.27706422778972,0.0,0.0,10.941328125,35.0,45.941328125,3186,,,0.4566202071056119,Advisory
312709,5999.0,635.4067921,RUS,Russia,Omsk,2.796536226,0.0,0.65,0.49,5999.0,,,,,,,,,,,,,,,,,,,,,,,,,42.78640625,55.930724520000005,0.0,,0.0,0.0,0.0,0.0,0.0,0.0,2.875,0.452,0.0,0.0,0.0,0.0,0.071875,1.13,1.201875,0.0,0.0,222.46875,35.01201950536185,0.0,0.0,7.78640625,35.0,42.78640625,7023,,,0.4882160027435218,Advisory
312811,6005.0,304.0920635,RUS,Russia,Omsk,3.674982542,0.0,0.65,0.49,6005.0,6005.0,0.0,12.0,7.0,-9999.0,-9999.0,0.0,1.0,0.7,-999.9,-999.9,-3996.2,0.0,0.0,0.0,0.0,0.0,0.0,0.0,0.0,0.0,0.0,0.0,-3996.2,37.583984375,73.49965084,0.0,3.0,,,,,,,,,,,,,,,,0.0,0.0,73.828125,24.27821500743857,0.0,0.0,2.583984375,35.0,37.583984375,3408,650.0,19.07,0.6366130285124296,Watch
312815,6009.0,8833.937834,RUS,Russia,Tyumen',2.25537872,0.0,0.65,0.49,6009.0,6009.0,0.0,1.0,-9999.0,-9999.0,-9999.0,0.0,10.0,-999.9,-999.9,-999.9,-5979.4,0.0,0.0,0.0,0.0,0.0,0.0,0.0,0.0,0.0,0.0,0.0,-5979.4,70.0,45.1075744,0.0,3.0,42.375,0.48,31.062,0.352,2.312,0.026,40.938,0.463,0.31062,0.352,0.03468,0.039,1.02345,1.1575,2.91725,0.0,0.0,1324.125,14.989068577782778,0.0,0.0,35.0,35.0,70.0,71282,3535.0,4.96,0.5960437306537666,Watch
312816,6010.0,2986.60208,RUS,Russia,Tyumen',2.427392389,0.0,0.65,0.49,6010.0,,,,,,,,,,,,,,,,,,,,,,,,,1.0058810075341449,48.54784778,0.0,,12.812,0.429,7.812,0.262,0.0,0.0,0.0,0.0,0.07812,0.262,0.0,0.0,0.0,0.0,0.34012,0.0,0.0,6.609375,0.2213008235811843,0.0,0.0,0.231328125,0.774552882534145,1.0058810075341449,60508,,,4.1634993707293725e-05,Information
312925,6037.0,4191.50596,RUS,Russia,Omsk,2.154233822,0.0,0.65,0.49,6037.0,6037.0,1.0,3.0,100.0,2.0,-9999.0,3.0,8.0,10.0,0.2,-999.9,-1957.4,0.0,0.0,0.0,0.0,0.0,0.0,0.0,0.0,0.0,0.0,0.0,-1957.4,19.397330075537617,43.08467644,0.0,,,,,,,,,,,,,,,,,0.0,0.0,163.6875,3.905219307296462,0.0,0.0,5.7290625,13.668267575537616,19.397330075537617,3172,,,0.1408676789702611,Information
312934,6045.0,18667.69949,RUS,Russia,Novosibirsk,2.409162222,0.0,0.65,0.49,6045.0,6045.0,0.0,4.0,-9999.0,-9999.0,-9999.0,0.0,7.0,-999.9,-999.9,-999.9,-5985.4,0.0,0.0,0.0,0.0,0.0,0.0,0.0,0.0,0.0,0.0,0.0,-5985.4,43.62196220686147,48.18324444,0.0,,,,,,,,,,,,,,,,,126.421875,0.677222573991607,757.40625,4.057308991678304,1.896328125,1.0158338609874105,26.50921875,14.200581470874065,43.62196220686147,30324,,,0.4316586943037095,Advisory
312939,6050.0,211.4483499,RUS,Russia,Omsk,0.327421113,0.0,0.65,0.49,6050.0,6050.0,1.0,9.0,68.0,2.0,-9999.0,3.0,2.0,6.8,0.2,-999.9,-1975.8,0.0,0.0,0.0,0.0,0.0,0.0,0.0,0.0,0.0,0.0,0.0,-1975.8,2.3769148523436194,6.54842226,0.0,,,,,,,,,,,,,,,,,0.0,0.0,1.40625,0.6650560292410341,0.0,0.0,0.04921875,2.32769610234362,2.3769148523436194,399902,,,0.0001204994761556,Information
312941,6051.0,19068.05425,RUS,Russia,Omsk,1.245032924,0.0,0.65,0.49,6051.0,,,,,,,,,,,,,,,,,,,,,,,,,45.26399897058614,24.90065848,0.0,,0.0,0.0,0.0,0.0,2.812,0.015,3.688,0.019,0.0,0.0,0.04218,0.0225,0.0922,0.0475,0.20438,184.640625,0.9683244160531672,769.21875,4.034070491858968,2.769609375,1.452486624079751,26.92265625,14.119246721506386,45.26399897058614,443609,,,0.3063231020938687,Advisory
312942,6052.0,15656.82961,RUS,Russia,Novosibirsk,2.691000149,0.0,0.65,0.49,6052.0,6052.0,1.0,4.0,39.0,19.0,11.0,3.0,7.0,3.9,1.9,1.1,41.06666666666666,0.0,0.0,0.0,0.0,0.0,0.0,0.0,0.0,0.0,0.0,0.0,41.06666666666666,47.865114912401296,53.820002980000005,0.0,,0.0,0.0,0.0,0.0,0.562,0.004,3.938,0.025,0.0,0.0,0.00843,0.006,0.09845,0.0625,0.17538,306.0,1.954418663010217,703.40625,4.49264804796742,4.59,2.9316279945153254,24.61921875,15.72426816788597,47.865114912401296,26055,,,0.5142951145511597,Advisory
312943,6053.0,4643.283679,RUS,Russia,Novosibirsk,2.528100423,0.0,0.65,0.49,6053.0,,,,,,,,,,,,,,,,,,,,,,,,,38.17047784949376,50.56200846,0.0,,0.0,0.0,0.0,0.0,154.5,3.327,159.0,3.424,0.0,0.0,2.3175,4.9905,3.975,8.56,19.843,158.203125,3.4071389115755184,278.015625,5.987478780608711,2.373046875,5.110708367363277,9.730546875,20.95617573213049,38.17047784949376,19521,,,0.3979500260598085,Advisory
312945,6055.0,7480.647446,RUS,Russia,Novosibirsk,2.420413557,0.0,0.65,0.49,6055.0,6055.0,0.0,5.0,-9999.0,-9999.0,-9999.0,0.0,6.0,-999.9,-999.9,-999.9,-5987.4,0.0,0.0,0.0,0.0,0.0,0.0,0.0,0.0,0.0,0.0,0.0,-5987.4,51.39132814055219,48.40827114,0.0,,0.25,0.003,0.25,0.003,25.312,0.338,25.062,0.335,0.0025,0.003,0.37968,0.507,0.62655,0.8375,2.35623,292.78125,3.913849063311571,502.875,6.722345941595667,4.39171875,5.870773594967357,17.600625,23.52821079558484,51.39132814055219,102156,,,0.4984473519931488,Advisory
312946,6056.0,3149.33374,RUS,Russia,Novosibirsk,0.940143332,0.0,0.65,0.49,6056.0,,,,,,,,,,,,,,,,,,,,,,,,,10.122431795974888,18.80286664,0.0,,0.188,0.006,0.188,0.006,4.0,0.127,5.062,0.161,0.00188,0.006,0.06,0.1905,0.12655,0.4025,0.7874300000000001,39.234375,1.2457992146618289,52.453125,1.6655308497091834,0.588515625,1.868698821992744,1.835859375,5.829357973982142,10.122431795974888,7112,,,0.0186654805698385,Information
313100,6091.0,15342.5221,RUS,Russia,Yamal-Nenets,3.186578853,0.0,0.65,0.49,6091.0,6091.0,2.0,4.0,100.0,41.0,-9999.0,7.0,7.0,10.0,4.1,-999.9,-2781.65,0.0,0.0,0.0,0.0,0.0,0.0,0.0,0.0,0.0,0.0,0.0,-2781.65,86.26925,63.73157706,0.0,2.0,937.75,6.112,396.625,2.585,1505.375,9.812,2296.438,14.968,3.96625,2.585,15.0,14.718,25.0,25.0,86.26925,1359.703125,8.862318179004667,967.78125,6.3078367678053695,15.0,13.293477268507,33.87234375,22.0774286873188,84.2432497058258,241,,,0.8068990436954038,Warning
313201,6092.0,6959.278608,RUS,Russia,Yamal-Nenets,3.623919557,0.0,0.65,0.49,6092.0,6092.0,1.0,1.0,100.0,-9999.0,-9999.0,3.0,10.0,10.0,-999.9,-999.9,-3291.8,0.0,0.0,0.0,0.0,0.0,0.0,0.0,0.0,0.0,0.0,0.0,-3291.8,100.0,72.47839114,0.0,3.0,626.875,9.008,365.438,5.251,1184.75,17.024,2271.562,32.641,3.65438,5.251,15.0,15.0,25.0,25.0,88.90538000000001,1794.65625,25.78796382459695,1153.546875,16.575667391722988,15.0,15.0,35.0,35.0,100.0,14029,238.0,1.7,0.9015091635781288,Warning
313202,6093.0,8729.931119,RUS,Russia,Yamal-Nenets,3.373383945,0.0,0.65,0.49,6093.0,,,,,,,,,,,,,,,,,,,,,,,,,46.9277782298818,67.4676789,0.0,3.0,57.938,0.664,40.25,0.461,36.875,0.422,81.375,0.932,0.4025,0.461,0.553125,0.633,2.034375,2.33,6.414,53.15625,0.6088965568918168,602.15625,6.897605969869734,0.79734375,0.9133448353377251,21.07546875,24.14162089454407,46.9277782298818,986,0.0,0.0,0.6429576236430166,Watch
313203,6094.0,196.4342938,RUS,Russia,Yamal-Nenets,2.52046382,0.0,0.65,0.49,6094.0,,,,,,,,,,,,,,,,,,,,,,,,,48.33056,50.4092764,0.0,,42.625,21.699,12.688,6.459,41.312,21.031,45.0,22.908,0.12688,6.459,0.61968,15.0,1.125,25.0,48.33056,11.390625,5.798694708633347,55.6875,28.349174131096365,0.170859375,8.69804206295002,1.9490625,35.0,45.81796393795002,414,,,0.4897324714809212,Advisory
313204,6095.0,5121.995336,RUS,Russia,Yamal-Nenets,3.135062007,0.0,0.65,0.49,6095.0,6095.0,1.0,4.0,100.0,2.0,-9999.0,3.0,7.0,10.0,0.2,-999.9,-2957.833333333333,0.0,0.0,0.0,0.0,0.0,0.0,0.0,0.0,0.0,0.0,0.0,-2957.833333333333,17.528739445771947,62.70124014,0.0,,16.188,0.316,7.625,0.149,21.875,0.427,110.75,2.162,0.07625,0.149,0.328125,0.6405,2.76875,5.404999999999999,9.367625,174.65625,3.409925986889805,94.78125,1.850475132982068,2.61984375,5.114888980334707,3.31734375,6.476662965437238,17.528739445771947,14991,,,0.2250890047939899,Information
313205,6096.0,115.7020183,RUS,Russia,Yamal-Nenets,4.007726065,0.0,0.65,0.49,6096.0,,,,,,,,,,,,,,,,,,,,,,,,,49.07591022309232,80.1545213,0.0,3.0,8.938,7.725,6.125,5.294,13.438,11.614,19.562,16.908,0.06125,5.294,0.20157,15.0,0.48905,25.0,46.04587,9.84375,8.507846398728216,33.328125,28.80513709283696,0.14765625,12.761769598092323,1.166484375,35.0,49.07591022309232,0,0.0,0.0,0.8173711448876686,Warning
313206,6097.0,11093.13101,RUS,Russia,Yamal-Nenets,1.492895203,0.0,0.65,0.49,6097.0,,,,,,,,,,,,,,,,,,,,,,,,,71.34364799861154,29.85790406,0.0,3.0,30.188,0.272,20.562,0.185,17.438,0.157,75.812,0.683,0.20562,0.185,0.2615699999999999,0.2355,1.8953,1.7075,4.490489999999999,47.109375,0.4246715824076974,1143.703125,10.310011879766575,0.706640625,0.6370073736115461,35.0,35.0,71.34364799861154,5626,0.0,0.0,0.5067757836385898,Watch
313207,6098.0,1569.382557,RUS,Russia,Yamal-Nenets,1.041309798,0.0,0.65,0.49,6098.0,6098.0,1.0,1.0,100.0,-9999.0,-9999.0,3.0,10.0,10.0,-999.9,-999.9,-3953.6,0.0,0.0,0.0,0.0,0.0,0.0,0.0,0.0,0.0,0.0,0.0,-3953.6,43.26952755980404,20.82619596,0.0,,34.562,2.202,20.875,1.33,43.875,2.796,90.688,5.779,0.20875,1.33,0.658125,4.194,2.2672,14.4475,23.105575,9.84375,0.6272371232026935,205.171875,13.073413753610428,0.14765625,0.9408556848040404,7.181015625,35.0,43.26952755980404,0,,,0.2728563870497142,Advisory
313208,6099.0,6450.323185,RUS,Russia,Yamal-Nenets,1.375701177,0.0,0.65,0.49,6099.0,6099.0,1.0,1.0,100.0,-9999.0,-9999.0,3.0,10.0,10.0,-999.9,-999.9,-3954.2666666666655,0.0,0.0,0.0,0.0,0.0,0.0,0.0,0.0,0.0,0.0,0.0,-3954.2666666666655,23.779448301699723,27.51402354,0.0,,7.75,0.12,1.625,0.025,14.75,0.229,88.062,1.365,0.01625,0.025,0.22125,0.3435,2.20155,3.4125,6.2200500000000005,97.59375,1.5130055844400283,224.578125,3.4816569428684807,1.46390625,2.2695083766600423,7.860234375,12.185799300039683,23.779448301699723,114,,,0.132517060760099,Information
313209,6100.0,14428.4971,RUS,Russia,Yamal-Nenets,1.299839888,0.0,0.65,0.49,6100.0,,,,,,,,,,,,,,,,,,,,,,,,,70.8106909113603,25.99679776,0.0,3.0,16.312,0.113,13.0,0.09,4.0,0.028,200.25,1.388,0.13,0.09,0.06,0.042,5.00625,3.47,8.79825,31.921875,0.2212418575735261,2038.921875,14.131214506425357,0.478828125,0.3318627863602891,35.0,35.0,70.8106909113603,2009,172.0,8.56,0.4824129940807208,Watch
313300,6101.0,27847.80276,RUS,Russia,Yamal-Nenets,2.33437667,1.514823784,0.65,0.49,6101.0,6101.0,1.0,5.0,92.0,-9999.0,-9999.0,3.0,6.0,9.2,-999.9,-999.9,-2543.8,0.0,0.0,0.0,0.0,0.0,0.0,0.0,0.0,0.0,0.0,0.0,-2543.8,15.168295,46.68753340000001,30.29647568,,67.188,0.241,51.062,0.183,157.375,0.565,331.562,1.191,0.51062,0.183,2.360625,0.8474999999999999,8.28905,2.9775,15.168295,171.703125,0.616576921725857,188.859375,0.6781841161980556,2.575546875,0.9248653825887856,6.610078125,2.3736444066931948,12.48413478928198,9079,,,0.1043835523050749,Information
313420,6103.0,15991.76971,RUS,Russia,Yamal-Nenets,1.970172508,0.0,0.65,0.49,6103.0,6103.0,1.0,5.0,52.0,11.0,-9999.0,3.0,6.0,5.2,1.1,-999.9,-1794.3818181818183,0.0,0.0,0.0,0.0,0.0,0.0,0.0,0.0,0.0,0.0,0.0,-1794.3818181818183,14.794185,39.403450160000006,0.0,,262.125,1.639,137.938,0.863,148.812,0.931,219.625,1.373,1.3793799999999998,0.863,2.23218,1.3965,5.490625,3.4325,14.794185,96.1875,0.6014812730045757,29.953125,0.1873033788742319,1.4428125,0.9022219095068637,1.048359375,0.6555618260598116,4.048955610566675,5334,,,0.0792692863393947,Information
313430,6104.0,27373.79069,RUS,Russia,Yamal-Nenets,2.728027967,0.0,0.65,0.49,6104.0,6104.0,1.0,5.0,100.0,9.0,-9999.0,3.0,6.0,10.0,0.9,-999.9,-1963.0777777777776,0.0,0.0,0.0,0.0,0.0,0.0,0.0,0.0,0.0,0.0,0.0,-1963.0777777777776,87.499,54.56055934,0.0,2.0,1517.625,5.544,662.75,2.421,2454.688,8.967,3566.188,13.028,6.6275,2.421,15.0,13.450500000000002,25.0,25.0,87.499,2829.515625,10.33658676313569,1417.21875,5.177283504740394,15.0,15.0,35.0,18.120492266591377,83.12049226659138,148026,,,0.7438455986231057,Warning
313440,6105.0,6144.674646,RUS,Russia,Yamal-Nenets,1.769539187,0.0,0.65,0.49,6105.0,6105.0,1.0,5.0,100.0,21.0,-9999.0,3.0,6.0,10.0,2.1,-999.9,-2292.266666666667,0.0,0.0,0.0,0.0,0.0,0.0,0.0,0.0,0.0,0.0,0.0,-2292.266666666667,73.13890373570015,35.39078374,0.0,3.0,4.812,0.078,4.0,0.065,70.312,1.144,379.812,6.181,0.04,0.065,1.0546799999999998,1.7159999999999995,9.4953,15.4525,27.82348,462.234375,7.52251993169974,597.234375,9.719544310900153,6.933515625,11.28377989754961,20.903203125,34.01840508815054,73.13890373570015,5014,631.0,12.58,0.5493436914046584,Watch
313450,6106.0,1708.35127,RUS,Russia,Yamal-Nenets,3.197606134,0.0,0.65,0.49,6106.0,6106.0,1.0,1.0,100.0,-9999.0,-9999.0,3.0,10.0,10.0,-999.9,-999.9,-3953.6,0.0,0.0,0.0,0.0,0.0,0.0,0.0,0.0,0.0,0.0,0.0,-3953.6,71.361640625,63.95212268,0.0,3.0,0.0,0.0,0.0,0.0,103.125,6.037,311.125,18.212,0.0,0.0,1.546875,9.0555,7.778125,25.0,43.3805,187.734375,10.989213885427954,529.875,31.016747505837102,2.816015625,15.0,18.545625,35.0,71.361640625,30240,1714.0,5.67,0.7526689320939768,Watch
313460,6107.0,28858.51267,RUS,Russia,Yamal-Nenets,1.562799298,0.0,0.65,0.49,6107.0,6107.0,1.0,2.0,100.0,-9999.0,-9999.0,3.0,9.0,10.0,-999.9,-999.9,-2621.4666666666662,0.0,0.0,0.0,0.0,0.0,0.0,0.0,0.0,0.0,0.0,0.0,-2621.4666666666662,85.61319417311881,31.25598596,0.0,3.0,79.688,0.276,75.375,0.261,112.5,0.39,1155.5,4.004,0.75375,0.261,1.6875,0.585,25.0,10.009999999999998,38.29725,773.015625,2.678639865412539,3940.171875,13.653412841366915,11.595234375,4.017959798118809,35.0,35.0,85.61319417311881,17771,415.0,2.34,0.5868501381521113,Warning
313470,6108.0,9019.137231,RUS,Russia,Yamal-Nenets,0.682297621,0.0,0.65,0.49,6108.0,6108.0,1.0,1.0,100.0,-9999.0,-9999.0,3.0,10.0,10.0,-999.9,-999.9,-3953.6,0.0,0.0,0.0,0.0,0.0,0.0,0.0,0.0,0.0,0.0,0.0,-3953.6,82.43258461794407,13.64595242,0.0,3.0,0.5,0.006,0.5,0.006,17.75,0.197,413.688,4.587,0.005,0.006,0.26625,0.2955,10.3422,11.4675,22.38245,393.046875,4.357920995296047,1164.234375,12.908489416835767,5.895703125,6.536881492944071,35.0,35.0,82.43258461794407,34817,88.0,0.25,0.481465879854811,Warning
313480,6109.0,7281.777099,RUS,Russia,Yamal-Nenets,1.814749951,0.0,0.65,0.49,6109.0,6109.0,1.0,1.0,100.0,-9999.0,-9999.0,3.0,10.0,10.0,-999.9,-999.9,-3953.6,0.0,0.0,0.0,0.0,0.0,0.0,0.0,0.0,0.0,0.0,0.0,-3953.6,71.78094100723467,36.29499902,0.0,3.0,0.75,0.01,0.562,0.008,22.562,0.31,170.438,2.341,0.00562,0.008,0.33843,0.4649999999999999,4.260949999999999,5.852500000000001,10.9305,98.15625,1.3479710881564466,951.046875,13.060642506020129,1.47234375,2.02195663223467,33.286640625,35.0,71.78094100723467,8776,296.0,3.37,0.5475033117752602,Watch
313490,6110.0,14820.31093,RUS,Russia,Yamal-Nenets,0.365658341,0.0,0.65,0.49,6110.0,6110.0,1.0,1.0,100.0,-9999.0,-9999.0,3.0,10.0,10.0,-999.9,-999.9,-3239.242857142857,0.0,0.0,0.0,0.0,0.0,0.0,0.0,0.0,0.0,0.0,0.0,-3239.242857142857,74.93161443662845,7.31316682,0.0,3.0,22.875,0.154,20.125,0.136,53.688,0.362,580.438,3.917,0.20125,0.136,0.8053200000000001,0.5429999999999999,14.51095,9.7925,25.98902,196.3125,1.324617957752305,1927.828125,13.00801402781257,2.9446875,1.9869269366284568,35.0,35.0,74.93161443662845,175955,1425.0,0.81,0.4157997755848336,Watch
313500,6111.0,3770.093446,RUS,Russia,Yamal-Nenets,2.219159009,0.0,0.65,0.49,6111.0,6111.0,1.0,3.0,88.0,2.0,-9999.0,3.0,8.0,8.8,0.2,-999.9,-1961.9,0.0,0.0,0.0,0.0,0.0,0.0,0.0,0.0,0.0,0.0,0.0,-1961.9,21.52988,44.38318018,0.0,,45.188,1.199,26.5,0.703,140.812,3.735,140.688,3.732,0.265,0.703,2.1121800000000004,5.6025,3.5172,9.33,21.52988,58.5,1.55168567666448,20.390625,0.5408519786450712,0.8775,2.32752851499672,0.713671875,1.892981925257749,5.811682315254469,3932,,,0.1712991342158976,Information
313611,6112.0,4239.965415,RUS,Russia,Yamal-Nenets,0.094943023,0.0,0.65,0.49,6112.0,6112.0,1.0,4.0,100.0,2.0,-9999.0,3.0,7.0,10.0,0.2,-999.9,-1959.7,0.0,0.0,0.0,0.0,0.0,0.0,0.0,0.0,0.0,0.0,0.0,-1959.7,61.096320000000006,1.89886046,0.0,2.0,0.062,0.001,0.062,0.001,509.75,12.023,537.938,12.687,0.00062,0.001,7.64625,15.0,13.44845,25.0,61.096320000000006,85.21875,2.009892573483935,48.234375,1.137612463209554,1.27828125,3.014838860225902,1.688203125,3.98164362123344,9.96296685645934,1532,,,0.3179113649026194,Watch
313612,6113.0,4055.7915,RUS,Russia,Yamal-Nenets,3.016220664,0.0,0.65,0.49,6113.0,6113.0,1.0,2.0,100.0,-9999.0,-9999.0,3.0,9.0,10.0,-999.9,-999.9,-3955.8,0.0,0.0,0.0,0.0,0.0,0.0,0.0,0.0,0.0,0.0,0.0,-3955.8,49.16782475544065,60.32441328,0.0,,2.625,0.065,2.625,0.065,151.812,3.743,346.25,8.537,0.02625,0.065,2.27718,5.6145,8.65625,21.3425,37.98168,408.375,10.068934756656176,231.1875,5.700182072983042,6.125625,15.0,8.0915625,19.950637255440647,49.16782475544065,3767,,,0.5849227368983254,Advisory
313613,6114.0,2499.691306,RUS,Russia,Yamal-Nenets,3.059103657,0.0,0.65,0.49,6114.0,6114.0,1.0,3.0,100.0,-9999.0,-9999.0,3.0,8.0,10.0,-999.9,-999.9,-2962.2,0.0,0.0,0.0,0.0,0.0,0.0,0.0,0.0,0.0,0.0,0.0,-2962.2,56.47252,61.18207314,0.0,2.0,0.0,0.0,0.0,0.0,407.438,16.3,414.438,16.58,0.0,0.0,6.11157,15.0,10.36095,25.0,56.47252,165.65625,6.627068294063856,40.21875,1.608948669017201,2.48484375,9.940602441095784,1.40765625,5.631320341560204,19.464422782655987,0,,,0.6461221590622698,Watch
313616,6117.0,4312.056982,RUS,Russia,Yamal-Nenets,4.014612403,0.0,0.65,0.49,6117.0,6117.0,1.0,2.0,100.0,-9999.0,-9999.0,3.0,9.0,10.0,-999.9,-999.9,-3955.1,0.0,0.0,0.0,0.0,0.0,0.0,0.0,0.0,0.0,0.0,0.0,-3955.1,80.55387999999999,80.29224806,0.0,2.0,16.688,0.387,16.688,0.387,1051.438,24.384,1287.688,29.862,0.16688,0.387,15.0,15.0,25.0,25.0,80.55387999999999,784.40625,18.19099917383453,390.515625,9.056365131900057,11.76609375,15.0,13.668046875,31.6972779616502,72.1314185866502,170,,,0.920421763987981,Warning
313617,6118.0,6571.155022,RUS,Russia,Yamal-Nenets,3.891747424,0.0,0.65,0.49,6118.0,6118.0,1.0,3.0,64.0,-9999.0,-9999.0,3.0,8.0,6.4,-999.9,-999.9,-4299.033333333334,0.0,0.0,0.0,0.0,0.0,0.0,0.0,0.0,0.0,0.0,0.0,-4299.033333333334,97.361328125,77.83494848000001,0.0,3.0,12.812,0.195,12.812,0.195,1627.438,24.766,2029.375,30.883,0.1281199999999999,0.195,15.0,15.0,25.0,25.0,80.32312,1378.40625,20.976620477287653,924.609375,14.07072838585659,15.0,15.0,32.361328125,35.0,97.361328125,170,0.0,0.0,0.9305516732826108,Warning
313618,6119.0,6961.297904,RUS,Russia,Yamal-Nenets,3.276013954,0.0,0.65,0.49,6119.0,6119.0,1.0,4.0,64.0,2.0,-9999.0,3.0,7.0,6.4,0.2,-999.9,-2962.3,0.0,0.0,0.0,0.0,0.0,0.0,0.0,0.0,0.0,0.0,0.0,-2962.3,47.8969107122025,65.52027908000001,0.0,3.0,15.188,0.218,15.188,0.218,307.938,4.424,511.312,7.345,0.15188,0.218,4.61907,6.636000000000001,12.7828,18.3625,42.77025,305.15625,4.383611421273296,430.875,6.189578522940729,4.57734375,6.575417131909944,15.080625,21.663524830292552,47.8969107122025,771,0.0,0.0,0.6288010835465457,Watch
313620,6121.0,19099.41602,RUS,Russia,Krasnoyarsk,3.430014565,0.0,0.65,0.49,6121.0,6121.0,1.0,1.0,100.0,-9999.0,-9999.0,3.0,10.0,10.0,-999.9,-999.9,-3509.844444444444,0.0,0.0,0.0,0.0,0.0,0.0,0.0,0.0,0.0,0.0,0.0,-3509.844444444444,19.29883047382628,68.6002913,0.0,,12.125,0.063,11.25,0.059,102.5,0.537,253.25,1.326,0.1125,0.059,1.5375,0.8055000000000001,6.33125,3.3150000000000004,12.16075,313.875,1.6433748534643633,227.390625,1.1905632338942094,4.708125,2.4650622801965447,7.958671875,4.166971318629733,19.29883047382628,0,,,0.3132162940366132,Information
313630,6122.0,1162.248612,RUS,Russia,Yamal-Nenets,0.028334253,0.0,0.65,0.49,6122.0,,,,,,,,,,,,,,,,,,,,,,,,,57.658575,0.56668506,0.0,,106.562,9.169,99.625,8.572,158.625,13.648,228.438,19.655,0.99625,8.572,2.379375,15.0,5.71095,25.0,57.658575,67.078125,5.771409345454959,174.375,15.003244420050626,1.006171875,8.657114018182439,6.103125,35.0,50.76641089318244,821,,,0.2928945585568548,Advisory
313640,6123.0,12316.48735,RUS,Russia,Yamal-Nenets,4.004470636,0.0,0.65,0.49,6123.0,,,,,,,,,,,,,,,,,,,,,,,,,9.784366943962237,80.08941272,0.0,,98.562,0.8,58.562,0.475,47.062,0.382,78.438,0.637,0.58562,0.475,0.70593,0.573,1.96095,1.5925,5.893,43.03125,0.3493792408469908,135.84375,1.1029423093405004,0.64546875,0.5240688612704862,4.75453125,3.860298082691752,9.784366943962237,0,,,0.2387076931078704,Information
313650,6124.0,25443.05821,RUS,Russia,Yamal-Nenets,3.189934261,0.0,0.65,0.49,6124.0,6124.0,1.0,3.0,100.0,-9999.0,-9999.0,3.0,8.0,10.0,-999.9,-999.9,-3957.6,0.0,0.0,0.0,0.0,0.0,0.0,0.0,0.0,0.0,0.0,0.0,-3957.6,100.0,63.79868522,0.0,3.0,1361.875,5.353,1297.125,5.098,4886.438,19.205,6115.75,24.037,10.0,5.098,15.0,15.0,25.0,25.0,95.098,3960.140625,15.564719430548918,5653.125,22.218732328683867,15.0,15.0,35.0,35.0,100.0,433,8.0,1.85,0.8452031034950752,Warning
313660,6125.0,14552.97432,RUS,Russia,Yamal-Nenets,2.459859045,0.0,0.65,0.49,6125.0,,,,,,,,,,,,,,,,,,,,,,,,,81.55504596027524,49.1971809,0.0,3.0,109.562,0.753,105.875,0.728,406.75,2.795,645.875,4.438,1.05875,0.728,6.10125,4.1925,16.146875,11.095,39.322375,592.875,4.073909475658308,1311.890625,9.014587641939364,8.893125,6.110864213487462,35.0,31.551056746787776,81.55504596027524,631,1.0,0.16,0.6820098191467784,Warning
313670,6126.0,14531.77373,RUS,Russia,Yamal-Nenets,3.405187714,0.0,0.65,0.49,6126.0,,,,,,,,,,,,,,,,,,,,,,,,,89.87714244267178,68.10375428,0.0,3.0,38.562,0.265,31.438,0.216,417.25,2.871,462.562,3.183,0.31438,0.216,6.25875,4.3065,11.56405,7.9575,30.61718,784.96875,5.401740795114516,1464.1875,10.075765882968888,11.77453125,8.102611192671773,35.0,35.0,89.87714244267178,924,133.0,14.39,0.8498885109402198,Warning
313680,6127.0,10376.88736,RUS,Russia,Yamal-Nenets,2.492082487,0.0,0.65,0.49,6127.0,,,,,,,,,,,,,,,,,,,,,,,,,9.699505878934495,49.84164974,0.0,,232.75,2.243,145.812,1.405,25.188,0.243,9.875,0.095,1.45812,1.405,0.37782,0.3645,0.246875,0.2375,4.089815000000001,63.84375,0.6152495232131705,113.765625,1.0963367054613542,0.95765625,0.9228742848197558,3.981796875,3.83717846911474,9.699505878934495,0,,,0.0501800816675754,Information
313690,6128.0,18728.27616,RUS,Russia,Yamal-Nenets,3.139265656,0.0,0.65,0.49,6128.0,,,,,,,,,,,,,,,,,,,,,,,,,19.778632928220603,62.78531312,0.0,,278.125,1.485,206.312,1.102,31.5,0.168,8.062,0.043,2.06312,1.102,0.4725,0.252,0.2015499999999999,0.1074999999999999,4.19867,168.890625,0.9017948239222316,296.015625,1.5805812692392154,2.533359375,1.3526922358833475,10.360546875,5.532034442337254,19.778632928220603,58,,,0.2636603487759107,Information
313700,6129.0,3391.341224,RUS,Russia,Yamal-Nenets,3.888643028,0.0,0.65,0.49,6129.0,6129.0,1.0,4.0,86.0,-9999.0,-9999.0,3.0,7.0,8.6,-999.9,-999.9,-3966.3333333333335,0.0,0.0,0.0,0.0,0.0,0.0,0.0,0.0,0.0,0.0,0.0,-3966.3333333333335,46.173125,77.77286056,0.0,2.0,119.5,3.524,92.375,2.724,282.125,8.319,261.5,7.711,0.92375,2.724,4.231875,12.4785,6.5375,19.2775,46.173125,95.34375,2.811387698581914,17.296875,0.5100305116896392,1.43015625,4.217081547872871,0.605390625,1.7851067909137373,8.037735213786608,23,,,0.7676360398506565,Watch
313800,6130.0,24572.6623,RUS,Russia,Yamal-Nenets,2.986784183,0.0,0.65,0.49,6130.0,6130.0,1.0,12.0,33.0,2.0,-9999.0,3.0,1.0,3.3,0.2,-999.9,-2286.876923076923,0.0,0.0,0.0,0.0,0.0,0.0,0.0,0.0,0.0,0.0,0.0,-2286.876923076923,0.1276153341430221,59.73568366000001,0.0,,,,,,,,,,,,,,,,,6.046875,0.0246081394286814,0.0,0.0,0.090703125,0.0369122091430221,0.0,0.0,0.1276153341430221,212,,,4.352642864848723e-09,Information
313905,6135.0,17389.92487,RUS,Russia,Yamal-Nenets,3.081462297,4.015852977,0.65,0.49,6135.0,6135.0,1.0,20.0,39.0,13.0,3.0,3.0,1.0,3.9,1.3,0.3,19.3,0.0,0.0,0.0,0.0,0.0,0.0,0.0,0.0,0.0,0.0,0.0,19.3,19.3,61.62924594,80.31705954,,,,,,,,,,,,,,,,,,,,,,,,,,7,,,0.4921624061965117,Advisory
321002,6141.0,7922.809374,RUS,Russia,Yamal-Nenets,3.84313742,0.0,0.65,0.49,6141.0,6141.0,1.0,17.0,49.0,21.0,3.0,3.0,1.0,4.9,2.1,0.3,28.8,0.0,0.0,0.0,0.0,0.0,0.0,0.0,0.0,0.0,0.0,0.0,28.8,28.8,76.8627484,0.0,,,,,,,,,,,,,,,,,,,,,,,,,,67,,,0.5866482745274193,Advisory
321003,6142.0,23478.20622,RUS,Russia,Yamal-Nenets,3.592242067,4.004263678,0.65,0.49,6142.0,6142.0,1.0,20.0,41.0,19.0,7.0,3.0,1.0,4.1,1.9,0.7,20.8,0.0,0.0,0.0,0.0,0.0,0.0,0.0,0.0,0.0,0.0,0.0,20.8,20.8,71.84484134,80.08527356,,0.0,0.0,0.0,0.0,0.0,0.0,6.75,0.029,0.0,0.0,0.0,0.0,0.16875,0.0725,0.24125,24.46875,0.104218992570207,10.546875,0.0449219795561237,0.36703125,0.1563284888553105,0.369140625,0.1572269284464329,1.0497272923017436,68,,,0.5173459296729414,Advisory
321006,6144.0,23505.62001,RUS,Russia,Krasnoyarsk,3.592173479,0.0,0.65,0.49,6144.0,6144.0,1.0,9.0,45.0,3.0,-9999.0,3.0,2.0,4.5,0.3,-999.9,-3206.784615384616,0.0,0.0,0.0,0.0,0.0,0.0,0.0,0.0,0.0,0.0,0.0,-3206.784615384616,16.489108980369434,71.84346958,0.0,,4.875,0.021,3.75,0.016,121.0,0.515,160.0,0.681,0.0375,0.016,1.815,0.7725,4.0,1.7025,8.3435,536.90625,2.284161191593788,100.40625,0.4271584837082149,8.05359375,3.426241787390682,3.51421875,1.4950546929787525,16.489108980369434,6274,,,0.2962975416463508,Information
321007,6145.0,16.93805551,RUS,Russia,Krasnoyarsk,3.319787292,0.0,0.65,0.49,6145.0,,,,,,,,,,,,,,,,,,,,,,,,,50.25171875,66.39574584,0.0,3.0,0.0,0.0,0.0,0.0,7.812,46.124,14.062,83.023,0.0,0.0,0.11718,15.0,0.35155,25.0,40.46873,5.625,33.209242923678666,4.78125,28.227856485126868,0.084375,15.0,0.16734375,35.0,50.25171875,0,0.0,0.0,0.6563022508974751,Watch
321008,6146.0,6317.762345,RUS,Russia,Krasnoyarsk,2.889209113,0.0,0.65,0.49,6146.0,,,,,,,,,,,,,,,,,,,,,,,,,2.3157300000000003,57.78418226,0.0,,0.0,0.0,0.0,0.0,17.562,0.278,25.312,0.401,0.0,0.0,0.26343,0.417,0.6328,1.0025,2.3157300000000003,6.75,0.1068416257350762,4.078125,0.0645501488816085,0.10125,0.1602624386026143,0.142734375,0.2259255210856297,0.630172334688244,0,,,0.0018476201250257,Information
322110,6148.0,660.4182337,RUS,Russia,Krasnoyarsk,0.36728476,0.0,0.65,0.49,6148.0,,,,,,,,,,,,,,,,,,,,,,,,,40.96758,7.3456952,0.0,,1.812,0.274,0.688,0.104,58.5,8.858,67.688,10.249,0.00688,0.104,0.8775,13.287,1.6922,25.0,40.96758,33.890625,5.131691293541493,13.359375,2.022865862599344,0.508359375,7.69753694031224,0.467578125,7.080030519097703,15.75350495940994,0,,,0.2072230754286543,Advisory
322120,6149.0,15549.09484,RUS,Russia,Krasnoyarsk,3.574418296,0.0,0.65,0.49,6149.0,6149.0,1.0,13.0,35.0,2.0,-9999.0,3.0,1.0,3.5,0.2,-999.9,-726.875,0.0,0.0,0.0,0.0,0.0,0.0,0.0,0.0,0.0,0.0,0.0,-726.875,0.29968,71.48836592,0.0,,0.188,0.001,0.0,0.0,3.812,0.025,5.0,0.032,0.0,0.0,0.05718,0.0375,0.125,0.08,0.29968,,,,,,,,,,0,,,2.614893148369812e-06,Information
322130,6150.0,15030.27791,RUS,Russia,Krasnoyarsk,3.777231996,0.0,0.65,0.49,6150.0,6150.0,1.0,15.0,47.0,15.0,-9999.0,3.0,1.0,4.7,1.5,-999.9,-1981.4,0.0,0.0,0.0,0.0,0.0,0.0,0.0,0.0,0.0,0.0,0.0,-1981.4,41.11455,75.54463992,0.0,2.0,65.688,0.437,60.75,0.404,427.0,2.841,707.062,4.704,0.6075,0.404,6.405,4.2615,17.67655,11.76,41.11455,382.5,2.544863124004051,273.375,1.8188286445087776,5.7375,3.817294686006077,9.568125,6.365900255780722,25.4888199417868,19816,,,0.6982983549876378,Watch
322140,6151.0,29440.13898,RUS,Russia,Krasnoyarsk,4.020520218,0.0,0.65,0.49,6151.0,6151.0,1.0,24.0,49.0,25.0,13.0,3.0,1.0,4.9,2.5,1.3,-1229.85,0.0,0.0,0.0,0.0,0.0,0.0,0.0,0.0,0.0,0.0,0.0,-1229.85,7.410376447986395,80.41040436,0.0,,67.938,0.231,57.438,0.195,93.562,0.318,133.5,0.453,0.57438,0.195,1.40343,0.477,3.3375,1.1325,7.11981,284.765625,0.9672699752885346,36.0,0.1222820314438838,4.271484375,1.450904962932802,1.26,0.4279871100535933,7.410376447986395,13789,,,0.1654960858501312,Information
322150,6152.0,16148.77504,RUS,Russia,Krasnoyarsk,2.315373811,0.0,0.65,0.49,6152.0,6152.0,1.0,1.0,100.0,5.0,-9999.0,3.0,10.0,10.0,0.5,-999.9,-3567.16,0.0,0.0,0.0,0.0,0.0,0.0,0.0,0.0,0.0,0.0,0.0,-3567.16,63.60622991651282,46.307476220000005,0.0,3.0,424.125,2.626,278.438,1.724,708.812,4.389,852.562,5.279,2.78438,1.724,10.63218,6.583500000000001,21.31405,13.1975,56.23561,494.15625,3.06002312037074,910.546875,5.638488817416203,7.41234375,4.590034680556109,31.869140625,19.73471086095671,63.60622991651282,898,18.0,2.0,0.5672737945461834,Watch
322161,6153.0,12673.65899,RUS,Russia,Krasnoyarsk,2.140339186,0.0,0.65,0.49,6153.0,6153.0,1.0,1.0,100.0,-9999.0,-9999.0,3.0,10.0,10.0,-999.9,-999.9,-3953.6,0.0,0.0,0.0,0.0,0.0,0.0,0.0,0.0,0.0,0.0,0.0,-3953.6,52.91561,42.80678372,0.0,,515.125,4.065,468.938,3.7,653.312,5.155,603.562,4.762,4.68938,3.7,9.79968,7.7325,15.08905,11.905,52.91561,498.9375,3.9368070459222873,508.78125,4.014477985385241,7.4840625,5.905210568883431,17.80734375,14.050672948848344,45.24728976773178,477,,,0.4690186647286684,Advisory
322162,6154.0,16377.99892,RUS,Russia,Krasnoyarsk,0.818347767,0.0,0.65,0.49,6154.0,6154.0,1.0,13.0,33.0,19.0,5.0,3.0,1.0,3.3,1.9,0.5,18.3,0.0,0.0,0.0,0.0,0.0,0.0,0.0,0.0,0.0,0.0,0.0,18.3,18.3,16.36695534,0.0,,87.188,0.532,39.188,0.239,165.875,1.013,142.125,0.868,0.39188,0.239,2.488125,1.5195,3.553125,2.17,10.36163,340.03125,2.076146492101368,46.265625,0.2824864333752481,5.10046875,3.114219738152052,1.619296875,0.9887025168133684,10.822687879965422,0,,,0.064313608880343,Information
322163,6155.0,9481.314152,RUS,Russia,Krasnoyarsk,4.031501221,0.0,0.65,0.49,6155.0,6155.0,1.0,15.0,39.0,9.0,-9999.0,3.0,1.0,3.9,0.9,-999.9,-981.8,0.0,0.0,0.0,0.0,0.0,0.0,0.0,0.0,0.0,0.0,0.0,-981.8,8.73185,80.63002442,0.0,,75.812,0.8,39.562,0.417,89.312,0.942,100.562,1.061,0.3956199999999999,0.417,1.33968,1.4129999999999998,2.51405,2.6525,8.73185,204.890625,2.1609939478789024,21.796875,0.2298929731786066,3.073359375,3.241490921818354,0.762890625,0.8046254061251231,7.882366327943477,0,,,0.21279900348592,Information
322180,6163.0,13477.45821,RUS,Russia,Krasnoyarsk,2.697628679,0.0,0.65,0.49,6163.0,6163.0,1.0,1.0,100.0,-9999.0,-9999.0,3.0,10.0,10.0,-999.9,-999.9,-3953.6,0.0,0.0,0.0,0.0,0.0,0.0,0.0,0.0,0.0,0.0,0.0,-3953.6,100.0,53.952573580000006,0.0,2.0,1545.75,11.469,1390.562,10.318,2644.0,19.618,2145.188,15.917,10.0,10.0,15.0,15.0,25.0,25.0,100.0,2002.78125,14.86022971189973,3186.984375,23.646776152280832,15.0,15.0,35.0,35.0,100.0,2603,,,0.7809773685874257,Warning
322190,6164.0,3431.846736,RUS,Russia,Krasnoyarsk,3.093647409,0.0,0.65,0.49,6164.0,6164.0,0.0,2.0,-9999.0,-9999.0,-9999.0,0.0,9.0,-999.9,-999.9,-999.9,-4967.5,0.0,0.0,0.0,0.0,0.0,0.0,0.0,0.0,0.0,0.0,0.0,-4967.5,90.64484375,61.87294818,0.0,3.0,507.438,14.786,486.938,14.189,740.125,21.566,529.438,15.427,4.86938,10.0,11.101875,15.0,13.23595,25.0,79.207205,437.0625,12.735490060738746,973.96875,28.3803102190079,6.5559375,15.0,34.08890625,35.0,90.64484375,2029,183.0,9.02,0.8067617747275346,Warning
322211,6165.0,9884.42792,RUS,Russia,Krasnoyarsk,3.297601685,0.0,0.65,0.49,6165.0,,,,,,,,,,,,,,,,,,,,,,,,,22.98940001888217,65.9520337,0.0,,144.688,1.464,100.938,1.021,317.0,3.207,182.188,1.843,1.00938,1.021,4.755,4.810499999999999,4.5547,4.6075,20.75808,283.78125,2.8709931651823326,204.890625,2.07286275603105,4.25671875,4.306489747773499,7.171171875,7.255019646108675,22.98940001888217,65,,,0.3472568466897504,Information
322212,6166.0,8751.461775,RUS,Russia,Krasnoyarsk,3.959640974,0.0,0.65,0.49,6166.0,6166.0,1.0,1.0,66.0,-9999.0,-9999.0,3.0,10.0,6.6,-999.9,-999.9,-3960.4,0.0,0.0,0.0,0.0,0.0,0.0,0.0,0.0,0.0,0.0,0.0,-3960.4,3.924594547508006,79.19281948,0.0,,24.938,0.285,7.188,0.082,32.312,0.369,18.688,0.214,0.07188,0.082,0.4846799999999999,0.5535,0.4672,0.535,2.1942600000000003,51.890625,0.5929366582767404,30.09375,0.3438711243122559,0.778359375,0.8894049874151105,1.05328125,1.2035489350928956,3.924594547508006,0,,,0.047654379744385,Information
322213,6167.0,13739.01831,RUS,Russia,Krasnoyarsk,3.308963336,0.0,0.65,0.49,6167.0,6167.0,1.0,1.0,100.0,-9999.0,-9999.0,3.0,10.0,10.0,-999.9,-999.9,-4630.2,0.0,0.0,0.0,0.0,0.0,0.0,0.0,0.0,0.0,0.0,0.0,-4630.2,7.992809814601851,66.17926672,0.0,,84.438,0.615,29.062,0.212,73.625,0.536,25.125,0.183,0.29062,0.212,1.104375,0.804,0.628125,0.4575,3.49662,40.640625,0.2958044313862091,114.75,0.8352125121492961,0.609609375,0.4437066470793136,4.01625,2.9232437925225367,7.992809814601851,10,,,0.0745762232820464,Information
322215,6169.0,4774.081101,RUS,Russia,Krasnoyarsk,3.259401723,0.0,0.65,0.49,6169.0,,,,,,,,,,,,,,,,,,,,,,,,,4.810962466151912,65.18803446,0.0,,16.188,0.339,4.75,0.099,4.688,0.098,0.375,0.008,0.0475,0.099,0.07032,0.147,0.009375,0.02,0.393195,19.96875,0.4182742098087484,35.859375,0.7511262218396539,0.29953125,0.6274113147131226,1.255078125,2.628941776438789,4.810962466151912,14,,,0.0239044002878544,Information
322216,6170.0,17147.60144,RUS,Russia,Krasnoyarsk,4.007861439,0.0,0.65,0.49,6170.0,,,,,,,,,,,,,,,,,,,,,,,,,11.11052751616645,80.15722878,0.0,,126.188,0.736,77.25,0.451,140.25,0.818,86.375,0.504,0.7725,0.451,2.10375,1.227,2.159375,1.26,7.973624999999999,196.171875,1.144019329361226,116.4375,0.6790308277498889,2.942578125,1.716028994041839,4.0753125,2.376607897124611,11.11052751616645,0,,,0.2809752853173957,Information
322220,6174.0,21391.57391,RUS,Russia,Krasnoyarsk,3.214653895,0.0,0.65,0.49,6174.0,,,,,,,,,,,,,,,,,,,,,,,,,2.571695,64.2930779,0.0,,176.312,0.824,68.875,0.322,55.688,0.26,9.125,0.043,0.68875,0.322,0.8353200000000001,0.39,0.228125,0.1074999999999999,2.571695,2.109375,0.0098607751315981,13.921875,0.0650811158685475,0.031640625,0.0147911626973971,0.487265625,0.2277839055399163,0.7614813182373135,573,,,0.0042594662477001,Information
322230,6175.0,5560.655943,RUS,Russia,Krasnoyarsk,0.085886003,0.0,0.65,0.49,6175.0,,,,,,,,,,,,,,,,,,,,,,,,,2.35995,1.71772006,0.0,,35.188,0.633,20.375,0.366,19.0,0.342,14.188,0.255,0.20375,0.366,0.285,0.513,0.3547,0.6375,2.35995,9.421875,0.1694381939308065,19.828125,0.3565788857349808,0.141328125,0.2541572908962097,0.693984375,1.2480261000724329,2.3374958909686425,62,,,9.604306147503076e-05,Information
322243,6178.0,11596.50278,RUS,Russia,Krasnoyarsk,3.702228488,0.0,0.65,0.49,6178.0,,,,,,,,,,,,,,,,,,,,,,,,,1.7389496517175325,74.04456976,0.0,,5.312,0.046,2.812,0.024,6.062,0.052,9.25,0.08,0.02812,0.024,0.09093,0.078,0.23125,0.2,0.6523000000000001,3.515625,0.0303162519471962,25.171875,0.2170643639419252,0.052734375,0.0454743779207943,0.881015625,0.7597252737967382,1.7389496517175325,0,,,0.0034348082920447,Information
322248,6183.0,2889.857297,RUS,Russia,Krasnoyarsk,4.020496848,0.0,0.65,0.49,6183.0,,,,,,,,,,,,,,,,,,,,,,,,,0.3702999999999999,80.40993696,0.0,,16.25,0.562,7.5,0.26,0.0,0.0,0.312,0.011,0.075,0.26,0.0,0.0,0.0078,0.0274999999999999,0.3702999999999999,0.28125,0.0097323144734036,0.84375,0.0291969434202109,0.00421875,0.0145984717101054,0.02953125,0.1021893019707381,0.1505377736808435,0,,,3.616865464321983e-05,Information
322250,6185.0,186.8101045,RUS,Russia,Krasnoyarsk,1.528473147,0.0,0.65,0.49,6185.0,,,,,,,,,,,,,,,,,,,,,,,,,13.687956075138445,30.56946294,0.0,,3.688,1.974,2.312,1.238,2.062,1.104,3.5,1.874,0.0231199999999999,1.238,0.03093,1.656,0.0875,4.6850000000000005,7.720550000000001,0.0,0.0,7.171875,3.839125842896698,0.0,0.0,0.251015625,13.436940450138442,13.687956075138445,0,,,0.0522081336496488,Information
322260,6186.0,28048.30716,RUS,Russia,Krasnoyarsk,3.844278118,0.0,0.65,0.49,6186.0,6186.0,1.0,14.0,43.0,7.0,-9999.0,3.0,1.0,4.3,0.7,-999.9,-1981.8,0.0,0.0,0.0,0.0,0.0,0.0,0.0,0.0,0.0,0.0,0.0,-1981.8,9.056625,76.88556236,0.0,,161.938,0.577,85.5,0.305,165.125,0.589,133.75,0.477,0.855,0.305,2.476875,0.8835,3.34375,1.1925,9.056625,55.6875,0.1985413939176132,135.28125,0.4823152044160199,0.8353125,0.2978120908764198,4.73484375,1.6881032154560696,7.55607155633249,15,,,0.174389336922227,Information
322270,6187.0,25659.98662,RUS,Russia,Krasnoyarsk,3.675295989,0.0,0.65,0.49,6187.0,,,,,,,,,,,,,,,,,,,,,,,,,4.222226784020285,73.50591978,0.0,,44.688,0.174,28.188,0.11,24.625,0.096,44.562,0.174,0.2818799999999999,0.11,0.369375,0.144,1.11405,0.4349999999999999,2.454305,20.109375,0.0783686106178666,78.1875,0.3047059265981387,0.301640625,0.1175529159267999,2.7365625,1.0664707430934854,4.222226784020285,406,,,0.0331375376452686,Information
322281,6188.0,3153.96319,RUS,Russia,Krasnoyarsk,4.024850228,0.0,0.65,0.49,6188.0,,,,,,,,,,,,,,,,,,,,,,,,,3.243304081850204,80.49700456,0.0,,13.062,0.414,2.625,0.083,2.812,0.089,5.438,0.172,0.02625,0.083,0.04218,0.1335,0.13595,0.4299999999999999,0.85088,1.96875,0.0624214640974735,21.375,0.677718753058284,0.02953125,0.0936321961462102,0.748125,2.372015635703994,3.243304081850204,807,,,0.0364085414981855,Information
322282,6189.0,21796.29005,RUS,Russia,Krasnoyarsk,4.005260029,0.0,0.65,0.49,6189.0,6189.0,1.0,1.0,45.0,2.0,-9999.0,3.0,10.0,4.5,0.2,-999.9,-2641.866666666667,0.0,0.0,0.0,0.0,0.0,0.0,0.0,0.0,0.0,0.0,0.0,-2641.866666666667,4.49017,80.10520058,0.0,,91.875,0.422,40.812,0.187,60.75,0.279,70.312,0.323,0.40812,0.187,0.91125,0.4185,1.7578,0.8075,4.49017,27.984375,0.1283905423438534,44.296875,0.2032312604940393,0.419765625,0.19258581351578,1.550390625,0.7113094117291375,2.8740514752449173,0,,,0.0683006081718575,Information
322283,6190.0,3830.286296,RUS,Russia,Krasnoyarsk,2.21240883,0.0,0.65,0.49,6190.0,,,,,,,,,,,,,,,,,,,,,,,,,3.267465573164237,44.24817660000001,0.0,,62.312,1.627,10.812,0.282,10.188,0.266,16.812,0.439,0.10812,0.282,0.15282,0.399,0.4203,1.0975,2.45974,1.265625,0.0330425692050942,25.3125,0.6608513841018846,0.018984375,0.0495638538076413,0.8859375,2.312979844356596,3.267465573164237,0,,,0.0022777260586318,Information
322284,6191.0,19037.15106,RUS,Russia,Krasnoyarsk,0.903592326,0.0,0.65,0.49,6191.0,,,,,,,,,,,,,,,,,,,,,,,,,8.32587,18.07184652,0.0,,1141.5,5.996,304.812,1.601,105.125,0.552,33.375,0.175,3.04812,1.601,1.576875,0.8280000000000001,0.834375,0.4375,8.32587,5.203125,0.0273314267711892,45.0,0.2363799072102853,0.078046875,0.0409971401567838,1.575,0.8273296752359985,2.521373690392782,0,,,0.0111132381083425,Information
322286,6193.0,9902.726551,RUS,Russia,Krasnoyarsk,3.893449281,0.0,0.65,0.49,6193.0,,,,,,,,,,,,,,,,,,,,,,,,,4.28387,77.86898562,0.0,,562.438,5.68,195.5,1.974,1.688,0.017,6.062,0.061,1.955,1.974,0.02532,0.0255,0.15155,0.1525,4.28387,1.125,0.0113605075759414,28.265625,0.2854327528455294,0.016875,0.0170407613639121,0.989296875,0.9990146349593528,2.0222272713232647,0,,,0.0502822389831723,Information
322288,6195.0,13517.409,RUS,Russia,Krasnoyarsk,4.035733677,0.0,0.65,0.49,6195.0,6195.0,1.0,2.0,98.0,-9999.0,-9999.0,3.0,9.0,9.8,-999.9,-999.9,-3456.85,0.0,0.0,0.0,0.0,0.0,0.0,0.0,0.0,0.0,0.0,0.0,-3456.85,0.7547684212818024,80.71467353999999,0.0,,7.5,0.055,4.5,0.033,3.188,0.024,3.5,0.026,0.045,0.033,0.04782,0.036,0.0875,0.065,0.31432,0.703125,0.005201625547517,12.09375,0.0894679594172934,0.010546875,0.0078024383212755,0.42328125,0.3131378579605269,0.7547684212818024,0,,,0.0005962063546113,Information
322291,6197.0,26463.04821,RUS,Russia,Krasnoyarsk,3.653555583,0.0,0.65,0.49,6197.0,,,,,,,,,,,,,,,,,,,,,,,,,16.67349001538558,73.07111166,0.0,,327.062,1.236,107.125,0.405,56.188,0.212,110.125,0.416,1.07125,0.405,0.8428200000000001,0.318,2.753125,1.04,6.430195,90.421875,0.3416910791566446,306.984375,1.1600491847573176,1.356328125,0.5125366187349669,10.744453125,4.060172146650611,16.67349001538558,2716,,,0.3158343044112294,Information
322292,6198.0,16612.83591,RUS,Russia,Krasnoyarsk,1.922868158,0.0,0.65,0.49,6198.0,,,,,,,,,,,,,,,,,,,,,,,,,0.98573,38.45736316,0.0,,147.875,0.89,52.625,0.317,0.062,0.0,3.562,0.021,0.52625,0.317,0.0009299999999999,0.0,0.0890499999999999,0.0525,0.98573,0.984375,0.0059253880880281,6.1875,0.0372452965533199,0.014765625,0.0088880821320421,0.2165625,0.1303585379366196,0.3705747450686618,2799,,,1.781718138971576e-05,Information
322293,6199.0,1287.370008,RUS,Russia,Krasnoyarsk,3.893449131,0.0,0.65,0.49,6199.0,,,,,,,,,,,,,,,,,,,,,,,,,9.469196524463468,77.86898262,0.0,,38.375,2.981,19.562,1.52,3.188,0.248,19.188,1.49,0.19562,1.52,0.04782,0.372,0.4797,3.725,6.34014,5.0625,0.393243587084225,28.6875,2.2283803268106084,0.0759375,0.5898653806263375,1.0040625,7.799331143837129,9.469196524463468,593,,,0.1979584342462319,Information
322294,6200.0,17769.90447,RUS,Russia,Krasnoyarsk,3.846936088,0.0,0.65,0.49,6200.0,,,,,,,,,,,,,,,,,,,,,,,,,1.99108,76.93872176,0.0,,405.0,2.279,109.688,0.617,2.75,0.015,5.438,0.031,1.09688,0.617,0.04125,0.0225,0.13595,0.0775,1.99108,7.171875,0.0403596711063241,12.65625,0.0712229490111603,0.107578125,0.0605395066594861,0.44296875,0.249280321539061,0.8603667031985471,98,,,0.0071531776370854,Information
322295,6201.0,53277.66777,RUS,Russia,Irkutsk,2.66190677,0.0,0.65,0.49,6201.0,,,,,,,,,,,,,,,,,,,,,,,,,12.733584707736116,53.2381354,0.0,,844.0,1.584,371.812,0.698,48.812,0.092,93.25,0.175,3.71812,0.698,0.7321799999999999,0.138,2.33125,0.4375,8.05505,83.109375,0.1559928924805936,270.703125,0.5080986768614936,1.246640625,0.2339893387208904,9.474609375,1.7783453690152276,12.733584707736116,618,,,0.0966591738410169,Information
322296,6202.0,13016.91392,RUS,Russia,Irkutsk,1.254897819,0.0,0.65,0.49,6202.0,,,,,,,,,,,,,,,,,,,,,,,,,3.3118150000000006,25.09795638,0.0,,446.188,3.428,172.312,1.324,5.188,0.04,2.875,0.022,1.7231200000000002,1.324,0.07782,0.06,0.071875,0.0549999999999999,3.3118150000000006,0.421875,0.0032409755691155,5.625,0.0432130075882072,0.006328125,0.0048614633536732,0.196875,0.1512455265587252,0.3593101149123984,0,,,0.0009083009203246,Information
322297,6203.0,8878.852871,RUS,Russia,Irkutsk,3.758153605,0.0,0.65,0.49,6203.0,,,,,,,,,,,,,,,,,,,,,,,,,1.390545,75.1630721,0.0,,98.062,1.104,37.812,0.426,16.625,0.187,1.062,0.012,0.3781199999999999,0.426,0.249375,0.2804999999999999,0.02655,0.03,1.390545,8.015625,0.0902777094755047,12.375,0.1393761128744634,0.120234375,0.135416564213257,0.433125,0.4878163950606218,1.1765923342738789,262,,,0.0019718154316655,Information
322298,6204.0,15817.63666,RUS,Russia,Irkutsk,2.115506161,0.0,0.65,0.49,6204.0,,,,,,,,,,,,,,,,,,,,,,,,,0.7456899999999999,42.31012322,0.0,,45.438,0.287,38.312,0.242,4.938,0.031,0.0,0.0,0.3831199999999999,0.242,0.07407,0.0465,0.0,0.0,0.7456899999999999,3.9375,0.02489309928826,9.140625,0.0577875519191751,0.0590625,0.03733964893239,0.319921875,0.2022564317171128,0.6185804556495028,377,,,6.852746531182842e-06,Information
322299,6205.0,19036.19559,RUS,Russia,Irkutsk,3.043373127,0.0,0.65,0.49,6205.0,,,,,,,,,,,,,,,,,,,,,,,,,2.35775,60.867462540000005,0.0,,197.062,1.035,140.25,0.737,4.375,0.023,3.125,0.016,1.4025,0.737,0.065625,0.0345,0.078125,0.04,2.35775,4.640625,0.0243779014484436,8.15625,0.0428460086063555,0.069609375,0.0365668521726654,0.28546875,0.1499610301222442,0.5416060072949096,70,,,0.0024828804101593,Information
322310,6206.0,2188.508515,RUS,Russia,Krasnoyarsk,2.637090596,0.0,0.65,0.49,6206.0,,,,,,,,,,,,,,,,,,,,,,,,,72.635,52.74181192,0.0,3.0,315.375,14.41,311.75,14.245,465.625,21.276,369.938,16.904,3.1175,10.0,6.984375,15.0,9.24845,25.0,69.350325,269.015625,12.292190007319494,531.421875,24.282376391876824,4.035234375,15.0,18.599765625,35.0,72.635,0,0.0,0.0,0.6663370604159962,Watch
322320,6207.0,7444.925312,RUS,Russia,Krasnoyarsk,2.068261885,0.0,0.65,0.49,6207.0,6207.0,1.0,1.0,100.0,-9999.0,-9999.0,3.0,10.0,10.0,-999.9,-999.9,-3954.0,0.0,0.0,0.0,0.0,0.0,0.0,0.0,0.0,0.0,0.0,0.0,-3954.0,4.278714004571555,41.3652377,0.0,,14.625,0.196,5.812,0.078,20.875,0.28,2.438,0.033,0.05812,0.078,0.313125,0.42,0.06095,0.0825,1.012695,32.484375,0.4363290917836189,38.25,0.5137727833988932,0.487265625,0.6544936376754283,1.33875,1.7982047418961262,4.278714004571555,0,,,0.0044265509353616,Information
322330,6208.0,16004.70645,RUS,Russia,Krasnoyarsk,1.877201357,0.0,0.65,0.49,6208.0,,,,,,,,,,,,,,,,,,,,,,,,,85.1073554290011,37.54402714,0.0,3.0,849.188,5.306,670.25,4.188,871.312,5.444,593.5,3.708,6.7025,4.188,13.06968,8.166,14.8375,9.27,56.23368000000001,897.46875,5.607530214963736,1291.078125,8.066865387587287,13.46203125,8.411295322445604,35.0,28.234028856555504,85.1073554290011,21,0.0,0.0,0.6215109843027063,Warning
322340,6209.0,5607.910722,RUS,Russia,Krasnoyarsk,2.008907361,0.0,0.65,0.49,6209.0,6209.0,1.0,1.0,100.0,-9999.0,-9999.0,3.0,10.0,10.0,-999.9,-999.9,-3148.08,0.0,0.0,0.0,0.0,0.0,0.0,0.0,0.0,0.0,0.0,0.0,-3148.08,3.406045,40.17814722,0.0,,197.125,3.515,87.562,1.561,15.625,0.279,4.562,0.081,0.87562,1.561,0.234375,0.4185,0.11405,0.2025,3.406045,2.8125,0.0501523675987064,9.0,0.1604875763158605,0.0421875,0.0752285513980596,0.315,0.5617065171055118,0.9941225685035714,11,,,0.0020796583856908,Information
322350,6210.0,11476.4457,RUS,Russia,Krasnoyarsk,2.124737858,0.0,0.65,0.49,6210.0,,,,,,,,,,,,,,,,,,,,,,,,,48.491195000000005,42.49475716,0.0,,1325.125,11.546,910.875,7.937,587.938,5.123,319.375,2.783,9.10875,7.937,8.81907,7.6845,7.984375,6.9575,48.491195000000005,167.484375,1.4593749615136722,267.328125,2.3293633936502864,2.512265625,2.189062442270508,9.356484375,8.152771877776003,22.21058432004651,0,,,0.4323108701744932,Advisory
322360,6211.0,23511.52162,RUS,Russia,Krasnoyarsk,2.360715252,0.0,0.65,0.49,6211.0,,,,,,,,,,,,,,,,,,,,,,,,,15.432577614451429,47.21430504,0.0,,1028.062,4.373,430.438,1.831,222.5,0.946,70.438,0.3,4.30438,1.831,3.3375,1.419,1.76095,0.75,13.40283,149.90625,0.6375863391460775,245.109375,1.0425074944949466,2.24859375,0.9563795087191164,8.578828125,3.648776230732313,15.432577614451429,37,,,0.1093935853353086,Information
322370,6212.0,7133.7894,RUS,Russia,Krasnoyarsk,1.418388725,0.0,0.65,0.49,6212.0,,,,,,,,,,,,,,,,,,,,,,,,,11.819569906341702,28.3677745,0.0,,310.75,4.356,177.562,2.489,106.625,1.495,56.062,0.786,1.7756200000000002,2.489,1.599375,2.2425,1.40155,1.965,11.473045,88.875,1.2458315633113175,102.515625,1.437043053249922,1.333125,1.8687473449669765,3.588046875,5.029650686374727,11.819569906341702,9,,,0.0357893497626387,Information
322381,6213.0,208.5806464,RUS,Russia,Krasnoyarsk,4.010338975,0.0,0.65,0.49,6213.0,,,,,,,,,,,,,,,,,,,,,,,,,18.13570780609873,80.2067795,0.0,,18.625,8.929,12.938,6.203,4.688,2.247,1.625,0.779,0.12938,6.203,0.07032,3.3705,0.040625,1.9475,11.761325,6.328125,3.033898451231282,7.875,3.775518072643373,0.094921875,4.550847676846923,0.275625,13.214313254251806,18.13570780609873,4,,,0.4651542595848763,Advisory
322383,6215.0,2650.896373,RUS,Russia,Krasnoyarsk,1.437458904,0.0,0.65,0.49,6215.0,6215.0,1.0,1.0,86.0,-9999.0,-9999.0,3.0,10.0,8.6,-999.9,-999.9,-3956.4,0.0,0.0,0.0,0.0,0.0,0.0,0.0,0.0,0.0,0.0,0.0,-3956.4,5.154093619926624,28.74917808,0.0,,67.125,2.532,35.062,1.323,27.188,1.026,9.438,0.356,0.35062,1.323,0.4078199999999999,1.539,0.23595,0.8899999999999999,4.74639,15.890625,0.5994434623069121,24.046875,0.9071224075617874,0.238359375,0.8991651934603682,0.841640625,3.174928426466256,5.154093619926624,0,,,0.0043144760572466,Information
322390,6222.0,8030.865992,RUS,Russia,Krasnoyarsk,4.012239076,0.0,0.65,0.49,6222.0,6222.0,0.0,1.0,-9999.0,-9999.0,-9999.0,0.0,10.0,-999.9,-999.9,-999.9,-5979.4,0.0,0.0,0.0,0.0,0.0,0.0,0.0,0.0,0.0,0.0,0.0,-5979.4,8.006929253748758,80.24478152,0.0,,206.812,2.575,111.0,1.382,59.625,0.742,30.5,0.38,1.11,1.382,0.894375,1.113,0.7625,0.95,6.211875000000001,30.375,0.3782282014233958,88.875,1.1066677004610472,0.455625,0.5673423021350937,3.110625,3.873336951613665,8.006929253748758,4050,,,0.1832336631284027,Information
322410,6223.0,21043.03841,RUS,Russia,Krasnoyarsk,2.222797665,0.0,0.65,0.49,6223.0,6223.0,1.0,2.0,100.0,-9999.0,-9999.0,3.0,9.0,10.0,-999.9,-999.9,-3954.6,0.0,0.0,0.0,0.0,0.0,0.0,0.0,0.0,0.0,0.0,0.0,-3954.6,6.862522963633444,44.4559533,0.0,,148.0,0.703,94.5,0.449,52.188,0.248,16.375,0.078,0.945,0.449,0.7828200000000001,0.372,0.409375,0.195,3.153195,3.65625,0.0173751049136848,131.34375,0.6241672303608334,0.05484375,0.0260626573705272,4.59703125,2.184585306262917,6.862522963633444,1371,,,0.0182594971631548,Information
322421,6224.0,5467.910736,RUS,Russia,Krasnoyarsk,4.003205627,0.0,0.65,0.49,6224.0,,,,,,,,,,,,,,,,,,,,,,,,,1.364479127280103,80.06411254,0.0,,46.0,0.841,17.562,0.321,0.188,0.003,0.0,0.0,0.17562,0.321,0.00282,0.0045,0.0,0.0,0.5039399999999999,0.0,0.0,13.78125,0.2520386792228865,0.0,0.0,0.48234375,0.8821353772801026,1.364479127280103,0,,,0.0036619223010871,Information
322428,6231.0,2592.980389,RUS,Russia,Krasnoyarsk,1.317769055,0.0,0.65,0.49,6231.0,,,,,,,,,,,,,,,,,,,,,,,,,0.22425,26.3553811,0.0,,5.188,0.2,4.625,0.178,0.0,0.0,0.0,0.0,0.04625,0.178,0.0,0.0,0.0,0.0,0.22425,,,,,,,,,,0,,,3.4314635267549563e-09,Information
322429,6232.0,5050.045233,RUS,Russia,Krasnoyarsk,1.02789493,0.0,0.65,0.49,6232.0,,,,,,,,,,,,,,,,,,,,,,,,,0.2200211224693034,20.5578986,0.0,,9.938,0.197,5.5,0.109,0.0,0.0,0.0,0.0,0.055,0.109,0.0,0.0,0.0,0.0,0.164,0.0,0.0,2.109375,0.0417694278483724,0.0,0.0,0.073828125,0.1461929974693034,0.2200211224693034,0,,,1.941989812541159e-09,Information
322430,6233.0,20435.88442,RUS,Russia,Krasnoyarsk,1.339039401,0.0,0.65,0.49,6233.0,6233.0,1.0,1.0,100.0,-9999.0,-9999.0,3.0,10.0,10.0,-999.9,-999.9,-3953.6,0.0,0.0,0.0,0.0,0.0,0.0,0.0,0.0,0.0,0.0,0.0,-3953.6,2.7925500000000003,26.78078802,0.0,,274.938,1.345,123.312,0.603,38.312,0.187,2.75,0.013,1.23312,0.603,0.57468,0.2804999999999999,0.06875,0.0325,2.7925500000000003,0.140625,0.0006881277909206,17.015625,0.083263462701403,0.002109375,0.0010321916863809,0.595546875,0.2914221194549105,0.8901105611412914,3109,,,0.0005444238700403,Information
322442,6235.0,8890.067053,RUS,Russia,Krasnoyarsk,2.808215779,0.0,0.65,0.49,6235.0,,,,,,,,,,,,,,,,,,,,,,,,,0.71762,56.16431558000001,0.0,,105.25,1.184,24.812,0.279,6.0,0.067,0.0,0.0,0.24812,0.279,0.09,0.1005,0.0,0.0,0.71762,,,,,,,,,,25,,,1.958995473785675e-05,Information
322444,6237.0,6833.231109,RUS,Russia,Krasnoyarsk,2.681222823,0.0,0.65,0.49,6237.0,,,,,,,,,,,,,,,,,,,,,,,,,4.951700000000001,53.624456460000005,0.0,,172.625,2.526,43.188,0.632,82.688,1.21,13.5,0.198,0.43188,0.632,1.24032,1.815,0.3375,0.495,4.951700000000001,4.78125,0.0699705589309959,6.609375,0.0967240079340238,0.07171875,0.1049558383964938,0.231328125,0.3385340277690833,0.7465367411655772,2,,,0.012641820785175,Information
322446,6239.0,6874.297745,RUS,Russia,Krasnoyarsk,3.392633112,0.0,0.65,0.49,6239.0,,,,,,,,,,,,,,,,,,,,,,,,,0.43535,67.85266224,0.0,,4.812,0.07,3.312,0.048,9.062,0.132,0.312,0.005,0.03312,0.048,0.13593,0.198,0.0078,0.0125,0.43535,0.84375,0.0122739810138447,1.125,0.0163653080184597,0.01265625,0.018410971520767,0.039375,0.0572785780646089,0.127720799585376,0,,,8.465664011265864e-06,Information
322449,6242.0,31323.74136,RUS,Russia,Krasnoyarsk,3.763563505,0.0,0.65,0.49,6242.0,,,,,,,,,,,,,,,,,,,,,,,,,5.1256900000000005,75.2712701,0.0,,560.812,1.79,261.812,0.836,53.188,0.17,18.75,0.06,2.61812,0.836,0.7978200000000001,0.255,0.46875,0.15,5.1256900000000005,7.171875,0.0228959718376207,20.8125,0.0664432123915267,0.107578125,0.034343957756431,0.7284375,0.2325512433703434,1.1029108261267744,928,,,0.0577783448385724,Information
322471,6245.0,3518.260747,RUS,Russia,Krasnoyarsk,1.359446854,0.0,0.65,0.49,6245.0,,,,,,,,,,,,,,,,,,,,,,,,,1.512910938734299,27.18893708,0.0,,12.562,0.357,5.812,0.165,0.0,0.0,0.0,0.0,0.05812,0.165,0.0,0.0,0.0,0.0,0.22312,0.0,0.0,11.25,0.3197602682097997,0.0,0.0,0.39375,1.119160938734299,1.512910938734299,29,,,5.3568567107376975e-05,Information
322472,6246.0,5051.425293,RUS,Russia,Krasnoyarsk,1.142127078,0.0,0.65,0.49,6246.0,,,,,,,,,,,,,,,,,,,,,,,,,0.2393,22.84254156,0.0,,18.75,0.371,6.062,0.12,1.312,0.026,0.0,0.0,0.06062,0.12,0.01968,0.039,0.0,0.0,0.2393,0.0,0.0,0.984375,0.0194870742999349,0.0,0.0,0.034453125,0.0682047600497721,0.1026578850497721,9,,,3.827470199777903e-09,Information
322473,6247.0,8529.459685,RUS,Russia,Krasnoyarsk,2.958580631,0.0,0.65,0.49,6247.0,,,,,,,,,,,,,,,,,,,,,,,,,1.5931551910022204,59.17161262,0.0,,153.562,1.8,38.938,0.457,13.312,0.156,0.312,0.004,0.38938,0.457,0.19968,0.2339999999999999,0.0078,0.01,1.29786,0.0,0.0,20.953125,0.2456559474292058,0.0,0.0,0.733359375,0.8597958160022203,1.5931551910022204,14,,,0.0005900201611874,Information
322475,6249.0,3112.422579,RUS,Russia,Krasnoyarsk,0.387253854,0.0,0.65,0.49,6249.0,,,,,,,,,,,,,,,,,,,,,,,,,2.0735521362135803,7.74507708,0.0,,63.312,2.034,17.312,0.556,0.875,0.028,0.0,0.0,0.17312,0.556,0.013125,0.042,0.0,0.0,0.7842450000000002,0.0,0.0,14.0625,0.4518184674895943,0.0,0.0,0.4921875,1.58136463621358,2.0735521362135803,0,,,7.373474439825766e-05,Information
322479,6253.0,1774.975588,RUS,Russia,Krasnoyarsk,2.98556004,0.0,0.65,0.49,6253.0,,,,,,,,,,,,,,,,,,,,,,,,,1.6325564801851302,59.7112008,0.0,,48.125,2.711,16.5,0.93,1.25,0.07,0.562,0.032,0.165,0.93,0.01875,0.105,0.01405,0.08,1.3128,0.0,0.0,7.03125,0.3961322086243229,0.0,0.0,0.24609375,1.3864627301851302,1.6325564801851302,582,,,0.000673142288063,Information
322480,6254.0,14067.61065,RUS,Russia,Krasnoyarsk,2.872648341,0.0,0.65,0.49,6254.0,,,,,,,,,,,,,,,,,,,,,,,,,3.981315,57.45296682,0.0,,528.625,3.758,199.062,1.415,13.938,0.099,5.125,0.036,1.99062,1.415,0.20907,0.1485,0.128125,0.09,3.981315,1.265625,0.0089967303714297,23.0625,0.1639404201016096,0.018984375,0.0134950955571445,0.8071875,0.5737914703556336,1.4134584409127782,8,,,0.0089181759103105,Information
322490,6255.0,24036.41222,RUS,Russia,Krasnoyarsk,2.129469565,0.0,0.65,0.49,6255.0,,,,,,,,,,,,,,,,,,,,,,,,,3.5025,42.5893913,0.0,,538.375,2.24,243.5,1.013,1.875,0.008,0.375,0.002,2.435,1.013,0.028125,0.012,0.009375,0.005,3.5025,0.0,0.0,36.140625,0.1503578182342804,0.0,0.0,1.264921875,0.5262523638199814,1.7911742388199814,9,,,0.0025809560732895,Information
322510,6256.0,3826.488678,RUS,Russia,Krasnoyarsk,2.673678556,0.0,0.65,0.49,6256.0,,,,,,,,,,,,,,,,,,,,,,,,,12.675278588310611,53.47357112,0.0,,88.5,2.313,73.938,1.932,16.125,0.421,3.562,0.093,0.73938,1.932,0.241875,0.6315,0.0890499999999999,0.2324999999999999,3.866305,4.5,0.1176012887656603,98.296875,2.5688531514748925,0.0675,0.1764019331484904,3.440390625,8.990986030162123,12.675278588310611,5364,,,0.0967376097881363,Information
322520,6257.0,15304.81136,RUS,Russia,Krasnoyarsk,2.573782917,0.0,0.65,0.49,6257.0,,,,,,,,,,,,,,,,,,,,,,,,,2.387855829734703,51.47565834,0.0,,89.812,0.587,38.125,0.249,3.0,0.02,0.688,0.004,0.38125,0.249,0.045,0.03,0.0171999999999999,0.01,0.73245,0.140625,0.0009188287047075,41.203125,0.2692168104793261,0.002109375,0.0013782430570612,1.442109375,0.9422588366776414,2.387855829734703,347,,,0.0012990754915158,Information
322530,6258.0,8485.352313,RUS,Russia,Krasnoyarsk,1.274954552,0.0,0.65,0.49,6258.0,,,,,,,,,,,,,,,,,,,,,,,,,7.494895963475699,25.499091040000003,0.0,,117.75,1.388,70.562,0.832,1.438,0.017,0.062,0.001,0.70562,0.832,0.02157,0.0255,0.00155,0.0025,1.58874,0.0,0.0,98.296875,1.1584300967073424,0.0,0.0,3.440390625,4.054505338475699,7.494895963475699,3427,,,0.0108211112182774,Information
322541,6259.0,2129.525047,RUS,Russia,Krasnoyarsk,2.084863772,0.0,0.65,0.49,6259.0,,,,,,,,,,,,,,,,,,,,,,,,,2.2988226911602307,41.69727544,0.0,,65.938,3.096,35.188,1.652,2.5,0.117,0.0,0.0,0.35188,1.652,0.0375,0.1755,0.0,0.0,2.21688,0.0,0.0,11.53125,0.5414939831886373,0.0,0.0,0.40359375,1.8952289411602303,2.2988226911602307,734,,,0.0006119483732256,Information
322542,6260.0,4372.572493,RUS,Russia,Krasnoyarsk,2.479945209,0.0,0.65,0.49,6260.0,,,,,,,,,,,,,,,,,,,,,,,,,2.426718094114528,49.59890418,0.0,,67.562,1.545,40.75,0.932,2.812,0.064,0.0,0.0,0.4075,0.932,0.04218,0.096,0.0,0.0,1.4776800000000003,0.0,0.0,21.09375,0.482410526889865,0.0,0.0,0.73828125,1.6884368441145277,2.426718094114528,0,,,0.0012087811123158,Information
322543,6261.0,4308.188016,RUS,Russia,Krasnoyarsk,1.0119965,0.0,0.65,0.49,6261.0,,,,,,,,,,,,,,,,,,,,,,,,,16.264609870013487,20.23993,0.0,,121.562,2.822,64.5,1.497,0.188,0.004,0.0,0.0,0.645,1.497,0.00282,0.006,0.0,0.0,2.15082,0.0,0.0,139.921875,3.2478126414324247,0.0,0.0,4.897265625,11.367344245013486,16.264609870013487,2964,,,0.0559138603703467,Information
322544,6262.0,4550.047902,RUS,Russia,Krasnoyarsk,1.658036766,0.0,0.65,0.49,6262.0,,,,,,,,,,,,,,,,,,,,,,,,,2.8330323858957,33.16073532,0.0,,90.812,1.996,61.5,1.352,0.062,0.001,0.0,0.0,0.615,1.352,0.0009299999999999,0.0015,0.0,0.0,1.96943,0.0,0.0,25.3125,0.5563128245416284,0.0,0.0,0.8859375,1.9470948858957,2.8330323858957,0,,,0.0007862962103381,Information
322545,6263.0,33.95053885,RUS,Russia,Krasnoyarsk,4.035733677,0.0,0.65,0.49,6263.0,,,,,,,,,,,,,,,,,,,,,,,,,35.5709375,80.71467353999999,0.0,3.0,0.188,0.552,0.188,0.552,0.0,0.0,0.0,0.0,0.00188,0.552,0.0,0.0,0.0,0.0,0.55388,0.0,0.0,16.3125,48.047838280958985,0.0,0.0,0.5709375,35.0,35.5709375,0,0.0,0.0,0.7297921265812316,Watch
322546,6264.0,2252.756654,RUS,Russia,Krasnoyarsk,0.780944002,0.0,0.65,0.49,6264.0,,,,,,,,,,,,,,,,,,,,,,,,,1.0172640657241332,15.61888004,0.0,,6.438,0.286,1.75,0.078,0.062,0.003,0.0,0.0,0.0175,0.078,0.0009299999999999,0.0045,0.0,0.0,0.10093,0.0,0.0,5.34375,0.2372093759211809,0.0,0.0,0.18703125,0.8302328157241332,1.0172640657241332,0,,,4.975694983445401e-06,Information
322547,6265.0,1315.29548,RUS,Russia,Krasnoyarsk,1.828684218,0.0,0.65,0.49,6265.0,,,,,,,,,,,,,,,,,,,,,,,,,36.28724304006883,36.57368436,0.0,,19.438,1.478,8.812,0.67,0.125,0.01,0.0,0.0,0.0881199999999999,0.67,0.001875,0.015,0.0,0.0,0.774995,0.0,0.0,120.515625,9.162627475733952,0.0,0.0,4.218046875,32.06919616506883,36.28724304006883,144,,,0.2882813352646006,Advisory
322548,6266.0,1589.888113,RUS,Russia,Krasnoyarsk,0.882578428,0.0,0.65,0.49,6266.0,,,,,,,,,,,,,,,,,,,,,,,,,7.211727668461107,17.65156856,0.0,,13.5,0.849,3.875,0.244,0.062,0.004,0.0,0.0,0.03875,0.244,0.0009299999999999,0.006,0.0,0.0,0.28968,0.0,0.0,28.265625,1.7778373695603162,0.0,0.0,0.989296875,6.222430793461107,7.211727668461107,0,,,0.0074407342168937,Information
322549,6267.0,12195.09153,RUS,Russia,Krasnoyarsk,2.121518058,0.0,0.65,0.49,6267.0,,,,,,,,,,,,,,,,,,,,,,,,,13.63380595000425,42.43036116,0.0,,481.312,3.947,227.312,1.864,0.938,0.008,0.062,0.001,2.27312,1.864,0.01407,0.012,0.00155,0.0025,4.1672400000000005,0.0,0.0,214.03125,1.755060628572643,0.0,0.0,7.49109375,6.14271220000425,13.63380595000425,258,,,0.0748710689817913,Information
322550,6268.0,3495.843766,RUS,Russia,Krasnoyarsk,1.697544239,0.0,0.65,0.49,6268.0,,,,,,,,,,,,,,,,,,,,,,,,,1.5960918965983066,33.95088478,0.0,,13.5,0.386,8.062,0.231,0.312,0.009,0.0,0.0,0.08062,0.231,0.00468,0.0134999999999999,0.0,0.0,0.3298,0.0,0.0,11.8125,0.3379012561709448,0.0,0.0,0.4134375,1.1826543965983067,1.5960918965983066,551,,,9.849696536217776e-05,Information
322560,6269.0,10503.63969,RUS,Russia,Krasnoyarsk,2.491929685,0.0,0.65,0.49,6269.0,,,,,,,,,,,,,,,,,,,,,,,,,2.891932961118528,49.8385937,0.0,,102.875,0.979,55.875,0.532,8.75,0.083,0.188,0.002,0.55875,0.532,0.13125,0.1245,0.0046999999999999,0.005,1.3562,0.0,0.0,42.328125,0.4029853103195794,0.0,0.0,1.481484375,1.410448586118528,2.891932961118528,363,,,0.0021632460138424,Information
322570,6270.0,13391.59979,RUS,Russia,Krasnoyarsk,1.698546266,0.0,0.65,0.49,6270.0,,,,,,,,,,,,,,,,,,,,,,,,,3.623114163508253,33.97092532,0.0,,62.625,0.468,23.688,0.177,1.938,0.014,0.0,0.0,0.2368799999999999,0.177,0.02907,0.021,0.0,0.0,0.46395,0.140625,0.0010500985854293,59.203125,0.4420915044657454,0.002109375,0.0015751478781439,2.072109375,1.547320265630109,3.623114163508253,768,,,0.00184944253415,Information
322580,6271.0,21614.94426,RUS,Russia,Krasnoyarsk,2.118021929,0.0,0.65,0.49,6271.0,6271.0,0.0,1.0,2.0,-9999.0,-9999.0,0.0,10.0,0.2,-999.9,-999.9,-3979.2,0.0,0.0,0.0,0.0,0.0,0.0,0.0,0.0,0.0,0.0,0.0,-3979.2,0.9800849966370128,42.36043858000001,0.0,,25.75,0.119,6.938,0.032,0.812,0.004,0.0,0.0,0.06938,0.032,0.01218,0.006,0.0,0.0,0.11956,0.703125,0.0032529577296643,18.84375,0.0871792671550047,0.010546875,0.0048794365944964,0.65953125,0.3051274350425164,0.9800849966370128,3013,,,2.307398547180207e-05,Information
322590,6272.0,16701.20503,RUS,Russia,Krasnoyarsk,1.372615042,0.0,0.65,0.49,6272.0,6272.0,0.0,3.0,-9999.0,-9999.0,-9999.0,0.0,8.0,-999.9,-999.9,-999.9,-5983.4,0.0,0.0,0.0,0.0,0.0,0.0,0.0,0.0,0.0,0.0,0.0,-5983.4,5.763401977151503,27.45230084,0.0,,14.562,0.087,8.25,0.049,0.688,0.004,0.688,0.004,0.0825,0.049,0.01032,0.006,0.0171999999999999,0.01,0.17502,1.125,0.0067360408883214,102.515625,0.6138217259482918,0.016875,0.0101040613324821,3.588046875,2.1483760408190213,5.763401977151503,93424,,,0.005659125084125,Information
322623,6276.0,9657.196812,RUS,Russia,Krasnoyarsk,3.878800618,0.0,0.65,0.49,6276.0,6276.0,0.0,1.0,-9999.0,-9999.0,-9999.0,0.0,10.0,-999.9,-999.9,-999.9,-5979.4,0.0,0.0,0.0,0.0,0.0,0.0,0.0,0.0,0.0,0.0,0.0,-5979.4,0.6512000722191174,77.57601236000001,0.0,,,,,,,,,,,,,,,,,0.0,0.0,9.140625,0.0946509134911764,0.0,0.0,0.319921875,0.3312781972191174,0.6512000722191174,240733,,,0.0002007699721852,Information
322630,6283.0,3186.433645,RUS,Russia,Khakass,1.136918909,0.0,0.65,0.49,6283.0,,,,,,,,,,,,,,,,,,,,,,,,,1.891334615376912,22.73837818,0.0,,4.438,0.139,3.875,0.122,6.062,0.19,4.375,0.137,0.03875,0.122,0.09093,0.285,0.109375,0.3425,0.988555,5.203125,0.1632899215967561,10.828125,0.3398195665662222,0.078046875,0.2449348823951341,0.378984375,1.1893684829817777,1.891334615376912,25013,,,0.0001036645765217,Information
322631,6284.0,6919.19334,RUS,Russia,Krasnoyarsk,2.782404232,0.0,0.65,0.49,6284.0,,,,,,,,,,,,,,,,,,,,,,,,,3.2615501288436253,55.64808464000001,0.0,,10.938,0.158,8.312,0.12,0.438,0.006,0.062,0.001,0.08312,0.12,0.00657,0.009,0.00155,0.0025,0.22274,0.0,0.0,38.109375,0.550777715383893,0.0,0.0,1.333828125,1.927722003843625,3.2615501288436253,1136194,,,0.0045277290099819,Information
322633,6286.0,3255.813189,RUS,Russia,Krasnoyarsk,0.116861365,0.0,0.65,0.49,6286.0,6286.0,0.0,4.0,-9999.0,-9999.0,-9999.0,0.0,7.0,-999.9,-999.9,-999.9,-5985.4,0.0,0.0,0.0,0.0,0.0,0.0,0.0,0.0,0.0,0.0,0.0,-5985.4,2.2157481603801257,2.3372273,0.0,,19.25,0.591,14.312,0.44,5.625,0.173,2.188,0.067,0.14312,0.44,0.084375,0.2594999999999999,0.0547,0.1675,1.149195,7.734375,0.2375558593563486,12.234375,0.3757701775273151,0.116015625,0.3563337890345229,0.428203125,1.3151956213456029,2.2157481603801257,21637,,,7.656728793958776e-05,Information
322634,6287.0,2482.65957,RUS,Russia,Krasnoyarsk,3.346807584,0.0,0.65,0.49,6287.0,,,,,,,,,,,,,,,,,,,,,,,,,1.4848130804631785,66.93615168,0.0,,4.25,0.171,4.25,0.171,1.125,0.045,0.25,0.01,0.0425,0.171,0.016875,0.0675,0.00625,0.025,0.329125,0.0,0.0,8.4375,0.3398573087037652,0.0,0.0,0.2953125,1.1895005804631782,1.4848130804631785,3,,,0.0009573576633765,Information
322635,6288.0,1605.364808,RUS,Russia,Krasnoyarsk,3.687400381,0.0,0.65,0.49,6288.0,,,,,,,,,,,,,,,,,,,,,,,,,2.481935,73.74800762,0.0,,17.938,1.117,17.938,1.117,5.312,0.331,3.375,0.21,0.1793799999999999,1.117,0.07968,0.4965,0.084375,0.525,2.481935,0.0,0.0,6.328125,0.3941861044936021,0.0,0.0,0.221484375,1.3796513657276073,1.6011357407276072,2389,,,0.0091694536233122,Information
322636,6289.0,3200.595229,RUS,Russia,Krasnoyarsk,1.113350388,0.0,0.65,0.49,6289.0,,,,,,,,,,,,,,,,,,,,,,,,,0.17652,22.26700776,0.0,,2.688,0.084,2.5,0.078,0.438,0.014,0.438,0.014,0.025,0.078,0.00657,0.021,0.01095,0.035,0.17652,,,,,,,,,,615,,,5.730758195470986e-10,Information
322637,6290.0,8535.629763,RUS,Russia,Krasnoyarsk,3.216361657,0.0,0.65,0.49,6290.0,,,,,,,,,,,,,,,,,,,,,,,,,1.771925,64.32723314,0.0,,37.5,0.439,37.0,0.433,13.375,0.157,9.812,0.115,0.37,0.433,0.200625,0.2355,0.2452999999999999,0.2875,1.771925,1.96875,0.0230650819513352,16.171875,0.1894631731716825,0.02953125,0.0345976229270028,0.566015625,0.6631211061008887,1.2932656040278916,22669,,,0.0013396472805161,Information
322638,6291.0,4468.333364,RUS,Russia,Krasnoyarsk,2.045386102,0.0,0.65,0.49,6291.0,,,,,,,,,,,,,,,,,,,,,,,,,0.8059511920988749,40.90772204,0.0,,2.188,0.049,2.125,0.048,1.25,0.028,1.312,0.029,0.02125,0.048,0.01875,0.042,0.0328,0.0725,0.2353,3.796875,0.0849729572693199,5.484375,0.1227387160556843,0.056953125,0.1274594359039798,0.191953125,0.429585506194895,0.8059511920988749,18739,,,8.741269980051048e-06,Information
322639,6292.0,2633.190227,RUS,Russia,Khakass,2.015036734,0.0,0.65,0.49,6292.0,,,,,,,,,,,,,,,,,,,,,,,,,1.467413796337645,40.300734680000005,0.0,,5.312,0.202,4.938,0.188,3.562,0.135,2.188,0.083,0.04938,0.188,0.05343,0.2025,0.0547,0.2075,0.75551,3.65625,0.138852482550707,7.171875,0.2723644850033099,0.05484375,0.2082787238260605,0.251015625,0.9532756975115846,1.467413796337645,10086,,,0.0001053547089486,Information
322641,6293.0,1381.114302,RUS,Russia,Krasnoyarsk,2.987591025,0.0,0.65,0.49,6293.0,,,,,,,,,,,,,,,,,,,,,,,,,7.057241682867808,59.7518205,0.0,,4.625,0.335,2.188,0.158,9.0,0.652,1.062,0.077,0.02188,0.158,0.135,0.978,0.02655,0.1925,1.51193,15.75,1.140383527883735,17.71875,1.2829314688692015,0.23625,1.7105752918256028,0.62015625,4.490260141042206,7.057241682867808,7398,,,0.0408408695097328,Information
322643,6295.0,2012.844866,RUS,Russia,Krasnoyarsk,1.692752923,0.0,0.65,0.49,6295.0,6295.0,0.0,1.0,-9999.0,-9999.0,-9999.0,0.0,10.0,-999.9,-999.9,-999.9,-5979.4,0.0,0.0,0.0,0.0,0.0,0.0,0.0,0.0,0.0,0.0,0.0,-5979.4,6.516877535871497,33.85505846,0.0,,1.938,0.096,1.562,0.078,1.75,0.087,0.562,0.028,0.01562,0.078,0.02625,0.1305,0.01405,0.07,0.33442,10.125,0.503019391606887,26.859375,1.3343986638460474,0.151875,0.7545290874103305,0.940078125,4.670395323461166,6.516877535871497,34892,,,0.0102395323481548,Information
322645,6297.0,219.8716735,RUS,Russia,Krasnoyarsk,2.52806387,0.0,0.65,0.49,6297.0,,,,,,,,,,,,,,,,,,,,,,,,,20.851119586072745,50.5612774,0.0,,0.0,0.0,0.0,0.0,0.25,0.114,0.062,0.028,0.0,0.0,0.00375,0.171,0.00155,0.07,0.2463,5.625,2.558310449664294,10.40625,4.732874331878945,0.084375,3.837465674496441,0.36421875,16.565060161576305,20.851119586072745,59,,,0.1939790353591689,Information
322647,6299.0,5358.26779,RUS,Russia,Krasnoyarsk,3.573204696,0.0,0.65,0.49,6299.0,,,,,,,,,,,,,,,,,,,,,,,,,3.486554547127912,71.46409392,0.0,,9.25,0.173,5.25,0.098,3.375,0.063,0.25,0.005,0.0525,0.098,0.050625,0.0945,0.00625,0.0125,0.314375,5.625,0.1049779559365508,32.34375,0.6036232466351672,0.084375,0.1574669339048262,1.13203125,2.112681363223085,3.486554547127912,1313,,,0.017765728461133,Information
322650,6302.0,1644.900826,RUS,Russia,Khakass,3.611298354,0.0,0.65,0.49,6302.0,,,,,,,,,,,,,,,,,,,,,,,,,4.574505212328458,72.22596708,0.0,,2.375,0.144,1.312,0.08,3.375,0.205,1.25,0.076,0.01312,0.08,0.050625,0.3075,0.03125,0.19,0.6724950000000001,8.296875,0.5043997103425006,14.90625,0.9062096490899164,0.124453125,0.756599565513751,0.52171875,3.1717337718147074,4.574505212328458,216576,,,0.0356467847645112,Information
322662,6305.0,3478.140714,RUS,Russia,Khakass,2.282721957,0.0,0.65,0.49,6305.0,,,,,,,,,,,,,,,,,,,,,,,,,0.8392011964702579,45.65443914,0.0,,0.625,0.018,0.375,0.011,0.875,0.025,0.5,0.014,0.00375,0.011,0.013125,0.0375,0.0125,0.035,0.112875,1.96875,0.0566035178609325,5.34375,0.1536381199082455,0.02953125,0.0849052767913987,0.18703125,0.5377334196788592,0.8392011964702579,15486,,,1.518542099754728e-05,Information
322665,6308.0,3627.783427,RUS,Russia,Khakass,4.008543876,0.0,0.65,0.49,6308.0,6308.0,0.0,2.0,2.0,-9999.0,-9999.0,0.0,9.0,0.2,-999.9,-999.9,-3981.2,0.0,0.0,0.0,0.0,0.0,0.0,0.0,0.0,0.0,0.0,0.0,-3981.2,2.0575664420154407,80.17087752,0.0,,,,,,,,,,,,,,,,,6.328125,0.1744350269979328,12.9375,0.3566227218624404,0.094921875,0.2616525404968992,0.4528125,1.2481795265185414,2.0575664420154407,20718,,,0.0117370924705194,Information
322668,6311.0,2647.685434,RUS,Russia,Khakass,2.05055581,0.0,0.65,0.49,6311.0,6311.0,1.0,2.0,60.0,-9999.0,-9999.0,3.0,9.0,6.0,-999.9,-999.9,-3963.6,0.0,0.0,0.0,0.0,0.0,0.0,0.0,0.0,0.0,0.0,0.0,-3963.6,0.141067347216112,41.0111162,0.0,,,,,,,,,,,,,,,,,0.0,0.0,0.84375,0.0318674563474606,0.0,0.0,0.02953125,0.111536097216112,0.141067347216112,0,,,7.90557803203253e-10,Information
322671,6313.0,2300.320832,RUS,Russia,Krasnoyarsk,4.01701335,0.0,0.65,0.49,6313.0,,,,,,,,,,,,,,,,,,,,,,,,,6.842770188114296,80.340267,0.0,,4.188,0.182,2.375,0.103,2.188,0.095,0.812,0.035,0.02375,0.103,0.03282,0.1425,0.0203,0.0875,0.40987,16.734375,0.727480043830331,29.390625,1.2776750349625143,0.251015625,1.0912200657454965,1.028671875,4.4718626223688,6.842770188114296,97981,,,0.1456258091708804,Information
322673,6315.0,16622.55455,RUS,Russia,Krasnoyarsk,2.463418518,0.0,0.65,0.49,6315.0,,,,,,,,,,,,,,,,,,,,,,,,,6.432394876213213,49.268370360000006,0.0,,7.312,0.044,4.438,0.027,4.5,0.027,2.062,0.012,0.0443799999999999,0.027,0.0675,0.0405,0.0515499999999999,0.03,0.26093,42.328125,0.2546427197969808,96.609375,0.5811945132907834,0.634921875,0.3819640796954712,3.381328125,2.034180796517742,6.432394876213213,87576,,,0.019451914834376,Information
322676,6318.0,27300.71585,RUS,Russia,Tuva,2.311373599,0.0,0.65,0.49,6318.0,6318.0,1.0,3.0,100.0,5.0,2.0,3.0,8.0,10.0,0.5,0.2,-1626.7666666666669,0.0,0.0,0.0,0.0,0.0,0.0,0.0,0.0,0.0,0.0,0.0,-1626.7666666666669,0.93473501553772,46.22747198,0.0,,,,,,,,,,,,,,,,,0.0,0.0,19.546875,0.0715983972964914,0.0,0.0,0.684140625,0.2505943905377198,0.93473501553772,65709,,,2.536317710390892e-05,Information
322679,6321.0,1713.917769,RUS,Russia,Tuva,3.119876736,0.0,0.65,0.49,6321.0,6321.0,0.0,1.0,-9999.0,-9999.0,-9999.0,0.0,10.0,-999.9,-999.9,-999.9,-5979.4,0.0,0.0,0.0,0.0,0.0,0.0,0.0,0.0,0.0,0.0,0.0,-5979.4,1.076447237828397,62.39753472,0.0,,,,,,,,,,,,,,,,,0.0,0.0,4.5,0.2625563536652562,0.0,0.0,0.1575,0.9189472378283968,1.076447237828397,80034,,,0.0001901402786793,Information
322681,6322.0,15200.1357,RUS,Russia,Tuva,1.460561429,0.0,0.65,0.49,6322.0,,,,,,,,,,,,,,,,,,,,,,,,,2.529575742169201,29.21122858,0.0,,3.438,0.023,2.5,0.016,2.0,0.013,0.625,0.004,0.025,0.016,0.03,0.0195,0.015625,0.01,0.116125,3.9375,0.0259043739914632,41.90625,0.2756965517662875,0.0590625,0.0388565609871948,1.46671875,0.9649379311820062,2.529575742169201,12391,,,0.0004316656685929,Information
322682,6323.0,4443.747796,RUS,Russia,Tuva,2.683374975,0.0,0.65,0.49,6323.0,,,,,,,,,,,,,,,,,,,,,,,,,0.46998,53.6674995,0.0,,15.812,0.356,9.75,0.219,3.062,0.069,0.062,0.001,0.0975,0.219,0.04593,0.1035,0.00155,0.0025,0.46998,0.421875,0.0094936755942981,0.984375,0.0221519097200289,0.006328125,0.0142405133914471,0.034453125,0.0775316840201011,0.1325534474115483,149,,,2.206600702111368e-06,Information
322683,6324.0,347.3697374,RUS,Russia,Tuva,0.677694176,0.0,0.65,0.49,6324.0,,,,,,,,,,,,,,,,,,,,,,,,,5.780689056321391,13.55388352,0.0,,0.438,0.126,0.438,0.126,0.0,0.0,0.0,0.0,0.00438,0.126,0.0,0.0,0.0,0.0,0.13038,0.140625,0.0404828011327637,5.484375,1.5788292441777845,0.002109375,0.0607242016991455,0.191953125,5.525902354622246,5.780689056321391,55,,,0.003415235928036,Information
322684,6325.0,17355.56156,RUS,Russia,Tuva,3.293824518,0.0,0.65,0.49,6325.0,,,,,,,,,,,,,,,,,,,,,,,,,6.7204552961275486,65.87649036,0.0,,17.875,0.103,14.5,0.084,8.438,0.049,2.688,0.015,0.145,0.084,0.12657,0.0735,0.0672,0.0375,0.53377,38.8125,0.2236314847398428,105.1875,0.6060737340050811,0.5821875,0.3354472271097641,3.6815625,2.121258069017784,6.7204552961275486,6046,,,0.0520993215578119,Information
322686,6327.0,4763.876912,RUS,Russia,Tuva,1.967941831,0.0,0.65,0.49,6327.0,,,,,,,,,,,,,,,,,,,,,,,,,0.239698385579191,39.358836620000005,0.0,,14.0,0.294,3.812,0.08,0.812,0.017,0.0,0.0,0.03812,0.08,0.01218,0.0255,0.0,0.0,0.1558,1.546875,0.0324709271158382,1.546875,0.0324709271158382,0.023203125,0.0487063906737572,0.054140625,0.1136482449054336,0.239698385579191,17,,,1.5708780678451554e-08,Information
322689,6330.0,8422.224615,RUS,Russia,Tuva,2.241238094,0.0,0.65,0.49,6330.0,,,,,,,,,,,,,,,,,,,,,,,,,1.8286460322470528,44.82476188,0.0,,11.125,0.132,6.5,0.077,2.438,0.029,3.688,0.044,0.065,0.077,0.03657,0.0435,0.0922,0.1099999999999999,0.42427,2.25,0.026715031986464,22.921875,0.2721593883621022,0.03375,0.040072547979696,0.802265625,0.9525578592673576,1.8286460322470528,25,,,0.000328479702838,Information
322710,6340.0,4085.769501,RUS,Russia,Krasnoyarsk,1.534616232,0.0,0.65,0.49,6340.0,6340.0,0.0,3.0,-9999.0,-9999.0,-9999.0,0.0,8.0,-999.9,-999.9,-999.9,-5983.4,0.0,0.0,0.0,0.0,0.0,0.0,0.0,0.0,0.0,0.0,0.0,-5983.4,5.800720679261154,30.69232464,0.0,,33.5,0.82,21.875,0.535,3.688,0.09,2.688,0.066,0.21875,0.535,0.05532,0.135,0.0672,0.165,1.17627,0.28125,0.0068836482311093,47.953125,1.1736620234041402,0.00421875,0.0103254723466639,1.678359375,4.10781708191449,5.800720679261154,7460,,,0.0065585610480048,Information
322721,6341.0,2012.35416,RUS,Russia,Krasnoyarsk,1.315575741,0.0,0.65,0.49,6341.0,6341.0,0.0,5.0,-9999.0,-9999.0,-9999.0,0.0,6.0,-999.9,-999.9,-999.9,-5987.4,0.0,0.0,0.0,0.0,0.0,0.0,0.0,0.0,0.0,0.0,0.0,-5987.4,0.881405074889464,26.31151482,0.0,,,,,,,,,,,,,,,,,0.0,0.0,4.21875,0.2096425213969897,0.0,0.0,0.14765625,0.7337488248894639,0.881405074889464,489,,,4.797946986214005e-06,Information
322723,6343.0,2317.221458,RUS,Russia,Krasnoyarsk,3.405568428,0.0,0.65,0.49,6343.0,,,,,,,,,,,,,,,,,,,,,,,,,0.16988,68.11136856,0.0,,7.0,0.302,3.188,0.138,0.0,0.0,0.0,0.0,0.03188,0.138,0.0,0.0,0.0,0.0,0.16988,,,,,,,,,,14,,,8.253150306575773e-08,Information
322724,6344.0,54699.53959,RUS,Russia,Irkutsk,2.109177373,0.0,0.65,0.49,6344.0,6344.0,0.0,2.0,-9999.0,-9999.0,-9999.0,0.0,9.0,-999.9,-999.9,-999.9,-5981.4,0.0,0.0,0.0,0.0,0.0,0.0,0.0,0.0,0.0,0.0,0.0,-5981.4,1.781433133348138,42.18354746,0.0,,,,,,,,,,,,,,,,,0.0,0.0,43.03125,0.0786683952423251,0.0,0.0,1.50609375,0.2753393833481379,1.781433133348138,116479,,,0.0002508424161137,Information
322726,6346.0,3096.630435,RUS,Russia,Irkutsk,3.033793876,0.0,0.65,0.49,6346.0,,,,,,,,,,,,,,,,,,,,,,,,,0.1847499999999999,60.67587752,0.0,,8.312,0.268,4.375,0.141,0.0,0.0,0.0,0.0,0.04375,0.141,0.0,0.0,0.0,0.0,0.1847499999999999,,,,,,,,,,41,,,4.1475327661157894e-08,Information
322729,6349.0,27512.27041,RUS,Russia,Irkutsk,2.590762263,0.0,0.65,0.49,6349.0,,,,,,,,,,,,,,,,,,,,,,,,,1.4936433584911226,51.81524526,0.0,,16.25,0.059,9.0,0.033,0.0,0.0,0.062,0.0,0.09,0.033,0.0,0.0,0.00155,0.0,0.12455,4.78125,0.0173786093564803,29.25,0.1063161984161149,0.07171875,0.0260679140347204,1.02375,0.3721066944564021,1.4936433584911226,33510,,,0.0002565484139966,Information
322731,6350.0,20917.76634,RUS,Russia,Krasnoyarsk,2.441780408,0.0,0.65,0.49,6350.0,,,,,,,,,,,,,,,,,,,,,,,,,1.7168619909674192,48.83560816,0.0,,59.25,0.283,27.562,0.132,7.938,0.038,2.0,0.01,0.27562,0.132,0.11907,0.0569999999999999,0.05,0.025,0.6586900000000001,0.984375,0.0047059278895544,32.765625,0.1566401711808822,0.014765625,0.0070588918343316,1.146796875,0.5482405991330876,1.7168619909674192,14203,,,0.0003437129336287,Information
322733,6352.0,20930.74531,RUS,Russia,Krasnoyarsk,2.21301136,0.0,0.65,0.49,6352.0,,,,,,,,,,,,,,,,,,,,,,,,,3.5785029070902103,44.2602272,0.0,,19.312,0.092,13.312,0.064,3.375,0.016,0.562,0.003,0.13312,0.064,0.050625,0.024,0.01405,0.0075,0.293295,0.0,0.0,69.1875,0.3305544020257744,0.0,0.0,2.4215625,1.1569404070902105,3.5785029070902103,33226,,,0.003018642866408,Information
322734,6353.0,19727.01152,RUS,Russia,Krasnoyarsk,2.029478504,0.0,0.65,0.49,6353.0,,,,,,,,,,,,,,,,,,,,,,,,,1.498207278223739,40.58957008,0.0,,137.375,0.696,49.25,0.25,1.125,0.006,0.0,0.0,0.4925,0.25,0.016875,0.009,0.0,0.0,0.7683749999999999,0.0,0.0,28.40625,0.1439967223496397,0.0,0.0,0.99421875,0.503988528223739,1.498207278223739,13308,,,0.0001165252946413,Information
322735,6354.0,8142.476549,RUS,Russia,Krasnoyarsk,1.742802647,0.0,0.65,0.49,6354.0,,,,,,,,,,,,,,,,,,,,,,,,,12.567683972238406,34.85605294,0.0,,65.0,0.798,55.75,0.685,24.0,0.295,0.062,0.001,0.5575,0.685,0.36,0.4425,0.00155,0.0025,2.04905,0.0,0.0,161.15625,1.9792043492109728,0.0,0.0,5.64046875,6.927215222238405,12.567683972238406,6390,,,0.0499363966308502,Information
322736,6355.0,11717.69717,RUS,Russia,Irkutsk,2.399723286,0.0,0.65,0.49,6355.0,,,,,,,,,,,,,,,,,,,,,,,,,6.194009358015382,47.99446572,0.0,,32.5,0.277,25.5,0.218,3.562,0.03,0.438,0.004,0.255,0.218,0.05343,0.045,0.01095,0.01,0.59238,0.0,0.0,95.484375,0.8148732094329663,0.0,0.0,3.341953125,2.852056233015382,6.194009358015382,236,,,0.0166781805859762,Information
322737,6356.0,30298.37449,RUS,Russia,Irkutsk,3.364844054,0.0,0.65,0.49,6356.0,,,,,,,,,,,,,,,,,,,,,,,,,30.59760875283261,67.29688108,0.0,,54.875,0.181,44.812,0.148,2.812,0.009,0.0,0.0,0.4481199999999999,0.148,0.04218,0.0134999999999999,0.0,0.0,0.6517999999999999,0.0,0.0,657.28125,2.1693614293807446,0.0,0.0,23.00484375,7.592765002832606,30.59760875283261,96224,,,0.4734705360614297,Advisory
322739,6358.0,15294.03876,RUS,Russia,Irkutsk,3.075171668,0.0,0.65,0.49,6358.0,6358.0,0.0,1.0,-9999.0,-9999.0,-9999.0,0.0,10.0,-999.9,-999.9,-999.9,-5979.4,0.0,0.0,0.0,0.0,0.0,0.0,0.0,0.0,0.0,0.0,0.0,-5979.4,10.206448095615398,61.50343336,0.0,,13.125,0.086,6.75,0.044,2.062,0.013,0.188,0.001,0.0675,0.044,0.03093,0.0195,0.0046999999999999,0.0025,0.16913,0.28125,0.0018389517924645,176.203125,1.1521032979790575,0.00421875,0.0027584276886967,6.167109375,4.032361542926702,10.206448095615398,258268,,,0.0921635095858963,Information
322741,6359.0,2350.893728,RUS,Russia,Irkutsk,2.08048717,0.0,0.65,0.49,6359.0,,,,,,,,,,,,,,,,,,,,,,,,,5.119896216634353,41.6097434,0.0,,11.688,0.497,6.438,0.274,2.625,0.112,1.125,0.048,0.0643799999999999,0.274,0.039375,0.168,0.028125,0.12,0.6938799999999999,0.0,0.0,27.84375,1.184389990466958,0.0,0.0,0.97453125,4.145364966634353,5.119896216634353,6001,,,0.0074661908514631,Information
322742,6360.0,28269.995,RUS,Russia,Irkutsk,3.253736208,0.0,0.65,0.49,6360.0,6360.0,0.0,3.0,2.0,-9999.0,-9999.0,0.0,8.0,0.2,-999.9,-999.9,-3983.2,0.0,0.0,0.0,0.0,0.0,0.0,0.0,0.0,0.0,0.0,0.0,-3983.2,2.538564656693223,65.07472416,0.0,,22.875,0.081,14.0,0.05,3.375,0.012,0.625,0.002,0.14,0.05,0.050625,0.018,0.015625,0.005,0.27925,0.984375,0.003482048722799,53.15625,0.1880306310311499,0.014765625,0.0052230730841985,1.86046875,0.6581072086090246,2.538564656693223,105336,,,0.0043757503608056,Information
322744,6362.0,3310.063882,RUS,Russia,Irkutsk,1.853388236,0.0,0.65,0.49,6362.0,,,,,,,,,,,,,,,,,,,,,,,,,0.5937390304409441,37.06776472,0.0,,7.188,0.217,6.938,0.21,0.0,0.0,0.0,0.0,0.06938,0.21,0.0,0.0,0.0,0.0,0.2793799999999999,0.0,0.0,4.21875,0.1274522229831269,0.0,0.0,0.14765625,0.4460827804409441,0.5937390304409441,15163,,,1.555334007514494e-06,Information
322746,6364.0,4558.634948,RUS,Russia,Irkutsk,2.30076253,0.0,0.65,0.49,6364.0,,,,,,,,,,,,,,,,,,,,,,,,,0.6916224740352918,46.0152506,0.0,,5.188,0.114,4.812,0.106,0.0,0.0,0.0,0.0,0.04812,0.106,0.0,0.0,0.0,0.0,0.15412,0.0,0.0,6.1875,0.1357314211529405,0.0,0.0,0.2165625,0.4750599740352917,0.6916224740352918,2327,,,6.5803305272794216e-06,Information
322751,6368.0,38685.24746,RUS,Russia,Irkutsk,3.052745634,0.0,0.65,0.49,6368.0,,,,,,,,,,,,,,,,,,,,,,,,,25.32527510488415,61.05491268,0.0,,69.938,0.181,50.375,0.13,8.812,0.023,2.312,0.006,0.50375,0.13,0.13218,0.0345,0.0577999999999999,0.015,0.87323,30.375,0.0785183034699494,561.9375,1.4525886141940645,0.455625,0.1177774552049241,19.6678125,5.0840601496792255,25.32527510488415,199875,,,0.3334706309854002,Information
322755,6372.0,10841.67128,RUS,Russia,Irkutsk,2.845107677,0.0,0.65,0.49,6372.0,,,,,,,,,,,,,,,,,,,,,,,,,1.986946534360264,56.90215354,0.0,,48.688,0.449,32.688,0.301,0.0,0.0,0.0,0.0,0.32688,0.301,0.0,0.0,0.0,0.0,0.62788,0.0,0.0,29.53125,0.2723865098172182,0.0,0.0,1.03359375,0.9533527843602636,1.986946534360264,464612,,,0.0010459186028178,Information
322756,6373.0,15104.50309,RUS,Russia,Buryat,3.881037223,0.0,0.65,0.49,6373.0,,,,,,,,,,,,,,,,,,,,,,,,,1.01554109757719,77.62074446,0.0,,12.188,0.081,8.125,0.054,0.0,0.0,0.0,0.0,0.08125,0.054,0.0,0.0,0.0,0.0,0.13525,2.671875,0.0176892611713846,16.3125,0.1079975945200324,0.040078125,0.0265338917570768,0.5709375,0.3779915808201133,1.01554109757719,198522,,,0.0009916796696548,Information
322757,6374.0,2119.670077,RUS,Russia,Irkutsk,4.005103381,0.0,0.65,0.49,6374.0,,,,,,,,,,,,,,,,,,,,,,,,,14.597595236007354,80.10206761999999,0.0,,12.812,0.604,11.125,0.525,0.25,0.012,0.438,0.021,0.11125,0.525,0.00375,0.018,0.01095,0.0525,0.72145,0.5625,0.0265371486885317,72.703125,3.4299264679927304,0.0084375,0.0398057230327975,2.544609375,12.004742637974555,14.597595236007354,163554,,,0.3783721083396218,Advisory
322758,6375.0,9412.383806,RUS,Russia,Irkutsk,2.309576353,0.0,0.65,0.49,6375.0,,,,,,,,,,,,,,,,,,,,,,,,,2.440596010654948,46.191527060000006,0.0,,18.062,0.192,15.125,0.161,0.0,0.0,0.125,0.001,0.15125,0.161,0.0,0.0,0.003125,0.0025,0.317875,0.140625,0.0014940423477777,33.75,0.3585701634666517,0.002109375,0.0022410635216665,1.18125,1.254995572133281,2.440596010654948,41124,,,0.0009900910095602,Information
322759,6376.0,12158.50878,RUS,Russia,Buryat,3.050223963,0.0,0.65,0.49,6376.0,,,,,,,,,,,,,,,,,,,,,,,,,3.570046469002249,61.00447926,0.0,,35.0,0.288,27.375,0.225,0.312,0.003,1.5,0.012,0.27375,0.225,0.00468,0.0045,0.0375,0.03,0.57543,0.0,0.0,55.96875,0.4603257768577856,0.0,0.0,1.95890625,1.6111402190022497,3.570046469002249,13344,,,0.008404293422259,Information
322761,6377.0,8611.563423,RUS,Russia,Buryat,3.625271357,0.0,0.65,0.49,6377.0,,,,,,,,,,,,,,,,,,,,,,,,,9.11008815217268,72.50542714,0.0,,42.875,0.498,40.688,0.472,1.875,0.022,13.938,0.162,0.40688,0.472,0.028125,0.033,0.34845,0.405,1.693455,0.140625,0.001632978741342,120.375,1.397829802588762,0.002109375,0.002449468112013,4.213125,4.892404309060668,9.11008815217268,10668,,,0.1346651215092426,Information
322766,6382.0,22315.16141,RUS,Russia,Buryat,3.371635655,0.0,0.65,0.49,6382.0,6382.0,0.0,6.0,3.0,-9999.0,-9999.0,0.0,5.0,0.3,-999.9,-999.9,-3989.0,0.0,0.0,0.0,0.0,0.0,0.0,0.0,0.0,0.0,0.0,0.0,-3989.0,5.488170587554484,67.4327131,0.0,,,,,,,,,,,,,,,,,0.0,0.0,108.28125,0.4852362393012809,0.0,0.0,3.78984375,1.698326837554483,5.488170587554484,37065,,,0.0374796462430147,Information
322767,6383.0,38556.90857,RUS,Russia,Buryat,3.061951809,0.0,0.65,0.49,6383.0,6383.0,0.0,1.0,3.0,2.0,-9999.0,0.0,10.0,0.3,0.2,-999.9,-1978.8,0.0,0.0,0.0,0.0,0.0,0.0,0.0,0.0,0.0,0.0,0.0,-1978.8,18.676656267859634,61.23903618,0.0,,1.25,0.003,1.25,0.003,31.875,0.083,142.812,0.37,0.0125,0.003,0.478125,0.1245,3.5703000000000005,0.925,5.113425,13.5,0.0350131805153162,417.9375,1.083949713453331,0.2025,0.0525197707729742,14.6278125,3.7938239970866574,18.676656267859634,32932,,,0.2326525398376207,Information
322768,6384.0,5405.506413,RUS,Russia,Buryat,0.710912644,0.0,0.65,0.49,6384.0,,,,,,,,,,,,,,,,,,,,,,,,,2.0179091170609533,14.21825288,0.0,,7.562,0.14,7.562,0.14,0.0,0.0,0.0,0.0,0.07562,0.14,0.0,0.0,0.0,0.0,0.21562,1.265625,0.0234136249822216,19.6875,0.3642119441678917,0.018984375,0.0351204374733324,0.6890625,1.274741804587621,2.0179091170609533,147,,,8.850746542851334e-05,Information
322769,6385.0,7982.173816,RUS,Russia,Buryat,2.388981598,0.0,0.65,0.49,6385.0,,,,,,,,,,,,,,,,,,,,,,,,,11.190918081793347,47.77963196,0.0,,17.188,0.215,13.812,0.173,3.5,0.044,12.688,0.159,0.13812,0.173,0.0525,0.066,0.3172,0.3975,1.14432,11.25,0.1409390506846335,137.109375,1.717694680218971,0.16875,0.2114085760269502,4.798828125,6.011931380766399,11.190918081793347,6247,,,0.0617350891053174,Information
322771,6386.0,3099.877896,RUS,Russia,Buryat,3.306462807,0.0,0.65,0.49,6386.0,,,,,,,,,,,,,,,,,,,,,,,,,10.732550525157338,66.12925614,0.0,,15.438,0.498,14.812,0.478,0.438,0.014,0.938,0.03,0.14812,0.478,0.00657,0.021,0.02345,0.075,0.7521399999999999,0.0,0.0,72.5625,2.340818007187811,0.0,0.0,2.5396875,8.192863025157338,10.732550525157338,47230,,,0.1252222497737318,Information
322773,6388.0,1441.18625,RUS,Russia,Buryat,2.852626542,0.0,0.65,0.49,6388.0,6388.0,0.0,29.0,2.0,-9999.0,-9999.0,0.0,1.0,0.2,-999.9,-999.9,-3997.2,0.0,0.0,0.0,0.0,0.0,0.0,0.0,0.0,0.0,0.0,0.0,-3997.2,3.03098170399641,57.05253084,0.0,,,,,,,,,,,,,,,,,0.84375,0.0585455210827936,10.546875,0.7318190135349201,0.01265625,0.0878182816241904,0.369140625,2.56136654737222,3.03098170399641,135577,,,0.0040116091600217,Information
322775,6390.0,2193.409498,RUS,Russia,Buryat,2.264605802,0.0,0.65,0.49,6390.0,,,,,,,,,,,,,,,,,,,,,,,,,1.0670889588908157,45.29211604,0.0,,3.25,0.148,3.0,0.137,0.0,0.0,0.0,0.0,0.03,0.137,0.0,0.0,0.0,0.0,0.167,0.0,0.0,5.484375,0.2500388096830901,0.0,0.0,0.191953125,0.8751358338908154,1.0670889588908157,28653,,,4.124067680930243e-05,Information
322776,6391.0,2097.92622,RUS,Russia,Buryat,3.514279699,0.0,0.65,0.49,6391.0,,,,,,,,,,,,,,,,,,,,,,,,,0.567650854904422,70.28559398,0.0,,5.438,0.259,5.438,0.259,0.0,0.0,0.0,0.0,0.05438,0.259,0.0,0.0,0.0,0.0,0.31338,0.0,0.0,2.8125,0.1340609585441206,0.0,0.0,0.0984375,0.469213354904422,0.567650854904422,7693,,,3.780885011564432e-05,Information
322777,6392.0,344.8052579,RUS,Russia,Buryat,3.615924252,0.0,0.65,0.49,6392.0,,,,,,,,,,,,,,,,,,,,,,,,,3.691637323669208,72.31848504,0.0,,4.312,1.251,2.812,0.816,0.0,0.0,0.0,0.0,0.02812,0.816,0.0,0.0,0.0,0.0,0.84412,0.0,0.0,3.515625,1.0195972710483452,0.0,0.0,0.123046875,3.568590448669208,3.691637323669208,493,,,0.0219683196598343,Information
322778,6393.0,38652.46548,RUS,Russia,Zabaykal'ye,2.666053895,0.0,0.65,0.49,6393.0,6393.0,0.0,30.0,5.0,-9999.0,-9999.0,0.0,1.0,0.5,-999.9,-999.9,-3996.6,0.0,0.0,0.0,0.0,0.0,0.0,0.0,0.0,0.0,0.0,0.0,-3996.6,1.455881724050761,53.321077900000006,0.0,,22.125,0.057,18.312,0.047,0.0,0.0,0.0,0.0,0.18312,0.047,0.0,0.0,0.0,0.0,0.23012,0.984375,0.0025467327578788,32.625,0.0844059999754123,0.014765625,0.0038200991368182,1.141875,0.295420999913943,1.455881724050761,118812,,,0.0002624850323639,Information
322779,6394.0,485.1981518,RUS,Russia,Buryat,2.590990858,0.0,0.65,0.49,6394.0,,,,,,,,,,,,,,,,,,,,,,,,,2.552697340349642,51.81981716,0.0,,6.125,1.262,5.5,1.134,0.0,0.0,0.0,0.0,0.055,1.134,0.0,0.0,0.0,0.0,1.1889999999999998,0.0,0.0,3.375,0.6955920972427548,0.0,0.0,0.118125,2.434572340349642,2.552697340349642,641,,,0.0016527658098857,Information
322781,6395.0,9995.812515,RUS,Russia,Buryat,3.574720674,0.0,0.65,0.49,6395.0,,,,,,,,,,,,,,,,,,,,,,,,,1.3798202093510974,71.49441347999999,0.0,,59.375,0.594,43.5,0.435,0.75,0.008,0.0,0.0,0.435,0.435,0.01125,0.012,0.0,0.0,0.89325,4.640625,0.0464256906902879,17.71875,0.1772617280901901,0.069609375,0.0696385360354318,0.62015625,0.6204160483156654,1.3798202093510974,17651,,,0.001230292305782,Information
322785,6399.0,3153.528841,RUS,Russia,Zabaykal'ye,2.578575985,0.0,0.65,0.49,6399.0,6399.0,0.0,5.0,5.0,2.0,2.0,0.0,6.0,0.5,0.2,0.2,13.8,0.0,0.0,0.0,0.0,0.0,0.0,0.0,0.0,0.0,0.0,0.0,13.8,13.8,51.5715197,0.0,,,,,,,,,,,,,,,,,,,,,,,,,,12399,,,0.104663259896473,Information
322791,6404.0,350.6890535,RUS,Russia,Buryat,4.000656135,0.0,0.65,0.49,6404.0,,,,,,,,,,,,,,,,,,,,,,,,,0.59,80.0131227,0.0,,2.0,0.57,2.0,0.57,0.0,0.0,0.0,0.0,0.02,0.57,0.0,0.0,0.0,0.0,0.59,,,,,,,,,,1700,,,0.0002135803168531,Information
322792,6405.0,1194.374549,RUS,Russia,Buryat,3.36921874,0.0,0.65,0.49,6405.0,,,,,,,,,,,,,,,,,,,,,,,,,4.013369313755492,67.3843748,0.0,,7.875,0.659,6.562,0.549,0.0,0.0,0.062,0.005,0.06562,0.549,0.0,0.0,0.00155,0.0125,0.6286700000000001,0.0,0.0,12.234375,1.0243331967872835,0.0,0.0,0.428203125,3.585166188755492,4.013369313755492,30633,,,0.018078369967435,Information
322793,6406.0,194.1022951,RUS,Russia,Buryat,0.620014886,0.0,0.65,0.49,6406.0,,,,,,,,,,,,,,,,,,,,,,,,,0.6891200000000001,12.40029772,0.0,,1.312,0.676,1.312,0.676,0.0,0.0,0.0,0.0,0.01312,0.676,0.0,0.0,0.0,0.0,0.6891200000000001,,,,,,,,,,433,,,6.326839855491853e-07,Information
322794,6407.0,5371.673915,RUS,Russia,Buryat,1.634758725,0.0,0.65,0.49,6407.0,,,,,,,,,,,,,,,,,,,,,,,,,0.2676059113287227,32.6951745,0.0,,9.438,0.176,6.188,0.115,0.0,0.0,0.0,0.0,0.06188,0.115,0.0,0.0,0.0,0.0,0.17688,0.0,0.0,2.671875,0.0497400818082065,0.0,0.0,0.093515625,0.1740902863287227,0.2676059113287227,2823,,,1.6243921707510363e-08,Information
322795,6408.0,971.5763286,RUS,Russia,Buryat,1.641502591,0.0,0.65,0.49,6408.0,,,,,,,,,,,,,,,,,,,,,,,,,1.56012,32.83005182,0.0,,15.438,1.589,13.812,1.422,0.0,0.0,0.0,0.0,0.13812,1.422,0.0,0.0,0.0,0.0,1.56012,,,,,,,,,,7493,,,8.412403324295587e-05,Information
322796,6409.0,23762.77344,RUS,Russia,Buryat,3.287714973,0.0,0.65,0.49,6409.0,,,,,,,,,,,,,,,,,,,,,,,,,0.23212,65.75429946,0.0,,27.625,0.116,16.312,0.069,0.0,0.0,0.0,0.0,0.16312,0.069,0.0,0.0,0.0,0.0,0.23212,,,,,,,,,,54747,,,2.956122880378159e-07,Information
322797,6410.0,948.1774292,RUS,Russia,Buryat,2.392505647,0.0,0.65,0.49,6410.0,,,,,,,,,,,,,,,,,,,,,,,,,1.9890735312805512,47.85011294,0.0,,6.062,0.639,3.938,0.415,0.0,0.0,0.0,0.0,0.03938,0.415,0.0,0.0,0.0,0.0,0.45438,0.0,0.0,4.921875,0.5190879732230146,0.0,0.0,0.172265625,1.816807906280551,1.9890735312805512,4105,,,0.0005445193284053,Information
323000,6458.0,20333.58026,RUS,Russia,Krasnoyarsk,1.837207695,3.784422508,0.65,0.49,6458.0,6458.0,1.0,23.0,37.0,17.0,7.0,3.0,1.0,3.7,1.7,0.7,-158.18181818181822,0.0,0.0,0.0,0.0,0.0,0.0,0.0,0.0,0.0,0.0,0.0,-158.18181818181822,15.63658,36.7441539,75.68845016,,42.562,0.209,25.188,0.124,151.25,0.744,318.438,1.566,0.25188,0.124,2.26875,1.116,7.96095,3.915,15.63658,175.359375,0.8624126824468136,84.515625,0.4156455670814234,2.630390625,1.2936190236702203,2.958046875,1.454759484784982,8.336816008455202,1306,,,0.3294839795671932,Information
331220,6461.0,25939.2371,RUS,Russia,Krasnoyarsk,4.01917191,0.0,0.65,0.49,6461.0,6461.0,2.0,19.0,47.0,33.0,11.0,7.0,1.0,4.7,3.3,1.1,34.2,0.0,0.0,0.0,0.0,0.0,0.0,0.0,0.0,0.0,0.0,0.0,34.2,34.2,80.3834382,0.0,,,,,,,,,,,,,,,,,0.0,0.0,16.3125,0.0628873545352077,0.0,0.0,0.5709375,0.2201057408732269,0.791043240873227,0,,,0.7108437931962908,Watch
331240,6463.0,13181.56124,RUS,Russia,Krasnoyarsk,3.513668916,0.0,0.65,0.49,6463.0,,,,,,,,,,,,,,,,,,,,,,,,,5.009225848027763,70.27337831999999,0.0,,11.438,0.087,5.938,0.045,8.188,0.062,46.062,0.349,0.0593799999999999,0.045,0.12282,0.093,1.15155,0.8724999999999999,2.34425,118.6875,0.9004054817257132,30.515625,0.2315023572683409,1.7803125,1.3506082225885698,1.068046875,0.8102582504391931,5.009225848027763,0,,,0.037475701286393,Information
331287,6473.0,2319.312722,RUS,Russia,Krasnoyarsk,1.669903414,0.0,0.65,0.49,6473.0,,,,,,,,,,,,,,,,,,,,,,,,,3.72032,33.39806828,0.0,,1.562,0.067,0.312,0.013,5.75,0.248,24.438,1.054,0.00312,0.013,0.08625,0.372,0.61095,2.635,3.72032,23.0625,0.9943678478176272,3.234375,0.1394540274378379,0.3459375,1.4915517717264408,0.113203125,0.4880890960324326,2.4387814927588733,0,,,0.001957541461279,Information
331289,6475.0,12277.02218,RUS,Russia,Krasnoyarsk,2.401824844,0.0,0.65,0.49,6475.0,,,,,,,,,,,,,,,,,,,,,,,,,60.873955,48.03649688,0.0,2.0,252.562,2.057,189.438,1.543,599.125,4.88,906.688,7.385,1.89438,1.543,8.986875,7.32,22.6672,18.4625,60.873955,992.25,8.082171597579935,78.890625,0.642587622766772,14.88375,12.1232573963699,2.761171875,2.2490566796837017,32.0172359510536,0,,,0.5628755362989172,Watch
331293,6478.0,834.9992873,RUS,Russia,Krasnoyarsk,4.035733677,0.0,0.65,0.49,6478.0,,,,,,,,,,,,,,,,,,,,,,,,,1.2358049999999998,80.71467353999999,0.0,,0.0,0.0,0.0,0.0,1.562,0.187,2.875,0.344,0.0,0.0,0.02343,0.2804999999999999,0.071875,0.8599999999999999,1.2358049999999998,1.546875,0.1852546491433455,0.0,0.0,0.023203125,0.2778819737150182,0.0,0.0,0.3010850987150182,0,,,0.0030014591155348,Information
331294,6479.0,2378.124209,RUS,Russia,Krasnoyarsk,3.715416192,0.0,0.65,0.49,6479.0,,,,,,,,,,,,,,,,,,,,,,,,,0.8929819253436053,74.30832384,0.0,,0.438,0.018,0.062,0.003,1.812,0.076,3.188,0.134,0.00062,0.003,0.02718,0.1139999999999999,0.0797,0.335,0.5595,0.28125,0.0118265479564525,4.78125,0.2010513152596933,0.00421875,0.0177398219346787,0.16734375,0.7036796034089265,0.8929819253436053,0,,,0.0003906217833976,Information
331295,6480.0,6775.00041,RUS,Russia,Krasnoyarsk,0.124370693,0.0,0.65,0.49,6480.0,6480.0,1.0,30.0,43.0,-9999.0,-9999.0,3.0,1.0,4.3,-999.9,-999.9,-3983.0,0.0,0.0,0.0,0.0,0.0,0.0,0.0,0.0,0.0,0.0,0.0,-3983.0,6.5801750000000006,2.48741386,0.0,,32.312,0.477,21.625,0.319,57.625,0.851,63.062,0.931,0.21625,0.319,0.864375,1.2765,1.57655,2.3275,6.5801750000000006,44.578125,0.6579796650230271,20.8125,0.3071955533861451,0.668671875,0.9869694975345408,0.7284375,1.075184436851508,3.4592633093860488,149260,,,0.0035097249077235,Information
331298,6483.0,920.9551397,RUS,Russia,Krasnoyarsk,3.893449365,0.0,0.65,0.49,6483.0,,,,,,,,,,,,,,,,,,,,,,,,,2.24687,77.8689873,0.0,,2.0,0.217,1.0,0.109,6.438,0.699,3.312,0.36,0.01,0.109,0.09657,1.0485,0.0828,0.8999999999999999,2.24687,3.796875,0.4122757815520861,0.0,0.0,0.056953125,0.6184136723281292,0.0,0.0,0.6753667973281292,0,,,0.0110850250649794,Information
331307,6489.0,5000.195078,RUS,Russia,Krasnoyarsk,2.526911101,0.0,0.65,0.49,6489.0,,,,,,,,,,,,,,,,,,,,,,,,,1.5375,50.53822202,0.0,,0.0,0.0,0.0,0.0,0.0,0.0,20.5,0.41,0.0,0.0,0.0,0.0,0.5125,1.025,1.5375,,,,,,,,,,0,,,0.0002592209798515,Information
331309,6491.0,3400.187966,RUS,Russia,Krasnoyarsk,1.180477584,0.0,0.65,0.49,6491.0,,,,,,,,,,,,,,,,,,,,,,,,,8.03,23.60955168,0.0,,0.0,0.0,0.0,0.0,0.0,0.0,81.5,2.397,0.0,0.0,0.0,0.0,2.0375,5.9925,8.03,,,,,,,,,,0,,,0.0121398829136472,Information
331462,6498.0,10372.69714,RUS,Russia,Krasnoyarsk,4.035733668,0.0,0.65,0.49,6498.0,,,,,,,,,,,,,,,,,,,,,,,,,41.53730602567668,80.71467335999999,0.0,3.0,2.062,0.02,0.875,0.008,0.625,0.006,19.625,0.189,0.00875,0.008,0.009375,0.009,0.490625,0.4725,0.99825,38.671875,0.3728237167239235,587.671875,5.665564771597369,0.580078125,0.5592355750858853,20.568515625,19.829476700590792,41.53730602567668,0,0.0,0.0,0.7785327925043126,Watch
331480,6507.0,10587.73792,RUS,Russia,Krasnoyarsk,4.011790096,0.0,0.65,0.49,6507.0,,,,,,,,,,,,,,,,,,,,,,,,,92.73330226467588,80.23580192,0.0,3.0,62.375,0.589,44.375,0.419,305.875,2.889,863.375,8.154,0.44375,0.419,4.588125,4.3335,21.584375,20.385,51.75375,1042.453125,9.845853126571702,925.171875,8.738144842805237,15.0,14.768779689857553,32.381015625,30.58350694981833,92.73330226467588,0,0.0,0.0,0.9389302690658476,Warning
331490,6508.0,21453.64399,RUS,Russia,Krasnoyarsk,3.591474928,0.0,0.65,0.49,6508.0,,,,,,,,,,,,,,,,,,,,,,,,,34.25110403889349,71.82949855999999,0.0,,124.062,0.578,74.188,0.346,337.062,1.571,590.75,2.754,0.74188,0.346,5.05593,2.3565,14.76875,6.885,30.15406,1008.140625,4.699157987296209,237.796875,1.1084218379854778,15.0,7.048736980944313,8.322890625,3.879476432949172,34.25110403889349,0,,,0.5774770848428421,Advisory
331501,6509.0,1263.29327,RUS,Russia,Krasnoyarsk,2.159991696,0.0,0.65,0.49,6509.0,,,,,,,,,,,,,,,,,,,,,,,,,2.13155,43.19983392,0.0,,0.0,0.0,0.0,0.0,0.0,0.0,9.562,0.757,0.0,0.0,0.0,0.0,0.2390499999999999,1.8925,2.13155,,,,,,,,,,0,,,0.0005141086448249,Information
331502,6510.0,9315.212699,RUS,Russia,Krasnoyarsk,4.02303632,0.0,0.65,0.49,6510.0,,,,,,,,,,,,,,,,,,,,,,,,,1.86905,80.4607264,0.0,,0.0,0.0,0.0,0.0,0.0,0.0,36.062,0.387,0.0,0.0,0.0,0.0,0.90155,0.9675,1.86905,,,,,,,,,,0,,,0.0094627241392546,Information
331503,6511.0,53577.20184,RUS,Russia,Krasnoyarsk,3.405630081,4.000011638,0.65,0.49,6511.0,,,,,,,,,,,,,,,,,,,,,,,,,14.52217,68.11260161999999,80.00023276,,10.25,0.019,6.312,0.012,25.25,0.047,471.812,0.881,0.06312,0.012,0.37875,0.0705,11.7953,2.2025,14.52217,41.765625,0.0779540990738534,279.984375,0.5225811826802768,0.626484375,0.11693114861078,9.799453125,1.8290341393809688,12.371902787991749,50,,,0.3744674167107474,Advisory
331505,6513.0,180.5197767,RUS,Russia,Krasnoyarsk,2.185590716,4.026474446,0.65,0.49,6513.0,,,,,,,,,,,,,,,,,,,,,,,,,31.524255065451968,43.71181432,80.52948892,3.0,0.0,0.0,0.0,0.0,0.0,0.0,3.625,2.008,0.0,0.0,0.0,0.0,0.090625,5.02,5.110625,2.8125,1.55800104102903,14.765625,8.179505465402407,0.0421875,2.337001561543545,0.516796875,28.628269128908425,31.524255065451968,0,0.0,0.0,0.6850459426221965,Watch
331507,6515.0,2734.453322,RUS,Russia,Krasnoyarsk,3.261250226,0.0,0.65,0.49,6515.0,,,,,,,,,,,,,,,,,,,,,,,,,52.367353887334986,65.22500452,0.0,3.0,49.562,1.813,34.562,1.264,45.312,1.657,96.438,3.527,0.34562,1.264,0.6796799999999998,2.4855,2.41095,8.8175,16.00325,47.53125,1.73823592488999,401.34375,14.677293874662816,0.71296875,2.607353887334985,14.04703125,35.0,52.367353887334986,0,0.0,0.0,0.6588713434026121,Watch
331508,6516.0,4191.708308,RUS,Russia,Krasnoyarsk,4.035733665,0.0,0.65,0.49,6516.0,,,,,,,,,,,,,,,,,,,,,,,,,60.781098193739055,80.71467330000002,0.0,3.0,20.438,0.488,8.938,0.213,22.312,0.532,38.562,0.92,0.08938,0.213,0.33468,0.798,0.96405,2.3000000000000003,4.69911,44.296875,1.0567737958260377,672.328125,16.0394778344263,0.664453125,1.5851606937390563,23.531484375,35.0,60.781098193739055,0,0.0,0.0,0.8745021612872206,Warning
331610,6517.0,9242.059355,RUS,Russia,Krasnoyarsk,4.003083341,0.0,0.65,0.49,6517.0,,,,,,,,,,,,,,,,,,,,,,,,,100.0,80.06166682,0.0,3.0,974.25,10.541,735.938,7.963,1262.812,13.664,1569.875,16.986,7.35938,7.963,15.0,15.0,25.0,25.0,95.32238,1313.15625,14.208481026810556,2148.46875,23.246645226773584,15.0,15.0,35.0,35.0,100.0,0,0.0,0.0,0.9465762384081858,Warning
331630,6519.0,4743.914449,RUS,Russia,Krasnoyarsk,2.764768103,0.0,0.65,0.49,6519.0,6519.0,0.0,1.0,-9999.0,-9999.0,-9999.0,0.0,10.0,-999.9,-999.9,-999.9,-5979.4,0.0,0.0,0.0,0.0,0.0,0.0,0.0,0.0,0.0,0.0,0.0,-5979.4,100.0,55.29536206,0.0,3.0,891.375,18.79,696.688,14.686,1179.0,24.853,1274.312,26.862,6.96688,10.0,15.0,15.0,25.0,25.0,96.96688,1321.03125,27.846860733990024,1674.28125,35.29324291024965,15.0,15.0,35.0,35.0,100.0,4017,739.0,18.4,0.7896169731153848,Warning
331641,6520.0,7754.86671,RUS,Russia,Krasnoyarsk,4.007164634,0.0,0.65,0.49,6520.0,,,,,,,,,,,,,,,,,,,,,,,,,100.0,80.14329267999999,0.0,2.0,1731.25,22.325,1295.062,16.7,2644.75,34.104,2824.875,36.427,10.0,10.0,15.0,15.0,25.0,25.0,100.0,2406.796875,31.035954130778627,2724.75,35.13600042290194,15.0,15.0,35.0,35.0,100.0,100,,,0.9470207341859646,Warning
331642,6521.0,27215.27074,RUS,Russia,Krasnoyarsk,3.248079428,0.0,0.65,0.49,6521.0,,,,,,,,,,,,,,,,,,,,,,,,,31.243350780454747,64.96158856,0.0,,154.188,0.567,93.688,0.344,238.062,0.875,241.438,0.887,0.93688,0.344,3.57093,1.3125,6.035950000000001,2.2175,14.41776,423.0,1.55427445130684,471.515625,1.7325406367127112,6.345,2.33141167696026,16.503046875,6.063892228494489,31.243350780454747,0,,,0.4543658902283626,Advisory
331644,6523.0,7057.681591,RUS,Russia,Krasnoyarsk,3.170205387,0.0,0.65,0.49,6523.0,,,,,,,,,,,,,,,,,,,,,,,,,13.020648937154151,63.40410774,0.0,,26.625,0.377,19.938,0.282,65.688,0.931,71.812,1.018,0.19938,0.282,0.98532,1.3965,1.7953,2.545,7.2035,174.09375,2.4667271787253564,79.3125,1.1237755483046052,2.61140625,3.7000907680880335,2.7759375,3.9332144190661182,13.020648937154151,171,,,0.150708484648658,Information
331645,6524.0,4369.836746,RUS,Russia,Krasnoyarsk,3.656127571,0.0,0.65,0.49,6524.0,,,,,,,,,,,,,,,,,,,,,,,,,30.44138,73.12255142,0.0,,90.688,2.075,64.25,1.47,199.812,4.573,224.688,5.142,0.6425,1.47,2.99718,6.859500000000001,5.6172,12.855,30.44138,280.125,6.410422545914854,109.96875,2.5165413809766144,4.201875,9.61563381887228,3.84890625,8.80789483341815,26.47430990229043,0,,,0.5495463465227926,Advisory
331646,6525.0,8750.074578,RUS,Russia,Krasnoyarsk,3.367766207,0.0,0.65,0.49,6525.0,,,,,,,,,,,,,,,,,,,,,,,,,93.41725,67.35532414,0.0,2.0,799.625,9.138,626.125,7.156,1453.875,16.616,1520.812,17.381,6.26125,7.156,15.0,15.0,25.0,25.0,93.41725,1594.265625,18.220023278193,338.484375,3.868359886267138,15.0,15.0,11.846953125,13.539259601934983,55.386212726934986,0,,,0.8534612204412313,Warning
331647,6526.0,8834.168579,RUS,Russia,Krasnoyarsk,4.005911874,0.0,0.65,0.49,6526.0,,,,,,,,,,,,,,,,,,,,,,,,,30.584305,80.11823747999999,0.0,2.0,13.125,0.149,8.625,0.098,265.812,3.009,410.875,4.651,0.08625,0.098,3.98718,4.5135,10.271875,11.6275,30.584305,505.265625,5.719447399070988,93.09375,1.0537918670150277,7.578984375,8.579171098606484,3.25828125,3.688271534552597,23.10470825815908,205,,,0.6666509642234232,Watch
331648,6527.0,9764.306547,RUS,Russia,Krasnoyarsk,2.252908361,0.0,0.65,0.49,6527.0,,,,,,,,,,,,,,,,,,,,,,,,,12.947052535779674,45.05816722,0.0,,21.0,0.215,5.188,0.053,29.25,0.3,28.0,0.287,0.0518799999999999,0.053,0.43875,0.4499999999999999,0.7,0.7174999999999999,2.41113,184.921875,1.8938556887271127,103.5,1.0599831079111444,2.773828125,2.840783533090669,3.6225,3.7099408776890055,12.947052535779674,11,,,0.0741718158895078,Information
331649,6528.0,15946.58733,RUS,Russia,Krasnoyarsk,1.202529837,0.0,0.65,0.49,6528.0,6528.0,1.0,20.0,43.0,17.0,5.0,3.0,1.0,4.3,1.7,0.5,20.7,0.0,0.0,0.0,0.0,0.0,0.0,0.0,0.0,0.0,0.0,0.0,20.7,20.7,24.05059674,0.0,,2.812,0.018,1.25,0.008,32.25,0.202,46.688,0.293,0.0125,0.008,0.48375,0.303,1.1672,0.7324999999999999,2.70695,224.71875,1.4091964965208494,175.21875,1.0987852532321516,3.37078125,2.1137947447812744,6.13265625,3.845748386312531,15.462980631093805,276,,,0.0968118516581847,Information
331650,6529.0,20771.74094,RUS,Russia,Krasnoyarsk,3.750033707,0.0,0.65,0.49,6529.0,,,,,,,,,,,,,,,,,,,,,,,,,76.64751701411522,75.00067414,0.0,3.0,357.188,1.72,295.938,1.425,639.312,3.078,611.75,2.945,2.95938,1.425,9.58968,4.617,15.29375,7.3625,41.24731,875.390625,4.21433440490699,1317.234375,6.3414731519299234,13.130859375,6.321501607360485,35.0,22.19515603175473,76.64751701411522,1470,94.0,6.39,0.8687215872302819,Warning
331670,6531.0,29004.00909,RUS,Russia,Krasnoyarsk,1.639169856,0.0,0.65,0.49,6531.0,,,,,,,,,,,,,,,,,,,,,,,,,31.39315185827689,32.783397120000004,0.0,,144.188,0.497,61.125,0.211,125.688,0.433,82.75,0.285,0.61125,0.211,1.88532,0.6495,2.06875,0.7124999999999999,6.13832,269.71875,0.9299360965287236,551.390625,1.9010841681382304,4.04578125,1.3949041447930854,19.298671875,6.653794588483807,31.39315185827689,0,,,0.2232298413396209,Information
331681,6532.0,2163.386794,RUS,Russia,Krasnoyarsk,1.555989062,0.0,0.65,0.49,6532.0,,,,,,,,,,,,,,,,,,,,,,,,,7.724625659445705,31.11978124,0.0,,2.625,0.121,2.25,0.104,2.562,0.118,0.75,0.035,0.0225,0.104,0.03843,0.177,0.01875,0.0875,0.4481799999999999,19.40625,0.8970309913034874,30.9375,1.4300494064258495,0.29109375,1.3455464869552312,1.0828125,5.005172922490473,7.724625659445705,0,,,0.0143364156775419,Information
331682,6533.0,1821.280024,RUS,Russia,Krasnoyarsk,0.885151594,0.0,0.65,0.49,6533.0,,,,,,,,,,,,,,,,,,,,,,,,,27.23180060617663,17.70303188,0.0,,1.375,0.075,0.438,0.024,1.375,0.075,1.812,0.1,0.00438,0.024,0.020625,0.1124999999999999,0.0453,0.25,0.456805,9.0,0.4941579483141626,116.015625,6.370004802487253,0.135,0.7412369224712438,4.060546875,22.295016808705387,27.23180060617663,0,,,0.1343743323831377,Information
331683,6534.0,5969.887227,RUS,Russia,Krasnoyarsk,3.575985693,0.0,0.65,0.49,6534.0,,,,,,,,,,,,,,,,,,,,,,,,,19.32071848509593,71.51971386,0.0,,10.375,0.174,9.938,0.166,9.875,0.165,11.188,0.187,0.09938,0.166,0.148125,0.2475,0.2797,0.4675,1.4082050000000002,29.671875,0.4970257204741512,193.640625,3.2436228298242007,0.445078125,0.7455385807112268,6.777421875,11.352679904384702,19.32071848509593,0,,,0.3489953931490968,Information
331684,6535.0,3918.715108,RUS,Russia,Krasnoyarsk,0.834085224,0.0,0.65,0.49,6535.0,,,,,,,,,,,,,,,,,,,,,,,,,1.2337152783985852,16.68170448,0.0,,1.25,0.032,1.188,0.03,1.125,0.029,1.125,0.029,0.01188,0.03,0.016875,0.0435,0.028125,0.0725,0.20288,5.765625,0.1471304966167692,7.453125,0.190193080992409,0.086484375,0.2206957449251538,0.260859375,0.6656757834734315,1.2337152783985852,0,,,1.2620270979899502e-05,Information
331685,6536.0,5134.013634,RUS,Russia,Krasnoyarsk,3.234348118,0.0,0.65,0.49,6536.0,,,,,,,,,,,,,,,,,,,,,,,,,10.180942887418874,64.68696236000001,0.0,,7.688,0.15,5.812,0.113,7.562,0.147,12.938,0.252,0.05812,0.113,0.11343,0.2204999999999999,0.32345,0.63,1.4585,16.3125,0.3177338660181553,91.6875,1.7858834538261834,0.2446875,0.4766007990272329,3.2090625,6.250592088391642,10.180942887418874,0,,,0.1067986276128666,Information
331687,6538.0,3177.789417,RUS,Russia,Krasnoyarsk,2.914917629,0.0,0.65,0.49,6538.0,,,,,,,,,,,,,,,,,,,,,,,,,8.164094440622335,58.29835258,0.0,,30.062,0.946,20.5,0.645,5.938,0.187,15.562,0.49,0.205,0.645,0.08907,0.2804999999999999,0.38905,1.225,2.83362,9.84375,0.3097672220311168,52.03125,1.637341030735903,0.14765625,0.4646508330466752,1.82109375,5.7306936075756605,8.164094440622335,0,,,0.0514668102372161,Information
331688,6539.0,1737.453544,RUS,Russia,Krasnoyarsk,2.596800308,0.0,0.65,0.49,6539.0,,,,,,,,,,,,,,,,,,,,,,,,,7.694993183045374,51.936006160000005,0.0,,4.625,0.266,4.438,0.255,1.812,0.104,7.688,0.442,0.0443799999999999,0.255,0.02718,0.156,0.1921999999999999,1.105,1.77976,5.0625,0.2913746970242388,30.375,1.748248182145433,0.0759375,0.4370620455363582,1.063125,6.118868637509015,7.694993183045374,0,,,0.0334784333689767,Information
331689,6540.0,4540.809665,RUS,Russia,Krasnoyarsk,4.005014274,0.0,0.65,0.49,6540.0,,,,,,,,,,,,,,,,,,,,,,,,,15.864649081955925,80.10028548,0.0,,54.812,1.207,41.812,0.921,16.938,0.373,42.812,0.943,0.41812,0.921,0.2540699999999999,0.5595,1.0703,2.3575,5.58049,13.640625,0.3004007216008302,135.703125,2.9885226427299085,0.204609375,0.4506010824012453,4.749609375,10.45982924955468,15.864649081955925,0,,,0.410362699037784,Advisory
331691,6541.0,5437.753139,RUS,Russia,Krasnoyarsk,2.079859815,0.0,0.65,0.49,6541.0,,,,,,,,,,,,,,,,,,,,,,,,,24.770451832529123,41.59719629999999,0.0,,68.938,1.268,30.562,0.562,47.312,0.87,36.625,0.674,0.30562,0.562,0.7096799999999999,1.305,0.915625,1.685,5.482925,41.90625,0.7706537778779401,231.328125,4.254112297346347,0.62859375,1.15598066681691,8.096484375,14.889393040712214,24.770451832529123,11,,,0.1955256420852549,Information
331692,6542.0,2963.578627,RUS,Russia,Krasnoyarsk,2.296582016,0.0,0.65,0.49,6542.0,,,,,,,,,,,,,,,,,,,,,,,,,23.7596194271066,45.93164032,0.0,,25.5,0.86,13.25,0.447,25.812,0.871,39.562,1.335,0.1325,0.447,0.38718,1.3065,0.98905,3.3375,6.599729999999999,46.125,1.55639535199766,135.421875,4.569538792602886,0.691875,2.3345930279964904,4.739765625,15.993385774110102,23.7596194271066,0,,,0.2054639879675991,Information
331694,6544.0,10942.84299,RUS,Russia,Krasnoyarsk,2.188794205,0.0,0.65,0.49,6544.0,,,,,,,,,,,,,,,,,,,,,,,,,12.38687632839728,43.775884100000006,0.0,,71.875,0.657,33.875,0.31,51.312,0.469,52.25,0.477,0.33875,0.31,0.7696799999999999,0.7035,1.30625,1.1925,4.62068,51.1875,0.4677714928922564,162.984375,1.4894152754453989,0.7678125,0.7016572393383846,5.704453125,5.212953464058896,12.38687632839728,0,,,0.0651768951054346,Information
331695,6545.0,1178.21589,RUS,Russia,Krasnoyarsk,0.411113096,0.0,0.65,0.49,6545.0,,,,,,,,,,,,,,,,,,,,,,,,,57.03799933638471,8.222261920000001,0.0,,47.312,4.016,35.5,3.013,55.0,4.668,82.812,7.029,0.355,3.013,0.825,7.002000000000001,2.0703,17.572499999999998,30.8378,111.9375,9.500593307589805,174.515625,14.811854641606716,1.6790625,14.250889961384708,6.108046875,35.0,57.03799933638471,0,,,0.3171611389164419,Advisory
331696,6546.0,4712.015559,RUS,Russia,Krasnoyarsk,2.06433567,0.0,0.65,0.49,6546.0,,,,,,,,,,,,,,,,,,,,,,,,,14.276171402263646,41.2867134,0.0,,19.5,0.414,12.5,0.265,12.25,0.26,37.688,0.8,0.125,0.265,0.18375,0.39,0.9422,2.0,3.90595,16.734375,0.355142609178648,123.46875,2.6202958895701927,0.251015625,0.532713913767972,4.32140625,9.171035613495674,14.276171402263646,0,,,0.0786700533211939,Information
331697,6547.0,4603.034965,RUS,Russia,Krasnoyarsk,3.018849698,0.0,0.65,0.49,6547.0,,,,,,,,,,,,,,,,,,,,,,,,,8.271249406918983,60.37699396,0.0,,12.875,0.28,2.5,0.054,5.5,0.119,14.688,0.319,0.025,0.054,0.0825,0.1785,0.3671999999999999,0.7975,1.5047,7.453125,0.1619176273283204,71.296875,1.548910133121858,0.111796875,0.2428764409924806,2.495390625,5.421185465926503,8.271249406918983,2,,,0.0586012630783009,Information
331698,6548.0,11915.46898,RUS,Russia,Krasnoyarsk,3.750033638,0.0,0.65,0.49,6548.0,,,,,,,,,,,,,,,,,,,,,,,,,9.999171415150723,75.00067276,0.0,,132.312,1.11,56.5,0.474,29.438,0.247,63.688,0.534,0.565,0.474,0.4415699999999999,0.3705,1.5922,1.335,4.77827,20.53125,0.172307527576825,146.53125,1.2297564639387106,0.30796875,0.2584612913652375,5.12859375,4.304147623785488,9.999171415150723,0,,,0.1797425451283083,Information
331710,6551.0,3263.271447,RUS,Russia,Krasnoyarsk,1.276318985,0.0,0.65,0.49,6551.0,,,,,,,,,,,,,,,,,,,,,,,,,50.13131577197712,25.5263797,0.0,,61.375,1.881,32.75,1.004,65.562,2.009,141.875,4.348,0.3275,1.004,0.98343,3.0135,3.546875,10.87,19.745305,103.359375,3.167354499048362,308.109375,9.44173293525845,1.550390625,4.751031748572544,10.783828125,33.04606527340458,50.13131577197712,108,,,0.3461266223928593,Advisory
331725,6556.0,4511.755309,RUS,Russia,Krasnoyarsk,3.155883843,0.0,0.65,0.49,6556.0,,,,,,,,,,,,,,,,,,,,,,,,,44.4033498683423,63.11767686,0.0,,107.5,2.383,73.562,1.63,81.625,1.809,217.938,4.83,0.7356199999999999,1.63,1.224375,2.7135,5.44845,12.075,23.826945,102.65625,2.2753062382998754,350.4375,7.767209788826425,1.53984375,3.412959357449813,12.2653125,27.18523426089249,44.4033498683423,0,,,0.5736139209357678,Advisory
331726,6557.0,24542.72634,RUS,Russia,Krasnoyarsk,1.804749821,0.0,0.65,0.49,6557.0,,,,,,,,,,,,,,,,,,,,,,,,,57.651517959109,36.09499642,0.0,,47.875,0.195,18.562,0.076,23.5,0.096,161.562,0.658,0.18562,0.076,0.3525,0.144,4.0390500000000005,1.645,6.442170000000001,365.34375,1.488602957113809,1047.515625,4.268130649553797,5.48015625,2.2329044356707137,35.0,14.938457273438289,57.651517959109,0,,,0.4589889917006215,Advisory
331730,6561.0,9702.918916,RUS,Russia,Krasnoyarsk,2.221634078,4.027468357,0.65,0.49,6561.0,,,,,,,,,,,,,,,,,,,,,,,,,47.43792644396696,44.432681560000006,80.54936714,3.0,22.0,0.227,14.875,0.153,11.688,0.12,98.438,1.015,0.14875,0.153,0.17532,0.18,2.46095,2.5375,5.655519999999999,118.265625,1.2188664671934513,616.78125,6.356656748050509,1.773984375,1.828299700790177,21.58734375,22.24829861817678,47.43792644396696,76,0.0,0.0,0.813680882272527,Warning
331761,6564.0,11850.34195,RUS,Russia,Sakha,1.752220694,0.0,0.65,0.49,6564.0,6564.0,0.0,1.0,-9999.0,-9999.0,-9999.0,0.0,10.0,-999.9,-999.9,-999.9,-5979.4,0.0,0.0,0.0,0.0,0.0,0.0,0.0,0.0,0.0,0.0,0.0,-5979.4,100.0,35.04441388,0.0,3.0,658.938,5.56,461.688,3.896,545.062,4.6,1555.0,13.122,4.61688,3.896,8.175930000000001,6.9,25.0,25.0,73.58881,1886.90625,15.922800011513685,3298.640625,27.83582649203133,15.0,15.0,35.0,35.0,100.0,3114,849.0,27.26,0.6669353752969869,Warning
331762,6565.0,16129.65778,RUS,Russia,Sakha,2.06630064,0.0,0.65,0.49,6565.0,,,,,,,,,,,,,,,,,,,,,,,,,75.32659908695908,41.3260128,0.0,3.0,34.5,0.214,23.25,0.144,41.438,0.257,129.188,0.801,0.2325,0.144,0.6215700000000001,0.3855,3.2297,2.0025,6.61577,519.328125,3.219709506927072,1276.875,7.916317986162419,7.789921875,4.829564260390608,35.0,27.707112951568465,75.32659908695908,65,24.0,36.92,0.5986432331339151,Watch
331763,6566.0,7477.353842,RUS,Russia,Sakha,0.518710888,0.0,0.65,0.49,6566.0,,,,,,,,,,,,,,,,,,,,,,,,,26.00946669456337,10.37421776,0.0,,37.312,0.499,34.438,0.461,26.875,0.359,68.0,0.909,0.34438,0.461,0.403125,0.5385,1.7,2.2725,5.719505,64.265625,0.8594701596316768,290.390625,3.8836014871759583,0.963984375,1.2892052394475153,10.163671875,13.592605205115854,26.00946669456337,362,,,0.1080096774651188,Information
331764,6567.0,24557.93884,RUS,Russia,Sakha,2.308384018,0.0,0.65,0.49,6567.0,6567.0,0.0,5.0,2.0,-9999.0,-9999.0,0.0,6.0,0.2,-999.9,-999.9,-3987.2,0.0,0.0,0.0,0.0,0.0,0.0,0.0,0.0,0.0,0.0,0.0,-3987.2,8.458702975875347,46.16768036,0.0,,2.25,0.009,1.5,0.006,0.875,0.004,2.75,0.011,0.015,0.006,0.013125,0.006,0.06875,0.0274999999999999,0.136375,6.328125,0.0257681438272056,169.03125,0.6882957528955829,0.094921875,0.0386522157408084,5.91609375,2.4090351351345403,8.458702975875347,338,,,0.0321079329005448,Information
331765,6568.0,438.0705639,RUS,Russia,Sakha,2.308384145,0.0,0.65,0.49,6568.0,,,,,,,,,,,,,,,,,,,,,,,,,24.02469305651196,46.1676829,0.0,,1.812,0.414,1.812,0.414,1.812,0.414,2.75,0.628,0.01812,0.414,0.02718,0.621,0.06875,1.57,2.71905,10.125,2.3112714784781883,24.46875,5.585572739655622,0.151875,3.4669072177172824,0.85640625,19.54950458879468,24.02469305651196,0,,,0.2098932227908494,Information
331767,6570.0,6569.71253,RUS,Russia,Sakha,3.083547495,0.0,0.65,0.49,6570.0,,,,,,,,,,,,,,,,,,,,,,,,,5.047031819424872,61.6709499,0.0,,3.125,0.048,0.188,0.003,0.062,0.001,2.375,0.036,0.00188,0.003,0.0009299999999999,0.0015,0.059375,0.09,0.156685,17.578125,0.2675630770752699,49.640625,0.7555981296605622,0.263671875,0.4013446156129048,1.737421875,2.6445934538119675,5.047031819424872,25,,,0.0213103632226087,Information
331780,6574.0,19507.22123,RUS,Russia,Sakha,3.237730936,0.0,0.65,0.49,6574.0,,,,,,,,,,,,,,,,,,,,,,,,,98.57826497498851,64.75461872,0.0,3.0,255.375,1.309,109.625,0.562,241.312,1.237,819.875,4.203,1.09625,0.562,3.61968,1.8555,20.496875,10.5075,38.137805,1765.828125,9.052176649992342,3468.796875,17.78211686114208,15.0,13.578264974988514,35.0,35.0,98.57826497498851,0,0.0,0.0,0.8481464881288759,Warning
331790,6575.0,7973.269987,RUS,Russia,Sakha,2.324606785,0.0,0.65,0.49,6575.0,,,,,,,,,,,,,,,,,,,,,,,,,85.89098684055826,46.4921357,0.0,3.0,75.938,0.952,48.812,0.612,50.438,0.633,217.875,2.733,0.48812,0.612,0.7565700000000001,0.9495,5.446875,6.8325000000000005,15.085565,469.96875,5.894303727038834,1011.09375,12.681042428907604,7.04953125,8.841455590558251,35.0,35.0,85.89098684055826,0,0.0,0.0,0.6819826772347299,Warning
331810,6576.0,21406.78498,RUS,Russia,Sakha,2.739125494,0.0,0.65,0.49,6576.0,6576.0,0.0,1.0,-9999.0,-9999.0,-9999.0,0.0,10.0,-999.9,-999.9,-999.9,-5979.4,0.0,0.0,0.0,0.0,0.0,0.0,0.0,0.0,0.0,0.0,0.0,-5979.4,82.72809599190384,54.78250988,0.0,3.0,246.0,1.149,195.375,0.913,229.938,1.074,374.5,1.749,1.95375,0.913,3.44907,1.6110000000000002,9.3625,4.3725000000000005,21.66182000000001,626.484375,2.9265691957010205,2075.90625,9.697421878100664,9.397265625,4.389853793551531,35.0,33.94097657335232,82.72809599190384,64,41.0,64.06,0.7271032153482436,Warning
331820,6577.0,15238.21741,RUS,Russia,Sakha,2.041123987,0.0,0.65,0.49,6577.0,,,,,,,,,,,,,,,,,,,,,,,,,100.0,40.822479740000006,0.0,3.0,23.875,0.157,11.688,0.077,126.25,0.829,255.188,1.675,0.11688,0.077,1.89375,1.2435,6.379700000000001,4.1875,13.89833,1596.234375,10.475204100455043,3005.015625,19.720256930898056,15.0,15.0,35.0,35.0,100.0,878,878.0,100.0,0.7000792444382088,Warning
331831,6578.0,23889.60958,RUS,Russia,Sakha,3.250828486,0.0,0.65,0.49,6578.0,,,,,,,,,,,,,,,,,,,,,,,,,64.77601029640121,65.01656972,0.0,3.0,241.5,1.011,192.75,0.807,350.75,1.468,530.938,2.222,1.9275,0.807,5.26125,2.202,13.27345,5.555,29.026200000000003,519.890625,2.176220683962403,1277.296875,5.346662827273603,7.798359375,3.2643310259436045,35.0,18.71331989545761,64.77601029640121,0,0.0,0.0,0.7310728018398128,Watch
331833,6580.0,785.7942228,RUS,Russia,Sakha,3.90352343,0.0,0.65,0.49,6580.0,,,,,,,,,,,,,,,,,,,,,,,,,19.118786088828006,78.0704686,0.0,,15.062,1.917,13.125,1.67,17.438,2.219,31.0,3.945,0.13125,1.67,0.2615699999999999,3.3285,0.775,9.8625,16.02882,14.765625,1.8790701905118024,33.46875,4.259225765160086,0.221484375,2.8186052857677035,1.17140625,14.907290178060302,19.118786088828006,0,,,0.445451065941887,Advisory
331835,6582.0,1923.244458,RUS,Russia,Sakha,4.019150722,0.0,0.65,0.49,6582.0,,,,,,,,,,,,,,,,,,,,,,,,,35.539387665402224,80.38301444,0.0,3.0,43.188,2.246,39.375,2.047,62.25,3.237,87.5,4.55,0.39375,2.047,0.93375,4.8555,2.1875,11.375,21.7925,63.5625,3.304962078317627,136.546875,7.099818977978796,0.9534375,4.957443117476441,4.779140625,24.849366422925783,35.539387665402224,0,0.0,0.0,0.7238261353523715,Watch
331836,6583.0,9174.588956,RUS,Russia,Sakha,1.130761401,0.0,0.65,0.49,6583.0,,,,,,,,,,,,,,,,,,,,,,,,,5.829538664869405,22.61522802,0.0,,4.125,0.045,2.625,0.029,4.688,0.051,7.875,0.086,0.02625,0.029,0.07032,0.0765,0.196875,0.2149999999999999,0.613945,15.328125,0.167071517567817,73.125,0.7970384324336227,0.229921875,0.2506072763517254,2.559375,2.7896345135176794,5.829538664869405,0,,,0.0048569293988514,Information
331837,6584.0,187.4076096,RUS,Russia,Sakha,4.036179633,0.0,0.65,0.49,6584.0,,,,,,,,,,,,,,,,,,,,,,,,,48.25351251175001,80.72359266,0.0,3.0,7.625,4.069,7.625,4.069,11.938,6.37,18.438,9.838,0.07625,4.069,0.17907,9.555,0.4609499999999999,24.595,38.93527,15.046875,8.028956257833341,28.125,15.007394874454844,0.225703125,12.043434386750013,0.984375,35.0,48.25351251175001,0,0.0,0.0,0.8205823563588197,Warning
331838,6585.0,4884.439656,RUS,Russia,Sakha,1.643591023,0.0,0.65,0.49,6585.0,,,,,,,,,,,,,,,,,,,,,,,,,3.0361283788501168,32.871820459999995,0.0,,0.188,0.004,0.188,0.004,0.188,0.004,1.5,0.031,0.00188,0.004,0.00282,0.006,0.0375,0.0775,0.1296999999999999,7.03125,0.1439520292060774,25.453125,0.5211063457260002,0.10546875,0.215928043809116,0.890859375,1.8238722100410008,3.0361283788501168,0,,,0.000980683095108,Information
331839,6586.0,25732.87477,RUS,Russia,Sakha,2.66503552,0.0,0.65,0.49,6586.0,6586.0,0.0,13.0,-9999.0,-9999.0,-9999.0,0.0,1.0,-999.9,-999.9,-999.9,-5997.4,0.0,0.0,0.0,0.0,0.0,0.0,0.0,0.0,0.0,0.0,0.0,-5997.4,41.15573633148418,53.3007104,0.0,,75.875,0.295,39.125,0.152,190.75,0.741,328.25,1.276,0.39125,0.152,2.86125,1.1115,8.20625,3.19,15.91225,283.078125,1.1000641303035508,725.484375,2.8192900388653843,4.246171875,1.6500961954553262,25.391953125,9.867515136028846,41.15573633148418,0,,,0.4497212518177798,Advisory
331850,6588.0,6098.846942,RUS,Russia,Sakha,0.752177909,0.0,0.65,0.49,6588.0,,,,,,,,,,,,,,,,,,,,,,,,,18.58976469891784,15.043558180000002,0.0,,54.875,0.9,42.812,0.702,72.812,1.194,94.375,1.547,0.42812,0.702,1.09218,1.791,2.359375,3.8675,10.240175,64.265625,1.0537340190506097,173.671875,2.847618191526264,0.963984375,1.580601028575915,6.078515625,9.966663670341925,18.58976469891784,3632,,,0.0643148816965736,Information
331865,6593.0,2944.508286,RUS,Russia,Sakha,4.03617962,0.0,0.65,0.49,6593.0,,,,,,,,,,,,,,,,,,,,,,,,,10.039713909131514,80.7235924,0.0,,2.438,0.083,1.125,0.038,0.438,0.015,3.75,0.127,0.01125,0.038,0.00657,0.0225,0.09375,0.3175,0.48957,10.828125,0.3677396681053735,60.609375,2.058386973420987,0.162421875,0.5516095021580603,2.121328125,7.204354406973454,10.039713909131514,0,,,0.2570930831097249,Information
331866,6594.0,14069.60147,RUS,Russia,Sakha,1.946598618,0.0,0.65,0.49,6594.0,,,,,,,,,,,,,,,,,,,,,,,,,11.078456927454486,38.93197236,0.0,,26.062,0.185,10.312,0.073,10.125,0.072,26.25,0.187,0.1031199999999999,0.073,0.151875,0.1079999999999999,0.65625,0.4675,1.5597450000000002,28.125,0.1998990522238647,172.96875,1.2293791711767683,0.421875,0.299848578335797,6.05390625,4.302827099118689,11.078456927454486,0,,,0.0439123231237296,Information
331870,6598.0,11996.90704,RUS,Russia,Sakha,4.009525692,0.0,0.65,0.49,6598.0,,,,,,,,,,,,,,,,,,,,,,,,,18.991404989264502,80.19051384000001,0.0,,13.562,0.113,8.625,0.072,7.375,0.061,27.188,0.227,0.08625,0.072,0.110625,0.0915,0.6797,0.5675,1.6075749999999998,74.953125,0.6247704076305721,263.8125,2.199004286519612,1.124296875,0.937155611445858,9.2334375,7.696515002818642,18.991404989264502,0,,,0.4831798294876082,Advisory
331880,6599.0,11863.83216,RUS,Russia,Sakha,3.160838071,0.0,0.65,0.49,6599.0,,,,,,,,,,,,,,,,,,,,,,,,,4.088209980422611,63.216761420000005,0.0,,6.125,0.052,1.312,0.011,7.312,0.062,0.562,0.005,0.01312,0.011,0.10968,0.093,0.01405,0.0125,0.25335,10.40625,0.0877140696046105,58.921875,0.4966512860044842,0.15609375,0.1315711044069157,2.062265625,1.7382795010156948,4.088209980422611,23,,,0.0140125425414052,Information
341000,6605.0,23566.02668,RUS,Russia,Sakha,1.365383392,0.0,0.65,0.49,6605.0,,,,,,,,,,,,,,,,,,,,,,,,,70.98546500961837,27.30766784,0.0,3.0,253.375,1.075,108.062,0.459,100.75,0.428,934.625,3.966,1.08062,0.459,1.51125,0.642,23.365625,9.915,36.973495,46.125,0.1957266730789056,15344.71875,65.11372900312202,0.691875,0.2935900096183584,35.0,35.0,70.98546500961837,135,29.0,21.48,0.4905217166185603,Watch
342111,6606.0,12403.5965,RUS,Russia,Sakha,2.724767379,0.0,0.65,0.49,6606.0,6606.0,0.0,1.0,-9999.0,-9999.0,-9999.0,0.0,10.0,-999.9,-999.9,-999.9,-5979.4,0.0,0.0,0.0,0.0,0.0,0.0,0.0,0.0,0.0,0.0,0.0,-5979.4,70.16382959685325,54.49534758,0.0,3.0,0.0,0.0,0.0,0.0,0.0,0.0,19.625,0.158,0.0,0.0,0.0,0.0,0.490625,0.395,0.885625,6.046875,0.0487509812355033,5655.234375,45.59350489269222,0.090703125,0.0731264718532549,35.0,35.0,70.16382959685325,498,63.0,12.65,0.667499283702099,Watch
342114,6609.0,7887.954925,RUS,Russia,Sakha,3.441907186,0.0,0.65,0.49,6609.0,,,,,,,,,,,,,,,,,,,,,,,,,15.511449146738393,68.83814372,0.0,,1.75,0.022,1.438,0.018,3.688,0.047,9.875,0.125,0.0143799999999999,0.018,0.05532,0.0705,0.246875,0.3125,0.7175750000000001,39.9375,0.5063099419559424,178.3125,2.2605669239441366,0.5990625,0.7594649129339135,6.2409375,7.911984233804478,15.511449146738393,0,,,0.242708565686624,Information
342115,6610.0,8789.19089,RUS,Russia,Sakha,2.683129031,0.0,0.65,0.49,6610.0,6610.0,0.0,1.0,-9999.0,-9999.0,-9999.0,0.0,10.0,-999.9,-999.9,-999.9,-5979.4,0.0,0.0,0.0,0.0,0.0,0.0,0.0,0.0,0.0,0.0,0.0,-5979.4,50.13484146876823,53.66258062,0.0,,143.25,1.63,111.312,1.266,181.688,2.067,228.812,2.603,1.11312,1.266,2.72532,3.1005000000000003,5.7203,6.5075,20.432740000000003,232.59375,2.64636134207847,570.375,6.489505201614435,3.48890625,3.969542013117705,19.963125,22.71326820565052,50.13484146876823,70,,,0.5313907756050655,Advisory
342116,6611.0,5817.222646,RUS,Russia,Sakha,3.656228984,0.0,0.65,0.49,6611.0,,,,,,,,,,,,,,,,,,,,,,,,,55.17513549089253,73.12457968000001,0.0,3.0,40.812,0.702,28.625,0.492,46.312,0.796,100.938,1.735,0.28625,0.492,0.6946799999999999,1.194,2.52345,4.3375,9.52788,179.4375,3.084590549991605,502.875,8.644589190258605,2.6915625,4.626885824987408,17.600625,30.25606216590512,55.17513549089253,0,0.0,0.0,0.7640220387942753,Watch
342117,6612.0,4203.991791,RUS,Russia,Sakha,1.489570411,0.0,0.65,0.49,6612.0,,,,,,,,,,,,,,,,,,,,,,,,,83.07880182473016,29.79140822,0.0,3.0,277.375,6.598,255.375,6.075,317.938,7.563,350.062,8.327,2.55375,6.075,4.76907,11.3445,8.75155,20.8175,54.31137,414.140625,9.851128299820108,774.0,18.41107306017313,6.212109375,14.77669244973016,27.09,35.0,83.07880182473016,0,0.0,0.0,0.5668337904990804,Warning
342118,6613.0,12035.67188,RUS,Russia,Sakha,2.886116014,0.0,0.65,0.49,6613.0,,,,,,,,,,,,,,,,,,,,,,,,,73.40264102255713,57.722320280000005,0.0,3.0,27.812,0.231,24.625,0.205,33.125,0.275,54.375,0.452,0.24625,0.205,0.496875,0.4125,1.359375,1.13,3.85,304.03125,2.526084567428007,1033.453125,8.586584406118604,4.56046875,3.78912685114201,35.0,30.05304542141512,73.40264102255713,0,0.0,0.0,0.709423262790484,Watch
342119,6614.0,811.0735976,RUS,Russia,Sakha,0.890333042,0.0,0.65,0.49,6614.0,6614.0,0.0,1.0,-9999.0,-9999.0,-9999.0,0.0,10.0,-999.9,-999.9,-999.9,-5979.4,0.0,0.0,0.0,0.0,0.0,0.0,0.0,0.0,0.0,0.0,0.0,-5979.4,60.43859375,17.80666084,0.0,3.0,30.625,3.776,30.125,3.714,44.5,5.487,44.812,5.525,0.30125,3.714,0.6675,8.2305,1.1203,13.8125,27.84605,108.5625,13.385036859444735,251.71875,31.035253858038963,1.6284375,15.0,8.81015625,35.0,60.43859375,0,0.0,0.0,0.3792518089194451,Watch
342120,6615.0,27865.8141,RUS,Russia,Sakha,1.84634177,0.0,0.65,0.49,6615.0,,,,,,,,,,,,,,,,,,,,,,,,,53.35891571152721,36.9268354,0.0,,36.062,0.129,32.5,0.117,70.375,0.253,81.875,0.294,0.325,0.117,1.055625,0.3795,2.046875,0.735,4.659,265.78125,0.9537896471948748,1030.359375,3.6975749973528296,3.98671875,1.430684470792312,35.0,12.941512490734905,53.35891571152721,9,,,0.4335849748221244,Advisory
342130,6616.0,23674.80726,RUS,Russia,Sakha,3.184604167,0.0,0.65,0.49,6616.0,,,,,,,,,,,,,,,,,,,,,,,,,83.41946416767239,63.69208334,0.0,3.0,186.125,0.786,172.438,0.728,260.5,1.1,298.312,1.26,1.7243799999999998,0.728,3.9075,1.65,7.4578,3.15,18.61768,793.96875,3.353643986157848,2129.34375,8.994133410981604,11.90953125,5.030465979236772,35.0,31.47946693843561,83.41946416767239,53,0.0,0.0,0.7972520222653228,Warning
342140,6617.0,16393.49001,RUS,Russia,Sakha,1.552161282,0.0,0.65,0.49,6617.0,,,,,,,,,,,,,,,,,,,,,,,,,54.03292442111509,31.04322564,0.0,,73.062,0.446,57.188,0.349,58.812,0.359,93.562,0.571,0.57188,0.349,0.8821799999999999,0.5385,2.33905,1.4274999999999998,6.10811,310.640625,1.894902335457804,825.75,5.03706044083668,4.659609375,2.842353503186706,28.90125,17.62971154292838,54.03292442111509,0,,,0.4036594486620442,Advisory
342150,6618.0,9374.644934,RUS,Russia,Sakha,2.682021188,0.0,0.65,0.49,6618.0,,,,,,,,,,,,,,,,,,,,,,,,,24.665825918995377,53.64042376,0.0,,37.375,0.399,33.188,0.354,38.125,0.407,50.688,0.541,0.33188,0.354,0.571875,0.6104999999999999,1.2672,1.3525,4.487955,101.671875,1.0845410755489169,297.421875,3.1726201587634293,1.525078125,1.6268116133233752,10.409765625,11.104170555672004,24.665825918995377,0,,,0.2640172681657975,Information
342160,6619.0,26995.66966,RUS,Russia,Sakha,3.180729755,0.0,0.65,0.49,6619.0,,,,,,,,,,,,,,,,,,,,,,,,,19.49040223594888,63.6145951,0.0,,28.375,0.105,11.438,0.042,23.812,0.088,35.188,0.13,0.11438,0.042,0.35718,0.132,0.8797,0.325,1.85026,98.296875,0.3641208987791827,364.21875,1.349174717937172,1.474453125,0.5461813481687741,12.74765625,4.722111512780102,19.49040223594888,0,,,0.2662331590667092,Information
342172,6621.0,8176.32855,RUS,Russia,Sakha,2.91259246,0.0,0.65,0.49,6621.0,,,,,,,,,,,,,,,,,,,,,,,,,13.465908260992167,58.2518492,0.0,,6.312,0.077,6.188,0.076,7.688,0.094,11.5,0.141,0.06188,0.076,0.11532,0.141,0.2875,0.3525,1.0342,36.984375,0.4523347462602299,157.21875,1.922852647600521,0.554765625,0.6785021193903449,5.50265625,6.729984266601823,13.465908260992167,0,,,0.12892361776076,Information
342173,6622.0,603.3462153,RUS,Russia,Sakha,0.772147146,0.0,0.65,0.49,6622.0,,,,,,,,,,,,,,,,,,,,,,,,,59.045,15.44294292,0.0,,50.5,8.37,46.562,7.717,49.125,8.142,58.25,9.654,0.46562,7.717,0.736875,12.213,1.45625,24.135,46.723745,101.953125,16.897947216602294,214.734375,35.59057296517476,1.529296875,15.0,7.515703125,35.0,59.045,0,,,0.3597501642461679,Advisory
342174,6623.0,8303.72724,RUS,Russia,Sakha,2.132077503,0.0,0.65,0.49,6623.0,,,,,,,,,,,,,,,,,,,,,,,,,42.50399974534639,42.64155006,0.0,,25.562,0.308,25.125,0.303,27.5,0.331,43.0,0.518,0.25125,0.303,0.4125,0.4965,1.075,1.295,3.83325,159.046875,1.9153672850048693,482.765625,5.813842519382597,2.385703125,2.873050927507304,16.896796875,20.34844881783909,42.50399974534639,0,,,0.3821946120839111,Advisory
342176,6625.0,13635.29489,RUS,Russia,Sakha,1.284849442,0.0,0.65,0.49,6625.0,,,,,,,,,,,,,,,,,,,,,,,,,39.137797814964046,25.696988840000003,0.0,,61.375,0.45,22.125,0.162,24.312,0.178,41.812,0.307,0.22125,0.162,0.36468,0.267,1.0453,0.7675,2.8277300000000003,183.234375,1.3438240721785095,566.578125,4.155231916198936,2.748515625,2.015736108267764,19.830234375,14.543311706696276,39.137797814964046,57,,,0.2607409469386342,Advisory
342177,6626.0,15861.54464,RUS,Russia,Sakha,1.556278231,0.0,0.65,0.49,6626.0,,,,,,,,,,,,,,,,,,,,,,,,,86.03718698037466,31.12556462,0.0,3.0,235.188,1.483,205.0,1.292,253.25,1.597,311.5,1.964,2.05,1.292,3.79875,2.3955,7.7875,4.91,22.23375,655.734375,4.134114236916439,1728.5625,10.897819472480563,9.836015625,6.201171355374658,35.0,35.0,86.03718698037466,3271,1248.0,38.15,0.5880355383376337,Warning
342178,6627.0,12120.37259,RUS,Russia,Sakha,1.932102926,0.0,0.65,0.49,6627.0,,,,,,,,,,,,,,,,,,,,,,,,,24.09289304808312,38.64205852,0.0,,16.688,0.138,8.812,0.073,7.0,0.058,14.688,0.121,0.0881199999999999,0.073,0.105,0.087,0.3671999999999999,0.3025,1.0228199999999998,80.4375,0.6636553407194187,342.703125,2.8274966177154246,1.2065625,0.995483011079128,11.994609375,9.896238162003986,24.09289304808312,0,,,0.1749437039026444,Information
342179,6628.0,13881.25267,RUS,Russia,Sakha,1.146110536,0.0,0.65,0.49,6628.0,,,,,,,,,,,,,,,,,,,,,,,,,86.8819241512206,22.92221072,0.0,3.0,342.5,2.467,283.25,2.041,398.688,2.872,562.125,4.05,2.8325,2.041,5.980319999999999,4.308,14.053125,10.125,39.339945,654.1875,4.712741100813736,1962.140625,14.135184131481957,9.8128125,7.069111651220604,35.0,35.0,86.8819241512206,550,0.0,0.0,0.5476534000725507,Warning
342180,6629.0,20053.4243,RUS,Russia,Sakha,1.384752156,0.0,0.65,0.49,6629.0,,,,,,,,,,,,,,,,,,,,,,,,,59.45166608633667,27.69504312,0.0,,100.75,0.502,91.812,0.458,146.188,0.729,178.312,0.889,0.91812,0.458,2.19282,1.0935,4.457800000000001,2.2225,11.34274,291.234375,1.4522924894524345,1025.859375,5.115631922045151,4.368515625,2.178438734178652,35.0,17.904711727158027,59.45166608633667,0,,,0.4224111271000871,Advisory
342193,6632.0,2423.972913,RUS,Russia,Sakha,0.225244825,0.0,0.65,0.49,6632.0,,,,,,,,,,,,,,,,,,,,,,,,,60.06004268468831,4.5048965,0.0,3.0,59.062,2.437,57.875,2.388,90.312,3.726,96.75,3.991,0.57875,2.388,1.35468,5.589,2.41875,9.9775,22.30668,109.828125,4.530913873125536,474.75,19.58561489842741,1.647421875,6.796370809688304,16.61625,35.0,60.06004268468831,0,0.0,0.0,0.3214205284526131,Watch
342194,6633.0,8779.303672,RUS,Russia,Sakha,1.069786036,0.0,0.65,0.49,6633.0,,,,,,,,,,,,,,,,,,,,,,,,,47.16889514616132,21.39572072,0.0,,24.562,0.28,23.875,0.272,40.75,0.464,51.375,0.585,0.23875,0.272,0.61125,0.6960000000000001,1.284375,1.4625,4.564875000000001,141.1875,1.608185629216629,569.53125,6.48720298638182,2.1178125,2.412278443824944,19.93359375,22.70521045233637,47.16889514616132,0,,,0.3047835581689725,Advisory
342196,6635.0,1006.517392,RUS,Russia,Sakha,1.015592932,0.0,0.65,0.49,6635.0,,,,,,,,,,,,,,,,,,,,,,,,,10.22616559666734,20.31185864,0.0,,5.875,0.584,5.875,0.584,6.0,0.596,7.688,0.764,0.05875,0.584,0.09,0.8939999999999999,0.1921999999999999,1.91,3.72895,6.890625,0.6846006887018041,23.765625,2.3611738038898955,0.103359375,1.0269010330527062,0.831796875,8.264108313614635,10.22616559666734,0,,,0.0200279934312324,Information
342198,6637.0,10176.52815,RUS,Russia,Sakha,3.689184871,0.0,0.65,0.49,6637.0,,,,,,,,,,,,,,,,,,,,,,,,,6.407068383223471,73.78369742000001,0.0,,32.938,0.324,10.312,0.101,9.75,0.096,6.812,0.067,0.1031199999999999,0.101,0.14625,0.144,0.1703,0.1675,0.83217,16.59375,0.1630590488339293,85.21875,0.8374049457064505,0.24890625,0.2445885732508939,2.98265625,2.930917309972577,6.407068383223471,743,,,0.0794205946643724,Information
342199,6638.0,859.6996093,RUS,Russia,Sakha,1.705415113,0.0,0.65,0.49,6638.0,,,,,,,,,,,,,,,,,,,,,,,,,50.46557394786901,34.10830226,0.0,,41.125,4.784,37.625,4.377,43.562,5.067,64.188,7.466,0.37625,4.377,0.6534299999999998,7.6005,1.6047,18.665,33.27688,45.28125,5.267101381912672,196.734375,22.884083333216857,0.67921875,7.900652072869009,6.885703125,35.0,50.46557394786901,0,,,0.3948419722513225,Advisory
342210,6639.0,23796.27258,RUS,Russia,Sakha,2.014974734,0.0,0.65,0.49,6639.0,6639.0,0.0,1.0,-9999.0,-9999.0,-9999.0,0.0,10.0,-999.9,-999.9,-999.9,-5979.4,0.0,0.0,0.0,0.0,0.0,0.0,0.0,0.0,0.0,0.0,0.0,-5979.4,80.37627104235455,40.29949468,0.0,3.0,256.625,1.078,226.562,0.952,396.562,1.666,451.812,1.899,2.26562,0.952,5.948430000000001,2.499,11.2953,4.7475000000000005,27.70785,601.03125,2.525736953266319,2214.5625,9.306341960701449,9.01546875,3.7886054298994782,35.0,32.57219686245507,80.37627104235455,22639,218.0,0.96,0.6169112263706205,Warning
342221,6640.0,2277.189468,RUS,Russia,Sakha,0.580055976,0.0,0.65,0.49,6640.0,,,,,,,,,,,,,,,,,,,,,,,,,47.23180163165621,11.60111952,0.0,,3.5,0.154,2.312,0.102,9.438,0.414,17.938,0.788,0.0231199999999999,0.102,0.14157,0.621,0.44845,1.97,3.30614,50.34375,2.2107844211041354,233.15625,10.238772542432002,0.75515625,3.316176631656204,8.16046875,35.0,47.23180163165621,786,,,0.2653978346773747,Advisory
342222,6641.0,6101.046746,RUS,Russia,Sakha,3.704947804,0.0,0.65,0.49,6641.0,,,,,,,,,,,,,,,,,,,,,,,,,63.21764985672277,74.09895608000001,0.0,3.0,42.75,0.701,36.5,0.598,89.25,1.463,93.688,1.536,0.365,0.598,1.33875,2.1945,2.3422,3.84,10.67845,139.640625,2.288797821148516,648.28125,10.625738122351116,2.094609375,3.433196731722774,22.68984375,35.0,63.21764985672277,640,5.0,0.78,0.8138839920881143,Warning
342223,6642.0,5526.680667,RUS,Russia,Sakha,2.174241626,0.0,0.65,0.49,6642.0,,,,,,,,,,,,,,,,,,,,,,,,,92.4243142897148,43.484832520000005,0.0,3.0,144.125,2.608,124.75,2.257,202.812,3.67,309.625,5.602,1.2475,2.257,3.04218,5.505,7.740625,14.005,33.797305,532.125,9.62829285980986,1223.859375,22.14456468259123,7.981875,14.442439289714793,35.0,35.0,92.4243142897148,2723,183.0,6.72,0.6885982761737739,Warning
342224,6643.0,3916.369912,RUS,Russia,Sakha,2.269590485,0.0,0.65,0.49,6643.0,,,,,,,,,,,,,,,,,,,,,,,,,36.615133460136335,45.3918097,0.0,,4.875,0.124,3.125,0.08,13.312,0.34,20.875,0.533,0.03125,0.08,0.19968,0.51,0.521875,1.3325,2.675305,63.84375,1.630176705513735,267.046875,6.818734721961637,0.95765625,2.4452650582706026,9.346640625,23.86557152686573,36.615133460136335,3,,,0.3446805549578233,Advisory
342225,6644.0,11877.71932,RUS,Russia,Sakha,1.294739566,0.0,0.65,0.49,6644.0,,,,,,,,,,,,,,,,,,,,,,,,,36.50353934618775,25.894791320000003,0.0,,6.938,0.058,1.188,0.01,35.375,0.298,50.875,0.428,0.01188,0.01,0.530625,0.4469999999999999,1.271875,1.07,3.34138,134.71875,1.1342139541721328,508.5,4.281124904265587,2.02078125,1.7013209312581992,17.7975,14.983937164929554,36.50353934618775,4,,,0.2394488456443603,Advisory
342228,6647.0,3746.020829,RUS,Russia,Sakha,2.501780312,0.0,0.65,0.49,6647.0,,,,,,,,,,,,,,,,,,,,,,,,,1.8525237898325893,50.03560624000001,0.0,,0.0,0.0,0.0,0.0,0.625,0.017,2.875,0.077,0.0,0.0,0.009375,0.0255,0.071875,0.1925,0.29925,1.828125,0.0488017841722107,13.640625,0.3641363895926495,0.027421875,0.073202676258316,0.477421875,1.2744773635742732,1.8525237898325893,60,,,0.000492525863254,Information
342231,6649.0,859.7797216,RUS,Russia,Sakha,0.681364608,0.0,0.65,0.49,6649.0,,,,,,,,,,,,,,,,,,,,,,,,,44.274818991302055,13.62729216,0.0,,13.188,1.534,12.938,1.505,16.438,1.912,25.875,3.009,0.12938,1.505,0.2465699999999999,2.868,0.646875,7.5225,12.918325,27.703125,3.222118910868038,115.03125,13.379153650203326,0.415546875,4.833178366302057,4.02609375,35.0,44.274818991302055,500,,,0.2519852092668987,Advisory
342232,6650.0,7113.504464,RUS,Russia,Sakha,1.459210987,0.0,0.65,0.49,6650.0,,,,,,,,,,,,,,,,,,,,,,,,,9.42538267119207,29.184219740000003,0.0,,56.625,0.796,9.188,0.129,20.875,0.293,13.688,0.192,0.09188,0.129,0.313125,0.4395,0.3422,0.48,1.795705,17.71875,0.2490860881443649,104.34375,1.4668402968501493,0.26578125,0.3736291322165473,3.65203125,5.1339410389755225,9.42538267119207,176,,,0.0218646927589527,Information
342233,6651.0,2876.871301,RUS,Russia,Sakha,2.261762871,0.0,0.65,0.49,6651.0,,,,,,,,,,,,,,,,,,,,,,,,,48.80543364252489,45.23525742,0.0,,16.812,0.584,13.625,0.474,22.062,0.767,35.875,1.247,0.13625,0.474,0.33093,1.1505,0.896875,3.1175,6.1060550000000005,43.171875,1.5006536783499282,311.625,10.83207997141186,0.647578125,2.2509805175248925,10.906875,35.0,48.80543364252489,1696,,,0.4541413370317244,Advisory
342234,6652.0,3098.243717,RUS,Russia,Sakha,2.053593457,0.0,0.65,0.49,6652.0,,,,,,,,,,,,,,,,,,,,,,,,,27.959860711019275,41.07186914,0.0,,75.625,2.441,16.438,0.531,25.75,0.831,27.062,0.873,0.16438,0.531,0.38625,1.2465,0.67655,2.1825,5.18718,44.859375,1.4478969084765358,169.734375,5.478406170944135,0.672890625,2.171845362714804,5.940703125,19.17442159830448,27.959860711019275,4455,,,0.2279700577118861,Information
342235,6653.0,3267.610606,RUS,Russia,Sakha,2.17928312,0.0,0.65,0.49,6653.0,,,,,,,,,,,,,,,,,,,,,,,,,45.65313258541976,43.5856624,0.0,,74.562,2.282,27.25,0.834,63.125,1.932,64.062,1.961,0.2725,0.834,0.946875,2.898,1.60155,4.9025,11.455425,62.15625,1.9021926876374875,294.609375,9.016049051132436,0.93234375,2.853289031456231,10.311328125,31.556171678963526,45.65313258541976,13554,,,0.4161896152724492,Advisory
342236,6654.0,16033.40018,RUS,Russia,Sakha,2.787663494,0.0,0.65,0.49,6654.0,,,,,,,,,,,,,,,,,,,,,,,,,43.22449044723888,55.75326988,0.0,,18.062,0.113,4.5,0.028,44.75,0.279,62.25,0.388,0.045,0.028,0.67125,0.4185,1.55625,0.97,3.689,171.84375,1.0717860718298993,686.953125,4.284513061284008,2.57765625,1.607679107744849,24.043359375,14.995795714494026,43.22449044723888,2004,,,0.4906758804303923,Advisory
342237,6655.0,41.43841756,RUS,Russia,Sakha,0.917593943,0.0,0.65,0.49,6655.0,,,,,,,,,,,,,,,,,,,,,,,,,47.15507304509983,18.35187886,0.0,,1.0,2.413,0.5,1.207,2.562,6.184,2.812,6.787,0.005,1.207,0.03843,9.276,0.0702999999999999,16.9675,27.56423,3.234375,7.805257030066551,11.390625,27.48807910588655,0.048515625,11.707885545099828,0.398671875,35.0,47.15507304509983,5,,,0.291510544615673,Advisory
342238,6656.0,6937.251428,RUS,Russia,Sakha,1.305683092,0.0,0.65,0.49,6656.0,,,,,,,,,,,,,,,,,,,,,,,,,8.99365943057889,26.11366184,0.0,,99.5,1.434,15.938,0.23,17.5,0.252,2.25,0.032,0.15938,0.23,0.2625,0.378,0.05625,0.08,1.16613,12.9375,0.1864931685868517,99.703125,1.4372136579138897,0.1940625,0.2797397528802775,3.489609375,5.0302478026986135,8.99365943057889,77,,,0.0176018234984245,Information
342239,6657.0,1050.145563,RUS,Russia,Sakha,2.42194315,0.0,0.65,0.49,6657.0,,,,,,,,,,,,,,,,,,,,,,,,,49.97518371087744,48.438863000000005,0.0,,32.875,3.131,14.062,1.339,44.25,4.214,50.688,4.827,0.14062,1.339,0.66375,6.321000000000001,1.2672,12.0675,21.79907,59.484375,5.664393307251625,159.609375,15.198785824422206,0.892265625,8.496589960877436,5.586328125,35.0,49.97518371087744,786,,,0.4875384027888817,Advisory
342241,6658.0,2654.018742,RUS,Russia,Sakha,3.237869097,0.0,0.65,0.49,6658.0,,,,,,,,,,,,,,,,,,,,,,,,,43.17903087972986,64.75738194,0.0,,18.0,0.678,2.625,0.099,26.438,0.996,30.25,1.14,0.02625,0.099,0.39657,1.494,0.75625,2.85,5.622069999999999,55.125,2.07703883615747,235.125,8.859206464426759,0.826875,3.1155582542362046,8.229375,31.00722262549365,43.17903087972986,3885,,,0.5804711305501657,Advisory
342242,6659.0,4866.932678,RUS,Russia,Sakha,2.304920526,0.0,0.65,0.49,6659.0,,,,,,,,,,,,,,,,,,,,,,,,,6.563748402465708,46.09841052,0.0,,31.125,0.64,0.125,0.003,6.125,0.126,7.875,0.162,0.00125,0.003,0.091875,0.189,0.196875,0.405,0.887,4.78125,0.0982394932485825,59.34375,1.219325475026524,0.07171875,0.1473592398728737,2.07703125,4.267639162592834,6.563748402465708,934,,,0.0176196378660015,Information
342243,6660.0,18869.12824,RUS,Russia,Sakha,2.037883328,0.0,0.65,0.49,6660.0,,,,,,,,,,,,,,,,,,,,,,,,,28.941103408874625,40.75766656,0.0,,86.25,0.457,17.25,0.091,54.938,0.291,74.688,0.396,0.1725,0.091,0.8240700000000001,0.4365,1.8672,0.99,4.38127,100.828125,0.5343549722921688,497.25,2.635256878696107,1.512421875,0.8015324584382532,17.40375,9.223399075436374,28.941103408874625,3662,,,0.2368803673803418,Information
342245,6662.0,2289.080928,RUS,Russia,Sakha,2.947484119,0.0,0.65,0.49,6662.0,,,,,,,,,,,,,,,,,,,,,,,,,11.954704907186883,58.94968238,0.0,,0.5,0.022,0.125,0.005,2.375,0.104,5.5,0.24,0.00125,0.005,0.035625,0.156,0.1375,0.6,0.935375,1.125,0.049146362019258,63.140625,2.758339568330856,0.016875,0.073719543028887,2.209921875,9.654188489157995,11.954704907186883,0,,,0.1086622670910605,Information
342246,6663.0,30081.16102,RUS,Russia,Sakha,2.46505997,0.0,0.65,0.49,6663.0,,,,,,,,,,,,,,,,,,,,,,,,,14.853099568928643,49.3011994,0.0,,73.5,0.244,29.0,0.096,24.375,0.081,11.0,0.037,0.29,0.096,0.365625,0.1215,0.275,0.0925,1.240625,69.1875,0.2300027580311457,288.84375,0.9602147662519784,1.0378125,0.3450041370467185,10.10953125,3.3607516818819247,14.853099568928643,21808,,,0.1097809889926388,Information
342248,6665.0,3852.916455,RUS,Russia,Sakha,3.504047851,0.0,0.65,0.49,6665.0,,,,,,,,,,,,,,,,,,,,,,,,,1.4510957001825144,70.08095702,0.0,,0.312,0.008,0.188,0.005,1.562,0.041,3.0,0.078,0.00188,0.005,0.02343,0.0615,0.075,0.195,0.36181,0.0,0.0,11.53125,0.2992862714807184,0.0,0.0,0.40359375,1.0475019501825145,1.4510957001825144,0,,,0.0012383394887339,Information
342249,6666.0,24610.72337,RUS,Russia,Sakha,2.833259751,0.0,0.65,0.49,6666.0,,,,,,,,,,,,,,,,,,,,,,,,,6.628084805849417,56.66519502,0.0,,135.5,0.551,40.062,0.163,139.25,0.566,45.188,0.184,0.40062,0.163,2.08875,0.849,1.1297,0.4599999999999999,5.09107,12.65625,0.0514257537748612,129.234375,0.52511408576775,0.18984375,0.0771386306622918,4.523203125,1.8378993001871249,6.628084805849417,166,,,0.0302151993297325,Information
342251,6667.0,11526.77699,RUS,Russia,Sakha,3.08953697,0.0,0.65,0.49,6667.0,,,,,,,,,,,,,,,,,,,,,,,,,26.32538396815841,61.79073940000001,0.0,,48.5,0.421,6.125,0.053,56.25,0.488,48.25,0.419,0.06125,0.053,0.84375,0.732,1.20625,1.0475,3.94375,82.6875,0.7173514338863871,367.3125,3.186601947808237,1.2403125,1.076027150829581,12.8559375,11.15310681732883,26.32538396815841,16376,,,0.354743829940449,Advisory
342252,6668.0,11695.21772,RUS,Russia,Sakha,2.385395622,0.0,0.65,0.49,6668.0,,,,,,,,,,,,,,,,,,,,,,,,,4.25473188830494,47.70791244,0.0,,20.812,0.178,1.438,0.012,19.812,0.169,7.75,0.066,0.0143799999999999,0.012,0.29718,0.2535,0.19375,0.165,0.93581,8.859375,0.0757521169302337,61.734375,0.52785998940274,0.132890625,0.1136281753953505,2.160703125,1.84750996290959,4.25473188830494,0,,,0.006056874202211,Information
342253,6669.0,11548.93293,RUS,Russia,Sakha,2.735988447,0.0,0.65,0.49,6669.0,,,,,,,,,,,,,,,,,,,,,,,,,27.461684670940823,54.71976894,0.0,,20.312,0.176,7.688,0.067,28.375,0.246,29.375,0.254,0.07688,0.067,0.425625,0.369,0.734375,0.635,2.30788,37.828125,0.3275464947432717,404.296875,3.5007292653788338,0.567421875,0.4913197421149075,14.150390625,12.252552428825918,27.461684670940823,19012,,,0.3085098006292657,Information
342254,6670.0,6135.82341,RUS,Russia,Sakha,0.933896606,0.0,0.65,0.49,6670.0,,,,,,,,,,,,,,,,,,,,,,,,,1.9932858368668456,18.67793212,0.0,,22.188,0.362,0.875,0.014,4.312,0.07,0.75,0.012,0.00875,0.014,0.06468,0.105,0.01875,0.03,0.24118,1.96875,0.0320861581004375,20.8125,0.3391965284903398,0.02953125,0.0481292371506562,0.7284375,1.1871878497161894,1.9932858368668456,105,,,0.0001041906130997,Information
342255,6671.0,318.4518436,RUS,Russia,Sakha,3.490302448,0.0,0.65,0.49,6671.0,,,,,,,,,,,,,,,,,,,,,,,,,27.7036434309282,69.80604896,0.0,,1.188,0.373,0.688,0.216,1.562,0.491,2.938,0.922,0.00688,0.216,0.02343,0.7364999999999999,0.07345,2.305,3.36126,0.5625,0.1766358120455802,24.1875,7.595339917959951,0.0084375,0.2649537180683703,0.8465625,26.58368971285983,27.7036434309282,92,,,0.4657023367336308,Advisory
342256,6672.0,8069.516934,RUS,Russia,Sakha,1.459292253,0.0,0.65,0.49,6672.0,,,,,,,,,,,,,,,,,,,,,,,,,2.4215189963624724,29.18584506,0.0,,101.875,1.262,25.312,0.314,7.188,0.089,1.125,0.014,0.25312,0.314,0.10782,0.1335,0.028125,0.035,0.871565,0.5625,0.0069706774843301,30.65625,0.3799019228959935,0.0084375,0.0104560162264951,1.07296875,1.3296567301359772,2.4215189963624724,8,,,0.0003681891069808,Information
342257,6673.0,25622.67369,RUS,Russia,Sakha,2.165350476,0.0,0.65,0.49,6673.0,,,,,,,,,,,,,,,,,,,,,,,,,28.36528270848416,43.30700952,0.0,,261.75,1.022,80.25,0.313,61.938,0.242,73.312,0.286,0.8025,0.313,0.92907,0.363,1.8328,0.715,4.95537,100.828125,0.3935113337945442,539.71875,2.1064107379406702,1.512421875,0.5902670006918164,18.89015625,7.372437582792346,28.36528270848416,6123,,,0.2443165203165002,Information
342258,6674.0,10808.68655,RUS,Russia,Sakha,0.68931566,0.0,0.65,0.49,6674.0,,,,,,,,,,,,,,,,,,,,,,,,,3.133684582939904,13.7863132,0.0,,318.438,2.946,76.062,0.704,3.062,0.028,2.688,0.025,0.76062,0.704,0.04593,0.042,0.0672,0.0625,1.68225,8.4375,0.0780622138025004,42.890625,0.3968162534960439,0.1265625,0.1170933207037506,1.501171875,1.3888568872361535,3.133684582939904,23116,,,0.0004588398127921,Information
342259,6675.0,2464.736897,RUS,Russia,Sakha,3.717680469,0.0,0.65,0.49,6675.0,,,,,,,,,,,,,,,,,,,,,,,,,18.444264311553617,74.35360938,0.0,,99.688,4.045,51.25,2.079,8.75,0.355,13.312,0.54,0.5125,2.079,0.13125,0.5325,0.3328,1.35,4.9380500000000005,33.46875,1.3579035569306963,89.859375,3.645799886045021,0.50203125,2.0368553353960444,3.145078125,12.760299601157572,18.444264311553617,11898,,,0.3708324454800007,Advisory
342260,6676.0,16133.52715,RUS,Russia,Sakha,2.388554422,0.0,0.65,0.49,6676.0,,,,,,,,,,,,,,,,,,,,,,,,,1.61886,47.77108844,0.0,,266.688,1.653,95.938,0.595,1.312,0.008,0.812,0.005,0.95938,0.595,0.01968,0.012,0.0203,0.0125,1.61886,4.359375,0.0270205948091252,8.296875,0.0514262933463996,0.065390625,0.0405308922136878,0.290390625,0.1799920267123986,0.5763041689260864,14043,,,0.0002564626972783,Information
342270,6677.0,21743.01954,RUS,Russia,Sakha,3.486214268,0.0,0.65,0.49,6677.0,,,,,,,,,,,,,,,,,,,,,,,,,11.535859232252312,69.72428536,0.0,,549.25,2.526,199.562,0.918,36.875,0.17,50.812,0.234,1.99562,0.918,0.553125,0.255,1.2703,0.5850000000000001,5.577045,61.171875,0.28134029360736,199.546875,0.9177514405260776,0.917578125,0.42201044041104,6.984140625,3.2121300418412715,11.535859232252312,7706,,,0.1673010783839646,Information
342281,6678.0,475.9321489,RUS,Russia,Sakha,3.107593964,0.0,0.65,0.49,6678.0,,,,,,,,,,,,,,,,,,,,,,,,,1.7333976254991936,62.15187928,0.0,,1.625,0.341,1.312,0.276,0.5,0.105,0.688,0.144,0.01312,0.276,0.0075,0.1575,0.0171999999999999,0.36,0.8313200000000001,0.984375,0.2068309531873992,1.828125,0.3841146273480271,0.014765625,0.3102464297810988,0.063984375,1.3444011957180948,1.7333976254991936,0,,,0.001022912770205,Information
342282,6679.0,3540.088208,RUS,Russia,Sakha,2.025889732,0.0,0.65,0.49,6679.0,,,,,,,,,,,,,,,,,,,,,,,,,4.676700217917507,40.51779464,0.0,,38.188,1.079,19.75,0.558,8.75,0.247,10.938,0.309,0.1975,0.558,0.13125,0.3705,0.27345,0.7725,2.3032,7.03125,0.19861793231268,31.921875,0.9017254126995676,0.10546875,0.29792689846902,1.117265625,3.156038944448486,4.676700217917507,0,,,0.0054939339284578,Information
342283,6680.0,4932.484388,RUS,Russia,Sakha,3.446493366,0.0,0.65,0.49,6680.0,,,,,,,,,,,,,,,,,,,,,,,,,4.24447562448579,68.92986732,0.0,,116.875,2.369,68.25,1.384,13.625,0.276,11.812,0.239,0.6825,1.384,0.204375,0.414,0.2952999999999999,0.5974999999999999,3.577675,13.078125,0.2651427550924558,34.453125,0.6984943548134589,0.196171875,0.3977141326386836,1.205859375,2.444730241847106,4.24447562448579,0,,,0.0232608607811407,Information
342284,6681.0,2352.488712,RUS,Russia,Sakha,2.46178842,0.0,0.65,0.49,6681.0,,,,,,,,,,,,,,,,,,,,,,,,,1.495505,49.2357684,0.0,,54.375,2.311,20.688,0.879,2.5,0.106,1.625,0.069,0.2068799999999999,0.879,0.0375,0.159,0.040625,0.1725,1.495505,1.40625,0.0597771199773836,1.40625,0.0597771199773836,0.02109375,0.0896656799660754,0.04921875,0.2092199199208426,0.369198099886918,0,,,0.0002119588651929,Information
342285,6682.0,2169.971981,RUS,Russia,Sakha,3.183402263,0.0,0.65,0.49,6682.0,,,,,,,,,,,,,,,,,,,,,,,,,1.842425,63.66804526,0.0,,28.875,1.331,10.25,0.472,5.375,0.248,5.812,0.268,0.1025,0.472,0.080625,0.372,0.1453,0.67,1.842425,4.640625,0.2138564479415309,4.640625,0.2138564479415309,0.069609375,0.3207846719122963,0.162421875,0.7484975677953583,1.3013134897076546,0,,,0.0014336616170778,Information
342288,6685.0,10471.40359,RUS,Russia,Irkutsk,2.299508965,0.0,0.65,0.49,6685.0,,,,,,,,,,,,,,,,,,,,,,,,,0.73445,45.9901793,0.0,,60.875,0.581,33.938,0.324,2.438,0.023,0.0,0.0,0.33938,0.324,0.03657,0.0345,0.0,0.0,0.73445,2.671875,0.025515920356964,2.671875,0.025515920356964,0.040078125,0.038273880535446,0.093515625,0.089305721249374,0.26117335178482,39,,,8.625114118271308e-06,Information
342289,6686.0,11875.86461,RUS,Russia,Irkutsk,3.881882721,0.0,0.65,0.49,6686.0,,,,,,,,,,,,,,,,,,,,,,,,,1.383305,77.63765442,0.0,,112.062,0.944,46.0,0.387,17.062,0.144,1.375,0.012,0.46,0.387,0.25593,0.2159999999999999,0.034375,0.03,1.383305,5.90625,0.0497332210799024,6.609375,0.0556538426370337,0.08859375,0.0745998316198535,0.231328125,0.1947884492296179,0.5893101558494716,2341,,,0.0026937456946716,Information
342291,6687.0,5845.399401,RUS,Russia,Sakha,2.474774468,0.0,0.65,0.49,6687.0,,,,,,,,,,,,,,,,,,,,,,,,,10.57254897168235,49.49548936,0.0,,129.375,2.213,32.625,0.558,20.062,0.343,39.5,0.676,0.32625,0.558,0.30093,0.5145000000000001,0.9875,1.6900000000000002,4.37718,44.4375,0.7602132369034154,92.390625,1.5805699260934931,0.6665625,1.140319855355123,3.233671875,5.531994741327226,10.57254897168235,0,,,0.0589320690027508,Information
342292,6688.0,8352.668916,RUS,Russia,Irkutsk,3.806408202,0.0,0.65,0.49,6688.0,,,,,,,,,,,,,,,,,,,,,,,,,0.3831406074379753,76.12816404,0.0,,73.5,0.88,6.375,0.076,0.0,0.0,0.562,0.007,0.06375,0.076,0.0,0.0,0.01405,0.0175,0.1713,1.125,0.0134687488669661,4.5,0.0538749954678646,0.016875,0.0202031233004491,0.1575,0.1885624841375261,0.3831406074379753,9,,,1.7976906664829655e-05,Information
342293,6689.0,3966.2458,RUS,Russia,Sakha,4.00969902,0.0,0.65,0.49,6689.0,,,,,,,,,,,,,,,,,,,,,,,,,3.899537973890052,80.1939804,0.0,,43.625,1.1,11.5,0.29,5.812,0.147,16.25,0.41,0.115,0.29,0.08718,0.2204999999999999,0.40625,1.025,2.14393,22.640625,0.5708326246619662,21.9375,0.5531049033991722,0.339609375,0.8562489369929492,0.7678125,1.9358671618971024,3.899537973890052,45,,,0.0520676616366311,Information
342294,6690.0,7357.640949,RUS,Russia,Sakha,3.432256789,0.0,0.65,0.49,6690.0,,,,,,,,,,,,,,,,,,,,,,,,,2.39998,68.64513578,0.0,,85.75,1.165,46.875,0.637,6.062,0.082,18.312,0.249,0.46875,0.637,0.09093,0.123,0.4578,0.6225,2.39998,2.53125,0.0344030106613272,14.765625,0.2006842288577423,0.03796875,0.0516045159919908,0.516796875,0.702394801002098,1.3087649419940888,0,,,0.0050862614850666,Information
342295,6691.0,7701.498463,RUS,Russia,Sakha,3.070248971,0.0,0.65,0.49,6691.0,,,,,,,,,,,,,,,,,,,,,,,,,9.08246334859118,61.40497942,0.0,,318.062,4.13,106.312,1.38,52.062,0.676,48.375,0.628,1.06312,1.38,0.7809299999999999,1.014,1.209375,1.57,7.017425000000001,45.5625,0.5916056494461004,93.375,1.2124263926920082,0.6834375,0.8874084741691506,3.268125,4.243492374422029,9.08246334859118,0,,,0.07397958067252,Information
342296,6692.0,11398.84664,RUS,Russia,Sakha,3.108820196,0.0,0.65,0.49,6692.0,,,,,,,,,,,,,,,,,,,,,,,,,9.686929999999998,62.17640392,0.0,,992.438,8.706,226.625,1.988,86.312,0.757,64.0,0.561,2.26625,1.988,1.2946799999999998,1.1355,1.6,1.4025,9.686929999999998,7.171875,0.0629175497252877,17.296875,0.1517423258080469,0.107578125,0.0943763245879315,0.605390625,0.5310981403281642,1.3384432149160956,0,,,0.0865743941122781,Information
342297,6693.0,20195.37431,RUS,Russia,Sakha,1.572342811,0.0,0.65,0.49,6693.0,,,,,,,,,,,,,,,,,,,,,,,,,7.689430000000001,31.44685622,0.0,,594.625,2.944,132.375,0.655,166.312,0.824,53.0,0.262,1.32375,0.655,2.49468,1.236,1.325,0.655,7.689430000000001,16.03125,0.0793808015426962,112.78125,0.5584509020810735,0.24046875,0.1190712023140442,3.94734375,1.9545781572837573,6.2614618595978015,0,,,0.0143434494686152,Information
342298,6694.0,5677.058028,RUS,Russia,Krasnoyarsk,3.199566418,0.0,0.65,0.49,6694.0,,,,,,,,,,,,,,,,,,,,,,,,,16.129391474019446,63.99132836,0.0,,635.188,11.189,407.875,7.185,18.438,0.325,18.438,0.325,4.07875,7.185,0.27657,0.4875,0.4609499999999999,0.8125,13.30127,46.828125,0.8248660621099012,146.8125,2.5860665731013124,0.702421875,1.2372990931648518,5.1384375,9.051233005854591,16.129391474019446,170,,,0.2109536652249277,Information
342299,6695.0,5019.617342,RUS,Russia,Krasnoyarsk,1.528473291,0.0,0.65,0.49,6695.0,,,,,,,,,,,,,,,,,,,,,,,,,6.41051987742766,30.56946582,0.0,,85.938,1.712,34.25,0.682,16.188,0.322,10.875,0.217,0.3425,0.682,0.2428199999999999,0.483,0.271875,0.5425,2.5646950000000004,18.140625,0.3613945797920369,53.4375,1.0645731807827443,0.272109375,0.5420918696880553,1.8703125,3.726006132739605,6.41051987742766,0,,,0.0086004197232402,Information
342302,6697.0,13409.85876,RUS,Russia,Sakha,2.392096081,0.0,0.65,0.49,6697.0,,,,,,,,,,,,,,,,,,,,,,,,,74.4199139866688,47.84192162,0.0,3.0,118.625,0.885,115.188,0.859,119.312,0.89,179.188,1.336,1.15188,0.859,1.78968,1.335,4.479699999999999,3.3400000000000003,12.95526,391.21875,2.917396498567335,1117.828125,8.335867996805085,5.86828125,4.376094747851003,35.0,29.1755379888178,74.4199139866688,4256,255.0,5.99,0.6388716885157737,Watch
342303,6698.0,4709.889204,RUS,Russia,Sakha,2.284036163,0.0,0.65,0.49,6698.0,,,,,,,,,,,,,,,,,,,,,,,,,51.083224349656845,45.68072326,0.0,,31.5,0.669,26.312,0.559,32.312,0.686,60.5,1.285,0.26312,0.559,0.4846799999999999,1.029,1.5125,3.2125,7.0608,118.828125,2.522949476116416,416.390625,8.840773252994921,1.782421875,3.784424214174624,14.573671875,30.942706385482225,51.083224349656845,28,,,0.4755111615573282,Advisory
342304,6699.0,17030.94895,RUS,Russia,Sakha,2.298848534,0.0,0.65,0.49,6699.0,,,,,,,,,,,,,,,,,,,,,,,,,16.722905370999907,45.97697068000001,0.0,,9.75,0.057,6.75,0.04,6.5,0.038,13.625,0.08,0.0675,0.04,0.0975,0.0569999999999999,0.340625,0.2,0.8026249999999999,57.65625,0.3385380942088703,276.328125,1.6225057441961714,0.86484375,0.5078071413133055,9.671484375,5.6787701046866,16.722905370999907,2476,,,0.1204718929775336,Information
342305,6700.0,5451.138621,RUS,Russia,Sakha,1.322499126,0.0,0.65,0.49,6700.0,,,,,,,,,,,,,,,,,,,,,,,,,64.05493695121413,26.44998252,0.0,3.0,59.25,1.087,45.5,0.835,76.438,1.402,97.688,1.792,0.455,0.835,1.14657,2.103,2.4422,4.48,11.46177,207.703125,3.810270467476087,577.828125,10.600136324210723,3.115546875,5.715405701214131,20.223984375,35.0,64.05493695121413,3534,185.0,5.23,0.4450314648834776,Watch
342307,6702.0,45.61329812,RUS,Russia,Sakha,2.581635731,0.0,0.65,0.49,6702.0,,,,,,,,,,,,,,,,,,,,,,,,,45.97519588522834,51.63271462,0.0,,1.812,3.974,1.688,3.7,2.562,5.618,2.5,5.481,0.01688,3.7,0.03843,8.427,0.0625,13.7025,25.94731,3.234375,7.090859756818892,8.296875,18.18959676749194,0.048515625,10.636289635228335,0.290390625,35.0,45.97519588522834,0,,,0.4797736694504956,Advisory
342308,6703.0,10135.50315,RUS,Russia,Sakha,2.217930773,0.0,0.65,0.49,6703.0,,,,,,,,,,,,,,,,,,,,,,,,,6.359857186407614,44.35861546,0.0,,3.062,0.03,2.875,0.028,3.625,0.036,5.25,0.052,0.02875,0.028,0.054375,0.0539999999999999,0.13125,0.13,0.426375,20.8125,0.2053425438560627,82.546875,0.8144329273210056,0.3121875,0.308013815784094,2.889140625,2.8505152456235194,6.359857186407614,1686,,,0.0150443285879714,Information
342309,6704.0,1339.278598,RUS,Russia,Sakha,1.237871373,0.0,0.65,0.49,6704.0,,,,,,,,,,,,,,,,,,,,,,,,,46.29193503772939,24.75742746,0.0,,17.625,1.316,12.0,0.896,21.938,1.638,27.875,2.081,0.12,0.896,0.32907,2.457,0.696875,5.2025,9.701445,48.375,3.612019191819592,147.09375,10.9830583565212,0.725625,5.418028787729388,5.14828125,35.0,46.29193503772939,0,,,0.3135724134246815,Advisory
342411,6705.0,3034.475915,RUS,Russia,Sakha,3.217954903,0.0,0.65,0.49,6705.0,,,,,,,,,,,,,,,,,,,,,,,,,3.3645548272040635,64.35909806,0.0,,0.312,0.01,0.25,0.008,0.438,0.014,1.625,0.054,0.0025,0.008,0.00657,0.021,0.040625,0.135,0.213695,6.609375,0.217809440087237,19.546875,0.6441598334494881,0.099140625,0.3267141601308554,0.684140625,2.2545594170732084,3.3645548272040635,0,,,0.0091325855253032,Information
342413,6707.0,2215.371224,RUS,Russia,Sakha,2.123760009,0.0,0.65,0.49,6707.0,,,,,,,,,,,,,,,,,,,,,,,,,52.59553148712334,42.47520018,0.0,,4.625,0.209,3.812,0.172,10.688,0.482,16.25,0.734,0.03812,0.172,0.16032,0.723,0.40625,1.835,3.33469,81.703125,3.688010574748895,309.65625,13.977623555244524,1.225546875,5.532015862123343,10.83796875,35.0,52.59553148712334,93,,,0.4643085053026453,Advisory
342414,6708.0,8580.068619,RUS,Russia,Sakha,0.717621976,0.0,0.65,0.49,6708.0,,,,,,,,,,,,,,,,,,,,,,,,,17.753649542861496,14.35243952,0.0,,1.812,0.021,1.812,0.021,4.812,0.056,8.062,0.094,0.01812,0.021,0.07218,0.084,0.2015499999999999,0.235,0.63185,57.65625,0.6719788915219918,209.53125,2.442069630165287,0.86484375,1.0079683372829875,7.33359375,8.547243705578506,17.753649542861496,456,,,0.0577842352905017,Information
342415,6709.0,26518.46384,RUS,Russia,Sakha,2.798786997,0.0,0.65,0.49,6709.0,6709.0,0.0,1.0,2.0,-9999.0,-9999.0,0.0,10.0,0.2,-999.9,-999.9,-3979.2,0.0,0.0,0.0,0.0,0.0,0.0,0.0,0.0,0.0,0.0,0.0,-3979.2,45.56002943213383,55.97573994,0.0,,39.812,0.15,33.688,0.127,63.438,0.239,92.688,0.35,0.33688,0.127,0.95157,0.3585,2.3172,0.875,4.966150000000001,202.078125,0.7620280201411733,858.65625,3.2379562219777345,3.031171875,1.14304203021176,30.05296875,11.332846776922072,45.56002943213383,9841,,,0.5136770256135507,Advisory
342416,6710.0,9749.114826,RUS,Russia,Sakha,3.463079025,0.0,0.65,0.49,6710.0,,,,,,,,,,,,,,,,,,,,,,,,,20.100347093826585,69.2615805,0.0,,5.312,0.054,3.812,0.039,3.75,0.038,5.562,0.057,0.03812,0.039,0.05625,0.0569999999999999,0.13905,0.1425,0.47192,74.8125,0.7673773602488299,251.4375,2.5790803009866683,1.1221875,1.151066040373245,8.8003125,9.02678105345334,20.100347093826585,30035,,,0.335499900521151,Information
342417,6711.0,11959.22921,RUS,Russia,Sakha,1.898827294,0.0,0.65,0.49,6711.0,,,,,,,,,,,,,,,,,,,,,,,,,42.44101695166416,37.97654588,0.0,,20.875,0.175,17.125,0.143,29.312,0.245,64.75,0.541,0.17125,0.143,0.43968,0.3675,1.61875,1.3525,4.09268,130.640625,1.092383318831321,604.40625,5.0538896709763375,1.959609375,1.6385749782469814,21.15421875,17.68861384841718,42.44101695166416,107,,,0.3521964164093666,Advisory
342418,6712.0,42567.29356,RUS,Russia,Sakha,2.629349165,0.0,0.65,0.49,6712.0,,,,,,,,,,,,,,,,,,,,,,,,,20.20544884948952,52.5869833,0.0,,15.188,0.036,4.438,0.01,18.75,0.044,11.188,0.026,0.0443799999999999,0.01,0.28125,0.066,0.2797,0.065,0.7463299999999999,55.546875,0.1304919114136964,443.671875,1.042283494962562,0.833203125,0.1957378671205445,15.528515625,3.647992232368967,20.20544884948952,1324,,,0.1968450435209877,Information
342419,6713.0,109.5063277,RUS,Russia,Sakha,0.53773675,0.0,0.65,0.49,6713.0,,,,,,,,,,,,,,,,,,,,,,,,,51.301484375,10.754735,0.0,,1.75,1.598,1.562,1.427,3.188,2.911,5.562,5.08,0.01562,1.427,0.04782,4.3665,0.13905,12.7,18.69599,11.953125,10.915465120770614,32.0625,29.27912997100823,0.179296875,15.0,1.1221875,35.0,51.301484375,0,,,0.2899028071356719,Advisory
342421,6714.0,16896.14088,RUS,Russia,Sakha,3.240065587,0.0,0.65,0.49,6714.0,,,,,,,,,,,,,,,,,,,,,,,,,8.883648551145162,64.80131174,0.0,,14.875,0.088,6.438,0.038,7.938,0.047,6.125,0.036,0.0643799999999999,0.038,0.11907,0.0705,0.153125,0.09,0.535075,38.671875,0.2288799274763561,142.875,0.8456072956944649,0.580078125,0.3433198912145341,5.000625,2.959625534930628,8.883648551145162,18320,,,0.0842875911042089,Information
342422,6715.0,2396.001971,RUS,Russia,Sakha,1.716116207,0.0,0.65,0.49,6715.0,,,,,,,,,,,,,,,,,,,,,,,,,0.233815,34.32232414,0.0,,10.25,0.428,2.062,0.086,1.438,0.06,0.125,0.005,0.02062,0.086,0.02157,0.09,0.003125,0.0125,0.233815,,,,,,,,,,0,,,8.602616855692368e-09,Information
342423,6716.0,9555.513905,RUS,Russia,Sakha,2.493654785,0.0,0.65,0.49,6716.0,,,,,,,,,,,,,,,,,,,,,,,,,1.0921681320210177,49.8730957,0.0,,29.062,0.304,5.625,0.059,5.0,0.052,0.25,0.003,0.05625,0.059,0.075,0.078,0.00625,0.0075,0.282,1.125,0.0117733071308778,14.765625,0.1545246560927717,0.016875,0.0176599606963167,0.516796875,0.5408362963247009,1.0921681320210177,334,,,6.501730499282028e-05,Information
342424,6717.0,3252.601511,RUS,Russia,Sakha,0.6677497,0.0,0.65,0.49,6717.0,,,,,,,,,,,,,,,,,,,,,,,,,0.2607019095023759,13.354994,0.0,,17.25,0.53,5.438,0.167,0.375,0.012,0.062,0.002,0.05438,0.167,0.005625,0.018,0.00155,0.005,0.251555,0.0,0.0,1.828125,0.0562050098578217,0.0,0.0,0.063984375,0.1967175345023759,0.2607019095023759,5193,,,3.1953879351707273e-09,Information
342425,6718.0,16970.84867,RUS,Russia,Sakha,1.418314731,0.0,0.65,0.49,6718.0,6718.0,0.0,11.0,2.0,-9999.0,-9999.0,0.0,1.0,0.2,-999.9,-999.9,-3997.2,0.0,0.0,0.0,0.0,0.0,0.0,0.0,0.0,0.0,0.0,0.0,-3997.2,2.155455,28.36629462,0.0,,67.25,0.396,24.188,0.143,46.875,0.276,16.438,0.097,0.2418799999999999,0.143,0.703125,0.414,0.41095,0.2425,2.155455,0.0,0.0,9.5625,0.0563466223066038,0.0,0.0,0.3346875,0.1972131780731132,0.5319006780731133,3109,,,0.0002295382741486,Information
342426,6719.0,3241.203385,RUS,Russia,Sakha,0.110726698,0.0,0.65,0.49,6719.0,,,,,,,,,,,,,,,,,,,,,,,,,0.19744,2.21453396,0.0,,4.0,0.123,2.312,0.071,1.688,0.052,0.0,0.0,0.0231199999999999,0.071,0.02532,0.078,0.0,0.0,0.19744,,,,,,,,,,0,,,2.7331675766781e-10,Information
342428,6721.0,2545.223817,RUS,Russia,Sakha,0.422530882,0.0,0.65,0.49,6721.0,,,,,,,,,,,,,,,,,,,,,,,,,1.725495,8.45061764,0.0,,18.438,0.724,9.312,0.366,17.125,0.673,0.0,0.0,0.09312,0.366,0.256875,1.0095,0.0,0.0,1.725495,,,,,,,,,,0,,,3.5731062479653044e-05,Information
342429,6722.0,10785.42713,RUS,Russia,Sakha,2.746500638,0.0,0.65,0.49,6722.0,,,,,,,,,,,,,,,,,,,,,,,,,1.4516300000000002,54.93001276,0.0,,57.125,0.53,10.438,0.097,43.25,0.401,0.0,0.0,0.10438,0.097,0.64875,0.6015,0.0,0.0,1.4516300000000002,0.421875,0.0039115279791351,6.1875,0.0573690770273157,0.006328125,0.0058672919687026,0.2165625,0.2007917695956049,0.4295496865643076,86,,,0.0002956985463553,Information
342431,6723.0,2780.910644,RUS,Russia,Sakha,3.079114542,0.0,0.65,0.49,6723.0,,,,,,,,,,,,,,,,,,,,,,,,,44.21693456413355,61.58229084,0.0,,5.812,0.209,4.312,0.155,10.875,0.391,18.188,0.654,0.04312,0.155,0.163125,0.5865,0.4547,1.635,3.037445,34.03125,1.223744821423711,260.296875,9.360130844856569,0.51046875,1.8356172321355664,9.110390625,32.76045795699799,44.21693456413355,6530,,,0.5559028076000019,Advisory
342432,6724.0,9788.955565,RUS,Russia,Sakha,2.973390566,0.0,0.65,0.49,6724.0,,,,,,,,,,,,,,,,,,,,,,,,,6.809970441170133,59.46781132,0.0,,1.438,0.015,1.188,0.012,0.875,0.009,1.25,0.013,0.01188,0.012,0.013125,0.0134999999999999,0.03125,0.0325,0.114255,2.109375,0.0215485195126495,95.34375,0.9739930819717598,0.031640625,0.0323227792689742,3.33703125,3.408975786901159,6.809970441170133,1590,,,0.03723550902837,Information
342435,6727.0,13739.85576,RUS,Russia,Sakha,3.10485505,0.0,0.65,0.49,6727.0,,,,,,,,,,,,,,,,,,,,,,,,,16.053241702165476,62.097101,0.0,,27.75,0.202,20.125,0.146,12.25,0.089,13.688,0.1,0.20125,0.146,0.18375,0.1335,0.3422,0.25,1.2567000000000002,69.46875,0.5056002858134924,235.6875,1.7153564352700674,1.04203125,0.7584004287202386,8.2490625,6.003747523445236,16.053241702165476,1256,,,0.1951380409587338,Information
342436,6728.0,8684.277242,RUS,Russia,Sakha,3.666836769,0.0,0.65,0.49,6728.0,,,,,,,,,,,,,,,,,,,,,,,,,2.461289595822944,73.33673538000001,0.0,,0.125,0.001,0.0,0.0,2.312,0.027,1.75,0.02,0.0,0.0,0.03468,0.0405,0.04375,0.05,0.16893,17.859375,0.2056518291880933,25.03125,0.2882364220116584,0.267890625,0.3084777437821399,0.87609375,1.0088274770408043,2.461289595822944,157,,,0.0085954002367215,Information
342437,6729.0,16265.88135,RUS,Russia,Sakha,4.005336181,0.0,0.65,0.49,6729.0,,,,,,,,,,,,,,,,,,,,,,,,,15.5571801561309,80.10672362,0.0,,28.812,0.177,19.25,0.118,7.062,0.043,11.188,0.069,0.1925,0.118,0.10593,0.0645,0.2797,0.1725,0.93313,96.609375,0.5939387660213002,233.859375,1.4377295020282712,1.449140625,0.8909081490319504,8.185078125,5.03205325709895,15.5571801561309,268,,,0.4028954879705356,Advisory
342438,6730.0,24279.75927,RUS,Russia,Sakha,3.52898312,0.0,0.65,0.49,6730.0,6730.0,0.0,1.0,5.0,2.0,-9999.0,0.0,10.0,0.5,0.2,-999.9,-1978.4,0.0,0.0,0.0,0.0,0.0,0.0,0.0,0.0,0.0,0.0,0.0,-1978.4,2.8888095804895046,70.5796624,0.0,,34.0,0.14,18.25,0.075,4.312,0.018,5.562,0.023,0.1825,0.075,0.06468,0.0269999999999999,0.13905,0.0574999999999999,0.54573,6.46875,0.0266425623384998,55.6875,0.2293577105662158,0.09703125,0.0399638435077497,1.9490625,0.8027519869817552,2.8888095804895046,936,,,0.0101476949618115,Information
342439,6731.0,7229.634995,RUS,Russia,Sakha,2.474554517,0.0,0.65,0.49,6731.0,,,,,,,,,,,,,,,,,,,,,,,,,18.591719226218785,49.49109034,0.0,,35.688,0.494,34.438,0.476,16.938,0.234,38.938,0.539,0.34438,0.476,0.2540699999999999,0.351,0.97345,1.3475,3.7464,31.5,0.4357066438347017,209.390625,2.896282110133352,0.4725,0.6535599657520526,7.328671875,10.136987385466732,18.591719226218785,128,,,0.1587923762106545,Information
342441,6732.0,13344.14887,RUS,Russia,Sakha,3.092585337,0.0,0.65,0.49,6732.0,,,,,,,,,,,,,,,,,,,,,,,,,14.494807075779,61.85170674,0.0,,60.188,0.451,42.0,0.315,29.438,0.221,53.688,0.402,0.42,0.315,0.4415699999999999,0.3315,1.3422,1.005,3.85527,61.171875,0.4584172102789996,210.515625,1.5775875029601434,0.917578125,0.6876258154184994,7.368046875,5.5215562603605015,14.494807075779,0,,,0.1665994653998859,Information
342442,6733.0,43377.21313,RUS,Russia,Khabarovsk,3.089680325,0.0,0.65,0.49,6733.0,,,,,,,,,,,,,,,,,,,,,,,,,5.7623683686858245,61.7936065,0.0,,72.312,0.167,43.75,0.101,7.688,0.018,8.562,0.02,0.4375,0.101,0.11532,0.0269999999999999,0.2140499999999999,0.05,0.94487,46.40625,0.1069830140139105,113.90625,0.2625946707614167,0.69609375,0.1604745210208657,3.98671875,0.9190813476649584,5.7623683686858245,1478,,,0.029268527646723,Information
342443,6734.0,5717.863484,RUS,Russia,Khabarovsk,3.583371832,0.0,0.65,0.49,6734.0,,,,,,,,,,,,,,,,,,,,,,,,,7.663646460624093,71.66743664,0.0,,20.688,0.362,16.812,0.294,17.125,0.299,18.875,0.33,0.16812,0.294,0.256875,0.4485,0.471875,0.8250000000000001,2.46437,9.0,0.1574014494224171,75.796875,1.3256153318544193,0.135,0.2361021741336256,2.652890625,4.639653661490468,7.663646460624093,0,,,0.0955174246855281,Information
342444,6735.0,25616.98944,RUS,Russia,Khabarovsk,0.339246068,0.0,0.65,0.49,6735.0,,,,,,,,,,,,,,,,,,,,,,,,,1.8848148188286071,6.78492136,0.0,,35.75,0.14,21.062,0.082,26.0,0.101,25.5,0.1,0.21062,0.082,0.39,0.1515,0.6375,0.25,1.72162,6.046875,0.0236049400514835,36.140625,0.1410806882146806,0.090703125,0.0354074100772252,1.264921875,0.4937824087513821,1.8848148188286071,776,,,4.788226320715909e-05,Information
342445,6736.0,10875.60318,RUS,Russia,Khabarovsk,2.554548035,0.0,0.65,0.49,6736.0,,,,,,,,,,,,,,,,,,,,,,,,,19.46182127540351,51.0909607,0.0,,14.438,0.133,13.75,0.126,26.812,0.247,29.812,0.274,0.1375,0.126,0.40218,0.3705,0.7453,0.685,2.46648,128.953125,1.1857100966775336,234.421875,2.155483894396345,1.934296875,1.7785651450163005,8.204765625,7.544193630387207,19.46182127540351,0,,,0.1783927456609648,Information
342447,6738.0,10875.65338,RUS,Russia,Khabarovsk,2.545379338,0.0,0.65,0.49,6738.0,,,,,,,,,,,,,,,,,,,,,,,,,5.777799769460211,50.90758676,0.0,,4.75,0.044,3.062,0.028,1.438,0.013,1.688,0.016,0.0306199999999999,0.028,0.02157,0.0195,0.0421999999999999,0.04,0.18189,38.25,0.3517030073782655,69.609375,0.6400477523979464,0.57375,0.5275545110673983,2.436328125,2.2401671333928124,5.777799769460211,431,,,0.0161902551842615,Information
342449,6740.0,22926.94579,RUS,Russia,Khabarovsk,2.332351581,0.0,0.65,0.49,6740.0,,,,,,,,,,,,,,,,,,,,,,,,,14.628044243446029,46.64703162000001,0.0,,17.625,0.077,8.938,0.039,2.625,0.011,2.938,0.013,0.08938,0.039,0.039375,0.0165,0.07345,0.0325,0.290205,82.828125,0.3612697729724853,255.515625,1.1144773811392288,1.242421875,0.541904659458728,8.943046875,3.900670833987301,14.628044243446029,141,,,0.097834594467854,Information
342451,6741.0,8638.673981,RUS,Russia,Sakha,3.479509639,0.0,0.65,0.49,6741.0,,,,,,,,,,,,,,,,,,,,,,,,,10.9773882742609,69.59019278000001,0.0,,20.938,0.242,16.375,0.19,6.375,0.074,16.25,0.188,0.16375,0.19,0.095625,0.1109999999999999,0.40625,0.47,1.436625,44.859375,0.5192854261993443,126.140625,1.4601850385605386,0.672890625,0.7789281392990164,4.414921875,5.110647634961885,10.9773882742609,1233,,,0.1541186658202288,Information
342452,6742.0,5052.031154,RUS,Russia,Sakha,2.708530599,0.0,0.65,0.49,6742.0,,,,,,,,,,,,,,,,,,,,,,,,,0.5383872316229742,54.17061198,0.0,,5.688,0.113,1.25,0.025,0.5,0.01,1.438,0.028,0.0125,0.025,0.0075,0.015,0.0359499999999999,0.07,0.16595,1.546875,0.030618872940488,4.5,0.0890730849177835,0.023203125,0.045928309410732,0.1575,0.3117557972122422,0.5383872316229742,11,,,4.412970747882694e-06,Information
342453,6743.0,1128.724325,RUS,Russia,Sakha,3.534304876,0.0,0.65,0.49,6743.0,,,,,,,,,,,,,,,,,,,,,,,,,11.390101731984188,70.68609752,0.0,,10.125,0.897,9.062,0.803,1.062,0.094,3.938,0.349,0.0906199999999999,0.803,0.01593,0.141,0.09845,0.8724999999999999,2.0215,3.515625,0.3114688787883198,31.5,2.790761153943345,0.052734375,0.4672033181824797,1.1025,9.767664038801708,11.390101731984188,0,,,0.1722484845840632,Information
342454,6744.0,3429.616803,RUS,Russia,Sakha,3.192933775,0.0,0.65,0.49,6744.0,,,,,,,,,,,,,,,,,,,,,,,,,0.5203701384457307,63.8586755,0.0,,12.062,0.352,7.938,0.231,0.0,0.0,0.0,0.0,0.0793799999999999,0.231,0.0,0.0,0.0,0.0,0.31038,0.0,0.0,3.796875,0.1107084324130659,0.0,0.0,0.132890625,0.3874795134457306,0.5203701384457307,0,,,1.1143579920673292e-05,Information
342455,6745.0,9654.3544,RUS,Russia,Sakha,2.721287218,0.0,0.65,0.49,6745.0,,,,,,,,,,,,,,,,,,,,,,,,,7.659546135226524,54.42574436,0.0,,35.25,0.365,22.5,0.233,4.312,0.045,7.625,0.079,0.225,0.233,0.06468,0.0675,0.190625,0.1975,0.978305,34.59375,0.3583227688341338,92.671875,0.959897173421521,0.51890625,0.5374841532512007,3.243515625,3.3596401069753234,7.659546135226524,110,,,0.0372613990589744,Information
342457,6747.0,6170.066057,RUS,Russia,Sakha,2.274547862,0.0,0.65,0.49,6747.0,,,,,,,,,,,,,,,,,,,,,,,,,10.47943210957219,45.49095724,0.0,,18.75,0.304,12.812,0.208,2.75,0.045,5.188,0.084,0.1281199999999999,0.208,0.04125,0.0675,0.1296999999999999,0.21,0.78457,50.34375,0.8159353486818514,92.671875,1.5019592032998323,0.75515625,1.223903023022777,3.243515625,5.256857211549413,10.47943210957219,13,,,0.0495787220059067,Information
342458,6748.0,12214.02079,RUS,Russia,Sakha,0.835295925,0.0,0.65,0.49,6748.0,,,,,,,,,,,,,,,,,,,,,,,,,2.4178800000000003,16.705918500000003,0.0,,70.0,0.573,22.938,0.188,65.625,0.537,4.625,0.038,0.22938,0.188,0.984375,0.8055000000000001,0.115625,0.095,2.4178800000000003,2.953125,0.0241781559998424,7.171875,0.0587183788567601,0.044296875,0.0362672339997636,0.251015625,0.2055143259986603,0.537094059998424,0,,,0.0002004532339157,Information
342461,6750.0,7778.347924,RUS,Russia,Sakha,2.127909258,0.0,0.65,0.49,6750.0,6750.0,0.0,10.0,2.0,2.0,-9999.0,0.0,1.0,0.2,0.2,-999.9,-1997.0,0.0,0.0,0.0,0.0,0.0,0.0,0.0,0.0,0.0,0.0,0.0,-1997.0,8.099666030542235,42.55818516,0.0,,8.75,0.112,6.75,0.087,0.625,0.008,4.75,0.061,0.0675,0.087,0.009375,0.012,0.11875,0.1525,0.447125,23.625,0.3037277353694823,91.125,1.1715212649965747,0.354375,0.4555916030542234,3.189375,4.100324427488012,8.099666030542235,1,,,0.0250593394909718,Information
342462,6751.0,15023.43473,RUS,Russia,Sakha,2.023189919,0.0,0.65,0.49,6751.0,,,,,,,,,,,,,,,,,,,,,,,,,0.9195,40.46379838,0.0,,32.688,0.218,22.062,0.147,21.812,0.145,0.188,0.001,0.22062,0.147,0.32718,0.2174999999999999,0.0046999999999999,0.0025,0.9195,0.0,0.0,13.78125,0.0917316862008883,0.0,0.0,0.48234375,0.321060901703109,0.803404651703109,33,,,1.519594968967453e-05,Information
342463,6752.0,1844.185518,RUS,Russia,Sakha,2.739125494,0.0,0.65,0.49,6752.0,,,,,,,,,,,,,,,,,,,,,,,,,6.23629731919831,54.78250988,0.0,,2.625,0.142,2.5,0.136,0.188,0.01,1.25,0.068,0.025,0.136,0.00282,0.015,0.03125,0.17,0.38007,3.375,0.1830076186252852,26.296875,1.4259343617886806,0.050625,0.2745114279379278,0.920390625,4.990770266260382,6.23629731919831,0,,,0.0237901796307467,Information
342464,6753.0,33141.70866,RUS,Russia,Khabarovsk,2.358471166,0.0,0.65,0.49,6753.0,,,,,,,,,,,,,,,,,,,,,,,,,2.55925,47.16942332000001,0.0,,174.5,0.527,137.875,0.416,19.375,0.058,11.875,0.036,1.37875,0.416,0.290625,0.087,0.296875,0.09,2.55925,4.5,0.0135780567198105,36.984375,0.1115946536659431,0.0675,0.0203670850797157,1.294453125,0.3905812878308008,1.7729014979105169,62,,,0.0012334349947608,Information
342466,6755.0,21421.55107,RUS,Russia,Sakha,3.495739247,0.0,0.65,0.49,6755.0,,,,,,,,,,,,,,,,,,,,,,,,,3.775799933815096,69.91478494,0.0,,111.438,0.52,81.625,0.381,0.375,0.002,0.688,0.003,0.81625,0.381,0.005625,0.003,0.0171999999999999,0.0075,1.230575,0.0,0.0,73.546875,0.3433312310900274,0.0,0.0,2.574140625,1.201659308815096,3.775799933815096,85,,,0.0189737392969607,Information
342469,6758.0,11996.36794,RUS,Russia,Sakha,2.977877197,0.0,0.65,0.49,6758.0,,,,,,,,,,,,,,,,,,,,,,,,,2.0908100000000003,59.55754394,0.0,,123.188,1.027,110.938,0.925,2.062,0.017,0.0,0.0,1.10938,0.925,0.03093,0.0255,0.0,0.0,2.0908100000000003,0.140625,0.001172229801236,12.375,0.1031562225087755,0.002109375,0.001758344701854,0.433125,0.3610467787807142,0.7980394984825683,444,,,0.001526608857575,Information
342470,6759.0,17911.29348,RUS,Russia,Sakha,3.934314596,0.0,0.65,0.49,6759.0,,,,,,,,,,,,,,,,,,,,,,,,,9.68475607944956,78.68629192,0.0,,18.438,0.103,15.188,0.085,14.875,0.083,4.062,0.023,0.15188,0.085,0.223125,0.1245,0.10155,0.0574999999999999,0.7435550000000001,50.765625,0.2834280230357033,155.8125,0.8699120485417156,0.761484375,0.4251420345535549,5.4534375,3.0446921698960043,9.68475607944956,157,,,0.2151152362023512,Information
342481,6760.0,4943.501582,RUS,Russia,Sakha,1.488326355,0.0,0.65,0.49,6760.0,,,,,,,,,,,,,,,,,,,,,,,,,2.418758442644677,29.7665271,0.0,,4.062,0.082,2.125,0.043,3.375,0.068,0.0,0.0,0.02125,0.043,0.050625,0.102,0.0,0.0,0.216875,4.78125,0.0967178814585571,20.8125,0.4210072487019546,0.07171875,0.1450768221878356,0.7284375,1.4735253704568412,2.418758442644677,205,,,0.000377795145744,Information
342482,6761.0,3683.816701,RUS,Russia,Sakha,0.42046989,0.0,0.65,0.49,6761.0,,,,,,,,,,,,,,,,,,,,,,,,,0.2243,8.4093978,0.0,,3.25,0.088,1.0,0.027,3.25,0.088,0.062,0.002,0.01,0.027,0.04875,0.132,0.00155,0.005,0.2243,,,,,,,,,,40,,,9.15679225099644e-10,Information
342485,6764.0,4774.082672,RUS,Russia,Sakha,1.853102505,0.0,0.65,0.49,6764.0,,,,,,,,,,,,,,,,,,,,,,,,,0.34668,37.0620501,0.0,,13.312,0.279,5.125,0.107,4.062,0.085,0.0,0.0,0.05125,0.107,0.06093,0.1275,0.0,0.0,0.34668,0.0,0.0,1.546875,0.0324015126340821,0.0,0.0,0.054140625,0.1134052942192873,0.1675459192192873,4,,,9.884194175657633e-08,Information
342488,6767.0,4103.875482,RUS,Russia,Sakha,4.004508658,0.0,0.65,0.49,6767.0,,,,,,,,,,,,,,,,,,,,,,,,,0.27238,80.09017315999999,0.0,,7.938,0.193,7.938,0.193,0.0,0.0,0.0,0.0,0.0793799999999999,0.193,0.0,0.0,0.0,0.0,0.27238,,,,,,,,,,66671,,,8.862703020723105e-06,Information
342489,6768.0,8527.634532,RUS,Russia,Sakha,2.460443004,0.0,0.65,0.49,6768.0,,,,,,,,,,,,,,,,,,,,,,,,,0.923995,49.20886008,0.0,,65.25,0.765,32.562,0.382,6.625,0.078,0.0,0.0,0.3256199999999999,0.382,0.099375,0.1169999999999999,0.0,0.0,0.923995,0.0,0.0,3.375,0.0395772120301417,0.0,0.0,0.118125,0.1385202421054959,0.2566452421054959,14100,,,3.077730440850082e-05,Information
342491,6769.0,18171.55284,RUS,Russia,Sakha,1.23027636,0.0,0.65,0.49,6769.0,6769.0,0.0,12.0,2.0,2.0,-9999.0,0.0,1.0,0.2,0.2,-999.9,-1997.0,0.0,0.0,0.0,0.0,0.0,0.0,0.0,0.0,0.0,0.0,0.0,-1997.0,7.845177742382692,24.6055272,0.0,,21.062,0.116,11.438,0.063,20.125,0.111,0.875,0.005,0.11438,0.063,0.301875,0.1665,0.021875,0.0125,0.6801299999999999,19.40625,0.106794670612425,136.265625,0.7498843175611585,0.29109375,0.1601920059186375,4.769296875,2.6245951114640547,7.845177742382692,33247,,,0.011822933566337,Information
342492,6770.0,4774.423939,RUS,Russia,Sakha,1.517836447,0.0,0.65,0.49,6770.0,,,,,,,,,,,,,,,,,,,,,,,,,1.09019,30.356728940000004,0.0,,28.75,0.602,21.062,0.441,9.438,0.198,0.0,0.0,0.21062,0.441,0.14157,0.297,0.0,0.0,1.09019,0.28125,0.0058907630234209,5.765625,0.12076064198013,0.00421875,0.0088361445351313,0.201796875,0.422662246930455,0.6375140164655864,530,,,1.6120294704878327e-05,Information
342494,6772.0,7324.743977,RUS,Russia,Sakha,1.148156864,0.0,0.65,0.49,6772.0,,,,,,,,,,,,,,,,,,,,,,,,,0.3143176146807399,22.96313728,0.0,,10.938,0.149,9.375,0.128,2.188,0.03,0.0,0.0,0.09375,0.128,0.03282,0.045,0.0,0.0,0.29957,0.0,0.0,3.796875,0.0518362827659257,0.0,0.0,0.132890625,0.1814269896807399,0.3143176146807399,13,,,1.8814230407832583e-08,Information
342495,6773.0,3746.826527,RUS,Russia,Sakha,1.696478413,0.0,0.65,0.49,6773.0,,,,,,,,,,,,,,,,,,,,,,,,,1.444639325168752,33.92956826,0.0,,74.375,1.985,30.938,0.826,0.188,0.005,0.0,0.0,0.30938,0.826,0.00282,0.0075,0.0,0.0,1.1457000000000002,0.0,0.0,11.25,0.3002540929053577,0.0,0.0,0.39375,1.050889325168752,1.444639325168752,0,,,6.595590512835077e-05,Information
342496,6774.0,6025.695257,RUS,Russia,Sakha,0.851245147,0.0,0.65,0.49,6774.0,,,,,,,,,,,,,,,,,,,,,,,,,0.65738,17.02490294,0.0,,18.375,0.305,12.688,0.211,8.0,0.133,0.0,0.0,0.12688,0.211,0.12,0.1995,0.0,0.0,0.65738,0.0,0.0,2.25,0.0373400894673311,0.0,0.0,0.07875,0.1306903131356588,0.2094403131356588,0,,,6.556499935102398e-07,Information
342498,6776.0,6717.820011,RUS,Russia,Sakha,3.223086127,0.0,0.65,0.49,6776.0,,,,,,,,,,,,,,,,,,,,,,,,,0.50418,64.46172254000001,0.0,,16.312,0.243,13.0,0.194,4.812,0.072,0.0,0.0,0.13,0.194,0.07218,0.1079999999999999,0.0,0.0,0.50418,0.0,0.0,4.921875,0.0732659552034067,0.0,0.0,0.172265625,0.2564308432119234,0.4286964682119234,112,,,1.043227521239967e-05,Information
342511,6778.0,12131.04691,RUS,Russia,Sakha,3.23973974,0.0,0.65,0.49,6778.0,,,,,,,,,,,,,,,,,,,,,,,,,83.24165119756276,64.7947948,0.0,3.0,20.062,0.165,13.75,0.113,72.875,0.601,133.688,1.102,0.1375,0.113,1.093125,0.9015,3.3422,2.7550000000000003,8.342325,483.890625,3.988861215041835,1231.171875,10.148933431470873,7.258359375,5.9832918225627525,35.0,35.0,83.24165119756276,93226,2777.0,2.98,0.8052581049200371,Warning
342512,6779.0,5842.520715,RUS,Russia,Sakha,3.335840111,0.0,0.65,0.49,6779.0,,,,,,,,,,,,,,,,,,,,,,,,,13.784621949412662,66.71680222,0.0,,1.438,0.025,1.438,0.025,7.0,0.12,11.375,0.195,0.0143799999999999,0.025,0.105,0.18,0.284375,0.4875,1.096255,57.375,0.9820247594357858,120.65625,2.065140302931138,0.860625,1.4730371391536787,4.22296875,7.227991060258983,13.784621949412662,6272,,,0.1890238761027876,Information
342513,6780.0,2736.551622,RUS,Russia,Sakha,1.156212426,0.0,0.65,0.49,6780.0,6780.0,0.0,1.0,2.0,-9999.0,-9999.0,0.0,10.0,0.2,-999.9,-999.9,-3979.2,0.0,0.0,0.0,0.0,0.0,0.0,0.0,0.0,0.0,0.0,0.0,-3979.2,42.11718164964488,23.12424852,0.0,,8.812,0.322,7.438,0.272,19.25,0.703,26.25,0.959,0.07438,0.272,0.28875,1.0545,0.65625,2.3975,4.74338,94.359375,3.448112370732201,218.109375,7.970226955299023,1.415390625,5.172168556098302,7.633828125,27.89579434354658,42.11718164964488,269390,,,0.2736753644491444,Advisory
342515,6782.0,2061.247127,RUS,Russia,Sakha,1.476809031,0.0,0.65,0.49,6782.0,,,,,,,,,,,,,,,,,,,,,,,,,32.82790420342707,29.53618062,0.0,,7.125,0.346,6.562,0.318,16.312,0.791,21.812,1.058,0.06562,0.318,0.24468,1.1865,0.5453,2.645,5.0051000000000005,70.171875,3.404340705448078,130.21875,6.317473934358557,1.052578125,5.106511058172117,4.55765625,22.11115877025495,32.82790420342707,4828,,,0.2224871134144752,Information
342516,6783.0,2373.243148,RUS,Russia,Sakha,1.659521105,0.0,0.65,0.49,6783.0,,,,,,,,,,,,,,,,,,,,,,,,,3.669508761663794,33.1904221,0.0,,0.312,0.013,0.312,0.013,1.438,0.061,1.625,0.068,0.00312,0.013,0.02157,0.0915,0.040625,0.17,0.339815,6.890625,0.2903463560370148,17.15625,0.722903172173792,0.103359375,0.4355195340555222,0.60046875,2.530161102608272,3.669508761663794,66,,,0.0018551938669781,Information
342517,6784.0,60.07555795,RUS,Russia,Sakha,0.46232125,0.0,0.65,0.49,6784.0,,,,,,,,,,,,,,,,,,,,,,,,,50.716484375,9.246425,0.0,,1.875,3.121,1.5,2.497,3.25,5.41,3.688,6.138,0.015,2.497,0.04875,8.115,0.0922,15.345,26.11295,10.6875,17.790096945978213,15.890625,26.451065195993923,0.1603125,15.0,0.556171875,35.0,50.716484375,1663,,,0.2803180734691727,Advisory
342518,6785.0,1858.684646,RUS,Russia,Sakha,1.87443778,0.0,0.65,0.49,6785.0,,,,,,,,,,,,,,,,,,,,,,,,,1.52525432691716,37.488755600000005,0.0,,0.062,0.003,0.0,0.0,0.312,0.017,0.438,0.024,0.0,0.0,0.00468,0.0255,0.01095,0.06,0.10113,2.8125,0.1513166855196659,5.625,0.3026333710393318,0.0421875,0.2269750282794988,0.196875,1.0592167986376613,1.52525432691716,4101,,,0.0001023334671887,Information
342519,6786.0,1991.88596,RUS,Russia,Sakha,0.717817638,0.0,0.65,0.49,6786.0,,,,,,,,,,,,,,,,,,,,,,,,,22.714659313757345,14.35635276,0.0,,4.875,0.245,3.312,0.166,11.75,0.59,16.312,0.819,0.03312,0.166,0.17625,0.885,0.4078,2.0475,3.71567,43.171875,2.167386881503357,89.296875,4.483031497572089,0.647578125,3.2510803222550355,3.125390625,15.690610241502313,22.714659313757345,18042,,,0.092223820935257,Information
342520,6787.0,12536.05365,RUS,Russia,Sakha,1.479192691,0.0,0.65,0.49,6787.0,6787.0,0.0,26.0,2.0,-9999.0,-9999.0,0.0,1.0,0.2,-999.9,-999.9,-3997.2,0.0,0.0,0.0,0.0,0.0,0.0,0.0,0.0,0.0,0.0,0.0,-3997.2,1.3461677231709337,29.58385382,0.0,,18.688,0.149,7.625,0.061,3.062,0.024,4.5,0.036,0.07625,0.061,0.04593,0.036,0.1125,0.09,0.4216799999999999,7.59375,0.0605752831947989,18.140625,0.1447076209653529,0.11390625,0.0908629247921983,0.634921875,0.5064766733787351,1.3461677231709337,1561,,,3.7922945740738165e-05,Information
342530,6788.0,5512.852784,RUS,Russia,Sakha,1.238123918,0.0,0.65,0.49,6788.0,,,,,,,,,,,,,,,,,,,,,,,,,33.11307272015324,24.762478360000003,0.0,,52.188,0.947,35.562,0.645,43.312,0.786,55.5,1.007,0.35562,0.645,0.6496799999999999,1.179,1.3875,2.5175,6.734299999999999,127.265625,2.308525730370302,281.671875,5.1093668927422256,1.908984375,3.4627885955554527,9.858515625,17.88278412459779,33.11307272015324,4981,,,0.2059023428003042,Information
342546,6794.0,5070.301617,RUS,Russia,Sakha,2.708201137,0.0,0.65,0.49,6794.0,,,,,,,,,,,,,,,,,,,,,,,,,0.7753443006007297,54.16402274,0.0,,4.25,0.084,2.562,0.051,3.0,0.059,0.0,0.0,0.0256199999999999,0.051,0.045,0.0885,0.0,0.0,0.2101199999999999,0.0,0.0,7.453125,0.1469956930287799,0.0,0.0,0.260859375,0.5144849256007297,0.7753443006007297,0,,,2.2564645821154072e-05,Information
342550,6798.0,9943.931982,RUS,Russia,Sakha,0.829350018,0.0,0.65,0.49,6798.0,,,,,,,,,,,,,,,,,,,,,,,,,22.71009448045577,16.587000359999998,0.0,,25.312,0.255,23.625,0.238,21.75,0.219,19.688,0.198,0.23625,0.238,0.32625,0.3285,0.4921999999999999,0.495,2.1162,119.953125,1.206294705269345,272.109375,2.736436406443356,1.799296875,1.809442057904017,9.523828125,9.577527422551746,22.71009448045577,254,,,0.096630142690574,Information
342560,6799.0,15811.19271,RUS,Russia,Sakha,1.555570458,0.0,0.65,0.49,6799.0,6799.0,0.0,28.0,2.0,-9999.0,-9999.0,0.0,1.0,0.2,-999.9,-999.9,-3997.2,0.0,0.0,0.0,0.0,0.0,0.0,0.0,0.0,0.0,0.0,0.0,-3997.2,0.46738,31.11140916,0.0,,27.875,0.176,8.438,0.053,13.5,0.085,0.0,0.0,0.08438,0.053,0.2025,0.1275,0.0,0.0,0.46738,0.5625,0.0035576063752732,1.96875,0.0124516223134562,0.0084375,0.0053364095629098,0.06890625,0.0435806780970966,0.1262608376600065,0,,,2.970839044614568e-07,Information
342570,6800.0,25320.17502,RUS,Russia,Sakha,3.413374787,0.0,0.65,0.49,6800.0,,,,,,,,,,,,,,,,,,,,,,,,,10.929261415509377,68.26749574,0.0,,131.0,0.517,72.875,0.288,52.312,0.207,38.312,0.151,0.72875,0.288,0.7846799999999999,0.3105,0.9578,0.3775,3.44723,29.8125,0.1177420771045477,211.078125,0.833636121386444,0.4471875,0.1766131156568215,7.387734375,2.917726424852554,10.929261415509377,2357,,,0.1432349216533728,Information
342580,6801.0,17095.63546,RUS,Russia,Sakha,2.66034036,0.0,0.65,0.49,6801.0,6801.0,0.0,11.0,2.0,-9999.0,-9999.0,0.0,1.0,0.2,-999.9,-999.9,-3997.2,0.0,0.0,0.0,0.0,0.0,0.0,0.0,0.0,0.0,0.0,0.0,-3997.2,2.5653814570993543,53.2068072,0.0,,40.25,0.235,4.875,0.029,6.0,0.035,1.75,0.01,0.04875,0.029,0.09,0.0525,0.04375,0.025,0.289,7.171875,0.0419514970130904,43.171875,0.2525315604513483,0.107578125,0.0629272455196356,1.511015625,0.883860461579719,2.5653814570993543,386,,,0.0018443157164446,Information
342590,6802.0,1545.55897,RUS,Russia,Sakha,1.006971525,0.0,0.65,0.49,6802.0,6802.0,0.0,1.0,2.0,-9999.0,-9999.0,0.0,10.0,0.2,-999.9,-999.9,-3979.2,0.0,0.0,0.0,0.0,0.0,0.0,0.0,0.0,0.0,0.0,0.0,-3979.2,16.08300177957357,20.1394305,0.0,,3.0,0.194,2.125,0.137,3.25,0.21,3.438,0.222,0.02125,0.137,0.04875,0.315,0.08595,0.555,1.16295,9.0,0.5823135949658448,57.65625,3.730446467749944,0.135,0.8734703924487672,2.01796875,13.056562637124802,16.08300177957357,237,,,0.0545204106212783,Information
342610,6803.0,522.428153,RUS,Russia,Sakha,2.003358963,0.0,0.65,0.49,6803.0,,,,,,,,,,,,,,,,,,,,,,,,,15.224056975359582,40.06717926,0.0,,4.312,0.825,0.562,0.108,0.938,0.179,1.438,0.275,0.00562,0.108,0.01407,0.2684999999999999,0.0359499999999999,0.6875,1.11964,2.8125,0.5383515386180311,20.390625,3.903048654980725,0.0421875,0.8075273079270466,0.713671875,13.660670292432536,15.224056975359582,21,,,0.0852892403663508,Information
342621,6804.0,870.3104246,RUS,Russia,Sakha,3.037993288,0.0,0.65,0.49,6804.0,,,,,,,,,,,,,,,,,,,,,,,,,28.48047638611792,60.75986576,0.0,,1.625,0.187,0.688,0.079,1.562,0.18,0.625,0.072,0.00688,0.079,0.02343,0.27,0.015625,0.18,0.574935,11.25,1.2926422207150376,60.328125,6.93179390858439,0.16875,1.9389633310725565,2.111484375,24.261278680045365,28.48047638611792,0,,,0.3743017738263811,Advisory
342623,6806.0,2743.333663,RUS,Russia,Sakha,3.944070595,0.0,0.65,0.49,6806.0,,,,,,,,,,,,,,,,,,,,,,,,,11.722234901597265,78.8814119,0.0,,3.562,0.13,2.125,0.077,2.875,0.105,0.375,0.014,0.02125,0.077,0.043125,0.1575,0.009375,0.035,0.34325,10.40625,0.3793286299627738,67.640625,2.46563609475803,0.15609375,0.5689929449441606,2.367421875,8.629726331653105,11.722234901597265,296,,,0.2780426253857652,Information
342625,6808.0,5889.056288,RUS,Russia,Sakha,3.181461109,0.0,0.65,0.49,6808.0,,,,,,,,,,,,,,,,,,,,,,,,,11.325549148968964,63.62922218,0.0,,10.062,0.171,2.812,0.048,3.125,0.053,2.25,0.038,0.02812,0.048,0.046875,0.0795,0.05625,0.095,0.353745,8.15625,0.1384984214875041,116.4375,1.9771843619250595,0.12234375,0.2077476322312561,4.0753125,6.920145266737708,11.325549148968964,11,,,0.1216648655076801,Information
342626,6809.0,22513.7332,RUS,Russia,Irkutsk,2.407396935,0.0,0.65,0.49,6809.0,,,,,,,,,,,,,,,,,,,,,,,,,0.5188869668978239,48.1479387,0.0,,16.375,0.073,2.75,0.012,1.375,0.006,1.688,0.007,0.0275,0.012,0.020625,0.009,0.0421999999999999,0.0175,0.1288249999999999,2.953125,0.0131169938546156,9.0,0.0399756003188287,0.044296875,0.0196754907819233,0.315,0.1399146011159004,0.5188869668978239,1652,,,2.067648712058828e-06,Information
342629,6812.0,15776.53741,RUS,Russia,Zabaykal'ye,2.451264477,0.0,0.65,0.49,6812.0,,,,,,,,,,,,,,,,,,,,,,,,,0.5778477291301677,49.02528954,0.0,,6.25,0.04,4.875,0.031,0.875,0.006,0.125,0.001,0.04875,0.031,0.013125,0.009,0.003125,0.0025,0.1075,0.28125,0.0017827105696236,9.984375,0.0632862252216378,0.00421875,0.0026740658544354,0.349453125,0.2215017882757323,0.5778477291301677,6156,,,3.736096481135404e-06,Information
342633,6815.0,8113.689797,RUS,Russia,Sakha,4.011379684,0.0,0.65,0.49,6815.0,,,,,,,,,,,,,,,,,,,,,,,,,5.30093070097007,80.22759367999998,0.0,,5.75,0.071,3.312,0.041,5.75,0.071,0.0,0.0,0.03312,0.041,0.08625,0.1064999999999999,0.0,0.0,0.2668699999999999,11.953125,0.1473204583698288,62.71875,0.7729991109758075,0.179296875,0.2209806875547432,2.19515625,2.7054968884153263,5.30093070097007,0,,,0.0940190832315087,Information
342638,6820.0,3628.477298,RUS,Russia,Sakha,1.464699438,0.0,0.65,0.49,6820.0,,,,,,,,,,,,,,,,,,,,,,,,,0.2218373919276686,29.29398876,0.0,,5.5,0.152,3.125,0.086,0.0,0.0,0.0,0.0,0.03125,0.086,0.0,0.0,0.0,0.0,0.11725,0.0,0.0,1.6875,0.0465071119793339,0.0,0.0,0.0590625,0.1627748919276686,0.2218373919276686,0,,,4.098870435270392e-09,Information
342640,6822.0,5391.417924,RUS,Russia,Sakha,2.800669612,0.0,0.65,0.49,6822.0,,,,,,,,,,,,,,,,,,,,,,,,,1.148164728355337,56.01339224,0.0,,2.312,0.043,0.375,0.007,2.312,0.043,0.0,0.0,0.00375,0.007,0.03468,0.0645,0.0,0.0,0.10993,1.546875,0.0286914318598206,10.828125,0.2008400230187445,0.023203125,0.0430371477897309,0.378984375,0.7029400805656058,1.148164728355337,1997,,,0.0001333218645971,Information
342662,6825.0,4431.671384,RUS,Russia,Amur,3.05246532,0.0,0.65,0.49,6825.0,,,,,,,,,,,,,,,,,,,,,,,,,0.12362,61.0493064,0.0,,3.062,0.069,3.062,0.069,0.5,0.011,0.0,0.0,0.0306199999999999,0.069,0.0075,0.0165,0.0,0.0,0.12362,,,,,,,,,,0,,,4.387839341939578e-09,Information
342669,6832.0,8905.266309,RUS,Russia,Amur,3.276729688,0.0,0.65,0.49,6832.0,,,,,,,,,,,,,,,,,,,,,,,,,0.35662,65.53459376,0.0,,10.125,0.114,3.312,0.037,9.0,0.101,0.0,0.0,0.03312,0.037,0.135,0.1515,0.0,0.0,0.35662,0.0,0.0,4.78125,0.0536901405750187,0.0,0.0,0.16734375,0.1879154920125654,0.3552592420125654,0,,,2.426541258001265e-06,Information
342670,6833.0,9538.289542,RUS,Russia,Zabaykal'ye,2.39240345,0.0,0.65,0.49,6833.0,,,,,,,,,,,,,,,,,,,,,,,,,2.2785316132404123,47.848069,0.0,,8.75,0.092,2.812,0.029,8.75,0.092,0.0,0.0,0.02812,0.029,0.13125,0.138,0.0,0.0,0.32637,0.0,0.0,31.78125,0.3331965323544035,0.0,0.0,1.11234375,1.1661878632404123,2.2785316132404123,136,,,0.0008721588756919,Information
342680,6834.0,14662.95448,RUS,Russia,Zabaykal'ye,3.458523068,0.0,0.65,0.49,6834.0,,,,,,,,,,,,,,,,,,,,,,,,,1.6225954960443465,69.17046135999999,0.0,,7.875,0.054,4.125,0.028,7.688,0.052,0.0,0.0,0.04125,0.028,0.11532,0.078,0.0,0.0,0.26257,0.0,0.0,27.5625,0.1879737131555276,0.0,0.0,0.9646875,0.6579079960443466,1.6225954960443465,1336,,,0.0016176656786259,Information
342690,6835.0,22554.86578,RUS,Russia,Zabaykal'ye,1.515073943,0.0,0.65,0.49,6835.0,,,,,,,,,,,,,,,,,,,,,,,,,0.9093188867169876,30.30147886,0.0,,7.688,0.034,3.375,0.015,6.75,0.03,0.062,0.0,0.03375,0.015,0.10125,0.045,0.00155,0.0,0.19655,0.0,0.0,18.0,0.0798053962048536,0.0,0.0,0.63,0.2793188867169875,0.9093188867169876,0,,,7.14886321579256e-06,Information
342710,6836.0,4401.926159,RUS,Russia,Sakha,2.5630801,0.0,0.65,0.49,6836.0,,,,,,,,,,,,,,,,,,,,,,,,,18.05383050792741,51.261602,0.0,,90.812,2.063,19.0,0.432,14.312,0.325,23.812,0.541,0.19,0.432,0.21468,0.4875,0.5953,1.3525,3.27198,28.265625,0.6421194717363432,145.546875,3.306436085806544,0.423984375,0.9631792076045148,5.094140625,11.572526300322902,18.05383050792741,21931,,,0.1603283460059389,Information
342720,6837.0,9785.432077,RUS,Russia,Sakha,3.483141019,0.0,0.65,0.49,6837.0,,,,,,,,,,,,,,,,,,,,,,,,,2.641458437447663,69.66282038,0.0,,44.312,0.453,11.562,0.118,10.312,0.105,7.0,0.072,0.11562,0.118,0.15468,0.1575,0.175,0.18,0.9007999999999998,7.03125,0.0718542619724253,34.3125,0.3506487984254358,0.10546875,0.1077813929586379,1.2009375,1.227270794489025,2.641458437447663,15,,,0.0073224593454197,Information
342730,6838.0,12670.97278,RUS,Russia,Sakha,2.123553622,0.0,0.65,0.49,6838.0,,,,,,,,,,,,,,,,,,,,,,,,,6.754390125324246,42.47107244,0.0,,55.125,0.435,16.625,0.131,22.625,0.179,22.688,0.179,0.16625,0.131,0.339375,0.2684999999999999,0.5672,0.4475,1.919825,44.296875,0.3495933246795073,88.875,0.7014062895157099,0.664453125,0.524389987019261,3.110625,2.454922013304985,6.754390125324246,986,,,0.0160929099624811,Information
342740,6839.0,26719.55247,RUS,Russia,Irkutsk,2.242138731,0.0,0.65,0.49,6839.0,6839.0,0.0,1.0,-9999.0,-9999.0,-9999.0,0.0,10.0,-999.9,-999.9,-999.9,-5979.4,0.0,0.0,0.0,0.0,0.0,0.0,0.0,0.0,0.0,0.0,0.0,-5979.4,2.8070288498673333,44.84277462,0.0,,49.938,0.187,34.062,0.127,4.688,0.018,5.0,0.019,0.34062,0.127,0.07032,0.0269999999999999,0.125,0.0475,0.73744,12.796875,0.0478932984254233,52.875,0.1978887934940567,0.191953125,0.0718399476381349,1.850625,0.6926107772291984,2.8070288498673333,811,,,0.0014503904031052,Information
342750,6840.0,6437.601734,RUS,Russia,Sakha,2.849402249,0.0,0.65,0.49,6840.0,,,,,,,,,,,,,,,,,,,,,,,,,3.5978628609950363,56.988044980000005,0.0,,18.25,0.283,4.438,0.069,3.812,0.059,2.938,0.046,0.0443799999999999,0.069,0.05718,0.0885,0.07345,0.1149999999999999,0.44751,8.296875,0.1288814583819432,36.703125,0.570136620977749,0.124453125,0.1933221875729148,1.284609375,1.9954781734221207,3.5978628609950363,526,,,0.0065481814760345,Information
342761,6841.0,3111.503348,RUS,Russia,Sakha,3.40686812,0.0,0.65,0.49,6841.0,6841.0,0.0,1.0,-9999.0,-9999.0,-9999.0,0.0,10.0,-999.9,-999.9,-999.9,-5979.4,0.0,0.0,0.0,0.0,0.0,0.0,0.0,0.0,0.0,0.0,0.0,-5979.4,2.6043756873452453,68.1373624,0.0,,5.0,0.161,0.875,0.028,1.312,0.042,0.25,0.008,0.00875,0.028,0.01968,0.063,0.00625,0.02,0.14568,2.8125,0.0903903896402842,16.453125,0.5287837793956626,0.0421875,0.1355855844604263,0.575859375,1.850743227884819,2.6043756873452453,361,,,0.0061357189631655,Information
342762,6842.0,6212.336507,RUS,Russia,Sakha,1.374573353,0.0,0.65,0.49,6842.0,,,,,,,,,,,,,,,,,,,,,,,,,1.313755,27.49146706,0.0,,73.562,1.184,43.688,0.703,2.375,0.038,1.25,0.02,0.43688,0.703,0.035625,0.0569999999999999,0.03125,0.05,1.313755,1.125,0.0181091284841197,9.703125,0.1561912331755331,0.016875,0.0271636927261795,0.339609375,0.5466693161143659,0.9303173838405454,3167,,,3.025478078312683e-05,Information
342764,6844.0,4303.751651,RUS,Russia,Sakha,0.630959071,0.0,0.65,0.49,6844.0,,,,,,,,,,,,,,,,,,,,,,,,,0.35062,12.61918142,0.0,,21.812,0.507,10.562,0.245,0.0,0.0,0.0,0.0,0.1056199999999999,0.245,0.0,0.0,0.0,0.0,0.35062,,,,,,,,,,3346,,,1.7112005249190657e-08,Information
342765,6845.0,12038.58007,RUS,Russia,Sakha,3.393404029,0.0,0.65,0.49,6845.0,,,,,,,,,,,,,,,,,,,,,,,,,0.4705749999999999,67.86808058,0.0,,65.062,0.54,20.625,0.171,2.625,0.022,0.438,0.004,0.20625,0.171,0.039375,0.033,0.01095,0.01,0.4705749999999999,,,,,,,,,,30,,,1.2018871410863989e-05,Information
342766,6846.0,2907.593652,RUS,Russia,Sakha,2.025838148,0.0,0.65,0.49,6846.0,,,,,,,,,,,,,,,,,,,,,,,,,0.817875,40.51676296,0.0,,45.625,1.569,16.375,0.563,1.375,0.047,0.0,0.0,0.16375,0.563,0.020625,0.0705,0.0,0.0,0.817875,2.390625,0.0822200515576569,2.390625,0.0822200515576569,0.035859375,0.1233300773364853,0.083671875,0.2877701804517991,0.5306315077882845,0,,,9.065702273262211e-06,Information
342768,6848.0,3832.064472,RUS,Russia,Sakha,4.005701762,0.0,0.65,0.49,6848.0,,,,,,,,,,,,,,,,,,,,,,,,,1.80502,80.11403524,0.0,,54.562,1.424,39.125,1.021,6.938,0.181,0.188,0.005,0.39125,1.021,0.10407,0.2714999999999999,0.0046999999999999,0.0125,1.80502,1.40625,0.0366969295633001,1.40625,0.0366969295633001,0.02109375,0.0550453943449501,0.04921875,0.1284392534715503,0.2537971478165005,65,,,0.0082100287284494,Information
342769,6849.0,3229.351815,RUS,Russia,Sakha,4.000310238,0.0,0.65,0.49,6849.0,,,,,,,,,,,,,,,,,,,,,,,,,0.33848,80.00620476,0.0,,16.688,0.517,8.0,0.248,0.062,0.002,0.062,0.002,0.08,0.248,0.0009299999999999,0.003,0.00155,0.005,0.33848,1.125,0.0348367122692921,1.125,0.0348367122692921,0.016875,0.0522550684039381,0.039375,0.1219284929425223,0.2304335613464604,0,,,2.264292227191155e-05,Information
342770,6850.0,14361.98657,RUS,Russia,Sakha,4.034104258,0.0,0.65,0.49,6850.0,6850.0,0.0,2.0,3.0,2.0,-9999.0,0.0,9.0,0.3,0.2,-999.9,-1980.8,0.0,0.0,0.0,0.0,0.0,0.0,0.0,0.0,0.0,0.0,0.0,-1980.8,5.427971496812639,80.68208516,0.0,,91.125,0.634,42.812,0.298,27.375,0.191,22.375,0.156,0.42812,0.298,0.410625,0.2865,0.559375,0.39,2.37262,36.140625,0.2516408493983073,75.9375,0.5287395279186224,0.542109375,0.3774612740974609,2.6578125,1.8505883477151783,5.427971496812639,23800,,,0.1021372044427099,Information
342780,6851.0,14236.11845,RUS,Russia,Sakha,3.610864745,0.0,0.65,0.49,6851.0,,,,,,,,,,,,,,,,,,,,,,,,,0.62663,72.2172949,0.0,,49.562,0.348,32.188,0.226,2.875,0.02,0.125,0.001,0.32188,0.226,0.043125,0.03,0.003125,0.0025,0.62663,3.375,0.0237073048434395,4.078125,0.0286463266858227,0.050625,0.0355609572651592,0.142734375,0.1002621434003794,0.3291824756655387,2025,,,7.477583499722311e-05,Information
342790,6852.0,341.8779225,RUS,Russia,Sakha,4.01695804,0.0,0.65,0.49,6852.0,,,,,,,,,,,,,,,,,,,,,,,,,7.658124999999999,80.33916079999999,0.0,,27.375,8.007,14.5,4.241,3.25,0.951,2.375,0.695,0.145,4.241,0.04875,1.4265,0.059375,1.7374999999999998,7.658124999999999,3.515625,1.028327589646984,5.625,1.6453241434351742,0.052734375,1.542491384470476,0.196875,5.75863450202311,7.550735261493585,2771,,,0.1728758432095776,Information
342810,6853.0,336.7280854,RUS,Russia,Sakha,3.975211143,0.0,0.65,0.49,6853.0,,,,,,,,,,,,,,,,,,,,,,,,,1.7949249999999997,79.50422286,0.0,,8.75,2.599,3.812,1.132,0.312,0.093,0.625,0.186,0.03812,1.132,0.00468,0.1395,0.015625,0.4649999999999999,1.7949249999999997,0.0,0.0,0.5625,0.1670487328848658,0.0,0.0,0.0196875,0.5846705650970303,0.6043580650970303,2460,,,0.0074406361593096,Information
342820,6854.0,18257.00391,RUS,Russia,Irkutsk,2.585848584,0.0,0.65,0.49,6854.0,,,,,,,,,,,,,,,,,,,,,,,,,0.5397725805217694,51.71697168,0.0,,15.812,0.087,13.062,0.072,0.562,0.003,0.688,0.004,0.1306199999999999,0.072,0.00843,0.0045,0.0171999999999999,0.01,0.2427499999999999,1.265625,0.0069322710673222,9.421875,0.0516069068345103,0.018984375,0.0103984066009833,0.329765625,0.180624173920786,0.5397725805217694,2382,,,3.5000166338706584e-06,Information
342830,6855.0,17458.44573,RUS,Russia,Irkutsk,2.775835151,0.0,0.65,0.49,6855.0,,,,,,,,,,,,,,,,,,,,,,,,,1.0914907657591906,55.51670302,0.0,,30.812,0.176,25.375,0.145,8.625,0.049,4.0,0.023,0.25375,0.145,0.129375,0.0735,0.1,0.0574999999999999,0.7591249999999999,6.890625,0.0394687196498487,16.875,0.096658088938405,0.103359375,0.059203079474773,0.590625,0.3383033112844175,1.0914907657591906,169,,,0.0001046290675217,Information
342850,6857.0,12732.50678,RUS,Russia,Irkutsk,2.73875347,0.0,0.65,0.49,6857.0,6857.0,0.0,1.0,2.0,-9999.0,-9999.0,0.0,10.0,0.2,-999.9,-999.9,-3979.2,0.0,0.0,0.0,0.0,0.0,0.0,0.0,0.0,0.0,0.0,0.0,-3979.2,1.835326458802338,54.77506939999999,0.0,,5.312,0.042,4.938,0.039,2.5,0.02,1.688,0.013,0.04938,0.039,0.0375,0.03,0.0421999999999999,0.0325,0.2305799999999999,5.203125,0.0408648908696121,27.140625,0.2131601064279771,0.078046875,0.0612973363044181,0.949921875,0.7460603724979198,1.835326458802338,3850,,,0.000676660078676,Information
342861,6858.0,5079.094138,RUS,Russia,Irkutsk,3.15483047,0.0,0.65,0.49,6858.0,6858.0,0.0,1.0,2.0,2.0,-9999.0,0.0,10.0,0.2,0.2,-999.9,-1979.0,0.0,0.0,0.0,0.0,0.0,0.0,0.0,0.0,0.0,0.0,0.0,-1979.0,3.9014929938844185,63.0966094,0.0,,,,,,,,,,,,,,,,,0.0,0.0,37.546875,0.7392435339669767,0.0,0.0,1.314140625,2.5873523688844187,3.9014929938844185,2772,,,0.0123217988302772,Information
342865,6862.0,7083.989932,RUS,Russia,Irkutsk,3.296009662,0.0,0.65,0.49,6862.0,,,,,,,,,,,,,,,,,,,,,,,,,4.011979004597152,65.92019324,0.0,,11.688,0.165,8.438,0.119,0.0,0.0,0.062,0.001,0.08438,0.119,0.0,0.0,0.00155,0.0025,0.20743,0.0,0.0,47.53125,0.6709672155991864,0.0,0.0,1.66359375,2.348385254597152,4.011979004597152,15848,,,0.0162008183291473,Information
342866,6863.0,7639.369843,RUS,Russia,Irkutsk,1.066881119,0.0,0.65,0.49,6863.0,,,,,,,,,,,,,,,,,,,,,,,,,4.523131166938383,21.33762238,0.0,,6.0,0.079,6.0,0.079,0.0,0.0,0.125,0.002,0.06,0.079,0.0,0.0,0.003125,0.005,0.147125,0.0,0.0,55.96875,0.7326356905538236,0.0,0.0,1.95890625,2.5642249169383824,4.523131166938383,1187,,,0.0021453425321806,Information
342868,6865.0,5730.29963,RUS,Russia,Irkutsk,2.012782457,0.0,0.65,0.49,6865.0,,,,,,,,,,,,,,,,,,,,,,,,,0.93226490249826,40.25564914,0.0,,10.375,0.181,10.375,0.181,0.0,0.0,0.0,0.0,0.10375,0.181,0.0,0.0,0.0,0.0,0.28475,0.0,0.0,9.703125,0.1693301507137886,0.0,0.0,0.339609375,0.5926555274982601,0.93226490249826,476,,,1.5897552493560542e-05,Information
342880,6868.0,12464.48854,RUS,Russia,Irkutsk,3.033971635,0.0,0.65,0.49,6868.0,,,,,,,,,,,,,,,,,,,,,,,,,0.4014999999999999,60.6794327,0.0,,23.688,0.19,22.25,0.179,0.0,0.0,0.0,0.0,0.2225,0.179,0.0,0.0,0.0,0.0,0.4014999999999999,0.0,0.0,2.53125,0.020307692462737,0.0,0.0,0.08859375,0.0710769236195795,0.1596706736195794,11705,,,2.277598622302592e-06,Information
342891,6869.0,7734.301151,RUS,Russia,Irkutsk,4.000615659,0.0,0.65,0.49,6869.0,,,,,,,,,,,,,,,,,,,,,,,,,0.8464179093703875,80.01231318,0.0,,5.5,0.071,5.125,0.066,0.0,0.0,0.0,0.0,0.05125,0.066,0.0,0.0,0.0,0.0,0.11725,0.0,0.0,10.546875,0.1363649383915393,0.0,0.0,0.369140625,0.4772772843703875,0.8464179093703875,1816,,,0.0007838286444926,Information
342897,6875.0,8812.559344,RUS,Russia,Irkutsk,3.734713965,0.0,0.65,0.49,6875.0,6875.0,0.0,5.0,5.0,2.0,-9999.0,0.0,6.0,0.5,0.2,-999.9,-1986.4,0.0,0.0,0.0,0.0,0.0,0.0,0.0,0.0,0.0,0.0,0.0,-1986.4,0.2206458192223949,74.6942793,0.0,,,,,,,,,,,,,,,,,0.0,0.0,2.953125,0.03351041263497,0.0,0.0,0.103359375,0.1172864442223949,0.2206458192223949,5401,,,1.0569080053217884e-06,Information
342910,6878.0,6460.930302,RUS,Russia,Irkutsk,4.000158972,0.0,0.65,0.49,6878.0,,,,,,,,,,,,,,,,,,,,,,,,,1.6982444232415284,80.00317944000001,0.0,,17.5,0.271,15.0,0.232,1.75,0.027,2.125,0.033,0.15,0.232,0.02625,0.0405,0.053125,0.0825,0.584375,0.140625,0.0021765441418597,18.984375,0.2938334591510683,0.002109375,0.0032648162127895,0.664453125,1.028417107028739,1.6982444232415284,1424,,,0.0068319812857608,Information
342920,6879.0,18798.69322,RUS,Russia,Irkutsk,2.573250551,0.0,0.65,0.49,6879.0,,,,,,,,,,,,,,,,,,,,,,,,,2.0282803381490635,51.465011020000006,0.0,,12.688,0.067,9.125,0.049,0.438,0.002,0.125,0.001,0.09125,0.049,0.00657,0.003,0.003125,0.0025,0.1554449999999999,2.953125,0.0157092036390125,36.5625,0.1944949021972985,0.044296875,0.0235638054585187,1.2796875,0.6807321576905447,2.0282803381490635,827,,,0.0007489330089467,Information
342931,6880.0,4547.610018,RUS,Russia,Irkutsk,3.483604575,0.0,0.65,0.49,6880.0,,,,,,,,,,,,,,,,,,,,,,,,,0.9424427948625116,69.67209150000001,0.0,,1.562,0.034,1.562,0.034,1.125,0.025,1.062,0.023,0.01562,0.034,0.016875,0.0375,0.02655,0.0574999999999999,0.188045,5.203125,0.1144144942000617,6.1875,0.1360604795892626,0.078046875,0.1716217413000925,0.2165625,0.4762116785624191,0.9424427948625116,1317,,,0.000258925803903,Information
342932,6881.0,9402.882033,RUS,Russia,Irkutsk,1.388207516,0.0,0.65,0.49,6881.0,,,,,,,,,,,,,,,,,,,,,,,,,0.1813626314424687,27.76415032,0.0,,4.875,0.052,4.5,0.048,0.438,0.005,0.125,0.001,0.045,0.048,0.00657,0.0075,0.003125,0.0025,0.112695,1.265625,0.0134599689277155,1.96875,0.020937729443113,0.018984375,0.0201899533915732,0.06890625,0.0732820530508955,0.1813626314424687,1346,,,1.0674655432510527e-09,Information
342933,6882.0,7381.019586,RUS,Russia,Irkutsk,4.002736206,0.0,0.65,0.49,6882.0,6882.0,0.0,2.0,7.0,2.0,2.0,0.0,9.0,0.7,0.2,0.2,20.2,0.0,0.0,0.0,0.0,0.0,0.0,0.0,0.0,0.0,0.0,0.0,20.2,20.2,80.05472412,0.0,,3.688,0.05,3.188,0.043,0.562,0.008,0.625,0.008,0.03188,0.043,0.00843,0.012,0.015625,0.02,0.130935,6.328125,0.0857351064660129,19.40625,0.2629209931624396,0.094921875,0.1286026596990193,0.67921875,0.9202234760685386,1.822966760767558,16309,,,0.505062556195323,Advisory
342935,6884.0,6392.742062,RUS,Russia,Irkutsk,3.397276535,0.0,0.65,0.49,6884.0,,,,,,,,,,,,,,,,,,,,,,,,,1.7849750832573137,67.9455307,0.0,,2.625,0.041,1.875,0.029,0.375,0.006,0.812,0.013,0.01875,0.029,0.005625,0.009,0.0203,0.0325,0.115175,1.125,0.0175980821536535,19.40625,0.3035669171505238,0.016875,0.0263971232304802,0.67921875,1.0624842100268332,1.7849750832573137,16,,,0.0019383011411285,Information
342937,6886.0,6608.237992,RUS,Russia,Zabaykal'ye,3.099204492,0.0,0.65,0.49,6886.0,,,,,,,,,,,,,,,,,,,,,,,,,2.3096491423896306,61.98408984,0.0,,3.062,0.046,2.375,0.036,1.062,0.016,0.938,0.014,0.02375,0.036,0.01593,0.024,0.02345,0.035,0.15813,16.3125,0.2468509763078762,19.265625,0.2915395151222332,0.2446875,0.3702764644618143,0.674296875,1.0203883029278162,2.3096491423896306,41,,,0.002547943277242,Information
342939,6888.0,516.8121012,RUS,Russia,Zabaykal'ye,2.436747216,0.0,0.65,0.49,6888.0,,,,,,,,,,,,,,,,,,,,,,,,,7.4831709934503134,48.73494432,0.0,,0.25,0.048,0.25,0.048,0.438,0.085,0.438,0.085,0.0025,0.048,0.00657,0.1275,0.01095,0.2125,0.40802,6.46875,1.2516638028631526,7.734375,1.4965545469015955,0.09703125,1.877495704294729,0.270703125,5.237940914155584,7.4831709934503134,746,,,0.0271551937278497,Information
342940,6889.0,11943.54691,RUS,Russia,Buryat,2.692349212,0.0,0.65,0.49,6889.0,,,,,,,,,,,,,,,,,,,,,,,,,2.4893603173696746,53.84698424,0.0,,23.062,0.193,16.5,0.138,12.562,0.105,5.375,0.045,0.165,0.138,0.18843,0.1575,0.134375,0.1124999999999999,0.895805,29.953125,0.2507891937983816,25.875,0.2166441861920292,0.449296875,0.3761837906975724,0.905625,0.7582546516721022,2.4893603173696746,10881,,,0.0017505134143163,Information
342950,6890.0,11273.15077,RUS,Russia,Buryat,2.249041925,0.0,0.65,0.49,6890.0,,,,,,,,,,,,,,,,,,,,,,,,,2.8168844778896664,44.9808385,0.0,,6.812,0.06,5.438,0.048,1.75,0.016,0.5,0.004,0.05438,0.048,0.02625,0.024,0.0125,0.01,0.17513,21.09375,0.1871149462397079,33.609375,0.2981364810086013,0.31640625,0.2806724193595618,1.176328125,1.0434776835301045,2.8168844778896664,1278,,,0.001479092347336,Information
342964,6894.0,16571.69095,RUS,Russia,Buryat,2.198732462,0.0,0.65,0.49,6894.0,,,,,,,,,,,,,,,,,,,,,,,,,2.4171838728075103,43.974649240000005,0.0,,23.938,0.144,17.312,0.104,0.562,0.003,0.312,0.002,0.17312,0.104,0.00843,0.0045,0.0078,0.005,0.30285,27.984375,0.1688685547469166,31.078125,0.1875374401963245,0.419765625,0.2533028321203748,1.087734375,0.6563810406871358,2.4171838728075103,6430,,,0.0008355549227083,Information
342965,6895.0,9077.67605,RUS,Russia,Buryat,2.137992651,0.0,0.65,0.49,6895.0,,,,,,,,,,,,,,,,,,,,,,,,,10.985147337298663,42.75985302,0.0,,86.562,0.954,76.0,0.837,19.312,0.213,10.062,0.111,0.76,0.837,0.28968,0.3195,0.25155,0.2775,2.73523,132.890625,1.463927818804745,92.390625,1.0177783883118705,1.993359375,2.1958917282071178,3.233671875,3.5622243590915468,10.985147337298663,400,,,0.0493987590316275,Information
342966,6896.0,3587.050849,RUS,Russia,Buryat,3.10272591,0.0,0.65,0.49,6896.0,,,,,,,,,,,,,,,,,,,,,,,,,2.578075102371028,62.0545182,0.0,,5.312,0.148,4.375,0.122,0.625,0.017,0.062,0.002,0.04375,0.122,0.009375,0.0255,0.00155,0.005,0.207175,8.296875,0.2313007356196088,15.890625,0.4429997139833185,0.124453125,0.3469511034294131,0.556171875,1.5504989989416147,2.578075102371028,1534,,,0.0035821682062538,Information
342967,6897.0,747.8980199,RUS,Russia,Buryat,4.008362137,0.0,0.65,0.49,6897.0,,,,,,,,,,,,,,,,,,,,,,,,,3.667923915751421,80.16724273999999,0.0,,5.312,0.71,5.0,0.669,1.438,0.192,0.5,0.067,0.05,0.669,0.02157,0.288,0.0125,0.1675,1.20857,4.21875,0.5640809158266812,5.484375,0.7333051905746856,0.06328125,0.8461213737400217,0.191953125,2.5665681670114,3.667923915751421,6,,,0.0457335356812108,Information
342968,6898.0,1652.0627,RUS,Russia,Buryat,4.022254944,0.0,0.65,0.49,6898.0,,,,,,,,,,,,,,,,,,,,,,,,,1.80031,80.44509888,0.0,,36.0,2.179,23.938,1.449,1.062,0.064,0.0,0.0,0.2393799999999999,1.449,0.01593,0.096,0.0,0.0,1.80031,0.421875,0.0255362584057516,3.796875,0.2298263256517649,0.006328125,0.0383043876086274,0.132890625,0.8043921397811771,0.9819152773898046,1423,,,0.0085333629879295,Information
342969,6899.0,4289.053998,RUS,Russia,Buryat,3.510533374,0.0,0.65,0.49,6899.0,,,,,,,,,,,,,,,,,,,,,,,,,0.5903030730377232,70.21066748,0.0,,6.75,0.157,6.75,0.157,0.0,0.0,0.0,0.0,0.0675,0.157,0.0,0.0,0.0,0.0,0.2245,0.0,0.0,5.0625,0.1180330208679209,0.0,0.0,0.1771875,0.4131155730377231,0.5903030730377232,0,,,4.404183135582339e-05,Information
342995,6906.0,13501.77182,RUS,Russia,Zabaykal'ye,3.073989181,0.0,0.65,0.49,6906.0,,,,,,,,,,,,,,,,,,,,,,,,,0.8714096693808001,61.47978362,0.0,,39.375,0.292,28.875,0.214,7.688,0.057,1.5,0.011,0.28875,0.214,0.11532,0.0855,0.0375,0.0274999999999999,0.76857,8.4375,0.0624917982102472,10.6875,0.0791562777329798,0.1265625,0.0937376973153708,0.3740625,0.2770469720654293,0.8714096693808001,26,,,7.568035510934561e-05,Information
343000,6911.0,10016.83493,RUS,Russia,Sakha,3.371245401,3.050782181,0.65,0.49,6911.0,,,,,,,,,,,,,,,,,,,,,,,,,38.74054270824895,67.42490802,61.015643620000006,,8.75,0.087,5.5,0.055,1.5,0.015,2.125,0.021,0.055,0.055,0.0225,0.0225,0.053125,0.0525,0.260625,25.875,0.2583151282690996,542.8125,5.419002147384373,0.388125,0.3874726924036493,18.9984375,18.966507515845304,38.74054270824895,6951,,,0.5688074050098532,Advisory
351101,6912.0,1278.403361,RUS,Russia,Sakha,1.535399253,0.0,0.65,0.49,6912.0,,,,,,,,,,,,,,,,,,,,,,,,,5.830960672163342,30.70798506,0.0,,1.125,0.088,0.75,0.059,0.875,0.068,0.5,0.039,0.0075,0.059,0.013125,0.102,0.0125,0.0975,0.291625,3.375,0.2640011832594047,17.4375,1.3640061135069244,0.050625,0.396001774889107,0.6103125,4.774021397274235,5.830960672163342,0,,,0.0066590503873519,Information
351104,6915.0,1668.567332,RUS,Russia,Sakha,4.017022113,0.0,0.65,0.49,6915.0,,,,,,,,,,,,,,,,,,,,,,,,,45.502560413069205,80.34044226,0.0,3.0,1.125,0.067,0.812,0.049,1.312,0.079,2.188,0.131,0.00812,0.049,0.01968,0.1185,0.0547,0.3275,0.5775,61.03125,3.6577037565965065,159.75,9.574081722335556,0.91546875,5.48655563489476,5.59125,33.509286028174444,45.502560413069205,0,0.0,0.0,0.7993228528683145,Watch
351108,6919.0,38950.29425,RUS,Russia,Sakha,3.081292994,0.0,0.65,0.49,6919.0,6919.0,0.0,1.0,2.0,-9999.0,-9999.0,0.0,10.0,0.2,-999.9,-999.9,-3979.2,0.0,0.0,0.0,0.0,0.0,0.0,0.0,0.0,0.0,0.0,0.0,-3979.2,93.51866959802662,61.62585988,0.0,3.0,240.062,0.616,151.438,0.389,304.5,0.782,303.0,0.778,1.5143799999999998,0.389,4.5675,1.173,7.575,1.945,17.16388,2212.03125,5.679113065351079,6056.15625,15.548422331367425,15.0,8.51866959802662,35.0,35.0,93.51866959802662,944,467.0,49.47,0.8134756703392608,Warning
351211,6920.0,1636.07031,RUS,Russia,Sakha,4.016562331,0.0,0.65,0.49,6920.0,,,,,,,,,,,,,,,,,,,,,,,,,93.266640625,80.33124662,0.0,3.0,128.938,7.881,71.938,4.397,500.562,30.595,453.812,27.738,0.71938,4.397,7.508430000000001,15.0,11.3453,25.0,63.97011,551.109375,33.684944442657546,1173.65625,71.73629658546055,8.266640625,15.0,35.0,35.0,93.266640625,313,211.0,67.41,0.9401972093854818,Warning
351212,6921.0,4387.674746,RUS,Russia,Sakha,3.309655926,0.0,0.65,0.49,6921.0,,,,,,,,,,,,,,,,,,,,,,,,,97.025546875,66.19311852,0.0,3.0,134.062,3.055,68.25,1.555,225.312,5.135,214.562,4.89,0.6825,1.555,3.37968,7.7025,5.36405,12.225,30.90873,801.703125,18.271708170635176,2207.8125,50.31850873162116,12.025546875,15.0,35.0,35.0,97.025546875,65,0.0,0.0,0.8541294798282292,Warning
351213,6922.0,1006.113196,RUS,Russia,Sakha,4.036179625,0.0,0.65,0.49,6922.0,,,,,,,,,,,,,,,,,,,,,,,,,74.191015625,80.7235925,0.0,3.0,105.375,10.473,68.75,6.833,174.938,17.387,179.25,17.816,0.6875,6.833,2.62407,15.0,4.48125,25.0,54.62582,330.75,32.87403459896528,549.421875,54.60835594309411,4.96125,15.0,19.229765625,35.0,74.191015625,0,0.0,0.0,0.9111323867630234,Warning
351214,6923.0,3026.319417,RUS,Russia,Sakha,2.759465963,0.0,0.65,0.49,6923.0,,,,,,,,,,,,,,,,,,,,,,,,,88.292890625,55.18931926,0.0,3.0,173.375,5.729,133.688,4.417,217.0,7.17,205.875,6.803,1.3368799999999998,4.417,3.255,10.755,5.146875,17.0075,41.918255,459.421875,15.180878542656176,897.1875,29.646160116971654,6.891328125,15.0,31.4015625,35.0,88.292890625,18,0.0,0.0,0.7511816966678215,Warning
351215,6924.0,10867.98384,RUS,Russia,Sakha,3.740177416,0.0,0.65,0.49,6924.0,6924.0,0.0,1.0,-9999.0,-9999.0,-9999.0,0.0,10.0,-999.9,-999.9,-999.9,-5979.4,0.0,0.0,0.0,0.0,0.0,0.0,0.0,0.0,0.0,0.0,0.0,-5979.4,91.35308869162796,74.80354832,0.0,3.0,107.812,0.992,79.0,0.727,141.875,1.305,143.312,1.319,0.79,0.727,2.128125,1.9575,3.5828,3.2975,12.482925,741.375,6.821642461085317,1300.921875,11.970222763182903,11.120625,10.232463691627975,35.0,35.0,91.35308869162796,1138,665.0,58.44,0.901132051089564,Warning
351217,6926.0,3844.850918,RUS,Russia,Sakha,1.132195004,0.0,0.65,0.49,6926.0,,,,,,,,,,,,,,,,,,,,,,,,,25.26552581794452,22.64390008,0.0,,4.062,0.106,0.75,0.02,6.0,0.156,11.625,0.302,0.0075,0.02,0.09,0.2339999999999999,0.290625,0.755,1.397125,90.421875,2.351765436980324,161.71875,4.206112367849724,1.356328125,3.527648155470485,5.66015625,14.721393287474037,25.26552581794452,0,,,0.1315746376541363,Information
351219,6928.0,844.2923348,RUS,Russia,Sakha,0.738342938,0.0,0.65,0.49,6928.0,,,,,,,,,,,,,,,,,,,,,,,,,48.76772792836785,14.766858759999998,0.0,,0.438,0.052,0.0,0.0,1.938,0.229,6.062,0.718,0.0,0.0,0.02907,0.3435,0.15155,1.795,2.31912,52.734375,6.245985285578566,103.078125,12.208819238210904,0.791015625,9.36897792836785,3.607734375,35.0,48.76772792836785,0,,,0.288312413006707,Advisory
351221,6929.0,795.7545018,RUS,Russia,Sakha,2.611235612,0.0,0.65,0.49,6929.0,6929.0,0.0,1.0,2.0,-9999.0,-9999.0,0.0,10.0,0.2,-999.9,-999.9,-3979.2,0.0,0.0,0.0,0.0,0.0,0.0,0.0,0.0,0.0,0.0,0.0,-3979.2,43.5357349155324,52.22471224,0.0,,1.125,0.141,0.0,0.0,1.188,0.149,2.25,0.283,0.0,0.0,0.01782,0.2234999999999999,0.05625,0.7074999999999999,1.00507,24.046875,3.0218961936882662,104.0625,13.07721159841706,0.360703125,4.532844290532399,3.6421875,35.0,43.5357349155324,0,,,0.4629810081466305,Advisory
351223,6931.0,11048.42881,RUS,Russia,Sakha,3.132567049,0.0,0.65,0.49,6931.0,,,,,,,,,,,,,,,,,,,,,,,,,39.430337581608086,62.65134098,0.0,,3.75,0.034,0.688,0.006,3.688,0.033,14.312,0.13,0.00688,0.006,0.05532,0.0495,0.3578,0.325,0.8005,130.640625,1.1824362295022366,535.359375,4.845570210672782,1.959609375,1.7736543442533548,18.737578125,16.959495737354736,39.430337581608086,148,,,0.521627426988611,Advisory
351224,6932.0,7097.377056,RUS,Russia,Sakha,1.79907642,0.0,0.65,0.49,6932.0,,,,,,,,,,,,,,,,,,,,,,,,,28.10027286443438,35.9815284,0.0,,16.312,0.23,4.188,0.059,2.812,0.04,12.812,0.181,0.04188,0.059,0.04218,0.06,0.3203,0.4525,0.97586,71.859375,1.0124779116908944,302.484375,4.261917784828011,1.077890625,1.5187168675363416,10.586953125,14.916712246898038,28.10027286443438,2169,,,0.2051424492499065,Information
351225,6933.0,1046.140065,RUS,Russia,Sakha,3.650522173,0.0,0.65,0.49,6933.0,,,,,,,,,,,,,,,,,,,,,,,,,45.180438273841496,73.01044346,0.0,3.0,0.0,0.0,0.0,0.0,0.0,0.0,0.75,0.072,0.0,0.0,0.0,0.0,0.01875,0.18,0.1987499999999999,30.09375,2.876646349227665,154.6875,14.786499925936594,0.45140625,4.314969523841498,5.4140625,35.0,45.180438273841496,0,0.0,0.0,0.6967983316907711,Watch
351227,6935.0,4071.621825,RUS,Russia,Sakha,2.922143904,0.0,0.65,0.49,6935.0,,,,,,,,,,,,,,,,,,,,,,,,,27.54423947412652,58.44287808,0.0,,3.938,0.097,0.438,0.011,0.25,0.006,2.062,0.051,0.00438,0.011,0.00375,0.009,0.0515499999999999,0.1275,0.20718,51.609375,1.267538519431748,205.59375,5.049431377136828,0.774140625,1.9013077791476216,7.19578125,17.673009819978898,27.54423947412652,57,,,0.3404352689833009,Information
351228,6936.0,3132.44788,RUS,Russia,Sakha,2.452875235,0.0,0.65,0.49,6936.0,,,,,,,,,,,,,,,,,,,,,,,,,10.001801513933078,49.0575047,0.0,,21.938,0.7,8.688,0.277,2.312,0.074,5.312,0.17,0.08688,0.277,0.03468,0.1109999999999999,0.1328,0.425,1.06736,8.4375,0.2693580332071821,64.546875,2.060588954034944,0.1265625,0.4040370498107731,2.259140625,7.212061339122304,10.001801513933078,133,,,0.0517696287368184,Information
351229,6937.0,5598.527954,RUS,Russia,Sakha,3.370889367,0.0,0.65,0.49,6937.0,,,,,,,,,,,,,,,,,,,,,,,,,14.318590414540528,67.41778734,0.0,,13.75,0.246,3.812,0.068,2.75,0.049,7.5,0.134,0.03812,0.068,0.04125,0.0735,0.1875,0.335,0.7433700000000001,25.3125,0.4521277772930072,135.984375,2.428930892457433,0.3796875,0.6781916659395107,4.759453125,8.501258123601016,14.318590414540528,25,,,0.2054793219481278,Information
351230,6938.0,18550.67927,RUS,Russia,Sakha,2.764953198,0.0,0.65,0.49,6938.0,,,,,,,,,,,,,,,,,,,,,,,,,29.24954714987729,55.299063960000005,0.0,,6.25,0.034,1.0,0.005,18.875,0.102,17.125,0.092,0.01,0.005,0.283125,0.153,0.428125,0.2299999999999999,1.1092499999999998,156.9375,0.8459932799410312,475.734375,2.564511887133072,2.3540625,1.2689899199115469,16.650703125,8.975791604965751,29.24954714987729,0,,,0.335735376127881,Information
351241,6939.0,298.5271688,RUS,Russia,Sakha,3.4020012,0.0,0.65,0.49,6939.0,,,,,,,,,,,,,,,,,,,,,,,,,43.05808647980892,68.040024,0.0,3.0,0.0,0.0,0.0,0.0,0.375,0.126,0.438,0.147,0.0,0.0,0.005625,0.189,0.01095,0.3675,0.573075,12.9375,4.33377640320595,38.953125,13.048435474870088,0.1940625,6.500664604808925,1.363359375,35.0,43.05808647980892,0,0.0,0.0,0.6171734834432704,Watch
351243,6941.0,4279.789397,RUS,Russia,Sakha,0.667225979,0.0,0.65,0.49,6941.0,6941.0,0.0,1.0,2.0,-9999.0,-9999.0,0.0,10.0,0.2,-999.9,-999.9,-3979.2,0.0,0.0,0.0,0.0,0.0,0.0,0.0,0.0,0.0,0.0,0.0,-3979.2,31.385072437239938,13.34451958,0.0,,1.438,0.034,0.438,0.01,0.75,0.018,2.938,0.069,0.00438,0.01,0.01125,0.0269999999999999,0.07345,0.1725,0.29858,35.15625,0.8214481307833733,253.6875,5.927569711732822,0.52734375,1.23217219617506,8.8790625,20.74649399106488,31.385072437239938,8411,,,0.1549080749444174,Information
351244,6942.0,17750.68109,RUS,Russia,Sakha,3.5055274,0.0,0.65,0.49,6942.0,,,,,,,,,,,,,,,,,,,,,,,,,8.432243662029666,70.110548,0.0,,3.625,0.02,1.812,0.01,1.812,0.01,1.562,0.009,0.01812,0.01,0.02718,0.015,0.03905,0.0225,0.13185,21.9375,0.1235868071376946,144.703125,0.8151975932351783,0.3290625,0.1853802107065419,5.064609375,2.853191576323124,8.432243662029666,1135,,,0.1028563287108575,Information
351245,6943.0,10260.21731,RUS,Russia,Sakha,3.253571273,0.0,0.65,0.49,6943.0,,,,,,,,,,,,,,,,,,,,,,,,,16.384714951585373,65.07142546,0.0,,2.188,0.021,0.375,0.004,0.312,0.003,2.188,0.021,0.00375,0.004,0.00468,0.0045,0.0547,0.0525,0.12413,32.765625,0.3193463063459693,223.03125,2.173747819161834,0.491484375,0.4790194595189539,7.80609375,7.608117367066419,16.384714951585373,232,,,0.2245380027948792,Information
351246,6944.0,5620.354245,RUS,Russia,Sakha,3.650671739,0.0,0.65,0.49,6944.0,,,,,,,,,,,,,,,,,,,,,,,,,19.22891711430401,73.01343478,0.0,,0.312,0.006,0.312,0.006,0.125,0.002,2.125,0.038,0.00312,0.006,0.001875,0.003,0.053125,0.095,0.16212,43.875,0.7806447438339131,178.875,3.1826285710151843,0.658125,1.1709671157508696,6.260625,11.139199998553146,19.22891711430401,205,,,0.3673335251325846,Advisory
351248,6946.0,2567.627105,RUS,Russia,Sakha,1.773421457,0.0,0.65,0.49,6946.0,,,,,,,,,,,,,,,,,,,,,,,,,4.966154259126169,35.46842914,0.0,,1.25,0.049,0.0,0.0,0.625,0.024,1.438,0.056,0.0,0.0,0.009375,0.036,0.0359499999999999,0.14,0.221325,7.59375,0.2957497210572599,25.734375,1.0022629435829369,0.11390625,0.4436245815858898,0.900703125,3.507920302540279,4.966154259126169,0,,,0.0051660975900655,Information
351249,6947.0,6181.910517,RUS,Russia,Sakha,2.864569932,0.0,0.65,0.49,6947.0,,,,,,,,,,,,,,,,,,,,,,,,,13.038216049342408,57.29139864,0.0,,12.625,0.204,10.875,0.176,0.188,0.003,3.375,0.055,0.10875,0.176,0.00282,0.0045,0.084375,0.1375,0.5139450000000001,36.421875,0.589168589576421,126.703125,2.0495787614222216,0.546328125,0.8837528843646316,4.434609375,7.173525664977776,13.038216049342408,534,,,0.1177093730923581,Information
351250,6948.0,866.7436961,RUS,Russia,Sakha,3.63720627,0.0,0.65,0.49,6948.0,,,,,,,,,,,,,,,,,,,,,,,,,39.81909292070676,72.7441254,0.0,3.0,0.438,0.05,0.188,0.022,4.125,0.476,4.312,0.498,0.00188,0.022,0.061875,0.714,0.1078,1.245,2.152555,37.828125,4.364395746090378,74.53125,8.598995336163197,0.567421875,6.546593619135567,2.60859375,30.09648367657119,39.81909292070676,48,48.0,100.0,0.6476848204851677,Watch
351260,6949.0,19909.07366,RUS,Russia,Sakha,3.188435248,0.0,0.65,0.49,6949.0,,,,,,,,,,,,,,,,,,,,,,,,,27.96641649136281,63.76870496000001,0.0,,2.375,0.012,1.062,0.005,14.5,0.073,36.438,0.183,0.01062,0.005,0.2175,0.1094999999999999,0.91095,0.4575,1.71107,92.953125,0.466888246962594,492.046875,2.4714704631196924,1.394296875,0.7003323704438911,17.221640625,8.650146620918923,27.96641649136281,274,,,0.397848919208052,Advisory
351270,6950.0,25046.37188,RUS,Russia,Sakha,3.132021322,0.0,0.65,0.49,6950.0,,,,,,,,,,,,,,,,,,,,,,,,,35.610605743974375,62.64042644,0.0,,4.0,0.016,1.688,0.007,14.25,0.057,38.438,0.153,0.01688,0.007,0.21375,0.0855,0.96095,0.3825,1.66658,183.65625,0.7332648850880251,648.421875,2.588885440383525,2.75484375,1.0998973276320376,22.694765625,9.061099041342338,35.610605743974375,1483,,,0.4808797624235,Advisory
351280,6951.0,28682.64111,RUS,Russia,Sakha,2.799969781,0.0,0.65,0.49,6951.0,,,,,,,,,,,,,,,,,,,,,,,,,18.000906129133135,55.99939562,0.0,,51.0,0.178,13.75,0.048,25.938,0.09,36.625,0.128,0.1375,0.048,0.3890699999999999,0.135,0.915625,0.32,1.945195,61.3125,0.2137616957069005,355.078125,1.2379547744493669,0.9196875,0.3206425435603507,12.427734375,4.332841710572784,18.000906129133135,2806,,,0.1857194655131211,Information
351290,6952.0,15149.93133,RUS,Russia,Sakha,2.537902616,0.0,0.65,0.49,6952.0,,,,,,,,,,,,,,,,,,,,,,,,,5.560712372667148,50.75805232,0.0,,5.125,0.034,1.125,0.007,6.188,0.041,4.125,0.027,0.01125,0.007,0.09282,0.0615,0.103125,0.0675,0.343195,11.671875,0.0770424283926839,90.703125,0.5987032085937491,0.175078125,0.1155636425890258,3.174609375,2.095461230078122,5.560712372667148,284,,,0.0145909822693736,Information
351310,6953.0,4878.425441,RUS,Russia,Sakha,1.535399253,0.0,0.65,0.49,6953.0,,,,,,,,,,,,,,,,,,,,,,,,,100.0,30.70798506,0.0,3.0,528.75,10.839,322.25,6.606,994.625,20.388,981.375,20.117,3.2225,6.606,14.919375,15.0,24.534375,25.0,89.28225,1424.109375,29.191988119067435,2685.234375,55.04305452094329,15.0,15.0,35.0,35.0,100.0,27,5.0,18.52,0.6431310061619668,Warning
351320,6954.0,20765.35779,RUS,Russia,Sakha,2.965483346,0.0,0.65,0.49,6954.0,,,,,,,,,,,,,,,,,,,,,,,,,94.22867405689053,59.30966692,0.0,3.0,253.375,1.22,132.688,0.639,446.5,2.15,434.688,2.093,1.3268799999999998,0.639,6.6975,3.225,10.8672,5.2325,27.988080000000004,1277.578125,6.1524493712603485,3963.796875,19.08850747690869,15.0,9.228674056890522,35.0,35.0,94.22867405689053,46,16.0,34.78,0.7994712221871585,Warning
351330,6955.0,20232.72923,RUS,Russia,Sakha,0.789616541,0.0,0.65,0.49,6955.0,,,,,,,,,,,,,,,,,,,,,,,,,100.0,15.79233082,0.0,3.0,1715.75,8.48,890.0,4.399,2234.75,11.045,2494.188,12.327,8.9,4.399,15.0,15.0,25.0,25.0,93.299,3597.046875,17.778357209795104,10035.984375,49.60272172451805,15.0,15.0,35.0,35.0,100.0,12,0.0,0.0,0.5682357103486161,Warning
351340,6956.0,7168.943459,RUS,Russia,Sakha,1.276679314,0.0,0.65,0.49,6956.0,,,,,,,,,,,,,,,,,,,,,,,,,100.0,25.53358628,0.0,3.0,985.25,13.743,583.312,8.137,926.875,12.929,1077.25,15.027,5.83312,8.137,13.903125,15.0,25.0,25.0,92.873245,1096.3125,15.292525408616722,2941.59375,41.03245850403343,15.0,15.0,35.0,35.0,100.0,0,0.0,0.0,0.6159350644689929,Warning
351361,6958.0,9299.375943,RUS,Russia,Sakha,3.29869504,0.0,0.65,0.49,6958.0,,,,,,,,,,,,,,,,,,,,,,,,,100.0,65.9739008,0.0,2.0,1975.438,21.243,1110.625,11.943,1850.938,19.904,1899.125,20.422,10.0,10.0,15.0,15.0,25.0,25.0,100.0,2007.84375,21.59116657140892,6269.90625,67.4228710430619,15.0,15.0,35.0,35.0,100.0,0,,,0.859492567517592,Warning
351362,6959.0,3736.058452,RUS,Russia,Sakha,2.219159123,0.0,0.65,0.49,6959.0,,,,,,,,,,,,,,,,,,,,,,,,,100.0,44.38318246,0.0,3.0,830.062,22.218,386.812,10.353,1066.438,28.544,1097.938,29.388,3.86812,10.0,15.0,15.0,25.0,25.0,93.86812,1599.046875,42.80037091289598,3265.59375,87.40745874059189,15.0,15.0,35.0,35.0,100.0,0,0.0,0.0,0.7212922092371123,Warning
351363,6960.0,826.6948179,RUS,Russia,Sakha,3.504047916,0.0,0.65,0.49,6960.0,,,,,,,,,,,,,,,,,,,,,,,,,79.62476562500001,70.08095832000001,0.0,3.0,186.812,22.598,100.75,12.187,219.375,26.536,248.188,30.022,1.0075,10.0,3.290625,15.0,6.2047,25.0,60.502825,315.0,38.10354113336237,711.421875,86.05616722932155,4.725,15.0,24.899765625,35.0,79.62476562500001,0,0.0,0.0,0.8361680196888511,Warning
351364,6961.0,14393.18219,RUS,Russia,Sakha,1.208356097,0.0,0.65,0.49,6961.0,,,,,,,,,,,,,,,,,,,,,,,,,100.0,24.16712194,0.0,3.0,687.312,4.775,307.625,2.137,982.062,6.823,1046.375,7.27,3.07625,2.137,14.73093,10.2345,25.0,18.175,73.35368,2290.78125,15.915738570799585,4624.59375,32.130446816409766,15.0,15.0,35.0,35.0,100.0,98,0.0,0.0,0.6089710505222362,Warning
351366,6963.0,3920.558166,RUS,Russia,Sakha,2.412479872,0.0,0.65,0.49,6963.0,,,,,,,,,,,,,,,,,,,,,,,,,100.0,48.24959744,0.0,3.0,693.5,17.689,364.0,9.284,817.375,20.848,954.562,24.348,3.64,9.284,12.260625,15.0,23.86405,25.0,89.048675,1487.953125,37.9525838370895,2956.78125,75.41735448054474,15.0,15.0,35.0,35.0,100.0,0,0.0,0.0,0.7449679785828978,Warning
351368,6965.0,2510.322148,RUS,Russia,Sakha,3.326503336,0.0,0.65,0.49,6965.0,,,,,,,,,,,,,,,,,,,,,,,,,77.714375,66.53006672000001,0.0,3.0,30.25,1.205,17.438,0.695,56.938,2.268,109.062,4.345,0.1743799999999999,0.695,0.8540700000000001,3.402,2.72655,10.8625,18.7145,256.21875,10.206608353159927,682.03125,27.16907272932253,3.84328125,15.0,23.87109375,35.0,77.714375,0,0.0,0.0,0.8002159180670881,Warning
351369,6966.0,7154.246744,RUS,Russia,Sakha,2.558214083,0.0,0.65,0.49,6966.0,,,,,,,,,,,,,,,,,,,,,,,,,80.92471290975658,51.16428166,0.0,3.0,65.438,0.915,10.5,0.147,60.188,0.841,108.062,1.51,0.105,0.147,0.90282,1.2614999999999998,2.70155,3.775,8.89287,375.46875,5.248194023171052,926.296875,12.947510872894275,5.63203125,7.872291034756579,32.420390625,35.0,80.92471290975658,22,0.0,0.0,0.6932406952665462,Warning
351380,6968.0,5539.831521,RUS,Russia,Sakha,3.254375719,0.0,0.65,0.49,6968.0,,,,,,,,,,,,,,,,,,,,,,,,,100.0,65.08751438,0.0,2.0,1710.062,30.868,1208.938,21.823,1631.812,29.456,1656.812,29.907,10.0,10.0,15.0,15.0,25.0,25.0,100.0,1422.28125,25.67372752533541,2485.828125,44.871908390879376,15.0,15.0,35.0,35.0,100.0,0,,,0.8536749201225562,Warning
351390,6969.0,6550.782439,RUS,Russia,Sakha,3.268801143,0.0,0.65,0.49,6969.0,,,,,,,,,,,,,,,,,,,,,,,,,100.0,65.37602286,0.0,2.0,5257.5,80.258,4600.188,70.223,5504.188,84.023,5159.0,78.754,10.0,10.0,15.0,15.0,25.0,25.0,100.0,2918.390625,44.55026024872064,2043.84375,31.199994335995072,15.0,15.0,35.0,35.0,100.0,1014,,,0.8555695405704811,Warning
351413,6972.0,7178.349189,RUS,Russia,Sakha,0.807894797,0.0,0.65,0.49,6972.0,,,,,,,,,,,,,,,,,,,,,,,,,100.0,16.15789594,0.0,3.0,700.875,9.764,518.188,7.219,1213.625,16.907,1286.5,17.922,5.18188,7.219,15.0,15.0,25.0,25.0,92.40088,1531.125,21.329764819200424,2571.1875,35.81864621181673,15.0,15.0,35.0,35.0,100.0,643,323.0,50.23,0.5699452862446363,Warning
351414,6973.0,5165.190873,RUS,Russia,Sakha,1.73858877,0.0,0.65,0.49,6973.0,,,,,,,,,,,,,,,,,,,,,,,,,100.0,34.7717754,0.0,3.0,1112.625,21.541,694.5,13.446,1277.75,24.738,1411.25,27.322,6.945,10.0,15.0,15.0,25.0,25.0,96.945,1608.75,31.145993239806813,3267.0,63.250324733146144,15.0,15.0,35.0,35.0,100.0,19,0.0,0.0,0.6654115427603815,Warning
351415,6974.0,8772.041676,RUS,Russia,Sakha,3.034246334,0.0,0.65,0.49,6974.0,,,,,,,,,,,,,,,,,,,,,,,,,100.0,60.68492668,0.0,3.0,409.188,4.665,131.312,1.497,844.938,9.632,1461.5,16.661,1.31312,1.497,12.67407,14.448,25.0,25.0,79.93218999999999,1500.046875,17.10031632736271,2698.453125,30.76197337637227,15.0,15.0,35.0,35.0,100.0,1150,0.0,0.0,0.8247351131181115,Warning
351416,6975.0,8550.852244,RUS,Russia,Sakha,2.3184039,0.0,0.65,0.49,6975.0,6975.0,0.0,1.0,-9999.0,-9999.0,-9999.0,0.0,10.0,-999.9,-999.9,-999.9,-5979.4,0.0,0.0,0.0,0.0,0.0,0.0,0.0,0.0,0.0,0.0,0.0,-5979.4,83.03769172668139,46.368078,0.0,3.0,165.812,1.939,63.25,0.74,181.562,2.123,417.188,4.879,0.6325,0.74,2.72343,3.1845000000000003,10.4297,12.197499999999998,29.90763,400.640625,4.6853882344542575,1092.65625,12.77833154851161,6.009609375,7.028082351681386,35.0,35.0,83.03769172668139,0,0.0,0.0,0.6689987780840001,Warning
351417,6976.0,7100.219244,RUS,Russia,Sakha,2.409894336,0.0,0.65,0.49,6976.0,,,,,,,,,,,,,,,,,,,,,,,,,68.65727904571553,48.19788672,0.0,3.0,52.438,0.739,15.125,0.213,22.562,0.318,97.812,1.378,0.15125,0.213,0.33843,0.477,2.4453,3.445,7.069979999999999,193.640625,2.727248530477018,761.765625,10.728762011324624,2.904609375,4.090872795715527,26.661796875,35.0,68.65727904571553,0,0.0,0.0,0.6109117705416052,Watch
351418,6977.0,5384.611838,RUS,Russia,Sakha,3.384061389,0.0,0.65,0.49,6977.0,,,,,,,,,,,,,,,,,,,,,,,,,67.47945641261444,67.68122778,0.0,3.0,101.062,1.877,37.375,0.694,32.438,0.602,145.812,2.708,0.37375,0.694,0.48657,0.903,3.6453,6.7700000000000005,12.87262,179.15625,3.327189691742956,708.609375,13.159897061768255,2.68734375,4.990784537614434,24.801328125,35.0,67.47945641261444,0,0.0,0.0,0.7691878848093907,Watch
351419,6978.0,7995.752981,RUS,Russia,Sakha,2.532403367,0.0,0.65,0.49,6978.0,,,,,,,,,,,,,,,,,,,,,,,,,85.06379931138028,50.64806734,0.0,3.0,80.188,1.003,29.375,0.367,119.25,1.491,146.438,1.831,0.29375,0.367,1.78875,2.2365000000000004,3.66095,4.5775,12.92445,446.203125,5.580501624253516,1297.125,16.22267475011485,6.693046875,8.370752436380275,35.0,35.0,85.06379931138028,1536,620.0,40.36,0.7069253488654126,Warning
351421,6979.0,241.0506109,RUS,Russia,Sakha,3.037993218,0.0,0.65,0.49,6979.0,,,,,,,,,,,,,,,,,,,,,,,,,43.15334146848412,60.75986436,0.0,,0.0,0.0,0.0,0.0,0.812,0.337,0.0,0.0,0.0,0.0,0.01218,0.5055000000000001,0.0,0.0,0.51768,9.84375,4.083685978989415,53.71875,22.285257771056525,0.14765625,6.125528968484122,1.88015625,35.0,43.15334146848412,0,,,0.5378663205580957,Advisory
351422,6980.0,3228.342228,RUS,Russia,Sakha,3.011241534,0.0,0.65,0.49,6980.0,,,,,,,,,,,,,,,,,,,,,,,,,37.050951320239705,60.22483068,0.0,,24.688,0.765,8.125,0.252,17.625,0.546,13.312,0.412,0.08125,0.252,0.264375,0.8190000000000001,0.3328,1.03,2.7794250000000003,69.609375,2.156195659567442,228.515625,7.078420094539582,1.044140625,3.234293489351163,7.998046875,24.774470330888537,37.050951320239705,5,,,0.4717192509805527,Advisory
351423,6981.0,1580.718352,RUS,Russia,Sakha,0.601742338,0.0,0.65,0.49,6981.0,,,,,,,,,,,,,,,,,,,,,,,,,50.549172237290094,12.03484676,0.0,,13.625,0.862,2.562,0.162,24.25,1.534,6.188,0.391,0.0256199999999999,0.162,0.36375,2.301,0.1546999999999999,0.9775,3.98457,63.5625,4.021114824860062,244.6875,15.479512821363956,0.9534375,6.031672237290093,8.5640625,35.0,50.549172237290094,0,,,0.2897914144216503,Advisory
351424,6982.0,2924.371285,RUS,Russia,Sakha,0.909643435,0.0,0.65,0.49,6982.0,,,,,,,,,,,,,,,,,,,,,,,,,58.79725010115693,18.1928687,0.0,,56.25,1.923,10.812,0.37,114.062,3.9,42.625,1.458,0.10812,0.37,1.7109299999999998,5.85,1.065625,3.645,12.749675,126.140625,4.3134271507712905,441.0,15.080164486977443,1.892109375,6.470140726156936,15.435,35.0,58.79725010115693,176,,,0.3705982315093117,Advisory
351426,6984.0,9334.316937,RUS,Russia,Sakha,2.670648051,0.0,0.65,0.49,6984.0,,,,,,,,,,,,,,,,,,,,,,,,,22.62216536418208,53.41296102,0.0,,79.75,0.854,7.188,0.077,36.438,0.39,19.75,0.212,0.07188,0.077,0.54657,0.585,0.49375,0.53,2.3042,77.765625,0.833115326178805,278.71875,2.9859576428325343,1.166484375,1.2496729892682077,9.75515625,10.45085174991387,22.62216536418208,0,,,0.2350266982313295,Information
351427,6985.0,12660.75791,RUS,Russia,Sakha,0.941447261,0.0,0.65,0.49,6985.0,,,,,,,,,,,,,,,,,,,,,,,,,37.7016261563473,18.82894522,0.0,,73.5,0.581,14.062,0.111,93.688,0.74,81.5,0.644,0.14062,0.111,1.40532,1.11,2.0375,1.61,6.41444,91.125,0.7197436410516759,562.78125,4.4450834127913685,1.366875,1.0796154615775138,19.69734375,15.55779194476979,37.7016261563473,610,,,0.22158372065178,Advisory
351428,6986.0,3375.710374,RUS,Russia,Sakha,2.68312902,0.0,0.65,0.49,6986.0,,,,,,,,,,,,,,,,,,,,,,,,,5.585969946096236,53.6625804,0.0,,0.125,0.004,0.0,0.0,0.125,0.004,0.938,0.028,0.0,0.0,0.001875,0.006,0.02345,0.07,0.101325,4.078125,0.120807905547921,38.53125,1.14142641793553,0.061171875,0.1812118583218815,1.34859375,3.994992462774355,5.585969946096236,108,,,0.0171855165146224,Information
351429,6987.0,7860.653732,RUS,Russia,Sakha,1.57761785,0.0,0.65,0.49,6987.0,,,,,,,,,,,,,,,,,,,,,,,,,8.020010595538757,31.552357,0.0,,0.312,0.004,0.0,0.0,0.938,0.012,1.812,0.023,0.0,0.0,0.01407,0.018,0.0453,0.0574999999999999,0.13487,21.375,0.271923948415096,91.6875,1.166410620833175,0.320625,0.407885922622644,3.2090625,4.082437172916112,8.020010595538757,4925,,,0.0160112610145264,Information
351430,6988.0,14655.69499,RUS,Russia,Sakha,2.632557877,0.0,0.65,0.49,6988.0,,,,,,,,,,,,,,,,,,,,,,,,,57.34992517294807,52.65115754,0.0,,311.375,2.125,67.625,0.461,45.5,0.31,9.375,0.064,0.67625,0.461,0.6825,0.4649999999999999,0.234375,0.16,2.679125,223.171875,1.5227655537546598,878.34375,5.993190704947452,3.347578125,2.28414833063199,30.74203125,20.97616746731608,57.34992517294807,1659,,,0.5759836526210808,Advisory
351440,6989.0,29959.8932,RUS,Russia,Sakha,2.756010833,0.0,0.65,0.49,6989.0,,,,,,,,,,,,,,,,,,,,,,,,,59.6738051330075,55.12021666,0.0,3.0,64.062,0.214,22.312,0.074,165.625,0.553,173.625,0.58,0.22312,0.074,2.484375,0.8295000000000001,4.340625,1.45,9.40162,453.9375,1.5151505949566662,1334.671875,4.454861925877856,6.8090625,2.272725892434999,35.0,15.592016740572497,59.6738051330075,842,92.0,10.93,0.6121418114588146,Watch
351452,6991.0,8088.201299,RUS,Russia,Sakha,2.632775705,0.0,0.65,0.49,6991.0,,,,,,,,,,,,,,,,,,,,,,,,,37.480842772692135,52.6555141,0.0,,36.188,0.447,18.688,0.231,23.062,0.285,4.812,0.06,0.18688,0.231,0.34593,0.4275,0.1203,0.15,1.46161,64.6875,0.7997760887261606,451.125,5.577568897029399,0.9703125,1.1996641330892408,15.789375,19.52149113960289,37.480842772692135,0,,,0.4076398384113103,Advisory
351453,6992.0,2342.998512,RUS,Russia,Sakha,1.019532216,0.0,0.65,0.49,6992.0,,,,,,,,,,,,,,,,,,,,,,,,,41.13388849928711,20.39064432,0.0,,8.312,0.355,3.125,0.133,34.25,1.462,9.938,0.424,0.03125,0.133,0.51375,2.193,0.24845,1.06,4.17945,26.71875,1.140365640903116,211.640625,9.03289626083784,0.40078125,1.710548461354674,7.407421875,31.61513691293244,41.13388849928711,489,,,0.254530889569948,Advisory
351455,6994.0,5293.521914,RUS,Russia,Sakha,3.689307982,0.0,0.65,0.49,6994.0,,,,,,,,,,,,,,,,,,,,,,,,,25.282797768155326,73.78615964,0.0,,10.5,0.198,4.0,0.076,11.812,0.223,11.562,0.218,0.04,0.076,0.17718,0.3345,0.28905,0.545,1.4617300000000002,29.53125,0.5578752762032169,237.375,4.484254601100143,0.44296875,0.8368129143048253,8.308125,15.6948911038505,25.282797768155326,0,,,0.4855760766143287,Advisory
351456,6995.0,8785.307189,RUS,Russia,Sakha,2.412479816,0.0,0.65,0.49,6995.0,,,,,,,,,,,,,,,,,,,,,,,,,5.619959507179048,48.24959632,0.0,,5.125,0.058,1.25,0.014,29.562,0.336,20.25,0.23,0.0125,0.014,0.44343,0.504,0.50625,0.5750000000000001,2.05518,21.65625,0.2465053245615695,65.8125,0.7491200772390554,0.32484375,0.3697579868423543,2.3034375,2.6219202703366937,5.619959507179048,0,,,0.0132057263149328,Information
351457,6996.0,4223.90614,RUS,Russia,Sakha,0.490183286,0.0,0.65,0.49,6996.0,,,,,,,,,,,,,,,,,,,,,,,,,27.73590736983781,9.80366572,0.0,,10.875,0.257,0.938,0.022,7.25,0.172,12.562,0.297,0.00938,0.022,0.10875,0.258,0.31405,0.7424999999999999,1.45468,60.1875,1.4249251287844604,209.53125,4.960603836188892,0.9028125,2.13738769317669,7.33359375,17.36211342666112,27.73590736983781,9,,,0.1191471477696954,Information
351459,6998.0,891.5953537,RUS,Russia,Sakha,1.285026046,0.0,0.65,0.49,6998.0,,,,,,,,,,,,,,,,,,,,,,,,,26.38623661058745,25.70052092,0.0,,0.0,0.0,0.0,0.0,0.5,0.056,1.25,0.14,0.0,0.0,0.0075,0.084,0.03125,0.35,0.47275,26.859375,3.0125072868634133,50.203125,5.63070733722638,0.402890625,4.51876093029512,1.757109375,19.70747568029233,26.38623661058745,2151,,,0.1502734239766878,Information
351470,7008.0,24273.92596,RUS,Russia,Sakha,3.227689115,0.0,0.65,0.49,7008.0,,,,,,,,,,,,,,,,,,,,,,,,,23.79712024816816,64.5537823,0.0,,0.75,0.003,0.312,0.001,0.75,0.003,3.875,0.016,0.00312,0.001,0.01125,0.0045,0.096875,0.04,0.156745,141.1875,0.5816426244606449,421.03125,1.734500017564911,2.1178125,0.8724639366909672,14.73609375,6.070750061477188,23.79712024816816,3260,,,0.3451485249908292,Information
351480,7009.0,24174.17317,RUS,Russia,Sakha,2.983502731,0.0,0.65,0.49,7009.0,7009.0,0.0,1.0,2.0,2.0,2.0,0.0,10.0,0.2,0.2,0.2,21.2,0.0,0.0,0.0,0.0,0.0,0.0,0.0,0.0,0.0,0.0,0.0,21.2,21.2,59.67005462,0.0,,,,,,,,,,,,,,,,,23.203125,0.0959831173267987,246.375,1.0191661912518268,0.348046875,0.143974675990198,8.623125,3.567081669381394,12.682228220371591,1073,,,0.2600818545331175,Information
351492,7011.0,22848.38729,RUS,Russia,Sakha,3.031403823,0.0,0.65,0.49,7011.0,7011.0,0.0,1.0,2.0,2.0,2.0,0.0,10.0,0.2,0.2,0.2,21.2,0.0,0.0,0.0,0.0,0.0,0.0,0.0,0.0,0.0,0.0,0.0,21.2,21.2,60.62807646,0.0,,21.562,0.094,4.625,0.02,7.875,0.034,1.125,0.005,0.04625,0.02,0.118125,0.051,0.028125,0.0125,0.276,43.453125,0.1901802715993088,284.625,1.2457115524822042,0.651796875,0.2852704073989632,9.961875,4.359990433687715,15.258932716086678,921,,,0.2679411239758554,Information
351493,7012.0,2663.061875,RUS,Russia,Sakha,2.91672222,0.0,0.65,0.49,7012.0,7012.0,0.0,1.0,9.0,-9999.0,-9999.0,0.0,10.0,0.9,-999.9,-999.9,-3977.8,0.0,0.0,0.0,0.0,0.0,0.0,0.0,0.0,0.0,0.0,0.0,-3977.8,5.780760874481468,58.3344444,0.0,,,,,,,,,,,,,,,,,5.90625,0.2217841821610429,32.203125,1.2092518503542582,0.08859375,0.3326762732415643,1.127109375,4.232381476239904,5.780760874481468,537,,,0.024126161400208,Information
351496,7015.0,9600.138398,RUS,Russia,Sakha,3.186965668,0.0,0.65,0.49,7015.0,,,,,,,,,,,,,,,,,,,,,,,,,2.7059859560842483,63.73931336,0.0,,28.875,0.301,13.5,0.141,0.0,0.0,0.0,0.0,0.135,0.141,0.0,0.0,0.0,0.0,0.276,12.234375,0.1274395690231614,32.625,0.3398388507284304,0.183515625,0.1911593535347421,1.141875,1.1894359775495065,2.7059859560842483,184,,,0.0047258621343439,Information
351497,7016.0,2699.146353,RUS,Russia,Sakha,2.065996542,0.0,0.65,0.49,7016.0,,,,,,,,,,,,,,,,,,,,,,,,,0.1157840346229469,41.319930840000005,0.0,,1.938,0.072,1.938,0.072,0.25,0.009,0.0,0.0,0.0193799999999999,0.072,0.00375,0.0134999999999999,0.0,0.0,0.1086299999999999,0.0,0.0,0.703125,0.0260499027494134,0.0,0.0,0.024609375,0.0911746596229469,0.1157840346229469,449,,,2.360195809713029e-10,Information
351601,7020.0,5687.141976,RUS,Russia,Sakha,0.765374028,0.0,0.65,0.49,7020.0,,,,,,,,,,,,,,,,,,,,,,,,,82.80512701414074,15.30748056,0.0,3.0,17.0,0.299,14.75,0.259,201.062,3.535,248.875,4.376,0.1475,0.259,3.01593,5.3025,6.221875,10.94,25.886805000000003,524.8125,9.22805342609382,745.453125,13.107693250729726,7.8721875,13.84208013914073,26.090859375,35.0,82.80512701414074,7,0.0,0.0,0.491009679416049,Warning
351602,7021.0,23273.14356,RUS,Russia,Sakha,2.182140144,0.0,0.65,0.49,7021.0,,,,,,,,,,,,,,,,,,,,,,,,,82.7293999519882,43.64280288,0.0,3.0,147.062,0.632,94.625,0.407,46.312,0.199,424.438,1.824,0.94625,0.407,0.6946799999999999,0.2985,10.61095,4.5600000000000005,17.517380000000003,593.578125,2.5504853846587934,3650.625,15.685998717304496,8.903671875,3.82572807698819,35.0,35.0,82.7293999519882,60,60.0,100.0,0.6494607775624839,Warning
351603,7022.0,4471.689385,RUS,Russia,Sakha,0.323157918,0.0,0.65,0.49,7022.0,7022.0,0.0,1.0,-9999.0,-9999.0,-9999.0,0.0,10.0,-999.9,-999.9,-999.9,-5979.4,0.0,0.0,0.0,0.0,0.0,0.0,0.0,0.0,0.0,0.0,0.0,-5979.4,63.63914307380729,6.46315836,0.0,3.0,9.938,0.222,9.875,0.221,14.438,0.323,66.375,1.484,0.09875,0.221,0.21657,0.4845,1.659375,3.71,6.390195,112.921875,2.5252620492048616,661.640625,14.796211633261365,1.693828125,3.787893073807292,23.157421875,35.0,63.63914307380729,222,0.0,0.0,0.3500717925455486,Watch
351604,7023.0,4672.199299,RUS,Russia,Sakha,2.811219241,0.0,0.65,0.49,7023.0,,,,,,,,,,,,,,,,,,,,,,,,,64.11511233242479,56.22438482,0.0,3.0,0.0,0.0,0.0,0.0,0.0,0.0,5.0,0.107,0.0,0.0,0.0,0.0,0.125,0.2675,0.3925,76.21875,1.6313248882831903,729.28125,15.608949945824032,1.14328125,2.446987332424785,25.52484375,35.0,64.11511233242479,0,0.0,0.0,0.6486221324851273,Watch
351605,7024.0,5283.053179,RUS,Russia,Sakha,1.313514094,0.0,0.65,0.49,7024.0,7024.0,0.0,1.0,2.0,-9999.0,-9999.0,0.0,10.0,0.2,-999.9,-999.9,-3979.2,0.0,0.0,0.0,0.0,0.0,0.0,0.0,0.0,0.0,0.0,0.0,-3979.2,61.54669733608172,26.27028188,0.0,3.0,,,,,,,,,,,,,,,,70.734375,1.338891974054481,670.78125,12.696848342425197,1.061015625,2.0083379610817214,23.47734375,35.0,61.54669733608172,1838,0.0,0.0,0.4283369488635065,Watch
351607,7026.0,487.034139,RUS,Russia,Sakha,1.810040088,0.0,0.65,0.49,7026.0,,,,,,,,,,,,,,,,,,,,,,,,,38.1903330400088,36.20080176,0.0,,0.0,0.0,0.0,0.0,0.0,0.0,0.938,0.192,0.0,0.0,0.0,0.0,0.02345,0.48,0.50345,1.96875,0.4042324433392021,72.984375,14.98547414950328,0.02953125,0.6063486650088031,2.554453125,35.0,38.1903330400088,0,,,0.3039203307951442,Advisory
351608,7027.0,8211.49636,RUS,Russia,Sakha,3.578534934,0.0,0.65,0.49,7027.0,,,,,,,,,,,,,,,,,,,,,,,,,72.57767832694968,71.57069867999999,0.0,3.0,29.562,0.36,18.938,0.231,2.75,0.033,55.25,0.673,0.18938,0.231,0.04125,0.0495,1.38125,1.6825,3.5748800000000003,77.484375,0.9436084679664511,1193.625,14.536023005624754,1.162265625,1.4154127019496767,35.0,35.0,72.57767832694968,329,0.0,0.0,0.8256816856959052,Warning
351609,7028.0,8864.650008,RUS,Russia,Sakha,2.802533039,0.0,0.65,0.49,7028.0,,,,,,,,,,,,,,,,,,,,,,,,,42.43965682207626,56.05066078,0.0,,60.688,0.685,26.625,0.3,44.688,0.504,110.5,1.247,0.26625,0.3,0.6703200000000001,0.756,2.7625,3.1175,7.87257,47.53125,0.5361886815295825,549.421875,6.19789697850911,0.71296875,0.8042830222943738,19.229765625,21.692639424781888,42.43965682207626,518,,,0.4860580663575153,Advisory
351706,7034.0,21574.85162,RUS,Russia,Sakha,1.390263593,0.0,0.65,0.49,7034.0,,,,,,,,,,,,,,,,,,,,,,,,,74.3850768624427,27.80527186,0.0,3.0,11.188,0.052,9.562,0.044,40.062,0.186,191.688,0.888,0.09562,0.044,0.60093,0.279,4.792199999999999,2.22,8.031749999999999,405.421875,1.8791409650660007,1879.171875,8.71001065424106,6.081328125,2.818711447599001,35.0,30.48503728984371,74.3850768624427,36,0.0,0.0,0.5119219379684371,Watch
351708,7036.0,6440.575149,RUS,Russia,Sakha,4.006516376,0.0,0.65,0.49,7036.0,,,,,,,,,,,,,,,,,,,,,,,,,20.57241603904681,80.13032752000001,0.0,,0.0,0.0,0.0,0.0,52.688,0.818,186.625,2.898,0.0,0.0,0.7903200000000001,1.227,4.665625,7.245,13.927945,201.9375,3.1353954470548286,143.71875,2.2314583195613054,3.0290625,4.7030931705822425,5.03015625,7.810104118464569,20.57241603904681,52,,,0.5138630772767201,Advisory
351810,7037.0,7742.77605,RUS,Russia,Sakha,2.198509256,0.0,0.65,0.49,7037.0,,,,,,,,,,,,,,,,,,,,,,,,,80.07340701715643,43.97018512,0.0,3.0,2.125,0.027,0.25,0.003,17.188,0.222,720.0,9.299,0.0025,0.003,0.2578199999999999,0.333,18.0,23.2475,41.84382,293.0625,3.784979678104288,2304.703125,29.765850261252968,4.3959375,5.677469517156432,35.0,35.0,80.07340701715643,3498,1525.0,43.6,0.6394764972911351,Warning
351821,7038.0,287.820478,RUS,Russia,Sakha,4.020853613,0.0,0.65,0.49,7038.0,,,,,,,,,,,,,,,,,,,,,,,,,48.47572034161826,80.41707226,0.0,3.0,0.0,0.0,0.0,0.0,0.5,0.174,13.25,4.604,0.0,0.0,0.0075,0.261,0.33125,11.51,12.10975,13.640625,4.739282311078843,176.0625,61.17094281928568,0.204609375,7.108923466618265,6.1621875,35.0,48.47572034161826,0,0.0,0.0,0.8176392120371436,Warning
351822,7039.0,59388.5285,RUS,Russia,Chukot,3.132751862,0.0,0.65,0.49,7039.0,7039.0,0.0,1.0,-9999.0,-9999.0,-9999.0,0.0,10.0,-999.9,-999.9,-999.9,-5979.4,0.0,0.0,0.0,0.0,0.0,0.0,0.0,0.0,0.0,0.0,0.0,-5979.4,48.75546974540235,62.65503724,0.0,3.0,17.875,0.03,5.0,0.008,8.438,0.014,71.438,0.12,0.05,0.008,0.12657,0.021,1.78595,0.3,2.29152,130.5,0.2197394063970574,1945.96875,3.276674467373363,1.9575,0.3296091095955861,35.0,11.468360635806771,48.75546974540235,55,8.0,14.55,0.6051188738868022,Watch
351823,7040.0,5359.407376,RUS,Russia,Chukot,3.527205825,0.0,0.65,0.49,7040.0,,,,,,,,,,,,,,,,,,,,,,,,,36.79317092998967,70.5441165,0.0,,1.125,0.021,0.062,0.001,3.938,0.073,5.0,0.093,0.00062,0.001,0.05907,0.1094999999999999,0.125,0.2324999999999999,0.52769,26.71875,0.4985392623306904,355.359375,6.630572188998183,0.40078125,0.7478088934960356,12.437578125,23.20700266149364,36.79317092998967,2,,,0.5880059776795306,Advisory
351825,7042.0,7396.737651,RUS,Russia,Chukot,2.489179901,0.0,0.65,0.49,7042.0,7042.0,0.0,6.0,-9999.0,-9999.0,-9999.0,0.0,5.0,-999.9,-999.9,-999.9,-5989.4,0.0,0.0,0.0,0.0,0.0,0.0,0.0,0.0,0.0,0.0,0.0,-5989.4,20.520924532817656,49.78359802,0.0,,3.5,0.047,0.75,0.01,1.875,0.025,3.75,0.051,0.0075,0.01,0.028125,0.0375,0.09375,0.1275,0.304375,0.5625,0.0076047039457282,249.046875,3.366982671971161,0.0084375,0.0114070559185922,8.716640625,11.784439351899064,20.520924532817656,176,,,0.1854211738026238,Information
351828,7045.0,2768.07723,RUS,Russia,Chukot,2.665604965,0.0,0.65,0.49,7045.0,,,,,,,,,,,,,,,,,,,,,,,,,3.327569988074752,53.3120993,0.0,,16.75,0.605,0.0,0.0,1.25,0.045,2.625,0.095,0.0,0.0,0.01875,0.0675,0.065625,0.2375,0.389375,2.8125,0.1016048240964815,19.40625,0.7010732862657226,0.0421875,0.1524072361447222,0.67921875,2.4537565019300294,3.327569988074752,4773,,,0.0041301256518628,Information
351829,7046.0,17257.12863,RUS,Russia,Chukot,3.593333251,0.0,0.65,0.49,7046.0,,,,,,,,,,,,,,,,,,,,,,,,,23.01757680700093,71.86666502,0.0,,35.125,0.204,11.125,0.064,5.25,0.03,7.75,0.045,0.11125,0.064,0.07875,0.045,0.19375,0.1124999999999999,0.6052500000000001,31.78125,0.1841630243059162,402.75,2.333818148726301,0.47671875,0.2762445364588742,14.09625,8.168363520542053,23.01757680700093,405,,,0.4204677378098211,Advisory
351830,7047.0,3595.690009,RUS,Russia,Sakha,4.006178698,0.0,0.65,0.49,7047.0,,,,,,,,,,,,,,,,,,,,,,,,,85.17789671850406,80.12357396,0.0,3.0,0.0,0.0,0.0,0.0,5.688,0.158,187.25,5.208,0.0,0.0,0.08532,0.237,4.68125,13.02,18.02357,267.609375,7.4425040623360434,1228.5,34.165904092783855,4.014140625,11.163756093504066,35.0,35.0,85.17789671850406,46,0.0,0.0,0.9271940962002184,Warning
351841,7048.0,15158.49682,RUS,Russia,Chukot,3.02943059,0.0,0.65,0.49,7048.0,,,,,,,,,,,,,,,,,,,,,,,,,51.92566456808679,60.5886118,0.0,3.0,10.688,0.071,5.75,0.038,1.125,0.007,0.625,0.004,0.0575,0.038,0.016875,0.0105,0.015625,0.01,0.1485,30.375,0.2003826657095804,880.875,5.8110973055778326,0.455625,0.3005739985643706,30.830625,20.33884056952241,51.92566456808679,37,0.0,0.0,0.6086331633994633,Watch
351844,7051.0,22084.52234,RUS,Russia,Chukot,3.061513903,0.0,0.65,0.49,7051.0,,,,,,,,,,,,,,,,,,,,,,,,,29.37437144709034,61.23027806,0.0,,12.188,0.055,6.312,0.029,0.375,0.002,0.0,0.0,0.06312,0.029,0.005625,0.003,0.0,0.0,0.100745,0.0,0.0,577.6875,2.615802556311526,0.0,0.0,20.2190625,9.155308947090342,29.37437144709034,36,,,0.3906915751797629,Advisory
351845,7052.0,10309.81335,RUS,Russia,Maga Buryatdan,3.065126296,0.0,0.65,0.49,7052.0,,,,,,,,,,,,,,,,,,,,,,,,,19.41246882345093,61.30252592,0.0,,18.188,0.176,9.125,0.089,0.375,0.004,0.0,0.0,0.09125,0.089,0.005625,0.006,0.0,0.0,0.191875,5.625,0.0545596686318997,279.140625,2.707523555858023,0.084375,0.0818395029478495,9.769921875,9.47633244550308,19.41246882345093,0,,,0.2451415105097031,Information
351846,7053.0,13561.17661,RUS,Russia,Maga Buryatdan,3.099226042,0.0,0.65,0.49,7053.0,,,,,,,,,,,,,,,,,,,,,,,,,8.508505096203965,61.98452084,0.0,,75.812,0.559,45.438,0.335,0.5,0.004,0.0,0.0,0.45438,0.335,0.0075,0.006,0.0,0.0,0.8028799999999999,0.0,0.0,139.921875,1.031782706058276,0.0,0.0,4.897265625,3.611239471203966,8.508505096203965,67,,,0.0672061060712549,Information
351848,7055.0,10555.15367,RUS,Russia,Maga Buryatdan,4.020325128,0.0,0.65,0.49,7055.0,,,,,,,,,,,,,,,,,,,,,,,,,27.49902498177083,80.40650255999999,0.0,3.0,10.438,0.099,10.0,0.095,0.438,0.004,0.0,0.0,0.1,0.095,0.00657,0.006,0.0,0.0,0.20757,0.0,0.0,403.453125,3.822333030505951,0.0,0.0,14.120859375,13.378165606770828,27.49902498177083,22,0.0,0.0,0.6326773565301212,Watch
351849,7056.0,17995.43657,RUS,Russia,Maga Buryatdan,2.19880945,0.0,0.65,0.49,7056.0,,,,,,,,,,,,,,,,,,,,,,,,,29.71659735768008,43.976189000000005,0.0,,168.625,0.937,127.188,0.707,1.188,0.007,1.688,0.009,1.27188,0.707,0.01782,0.0105,0.0421999999999999,0.0225,2.0719,0.0,0.0,545.765625,3.0328001379085943,0.0,0.0,19.101796875,10.61480048268008,29.71659735768008,425,,,0.2630172198022826,Information
351851,7057.0,16227.06808,RUS,Russia,Sakha,2.225119225,0.0,0.65,0.49,7057.0,7057.0,0.0,1.0,-9999.0,-9999.0,-9999.0,0.0,10.0,-999.9,-999.9,-999.9,-5979.4,0.0,0.0,0.0,0.0,0.0,0.0,0.0,0.0,0.0,0.0,0.0,-5979.4,72.58423905453765,44.5023845,0.0,3.0,,,,,,,,,,,,,,,,106.59375,0.6568885363584315,2583.84375,15.9230474499338,1.59890625,0.9853328045376472,35.0,35.0,72.58423905453765,268,29.0,10.82,0.6058072624625459,Watch
351853,7059.0,7995.538922,RUS,Russia,Sakha,3.20106663,0.0,0.65,0.49,7059.0,7059.0,0.0,2.0,-9999.0,-9999.0,-9999.0,0.0,9.0,-999.9,-999.9,-999.9,-5981.4,0.0,0.0,0.0,0.0,0.0,0.0,0.0,0.0,0.0,0.0,0.0,-5981.4,76.2620380984947,64.02133260000001,0.0,3.0,,,,,,,,,,,,,,,,185.484375,2.3198483156631347,1076.484375,13.463562438515003,2.782265625,3.4797724734947018,35.0,35.0,76.2620380984947,5155,1448.0,28.09,0.7737486188841739,Watch
351854,7060.0,17590.48666,RUS,Russia,Sakha,3.590292081,0.0,0.65,0.49,7060.0,,,,,,,,,,,,,,,,,,,,,,,,,43.83253085656281,71.80584162,0.0,3.0,84.562,0.481,54.938,0.312,10.062,0.057,0.625,0.004,0.54938,0.312,0.15093,0.0855,0.015625,0.01,1.123435,66.234375,0.3765352050102444,770.0625,4.377721406870697,0.993515625,0.5648028075153666,26.9521875,15.32202492404744,43.83253085656281,0,0.0,0.0,0.6704881339667372,Watch
351855,7061.0,18589.06533,RUS,Russia,Sakha,2.08900161,0.0,0.65,0.49,7061.0,,,,,,,,,,,,,,,,,,,,,,,,,39.76419497661218,41.7800322,0.0,,327.188,1.76,207.438,1.116,0.875,0.005,0.25,0.001,2.07438,1.116,0.013125,0.0075,0.00625,0.0025,3.219755,122.765625,0.6604184924443834,686.109375,3.6909299251273153,1.841484375,0.9906277386665752,24.013828125,12.918254737945604,39.76419497661218,0,,,0.3515046087076257,Advisory
351856,7062.0,25364.88928,RUS,Russia,Sakha,3.100351285,0.0,0.65,0.49,7062.0,,,,,,,,,,,,,,,,,,,,,,,,,56.55540785880726,62.0070257,0.0,3.0,278.562,1.098,205.5,0.81,41.25,0.163,25.5,0.101,2.055,0.81,0.61875,0.2445,0.6375,0.2525,4.618250000000001,212.0625,0.8360474104573086,1240.734375,4.8915426408918,3.1809375,1.2540711156859627,35.0,17.1203992431213,56.55540785880726,226,47.0,20.8,0.6546184054069815,Watch
351857,7063.0,1963.672167,RUS,Russia,Sakha,3.206478548,0.0,0.65,0.49,7063.0,,,,,,,,,,,,,,,,,,,,,,,,,46.44659714392174,64.12957096000001,0.0,3.0,111.625,5.685,96.625,4.921,4.188,0.213,1.062,0.054,0.96625,4.921,0.06282,0.3195,0.02655,0.135,6.43112,31.21875,1.5898147626144954,245.53125,12.50367826813022,0.46828125,2.384722143921743,8.59359375,35.0,46.44659714392174,0,0.0,0.0,0.6019470146110981,Watch
351858,7064.0,7188.318779,RUS,Russia,Sakha,2.724502217,0.0,0.65,0.49,7064.0,,,,,,,,,,,,,,,,,,,,,,,,,6.518301010249157,54.49004434,0.0,,59.188,0.823,28.688,0.399,0.312,0.004,0.0,0.0,0.2868799999999999,0.399,0.00468,0.006,0.0,0.0,0.6965600000000001,7.171875,0.0997712430475661,74.8125,1.0407510059079452,0.107578125,0.1496568645713491,2.6184375,3.642628520677808,6.518301010249157,1178,,,0.0259889134146278,Information
351861,7066.0,57.52749814,RUS,Russia,Sakha,0.928219461,0.0,0.65,0.49,7066.0,,,,,,,,,,,,,,,,,,,,,,,,,35.398671875,18.56438922,0.0,,1.812,3.151,1.688,2.933,0.062,0.109,0.0,0.0,0.01688,2.933,0.0009299999999999,0.1635,0.0,0.0,3.11431,0.0,0.0,11.390625,19.80031353502245,0.0,0.0,0.398671875,35.0,35.398671875,2987,,,0.2023833522969259,Advisory
351862,7067.0,14771.63894,RUS,Russia,Sakha,1.645821755,0.0,0.65,0.49,7067.0,,,,,,,,,,,,,,,,,,,,,,,,,9.81029176105,32.9164351,0.0,,49.0,0.332,28.375,0.192,0.0,0.0,0.0,0.0,0.28375,0.192,0.0,0.0,0.0,0.0,0.47575,3.796875,0.0257038167183533,165.515625,1.1204960102778487,0.056953125,0.0385557250775299,5.793046875,3.9217360359724704,9.81029176105,0,,,0.0272709927235517,Information
351863,7068.0,1425.927761,RUS,Russia,Sakha,2.730890631,0.0,0.65,0.49,7068.0,,,,,,,,,,,,,,,,,,,,,,,,,25.359197289480377,54.61781262,0.0,,14.062,0.986,12.312,0.863,0.5,0.035,0.0,0.0,0.12312,0.863,0.0075,0.0525,0.0,0.0,1.04612,0.0,0.0,90.421875,6.341266189851536,0.0,0.0,3.164765625,22.194431664480376,25.359197289480377,277,,,0.2802906814079658,Information
351864,7069.0,2182.996063,RUS,Russia,Sakha,1.443852073,0.0,0.65,0.49,7069.0,,,,,,,,,,,,,,,,,,,,,,,,,7.141757164856649,28.87704146,0.0,,10.25,0.47,10.0,0.458,1.062,0.049,0.0,0.0,0.1,0.458,0.01593,0.0735,0.0,0.0,0.6474300000000001,0.0,0.0,36.5625,1.6748770471018997,0.0,0.0,1.2796875,5.862069664856649,7.141757164856649,0,,,0.01076805711872,Information
351866,7071.0,10886.82542,RUS,Russia,Maga Buryatdan,2.188561422,0.0,0.65,0.49,7071.0,,,,,,,,,,,,,,,,,,,,,,,,,4.877891541810543,43.77122844,0.0,,125.0,1.148,67.5,0.62,3.25,0.03,0.625,0.006,0.675,0.62,0.04875,0.045,0.015625,0.015,1.4193749999999998,0.84375,0.0077501931697252,72.28125,0.66393321487313,0.01265625,0.0116252897545877,2.52984375,2.3237662520559548,4.877891541810543,104,,,0.0072483221013072,Information
351870,7075.0,23545.09858,RUS,Russia,Sakha,2.674072524,0.0,0.65,0.49,7075.0,,,,,,,,,,,,,,,,,,,,,,,,,23.800674049022646,53.48145048,0.0,,386.312,1.641,144.125,0.612,9.438,0.04,0.5,0.002,1.44125,0.612,0.14157,0.06,0.0125,0.005,2.27232,42.046875,0.1785801612048294,459.28125,1.950644837775829,0.630703125,0.267870241807244,16.07484375,6.827256932215401,23.800674049022646,834,,,0.251385151775408,Information
351881,7076.0,571.4889235,RUS,Russia,Maga Buryatdan,4.008554438,0.0,0.65,0.49,7076.0,,,,,,,,,,,,,,,,,,,,,,,,,11.590555,80.17108876,0.0,,55.0,9.624,42.375,7.415,12.062,2.111,0.875,0.153,0.42375,7.415,0.18093,3.1665,0.021875,0.3825,11.590555,0.140625,0.0246067761293358,14.765625,2.5837114935802683,0.002109375,0.0369101641940037,0.516796875,9.04299022753094,9.598806641724943,0,,,0.2956509054067416,Information
351883,7078.0,233.214718,RUS,Russia,Maga Buryatdan,3.90352315,0.0,0.65,0.49,7078.0,,,,,,,,,,,,,,,,,,,,,,,,,10.489809195177427,78.07046299999999,0.0,,17.75,7.611,8.625,3.698,0.438,0.188,0.0,0.0,0.08625,3.698,0.00657,0.282,0.0,0.0,4.07282,1.828125,0.7838806296312151,6.046875,2.5928359287801728,0.027421875,1.1758209444468226,0.211640625,9.074925750730603,10.489809195177427,0,,,0.2304303828394583,Information
351886,7081.0,17695.63077,RUS,Russia,Maga Buryatdan,2.946154291,0.0,0.65,0.49,7081.0,,,,,,,,,,,,,,,,,,,,,,,,,2.96246213557417,58.92308582,0.0,,421.188,2.38,117.938,0.666,23.625,0.134,1.062,0.006,1.17938,0.666,0.354375,0.201,0.02655,0.015,2.442305,1.828125,0.0103309400166896,53.296875,0.3011866358711815,0.027421875,0.0154964100250344,1.865390625,1.0541532255491353,2.96246213557417,13,,,0.0042764629964202,Information
351887,7082.0,15569.54526,RUS,Russia,Maga Buryatdan,2.870787421,0.0,0.65,0.49,7082.0,,,,,,,,,,,,,,,,,,,,,,,,,2.4006790652183643,57.41574842,0.0,,179.0,1.15,80.312,0.516,2.125,0.014,0.625,0.004,0.80312,0.516,0.031875,0.021,0.015625,0.01,1.39762,0.0,0.0,41.765625,0.268252054348104,0.0,0.0,1.461796875,0.938882190218364,2.4006790652183643,29,,,0.0020154534840009,Information
351888,7083.0,1806.697313,RUS,Russia,Maga Buryatdan,2.932958995,0.0,0.65,0.49,7083.0,,,,,,,,,,,,,,,,,,,,,,,,,0.6493800000000001,58.6591799,0.0,,11.812,0.654,9.938,0.55,0.0,0.0,0.0,0.0,0.09938,0.55,0.0,0.0,0.0,0.0,0.6493800000000001,0.0,0.0,1.546875,0.0856189350995625,0.0,0.0,0.054140625,0.2996662728484687,0.3538068978484687,20,,,1.6365140854808886e-05,Information
351889,7084.0,481.101638,RUS,Russia,Maga Buryatdan,3.037993288,0.0,0.65,0.49,7084.0,,,,,,,,,,,,,,,,,,,,,,,,,0.17712,60.75986576,0.0,,0.812,0.169,0.812,0.169,0.0,0.0,0.0,0.0,0.00812,0.169,0.0,0.0,0.0,0.0,0.17712,,,,,,,,,,0,,,3.320402858226822e-08,Information
351891,7085.0,5490.427768,RUS,Russia,Maga Buryatdan,3.037993288,0.0,0.65,0.49,7085.0,,,,,,,,,,,,,,,,,,,,,,,,,10.692482141842264,60.75986576,0.0,,116.125,2.115,67.25,1.225,3.062,0.056,1.375,0.025,0.6725,1.225,0.04593,0.084,0.034375,0.0625,2.124305,14.765625,0.2689339633185297,101.953125,1.85692498481842,0.221484375,0.4034009449777945,3.568359375,6.49923744686447,10.692482141842264,0,,,0.0967732115717021,Information
351892,7086.0,24543.67377,RUS,Russia,Maga Buryatdan,3.24691424,0.0,0.65,0.49,7086.0,,,,,,,,,,,,,,,,,,,,,,,,,9.00341826059935,64.9382848,0.0,,215.875,0.88,144.938,0.591,2.812,0.011,0.062,0.0,1.44938,0.591,0.04218,0.0165,0.00155,0.0,2.10061,3.515625,0.0143239558727157,181.265625,0.7385431647972217,0.052734375,0.0214859338090735,6.344296875,2.584901076790276,9.00341826059935,4133,,,0.0869932322892525,Information
351893,7087.0,1835.31593,RUS,Russia,Maga Buryatdan,4.007443355,0.0,0.65,0.49,7087.0,,,,,,,,,,,,,,,,,,,,,,,,,13.557285732999848,80.1488671,0.0,,22.5,1.226,9.625,0.524,0.375,0.02,0.125,0.007,0.09625,0.524,0.005625,0.03,0.003125,0.0175,0.6765,1.6875,0.0919460226060188,59.34375,3.2334351283116627,0.0253125,0.1379190339090282,2.07703125,11.31702294909082,13.557285732999848,6,,,0.3514766072338154,Advisory
351894,7088.0,18185.04883,RUS,Russia,Maga Buryatdan,3.037993187,0.0,0.65,0.49,7088.0,,,,,,,,,,,,,,,,,,,,,,,,,3.1494498881999284,60.75986374,0.0,,101.562,0.558,62.5,0.344,2.125,0.012,0.75,0.004,0.625,0.344,0.031875,0.018,0.01875,0.01,1.047625,1.265625,0.0069597008607608,57.515625,0.3162797391167964,0.018984375,0.0104395512911412,2.013046875,1.1069790869087874,3.1494498881999284,263,,,0.0058266562480297,Information
351895,7089.0,12631.21603,RUS,Russia,Maga Buryatdan,2.615508239,0.0,0.65,0.49,7089.0,,,,,,,,,,,,,,,,,,,,,,,,,15.844273413804284,52.31016478,0.0,,102.688,0.813,67.0,0.53,5.812,0.046,1.5,0.012,0.67,0.53,0.08718,0.069,0.0375,0.03,1.4236800000000005,16.3125,0.129144335453812,245.671875,1.944958224463876,0.2446875,0.1937165031807179,8.598515625,6.807353785623565,15.844273413804284,1334,,,0.1352503697261227,Information
351896,7090.0,25439.85553,RUS,Russia,Maga Buryatdan,3.03484787,0.0,0.65,0.49,7090.0,,,,,,,,,,,,,,,,,,,,,,,,,7.74990039036461,60.6969574,0.0,,39.938,0.157,22.625,0.089,0.562,0.002,0.125,0.0,0.22625,0.089,0.00843,0.003,0.003125,0.0,0.329805,1.40625,0.0055277436561289,158.34375,0.622423935680119,0.02109375,0.0082916154841933,5.54203125,2.1784837748804167,7.74990039036461,718,,,0.0522282594375458,Information
351897,7091.0,61985.69082,RUS,Russia,Maga Buryatdan,3.117917193,0.0,0.65,0.49,7091.0,7091.0,0.0,1.0,-9999.0,-9999.0,-9999.0,0.0,10.0,-999.9,-999.9,-999.9,-5979.4,0.0,0.0,0.0,0.0,0.0,0.0,0.0,0.0,0.0,0.0,0.0,-5979.4,32.10626121337398,62.35834386,0.0,,330.312,0.533,233.062,0.376,67.062,0.108,39.188,0.063,2.33062,0.376,1.00593,0.162,0.9797,0.1575,5.01175,2.953125,0.0047642043849463,788.625,1.2722694376561614,0.044296875,0.0071463065774194,27.601875,4.452943031796565,32.10626121337398,12812,,,0.4368107031769995,Advisory
351898,7092.0,23890.05712,RUS,Russia,Maga Buryatdan,2.941978187,0.0,0.65,0.49,7092.0,,,,,,,,,,,,,,,,,,,,,,,,,12.629610634597558,58.83956374,0.0,,43.125,0.181,20.0,0.084,1.25,0.005,0.125,0.001,0.2,0.084,0.01875,0.0075,0.003125,0.0025,0.315875,10.125,0.0423816483479741,250.03125,1.0465912605930274,0.151875,0.0635724725219611,8.75109375,3.663069412075596,12.629610634597558,7499,,,0.118715297541909,Information
351899,7093.0,15580.95307,RUS,Russia,Maga Buryatdan,3.01338079,0.0,0.65,0.49,7093.0,7093.0,0.0,1.0,-9999.0,-9999.0,-9999.0,0.0,10.0,-999.9,-999.9,-999.9,-5979.4,0.0,0.0,0.0,0.0,0.0,0.0,0.0,0.0,0.0,0.0,0.0,-5979.4,2.740538805178004,60.2676158,0.0,,62.062,0.398,49.75,0.319,2.812,0.018,0.375,0.002,0.4975,0.319,0.04218,0.0269999999999999,0.009375,0.005,0.900055,1.6875,0.0108305313076125,46.96875,0.3014497880618816,0.0253125,0.0162457969614187,1.64390625,1.0550742582165855,2.740538805178004,531,,,0.0037474881110598,Information
351910,7095.0,8230.718652,RUS,Russia,Chukot,2.067967142,0.0,0.65,0.49,7095.0,,,,,,,,,,,,,,,,,,,,,,,,,16.31993453680866,41.35934284,0.0,,1.0,0.012,0.125,0.002,5.438,0.066,59.812,0.727,0.00125,0.002,0.08157,0.099,1.4953,1.8175,3.49662,76.78125,0.9328620409099204,177.609375,2.1578841715553656,1.15171875,1.3992930613648806,6.216328125,7.552594600443779,16.31993453680866,210,,,0.1004413222063884,Information
351920,7096.0,14034.82148,RUS,Russia,Chukot,4.000352587,0.0,0.65,0.49,7096.0,,,,,,,,,,,,,,,,,,,,,,,,,14.781667445491257,80.00705174000001,0.0,,5.625,0.04,3.438,0.024,7.062,0.05,37.75,0.269,0.03438,0.024,0.10593,0.075,0.94375,0.6725000000000001,1.85556,131.484375,0.9368439433095996,190.265625,1.3556682944362444,1.972265625,1.4052659149643991,6.659296875,4.744839030526856,14.781667445491257,142,,,0.3813291198020676,Advisory
351930,7097.0,9785.896801,RUS,Russia,Chukot,3.168878237,4.003467927,0.65,0.49,7097.0,,,,,,,,,,,,,,,,,,,,,,,,,9.03158,63.37756474,80.06935854,,48.875,0.499,27.938,0.285,90.5,0.925,113.188,1.157,0.2793799999999999,0.285,1.3575,1.3875000000000002,2.8297000000000003,2.8925,9.03158,202.640625,2.070741487588356,31.21875,0.3190177725500451,3.039609375,3.106112231382534,1.09265625,1.116562203925158,8.354940060307692,0,,,0.2143170982805399,Information
351940,7098.0,19566.02512,RUS,Russia,Chukot,2.463595743,0.0,0.65,0.49,7098.0,,,,,,,,,,,,,,,,,,,,,,,,,35.07932,49.27191486,0.0,,864.562,4.419,478.375,2.445,710.438,3.631,311.0,1.589,4.78375,2.445,10.65657,5.4465,7.775,3.9725,35.07932,1002.796875,5.125194662312065,2.53125,0.012936965912441,15.0,7.687791993468098,0.08859375,0.0452793806935434,22.82166512416164,38,,,0.3561130873166088,Advisory
351960,7100.0,11906.62859,RUS,Russia,Chukot,2.607197548,0.0,0.65,0.49,7100.0,,,,,,,,,,,,,,,,,,,,,,,,,18.781005,52.14395096,0.0,,295.125,2.479,186.688,1.568,305.0,2.562,150.625,1.265,1.86688,1.568,4.575,3.843,3.765625,3.1625,18.781005,434.390625,3.6483091884778647,23.203125,0.1948756931365644,6.515859375,5.4724637827167975,0.812109375,0.6820649259779754,13.482497458694771,470,,,0.1748035810899321,Information
351970,7101.0,15259.96247,RUS,Russia,Chukot,2.377485927,0.0,0.65,0.49,7101.0,,,,,,,,,,,,,,,,,,,,,,,,,33.27168,47.54971854,0.0,,355.25,2.328,202.438,1.327,543.25,3.56,397.062,2.602,2.02438,1.327,8.14875,5.34,9.92655,6.505,33.27168,829.125,5.43333577476223,38.109375,0.2497343953460929,12.436875,8.150003662143344,1.333828125,0.8740703837113252,22.79477717085467,3237,,,0.324497385386824,Information
351980,7102.0,20865.9575,RUS,Russia,Chukot,2.585972897,0.0,0.65,0.49,7102.0,,,,,,,,,,,,,,,,,,,,,,,,,1.9637037305313416,51.71945794,0.0,,22.25,0.107,16.0,0.077,3.188,0.015,0.688,0.003,0.16,0.077,0.04782,0.0225,0.0171999999999999,0.0075,0.33202,76.359375,0.3659519339814817,5.203125,0.0249359513026055,1.145390625,0.5489279009722225,0.182109375,0.0872758295591192,1.9637037305313416,0,,,0.0006819201855015,Information
352003,7106.0,24857.70206,RUS,Russia,Sakha,3.624319974,0.0,0.65,0.49,7106.0,,,,,,,,,,,,,,,,,,,,,,,,,2.355518203087064,72.48639948,0.0,,9.375,0.038,3.25,0.013,0.812,0.003,4.688,0.019,0.0325,0.013,0.01218,0.0045,0.1171999999999999,0.0475,0.2268799999999999,87.046875,0.3501806997370389,10.6875,0.0429947224232874,1.305703125,0.5252710496055584,0.3740625,0.1504815284815059,2.355518203087064,70,,,0.0069872208365282,Information
352006,7109.0,6230.721466,RUS,Russia,Sakha,2.710652761,0.0,0.65,0.49,7109.0,,,,,,,,,,,,,,,,,,,,,,,,,7.967924999999999,54.21305522,0.0,,95.938,1.54,74.25,1.192,55.125,0.885,59.562,0.956,0.7425,1.192,0.826875,1.3275,1.48905,2.39,7.967924999999999,13.921875,0.2234392128714615,2.390625,0.0383683496849984,0.208828125,0.3351588193071922,0.083671875,0.1342892238974944,0.7619480432046868,0,,,0.0401822645575179,Information
353011,7112.0,28982.17748,RUS,Russia,Chukot,3.628804331,0.0,0.65,0.49,7112.0,,,,,,,,,,,,,,,,,,,,,,,,,2.052236258815888,72.57608662,0.0,,82.5,0.285,62.438,0.215,2.938,0.01,5.438,0.019,0.62438,0.215,0.04407,0.015,0.13595,0.0475,1.0819,64.96875,0.224167939237733,15.75,0.054343742845511,0.97453125,0.3362519088565995,0.55125,0.1902030999592885,2.052236258815888,1427,,,0.0047642622875782,Information
353012,7113.0,111992.645,RUS,Russia,Chukot,2.995941494,2.29254299,0.65,0.49,7113.0,,,,,,,,,,,,,,,,,,,,,,,,,8.586120000000001,59.91882988,45.8508598,,765.5,0.684,677.75,0.605,19.438,0.017,32.562,0.029,6.7775,0.605,0.2915699999999999,0.0255,0.81405,0.0725,8.586120000000001,1.40625,0.0012556628164751,5.0625,0.0045203861393106,0.02109375,0.0018834942247126,0.1771875,0.0158213514875871,0.2159860957122997,11122,,,0.0616876398865642,Information
353013,7114.0,7369.003889,RUS,Russia,Chukot,3.576025402,2.970011893,0.65,0.49,7114.0,,,,,,,,,,,,,,,,,,,,,,,,,4.098479648047744,71.52050804,59.40023786,,56.812,0.771,50.438,0.684,1.938,0.026,9.375,0.127,0.50438,0.684,0.02907,0.039,0.234375,0.3175,1.808325,25.03125,0.3396829527719356,38.953125,0.528607741111383,0.37546875,0.5095244291579034,1.363359375,1.8501270938898404,4.098479648047744,13,,,0.0262769718323529,Information
354110,7115.0,4882.630111,RUS,Russia,Chukot,2.909874215,1.799071007,0.65,0.49,7115.0,,,,,,,,,,,,,,,,,,,,,,,,,17.434759461906772,58.1974843,35.98142014,,27.125,0.556,19.812,0.406,2.25,0.046,8.0,0.164,0.19812,0.406,0.03375,0.069,0.2,0.41,1.3168699999999998,96.1875,1.9699935856039907,122.203125,2.502813488143082,1.4428125,2.954990378405986,4.277109375,8.759847208500787,17.434759461906772,5643,,,0.1909255581623063,Information
354121,7116.0,829.5665194,RUS,Russia,Chukot,4.009197211,0.0,0.65,0.49,7116.0,,,,,,,,,,,,,,,,,,,,,,,,,19.101368248608075,80.18394422,0.0,,18.562,2.238,16.625,2.004,1.062,0.128,3.375,0.407,0.16625,2.004,0.01593,0.192,0.084375,1.0174999999999998,3.480055,22.078125,2.661405021053789,32.34375,3.898873597722112,0.331171875,3.992107531580684,1.13203125,13.646057592027391,19.101368248608075,0,,,0.4853491320694585,Advisory
354124,7119.0,17468.21646,RUS,Russia,Chukot,3.516389646,0.0,0.65,0.49,7119.0,,,,,,,,,,,,,,,,,,,,,,,,,47.13682541929843,70.32779292,0.0,3.0,200.188,1.146,167.5,0.959,9.625,0.055,36.812,0.211,1.675,0.959,0.144375,0.0825,0.9203,0.5275,4.308675,510.046875,2.919856622166886,637.875,3.6516321031566017,7.650703125,4.3797849332503285,22.325625,12.780712361048106,47.13682541929843,617,0.0,0.0,0.6782618091035286,Watch
354125,7120.0,2255.79625,RUS,Russia,Chukot,3.557311205,0.0,0.65,0.49,7120.0,,,,,,,,,,,,,,,,,,,,,,,,,19.09665659630061,71.1462241,0.0,,5.438,0.241,3.625,0.161,1.438,0.064,1.812,0.08,0.03625,0.161,0.02157,0.096,0.0453,0.2,0.56012,69.609375,3.0858006349445097,70.59375,3.1294382196810986,1.044140625,4.628700952416764,2.47078125,10.953033768883843,19.09665659630061,0,,,0.3399031033293979,Information
354126,7121.0,1935.411679,RUS,Russia,Chukot,1.773421457,0.0,0.65,0.49,7121.0,,,,,,,,,,,,,,,,,,,,,,,,,31.32812746857584,35.46842914,0.0,,53.375,2.758,36.938,1.909,29.312,1.515,26.875,1.389,0.36938,1.909,0.43968,2.2725,0.671875,3.4725,9.134935,108.0,5.580208137264012,98.859375,5.107924896479949,1.62,8.370312205896019,3.460078125,17.87773713767982,31.32812746857584,0,,,0.2349510842413283,Information
354129,7124.0,7868.963952,RUS,Russia,Chukot,3.211099149,0.0,0.65,0.49,7124.0,,,,,,,,,,,,,,,,,,,,,,,,,7.42694,64.22198297999999,0.0,,333.625,4.24,326.812,4.153,0.188,0.002,0.0,0.0,3.26812,4.153,0.00282,0.003,0.0,0.0,7.42694,105.609375,1.342100124590301,47.53125,0.6040344102683379,1.584140625,2.013150186885452,1.66359375,2.1141204359391828,7.375004997824634,0,,,0.0579498012143349,Information
354130,7125.0,1312.457463,RUS,Russia,Chukot,2.953778208,0.0,0.65,0.49,7125.0,,,,,,,,,,,,,,,,,,,,,,,,,34.174829530776776,59.07556416,0.0,,2.062,0.157,1.938,0.148,0.0,0.0,12.5,0.952,0.0193799999999999,0.148,0.0,0.0,0.3125,2.38,2.85988,66.796875,5.089450660221305,84.65625,6.450209047269949,1.001953125,7.634175990331958,2.96296875,22.57573166544482,34.174829530776776,0,,,0.4284828857952646,Advisory
354141,7126.0,870.5142535,RUS,Russia,Chukot,2.614027137,0.0,0.65,0.49,7126.0,,,,,,,,,,,,,,,,,,,,,,,,,11.6865090196761,52.28054274,0.0,,0.0,0.0,0.0,0.0,0.0,0.0,17.062,1.96,0.0,0.0,0.0,0.0,0.42655,4.9,5.32655,6.609375,0.7592494865511294,23.90625,2.74622154709983,0.099140625,1.138874229826694,0.83671875,9.611775414849406,11.6865090196761,0,,,0.0797279104999342,Information
354142,7127.0,9852.337141,RUS,Russia,Chukot,1.920355491,0.0,0.65,0.49,7127.0,,,,,,,,,,,,,,,,,,,,,,,,,42.98393580958513,38.40710982,0.0,,1.062,0.011,0.75,0.008,0.0,0.0,156.062,1.584,0.0075,0.008,0.0,0.0,3.90155,3.96,7.87705,289.125,2.9345828899770607,485.578125,4.928557742748439,4.336875,4.401874334965591,16.995234375,17.249952099619538,42.98393580958513,0,,,0.3595282727659577,Advisory
354143,7128.0,9862.127133,RUS,Russia,Chukot,3.515546431,0.0,0.65,0.49,7128.0,,,,,,,,,,,,,,,,,,,,,,,,,88.88767118534263,70.31092862,0.0,3.0,0.0,0.0,0.0,0.0,2.0,0.02,800.938,8.121,0.0,0.0,0.03,0.03,20.02345,20.3025,40.38595,625.21875,6.339593290228418,1209.65625,12.265672848075765,9.37828125,9.509389935342629,35.0,35.0,88.88767118534263,57,0.0,0.0,0.8635906404534355,Warning
354144,7129.0,45608.79152,RUS,Russia,Chukot,3.276528517,0.0,0.65,0.49,7129.0,,,,,,,,,,,,,,,,,,,,,,,,,35.33146625308238,65.53057034,0.0,,375.375,0.823,236.188,0.518,2.938,0.006,5.188,0.011,2.36188,0.518,0.04407,0.009,0.1296999999999999,0.0274999999999999,3.09015,438.890625,0.9622939138254978,639.84375,1.402895644955468,6.583359375,1.443440870738247,22.39453125,4.910134757344138,35.33146625308238,0,,,0.5098533222267759,Advisory
354145,7130.0,4113.572406,RUS,Russia,Chukot,3.180358409,0.0,0.65,0.49,7130.0,7130.0,1.0,1.0,100.0,-9999.0,-9999.0,3.0,10.0,10.0,-999.9,-999.9,-3953.6,0.0,0.0,0.0,0.0,0.0,0.0,0.0,0.0,0.0,0.0,0.0,-3953.6,28.39642771871613,63.60716818,0.0,,51.375,1.249,30.75,0.748,6.812,0.166,78.812,1.916,0.3075,0.748,0.1021799999999999,0.249,1.9703,4.79,8.166979999999999,59.90625,1.4563071726145729,210.796875,5.124423595655504,0.89859375,2.184460758921859,7.377890625,17.935482584794265,28.39642771871613,548,,,0.4020252394325164,Advisory
354146,7131.0,35425.13213,RUS,Russia,Chukot,2.582818534,0.0,0.65,0.49,7131.0,,,,,,,,,,,,,,,,,,,,,,,,,50.83148468759754,51.65637068,0.0,,104.75,0.296,83.875,0.237,14.0,0.04,108.062,0.305,0.83875,0.237,0.21,0.06,2.70155,0.7625,4.8098,267.75,0.7558193403166819,1081.125,3.051858764892148,4.01625,1.1337290104750228,35.0,10.681505677122518,50.83148468759754,109,,,0.5200111184727109,Advisory
354147,7132.0,25914.28801,RUS,Russia,Chukot,4.010093714,0.0,0.65,0.49,7132.0,,,,,,,,,,,,,,,,,,,,,,,,,97.31146958954008,80.20187428,0.0,3.0,2556.75,9.866,1838.625,7.095,881.438,3.401,1847.375,7.129,10.0,7.095,13.22157,5.1015,25.0,17.822499999999998,78.24056999999999,2126.953125,8.207646393026726,4025.8125,15.535107500136805,15.0,12.311469589540089,35.0,35.0,97.31146958954008,548,0.0,0.0,0.9443446659820984,Warning
354149,7134.0,30127.13668,RUS,Russia,Chukot,3.559306691,0.0,0.65,0.49,7134.0,,,,,,,,,,,,,,,,,,,,,,,,,15.084381649886392,71.18613382000001,0.0,,111.938,0.372,45.188,0.15,0.125,0.0,0.0,0.0,0.45188,0.15,0.001875,0.0,0.0,0.0,0.6037549999999999,0.0,0.0,323.578125,1.0740420785389688,0.0,0.0,11.325234375,3.759147274886391,15.084381649886392,0,,,0.2587522732110316,Information
354150,7135.0,1161.014079,RUS,Russia,Chukot,0.715185561,0.0,0.65,0.49,7135.0,,,,,,,,,,,,,,,,,,,,,,,,,23.866922726626584,14.30371122,0.0,,0.0,0.0,0.0,0.0,0.0,0.0,4.938,0.425,0.0,0.0,0.0,0.0,0.1234499999999999,1.0625,1.18595,41.484375,3.5731155841007327,53.15625,4.5784328501358535,0.622265625,5.359673376151099,1.86046875,16.024514975475487,23.866922726626584,0,,,0.1005690132354733,Information
354161,7136.0,4385.71891,RUS,Russia,Chukot,2.136307249,0.0,0.65,0.49,7136.0,,,,,,,,,,,,,,,,,,,,,,,,,88.218359375,42.72614498,0.0,3.0,0.0,0.0,0.0,0.0,1.125,0.026,391.188,8.92,0.0,0.0,0.016875,0.039,9.7797,22.3,32.135575,761.90625,17.372436896017096,765.421875,17.452597642122747,11.42859375,15.0,26.789765625,35.0,88.218359375,0,0.0,0.0,0.6671187039809606,Warning
354163,7138.0,1021.068063,RUS,Russia,Chukot,2.683129237,0.0,0.65,0.49,7138.0,,,,,,,,,,,,,,,,,,,,,,,,,36.01121284103706,53.66258474,0.0,,0.0,0.0,0.0,0.0,0.0,0.0,33.0,3.232,0.0,0.0,0.0,0.0,0.825,8.08,8.905,48.515625,4.751458472932681,74.53125,7.299342001896582,0.727734375,7.1271877093990215,2.60859375,25.547697006638035,36.01121284103706,0,,,0.4004743945672949,Advisory
354167,7142.0,3765.360569,RUS,Russia,Chukot,3.463992417,0.0,0.65,0.49,7142.0,,,,,,,,,,,,,,,,,,,,,,,,,32.07182963558696,69.27984834,0.0,,12.5,0.332,12.062,0.32,0.0,0.0,6.5,0.173,0.1206199999999999,0.32,0.0,0.0,0.1625,0.4325,1.03562,95.625,2.5395974236113057,209.671875,5.568440821477142,1.434375,3.809396135416959,7.338515625,19.48954287517,32.07182963558696,0,,,0.5171728358846981,Advisory
354169,7144.0,10549.94998,RUS,Russia,Chukot,4.011439784,0.0,0.65,0.49,7144.0,,,,,,,,,,,,,,,,,,,,,,,,,1.5627105814237312,80.22879568,0.0,,8.188,0.078,5.125,0.049,0.0,0.0,0.0,0.0,0.05125,0.049,0.0,0.0,0.0,0.0,0.10025,0.0,0.0,22.921875,0.2172699875496375,0.0,0.0,0.802265625,0.7604449564237312,1.5627105814237312,0,,,0.0055775110017011,Information
354171,7145.0,3975.722433,RUS,Russia,Chukot,1.744682647,3.270424334,0.65,0.49,7145.0,,,,,,,,,,,,,,,,,,,,,,,,,64.87673127228747,34.89365294,65.40848668,3.0,75.75,1.905,67.875,1.707,19.5,0.49,270.125,6.794,0.67875,1.707,0.2925,0.735,6.753125,16.985,27.151375,569.53125,14.32522666345922,335.953125,8.450115184939278,8.54296875,15.0,11.758359375,29.575403147287474,64.87673127228747,12301,2358.0,19.17,0.7352864042226314,Watch
354172,7146.0,10378.28511,RUS,Russia,Chukot,4.018921763,0.0,0.65,0.49,7146.0,,,,,,,,,,,,,,,,,,,,,,,,,4.507728618235102,80.37843526,0.0,,4.812,0.046,3.625,0.035,0.0,0.0,1.0,0.01,0.03625,0.035,0.0,0.0,0.025,0.025,0.12125,138.9375,1.3387327334249812,6.046875,0.0582646837421803,2.0840625,2.008099100137472,0.211640625,0.203926393097631,4.507728618235102,0,,,0.0706677628832486,Information
354176,7150.0,2483.095263,RUS,Russia,Chukot,3.961225244,3.836263911,0.65,0.49,7150.0,,,,,,,,,,,,,,,,,,,,,,,,,7.758825202150105,79.22450488,76.72527822,,0.0,0.0,0.0,0.0,0.0,0.0,1.062,0.043,0.0,0.0,0.0,0.0,0.02655,0.1074999999999999,0.13405,42.1875,1.6989883809977513,26.015625,1.0477095016152798,0.6328125,2.548482571496627,0.910546875,3.666983255653479,7.758825202150105,0,,,0.1623259757132612,Information
354177,7151.0,130.5344427,RUS,Russia,Chukot,4.012601148,0.0,0.65,0.49,7151.0,,,,,,,,,,,,,,,,,,,,,,,,,43.44352663439349,80.25202296,0.0,3.0,2.5,1.915,2.5,1.915,2.188,1.676,1.125,0.862,0.025,1.915,0.03282,2.514,0.028125,2.155,6.669945,6.75,5.171049006262329,16.734375,12.81989232802536,0.10125,7.756573509393494,0.585703125,35.0,43.44352663439349,361,0.0,0.0,0.7847717717976483,Watch
354178,7152.0,1600.054953,RUS,Russia,Chukot,4.032299623,0.0,0.65,0.49,7152.0,,,,,,,,,,,,,,,,,,,,,,,,,15.190565857392476,80.64599246,0.0,,5.75,0.359,5.438,0.34,2.438,0.152,1.875,0.117,0.05438,0.34,0.03657,0.2279999999999999,0.046875,0.2925,0.998325,38.953125,2.434486697985044,43.171875,2.698149517261403,0.584296875,3.6517300469775664,1.511015625,9.44352331041491,15.190565857392476,0,,,0.4043029362344034,Advisory
354179,7153.0,2120.107087,RUS,Russia,Chukot,4.033857502,3.236052402,0.65,0.49,7153.0,,,,,,,,,,,,,,,,,,,,,,,,,15.82510549286871,80.67715004,64.72104804,,19.0,0.896,17.875,0.843,4.688,0.221,3.125,0.147,0.17875,0.843,0.07032,0.3315,0.078125,0.3675,1.869195,49.359375,2.3281548037195416,57.9375,2.7327629035112566,0.740390625,3.492232205579312,2.0278125,9.564670162289396,15.82510549286871,0,,,0.4208612449241668,Advisory
354180,7154.0,15427.07382,RUS,Russia,Chukot,2.922720161,0.0,0.65,0.49,7154.0,,,,,,,,,,,,,,,,,,,,,,,,,5.867502636931079,58.45440322,0.0,,29.312,0.19,28.938,0.188,1.438,0.009,0.125,0.001,0.2893799999999999,0.188,0.02157,0.0134999999999999,0.003125,0.0025,0.518075,64.40625,0.4174884412263219,74.109375,0.4803851714547416,0.96609375,0.6262326618394829,2.593828125,1.6813481000915955,5.867502636931079,291,,,0.0251524353727689,Information
354193,7157.0,11296.07278,RUS,Russia,Kamchatka,4.000186719,3.607709818,0.65,0.49,7157.0,,,,,,,,,,,,,,,,,,,,,,,,,5.843138305873291,80.00373438,72.15419636,,38.188,0.338,33.938,0.3,0.688,0.006,0.0,0.0,0.33938,0.3,0.01032,0.009,0.0,0.0,0.6587000000000001,1.546875,0.0136939184957378,87.890625,0.7780635508941954,0.023203125,0.0205408777436067,3.076171875,2.723222428129684,5.843138305873291,254,,,0.1092966028137245,Information
354194,7158.0,13905.97198,RUS,Russia,Kamchatka,2.831795512,1.965862407,0.65,0.49,7158.0,,,,,,,,,,,,,,,,,,,,,,,,,18.40326573793821,56.63591024,39.31724814,,13.312,0.096,11.375,0.082,0.0,0.0,0.0,0.0,0.11375,0.082,0.0,0.0,0.0,0.0,0.19575,0.0,0.0,305.859375,2.1994821751252025,0.0,0.0,10.705078125,7.698187612938208,18.40326573793821,106,,,0.1956938327247279,Information
354195,7159.0,1126.760192,RUS,Russia,Kamchatka,3.742057764,4.013599588,0.65,0.49,7159.0,,,,,,,,,,,,,,,,,,,,,,,,,8.894445991771482,74.84115528000001,80.27199175999999,,5.125,0.455,4.125,0.366,0.0,0.0,0.0,0.0,0.04125,0.366,0.0,0.0,0.0,0.0,0.40725,0.0,0.0,25.734375,2.2839265333632803,0.0,0.0,0.900703125,7.993742866771481,8.894445991771482,279,,,0.2128381076951284,Information
354197,7161.0,7334.778605,RUS,Russia,Kamchatka,3.217631542,4.006481423,0.65,0.49,7161.0,,,,,,,,,,,,,,,,,,,,,,,,,15.111889854023104,64.35263084,80.12962846,,21.938,0.299,18.562,0.253,0.0,0.0,0.0,0.0,0.18562,0.253,0.0,0.0,0.0,0.0,0.43862,0.703125,0.0095861789135947,182.390625,2.4866548101864896,0.010546875,0.014379268370392,6.383671875,8.703291835652713,15.111889854023104,2330,,,0.3921391770313909,Advisory
354198,7162.0,13486.55625,RUS,Russia,Kamchatka,2.765457482,0.0,0.65,0.49,7162.0,,,,,,,,,,,,,,,,,,,,,,,,,25.06872813424743,55.30914964,0.0,,31.562,0.234,26.625,0.197,0.0,0.0,0.0,0.0,0.26625,0.197,0.0,0.0,0.0,0.0,0.46325,0.5625,0.0041708201081414,411.046875,3.047826794024348,0.0084375,0.006256230162212,14.386640625,10.667393779085216,25.06872813424743,1130,,,0.2815822321218136,Information
354210,7163.0,28728.07536,RUS,Russia,Kamchatka,3.192294388,2.559411316,0.65,0.49,7163.0,,,,,,,,,,,,,,,,,,,,,,,,,49.44851745954294,63.84588776,51.18822632,3.0,324.625,1.13,291.0,1.013,26.875,0.094,5.812,0.02,2.91,1.013,0.403125,0.141,0.1453,0.05,4.662425,54.421875,0.1894379429231972,1095.609375,3.813723548616614,0.816328125,0.2841569143847958,35.0,13.348032420158148,49.44851745954294,3442,509.0,14.79,0.6229133739185232,Watch
354230,7165.0,6238.277687,RUS,Russia,Kamchatka,0.791894805,3.535203121,0.65,0.49,7165.0,,,,,,,,,,,,,,,,,,,,,,,,,20.152761423230807,15.8378961,70.70406242,,16.625,0.266,14.75,0.236,0.0,0.0,0.0,0.0,0.1475,0.236,0.0,0.0,0.0,0.0,0.3834999999999999,0.0,0.0,221.203125,3.545900585208802,0.0,0.0,7.742109375,12.410652048230808,20.152761423230807,6453,,,0.3541621565078439,Advisory
354241,7166.0,4264.033019,RUS,Russia,Kamchatka,1.696933593,2.625278164,0.65,0.49,7166.0,7166.0,0.0,16.0,3.0,-9999.0,-9999.0,0.0,1.0,0.3,-999.9,-999.9,-3997.0,0.0,0.0,0.0,0.0,0.0,0.0,0.0,0.0,0.0,0.0,0.0,-3997.0,19.18131076487094,33.93867186,52.50556328,,,,,,,,,,,,,,,,,0.0,0.0,163.828125,3.84209325424884,0.0,0.0,5.733984375,13.44732638987094,19.18131076487094,18,,,0.1822890329643645,Information
354250,7175.0,16978.03899,RUS,Russia,Kamchatka,1.259048772,4.001188798,0.65,0.49,7175.0,,,,,,,,,,,,,,,,,,,,,,,,,24.13511391127043,25.18097544,80.02377596000001,,9.438,0.056,8.188,0.048,0.25,0.001,0.0,0.0,0.08188,0.048,0.00375,0.0015,0.0,0.0,0.13513,0.0,0.0,433.96875,2.5560593317915514,0.0,0.0,15.18890625,8.94620766127043,24.13511391127043,527,,,0.5750025840809205,Advisory
354290,7179.0,8599.075588,RUS,Russia,Kamchatka,0.986921913,0.147295047,0.65,0.49,7179.0,,,,,,,,,,,,,,,,,,,,,,,,,10.768785514913215,19.73843826,2.9459009400000005,,8.375,0.097,8.062,0.094,0.75,0.009,0.0,0.0,0.08062,0.094,0.01125,0.0134999999999999,0.0,0.0,0.19937,3.796875,0.0441544554519578,140.625,1.635350201924365,0.056953125,0.0662316831779367,4.921875,5.723725706735278,10.768785514913215,24251,,,0.0222877105655871,Information
354410,7180.0,11384.09244,RUS,Russia,Kamchatka,2.221224622,3.277644306,0.65,0.49,7180.0,,,,,,,,,,,,,,,,,,,,,,,,,4.976635617237543,44.42449244,65.55288612,,15.688,0.138,15.25,0.134,0.188,0.002,0.062,0.001,0.1525,0.134,0.00282,0.003,0.00155,0.0025,0.2963699999999999,0.421875,0.00370582900834,75.515625,0.6633433924928666,0.006328125,0.00555874351251,2.643046875,2.321701873725033,4.976635617237543,5384,,,0.0265153324527896,Information
354480,7195.0,8019.782782,RUS,Russia,Kamchatka,0.354273155,2.615163477,0.65,0.49,7195.0,,,,,,,,,,,,,,,,,,,,,,,,,2.434569206380357,7.0854631,52.30326954,,7.0,0.087,6.0,0.075,0.312,0.004,0.0,0.0,0.06,0.075,0.00468,0.006,0.0,0.0,0.14568,4.640625,0.0578647218501645,28.96875,0.3612161424586028,0.069609375,0.0867970827752467,1.01390625,1.2642564986051097,2.434569206380357,167,,,0.0014644985423251,Information
354491,7196.0,8065.979166,RUS,Russia,Kamchatka,1.7549918,3.079504676,0.65,0.49,7196.0,,,,,,,,,,,,,,,,,,,,,,,,,2.426831300300596,35.099836,61.59009352,,25.812,0.32,24.25,0.301,0.562,0.007,0.125,0.002,0.2425,0.301,0.00843,0.0105,0.003125,0.005,0.570555,0.703125,0.0087171685613276,30.65625,0.380068549273887,0.010546875,0.0130757528419914,1.07296875,1.3302399224586046,2.426831300300596,2796,,,0.0028748090649662,Information
354492,7197.0,3532.162475,RUS,Russia,Kamchatka,2.48087887,0.0,0.65,0.49,7197.0,,,,,,,,,,,,,,,,,,,,,,,,,6.241444381479143,49.6175774,0.0,,5.25,0.149,3.438,0.097,0.0,0.0,0.0,0.0,0.03438,0.097,0.0,0.0,0.0,0.0,0.13138,0.0,0.0,46.546875,1.3178010732797552,0.0,0.0,1.629140625,4.612303756479143,6.241444381479143,57,,,0.0183794989692045,Information
354494,7199.0,5307.071017,RUS,Russia,Kamchatka,3.197350718,3.005168993,0.65,0.49,7199.0,,,,,,,,,,,,,,,,,,,,,,,,,33.616266321828085,63.94701436,60.10337986,,22.438,0.423,17.0,0.32,0.0,0.0,0.0,0.0,0.17,0.32,0.0,0.0,0.0,0.0,0.49,0.0,0.0,333.0,6.27464752052231,0.0,0.0,11.655,21.961266321828084,33.616266321828085,71,,,0.4721049430896339,Advisory
354495,7200.0,323.2041816,RUS,Russia,Kamchatka,2.088463208,2.48924366,0.65,0.49,7200.0,,,,,,,,,,,,,,,,,,,,,,,,,8.331898979970365,41.76926416,49.7848732,,1.0,0.309,1.0,0.309,0.0,0.0,0.0,0.0,0.01,0.309,0.0,0.0,0.0,0.0,0.319,0.0,0.0,7.453125,2.306011315705818,0.0,0.0,0.260859375,8.071039604970364,8.331898979970365,0,,,0.0362293770418817,Information
354498,7203.0,3788.064808,RUS,Russia,Kamchatka,1.758544961,0.0,0.65,0.49,7203.0,,,,,,,,,,,,,,,,,,,,,,,,,40.57744536469063,35.170899219999995,0.0,,4.625,0.122,3.875,0.102,0.0,0.0,0.0,0.0,0.03875,0.102,0.0,0.0,0.0,0.0,0.14075,0.0,0.0,318.515625,8.408399568483036,0.0,0.0,11.148046875,29.429398489690627,40.57744536469063,11,,,0.3196984467952576,Advisory
354501,7204.0,1873.19418,RUS,Russia,Kamchatka,1.059354844,0.0,0.65,0.49,7204.0,,,,,,,,,,,,,,,,,,,,,,,,,1.1230985104406912,21.18709688,0.0,,8.25,0.44,4.125,0.22,0.0,0.0,0.0,0.0,0.04125,0.22,0.0,0.0,0.0,0.0,0.26125,0.0,0.0,5.0625,0.2702602886973403,0.0,0.0,0.1771875,0.9459110104406911,1.1230985104406912,0,,,1.064160520745699e-05,Information
354502,7205.0,35483.0712,RUS,Russia,Kamchatka,2.907723693,2.192951969,0.65,0.49,7205.0,,,,,,,,,,,,,,,,,,,,,,,,,35.22303605120011,58.15447386,43.85903938,,461.5,1.301,348.375,0.982,0.438,0.001,0.062,0.0,3.48375,0.982,0.00657,0.0015,0.00155,0.0,4.47537,2.953125,0.0083226307643203,783.84375,2.209063994301036,0.044296875,0.0124839461464804,27.43453125,7.731723980053626,35.22303605120011,350,,,0.4316069004357002,Advisory
354504,7207.0,60235.82733,RUS,Russia,Kamchatka,2.897813248,3.053414017,0.65,0.49,7207.0,7207.0,0.0,1.0,-9999.0,-9999.0,-9999.0,0.0,10.0,-999.9,-999.9,-999.9,-5979.4,0.0,0.0,0.0,0.0,0.0,0.0,0.0,0.0,0.0,0.0,0.0,-5979.4,47.68270238268847,57.95626496,61.06828034,,195.812,0.325,146.062,0.242,0.0,0.0,0.0,0.0,1.46062,0.242,0.0,0.0,0.0,0.0,1.70262,8.15625,0.0135405295520744,2158.171875,3.5828708109601024,0.12234375,0.0203107943281116,35.0,12.540047838360358,47.68270238268847,1378,,,0.5803384398509203,Advisory
354507,7210.0,185.5024142,RUS,Russia,Kamchatka,4.036179622,4.012936998,0.65,0.49,7210.0,,,,,,,,,,,,,,,,,,,,,,,,,3.513231938150959,80.72359243999999,80.25873996,,0.562,0.303,0.438,0.236,0.062,0.034,0.0,0.0,0.00438,0.236,0.0009299999999999,0.051,0.0,0.0,0.2923099999999999,0.0,0.0,1.828125,0.9854993037574168,0.0,0.0,0.063984375,3.449247563150959,3.513231938150959,0,,,0.0443453055554718,Information
356011,7212.0,7800.198768,RUS,Russia,Kamchatka,3.635330807,4.006281001,0.65,0.49,7212.0,,,,,,,,,,,,,,,,,,,,,,,,,14.028531136139264,72.70661614,80.12562001999999,,84.625,1.085,43.812,0.562,0.75,0.01,0.25,0.003,0.4381199999999999,0.562,0.01125,0.015,0.00625,0.0075,1.04012,0.0,0.0,175.640625,2.251745503182647,0.0,0.0,6.147421875,7.881109261139265,14.028531136139264,58,,,0.363793078063439,Advisory
356012,7213.0,12909.81111,RUS,Russia,Maga Buryatdan,1.600789806,3.411401889,0.65,0.49,7213.0,,,,,,,,,,,,,,,,,,,,,,,,,45.89044497543611,32.015796120000005,68.22803778,3.0,37.75,0.292,23.25,0.18,0.375,0.003,0.0,0.0,0.2325,0.18,0.005625,0.0045,0.0,0.0,0.422625,0.0,0.0,738.84375,5.7231182072674605,0.0,0.0,25.85953125,20.03091372543611,45.89044497543611,34,0.0,0.0,0.6434413561595071,Watch
356013,7214.0,16353.8843,RUS,Russia,Maga Buryatdan,2.140389142,1.273675945,0.65,0.49,7214.0,,,,,,,,,,,,,,,,,,,,,,,,,17.814106556463756,42.80778284,25.4735189,,114.938,0.703,97.312,0.595,6.688,0.041,0.875,0.005,0.97312,0.595,0.10032,0.0615,0.021875,0.0125,1.764315,0.0,0.0,315.84375,1.931307230418216,0.0,0.0,11.05453125,6.759575306463756,17.814106556463756,222,,,0.1217208875495526,Information
356014,7215.0,12167.3365,RUS,Russia,Maga Buryatdan,3.126765519,4.000321134,0.65,0.49,7215.0,,,,,,,,,,,,,,,,,,,,,,,,,37.32974175949023,62.53531038,80.00642268,3.0,80.562,0.662,44.25,0.364,0.25,0.002,0.0,0.0,0.4425,0.364,0.00375,0.003,0.0,0.0,0.81325,0.0,0.0,585.421875,4.811421752711496,0.0,0.0,20.489765625,16.839976134490236,37.32974175949023,138,12.0,8.7,0.7338107377178509,Watch
356015,7216.0,35833.82171,RUS,Russia,Maga Buryatdan,3.504195159,4.007779212,0.65,0.49,7216.0,,,,,,,,,,,,,,,,,,,,,,,,,16.634252862112646,70.08390318,80.15558424,,135.562,0.378,105.438,0.294,25.75,0.072,3.625,0.01,1.05438,0.294,0.38625,0.1079999999999999,0.090625,0.025,1.958255,26.015625,0.0726007547027291,360.421875,1.0058147800167287,0.390234375,0.1089011320540936,12.614765625,3.5203517300585507,16.634252862112646,1850,,,0.4299668153966673,Advisory
356017,7218.0,10272.0346,RUS,Russia,Maga Buryatdan,3.533062442,3.957802964,0.65,0.49,7218.0,,,,,,,,,,,,,,,,,,,,,,,,,21.953680305149344,70.66124884,79.15605928,,0.062,0.001,0.062,0.001,0.938,0.009,23.125,0.225,0.00062,0.001,0.01407,0.0134999999999999,0.578125,0.5625,1.169815,194.625,1.8947074037452365,234.421875,2.282136735580426,2.919375,2.842061105617854,8.204765625,7.98747857453149,21.953680305149344,5440,,,0.5206844583276664,Advisory
356021,7220.0,18766.11503,RUS,Russia,Maga Buryatdan,3.778284875,1.200747207,0.65,0.49,7220.0,,,,,,,,,,,,,,,,,,,,,,,,,8.116934213455544,75.5656975,24.01494414,,7.5,0.04,7.5,0.04,1.5,0.008,0.0,0.0,0.075,0.04,0.0225,0.012,0.0,0.0,0.1495,90.84375,0.4840839451977908,112.359375,0.5987354059025307,1.36265625,0.7261259177966862,3.932578125,2.095573920658857,8.116934213455544,91424,,,0.1352231274243753,Information
356022,7221.0,26196.27395,RUS,Russia,Maga Buryatdan,2.667059866,1.245828775,0.65,0.49,7221.0,,,,,,,,,,,,,,,,,,,,,,,,,32.24513022777734,53.34119731999999,24.9165755,,241.625,0.922,118.875,0.454,40.0,0.153,8.625,0.033,1.18875,0.454,0.6,0.2294999999999999,0.215625,0.0825,2.770375,303.328125,1.1579056075664786,536.765625,2.0490151618364623,4.549921875,1.736858411349718,18.786796875,7.171553066427618,32.24513022777734,748,,,0.3558795581858397,Advisory
356023,7222.0,4183.793405,RUS,Russia,Khabarovsk,3.850575391,1.155836191,0.65,0.49,7222.0,,,,,,,,,,,,,,,,,,,,,,,,,10.10219292311256,77.01150782,23.11672382,,23.125,0.553,13.25,0.317,11.438,0.273,4.75,0.114,0.1325,0.317,0.17157,0.4095,0.11875,0.285,1.43432,48.375,1.1562473409866545,64.40625,1.5394223318950222,0.725625,1.7343710114799815,2.25421875,5.387978161632578,10.10219292311256,104,,,0.2054698089367841,Information
356024,7223.0,19416.95466,RUS,Russia,Khabarovsk,3.242176115,0.539710528,0.65,0.49,7223.0,,,,,,,,,,,,,,,,,,,,,,,,,5.047126510040812,64.8435223,10.79421056,,79.625,0.41,39.312,0.202,3.625,0.019,0.438,0.002,0.3931199999999999,0.202,0.054375,0.0284999999999999,0.01095,0.005,0.6939449999999999,63.28125,0.3259071832074147,68.0625,0.3505312814941971,0.94921875,0.488860774811122,2.3821875,1.22685948522969,5.047126510040812,495,,,0.0261297563737758,Information
356025,7224.0,21676.47998,RUS,Russia,Khabarovsk,3.013408394,3.443096387,0.65,0.49,7224.0,,,,,,,,,,,,,,,,,,,,,,,,,3.77605263383256,60.26816787999999,68.86192774,,45.312,0.209,27.875,0.129,4.125,0.019,2.0,0.009,0.27875,0.129,0.061875,0.0284999999999999,0.05,0.0225,0.570625,50.203125,0.2316018331446117,52.3125,0.2413330026044693,0.753046875,0.3474027497169175,1.8309375,0.8446655091156425,3.77605263383256,4209,,,0.0174398583638659,Information
356026,7225.0,20721.79671,RUS,Russia,Khabarovsk,3.145864437,0.0,0.65,0.49,7225.0,,,,,,,,,,,,,,,,,,,,,,,,,3.290988191045095,62.91728874,0.0,,37.25,0.18,22.25,0.107,0.125,0.001,0.062,0.0,0.2225,0.107,0.001875,0.0015,0.00155,0.0,0.334425,29.53125,0.1425129799616534,50.765625,0.2449865988864614,0.44296875,0.2137694699424801,1.776796875,0.8574530961026149,3.290988191045095,678,,,0.0077184616191101,Information
356027,7226.0,14801.42307,RUS,Russia,Khabarovsk,3.597799145,3.225452019,0.65,0.49,7226.0,,,,,,,,,,,,,,,,,,,,,,,,,1.6635672612753685,71.95598290000001,64.50904038,,27.438,0.185,21.812,0.147,1.25,0.008,0.0,0.0,0.21812,0.147,0.01875,0.012,0.0,0.0,0.39587,5.484375,0.037053025056288,26.015625,0.1757643496259818,0.082265625,0.055579537584432,0.910546875,0.6151752236909364,1.6635672612753685,399,,,0.0023654251322005,Information
356028,7227.0,15429.05783,RUS,Russia,Khabarovsk,3.260317582,0.0,0.65,0.49,7227.0,,,,,,,,,,,,,,,,,,,,,,,,,1.485632623308696,65.20635164,0.0,,18.125,0.117,11.938,0.077,0.312,0.002,0.312,0.002,0.11938,0.077,0.00468,0.003,0.0078,0.005,0.21686,17.4375,0.1130172703436479,18.28125,0.1184858479409212,0.2615625,0.1695259055154718,0.63984375,0.4147004677932241,1.485632623308696,5,,,0.0008063659566017,Information
356029,7228.0,21782.07307,RUS,Russia,Khabarovsk,3.176635426,3.202175929,0.65,0.49,7228.0,,,,,,,,,,,,,,,,,,,,,,,,,3.428640861106833,63.53270852,64.04351858,,52.625,0.242,50.375,0.231,5.562,0.026,1.25,0.006,0.50375,0.231,0.08343,0.039,0.03125,0.015,0.90343,15.890625,0.0729527669390019,60.328125,0.2769622744852373,0.238359375,0.1094291504085028,2.111484375,0.9693679606983304,3.428640861106833,633,,,0.0093830387886961,Information
412004,7264.0,1494.817052,RUS,Russia,Sakhalin,0.194382543,0.0,0.65,0.49,7264.0,,,,,,,,,,,,,,,,,,,,,,,,,1.476077658969837,3.88765086,0.0,,1.625,0.109,1.562,0.105,0.062,0.004,0.0,0.0,0.01562,0.105,0.0009299999999999,0.006,0.0,0.0,0.12755,0.0,0.0,5.484375,0.366892723991382,0.0,0.0,0.191953125,1.284124533969837,1.476077658969837,14,,,1.4825554806084235e-05,Information
422126,7336.0,13944.8263,RUS,Russia,Khabarovsk,2.840899162,0.0,0.65,0.49,7336.0,7336.0,0.0,1.0,2.0,2.0,2.0,0.0,10.0,0.2,0.2,0.2,21.2,0.0,0.0,0.0,0.0,0.0,0.0,0.0,0.0,0.0,0.0,0.0,21.2,21.2,56.81798324,0.0,,,,,,,,,,,,,,,,,0.0,0.0,7.171875,0.0514303645182826,0.0,0.0,0.251015625,0.1800062758139891,0.4310219008139891,174,,,0.238411091309965,Information
422151,7350.0,2608.334598,RUS,Russia,Khabarovsk,1.235161689,0.0,0.65,0.49,7350.0,7350.0,0.0,28.0,2.0,-9999.0,-9999.0,0.0,1.0,0.2,-999.9,-999.9,-3997.2,0.0,0.0,0.0,0.0,0.0,0.0,0.0,0.0,0.0,0.0,0.0,-3997.2,2.593292482875435,24.70323378,0.0,,,,,,,,,,,,,,,,,0.0,0.0,15.328125,0.5876594593929814,0.0,0.0,0.536484375,2.056808107875435,2.593292482875435,265861,,,0.0003778797968539,Information
422153,7352.0,2066.922124,RUS,Russia,Khabarovsk,0.282430435,0.0,0.65,0.49,7352.0,,,,,,,,,,,,,,,,,,,,,,,,,4.7124507446967225,5.6486087,0.0,,6.375,0.308,5.188,0.251,0.188,0.009,0.0,0.0,0.0518799999999999,0.251,0.00282,0.0134999999999999,0.0,0.0,0.3192,0.0,0.0,23.0625,1.115789498484778,0.0,0.0,0.8071875,3.905263244696723,4.7124507446967225,43803,,,0.0013640680440052,Information
422155,7354.0,559.6339576,RUS,Russia,Khabarovsk,0.184954898,0.0,0.65,0.49,7354.0,,,,,,,,,,,,,,,,,,,,,,,,,9.47273867683042,3.69909796,0.0,,1.188,0.212,1.062,0.19,0.0,0.0,0.0,0.0,0.01062,0.19,0.0,0.0,0.0,0.0,0.20062,0.0,0.0,14.34375,2.5630592648086914,0.0,0.0,0.50203125,8.970707426830419,9.47273867683042,1055,,,0.0101959017785914,Information
422156,7355.0,14662.85263,RUS,Russia,Khabarovsk,2.034075261,0.0,0.65,0.49,7355.0,,,,,,,,,,,,,,,,,,,,,,,,,0.33088,40.68150522,0.0,,23.188,0.158,19.688,0.134,0.0,0.0,0.0,0.0,0.19688,0.134,0.0,0.0,0.0,0.0,0.33088,0.0,0.0,3.234375,0.0220582930285551,0.0,0.0,0.113203125,0.0772040255999428,0.1904071505999428,16476,,,1.0575824922190985e-07,Information
422190,7370.0,118.8527034,RUS,Russia,Khabarovsk,0.136607888,0.0,0.65,0.49,7370.0,7370.0,0.0,29.0,2.0,-9999.0,-9999.0,0.0,1.0,0.2,-999.9,-999.9,-3997.2,0.0,0.0,0.0,0.0,0.0,0.0,0.0,0.0,0.0,0.0,0.0,-3997.2,19.93420787548376,2.73215776,0.0,,,,,,,,,,,,,,,,,0.84375,0.7099123333507661,6.328125,5.324342500130745,0.01265625,1.064868500026149,0.221484375,18.635198750457608,19.93420787548376,97676,,,0.0564796241056539,Information
422254,7378.0,22214.74958,RUS,Russia,Primor'ye,1.221022925,0.0,0.65,0.49,7378.0,7378.0,1.0,7.0,94.0,13.0,3.0,3.0,4.0,9.4,1.3,0.3,28.95,0.0,0.0,0.0,0.0,0.0,0.0,0.0,0.0,0.0,0.0,0.0,28.95,28.95,24.4204585,0.0,,,,,,,,,,,,,,,,,0.984375,0.0044311775675253,11.109375,0.0500090039763578,0.014765625,0.0066467663512879,0.388828125,0.1750315139172523,0.5852720302685404,48070,,,0.1686244008332697,Information
422260,7384.0,29795.08885,RUS,Russia,Primor'ye,4.010981645,0.0,0.65,0.49,7384.0,7384.0,1.0,8.0,70.0,17.0,2.0,3.0,3.0,7.0,1.7,0.2,-516.0363636363637,0.0,0.0,0.0,0.0,0.0,0.0,0.0,0.0,0.0,0.0,0.0,-516.0363636363637,0.7353246005374463,80.21963290000001,0.0,,,,,,,,,,,,,,,,,4.21875,0.0141592126848618,13.921875,0.0467254018600439,0.06328125,0.0212388190272927,0.487265625,0.1635389065101536,0.7353246005374463,53799,,,0.000497152658995,Information
422284,7389.0,7006.330411,RUS,Russia,Primor'ye,1.229345869,0.0,0.65,0.49,7389.0,7389.0,1.0,7.0,60.0,11.0,-9999.0,3.0,4.0,6.0,1.1,-999.9,-1976.3,0.0,0.0,0.0,0.0,0.0,0.0,0.0,0.0,0.0,0.0,0.0,-1976.3,1.7135084516302668,24.586917380000003,0.0,,,,,,,,,,,,,,,,,6.046875,0.0863058783268953,17.578125,0.2508891811828354,0.090703125,0.1294588174903429,0.615234375,0.8781121341399238,1.7135084516302668,80470,,,7.702822236360948e-05,Information
422285,7390.0,1053.46434,RUS,Russia,Primor'ye,3.444495833,0.0,0.65,0.49,7390.0,7390.0,1.0,8.0,33.0,7.0,2.0,3.0,3.0,3.3,0.7,0.2,20.4,0.0,0.0,0.0,0.0,0.0,0.0,0.0,0.0,0.0,0.0,0.0,20.4,20.4,68.88991666,0.0,,,,,,,,,,,,,,,,,0.0,0.0,0.84375,0.0800928866752148,0.0,0.0,0.02953125,0.2803251033632518,0.3098563533632518,547,,,0.3365135711327843,Information
422286,7391.0,4984.06023,RUS,Russia,Primor'ye,3.129043431,0.0,0.65,0.49,7391.0,7391.0,1.0,8.0,82.0,19.0,5.0,3.0,3.0,8.2,1.9,0.5,31.73333333333333,0.0,0.0,0.0,0.0,0.0,0.0,0.0,0.0,0.0,0.0,0.0,31.73333333333333,31.73333333333333,62.58086862,0.0,,,,,,,,,,,,,,,,,,,,,,,,,,966,,,0.4345450132044411,Advisory
422550,7474.0,1359.657695,RUS,Russia,Amur,1.465471893,0.0,0.65,0.49,7474.0,,,,,,,,,,,,,,,,,,,,,,,,,7.395949376224812,29.30943786,0.0,,2.438,0.179,2.25,0.165,0.0,0.0,0.0,0.0,0.0225,0.165,0.0,0.0,0.0,0.0,0.1875,1.265625,0.0930840905655652,24.75,1.820311104393276,0.018984375,0.1396261358483478,0.86625,6.371088865376464,7.395949376224812,2304,,,0.0119921825454517,Information
422561,7475.0,8743.16973,RUS,Russia,Amur,0.873133897,0.0,0.65,0.49,7475.0,7475.0,0.0,2.0,7.0,2.0,2.0,0.0,9.0,0.7,0.2,0.2,20.2,0.0,0.0,0.0,0.0,0.0,0.0,0.0,0.0,0.0,0.0,0.0,20.2,20.2,17.46267794,0.0,,55.438,0.634,37.0,0.423,2.25,0.026,0.562,0.006,0.37,0.423,0.03375,0.039,0.01405,0.015,0.8947999999999999,36.84375,0.4214003746439597,168.46875,1.926861255051388,0.55265625,0.6321005619659396,5.89640625,6.7440143926798575,13.825177454645797,35496,,,0.07962951793688,Information
422563,7477.0,15565.40774,RUS,Russia,Khabarovsk,1.353117796,0.0,0.65,0.49,7477.0,,,,,,,,,,,,,,,,,,,,,,,,,1.384662545658073,27.06235592,0.0,,24.688,0.159,19.375,0.124,0.562,0.004,1.812,0.012,0.19375,0.124,0.00843,0.006,0.0453,0.03,0.4074799999999999,4.359375,0.0280068153301088,22.21875,0.1427444136179742,0.065390625,0.0420102229951632,0.77765625,0.4996054476629096,1.384662545658073,1588,,,3.682920736709686e-05,Information
422564,7478.0,3490.476963,RUS,Russia,Khabarovsk,1.723114276,0.0,0.65,0.49,7478.0,,,,,,,,,,,,,,,,,,,,,,,,,0.2092501574992122,34.46228552,0.0,,4.875,0.14,4.625,0.133,0.0,0.0,0.0,0.0,0.04625,0.133,0.0,0.0,0.0,0.0,0.17925,0.0,0.0,1.546875,0.0443170092854892,0.0,0.0,0.054140625,0.1551095324992122,0.2092501574992122,17943,,,4.546050156047578e-09,Information
422565,7479.0,1230.274966,RUS,Russia,Khabarovsk,1.928441056,0.0,0.65,0.49,7479.0,,,,,,,,,,,,,,,,,,,,,,,,,1.28212,38.56882112,0.0,,12.438,1.011,11.812,0.96,0.875,0.071,0.375,0.03,0.1181199999999999,0.96,0.013125,0.1064999999999999,0.009375,0.075,1.28212,0.140625,0.0114303715744422,0.984375,0.0800126010210957,0.002109375,0.0171455573616633,0.034453125,0.2800441035738349,0.3337521609354982,431,,,5.455118943167133e-05,Information
422590,7486.0,15556.67422,RUS,Russia,Amur,1.553739039,0.0,0.65,0.49,7486.0,,,,,,,,,,,,,,,,,,,,,,,,,8.074158961207926,31.07478078,0.0,,362.0,2.327,219.562,1.411,1.625,0.01,0.0,0.0,2.19562,1.411,0.024375,0.015,0.0,0.0,3.645995,47.109375,0.3028242047938928,120.234375,0.772879686862025,0.706640625,0.4542363071908392,4.208203125,2.705078904017088,8.074158961207926,243225,,,0.0160022894657028,Information
422610,7487.0,7694.648026,RUS,Russia,Amur,0.109562787,0.0,0.65,0.49,7487.0,,,,,,,,,,,,,,,,,,,,,,,,,6.187912607195505,2.19125574,0.0,,123.188,1.601,88.125,1.145,0.438,0.006,0.0,0.0,0.88125,1.145,0.00657,0.009,0.0,0.0,2.04182,35.015625,0.4550646745841028,61.875,0.8041303486626716,0.525234375,0.6825970118761542,2.165625,2.8144562203193506,6.187912607195505,163634,,,0.0028863885345649,Information
422620,7488.0,15443.68699,RUS,Russia,Amur,1.622822142,0.0,0.65,0.49,7488.0,,,,,,,,,,,,,,,,,,,,,,,,,5.419033185697374,32.45644284,0.0,,104.062,0.674,81.062,0.525,0.125,0.001,0.0,0.0,0.81062,0.525,0.001875,0.0015,0.0,0.0,1.3389950000000002,10.265625,0.0664713355305294,89.578125,0.5800306949718799,0.153984375,0.0997070032957941,3.135234375,2.0301074324015795,5.419033185697374,85730,,,0.0058203151271272,Information
422630,7489.0,12819.76792,RUS,Russia,Amur,0.276692552,0.0,0.65,0.49,7489.0,,,,,,,,,,,,,,,,,,,,,,,,,9.693598373635822,5.53385104,0.0,,20.438,0.159,16.938,0.132,0.5,0.004,0.0,0.0,0.1693799999999999,0.132,0.0075,0.006,0.0,0.0,0.31488,14.90625,0.1162755058374169,149.203125,1.1638519971084849,0.22359375,0.1744132587561253,5.222109375,4.0734819898796975,9.693598373635822,119182,,,0.0113998071221031,Information
422641,7490.0,7845.853991,RUS,Russia,Amur,1.530145393,0.0,0.65,0.49,7490.0,,,,,,,,,,,,,,,,,,,,,,,,,24.909081221746515,30.60290786,0.0,,58.312,0.743,46.0,0.586,0.75,0.01,0.0,0.0,0.46,0.586,0.01125,0.015,0.0,0.0,1.07225,2.953125,0.0376393061035861,311.625,3.971842967883182,0.044296875,0.0564589591553791,10.906875,13.901450387591137,24.909081221746515,880,,,0.1527730268569513,Information
422643,7492.0,4005.425803,RUS,Russia,Amur,1.515579971,0.0,0.65,0.49,7492.0,,,,,,,,,,,,,,,,,,,,,,,,,0.980963981273182,30.31159942,0.0,,5.438,0.136,4.875,0.122,0.0,0.0,0.0,0.0,0.04875,0.122,0.0,0.0,0.0,0.0,0.17075,0.0,0.0,8.015625,0.2001191732209091,0.0,0.0,0.280546875,0.7004171062731819,0.980963981273182,836,,,1.0073590171902811e-05,Information
422646,7495.0,6379.59945,RUS,Russia,Amur,0.562985099,0.0,0.65,0.49,7495.0,,,,,,,,,,,,,,,,,,,,,,,,,0.60788,11.25970198,0.0,,36.625,0.574,23.688,0.371,0.0,0.0,0.0,0.0,0.2368799999999999,0.371,0.0,0.0,0.0,0.0,0.60788,,,,,,,,,,3223,,,3.122346628109688e-07,Information
422647,7496.0,10546.40387,RUS,Russia,Amur,0.998484445,0.0,0.65,0.49,7496.0,,,,,,,,,,,,,,,,,,,,,,,,,4.832730069803256,19.9696889,0.0,,14.0,0.133,6.25,0.059,0.0,0.0,0.0,0.0,0.0625,0.059,0.0,0.0,0.0,0.0,0.1215,0.984375,0.009333750276997,70.453125,0.668029841253646,0.014765625,0.0140006254154955,2.465859375,2.3381044443877608,4.832730069803256,6370,,,0.0025003093393875,Information
422650,7499.0,27872.37548,RUS,Russia,Amur,1.181794401,0.0,0.65,0.49,7499.0,,,,,,,,,,,,,,,,,,,,,,,,,6.730728919619661,23.635888020000003,0.0,,25.562,0.092,16.938,0.061,2.562,0.009,0.0,0.0,0.1693799999999999,0.061,0.03843,0.0134999999999999,0.0,0.0,0.28231,1.125,0.004036254466134,141.046875,0.5060454036915603,0.016875,0.006054381699201,4.936640625,1.7711589129204608,6.730728919619661,11671,,,0.0075738290391155,Information
422670,7501.0,2716.628929,RUS,Russia,Amur,4.029895432,0.0,0.65,0.49,7501.0,,,,,,,,,,,,,,,,,,,,,,,,,19.297191718874405,80.59790864,0.0,,4.625,0.17,4.625,0.17,4.625,0.17,0.562,0.021,0.04625,0.17,0.069375,0.255,0.01405,0.0525,0.607175,12.65625,0.4658807047411551,112.359375,4.1359853676464775,0.18984375,0.6988210571117327,3.932578125,14.475948786762672,19.297191718874405,26782,,,0.4978372312756827,Advisory
422681,7502.0,2494.357747,RUS,Russia,Amur,4.006575776,0.0,0.65,0.49,7502.0,,,,,,,,,,,,,,,,,,,,,,,,,11.61199078705121,80.13151552,0.0,,6.812,0.273,6.25,0.251,5.0,0.2,0.25,0.01,0.0625,0.251,0.075,0.3,0.00625,0.025,0.7197500000000001,0.0,0.0,66.234375,2.655367903443203,0.0,0.0,2.318203125,9.29378766205121,11.61199078705121,271,,,0.2956004690955515,Information
422682,7503.0,14893.30578,RUS,Russia,Amur,2.828524949,0.0,0.65,0.49,7503.0,,,,,,,,,,,,,,,,,,,,,,,,,3.853589269735621,56.57049898,0.0,,14.75,0.099,10.562,0.071,6.188,0.042,0.125,0.001,0.1056199999999999,0.071,0.09282,0.063,0.003125,0.0025,0.338065,1.125,0.007553729282028,65.390625,0.4390605145178797,0.016875,0.011330593923042,2.288671875,1.5367118008125789,3.853589269735621,2815,,,0.007714830626631,Information
422683,7504.0,14027.00039,RUS,Russia,Amur,3.469170149,0.0,0.65,0.49,7504.0,,,,,,,,,,,,,,,,,,,,,,,,,10.35293990233507,69.38340298,0.0,,26.312,0.188,26.125,0.186,12.625,0.09,0.562,0.004,0.26125,0.186,0.189375,0.135,0.01405,0.01,0.795675,0.0,0.0,172.6875,1.2311078292385915,0.0,0.0,6.0440625,4.30887740233507,10.35293990233507,3564,,,0.1391221700957028,Information
422687,7508.0,3943.295994,RUS,Russia,Amur,1.755543867,0.0,0.65,0.49,7508.0,,,,,,,,,,,,,,,,,,,,,,,,,1.6533326962225734,35.11087734,0.0,,6.188,0.157,4.562,0.116,0.0,0.0,0.0,0.0,0.04562,0.116,0.0,0.0,0.0,0.0,0.16162,0.0,0.0,13.359375,0.3387870203493067,0.0,0.0,0.467578125,1.1857545712225734,1.6533326962225734,0,,,0.0001213288842309,Information
422688,7509.0,4602.361839,RUS,Russia,Amur,1.463415428,0.0,0.65,0.49,7509.0,,,,,,,,,,,,,,,,,,,,,,,,,0.41625,29.26830856,0.0,,17.562,0.382,13.125,0.285,0.0,0.0,0.0,0.0,0.13125,0.285,0.0,0.0,0.0,0.0,0.41625,,,,,,,,,,0,,,1.4080000519850718e-07,Information
422690,7511.0,22458.7203,RUS,Russia,Amur,2.007595343,0.0,0.65,0.49,7511.0,,,,,,,,,,,,,,,,,,,,,,,,,2.1604398882417177,40.15190686,0.0,,15.812,0.07,13.312,0.059,3.312,0.015,0.188,0.001,0.13312,0.059,0.04968,0.0225,0.0046999999999999,0.0025,0.2714999999999999,1.546875,0.0068876364258315,42.046875,0.1872184810294201,0.023203125,0.0103314546387472,1.471640625,0.6552646836029703,2.1604398882417177,36539,,,0.0004476785729397,Information
422710,7512.0,15189.38929,RUS,Russia,Amur,1.282549199,0.0,0.65,0.49,7512.0,,,,,,,,,,,,,,,,,,,,,,,,,4.294489884857582,25.65098398,0.0,,48.188,0.317,27.625,0.182,0.312,0.002,0.0,0.0,0.27625,0.182,0.00468,0.003,0.0,0.0,0.46593,18.421875,0.1212812092269037,66.09375,0.4351310560049218,0.276328125,0.1819218138403555,2.31328125,1.5229586960172263,4.294489884857582,189130,,,0.0021761009743507,Information
422770,7526.0,9518.93605,RUS,Russia,Amur,2.235304602,0.0,0.65,0.49,7526.0,,,,,,,,,,,,,,,,,,,,,,,,,2.169885270426806,44.70609204,0.0,,6.125,0.064,2.375,0.025,4.688,0.049,0.0,0.0,0.02375,0.025,0.07032,0.0735,0.0,0.0,0.19257,0.0,0.0,30.234375,0.3176234701219446,0.0,0.0,1.058203125,1.111682145426806,2.169885270426806,10064,,,0.0006018784273664,Information
422810,7538.0,8114.282029,RUS,Russia,Zabaykal'ye,0.616466101,0.0,0.65,0.49,7538.0,7538.0,0.0,30.0,3.0,-9999.0,-9999.0,0.0,1.0,0.3,-999.9,-999.9,-3997.0,0.0,0.0,0.0,0.0,0.0,0.0,0.0,0.0,0.0,0.0,0.0,-3997.0,4.594373400996429,12.32932202,0.0,,,,,,,,,,,,,,,,,7.59375,0.0935849896848699,55.546875,0.6845568689911783,0.11390625,0.1403774845273048,1.944140625,2.395949041469124,4.594373400996429,2832,,,0.0015952833976992,Information
422893,7556.0,19462.891,RUS,Russia,Zabaykal'ye,1.384476583,0.0,0.65,0.49,7556.0,,,,,,,,,,,,,,,,,,,,,,,,,0.3767938541913118,27.68953166,0.0,,18.812,0.097,9.812,0.05,0.188,0.001,0.0,0.0,0.09812,0.05,0.00282,0.0015,0.0,0.0,0.15244,0.84375,0.0043351730234343,6.75,0.0346813841874744,0.01265625,0.0065027595351514,0.23625,0.1213848446561604,0.3767938541913118,50365,,,7.320182809741352e-08,Information
422894,7557.0,5473.110717,RUS,Russia,Zabaykal'ye,1.748940778,0.0,0.65,0.49,7557.0,,,,,,,,,,,,,,,,,,,,,,,,,0.1391470422353137,34.97881556,0.0,,6.5,0.119,4.125,0.075,0.0,0.0,0.0,0.0,0.04125,0.075,0.0,0.0,0.0,0.0,0.1162499999999999,0.0,0.0,1.40625,0.0256937977815182,0.0,0.0,0.04921875,0.0899282922353137,0.1391470422353137,6140,,,3.94966982632126e-10,Information
422896,7559.0,8654.2112,RUS,Russia,Zabaykal'ye,3.815107612,0.0,0.65,0.49,7559.0,,,,,,,,,,,,,,,,,,,,,,,,,0.5819868394378256,76.30215224,0.0,,6.938,0.08,4.812,0.056,0.0,0.0,0.0,0.0,0.04812,0.056,0.0,0.0,0.0,0.0,0.10412,0.28125,0.0032498629108106,7.59375,0.0877462985918885,0.00421875,0.0048747943662159,0.26578125,0.3071120450716097,0.5819868394378256,1117,,,0.0001049921624976,Information
423030,7617.0,17032.84653,RUS,Russia,Khabarovsk,2.067849748,1.042097804,0.65,0.49,7617.0,,,,,,,,,,,,,,,,,,,,,,,,,1.6950981860613117,41.35699496,20.84195608,,4.062,0.024,3.625,0.021,2.375,0.014,0.125,0.001,0.03625,0.021,0.035625,0.021,0.003125,0.0025,0.1195,8.859375,0.052013472806929,26.71875,0.1568660291002623,0.132890625,0.0780202092103935,0.93515625,0.549031101850918,1.6950981860613117,67488,,,0.0001972562867269,Information
423055,7622.0,3758.582524,RUS,Russia,Primor'ye,3.574219787,0.0,0.65,0.49,7622.0,,,,,,,,,,,,,,,,,,,,,,,,,6.810389998319255,71.48439574,0.0,,5.25,0.14,4.625,0.123,0.375,0.01,0.0,0.0,0.04625,0.123,0.005625,0.015,0.0,0.0,0.189875,33.46875,0.8904620235071676,38.8125,1.0326366323024294,0.50203125,1.3356930352607514,1.3584375,3.614228213058503,6.810389998319255,8144,,,0.0760716146912937,Information
252519,16092.0,3955.641049,RUS,Russia,Murmansk,3.261590826,0.0,0.65,0.49,16092.0,,,,,,,,,,,,,,,,,,,,,,,,,32.44441852112723,65.23181652,0.0,,190.062,4.805,53.312,1.348,78.875,1.994,22.375,0.566,0.5331199999999999,1.348,1.183125,2.991,0.559375,1.4149999999999998,8.02962,115.3125,2.915140645282411,213.328125,5.393010193772461,1.7296875,4.3727109679236165,7.466484375,18.87553567820361,32.44441852112723,253,,,0.4724254498741157,Advisory
261701,16094.0,18524.97134,RUS,Russia,Nenets,2.719972833,3.861679276,0.65,0.49,16094.0,,,,,,,,,,,,,,,,,,,,,,,,,92.92142342567853,54.39945666,77.23358551999999,3.0,170.75,0.922,139.312,0.752,330.125,1.782,210.688,1.137,1.39312,0.752,4.951875,2.673,5.2672,2.8425,17.879695,992.390625,5.357042700452343,2454.609375,13.25027353498592,14.885859375,8.035564050678515,35.0,35.0,92.92142342567853,882,15.0,1.7,0.9202073739659092,Warning
262001,16096.0,33590.58085,RUS,Russia,Arkhangel'sk,3.076359735,0.0,0.65,0.49,16096.0,,,,,,,,,,,,,,,,,,,,,,,,,4.356934771285578,61.5271947,0.0,,10.25,0.031,5.75,0.017,0.938,0.003,4.25,0.013,0.0575,0.017,0.01407,0.0045,0.10625,0.0325,0.23182,4.640625,0.0138152567863556,93.9375,0.2796542888874415,0.069609375,0.0207228851795334,3.2878125,0.9787900111060452,4.356934771285578,1862,,,0.0146962128132519,Information
311090,16110.0,17445.98131,RUS,Russia,Yamal-Nenets,3.695533997,4.002837067,0.65,0.49,16110.0,16110.0,1.0,11.0,47.0,11.0,-9999.0,3.0,1.0,4.7,1.1,-999.9,-1982.0,0.0,0.0,0.0,0.0,0.0,0.0,0.0,0.0,0.0,0.0,0.0,-1982.0,84.64325,73.91067994,80.05674134,2.0,696.562,3.993,295.125,1.692,2660.5,15.25,2849.875,16.335,2.95125,1.692,15.0,15.0,25.0,25.0,84.64325,1965.65625,11.267100516466606,896.625,5.139435748532772,15.0,15.0,31.381875,17.9880251198647,79.3699001198647,1285,,,0.9258488584429146,Warning
321005,16111.0,7052.950881,RUS,Russia,Krasnoyarsk,3.106935191,3.179054217,0.65,0.49,16111.0,16111.0,1.0,12.0,41.0,11.0,-9999.0,3.0,1.0,4.1,1.1,-999.9,-978.1,0.0,0.0,0.0,0.0,0.0,0.0,0.0,0.0,0.0,0.0,0.0,-978.1,81.73857327335018,62.13870382,63.58108434,3.0,38.312,0.543,26.875,0.381,526.812,7.469,1277.875,18.118,0.26875,0.381,7.90218,11.2035,25.0,25.0,69.75543,878.34375,12.45356397445617,632.953125,8.97430218524291,13.17515625,15.0,22.153359375,31.410057648350183,81.73857327335018,578,0.0,0.0,0.790580678278083,Warning
331509,16115.0,15.22674184,RUS,Russia,Krasnoyarsk,3.549251954,0.0,0.65,0.49,16115.0,,,,,,,,,,,,,,,,,,,,,,,,,51.782421875,70.98503907999999,0.0,3.0,19.562,128.475,9.5,62.39,18.312,120.265,29.688,194.969,0.095,10.0,0.27468,15.0,0.7422,25.0,51.11188,26.296875,172.7019166035551,39.65625,260.43818439680507,0.394453125,15.0,1.38796875,35.0,51.782421875,0,0.0,0.0,0.7187860927983615,Watch
351109,16121.0,2544.445561,RUS,Russia,Sakha,4.036179625,0.0,0.65,0.49,16121.0,,,,,,,,,,,,,,,,,,,,,,,,,91.853359375,80.7235925,0.0,3.0,50.938,2.002,33.5,1.317,408.0,16.035,376.375,14.792,0.335,1.317,6.12,15.0,9.409375,25.0,57.181375,456.890625,17.956392226353326,1277.71875,50.215998697644295,6.853359375,15.0,35.0,35.0,91.853359375,0,0.0,0.0,0.9407748579581174,Warning
351709,16123.0,2471.428777,RUS,Russia,Sakha,3.524338648,0.0,0.65,0.49,16123.0,,,,,,,,,,,,,,,,,,,,,,,,,79.333671875,70.48677296,0.0,3.0,0.0,0.0,0.0,0.0,29.938,1.211,755.75,30.579,0.0,0.0,0.4490699999999999,1.8165,18.89375,25.0,46.15932,447.1875,18.09429039893175,646.453125,26.15706068046832,6.7078125,15.0,22.625859375,35.0,79.333671875,164,33.0,20.12,0.8386253983293694,Warning
354300,16125.0,4070.448358,RUS,Russia,Sakhalin,1.021628873,0.0,0.65,0.49,16125.0,,,,,,,,,,,,,,,,,,,,,,,,,15.302519673162656,20.43257746,0.0,,3.688,0.091,3.688,0.091,0.375,0.009,0.25,0.006,0.03688,0.091,0.005625,0.0134999999999999,0.00625,0.015,0.168255,48.375,1.1884440176518276,105.75,2.5979938990528324,0.725625,1.7826660264777414,3.70125,9.092978646684914,15.302519673162656,2256,,,0.0496161117742014,Information
411009,16128.0,7209.289293,RUS,Russia,Sakhalin,0.214646205,0.605829068,0.65,0.49,16128.0,,,,,,,,,,,,,,,,,,,,,,,,,10.05714766158592,4.2929241000000005,12.11658136,,2.625,0.036,2.375,0.033,2.625,0.036,0.312,0.004,0.02375,0.033,0.039375,0.0539999999999999,0.0078,0.01,0.167925,0.0,0.0,120.375,1.66972076045312,0.0,0.0,4.213125,5.844022661585919,10.05714766158592,223759,,,0.0150897107831758,Information
223404,3781.0,5378.003127,UKR,Ukraine,Luhans'k,2.569851917,0.0,0.61,0.54,3781.0,,,,,,,,,,,,,,,,,,,,,,,,,0.6373392962328976,51.39703834,0.0,,6.438,0.12,5.812,0.108,1.812,0.034,0.125,0.002,0.05812,0.108,0.02718,0.051,0.003125,0.005,0.252425,2.390625,0.0444519079555789,5.34375,0.0993630883712941,0.035859375,0.0666778619333683,0.18703125,0.3477708092995293,0.6373392962328976,52276,,,7.316631927199345e-06,Information
223405,3782.0,6457.474103,UKR,Ukraine,Luhans'k,2.920338611,0.0,0.61,0.54,3782.0,,,,,,,,,,,,,,,,,,,,,,,,,2.42454831898545,58.40677222,0.0,,40.0,0.619,25.062,0.388,3.312,0.051,0.0,0.0,0.25062,0.388,0.04968,0.0765,0.0,0.0,0.7647999999999999,14.203125,0.2199486172838588,21.09375,0.3266563623027606,0.213046875,0.3299229259257882,0.73828125,1.143297268059662,2.42454831898545,1125374,,,0.002239521569948,Information
223406,3783.0,7406.497816,UKR,Ukraine,Luhans'k,2.993510523,0.0,0.61,0.54,3783.0,,,,,,,,,,,,,,,,,,,,,,,,,1.285614131710658,59.87021046,0.0,,20.25,0.273,17.812,0.24,2.875,0.039,0.375,0.005,0.17812,0.24,0.043125,0.0584999999999999,0.009375,0.0125,0.54162,7.59375,0.1025282149418394,12.375,0.1670830169422568,0.11390625,0.1537923224127591,0.433125,0.5847905592978988,1.285614131710658,146421,,,0.0002899102264651,Information
223407,3784.0,15562.59356,UKR,Ukraine,Donets'k,3.080290772,0.0,0.61,0.54,3784.0,,,,,,,,,,,,,,,,,,,,,,,,,3.169126582754079,61.60581544,0.0,,28.875,0.186,26.75,0.172,4.562,0.029,0.062,0.0,0.2675,0.172,0.06843,0.0435,0.00155,0.0,0.55298,19.6875,0.1265052635463346,46.6875,0.2999981964098793,0.2953125,0.1897578953195018,1.6340625,1.0499936874345774,3.169126582754079,1479592,,,0.0063076252638957,Information
224002,3825.0,7074.605185,UKR,Ukraine,Donets'k,1.390461356,0.0,0.61,0.54,3825.0,,,,,,,,,,,,,,,,,,,,,,,,,2.375795403381604,27.809227120000003,0.0,,14.875,0.21,13.625,0.193,2.875,0.041,0.25,0.004,0.13625,0.193,0.043125,0.0615,0.00625,0.01,0.450125,12.796875,0.1808846524396084,22.640625,0.3200266927777688,0.191953125,0.2713269786594126,0.792421875,1.1200934247221908,2.375795403381604,836152,,,0.0003201064346747,Information
224003,3826.0,3366.666943,UKR,Ukraine,Donets'k,2.10545318,0.0,0.61,0.54,3826.0,,,,,,,,,,,,,,,,,,,,,,,,,5.703269297354394,42.1090636,0.0,,44.75,1.329,31.375,0.932,4.625,0.137,1.062,0.032,0.31375,0.932,0.069375,0.2055,0.02655,0.08,1.6271750000000005,17.015625,0.5054145625108974,33.75,1.002475165310871,0.255234375,0.7581218437663462,1.18125,3.5086630785880484,5.703269297354394,140281,,,0.0102376768963948,Information
224004,3827.0,5032.745119,UKR,Ukraine,Donets'k,2.32410498,0.0,0.61,0.54,3827.0,,,,,,,,,,,,,,,,,,,,,,,,,1.7053829893790775,46.4820996,0.0,,32.25,0.641,21.812,0.433,3.875,0.077,0.25,0.005,0.21812,0.433,0.058125,0.1154999999999999,0.00625,0.0125,0.843495,5.90625,0.1173564299357666,13.78125,0.2738316698501222,0.08859375,0.1760346449036499,0.48234375,0.9584108444754276,1.7053829893790775,1607683,,,0.0002842368653218,Information
224005,3828.0,6766.576274,UKR,Ukraine,Zaporizhzhya,2.293977833,0.0,0.61,0.54,3828.0,,,,,,,,,,,,,,,,,,,,,,,,,10.36632720444275,45.87955666,0.0,,66.75,0.986,55.062,0.814,14.688,0.217,9.188,0.136,0.55062,0.814,0.22032,0.3255,0.2297,0.34,2.48014,53.15625,0.7855708389174317,96.75,1.4298220560190291,0.79734375,1.1783562583761475,3.38625,5.004377196066602,10.36632720444275,331348,,,0.0492011382871358,Information
224006,3829.0,4709.122385,UKR,Ukraine,Zaporizhzhya,2.397280396,0.0,0.61,0.54,3829.0,,,,,,,,,,,,,,,,,,,,,,,,,5.918860350244756,47.94560792,0.0,,90.625,1.924,39.188,0.832,5.062,0.108,2.25,0.048,0.39188,0.832,0.07593,0.162,0.05625,0.12,1.6380599999999998,21.65625,0.4598786828851149,44.859375,0.9526058431191666,0.32484375,0.6898180243276724,1.570078125,3.334120450917083,5.918860350244756,274420,,,0.0148471142390596,Information
224007,3830.0,4712.011859,UKR,Ukraine,Zaporizhzhya,3.307488247,0.0,0.61,0.54,3830.0,,,,,,,,,,,,,,,,,,,,,,,,,10.302646186587609,66.14976494000001,0.0,,30.5,0.647,19.375,0.411,3.625,0.077,2.562,0.054,0.19375,0.411,0.054375,0.1154999999999999,0.06405,0.135,0.9736749999999998,39.515625,0.8386147188604806,77.34375,1.641416709513396,0.592734375,1.2579220782907208,2.70703125,5.744958483296886,10.302646186587609,89639,,,0.1171126036437943,Information
224008,3831.0,19249.36095,UKR,Ukraine,Kherson,4.039818798,0.0,0.61,0.54,3831.0,,,,,,,,,,,,,,,,,,,,,,,,,22.74616928532353,80.79637595999999,0.0,,84.875,0.441,65.938,0.343,40.062,0.208,42.562,0.221,0.6593800000000001,0.343,0.60093,0.312,1.06405,0.5525,3.53186,121.21875,0.629728697646678,375.75,1.952012853958148,1.81828125,0.9445930464700172,13.15125,6.832044988853518,22.74616928532353,935928,,,0.5672187712032899,Advisory
224009,3832.0,22780.29272,UKR,Ukraine,Crimea,4.011672819,0.0,0.61,0.54,3832.0,,,,,,,,,,,,,,,,,,,,,,,,,26.68771961272984,80.23345638,0.0,3.0,192.688,0.846,131.625,0.578,35.438,0.156,35.125,0.154,1.31625,0.578,0.53157,0.2339999999999999,0.878125,0.385,3.922945,181.828125,0.7981816881096927,451.96875,1.9840339873043715,2.727421875,1.197272532164539,15.81890625,6.9441189555653,26.68771961272984,1678512,67351.0,4.01,0.6179925513313878,Watch
225111,3833.0,3801.136676,UKR,Ukraine,Mykolayiv,3.298555854,0.0,0.61,0.54,3833.0,,,,,,,,,,,,,,,,,,,,,,,,,9.01939793633228,65.97111708,0.0,,23.688,0.623,14.562,0.383,0.0,0.0,0.875,0.023,0.14562,0.383,0.0,0.0,0.021875,0.0574999999999999,0.607995,20.25,0.5327353822993763,62.296875,1.6389012108237755,0.30375,0.7991030734490645,2.180390625,5.736154237883214,9.01939793633228,412456,,,0.0921167936935955,Information
225112,3834.0,14519.21116,UKR,Ukraine,Dnipropetrovs'k,2.831771973,0.0,0.61,0.54,3834.0,,,,,,,,,,,,,,,,,,,,,,,,,1.6944157716721753,56.63543946,0.0,,31.562,0.217,9.812,0.068,0.0,0.0,0.062,0.0,0.09812,0.068,0.0,0.0,0.00155,0.0,0.1676699999999999,6.1875,0.0426159515817459,26.015625,0.179180705514159,0.0928125,0.0639239273726188,0.910546875,0.6271324692995565,1.6944157716721753,1114819,,,0.0005928362710765,Information
225113,3835.0,8090.972358,UKR,Ukraine,Kherson,3.753114432,0.0,0.61,0.54,3835.0,3835.0,2.0,1.0,100.0,100.0,-9999.0,7.0,10.0,10.0,10.0,-999.9,-1925.8,0.0,0.0,0.0,0.0,0.0,0.0,0.0,0.0,0.0,0.0,0.0,-1925.8,2.803141851653056,75.06228863999999,0.0,,20.0,0.247,6.312,0.078,0.188,0.002,0.938,0.012,0.06312,0.078,0.00282,0.003,0.02345,0.03,0.20039,3.515625,0.0434512051781563,34.3125,0.424083762538806,0.052734375,0.0651768077672344,1.2009375,1.484293168885821,2.803141851653056,281656,,,0.0144209661741708,Information
225116,3838.0,2895.061888,UKR,Ukraine,Zaporizhzhya,2.452204483,0.0,0.61,0.54,3838.0,,,,,,,,,,,,,,,,,,,,,,,,,0.9520761853623791,49.04408966,0.0,,27.0,0.933,10.688,0.369,0.062,0.002,0.0,0.0,0.10688,0.369,0.0009299999999999,0.003,0.0,0.0,0.4798099999999999,3.09375,0.1068630005129759,4.78125,0.1651519098836901,0.04640625,0.1602945007694638,0.16734375,0.5780316845929154,0.9520761853623791,89632,,,3.444734770614464e-05,Information
225117,3839.0,3126.962706,UKR,Ukraine,Zaporizhzhya,0.034918175,0.0,0.61,0.54,3839.0,3839.0,0.0,1.0,-9999.0,-9999.0,-9999.0,0.0,10.0,-999.9,-999.9,-999.9,-5979.4,0.0,0.0,0.0,0.0,0.0,0.0,0.0,0.0,0.0,0.0,0.0,-5979.4,9.926609939432506,0.6983635,0.0,,,,,,,,,,,,,,,,,28.6875,0.917423797290652,55.265625,1.7673899624275795,0.4303125,1.376135695935978,1.934296875,6.1858648684965285,9.926609939432506,863220,,,0.0106410244143006,Information
225120,3842.0,22784.90814,UKR,Ukraine,Dnipropetrovs'k,2.3129942,0.0,0.61,0.54,3842.0,,,,,,,,,,,,,,,,,,,,,,,,,5.413699927722535,46.259884,0.0,,436.75,1.917,205.062,0.9,29.938,0.131,0.375,0.002,2.0506200000000003,0.9,0.4490699999999999,0.1965,0.009375,0.005,3.610565,46.40625,0.2036709988407537,87.609375,0.3845061584175441,0.69609375,0.3055064982611306,3.066328125,1.3457715544614044,5.413699927722535,1381390,,,0.0108600593884738,Information
225170,3847.0,7162.408456,UKR,Ukraine,Cherkasy,2.184792278,0.0,0.61,0.54,3847.0,,,,,,,,,,,,,,,,,,,,,,,,,7.251434892398549,43.69584556,0.0,,17.438,0.243,13.25,0.185,0.125,0.002,1.188,0.017,0.1325,0.185,0.001875,0.003,0.0296999999999999,0.0425,0.394575,20.953125,0.2925430060257359,77.484375,1.0818201095314128,0.314296875,0.4388145090386038,2.711953125,3.786370383359945,7.251434892398549,493032,,,0.0202032561059173,Information
225180,3848.0,19261.35603,UKR,Ukraine,Chernihiv,2.726578703,0.0,0.61,0.54,3848.0,,,,,,,,,,,,,,,,,,,,,,,,,7.736750905841085,54.53157406,0.0,,23.938,0.124,15.312,0.079,0.125,0.001,1.5,0.008,0.15312,0.079,0.001875,0.0015,0.0375,0.02,0.292995,59.625,0.3095576443674222,119.953125,0.6227657326542717,0.894375,0.4643364665511333,4.198359375,2.179680064289951,7.736750905841085,504299,,,0.0382773302847955,Information
225190,3849.0,28463.55407,UKR,Ukraine,Kiev,2.325836151,0.0,0.61,0.54,3849.0,,,,,,,,,,,,,,,,,,,,,,,,,30.21766576445816,46.51672302,0.0,,184.438,0.648,131.062,0.46,0.375,0.001,4.688,0.016,1.31062,0.46,0.005625,0.0015,0.1171999999999999,0.04,1.934945,62.4375,0.2193594652655045,612.140625,2.1506120547313987,0.9365625,0.3290391978982567,21.424921875,7.527142191559895,30.21766576445816,4051347,,,0.2840193737254229,Information
225201,3850.0,8922.173601,UKR,Ukraine,Chernihiv,3.727111344,0.0,0.61,0.54,3850.0,,,,,,,,,,,,,,,,,,,,,,,,,18.53996145304538,74.54222688,0.0,,37.75,0.423,27.938,0.313,0.0,0.0,0.0,0.0,0.2793799999999999,0.313,0.0,0.0,0.0,0.0,0.5923799999999999,0.703125,0.007880646929981,249.46875,2.79605353075726,0.010546875,0.0118209703949715,8.73140625,9.78618735765041,18.53996145304538,564004,,,0.3755866537536785,Advisory
225300,3859.0,19953.57536,UKR,Ukraine,Zhytomyr,2.352842727,0.0,0.61,0.54,3859.0,,,,,,,,,,,,,,,,,,,,,,,,,11.56728430038884,47.05685454,0.0,,198.438,0.994,132.75,0.665,0.062,0.0,1.0,0.005,1.3275,0.665,0.0009299999999999,0.0,0.025,0.0125,2.03093,11.671875,0.058495155818464,215.15625,1.07828419761747,0.175078125,0.087742733727696,7.53046875,3.773994691661145,11.56728430038884,1874051,,,0.0641251738810626,Information
225410,3860.0,1218.819154,UKR,Ukraine,Kiev,0.233848634,0.0,0.61,0.54,3860.0,,,,,,,,,,,,,,,,,,,,,,,,,12.264493877776124,4.67697268,0.0,,4.875,0.4,4.875,0.4,0.0,0.0,0.0,0.0,0.04875,0.4,0.0,0.0,0.0,0.0,0.44875,2.53125,0.2076805235355886,36.984375,3.034443204992212,0.03796875,0.3115207853033829,1.294453125,10.620551217472745,12.264493877776124,856,,,0.0201547613475422,Information
225420,3861.0,8147.103376,UKR,Ukraine,Zhytomyr,3.65939685,0.0,0.61,0.54,3861.0,,,,,,,,,,,,,,,,,,,,,,,,,1.6053158416199025,73.18793699999999,0.0,,33.5,0.411,17.75,0.218,0.0,0.0,0.0,0.0,0.1775,0.218,0.0,0.0,0.0,0.0,0.3954999999999999,2.109375,0.0258911039010703,19.6875,0.2416503030766562,0.031640625,0.0388366558516054,0.6890625,0.8457760607682967,1.6053158416199025,175524,,,0.0024348320873673,Information
225480,3875.0,13705.90278,UKR,Ukraine,Zhytomyr,3.349330856,0.0,0.61,0.54,3875.0,,,,,,,,,,,,,,,,,,,,,,,,,3.2628872321953923,66.98661712,0.0,,35.125,0.256,22.312,0.163,0.0,0.0,0.0,0.0,0.22312,0.163,0.0,0.0,0.0,0.0,0.38612,0.421875,0.0030780533519091,53.71875,0.3919387934764368,0.006328125,0.0046170800278636,1.88015625,1.3717857771675288,3.2628872321953923,560119,,,0.0103256204537524,Information
226010,3898.0,1094.765621,UKR,Ukraine,Mykolayiv,1.119927321,0.0,0.61,0.54,3898.0,,,,,,,,,,,,,,,,,,,,,,,,,7.439264839210271,22.39854642,0.0,,7.625,0.696,5.312,0.485,0.0,0.0,0.062,0.006,0.05312,0.485,0.0,0.0,0.00155,0.015,0.55467,4.640625,0.4238921019040976,18.984375,1.7341040532440355,0.069609375,0.6358381528561464,0.664453125,6.069364186354124,7.439264839210271,90991,,,0.0095182835698354,Information
226021,3899.0,234.262747,UKR,Ukraine,Mykolayiv,4.048746975,0.0,0.61,0.54,3899.0,,,,,,,,,,,,,,,,,,,,,,,,,12.71704510966014,80.9749395,0.0,,1.5,0.64,1.375,0.587,0.0,0.0,0.0,0.0,0.01375,0.587,0.0,0.0,0.0,0.0,0.60075,1.6875,0.7203450063571096,7.59375,3.2415525286069933,0.0253125,1.0805175095356645,0.26578125,11.345433850124476,12.71704510966014,197453,,,0.343542583738217,Information
226023,3901.0,9820.88881,UKR,Ukraine,Mykolayiv,3.882841743,0.0,0.61,0.54,3901.0,,,,,,,,,,,,,,,,,,,,,,,,,3.896775659783719,77.65683486,0.0,,27.125,0.276,10.562,0.108,0.0,0.0,0.812,0.008,0.1056199999999999,0.108,0.0,0.0,0.0203,0.02,0.25392,11.25,0.1145517500238146,50.34375,0.5126190813565706,0.16875,0.1718276250357219,1.76203125,1.7941667847479972,3.896775659783719,329404,,,0.0403732522994628,Information
226024,3902.0,16676.75144,UKR,Ukraine,Cherkasy,3.130956829,0.0,0.61,0.54,3902.0,,,,,,,,,,,,,,,,,,,,,,,,,3.4034780176531534,62.61913658,0.0,,21.875,0.131,13.438,0.081,0.0,0.0,0.125,0.001,0.13438,0.081,0.0,0.0,0.003125,0.0025,0.221005,12.234375,0.0733618597394741,55.546875,0.333079708012555,0.183515625,0.1100427896092111,1.944140625,1.1657789780439425,3.4034780176531534,623827,,,0.0082793853260312,Information
226028,3906.0,2827.837545,UKR,Ukraine,Vinnytsya,2.545025211,0.0,0.61,0.54,3906.0,,,,,,,,,,,,,,,,,,,,,,,,,3.097068169702084,50.90050422,0.0,,5.312,0.188,2.312,0.082,0.0,0.0,0.0,0.0,0.0231199999999999,0.082,0.0,0.0,0.0,0.0,0.10512,7.453125,0.2635627005545014,16.3125,0.5768542125343804,0.111796875,0.395344050831752,0.5709375,2.0189897438703315,3.097068169702084,118283,,,0.0028601935074902,Information
226029,3907.0,14021.68224,UKR,Ukraine,Vinnytsya,3.340320507,0.0,0.61,0.54,3907.0,,,,,,,,,,,,,,,,,,,,,,,,,4.117256227749412,66.80641014,0.0,,50.812,0.362,28.562,0.204,0.0,0.0,0.125,0.001,0.28562,0.204,0.0,0.0,0.003125,0.0025,0.4952449999999999,13.21875,0.094273638331448,63.0,0.4493041486434971,0.19828125,0.141410457497172,2.205,1.5725645202522398,4.117256227749412,1260492,,,0.0184363940167732,Information
226030,3908.0,2861.132465,UKR,Ukraine,Mykolayiv,3.048065667,0.0,0.61,0.54,3908.0,,,,,,,,,,,,,,,,,,,,,,,,,9.90857796588379,60.96131334,0.0,,8.875,0.31,6.562,0.229,0.188,0.007,1.062,0.037,0.06562,0.229,0.00282,0.0105,0.02655,0.0925,0.42699,22.921875,0.80114693321471,53.15625,1.8578744831604928,0.343828125,1.201720399822065,1.86046875,6.502560691061724,9.90857796588379,52567,,,0.085163745711528,Information
226040,3909.0,5393.103959,UKR,Ukraine,Odessa,3.508347981,0.0,0.61,0.54,3909.0,,,,,,,,,,,,,,,,,,,,,,,,,2.5848527820267986,70.16695962,0.0,,10.75,0.199,4.625,0.086,0.0,0.0,0.125,0.002,0.04625,0.086,0.0,0.0,0.003125,0.005,0.1403749999999999,8.859375,0.1642722830243607,22.078125,0.4093769592829307,0.132890625,0.246408424536541,0.772734375,1.4328193574902577,2.5848527820267986,132588,,,0.0072235925571527,Information
226050,3910.0,7229.452526,UKR,Ukraine,Odessa,0.628800072,0.0,0.61,0.54,3910.0,,,,,,,,,,,,,,,,,,,,,,,,,4.234516693570571,12.57600144,0.0,,41.0,0.567,17.438,0.241,0.0,0.0,0.812,0.011,0.1743799999999999,0.241,0.0,0.0,0.0203,0.0274999999999999,0.4631799999999999,20.671875,0.2859397018835567,41.90625,0.5796600759272102,0.310078125,0.428909552825335,1.46671875,2.028810265745236,4.234516693570571,1397920,,,0.0012329260070651,Information
226063,3913.0,20312.53564,UKR,Ukraine,Vinnytsya,3.010576785,0.0,0.61,0.54,3913.0,,,,,,,,,,,,,,,,,,,,,,,,,4.715456404816725,60.2115357,0.0,,13.438,0.066,9.188,0.045,0.0,0.0,0.0,0.0,0.09188,0.045,0.0,0.0,0.0,0.0,0.13688,18.703125,0.0920767615000553,82.265625,0.4049992893047548,0.280546875,0.1381151422500829,2.879296875,1.4174975125666418,4.715456404816725,1164330,,,0.0164733866012503,Information
226070,3920.0,3055.064132,UKR,Ukraine,Odessa,0.578690869,0.0,0.61,0.54,3920.0,,,,,,,,,,,,,,,,,,,,,,,,,13.27746666022931,11.57381738,0.0,,18.562,0.608,11.312,0.37,0.25,0.008,0.562,0.018,0.11312,0.37,0.00375,0.012,0.01405,0.045,0.55792,29.953125,0.980441774950823,75.9375,2.485627035086593,0.449296875,1.4706626624262344,2.6578125,8.699694622803076,13.27746666022931,67499,,,0.0289734280299663,Information
226080,3921.0,5399.726709,UKR,Ukraine,Odessa,2.107971296,0.0,0.61,0.54,3921.0,,,,,,,,,,,,,,,,,,,,,,,,,2.604851230607184,42.15942592,0.0,,27.25,0.505,14.812,0.274,0.0,0.0,0.062,0.001,0.14812,0.274,0.0,0.0,0.00155,0.0025,0.42617,5.765625,0.106776237228475,23.625,0.4375221427898491,0.086484375,0.1601643558427125,0.826875,1.5313274997644717,2.604851230607184,262591,,,0.0009665748675303,Information
226090,3922.0,1242.933954,UKR,Ukraine,Odessa,1.883655764,0.0,0.61,0.54,3922.0,,,,,,,,,,,,,,,,,,,,,,,,,14.50739488388399,37.67311528,0.0,,6.5,0.523,3.938,0.317,0.0,0.0,0.062,0.005,0.03938,0.317,0.0,0.0,0.00155,0.0125,0.37043,13.078125,1.0521979031794924,40.21875,3.2357914011756432,0.196171875,1.5782968547692384,1.40765625,11.325269904114752,14.50739488388399,23636,,,0.0724568889130358,Information
227102,3924.0,3285.667767,UKR,Ukraine,Odessa,1.074393042,0.0,0.61,0.54,3924.0,,,,,,,,,,,,,,,,,,,,,,,,,4.077006761860939,21.487860840000003,0.0,,10.75,0.327,5.25,0.16,0.0,0.0,0.0,0.0,0.0525,0.16,0.0,0.0,0.0,0.0,0.2125,14.0625,0.4279951899387641,22.78125,0.6933522077007979,0.2109375,0.6419927849081462,0.79734375,2.4267327269527925,4.077006761860939,100539,,,0.001548762337281,Information
227103,3925.0,343.6323077,UKR,Ukraine,Odessa,2.231349667,0.0,0.61,0.54,3925.0,,,,,,,,,,,,,,,,,,,,,,,,,25.03781174669463,44.62699334,0.0,,1.062,0.309,0.938,0.273,0.0,0.0,0.0,0.0,0.00938,0.273,0.0,0.0,0.0,0.0,0.28238,1.96875,0.5729234289158492,22.921875,6.670465636663102,0.02953125,0.8593851433737738,0.802265625,23.346629728320856,25.03781174669463,73727,,,0.213683571526605,Information
227105,3927.0,564.9447724,UKR,Ukraine,Odessa,3.423068184,0.0,0.61,0.54,3927.0,3927.0,0.0,9.0,3.0,2.0,-9999.0,0.0,2.0,0.3,0.2,-999.9,-1994.8,0.0,0.0,0.0,0.0,0.0,0.0,0.0,0.0,0.0,0.0,0.0,-1994.8,13.622396973772068,68.46136368,0.0,,9.188,1.626,3.562,0.631,0.0,0.0,0.0,0.0,0.03562,0.631,0.0,0.0,0.0,0.0,0.66662,2.953125,0.5227280867745434,19.546875,3.459962098174358,0.044296875,0.7840921301618151,0.684140625,12.109867343610253,13.622396973772068,23500,,,0.2005949360108582,Information
225430,3862.0,11469.83554,BLR,Belarus,Homyel'',1.186861585,0.0,0.67,0.46,3862.0,,,,,,,,,,,,,,,,,,,,,,,,,4.732861000326716,23.7372317,0.0,,7.875,0.069,5.688,0.05,0.0,0.0,0.0,0.0,0.05688,0.05,0.0,0.0,0.0,0.0,0.10688,17.296875,0.150803164927801,64.828125,0.5652053579814329,0.259453125,0.2262047473917015,2.268984375,1.978218752935016,4.732861000326716,234358,,,0.0027208340827375,Information
225450,3864.0,23172.17589,BLR,Belarus,Brest,3.055313497,0.0,0.67,0.46,3864.0,,,,,,,,,,,,,,,,,,,,,,,,,12.354517867809532,61.10626994,0.0,,67.438,0.291,41.375,0.179,0.0,0.0,0.0,0.0,0.41375,0.179,0.0,0.0,0.0,0.0,0.59275,8.015625,0.0345915939734631,243.140625,1.049278350528382,0.120234375,0.0518873909601946,8.509921875,3.672474226849337,12.354517867809532,509435,,,0.1257298211274878,Information
225500,3877.0,4232.991984,BLR,Belarus,Homyel'',2.418937006,0.0,0.67,0.46,3877.0,,,,,,,,,,,,,,,,,,,,,,,,,14.948736281511326,48.37874012,0.0,,54.938,1.298,43.875,1.037,0.0,0.0,0.0,0.0,0.43875,1.037,0.0,0.0,0.0,0.0,1.47575,7.3125,0.1727501499726676,123.890625,2.926786194729236,0.1096875,0.2591252249590014,4.336171875,10.243751681552324,14.948736281511326,74284,,,0.1076159443683127,Information
225700,3887.0,2649.471397,BLR,Belarus,Homyel'',2.484386861,0.0,0.67,0.46,3887.0,,,,,,,,,,,,,,,,,,,,,,,,,3.749720135755478,49.68773722,0.0,,2.688,0.101,2.688,0.101,0.0,0.0,0.0,0.0,0.02688,0.101,0.0,0.0,0.0,0.0,0.12788,4.78125,0.1804605252742815,20.390625,0.7696110636697302,0.07171875,0.2706907879114222,0.713671875,2.693638722844056,3.749720135755478,94987,,,0.0047080183100062,Information
242606,4260.0,25310.54444,BLR,Belarus,Hrodna,1.616444444,0.0,0.67,0.46,4260.0,4260.0,0.0,4.0,-9999.0,-9999.0,-9999.0,0.0,7.0,-999.9,-999.9,-999.9,-5985.4,0.0,0.0,0.0,0.0,0.0,0.0,0.0,0.0,0.0,0.0,0.0,-5985.4,41.31849082054279,32.32888888,0.0,,8.125,0.032,5.5,0.022,2.625,0.01,0.25,0.001,0.055,0.022,0.039375,0.015,0.00625,0.0025,0.140125,188.15625,0.7433907651766893,765.5625,3.024678120793645,2.82234375,1.115086147765034,26.7946875,10.586373422777758,41.31849082054279,1297896,,,0.310882917252321,Advisory
242607,4261.0,20356.79607,BLR,Belarus,Hrodna,1.502183074,0.0,0.67,0.46,4261.0,,,,,,,,,,,,,,,,,,,,,,,,,17.22622742289028,30.04366148,0.0,,4.562,0.022,2.75,0.014,2.375,0.012,0.438,0.002,0.0275,0.014,0.035625,0.018,0.01095,0.005,0.111075,0.0,0.0,330.046875,1.621310513682937,0.0,0.0,11.551640625,5.67458679789028,17.22622742289028,1050508,,,0.0805415320184885,Information
242804,4275.0,6680.776464,BLR,Belarus,Vitsyebsk,2.417915303,0.0,0.67,0.46,4275.0,,,,,,,,,,,,,,,,,,,,,,,,,13.089641762847254,48.35830606,0.0,,10.062,0.151,7.375,0.11,1.312,0.02,0.125,0.002,0.07375,0.11,0.01968,0.03,0.003125,0.005,0.241555,62.71875,0.9387943203406316,122.90625,1.839700080667516,0.94078125,1.4081914805109474,4.30171875,6.438950282336306,13.089641762847254,30374,,,0.0849526508203983,Information
227101,3923.0,968.6106208,ROU,Romania,Tulcea,4.03057585,0.0,0.72,0.39,3923.0,,,,,,,,,,,,,,,,,,,,,,,,,32.93179950413787,80.61151699999999,0.0,3.0,7.312,0.755,6.125,0.632,0.0,0.0,0.0,0.0,0.06125,0.632,0.0,0.0,0.0,0.0,0.69325,17.015625,1.7567043592846627,75.796875,7.825319418631679,0.255234375,2.635056538926994,2.652890625,27.38861796521088,32.93179950413787,27950,958.0,3.43,0.7018606596057625,Watch
227107,3929.0,565.1551355,ROU,Romania,Tulcea,2.563044668,0.0,0.72,0.39,3929.0,,,,,,,,,,,,,,,,,,,,,,,,,4.850283300771991,51.26089336,0.0,,1.0,0.177,0.625,0.111,0.0,0.0,0.0,0.0,0.00625,0.111,0.0,0.0,0.0,0.0,0.11725,0.5625,0.0995301935126718,7.171875,1.269009967286567,0.0084375,0.1492952902690077,0.251015625,4.441534885502984,4.850283300771991,30252,,,0.0105150235654205,Information
227108,3930.0,28490.29601,ROU,Romania,Boto?ani,3.392564593,0.0,0.72,0.39,3930.0,3930.0,0.0,4.0,2.0,-9999.0,-9999.0,0.0,7.0,0.2,-999.9,-999.9,-3985.2,0.0,0.0,0.0,0.0,0.0,0.0,0.0,0.0,0.0,0.0,0.0,-3985.2,2.825060764250685,67.85129186,0.0,,27.5,0.097,15.062,0.053,0.062,0.0,0.0,0.0,0.15062,0.053,0.0009299999999999,0.0,0.0,0.0,0.2045499999999999,4.21875,0.0148076734549566,57.9375,0.2033587154480714,0.06328125,0.0222115101824349,2.0278125,0.71175550406825,2.825060764250685,2832130,,,0.0075111212084087,Information
227109,3931.0,307.9981472,ROU,Romania,Tulcea,0.569149717,0.0,0.72,0.39,3931.0,,,,,,,,,,,,,,,,,,,,,,,,,12.30723395780788,11.382994340000002,0.0,,1.5,0.487,1.25,0.406,0.0,0.0,0.0,0.0,0.0125,0.406,0.0,0.0,0.0,0.0,0.4185,1.546875,0.502235164095169,9.84375,3.196041953332893,0.023203125,0.7533527461427535,0.34453125,11.186146836665126,12.30723395780788,129038,,,0.0241831085681187,Information
227203,3934.0,4947.102973,ROU,Romania,Vrancea,2.546016941,0.0,0.72,0.39,3934.0,3934.0,0.0,7.0,-9999.0,-9999.0,-9999.0,0.0,4.0,-999.9,-999.9,-999.9,-5991.4,0.0,0.0,0.0,0.0,0.0,0.0,0.0,0.0,0.0,0.0,0.0,-5991.4,-5991.4,50.92033882,0.0,,,,,,,,,,,,,,,,,,,,,,,,,,311024,,,,
227209,3940.0,12420.77614,ROU,Romania,Suceava,1.702024896,0.0,0.72,0.39,3940.0,3940.0,0.0,5.0,2.0,-9999.0,-9999.0,0.0,6.0,0.2,-999.9,-999.9,-3987.2,0.0,0.0,0.0,0.0,0.0,0.0,0.0,0.0,0.0,0.0,0.0,-3987.2,0.6320679807852398,34.04049792,0.0,,,,,,,,,,,,,,,,,1.6875,0.0135861075077224,9.28125,0.0747235912924732,0.0253125,0.0203791612615836,0.32484375,0.2615325695236562,0.6320679807852398,1037258,,,1.677475690660544e-06,Information
227310,3941.0,4746.263883,ROU,Romania,Braila,1.30813219,0.0,0.72,0.39,3941.0,,,,,,,,,,,,,,,,,,,,,,,,,10.38318219997701,26.1626438,0.0,,5.812,0.122,4.062,0.086,0.062,0.001,0.0,0.0,0.04062,0.086,0.0009299999999999,0.0015,0.0,0.0,0.12905,11.8125,0.2488799673040475,90.421875,1.9051168925774111,0.1771875,0.3733199509560712,3.164765625,6.667909124020939,10.38318219997701,293676,,,0.0249000282526493,Information
227320,3942.0,12650.59498,ROU,Romania,Prahova,2.426154112,0.0,0.72,0.39,3942.0,3942.0,0.0,9.0,3.0,2.0,-9999.0,0.0,2.0,0.3,0.2,-999.9,-1994.8,0.0,0.0,0.0,0.0,0.0,0.0,0.0,0.0,0.0,0.0,0.0,-1994.8,5.229590640918773,48.52308224,0.0,,22.312,0.176,11.25,0.089,0.125,0.001,0.0,0.0,0.1125,0.089,0.001875,0.0015,0.0,0.0,0.204875,19.828125,0.1567366991427765,74.953125,0.5924869549156022,0.297421875,0.2351050487141647,2.623359375,2.073704342204608,5.229590640918773,5751040,,,0.0111037350145742,Information
227330,3943.0,15334.24818,ROU,Romania,Constan?a,1.657088844,0.0,0.72,0.39,3943.0,3943.0,0.0,8.0,3.0,2.0,-9999.0,0.0,3.0,0.3,0.2,-999.9,-1992.8,0.0,0.0,0.0,0.0,0.0,0.0,0.0,0.0,0.0,0.0,0.0,-1992.8,10.172634068108415,33.14177688,0.0,,32.125,0.209,24.188,0.158,0.5,0.003,0.125,0.001,0.2418799999999999,0.158,0.0075,0.0045,0.003125,0.0025,0.417505,22.640625,0.1476474407537866,166.21875,1.0839706519936387,0.339609375,0.2214711611306799,5.81765625,3.793897281977736,10.172634068108415,7004336,,,0.0298587821108842,Information
227340,3944.0,12679.76014,ROU,Romania,Dombovi?a,1.918051091,0.0,0.72,0.39,3944.0,,,,,,,,,,,,,,,,,,,,,,,,,1.468935753360365,38.36102182,0.0,,44.812,0.353,13.5,0.106,0.125,0.001,0.0,0.0,0.135,0.106,0.001875,0.0015,0.0,0.0,0.2443749999999999,2.25,0.0177448151605579,22.5,0.1774481516055795,0.03375,0.0266172227408368,0.7875,0.6210685306195283,1.468935753360365,7394833,,,9.32047260825856e-05,Information
227360,3946.0,24184.44725,ROU,Arge,Vâlcea,3.005504047,0.0,0.72,0.39,3946.0,3946.0,0.0,6.0,2.0,-9999.0,-9999.0,0.0,5.0,0.2,-999.9,-999.9,-3989.2,0.0,0.0,0.0,0.0,0.0,0.0,0.0,0.0,0.0,0.0,0.0,-3989.2,4.6284030793059525,60.11008094,0.0,,16.188,0.067,12.375,0.051,0.312,0.001,0.062,0.0,0.12375,0.051,0.00468,0.0015,0.00155,0.0,0.1824799999999999,2.390625,0.0098849685304707,92.53125,0.3826064290029277,0.035859375,0.014827452795706,3.23859375,1.3391225015102468,4.6284030793059525,1755909,,,0.0156235472316293,Information
227373,3949.0,871.7070199,ROU,Romania,Dolj,1.239489317,0.0,0.72,0.39,3949.0,,,,,,,,,,,,,,,,,,,,,,,,,10.487957437182152,24.789786340000003,0.0,,16.062,1.843,15.875,1.821,2.0,0.229,0.625,0.072,0.15875,1.821,0.03,0.3435,0.015625,0.18,2.548875,0.28125,0.0322642807263617,23.90625,2.7424638617407457,0.00421875,0.0483964210895425,0.83671875,9.59862351609261,10.487957437182152,44371,,,0.0244157843005483,Information
227377,3953.0,8839.390429,ROU,Romania,Dolj,1.078757238,0.0,0.72,0.39,3953.0,3953.0,0.0,1.0,3.0,3.0,2.0,0.0,10.0,0.3,0.3,0.2,21.6,0.0,0.0,0.0,0.0,0.0,0.0,0.0,0.0,0.0,0.0,0.0,21.6,21.6,21.57514476,0.0,,,,,,,,,,,,,,,,,30.796875,0.3484049635065904,125.578125,1.4206649881798412,0.461953125,0.5226074452598856,4.395234375,4.972327458629445,10.35212240388933,311832,,,0.0986212622238708,Information
227379,3955.0,13763.59967,ROU,Romania,Cara?-Severin,2.239263265,0.0,0.72,0.39,3955.0,3955.0,0.0,6.0,7.0,3.0,2.0,0.0,5.0,0.7,0.3,0.2,12.4,0.0,0.0,0.0,0.0,0.0,0.0,0.0,0.0,0.0,0.0,0.0,12.4,12.4,44.7852653,0.0,,,,,,,,,,,,,,,,,11.8125,0.0858242049979679,144.84375,1.0523682279512736,0.1771875,0.1287363074969518,5.06953125,3.6832887978294577,9.058743855326409,454535,,,0.067648811932713,Information
227623,3979.0,5141.795499,ROU,Romania,Arad,3.023294679,0.0,0.72,0.39,3979.0,3979.0,0.0,6.0,2.0,2.0,2.0,0.0,5.0,0.2,0.2,0.2,11.2,0.0,0.0,0.0,0.0,0.0,0.0,0.0,0.0,0.0,0.0,0.0,11.2,11.2,60.46589358,0.0,,,,,,,,,,,,,,,,,1.828125,0.0355542144805338,14.0625,0.2734939575425678,0.027421875,0.0533313217208007,0.4921875,0.9572288513989872,1.530169548119788,392565,,,0.1036093992390582,Information
227625,3981.0,4207.813542,ROU,Romania,Alba,0.680301592,0.0,0.72,0.39,3981.0,3981.0,0.0,5.0,2.0,2.0,2.0,0.0,6.0,0.2,0.2,0.2,13.2,0.0,0.0,0.0,0.0,0.0,0.0,0.0,0.0,0.0,0.0,0.0,13.2,13.2,13.60603184,0.0,,,,,,,,,,,,,,,,,1.125,0.0267359755527174,5.203125,0.1236538869313184,0.016875,0.0401039633290761,0.182109375,0.4327886042596144,0.6718769425886906,203640,,,0.0301426634978959,Information
227695,3996.0,1023.135905,ROU,Romania,Satu Mare,4.033130812,0.0,0.72,0.39,3996.0,3996.0,0.0,5.0,3.0,2.0,-9999.0,0.0,6.0,0.3,0.2,-999.9,-1986.8,0.0,0.0,0.0,0.0,0.0,0.0,0.0,0.0,0.0,0.0,0.0,-1986.8,1.590829628523115,80.66261623999999,0.0,,,,,,,,,,,,,,,,,0.0,0.0,4.21875,0.4123352510066043,0.0,0.0,0.14765625,1.443173378523115,1.590829628523115,164049,,,0.0062486061833525,Information
227381,3956.0,873.9122245,SRB,Serbia,Podunavski,3.2198452,0.0,0.65,0.49,3956.0,3956.0,0.0,6.0,2.0,-9999.0,-9999.0,0.0,5.0,0.2,-999.9,-999.9,-3989.2,0.0,0.0,0.0,0.0,0.0,0.0,0.0,0.0,0.0,0.0,0.0,-3989.2,0.6036700631763845,64.396904,0.0,,,,,,,,,,,,,,,,,0.28125,0.0321828659812397,1.265625,0.1448228969155786,0.00421875,0.0482742989718595,0.044296875,0.506880139204525,0.6036700631763845,64843,,,2.279455326567164e-05,Information
227401,3966.0,11391.69132,SRB,Serbia,Sremski,1.713425492,0.0,0.65,0.49,3966.0,3966.0,0.0,6.0,2.0,2.0,-9999.0,0.0,5.0,0.2,0.2,-999.9,-1987.6666666666667,0.0,0.0,0.0,0.0,0.0,0.0,0.0,0.0,0.0,0.0,0.0,-1987.6666666666667,6.418227036740217,34.26850984,0.0,,,,,,,,,,,,,,,,,10.96875,0.0962872824997889,92.953125,0.8159729965687239,0.16453125,0.1444309237496833,3.253359375,2.8559054879905337,6.418227036740217,1760073,,,0.0099976462754796,Information
227610,3976.0,15480.44806,SRB,Serbia,Severno-Banatski,4.031575116,0.0,0.65,0.49,3976.0,3976.0,0.0,7.0,2.0,2.0,-9999.0,0.0,4.0,0.2,0.2,-999.9,-1991.0,0.0,0.0,0.0,0.0,0.0,0.0,0.0,0.0,0.0,0.0,0.0,-1991.0,2.454690502794665,80.63150232,0.0,,,,,,,,,,,,,,,,,0.0,0.0,42.609375,0.2752463936556185,0.0,0.0,1.491328125,0.9633623777946648,2.454690502794665,1338892,,,0.019430900680137,Information
227700,4001.0,5919.020149,SRB,Serbia,Južno-Backi,1.943041105,0.0,0.65,0.49,4001.0,4001.0,1.0,3.0,100.0,9.0,3.0,3.0,8.0,10.0,0.9,0.3,44.4,0.0,0.0,0.0,0.0,0.0,0.0,0.0,0.0,0.0,0.0,0.0,44.4,44.4,38.8608221,0.0,,,,,,,,,,,,,,,,,0.28125,0.0047516310625596,116.4375,1.967175259899704,0.00421875,0.0071274465938394,4.0753125,6.885113409648964,10.971772106242804,707219,,,0.3745169894926196,Advisory
227621,3977.0,375.9595843,HUN,Hungary,Csongrád,4.07616168,0.0,0.78,0.31,3977.0,3977.0,0.0,7.0,2.0,2.0,2.0,0.0,4.0,0.2,0.2,0.2,9.2,0.0,0.0,0.0,0.0,0.0,0.0,0.0,0.0,0.0,0.0,0.0,9.2,9.2,81.5232336,0.0,,,,,,,,,,,,,,,,,,,,,,,,,,34893,,,0.2428042215063227,Information
227650,3988.0,13076.1393,HUN,Hungary,Jusz-Nagykun-Szolnok,3.812166873,0.0,0.78,0.31,3988.0,3988.0,0.0,6.0,3.0,2.0,-9999.0,0.0,5.0,0.3,0.2,-999.9,-1987.8,0.0,0.0,0.0,0.0,0.0,0.0,0.0,0.0,0.0,0.0,0.0,-1987.8,5.870419017376891,76.24333745999999,0.0,,,,,,,,,,,,,,,,,0.28125,0.0021508642083085,94.921875,0.7259166703041222,0.00421875,0.0032262963124627,3.322265625,2.540708346064428,5.870419017376891,1002890,,,0.0810659925211308,Information
227803,4004.0,5051.199171,HUN,Hungary,Somogy,1.688265759,0.0,0.78,0.31,4004.0,4004.0,3.0,3.0,100.0,100.0,100.0,10.0,8.0,10.0,10.0,10.0,96.0,0.0,0.0,0.0,0.0,0.0,0.0,0.0,0.0,0.0,0.0,0.0,96.0,96.0,33.76531518,0.0,,,,,,,,,,,,,,,,,0.0,0.0,72.421875,1.433756075367355,0.0,0.0,2.534765625,5.018146263785742,7.552911888785742,209963,,,0.6447348321865534,Warning
227911,4011.0,3626.077718,HUN,Hungary,Baranya,3.748310892,0.0,0.78,0.31,4011.0,4011.0,1.0,2.0,100.0,5.0,2.0,3.0,9.0,10.0,0.5,0.2,45.4,0.0,0.0,0.0,0.0,0.0,0.0,0.0,0.0,0.0,0.0,0.0,45.4,45.4,74.96621784,0.0,,,,,,,,,,,,,,,,,4.640625,0.1279791929562412,135.5625,3.738543697267167,0.069609375,0.1919687894343618,4.7446875,13.084902940435084,18.091168604869445,204511,,,0.7241738123214729,Watch
227915,4015.0,5912.494653,HUN,Hungary,Pest,0.417361168,0.0,0.78,0.31,4015.0,4015.0,0.0,1.0,13.0,5.0,2.0,0.0,10.0,1.3,0.5,0.2,24.0,0.0,0.0,0.0,0.0,0.0,0.0,0.0,0.0,0.0,0.0,0.0,24.0,24.0,8.347223360000001,0.0,,,,,,,,,,,,,,,,,0.28125,0.0047568753378376,141.609375,2.395086732601236,0.00421875,0.0071353130067564,4.956328125,8.382803564104327,13.350485752111084,2883422,,,0.090130241328074,Information
227919,4019.0,1694.194696,HUN,Hungary,Komárom-Esztergom,1.031354979,0.0,0.78,0.31,4019.0,4019.0,0.0,1.0,11.0,5.0,2.0,0.0,10.0,1.1,0.5,0.2,23.6,0.0,0.0,0.0,0.0,0.0,0.0,0.0,0.0,0.0,0.0,0.0,23.6,23.6,20.62709958,0.0,,,,,,,,,,,,,,,,,0.0,0.0,35.71875,2.1083025509285545,0.0,0.0,1.25015625,7.379058928249941,8.629215178249941,227805,,,0.1125820598656651,Information
227940,4022.0,17779.72752,HUN,Hungary,Gyor-Moson-Sopron,2.843343293,0.0,0.78,0.31,4022.0,4022.0,1.0,1.0,100.0,11.0,9.0,3.0,10.0,10.0,1.1,0.9,43.06666666666666,0.0,0.0,0.0,0.0,0.0,0.0,0.0,0.0,0.0,0.0,0.0,43.06666666666666,43.06666666666666,56.86686586,0.0,,,,,,,,,,,,,,,,,0.0,0.0,100.96875,0.5678869368763889,0.0,0.0,3.53390625,1.9876042790673607,5.521510529067361,1492833,,,0.4993847623804092,Advisory
227950,4023.0,717.7119346,HUN,Hungary,Gyor-Moson-Sopron,2.365243729,0.0,0.78,0.31,4023.0,4023.0,0.0,1.0,11.0,5.0,3.0,0.0,10.0,1.1,0.5,0.3,23.8,0.0,0.0,0.0,0.0,0.0,0.0,0.0,0.0,0.0,0.0,0.0,23.8,36.82308901177058,47.30487458,0.0,,,,,,,,,,,,,,,,,0.0,0.0,70.453125,9.816351324791595,0.0,0.0,2.465859375,34.35722963677058,36.82308901177058,286339,,,0.360022786254081,Advisory
227680,3991.0,14341.31273,SVK,Slovakia,Kooicki,4.022740869,0.0,0.79,0.29,3991.0,3991.0,0.0,3.0,3.0,2.0,-9999.0,0.0,8.0,0.3,0.2,-999.9,-1982.8,0.0,0.0,0.0,0.0,0.0,0.0,0.0,0.0,0.0,0.0,0.0,-1982.8,2.723348809243253,80.45481738,0.0,,,,,,,,,,,,,,,,,0.0,0.0,45.84375,0.3196621597837866,0.0,0.0,1.60453125,1.118817559243253,2.723348809243253,1291913,,,0.0243695716279449,Information
227918,4018.0,5452.087684,SVK,Slovakia,Banskobystrický,2.519164953,0.0,0.79,0.29,4018.0,4018.0,1.0,1.0,41.0,2.0,-9999.0,3.0,10.0,4.1,0.2,-999.9,-1965.2,0.0,0.0,0.0,0.0,0.0,0.0,0.0,0.0,0.0,0.0,0.0,-1965.2,0.976456615099357,50.383299060000006,0.0,,,,,,,,,,,,,,,,,0.0,0.0,9.84375,0.180550104314102,0.0,0.0,0.34453125,0.631925365099357,0.976456615099357,434105,,,4.280047253209716e-05,Information
227920,4020.0,19528.42757,SVK,Slovakia,Žilinský,2.078553805,0.0,0.79,0.29,4020.0,4020.0,0.0,2.0,2.0,2.0,-9999.0,0.0,9.0,0.2,0.2,-999.9,-1962.6,0.0,0.0,0.0,0.0,0.0,0.0,0.0,0.0,0.0,0.0,0.0,-1962.6,2.9992224032556525,41.5710761,0.0,,,,,,,,,,,,,,,,,0.0,0.0,56.671875,0.2902019366444721,0.0,0.0,1.983515625,1.0157067782556524,2.9992224032556525,2467229,,,0.0014916280334659,Information
227804,4005.0,14077.55654,AUT,Austria,Steiermark,2.278596437,0.0,0.83,0.24,4005.0,4005.0,3.0,2.0,100.0,100.0,90.0,10.0,9.0,10.0,10.0,9.0,86.26666666666667,0.0,0.0,0.0,0.0,0.0,0.0,0.0,0.0,0.0,0.0,0.0,86.26666666666667,86.26666666666667,45.57192874,0.0,,,,,,,,,,,,,,,,,0.0,0.0,56.25,0.3995721832134748,0.0,0.0,1.96875,1.398502641247162,3.3672526412471617,1189643,,,0.6774440039816435,Warning
227806,4007.0,2308.115114,AUT,Austria,Kärnten,1.242227008,0.0,0.83,0.24,4007.0,4007.0,3.0,3.0,100.0,100.0,100.0,10.0,8.0,10.0,10.0,10.0,96.0,0.0,0.0,0.0,0.0,0.0,0.0,0.0,0.0,0.0,0.0,0.0,96.0,96.0,24.84454016,0.0,,,,,,,,,,,,,,,,,0.0,0.0,7.59375,0.3290022215726199,0.0,0.0,0.26578125,1.1515077755041696,1.4172890255041697,219688,,,0.5966902588906813,Warning
227808,4009.0,1384.933569,AUT,Austria,Kärnten,1.57590733,0.0,0.83,0.24,4009.0,4009.0,1.0,3.0,100.0,25.0,-9999.0,3.0,8.0,10.0,2.5,-999.9,-1952.8,0.0,0.0,0.0,0.0,0.0,0.0,0.0,0.0,0.0,0.0,0.0,-1952.8,0.4046058320846678,31.5181466,0.0,,,,,,,,,,,,,,,,,0.0,0.0,1.40625,0.1015391663099051,0.0,0.0,0.04921875,0.3553870820846678,0.4046058320846678,52536,,,1.4378929934115657e-07,Information
227809,4010.0,5830.166834,AUT,Austria,Kärnten,2.034269208,0.0,0.83,0.24,4010.0,4010.0,2.0,13.0,100.0,92.0,2.0,7.0,1.0,10.0,9.2,0.2,63.5,0.0,0.0,0.0,0.0,0.0,0.0,0.0,0.0,0.0,0.0,0.0,63.5,63.5,40.68538416,0.0,,,,,,,,,,,,,,,,,0.84375,0.0144721416055525,1.265625,0.0217082124083288,0.01265625,0.0217082124083287,0.044296875,0.0759787434291508,0.1546400808374795,216983,,,0.5271804809143289,Watch
227970,4025.0,28104.73331,AUT,Austria,Niederösterreich,0.970408497,0.0,0.83,0.24,4025.0,4025.0,0.0,1.0,11.0,5.0,2.0,0.0,10.0,1.1,0.5,0.2,23.6,0.0,0.0,0.0,0.0,0.0,0.0,0.0,0.0,0.0,0.0,0.0,23.6,23.6,19.40816994,0.0,,,,,,,,,,,,,,,,,0.0,0.0,191.390625,0.6809907173831146,0.0,0.0,6.698671875,2.383467510840901,9.0821393858409,4546346,,,0.1096952254981325,Information
227980,4026.0,25978.45981,AUT,Austria,Tirol,1.216972086,0.0,0.83,0.24,4026.0,4026.0,0.0,10.0,7.0,3.0,-9999.0,0.0,1.0,0.7,0.3,-999.9,-1317.7,0.0,0.0,0.0,0.0,0.0,0.0,0.0,0.0,0.0,0.0,0.0,-1317.7,4.512505431785605,24.33944172,0.0,,,,,,,,,,,,,,,,,0.0,0.0,93.09375,0.3583497662244584,0.0,0.0,3.25828125,1.2542241817856044,4.512505431785605,2494162,,,0.0024056424885251,Information
227960,4024.0,26618.39612,CZE,Czech Republic,Jihomoravský,0.993572141,0.0,0.8,0.28,4024.0,4024.0,0.0,1.0,3.0,2.0,-9999.0,0.0,10.0,0.3,0.2,-999.9,-978.4,0.0,0.0,0.0,0.0,0.0,0.0,0.0,0.0,0.0,0.0,0.0,-978.4,6.743841474402946,19.87144282,0.0,,,,,,,,,,,,,,,,,0.0,0.0,140.0625,0.5261868498294131,0.0,0.0,4.9021875,1.8416539744029456,6.743841474402946,3145795,,,0.0066617603806044,Information
227991,4027.0,3299.909369,DEU,Germany,Bayern,0.768688096,0.0,0.81,0.26,4027.0,4027.0,0.0,1.0,11.0,5.0,2.0,0.0,10.0,1.1,0.5,0.2,23.6,0.0,0.0,0.0,0.0,0.0,0.0,0.0,0.0,0.0,0.0,0.0,23.6,23.6,15.37376192,0.0,,,,,,,,,,,,,,,,,0.0,0.0,30.515625,0.9247413061076772,0.0,0.0,1.068046875,3.2365945713768705,4.304641446376871,328693,,,0.1008015385868464,Information
227992,4028.0,9123.261558,DEU,Germany,Bayern,0.990203133,0.0,0.81,0.26,4028.0,4028.0,1.0,1.0,100.0,3.0,-9999.0,3.0,10.0,10.0,0.3,-999.9,-2528.3714285714286,0.0,0.0,0.0,0.0,0.0,0.0,0.0,0.0,0.0,0.0,0.0,-2528.3714285714286,4.972667915885557,19.80406266,0.0,,,,,,,,,,,,,,,,,0.0,0.0,67.78125,0.7429497616815878,0.0,0.0,2.37234375,2.6003241658855574,4.972667915885557,3240524,,,0.0027136262765457,Information
227993,4029.0,5652.765775,DEU,Germany,Bayern,0.967057766,0.0,0.81,0.26,4029.0,4029.0,0.0,1.0,9.0,3.0,2.0,0.0,10.0,0.9,0.3,0.2,22.6,0.0,0.0,0.0,0.0,0.0,0.0,0.0,0.0,0.0,0.0,0.0,22.6,22.6,19.34115532,0.0,,,,,,,,,,,,,,,,,0.0,0.0,63.28125,1.1194741215946706,0.0,0.0,2.21484375,3.918159425581347,6.133003175581347,712015,,,0.1016370817988214,Information
227995,4031.0,730.2198867,DEU,Germany,Bayern,1.106994489,0.0,0.81,0.26,4031.0,4031.0,0.0,1.0,9.0,2.0,-9999.0,0.0,10.0,0.9,0.2,-999.9,-1977.6,0.0,0.0,0.0,0.0,0.0,0.0,0.0,0.0,0.0,0.0,0.0,-1977.6,6.581531096637423,22.13988978,0.0,,,,,,,,,,,,,,,,,0.0,0.0,12.796875,1.752468706182121,0.0,0.0,0.447890625,6.133640471637423,6.581531096637423,87284,,,0.0067434560400752,Information
227997,4033.0,3541.762392,DEU,Germany,Bayern,1.335087486,0.0,0.81,0.26,4033.0,4033.0,0.0,1.0,9.0,2.0,-9999.0,0.0,10.0,0.9,0.2,-999.9,-1977.6,0.0,0.0,0.0,0.0,0.0,0.0,0.0,0.0,0.0,0.0,0.0,-1977.6,14.62201973671585,26.70174972,0.0,,,,,,,,,,,,,,,,,0.0,0.0,109.265625,3.085063674775957,0.0,0.0,3.824296875,10.797722861715853,14.62201973671585,588476,,,0.0534800837422102,Information
232610,4136.0,25392.4749,DEU,Germany,Nordrhein-Westfalen,0.266069691,1.813786034,0.81,0.26,4136.0,4136.0,0.0,15.0,3.0,2.0,2.0,0.0,1.0,0.3,0.2,0.2,3.4,0.0,0.0,0.0,0.0,0.0,0.0,0.0,0.0,0.0,0.0,0.0,3.4,15.826470596961284,5.32139382,36.27572068,,490.125,1.93,360.75,1.421,5.562,0.022,3.875,0.015,3.6075,1.421,0.08343,0.033,0.096875,0.0375,5.279305,0.0,0.0,324.421875,1.2776299919889382,0.0,0.0,11.354765625,4.471704971961284,15.826470596961284,16482073,,,0.0818277762319655,Information
232630,4138.0,11615.0077,DEU,Germany,Hessen,0.463473913,0.0,0.81,0.26,4138.0,4138.0,0.0,2.0,5.0,3.0,2.0,0.0,9.0,0.5,0.3,0.2,20.4,0.0,0.0,0.0,0.0,0.0,0.0,0.0,0.0,0.0,0.0,0.0,20.4,20.4,9.26947826,0.0,,11.188,0.096,8.688,0.075,0.0,0.0,0.062,0.001,0.08688,0.075,0.0,0.0,0.00155,0.0025,0.16593,0.0,0.0,41.484375,0.3571618381769526,0.0,0.0,1.451953125,1.250066433619334,2.702019558619334,2546226,,,0.0678025400620868,Information
232640,4139.0,27466.15624,DEU,Germany,Bayern,0.810068384,0.0,0.81,0.26,4139.0,4139.0,0.0,1.0,3.0,2.0,-9999.0,0.0,10.0,0.3,0.2,-999.9,-1978.8,0.0,0.0,0.0,0.0,0.0,0.0,0.0,0.0,0.0,0.0,0.0,-1978.8,6.734953763565979,16.20136768,0.0,,42.375,0.154,33.25,0.121,0.938,0.003,0.0,0.0,0.3325,0.121,0.01407,0.0045,0.0,0.0,0.47207,11.53125,0.0419834865031074,136.125,0.4956099382318051,0.17296875,0.0629752297546611,4.764375,1.734634783811318,6.734953763565979,6616169,,,0.0058493345483573,Information
232650,4140.0,2786.212261,DEU,Germany,Hessen,0.765037585,0.0,0.81,0.26,4140.0,4140.0,0.0,1.0,15.0,3.0,2.0,0.0,10.0,1.5,0.3,0.2,24.0,0.0,0.0,0.0,0.0,0.0,0.0,0.0,0.0,0.0,0.0,0.0,24.0,24.0,15.3007517,0.0,,21.688,0.778,14.438,0.518,0.0,0.0,0.0,0.0,0.14438,0.518,0.0,0.0,0.0,0.0,0.66238,0.0,0.0,93.515625,3.3563711673940606,0.0,0.0,3.273046875,11.747299085879211,15.020345960879212,1342110,,,0.1036448949223755,Information
232660,4141.0,13977.46791,DEU,Germany,Baden-Württemberg,0.629799921,0.0,0.81,0.26,4141.0,4141.0,0.0,11.0,2.0,2.0,-9999.0,0.0,1.0,0.2,0.2,-999.9,-1997.0,0.0,0.0,0.0,0.0,0.0,0.0,0.0,0.0,0.0,0.0,0.0,-1997.0,1.9974121474152653,12.59599842,0.0,,,,,,,,,,,,,,,,,3.796875,0.0271642548070195,31.640625,0.2263687900584961,0.056953125,0.0407463822105292,1.107421875,0.7922907652047364,1.9974121474152653,5349714,,,7.882819697383514e-05,Information
232670,4142.0,20595.54553,DEU,Germany,Baden-Württemberg,0.850862742,0.0,0.81,0.26,4142.0,4142.0,0.0,1.0,19.0,5.0,2.0,0.0,10.0,1.9,0.5,0.2,25.6,0.0,0.0,0.0,0.0,0.0,0.0,0.0,0.0,0.0,0.0,0.0,25.6,25.6,17.01725484,0.0,,170.938,0.83,137.875,0.669,3.125,0.015,0.0,0.0,1.37875,0.669,0.046875,0.0225,0.0,0.0,2.117125,0.140625,0.0006827932758829,180.140625,0.8746581864059993,0.002109375,0.0010241899138243,6.304921875,3.061303652420998,9.369359092334822,6002667,,,0.1197893771813139,Information
232704,4147.0,12130.25671,DEU,Germany,Niedersachsen,0.703884607,1.812312585,0.81,0.26,4147.0,,,,,,,,,,,,,,,,,,,,,,,,,1.275073982071107,14.07769214,36.2462517,,120.438,0.993,66.25,0.546,0.312,0.003,0.0,0.0,0.6625,0.546,0.00468,0.0045,0.0,0.0,1.21768,0.0,0.0,19.96875,0.1646193520203163,0.0,0.0,0.69890625,0.576167732071107,1.275073982071107,2653065,,,4.57629489874867e-05,Information
232706,4149.0,44876.58601,DEU,Germany,Niedersachsen,1.154271459,1.212210472,0.81,0.26,4149.0,4149.0,0.0,13.0,2.0,2.0,-9999.0,0.0,1.0,0.2,0.2,-999.9,-596.86,0.0,0.0,0.0,0.0,0.0,0.0,0.0,0.0,0.0,0.0,0.0,-596.86,5.073707530250411,23.08542918,24.24420944,,59.062,0.132,37.625,0.084,0.0,0.0,0.062,0.0,0.37625,0.084,0.0,0.0,0.00155,0.0,0.4618,0.0,0.0,118.546875,0.264161972928689,0.0,0.0,4.149140625,0.9245669052504114,5.073707530250411,8155582,,,0.0034312601680816,Information
232708,4151.0,1808.931145,DEU,Germany,Niedersachsen,3.474388555,3.51105317,0.81,0.26,4151.0,,,,,,,,,,,,,,,,,,,,,,,,,0.8032655518131339,69.4877711,70.22106339999999,,1.812,0.1,1.75,0.097,0.0,0.0,0.0,0.0,0.0175,0.097,0.0,0.0,0.0,0.0,0.1145,0.0,0.0,3.515625,0.1943481933751811,0.0,0.0,0.123046875,0.6802186768131339,0.8032655518131339,132241,,,0.0001514125501931,Information
232810,4153.0,17605.87297,DEU,Germany,Mecklenburg-Vorpommern,1.118430215,0.0,0.81,0.26,4153.0,4153.0,0.0,1.0,5.0,-9999.0,-9999.0,0.0,10.0,0.5,-999.9,-999.9,-3978.6,0.0,0.0,0.0,0.0,0.0,0.0,0.0,0.0,0.0,0.0,0.0,-3978.6,6.752779270047391,22.3686043,0.0,,,,,,,,,,,,,,,,,0.0,0.0,123.046875,0.6988967557278262,0.0,0.0,4.306640625,2.4461386450473914,6.752779270047391,2757213,,,0.0073027139397658,Information
232820,4154.0,22944.06333,DEU,Germany,Brandenburg,1.223358533,0.0,0.81,0.26,4154.0,4154.0,0.0,1.0,7.0,2.0,-9999.0,0.0,10.0,0.7,0.2,-999.9,-1978.2,0.0,0.0,0.0,0.0,0.0,0.0,0.0,0.0,0.0,0.0,0.0,-1978.2,18.59034759056159,24.46717066,0.0,,25.562,0.111,24.75,0.108,2.938,0.013,2.562,0.011,0.2475,0.108,0.04407,0.0195,0.06405,0.0274999999999999,0.51062,91.40625,0.3983873679119183,330.75,1.441549368198203,1.37109375,0.5975810518678775,11.57625,5.045422788693711,18.59034759056159,5255945,,,0.0804688387747186,Information
232830,4155.0,4215.384184,DEU,Germany,Sachsen-Anhalt,1.109266098,0.0,0.81,0.26,4155.0,4155.0,0.0,1.0,3.0,2.0,-9999.0,0.0,10.0,0.3,0.2,-999.9,-2645.5333333333338,0.0,0.0,0.0,0.0,0.0,0.0,0.0,0.0,0.0,0.0,0.0,-2645.5333333333338,4.116268544448131,22.18532196,0.0,,11.5,0.273,9.75,0.231,0.312,0.007,0.125,0.003,0.0975,0.231,0.00468,0.0105,0.003125,0.0075,0.354305,0.0,0.0,34.875,0.8273267269851802,0.0,0.0,1.220625,2.8956435444481308,4.116268544448131,465956,,,0.0016443319522057,Information
232840,4156.0,23633.07997,DEU,Germany,Sachsen-Anhalt,0.855398479,0.0,0.81,0.26,4156.0,4156.0,0.0,12.0,3.0,3.0,-9999.0,0.0,1.0,0.3,0.3,-999.9,-1996.7,0.0,0.0,0.0,0.0,0.0,0.0,0.0,0.0,0.0,0.0,0.0,-1996.7,8.404394627089943,17.10796958,0.0,,57.125,0.242,42.25,0.179,3.625,0.015,2.875,0.012,0.4225,0.179,0.054375,0.0225,0.071875,0.03,0.7802499999999999,16.03125,0.0678339430261348,161.859375,0.6848848107287826,0.24046875,0.1017509145392022,5.665078125,2.39709683755074,8.404394627089943,3657148,,,0.0110459474413943,Information
232850,4157.0,28405.66743,DEU,Germany,Sachsen,1.157139003,0.0,0.81,0.26,4157.0,4157.0,0.0,1.0,5.0,2.0,-9999.0,0.0,10.0,0.5,0.2,-999.9,-1978.4,0.0,0.0,0.0,0.0,0.0,0.0,0.0,0.0,0.0,0.0,0.0,-1978.4,19.49222661192597,23.14278006,0.0,,41.688,0.147,32.625,0.115,4.312,0.015,0.812,0.003,0.32625,0.115,0.06468,0.0225,0.0203,0.0075,0.5562299999999999,138.515625,0.4876337629484081,352.546875,1.2411145621438164,2.077734375,0.7314506444226121,12.339140625,4.343900967503357,19.49222661192597,4190738,,,0.0850420448472314,Information
232900,4162.0,918.9342968,DEU,Germany,Schleswig-Holstein,2.460099886,3.089789421,0.81,0.26,4162.0,,,,,,,,,,,,,,,,,,,,,,,,,0.2339302382198596,49.20199772,61.79578842,,2.125,0.231,1.875,0.204,0.0,0.0,0.0,0.0,0.01875,0.204,0.0,0.0,0.0,0.0,0.2227499999999999,0.0,0.0,0.5625,0.0612122109199599,0.0,0.0,0.0196875,0.2142427382198596,0.2339302382198596,609654,,,1.7374758150592136e-07,Information
241001,4203.0,13817.85634,DEU,Germany,Schleswig-Holstein,1.76299951,3.401819003,0.81,0.26,4203.0,,,,,,,,,,,,,,,,,,,,,,,,,4.729135995273054,35.2599902,68.03638006,,33.25,0.241,30.875,0.223,0.562,0.004,0.125,0.001,0.30875,0.223,0.00843,0.006,0.003125,0.0025,0.5518050000000001,6.046875,0.0437613103776223,75.796875,0.5485429370590343,0.090703125,0.0656419655664334,2.652890625,1.91990027970662,4.729135995273054,1136519,,,0.0280115535230323,Information
231401,4048.0,8195.490925,PRT,Portugal,Beja,0.820230681,2.369401354,0.76,0.33,4048.0,4048.0,0.0,1.0,-9999.0,-9999.0,-9999.0,0.0,10.0,-999.9,-999.9,-999.9,-5979.4,0.0,0.0,0.0,0.0,0.0,0.0,0.0,0.0,0.0,0.0,0.0,-5979.4,0.8788803174005896,16.40461362,47.38802708,,,,,,,,,,,,,,,,,4.078125,0.0497605944213751,9.5625,0.1166800145052934,0.061171875,0.0746408916320626,0.3346875,0.4083800507685269,0.8788803174005896,118562,,,2.1378796953234302e-05,Information
231500,4057.0,22796.66728,PRT,Portugal,Setúbal,0.43494642,1.937819583,0.76,0.33,4057.0,,,,,,,,,,,,,,,,,,,,,,,,,4.055336992903737,8.6989284,38.75639166,,13.312,0.058,10.0,0.044,16.938,0.074,3.375,0.015,0.1,0.044,0.2540699999999999,0.1109999999999999,0.084375,0.0375,0.6309449999999999,44.859375,0.1967804085114951,61.3125,0.2689537871818554,0.672890625,0.2951706127672426,2.1459375,0.941338255136494,4.055336992903737,1656142,,,0.0033155330081573,Information
231601,4058.0,3971.645947,PRT,Portugal,Santarém,1.37522023,0.0,0.76,0.33,4058.0,4058.0,0.0,3.0,-9999.0,-9999.0,-9999.0,0.0,8.0,-999.9,-999.9,-999.9,-5983.4,0.0,0.0,0.0,0.0,0.0,0.0,0.0,0.0,0.0,0.0,0.0,-5983.4,2.077728855379264,27.5044046,0.0,,2.688,0.068,1.75,0.044,4.0,0.101,0.812,0.02,0.0175,0.044,0.06,0.1515,0.0203,0.05,0.3433,10.828125,0.2726357068195318,12.234375,0.308042941471419,0.162421875,0.4089535602292977,0.428203125,1.0781502951499664,2.077728855379264,363417,,,0.0001909755943563,Information
231603,4060.0,10283.39752,PRT,Portugal,Castelo Branco,2.337823051,0.0,0.76,0.33,4060.0,,,,,,,,,,,,,,,,,,,,,,,,,0.242702732654369,46.75646102,0.0,,4.875,0.047,4.875,0.047,0.938,0.009,0.188,0.002,0.04875,0.047,0.01407,0.0134999999999999,0.0046999999999999,0.005,0.13302,0.0,0.0,3.515625,0.0341873879012483,0.0,0.0,0.123046875,0.119655857654369,0.242702732654369,207262,,,3.5073452843238575e-08,Information
231700,4067.0,14887.35009,PRT,Portugal,Coimbra,0.634764169,1.125551239,0.76,0.33,4067.0,,,,,,,,,,,,,,,,,,,,,,,,,6.705782208370684,12.69528338,22.51102478,,4.75,0.032,4.5,0.03,3.188,0.021,0.25,0.002,0.045,0.03,0.04782,0.0315,0.00625,0.005,0.16557,45.28125,0.3041592339510465,95.203125,0.6394900664126039,0.67921875,0.4562388509265697,3.332109375,2.2382152324441136,6.705782208370684,4116576,,,0.0071992353226056,Information
231801,4068.0,26401.13797,PRT,Portugal,Braganaa,1.105374541,0.0,0.76,0.33,4068.0,,,,,,,,,,,,,,,,,,,,,,,,,0.7891312804096327,22.10749082,0.0,,7.188,0.027,7.188,0.027,8.125,0.031,3.125,0.012,0.07188,0.027,0.121875,0.0465,0.078125,0.03,0.3753799999999999,7.3125,0.027697669732926,13.21875,0.0500688645172125,0.1096875,0.0415465045993889,0.46265625,0.1752410258102437,0.7891312804096327,1498471,,,2.193489346941473e-06,Information
231901,4077.0,6584.885191,PRT,Portugal,Braga,2.347037973,1.148305774,0.76,0.33,4077.0,,,,,,,,,,,,,,,,,,,,,,,,,0.8996229254013747,46.94075946,22.96611548,,2.688,0.041,2.688,0.041,3.812,0.058,0.75,0.011,0.02688,0.041,0.05718,0.087,0.01875,0.0274999999999999,0.25831,5.765625,0.087558474178962,7.734375,0.1174564897522662,0.086484375,0.1313377112684429,0.270703125,0.4110977141329317,0.8996229254013747,1772117,,,2.2791757825554973e-05,Information
232504,4131.0,1557.448756,BEL,Belgium,Vlaanderen,1.105291256,3.020717246,0.77,0.32,4131.0,,,,,,,,,,,,,,,,,,,,,,,,,3.10312,22.10582512,60.41434492,,57.625,3.7,41.312,2.653,0.125,0.008,0.125,0.008,0.41312,2.653,0.001875,0.012,0.003125,0.02,3.10312,0.0,0.0,3.375,0.2167005487309318,0.0,0.0,0.118125,0.7584519205582614,0.8765769205582614,287497,,,0.0054473425356539,Information
232505,4132.0,2606.118625,BEL,Belgium,Vlaanderen,3.006641625,2.674655935,0.77,0.32,4132.0,,,,,,,,,,,,,,,,,,,,,,,,,5.7852757366625625,60.1328325,53.4931187,,98.375,3.775,73.625,2.825,0.125,0.005,0.25,0.01,0.73625,2.825,0.001875,0.0075,0.00625,0.025,3.601875,0.0,0.0,34.171875,1.311217174760732,0.0,0.0,1.196015625,4.589260111662562,5.7852757366625625,919588,,,0.0267887338194955,Information
232506,4133.0,19043.41592,BEL,Belgium,Wallonie,1.205369683,0.0,0.77,0.32,4133.0,,,,,,,,,,,,,,,,,,,,,,,,,1.6670200000000004,24.10739366,0.0,,142.688,0.749,106.125,0.557,0.938,0.005,0.688,0.004,1.06125,0.557,0.01407,0.0075,0.0171999999999999,0.01,1.6670200000000004,0.0,0.0,29.671875,0.1558117258411016,0.0,0.0,1.038515625,0.5453410404438556,1.5838566654438555,10148035,,,6.71922218267396e-05,Information
232508,4135.0,32844.72104,BEL,Belgium,Wallonie,0.511722625,0.290381748,0.77,0.32,4135.0,4135.0,0.0,12.0,2.0,2.0,-9999.0,0.0,1.0,0.2,0.2,-999.9,-2330.3,0.0,0.0,0.0,0.0,0.0,0.0,0.0,0.0,0.0,0.0,0.0,-2330.3,10.863322693883214,10.2344525,5.80763496,,494.438,1.505,343.562,1.046,5.25,0.016,2.5,0.008,3.43562,1.046,0.07875,0.024,0.0625,0.02,4.66687,0.0,0.0,237.9375,0.7244314839666324,0.0,0.0,8.3278125,2.5355101938832134,10.863322693883214,8480659,,,0.0173514167154832,Information
232507,4134.0,3590.645065,NLD,Netherlands,Noord-Brabant,1.477160779,2.285039667,0.83,0.24,4134.0,,,,,,,,,,,,,,,,,,,,,,,,,9.76178998668464,29.54321558,45.70079334,,120.438,3.354,91.938,2.56,1.25,0.035,0.688,0.019,0.91938,2.56,0.01875,0.0525,0.0171999999999999,0.0475,3.61533,0.0,0.0,73.6875,2.0522078533384684,0.0,0.0,2.5790625,7.182727486684639,9.76178998668464,1617235,,,0.0430779251507577,Information
232702,4145.0,10593.20284,NLD,Netherlands,Overijssel,0.08764565,1.161199006,0.83,0.24,4145.0,,,,,,,,,,,,,,,,,,,,,,,,,3.282125,1.7529130000000002,23.22398012,,266.625,2.517,165.375,1.561,1.25,0.012,0.625,0.006,1.65375,1.561,0.01875,0.018,0.015625,0.015,3.282125,0.0,0.0,33.46875,0.3159455220607979,0.0,0.0,1.17140625,1.105809327212793,2.2772155772127927,2870008,,,0.0008096678578997,Information
232703,4146.0,7869.280797,NLD,Netherlands,Friesland,0.384504172,2.179304376,0.83,0.24,4146.0,4146.0,2.0,1.0,100.0,100.0,3.0,7.0,10.0,10.0,10.0,0.3,56.26666666666667,0.0,0.0,0.0,0.0,0.0,0.0,0.0,0.0,0.0,0.0,0.0,56.26666666666667,56.26666666666667,7.690083439999999,43.58608752000001,,80.312,1.021,59.562,0.757,0.438,0.006,0.0,0.0,0.5956199999999999,0.757,0.00657,0.009,0.0,0.0,1.3681899999999998,0.0,0.0,38.25,0.4860672910937912,0.0,0.0,1.33875,1.7012355188282693,3.0399855188282694,1570387,,,0.4989573616401476,Advisory
232509,16075.0,450.8347518,NLD,Netherlands,Zuid-Holland,0.633229747,3.195746214,0.83,0.24,16075.0,,,,,,,,,,,,,,,,,,,,,,,,,12.43628519611076,12.66459494,63.91492428,,33.812,7.5,32.188,7.14,1.188,0.263,0.438,0.097,0.32188,7.14,0.01782,0.3945,0.01095,0.2425,8.127650000000001,0.0,0.0,15.328125,3.3999430917459312,0.0,0.0,0.536484375,11.89980082111076,12.43628519611076,225393,,,0.1433789316783073,Information
232701,16076.0,6738.996169,NLD,Netherlands,Noord-Holland,0.337884504,2.729370151,0.83,0.24,16076.0,,,,,,,,,,,,,,,,,,,,,,,,,13.460218172178095,6.75769008,54.58740302,,275.125,4.083,225.062,3.34,8.562,0.127,1.688,0.025,2.25062,3.34,0.12843,0.1905,0.0421999999999999,0.0625,6.01425,0.0,0.0,154.828125,2.2974953706223125,0.0,0.0,5.418984375,8.041233797178094,13.460218172178095,5327271,,,0.1119827473815024,Information
232680,4143.0,17607.86859,CHE,Switzerland,Bern,0.627128712,0.0,0.83,0.24,4143.0,4143.0,1.0,23.0,76.0,25.0,2.0,3.0,1.0,7.6,2.5,0.2,25.25714285714286,0.0,0.0,0.0,0.0,0.0,0.0,0.0,0.0,0.0,0.0,0.0,25.25714285714286,25.25714285714286,12.54257424,0.0,,,,,,,,,,,,,,,,,2.953125,0.0167716210808876,44.15625,0.2507756675904151,0.044296875,0.0251574316213313,1.54546875,0.8777148365664528,2.492637893187784,4191187,,,0.1071103281586437,Information
232690,4144.0,15883.28871,CHE,Switzerland,Appenzell Innerrhoden,1.246567672,0.0,0.83,0.24,4144.0,4144.0,1.0,17.0,100.0,7.0,2.0,3.0,1.0,10.0,0.7,0.2,-633.5333333333334,0.0,0.0,0.0,0.0,0.0,0.0,0.0,0.0,0.0,0.0,0.0,-633.5333333333334,3.392735270499622,24.93135344,0.0,,,,,,,,,,,,,,,,,0.0,0.0,59.484375,0.3745091844284633,0.0,0.0,2.081953125,1.3107821454996216,3.392735270499622,3169275,,,0.0009782195015075,Information
233038,4185.0,13352.99937,GBR,United Kingdom,England,1.034999582,0.0,0.8,0.28,4185.0,4185.0,0.0,9.0,2.0,-9999.0,-9999.0,0.0,2.0,0.2,-999.9,-999.9,-4996.3,0.0,0.0,0.0,0.0,0.0,0.0,0.0,0.0,0.0,0.0,0.0,-4996.3,0.3947311603464071,20.69999164,0.0,,2.688,0.02,2.688,0.02,4.562,0.034,0.0,0.0,0.02688,0.02,0.06843,0.051,0.0,0.0,0.16631,1.265625,0.0094782075895181,5.90625,0.0442316354177514,0.018984375,0.0142173113842771,0.20671875,0.1548107239621299,0.3947311603464071,15271427,,,5.702348645932609e-08,Information
233039,4186.0,6136.448866,GBR,United Kingdom,England,1.129757135,3.092153736,0.8,0.28,4186.0,,,,,,,,,,,,,,,,,,,,,,,,,6.020156515693064,22.5951427,61.84307472,,5.125,0.084,3.688,0.06,0.188,0.003,0.375,0.006,0.03688,0.06,0.00282,0.0045,0.009375,0.015,0.128575,0.703125,0.0114581741882465,65.109375,1.061026929831627,0.010546875,0.0171872612823697,2.278828125,3.713594254410695,6.020156515693064,2903456,,,0.0324030014475784,Information
233011,16077.0,4691.080878,GBR,United Kingdom,England,0.418747663,2.635464977,0.8,0.28,16077.0,,,,,,,,,,,,,,,,,,,,,,,,,8.413765556618898,8.37495326,52.70929954,,3.75,0.08,3.75,0.08,0.5,0.011,0.062,0.001,0.0375,0.08,0.0075,0.0165,0.00155,0.0025,0.14555,12.09375,0.2578030589475139,71.578125,1.525834383770751,0.18140625,0.3867045884212708,2.505234375,5.3404203431976285,8.413765556618898,2000965,,,0.0421337336910894,Information
233013,16078.0,18128.27343,GBR,United Kingdom,England,1.727351513,2.220485834,0.8,0.28,16078.0,,,,,,,,,,,,,,,,,,,,,,,,,7.292150328444197,34.54703026,44.40971668,,9.5,0.052,6.938,0.038,1.188,0.007,1.0,0.006,0.06938,0.038,0.01782,0.0105,0.025,0.015,0.1757,7.171875,0.0395618205417875,131.203125,0.7237485993232903,0.107578125,0.0593427308126812,4.592109375,2.533120097631516,7.292150328444197,4198639,,,0.0211168505641214,Information
233023,16079.0,34176.39289,GBR,United Kingdom,Scotland,0.901990374,1.543148725,0.8,0.28,16079.0,,,,,,,,,,,,,,,,,,,,,,,,,15.729624730816855,18.03980748,30.8629745,,17.438,0.051,16.125,0.047,2.125,0.006,0.812,0.002,0.16125,0.047,0.031875,0.009,0.0203,0.005,0.274425,3.09375,0.009052301129944,346.359375,1.0134462583205543,0.04640625,0.013578451694916,12.122578125,3.54706190412194,15.729624730816855,432049,,,0.0693639901099859,Information
234003,4193.0,19763.55858,IRL,Ireland,Cork,2.520227969,0.602670746,0.79,0.29,4193.0,,,,,,,,,,,,,,,,,,,,,,,,,2.070136635303279,50.40455938,12.053414920000002,,44.812,0.227,40.062,0.203,56.312,0.285,2.438,0.012,0.40062,0.203,0.8446799999999999,0.4275,0.06095,0.03,1.96675,12.234375,0.0619037050090898,34.03125,0.1721919150827555,0.183515625,0.0928555575136347,1.19109375,0.6026717027896442,2.070136635303279,1135963,,,0.0007458734103889,Information
234005,4195.0,15809.0354,IRL,Ireland,Mayo,3.205666599,1.28859326,0.79,0.29,4195.0,,,,,,,,,,,,,,,,,,,,,,,,,9.025831401762996,64.11333198,25.7718652,,28.438,0.18,24.25,0.153,43.125,0.273,2.375,0.015,0.2425,0.153,0.646875,0.4095,0.059375,0.0375,1.5487499999999998,65.390625,0.4136281775263369,129.9375,0.8219192172781405,0.980859375,0.6204422662895054,4.5478125,2.876717260473492,9.025831401762996,601693,,,0.0837509577166959,Information
234007,4197.0,7870.501941,IRL,Ireland,Donegal,1.50223877,1.351620857,0.79,0.29,4197.0,,,,,,,,,,,,,,,,,,,,,,,,,4.051897757856501,30.0447754,27.03241714,,2.375,0.03,2.188,0.028,6.188,0.079,0.562,0.007,0.02188,0.028,0.09282,0.1185,0.01405,0.0175,0.29275,9.703125,0.1232847037368783,46.828125,0.5949827006431955,0.145546875,0.1849270556053174,1.638984375,2.082439452251184,4.051897757856501,435841,,,0.0021951193346235,Information
241000,4202.0,13722.29383,DNK,Denmark,Sjælland,2.178087245,1.755584711,0.87,0.18,4202.0,,,,,,,,,,,,,,,,,,,,,,,,,11.752873628669018,43.5617449,35.111694220000004,,8.75,0.064,8.688,0.063,9.0,0.066,6.25,0.046,0.08688,0.063,0.135,0.099,0.15625,0.1149999999999999,0.65513,27.984375,0.2039336524418523,182.25,1.3281307214303546,0.419765625,0.3059004786627785,6.37875,4.648457525006241,11.752873628669018,3205187,,,0.0583182102181689,Information
241002,4204.0,3598.095871,DNK,Denmark,Midtjylland,1.162686558,2.200996083,0.87,0.18,4204.0,4204.0,1.0,11.0,39.0,7.0,2.0,3.0,1.0,3.9,0.7,0.2,-983.3,0.0,0.0,0.0,0.0,0.0,0.0,0.0,0.0,0.0,0.0,0.0,-983.3,11.506038000013316,23.25373116,44.01992166,,,,,,,,,,,,,,,,,3.796875,0.1055245645498196,85.359375,2.3723485437681675,0.056953125,0.1582868468247293,2.987578125,8.303219903188586,11.506038000013316,136186,,,0.056810639429205,Information
241003,4205.0,13185.96147,DNK,Denmark,Nordjylland,2.101219342,2.001979189,0.87,0.18,4205.0,,,,,,,,,,,,,,,,,,,,,,,,,15.973804352557526,42.02438684,40.03958378,,12.875,0.098,11.625,0.088,13.875,0.105,5.375,0.041,0.11625,0.088,0.208125,0.1575,0.134375,0.1025,0.8067500000000001,1.546875,0.0117312264517233,258.890625,1.963380717965697,0.023203125,0.0175968396775849,9.061171875,6.87183251287994,15.973804352557526,915332,,,0.0986864750523011,Information
244700,4393.0,611.6553813,DNK,Denmark,Hovedstaden,0.58053423,0.0,0.87,0.18,4393.0,,,,,,,,,,,,,,,,,,,,,,,,,16.114309253006564,11.6106846,0.0,,0.0,0.0,0.0,0.0,0.25,0.041,0.125,0.02,0.0,0.0,0.00375,0.0615,0.003125,0.05,0.118375,6.46875,1.0575808204213502,23.765625,3.88545997067844,0.09703125,1.5863712306320252,0.831796875,13.599109897374538,16.114309253006564,39322,,,0.04437361219144,Information
242210,4211.0,10668.13008,POL,Poland,Zachodniopomorskie,2.054620185,0.0,0.78,0.31,4211.0,4211.0,0.0,1.0,2.0,-9999.0,-9999.0,0.0,10.0,0.2,-999.9,-999.9,-3979.2,0.0,0.0,0.0,0.0,0.0,0.0,0.0,0.0,0.0,0.0,0.0,-3979.2,7.846354158550582,41.092403700000006,0.0,,,,,,,,,,,,,,,,,4.21875,0.0395453558182352,113.90625,1.0677246070923514,0.06328125,0.0593180337273527,3.98671875,3.7370361248232298,7.846354158550582,1035202,,,0.0219041151876272,Information
242221,4212.0,1618.225392,POL,Poland,Lubuskie,1.525767622,0.0,0.78,0.31,4212.0,4212.0,0.0,1.0,2.0,-9999.0,-9999.0,0.0,10.0,0.2,-999.9,-999.9,-3979.2,0.0,0.0,0.0,0.0,0.0,0.0,0.0,0.0,0.0,0.0,0.0,-3979.2,2.493792270992972,30.51535244,0.0,,2.562,0.158,2.562,0.158,0.0,0.0,0.062,0.004,0.0256199999999999,0.158,0.0,0.0,0.00155,0.01,0.19517,4.78125,0.2954625494484252,7.875,0.4866441990915239,0.07171875,0.4431938241726378,0.275625,1.7032546968203337,2.493792270992972,135278,,,0.0004384575471714,Information
242230,4221.0,2184.798754,POL,Poland,Lubuskie,2.283902004,0.0,0.78,0.31,4221.0,4221.0,0.0,1.0,2.0,-9999.0,-9999.0,0.0,10.0,0.2,-999.9,-999.9,-3979.2,0.0,0.0,0.0,0.0,0.0,0.0,0.0,0.0,0.0,0.0,0.0,-3979.2,6.152652749355312,45.67804008,0.0,,,,,,,,,,,,,,,,,10.546875,0.4827389698236435,27.0,1.2358117627485277,0.158203125,0.7241084547354653,0.945,4.325341169619847,6.152652749355312,229998,,,0.0147013346548197,Information
242270,4225.0,9308.412621,POL,Poland,Wielkopolskie,1.083118209,0.0,0.78,0.31,4225.0,4225.0,0.0,1.0,2.0,2.0,-9999.0,0.0,10.0,0.2,0.2,-999.9,-1979.0,0.0,0.0,0.0,0.0,0.0,0.0,0.0,0.0,0.0,0.0,0.0,-1979.0,3.3151479898432177,21.66236418,0.0,,,,,,,,,,,,,,,,,0.5625,0.0060429207737552,45.421875,0.4879658524807384,0.0084375,0.0090643811606328,1.589765625,1.7078804836825845,3.3151479898432177,1534353,,,0.0007820341517216,Information
242300,4228.0,19297.14569,POL,Poland,Zachodniopomorskie,1.748633728,2.26423981,0.78,0.31,4228.0,,,,,,,,,,,,,,,,,,,,,,,,,10.068587925097376,34.97267456,45.2847962,,10.938,0.057,10.375,0.054,3.375,0.017,1.0,0.005,0.10375,0.054,0.050625,0.0255,0.025,0.0125,0.271375,64.125,0.3323030309254461,162.0,0.8395023939169164,0.961875,0.4984545463881691,5.67,2.938258378709208,10.068587925097376,2332509,,,0.0452542788832175,Information
242500,4254.0,26060.2636,POL,Poland,Warmi?sko-Mazurskie,1.385727998,1.664122751,0.78,0.31,4254.0,,,,,,,,,,,,,,,,,,,,,,,,,20.181535209722668,27.71455996,33.28245502,,8.0,0.031,7.062,0.027,0.375,0.001,0.125,0.0,0.07062,0.027,0.005625,0.0015,0.003125,0.0,0.10787,8.296875,0.0318372643058995,413.15625,1.5853878395039485,0.124453125,0.0477558964588492,14.46046875,5.54885743826382,20.181535209722668,1860767,,,0.1159068503425864,Information
242603,4257.0,4116.329056,LTU,Lithuania,Kauno,1.090631463,0.0,0.77,0.32,4257.0,4257.0,0.0,6.0,-9999.0,-9999.0,-9999.0,0.0,5.0,-999.9,-999.9,-999.9,-5989.4,0.0,0.0,0.0,0.0,0.0,0.0,0.0,0.0,0.0,0.0,0.0,-5989.4,3.6120690334371752,21.81262926,0.0,,,,,,,,,,,,,,,,,0.0,0.0,30.09375,0.731082223839193,0.0,0.0,1.05328125,2.558787783437176,3.6120690334371752,92339,,,0.0010531220736519,Information
242707,4269.0,4591.264601,LVA,Latvia,Kurzeme,2.02970148,0.0,0.76,0.33,4269.0,,,,,,,,,,,,,,,,,,,,,,,,,12.270000887269834,40.5940296,0.0,,11.812,0.257,10.562,0.23,0.188,0.004,0.062,0.001,0.1056199999999999,0.23,0.00282,0.006,0.00155,0.0025,0.34849,14.90625,0.3246654526682215,103.921875,2.2634695237907145,0.22359375,0.4869981790023322,3.637265625,7.922143333267501,12.270000887269834,126774,,,0.0573704549408697,Information
242708,4270.0,17542.94674,LVA,Latvia,Zemgale,0.754485176,0.0,0.76,0.33,4270.0,,,,,,,,,,,,,,,,,,,,,,,,,7.047470644820626,15.08970352,0.0,,12.625,0.072,11.688,0.067,0.125,0.001,0.125,0.001,0.11688,0.067,0.001875,0.0015,0.003125,0.0025,0.19288,4.921875,0.0280561474212787,126.140625,0.7190389781967734,0.073828125,0.042084221131918,4.414921875,2.516636423688707,7.047470644820626,644311,,,0.0064064710470606,Information
242709,4271.0,56.84724485,LVA,Latvia,Riga,3.303233587,0.0,0.76,0.33,4271.0,,,,,,,,,,,,,,,,,,,,,,,,,35.270703125,66.06467174,0.0,,0.062,0.11,0.062,0.11,0.0,0.0,0.0,0.0,0.00062,0.11,0.0,0.0,0.0,0.0,0.11062,0.0,0.0,7.734375,13.605540638663356,0.0,0.0,0.270703125,35.0,35.270703125,35300,,,0.5153937846644328,Advisory
242803,4274.0,11767.39102,LVA,Latvia,Latgale,1.169713964,0.0,0.76,0.33,4274.0,4274.0,0.0,4.0,-9999.0,-9999.0,-9999.0,0.0,7.0,-999.9,-999.9,-999.9,-5985.4,0.0,0.0,0.0,0.0,0.0,0.0,0.0,0.0,0.0,0.0,0.0,-5985.4,31.374155645488933,23.39427928,0.0,,,,,,,,,,,,,,,,,97.453125,0.8281625450687202,442.828125,3.763180165110245,1.461796875,1.2422438176030803,15.498984375,13.171130577885856,31.374155645488933,341044,,,0.1860123342827008,Information
242930,4284.0,5864.792727,LVA,Latvia,Riga,1.986766585,0.0,0.76,0.33,4284.0,,,,,,,,,,,,,,,,,,,,,,,,,7.834405858127285,39.7353317,0.0,,4.0,0.068,2.375,0.04,1.562,0.027,0.375,0.006,0.02375,0.04,0.02343,0.0405,0.009375,0.015,0.152055,8.015625,0.1366736280836393,79.3125,1.352349583143379,0.120234375,0.2050104421254589,2.7759375,4.733223541001826,7.834405858127285,79253,,,0.0206641615765312,Information
242900,4281.0,4208.627448,EST,Estonia,Saare,2.539507198,0.0,0.78,0.31,4281.0,,,,,,,,,,,,,,,,,,,,,,,,,35.06815209582884,50.79014396,0.0,,1.812,0.043,1.562,0.037,1.062,0.025,1.0,0.024,0.01562,0.037,0.01593,0.0375,0.025,0.06,0.19105,80.859375,1.921276615545466,262.125,6.228277585003041,1.212890625,2.881914923318199,9.174375,21.798971547510643,35.06815209582884,47379,,,0.367379990231866,Advisory
242940,4285.0,6901.931519,EST,Estonia,Vijandi,2.040891612,0.0,0.78,0.31,4285.0,,,,,,,,,,,,,,,,,,,,,,,,,3.8655792111177742,40.81783224,0.0,,17.625,0.255,13.438,0.195,0.188,0.003,0.0,0.0,0.13438,0.195,0.00282,0.0045,0.0,0.0,0.3367,23.203125,0.3361830661108532,35.15625,0.5093682819861413,0.348046875,0.5042745991662798,1.23046875,1.7827889869514943,3.8655792111177742,100076,,,0.0031810701642743,Information
242950,4286.0,15269.899,EST,Estonia,Rapla,2.23582118,0.0,0.78,0.31,4286.0,,,,,,,,,,,,,,,,,,,,,,,,,18.068221406660555,44.7164236,0.0,,8.312,0.054,6.875,0.045,1.75,0.011,0.312,0.002,0.06875,0.045,0.02625,0.0165,0.0078,0.005,0.1693,115.59375,0.7570040245073384,262.40625,1.7184543913998702,1.73390625,1.1355060367610077,9.18421875,6.014590369899546,18.068221406660555,853619,,,0.1317149174977142,Information
242963,4289.0,4814.77154,EST,Estonia,Peipsi,3.006008847,0.0,0.78,0.31,4289.0,,,,,,,,,,,,,,,,,,,,,,,,,4.562768066246313,60.12017694,0.0,,11.0,0.228,9.5,0.197,0.625,0.013,0.062,0.001,0.095,0.197,0.009375,0.0195,0.00155,0.0025,0.3249250000000001,18.140625,0.3767702132961349,34.59375,0.7184920346577458,0.272109375,0.5651553199442023,1.21078125,2.5147221213021105,4.562768066246313,13306,,,0.0150815865199941,Information
242964,4290.0,12232.38832,EST,Estonia,Tartu,1.242699295,0.0,0.78,0.31,4290.0,,,,,,,,,,,,,,,,,,,,,,,,,9.932079602714882,24.8539859,0.0,,10.812,0.088,4.812,0.039,1.0,0.008,0.0,0.0,0.04812,0.039,0.015,0.012,0.0,0.0,0.11412,34.875,0.2851037677491743,141.1875,1.1542104145974634,0.523125,0.4276556516237614,4.9415625,4.039736451091122,9.932079602714882,247455,,,0.021502409076766,Information
243226,4306.0,7676.385708,FIN,Finland,Eastern Finland,0.904196719,0.0,0.86,0.19,4306.0,,,,,,,,,,,,,,,,,,,,,,,,,43.42705505701913,18.08393438,0.0,,69.75,0.909,31.625,0.412,43.625,0.568,6.562,0.085,0.31625,0.412,0.654375,0.8519999999999999,0.16405,0.2125,2.611175,263.390625,3.431180180676076,425.953125,5.54887601028715,3.950859375,5.146770271014113,14.908359375,19.421066036005023,43.42705505701913,29165,,,0.2628405875493352,Advisory
243227,4307.0,8293.873848,FIN,Finland,Eastern Finland,2.538790603,0.0,0.86,0.19,4307.0,,,,,,,,,,,,,,,,,,,,,,,,,74.75977451577873,50.77581205999999,0.0,3.0,44.125,0.532,22.375,0.27,17.688,0.213,3.375,0.041,0.22375,0.27,0.2653199999999999,0.3195,0.084375,0.1025,1.2654450000000002,310.640625,3.745422593852484,842.34375,10.156216087449698,4.659609375,5.618133890778726,29.48203125,35.0,74.75977451577873,94508,1393.0,1.47,0.6619879969477865,Watch
243228,4308.0,22303.93944,FIN,Finland,Eastern Finland,3.983576891,0.0,0.86,0.19,4308.0,4308.0,0.0,1.0,-9999.0,-9999.0,-9999.0,0.0,10.0,-999.9,-999.9,-999.9,-3962.1333333333328,0.0,0.0,0.0,0.0,0.0,0.0,0.0,0.0,0.0,0.0,0.0,-3962.1333333333328,76.1316178125066,79.67153782,0.0,3.0,29.062,0.13,15.125,0.068,7.625,0.034,3.062,0.014,0.15125,0.068,0.114375,0.051,0.0765499999999999,0.035,0.496175,282.234375,1.2654014583377389,2431.96875,10.903763238910242,4.233515625,1.898102187506608,35.0,35.0,76.1316178125066,266115,4679.0,1.76,0.9066562012431426,Warning
243229,4309.0,28471.86277,FIN,Finland,Eastern Finland,3.487123766,0.0,0.86,0.19,4309.0,4309.0,1.0,1.0,100.0,7.0,-9999.0,3.0,10.0,10.0,0.7,-999.9,-1952.4,0.0,0.0,0.0,0.0,0.0,0.0,0.0,0.0,0.0,0.0,0.0,-1952.4,63.94030206419123,69.74247532,0.0,3.0,84.125,0.295,42.375,0.149,12.625,0.044,16.812,0.059,0.42375,0.149,0.189375,0.066,0.4203,0.1475,1.395925,102.796875,0.361047240967124,2184.75,7.673365165068727,1.541953125,0.541570861450686,35.0,26.856778077740543,63.94030206419123,162428,1630.0,1.0,0.7728317315047535,Watch
243400,4334.0,26857.79996,FIN,Finland,Western Finland,3.272935399,0.0,0.86,0.19,4334.0,4334.0,0.0,1.0,-9999.0,-9999.0,-9999.0,0.0,10.0,-999.9,-999.9,-999.9,-4979.2,0.0,0.0,0.0,0.0,0.0,0.0,0.0,0.0,0.0,0.0,0.0,-4979.2,62.85757466050467,65.45870798,0.0,3.0,143.625,0.535,115.375,0.43,44.625,0.166,7.25,0.027,1.15375,0.43,0.669375,0.249,0.18125,0.0675,2.750875,597.65625,2.225261379864336,1193.625,4.44423966877376,8.96484375,3.337892069796504,35.0,15.55483884070816,62.85757466050467,455447,1546.0,0.34,0.725318846761425,Watch
243510,4335.0,28383.95753,FIN,Finland,Western Finland,3.075117236,0.599662337,0.86,0.19,4335.0,,,,,,,,,,,,,,,,,,,,,,,,,77.29889869525014,61.50234472,11.99324674,3.0,285.0,1.004,188.875,0.665,66.688,0.235,34.062,0.12,1.88875,0.665,1.00032,0.3525,0.85155,0.3,5.05812,1044.421875,3.6796203411878814,1766.25,6.222705195276665,15.0,5.519430511781822,35.0,21.779468183468328,77.29889869525014,2497194,48248.0,1.93,0.7571243768908755,Watch
243520,4336.0,24622.32588,FIN,Finland,Western Finland,2.294225736,0.0,0.86,0.19,4336.0,4336.0,0.0,1.0,-9999.0,-9999.0,-9999.0,0.0,10.0,-999.9,-999.9,-999.9,-5979.4,0.0,0.0,0.0,0.0,0.0,0.0,0.0,0.0,0.0,0.0,0.0,-5979.4,24.18135569298109,45.88451472,0.0,,193.562,0.786,146.812,0.596,34.438,0.14,2.188,0.009,1.46812,0.596,0.5165700000000001,0.21,0.0547,0.0225,2.86789,289.40625,1.1753814460426095,367.3125,1.491786363976335,4.34109375,1.7630721690639142,12.8559375,5.221252273917172,24.18135569298109,793655,,,0.2102545083172206,Information
243600,4343.0,25861.89725,FIN,Finland,Oulu,3.239362015,0.0,0.86,0.19,4343.0,4343.0,0.0,4.0,7.0,2.0,-9999.0,0.0,7.0,0.7,0.2,-999.9,-3981.7,0.0,0.0,0.0,0.0,0.0,0.0,0.0,0.0,0.0,0.0,0.0,-3981.7,56.32040888102632,64.78724030000001,0.0,3.0,42.625,0.165,17.188,0.066,8.938,0.035,10.188,0.039,0.1718799999999999,0.066,0.13407,0.0525,0.2547,0.0975,0.7766500000000001,14.34375,0.055462868252813,1553.34375,6.006302379613457,0.21515625,0.0831943023792195,35.0,21.0220583286471,56.32040888102632,166626,1972.0,1.18,0.6806969030646745,Watch
243700,4344.0,21483.35083,FIN,Finland,Oulu,3.222736416,1.638373535,0.86,0.19,4344.0,4344.0,0.0,6.0,-9999.0,-9999.0,-9999.0,0.0,5.0,-999.9,-999.9,-999.9,-5989.4,0.0,0.0,0.0,0.0,0.0,0.0,0.0,0.0,0.0,0.0,0.0,-5989.4,53.52220996663143,64.45472832,32.7674707,3.0,85.875,0.4,44.438,0.207,26.562,0.124,10.812,0.05,0.44438,0.207,0.39843,0.186,0.2703,0.125,1.6311099999999998,97.3125,0.4529670476246887,1005.609375,4.680877684341256,1.4596875,0.679450571437033,35.0,16.383071895194398,53.52220996663143,147477,1061.0,0.72,0.6588364136546262,Watch
243801,4345.0,4079.421298,FIN,Finland,Lapland,3.772188818,0.0,0.86,0.19,4345.0,4345.0,0.0,1.0,-9999.0,-9999.0,-9999.0,0.0,10.0,-999.9,-999.9,-999.9,-5979.4,0.0,0.0,0.0,0.0,0.0,0.0,0.0,0.0,0.0,0.0,0.0,-5979.4,19.83596890042164,75.44377636,0.0,,,,,,,,,,,,,,,,,21.234375,0.5205241981193215,155.109375,3.802239672355044,0.318515625,0.7807862971789823,5.428828125,13.307838853242654,19.83596890042164,43915,,,0.415480805378013,Advisory
243802,4346.0,14486.41297,FIN,Finland,Lapland,3.780161187,0.0,0.86,0.19,4346.0,4346.0,0.0,1.0,-9999.0,-9999.0,-9999.0,0.0,10.0,-999.9,-999.9,-999.9,-5979.4,0.0,0.0,0.0,0.0,0.0,0.0,0.0,0.0,0.0,0.0,0.0,-5979.4,18.403823415158914,75.60322374,0.0,,114.625,0.791,32.688,0.226,16.625,0.115,28.188,0.195,0.32688,0.226,0.249375,0.1725,0.7047,0.4875,2.166955,3.65625,0.0252391672643373,309.515625,2.1365925826464025,0.05484375,0.0378587508965059,10.833046875,7.478074039262409,18.403823415158914,27383,,,0.3890129450746774,Advisory
243803,4347.0,6520.377739,FIN,Finland,Lapland,4.016130466,0.0,0.86,0.19,4347.0,4347.0,0.0,3.0,-9999.0,-9999.0,-9999.0,0.0,8.0,-999.9,-999.9,-999.9,-5983.4,0.0,0.0,0.0,0.0,0.0,0.0,0.0,0.0,0.0,0.0,0.0,-5983.4,17.987554104285632,80.32260932,0.0,,106.438,1.632,28.5,0.437,15.438,0.237,7.625,0.117,0.285,0.437,0.23157,0.3555,0.190625,0.2925,1.792195,14.90625,0.2286102216112264,196.453125,3.0129101848196544,0.22359375,0.3429153324168396,6.875859375,10.545185646868791,17.987554104285632,10475,,,0.4642269619032094,Advisory
243804,4348.0,3613.12176,FIN,Finland,Lapland,2.298232011,0.0,0.86,0.19,4348.0,,,,,,,,,,,,,,,,,,,,,,,,,42.99846472979369,45.96464022,0.0,,95.938,2.655,30.312,0.839,5.812,0.161,1.188,0.033,0.30312,0.839,0.08718,0.2415,0.0296999999999999,0.0825,1.5830000000000002,11.390625,0.3152571586763956,321.1875,8.889473461936884,0.170859375,0.4728857380145934,11.2415625,31.11315711677909,42.99846472979369,2611,,,0.4096387931722515,Advisory
243805,4349.0,2376.421796,FIN,Finland,Lapland,3.048593025,0.0,0.86,0.19,4349.0,,,,,,,,,,,,,,,,,,,,,,,,,13.867539765674064,60.971860500000005,0.0,,10.812,0.455,3.438,0.145,1.0,0.042,0.062,0.003,0.03438,0.145,0.015,0.063,0.00155,0.0075,0.26643,0.0,0.0,76.078125,3.2013729687640184,0.0,0.0,2.662734375,11.204805390674064,13.867539765674064,6910,,,0.1503970270562494,Information
243806,4350.0,4612.107569,FIN,Finland,Lapland,3.469894153,0.0,0.86,0.19,4350.0,4350.0,2.0,5.0,100.0,100.0,17.0,7.0,6.0,10.0,10.0,1.7,69.4,0.0,0.0,0.0,0.0,0.0,0.0,0.0,0.0,0.0,0.0,0.0,69.4,69.4,69.39788306,0.0,,24.438,0.53,4.438,0.096,5.75,0.125,0.688,0.015,0.0443799999999999,0.096,0.08625,0.1875,0.0171999999999999,0.0375,0.4688299999999999,0.0,0.0,101.953125,2.210553927279948,0.0,0.0,3.568359375,7.736938745479818,11.30529812047982,8353,,,0.7935547788613166,Watch
243808,4352.0,11239.39838,FIN,Finland,Lapland,3.451166255,0.0,0.86,0.19,4352.0,,,,,,,,,,,,,,,,,,,,,,,,,9.105680703148735,69.0233251,0.0,,150.812,1.342,21.688,0.193,1.125,0.01,0.75,0.007,0.21688,0.193,0.016875,0.015,0.01875,0.0175,0.478005,0.0,0.0,137.671875,1.2249043080424964,0.0,0.0,4.818515625,4.287165078148737,9.105680703148735,2153,,,0.1104127457752626,Information
243809,4353.0,6723.161192,FIN,Finland,Lapland,4.021407218,0.0,0.86,0.19,4353.0,4353.0,2.0,5.0,100.0,45.0,-9999.0,7.0,6.0,10.0,4.5,-999.9,-1944.8,0.0,0.0,0.0,0.0,0.0,0.0,0.0,0.0,0.0,0.0,0.0,-1944.8,10.299566503194695,80.42814436,0.0,,16.875,0.251,9.438,0.14,0.562,0.008,2.688,0.04,0.09438,0.14,0.00843,0.012,0.0672,0.1,0.42201,3.375,0.0501995996184998,116.859375,1.7381611367905558,0.050625,0.0752993994277497,4.090078125,6.0835639787669455,10.299566503194695,472,,,0.2604395814072456,Information
244201,4356.0,1948.033836,FIN,Finland,Lapland,3.221248485,0.0,0.86,0.19,4356.0,4356.0,0.0,1.0,2.0,-9999.0,-9999.0,0.0,10.0,0.2,-999.9,-999.9,-3979.2,0.0,0.0,0.0,0.0,0.0,0.0,0.0,0.0,0.0,0.0,0.0,-3979.2,38.23492253764546,64.42496969999999,0.0,,23.375,1.2,3.25,0.167,3.375,0.173,1.125,0.058,0.0325,0.167,0.050625,0.2594999999999999,0.028125,0.145,0.68275,19.546875,1.0034155795133586,169.734375,8.713112262392979,0.293203125,1.505123369270038,5.940703125,30.495892918375425,38.23492253764546,17514,,,0.5287409477184671,Advisory
244202,4357.0,3445.276266,FIN,Finland,Lapland,4.001064552,0.0,0.86,0.19,4357.0,,,,,,,,,,,,,,,,,,,,,,,,,32.2113791890632,80.02129104,0.0,3.0,62.188,1.805,17.562,0.51,5.812,0.169,5.688,0.165,0.17562,0.51,0.08718,0.2535,0.1422,0.4125,1.581,0.0,0.0,235.828125,6.844969946875199,0.0,0.0,8.253984375,23.9573948140632,32.2113791890632,1912,0.0,0.0,0.6835512662936688,Watch
252106,4446.0,16786.89447,FIN,Finland,Lapland,3.982722585,0.0,0.86,0.19,4446.0,4446.0,0.0,1.0,2.0,2.0,-9999.0,0.0,10.0,0.2,0.2,-999.9,-3312.4666666666662,0.0,0.0,0.0,0.0,0.0,0.0,0.0,0.0,0.0,0.0,0.0,-3312.4666666666662,54.58425546749197,79.6544517,0.0,3.0,33.0,0.197,11.875,0.071,5.5,0.033,1.312,0.008,0.11875,0.071,0.0825,0.0495,0.0328,0.02,0.37455,94.5,0.5629391438501375,936.84375,5.58080442906193,1.4175,0.8444087157752063,32.78953125,19.532815501716755,54.58425546749197,6595,1695.0,25.7,0.8381500859022577,Warning
252108,4448.0,2815.541574,FIN,Finland,Lapland,1.493612287,0.0,0.86,0.19,4448.0,,,,,,,,,,,,,,,,,,,,,,,,,61.7838360583818,29.87224574,0.0,3.0,6.062,0.215,4.625,0.164,3.125,0.111,3.625,0.129,0.04625,0.164,0.046875,0.1665,0.090625,0.3225,0.83675,94.78125,3.366359455587866,580.359375,20.61270841722719,1.42171875,5.0495391833818,20.312578125,35.0,61.7838360583818,204,2.0,0.98,0.449598079981748,Watch
252200,4450.0,17871.5697,FIN,Finland,Lapland,3.08417133,0.0,0.86,0.19,4450.0,4450.0,0.0,1.0,2.0,-9999.0,-9999.0,0.0,10.0,0.2,-999.9,-999.9,-3979.2,0.0,0.0,0.0,0.0,0.0,0.0,0.0,0.0,0.0,0.0,0.0,-3979.2,74.48382216589273,61.6834266,0.0,3.0,58.875,0.329,25.688,0.144,24.25,0.136,14.0,0.078,0.25688,0.144,0.36375,0.204,0.35,0.195,1.5136300000000005,191.671875,1.0724960272618211,2366.71875,13.24292600059901,2.875078125,1.6087440408927316,35.0,35.0,74.48382216589273,20770,1317.0,6.34,0.7468786179545729,Watch
252609,4477.0,4410.864055,FIN,Finland,Oulu,0.324047885,0.0,0.86,0.19,4477.0,,,,,,,,,,,,,,,,,,,,,,,,,59.81158679370152,6.480957699999999,0.0,,54.562,1.237,22.75,0.516,14.375,0.326,9.375,0.213,0.2275,0.516,0.215625,0.489,0.234375,0.5325,2.215,59.765625,1.3549641124676792,625.21875,14.174518691838356,0.896484375,2.0324461687015187,21.88265625,35.0,59.81158679370152,6916,,,0.3274499217048153,Advisory
244203,4358.0,3607.234589,SWE,Sweden,Norrbotten,3.707813747,0.0,0.84,0.22,4358.0,,,,,,,,,,,,,,,,,,,,,,,,,24.080530002577746,74.15627494,0.0,,4.375,0.121,1.625,0.045,0.562,0.016,2.0,0.055,0.01625,0.045,0.00843,0.024,0.05,0.1375,0.28118,0.0,0.0,182.390625,5.056245179307927,0.0,0.0,6.383671875,17.696858127577745,24.080530002577746,7816,,,0.4718325081464664,Advisory
244204,4359.0,12730.69929,SWE,Sweden,Norrbotten,3.019697346,0.0,0.84,0.22,4359.0,4359.0,0.0,1.0,2.0,-9999.0,-9999.0,0.0,10.0,0.2,-999.9,-999.9,-3979.2,0.0,0.0,0.0,0.0,0.0,0.0,0.0,0.0,0.0,0.0,0.0,-3979.2,15.778265096539052,60.393946920000005,0.0,,72.625,0.57,31.188,0.245,2.062,0.016,14.875,0.117,0.31188,0.245,0.03093,0.024,0.371875,0.2925,1.276185,1.125,0.0088369065519274,252.0,1.97946706763176,0.016875,0.0132553598278911,8.82,6.9281347367111605,15.778265096539052,7985,,,0.1786953108747955,Information
244206,4361.0,6105.174047,SWE,Sweden,Norrbotten,3.07399031,0.0,0.84,0.22,4361.0,,,,,,,,,,,,,,,,,,,,,,,,,8.68608491585183,61.4798062,0.0,,11.188,0.183,2.625,0.043,0.0,0.0,5.562,0.091,0.02625,0.043,0.0,0.0,0.13905,0.2274999999999999,0.4357999999999999,0.0,0.0,94.078125,1.5409572973862369,0.0,0.0,3.292734375,5.393350540851829,8.68608491585183,409,,,0.0681830989809699,Information
244207,4362.0,7699.928384,SWE,Sweden,Norrbotten,2.718246085,0.0,0.84,0.22,4362.0,,,,,,,,,,,,,,,,,,,,,,,,,20.77569967338209,54.3649217,0.0,,18.438,0.239,4.688,0.061,1.125,0.015,16.938,0.22,0.04688,0.061,0.016875,0.0225,0.42345,0.55,1.120705,0.421875,0.0054789470624157,258.046875,3.3512892865109896,0.006328125,0.0082184205936235,9.031640625,11.729512502788465,20.77569967338209,15360,,,0.2156723514577316,Information
244208,4363.0,2274.760005,SWE,Sweden,Norrbotten,2.857232602,0.0,0.84,0.22,4363.0,,,,,,,,,,,,,,,,,,,,,,,,,9.993686836657114,57.14465204,0.0,,1.0,0.044,0.875,0.038,0.125,0.005,1.375,0.06,0.00875,0.038,0.001875,0.0075,0.034375,0.15,0.2405,0.421875,0.0185459124980799,52.734375,2.318239062259998,0.006328125,0.0278188687471198,1.845703125,8.113836717909994,9.993686836657114,137,,,0.0727133308799968,Information
244310,4365.0,2097.419566,SWE,Sweden,Norrbotten,3.66671991,3.080453706,0.84,0.22,4365.0,,,,,,,,,,,,,,,,,,,,,,,,,47.66153185402986,73.3343982,61.60907412,3.0,86.0,4.1,14.312,0.682,2.438,0.116,2.25,0.107,0.14312,0.682,0.03657,0.174,0.05625,0.2675,1.35944,47.53125,2.266177486019904,244.265625,11.646006784664417,0.71296875,3.3992662290298563,8.549296875,35.0,47.66153185402986,10278,447.0,4.35,0.7192955883596834,Watch
244320,4366.0,17133.04,SWE,Sweden,Norrbotten,2.050201508,0.0,0.84,0.22,4366.0,4366.0,0.0,1.0,-9999.0,-9999.0,-9999.0,0.0,10.0,-999.9,-999.9,-999.9,-5979.4,0.0,0.0,0.0,0.0,0.0,0.0,0.0,0.0,0.0,0.0,0.0,-5979.4,25.015142944484733,41.00403016,0.0,,62.0,0.362,25.188,0.147,4.25,0.025,4.875,0.028,0.25188,0.147,0.06375,0.0375,0.121875,0.07,0.692005,0.421875,0.0024623476036905,451.125,2.633070370879771,0.006328125,0.0036935214055357,15.789375,9.215746298079198,25.015142944484733,30021,,,0.1954496070955422,Information
244330,4367.0,6636.693792,SWE,Sweden,Norrbotten,4.007373311,2.080658281,0.84,0.22,4367.0,,,,,,,,,,,,,,,,,,,,,,,,,46.15833288903073,80.14746622000001,41.61316562,3.0,8.938,0.135,5.562,0.084,13.125,0.198,13.312,0.201,0.05562,0.084,0.196875,0.297,0.3328,0.5025000000000001,1.468795,80.4375,1.2120116207824636,491.625,7.407679416530582,1.2065625,1.818017431173696,17.206875,25.92687795785704,46.15833288903073,70247,2698.0,3.84,0.8005942826428248,Warning
244340,4368.0,25011.1884,SWE,Sweden,Norrbotten,4.002426581,0.0,0.84,0.22,4368.0,4368.0,0.0,1.0,2.0,-9999.0,-9999.0,0.0,10.0,0.2,-999.9,-999.9,-3979.2,0.0,0.0,0.0,0.0,0.0,0.0,0.0,0.0,0.0,0.0,0.0,-3979.2,44.14357602935517,80.04853162,0.0,3.0,56.0,0.224,18.562,0.074,22.5,0.09,40.25,0.161,0.18562,0.074,0.3375,0.135,1.00625,0.4025,2.14087,0.703125,0.0028112418683066,900.703125,3.6012008333007737,0.010546875,0.0042168628024599,31.524609375,12.604202916552708,44.14357602935517,27917,526.0,1.88,0.7864443923390572,Watch
244350,4369.0,21207.40883,SWE,Sweden,Norrbotten,3.247450225,2.222876902,0.84,0.22,4369.0,4369.0,0.0,1.0,2.0,-9999.0,-9999.0,0.0,10.0,0.2,-999.9,-999.9,-3979.2,0.0,0.0,0.0,0.0,0.0,0.0,0.0,0.0,0.0,0.0,0.0,-3979.2,45.2968997577947,64.9490045,44.45753804,3.0,26.625,0.126,8.188,0.039,18.875,0.089,19.5,0.092,0.08188,0.039,0.283125,0.1335,0.4875,0.2299999999999999,1.255005,143.4375,0.676355612985705,818.015625,3.8572162752331822,2.1515625,1.0145334194785576,28.630546875,13.500256963316138,45.2968997577947,82841,1586.0,1.91,0.601192354099056,Watch
244360,4370.0,12559.32527,SWE,Sweden,Norrbotten,3.085562141,0.0,0.84,0.22,4370.0,4370.0,0.0,30.0,-9999.0,-9999.0,-9999.0,0.0,1.0,-999.9,-999.9,-999.9,-5997.4,0.0,0.0,0.0,0.0,0.0,0.0,0.0,0.0,0.0,0.0,0.0,-5997.4,25.096436590789768,61.71124282,0.0,,0.312,0.002,0.25,0.002,1.5,0.012,5.875,0.047,0.0025,0.002,0.0225,0.018,0.146875,0.1175,0.309375,18.28125,0.1455591729709295,391.359375,3.116085987523821,0.27421875,0.2183387594563942,13.697578125,10.906300956333371,25.096436590789768,54090,,,0.3363554319078539,Information
244370,4371.0,5367.574404,SWE,Sweden,Västerbotten,3.053408003,0.528958841,0.84,0.22,4371.0,,,,,,,,,,,,,,,,,,,,,,,,,28.032058764228807,61.06816006,10.57917682,,25.188,0.469,18.0,0.335,5.812,0.108,5.562,0.104,0.18,0.335,0.08718,0.162,0.13905,0.26,1.16323,13.21875,0.2462704567450639,274.078125,5.106182129746061,0.19828125,0.3694056851175958,9.592734375,17.871637454111212,28.032058764228807,44935,,,0.371280576349571,Advisory
244380,4372.0,27608.81497,SWE,Sweden,Västerbotten,2.905295038,0.0,0.84,0.22,4372.0,4372.0,0.0,1.0,-9999.0,-9999.0,-9999.0,0.0,10.0,-999.9,-999.9,-999.9,-5979.4,0.0,0.0,0.0,0.0,0.0,0.0,0.0,0.0,0.0,0.0,0.0,-5979.4,24.97940043015233,58.10590076,0.0,,8.062,0.029,4.812,0.017,0.438,0.002,0.938,0.003,0.04812,0.017,0.00657,0.003,0.02345,0.0075,0.10564,43.875,0.1589166360588595,505.125,1.8295787074468703,0.658125,0.2383749540882892,17.679375,6.403525476064046,24.97940043015233,115722,,,0.3025454506612107,Information
244390,4373.0,15591.30184,SWE,Sweden,Västerbotten,3.717186552,2.137747173,0.84,0.22,4373.0,,,,,,,,,,,,,,,,,,,,,,,,,27.570237675145734,74.34373104,42.75494346000001,,15.562,0.1,7.188,0.046,2.625,0.017,0.0,0.0,0.07188,0.046,0.039375,0.0255,0.0,0.0,0.182755,1.546875,0.0099213973001467,479.25,3.0738292726272896,0.023203125,0.01488209595022,16.77375,10.758402454195512,27.570237675145734,80847,,,0.5286787129108479,Advisory
244401,4374.0,749.1384641,SWE,Sweden,Västerbotten,3.557610317,0.0,0.84,0.22,4374.0,4374.0,0.0,1.0,-9999.0,-9999.0,-9999.0,0.0,10.0,-999.9,-999.9,-999.9,-5979.4,0.0,0.0,0.0,0.0,0.0,0.0,0.0,0.0,0.0,0.0,0.0,-5979.4,2.189292728548577,71.15220633999999,0.0,,,,,,,,,,,,,,,,,0.0,0.0,4.359375,0.5819184581567363,0.0,0.0,0.152578125,2.036714603548577,2.189292728548577,9402,,,0.0049621615789165,Information
244404,4377.0,8505.143588,SWE,Sweden,Jämtland,3.460828321,0.0,0.84,0.22,4377.0,,,,,,,,,,,,,,,,,,,,,,,,,12.696064312211597,69.21656642,0.0,,2.938,0.035,1.438,0.017,6.188,0.073,0.0,0.0,0.0143799999999999,0.017,0.09282,0.1094999999999999,0.0,0.0,0.2337,19.546875,0.2298241622538648,158.34375,1.8617410553802287,0.293203125,0.3447362433807971,5.54203125,6.5160936938308005,12.696064312211597,5957,,,0.1878937476224696,Information
244502,4384.0,26473.83876,SWE,Sweden,Jämtland,2.525184542,0.0,0.84,0.22,4384.0,4384.0,0.0,1.0,-9999.0,-9999.0,-9999.0,0.0,10.0,-999.9,-999.9,-999.9,-5979.4,0.0,0.0,0.0,0.0,0.0,0.0,0.0,0.0,0.0,0.0,0.0,-5979.4,23.319933631675347,50.50369084,0.0,,37.438,0.141,29.0,0.11,16.312,0.062,0.562,0.002,0.29,0.11,0.24468,0.093,0.01405,0.005,0.75673,72.84375,0.2751537118313321,452.390625,1.708821411122385,1.09265625,0.4127305677469981,15.833671875,5.980874938928348,23.319933631675347,108527,,,0.2258482878949408,Information
244504,4386.0,12898.52907,SWE,Sweden,Jämtland,3.721978269,1.056002679,0.84,0.22,4386.0,4386.0,0.0,2.0,3.0,2.0,-9999.0,0.0,9.0,0.3,0.2,-999.9,-1980.8,0.0,0.0,0.0,0.0,0.0,0.0,0.0,0.0,0.0,0.0,0.0,-1980.8,14.21252095148962,74.43956538,21.120053580000004,,83.625,0.648,51.625,0.4,7.25,0.056,0.25,0.002,0.51625,0.4,0.10875,0.084,0.00625,0.005,1.12025,18.5625,0.1439117584044668,220.78125,1.7116777325379768,0.2784375,0.2158676376067002,7.72734375,5.990872063882919,14.21252095148962,41210,,,0.2786279460292141,Information
244505,4387.0,2518.167464,SWE,Sweden,Gävleborg,3.230493332,0.066693213,0.84,0.22,4387.0,,,,,,,,,,,,,,,,,,,,,,,,,24.173730335310005,64.60986664,1.33386426,,3.625,0.144,3.438,0.137,0.125,0.005,0.0,0.0,0.03438,0.137,0.001875,0.0075,0.0,0.0,0.180755,0.0,0.0,138.9375,5.517405095802858,0.0,0.0,4.8628125,19.310917835310004,24.173730335310005,35780,,,0.351539836877335,Advisory
244506,4388.0,2263.533423,SWE,Sweden,Gävleborg,4.005260045,0.0,0.84,0.22,4388.0,,,,,,,,,,,,,,,,,,,,,,,,,6.159866034249375,80.1052009,0.0,,1.938,0.086,1.5,0.066,0.438,0.019,0.0,0.0,0.015,0.066,0.00657,0.0284999999999999,0.0,0.0,0.11607,0.0,0.0,32.484375,1.43511797407125,0.0,0.0,1.136953125,5.022912909249375,6.159866034249375,10991,,,0.1205175843677363,Information
244507,4389.0,712.9206669,SWE,Sweden,Gävleborg,4.013471245,2.123778082,0.84,0.22,4389.0,,,,,,,,,,,,,,,,,,,,,,,,,12.351330278905928,80.26942489999999,42.47556164,,3.062,0.43,2.75,0.386,1.0,0.14,0.625,0.088,0.0275,0.386,0.015,0.21,0.015625,0.2199999999999999,0.874125,0.0,0.0,23.484375,3.294107758258836,0.0,0.0,0.821953125,11.529377153905926,12.351330278905928,18947,,,0.3197472477565086,Information
244508,4390.0,20218.13853,SWE,Sweden,Jämtland,3.628427524,0.0,0.84,0.22,4390.0,4390.0,0.0,3.0,3.0,2.0,-9999.0,0.0,8.0,0.3,0.2,-999.9,-1982.8,0.0,0.0,0.0,0.0,0.0,0.0,0.0,0.0,0.0,0.0,0.0,-1982.8,17.6129902227227,72.56855048,0.0,,147.375,0.729,70.375,0.348,10.188,0.05,0.875,0.004,0.70375,0.348,0.15282,0.075,0.021875,0.01,1.311445,10.265625,0.0507743330857705,332.296875,1.6435582065982988,0.153984375,0.0761614996286557,11.630390625,5.752453723094046,17.6129902227227,68326,,,0.3288635417031113,Information
244509,4391.0,4871.329233,SWE,Sweden,Gävleborg,4.003516496,1.172095581,0.84,0.22,4391.0,,,,,,,,,,,,,,,,,,,,,,,,,23.362718632942265,80.07032991999999,23.44191162,,39.875,0.819,29.25,0.6,5.125,0.105,0.438,0.009,0.2925,0.6,0.076875,0.1575,0.01095,0.0225,1.160325,23.90625,0.4907541423374099,208.40625,4.278221405553186,0.35859375,0.7361312135061149,7.29421875,14.973774919436153,23.362718632942265,152503,,,0.563138756266427,Advisory
244600,4392.0,28499.10766,SWE,Sweden,Dalarna,3.089578784,0.0,0.84,0.22,4392.0,4392.0,0.0,16.0,-9999.0,-9999.0,-9999.0,0.0,1.0,-999.9,-999.9,-999.9,-5997.4,0.0,0.0,0.0,0.0,0.0,0.0,0.0,0.0,0.0,0.0,0.0,-5997.4,20.32379604333624,61.79157568,0.0,,121.75,0.427,73.812,0.259,5.25,0.018,3.0,0.011,0.73812,0.259,0.07875,0.0269999999999999,0.075,0.0274999999999999,1.20537,47.8125,0.1677684107336841,409.359375,1.436393657781631,0.7171875,0.2516526161005261,14.327578125,5.0273778022357085,20.32379604333624,257425,,,0.263934089911102,Information
244710,4394.0,7391.594879,SWE,Sweden,Uppsala,3.25242591,1.352689835,0.84,0.22,4394.0,,,,,,,,,,,,,,,,,,,,,,,,,32.81947882705206,65.0485182,27.0537967,,40.938,0.554,29.25,0.396,3.688,0.05,3.0,0.041,0.2925,0.396,0.05532,0.075,0.075,0.1025,0.99632,25.59375,0.346254772056001,387.5625,5.243286548276587,0.38390625,0.5193821580840016,13.5646875,18.35150291896805,32.81947882705206,510454,,,0.4749076749355934,Advisory
244720,4395.0,22750.7313,SWE,Sweden,Västmanland,3.063494486,0.0,0.84,0.22,4395.0,4395.0,0.0,1.0,2.0,2.0,-9999.0,0.0,10.0,0.2,0.2,-999.9,-1979.0,0.0,0.0,0.0,0.0,0.0,0.0,0.0,0.0,0.0,0.0,0.0,-1979.0,38.01245743544024,61.26988972,0.0,,204.125,0.897,143.438,0.63,7.5,0.033,5.312,0.023,1.43438,0.63,0.1125,0.0495,0.1328,0.0574999999999999,2.41668,3.9375,0.0173071359708335,752.765625,3.3087535304239983,0.0590625,0.0259607039562502,26.346796875,11.580637356483994,38.01245743544024,2308295,,,0.4925388548992582,Advisory
244730,4396.0,8862.291358,SWE,Sweden,Södermanland,1.766352656,0.0,0.84,0.22,4396.0,,,,,,,,,,,,,,,,,,,,,,,,,64.58957113322433,35.32705312,0.0,3.0,62.938,0.71,52.812,0.596,15.125,0.171,7.875,0.089,0.5281199999999999,0.596,0.226875,0.2565,0.196875,0.2224999999999999,2.02687,83.25,0.9393733137566638,831.375,9.381038903596954,1.24875,1.4090599706349956,29.098125,32.833636162589336,64.58957113322433,826871,11090.0,1.34,0.499485355748173,Watch
244740,4397.0,15158.00737,SWE,Sweden,Ssterg,2.801902433,0.0,0.84,0.22,4397.0,4397.0,0.0,1.0,2.0,-9999.0,-9999.0,0.0,10.0,0.2,-999.9,-999.9,-3979.2,0.0,0.0,0.0,0.0,0.0,0.0,0.0,0.0,0.0,0.0,0.0,-3979.2,31.466684405352968,56.03804866,0.0,,60.188,0.397,50.062,0.33,47.062,0.31,3.812,0.025,0.50062,0.33,0.70593,0.4649999999999999,0.0953,0.0625,2.15935,0.0,0.0,541.6875,3.573606258672276,0.0,0.0,18.9590625,12.507621905352966,31.466684405352968,624423,,,0.3690406920701988,Advisory
244780,4400.0,6288.935117,SWE,Sweden,Jönköping,1.744898692,0.0,0.84,0.22,4400.0,,,,,,,,,,,,,,,,,,,,,,,,,6.995075820677352,34.89797384,0.0,,47.875,0.761,39.312,0.625,5.625,0.089,0.312,0.005,0.3931199999999999,0.625,0.084375,0.1335,0.0078,0.0125,1.256295,0.5625,0.0089442805429364,76.921875,1.2231303642465563,0.0084375,0.0134164208144046,2.692265625,4.280956274862947,6.995075820677352,118139,,,0.0128488724829106,Information
244790,4401.0,13839.54708,SWE,Sweden,Västra Götaland,3.179461056,0.067754594,0.84,0.22,4401.0,,,,,,,,,,,,,,,,,,,,,,,,,7.191986371604072,63.589221120000005,1.35509188,,134.938,0.975,111.75,0.807,68.938,0.498,9.0,0.065,1.1175,0.807,1.03407,0.747,0.225,0.1625,4.09307,1.40625,0.0101610984223781,118.6875,0.8575967068487157,0.02109375,0.0152416476335671,4.1540625,3.001588473970505,7.191986371604072,1327420,,,0.0524126536448318,Information
244801,4402.0,4200.795525,SWE,Sweden,Västra Götaland,2.819943794,0.0,0.84,0.22,4402.0,4402.0,0.0,1.0,-9999.0,-9999.0,-9999.0,0.0,10.0,-999.9,-999.9,-999.9,-5979.4,0.0,0.0,0.0,0.0,0.0,0.0,0.0,0.0,0.0,0.0,0.0,-5979.4,8.982362197247223,56.39887588,0.0,,15.688,0.373,11.625,0.277,11.188,0.266,1.125,0.027,0.11625,0.277,0.16782,0.399,0.028125,0.0675,1.055695,0.28125,0.0066951604363558,75.796875,1.8043457375979115,0.00421875,0.0100427406545337,2.652890625,6.31521008159269,8.982362197247223,244033,,,0.0570740431442027,Information
244802,4403.0,5197.481232,SWE,Sweden,Vwrmland,3.137204989,0.0,0.84,0.22,4403.0,,,,,,,,,,,,,,,,,,,,,,,,,19.675381569724905,62.744099780000006,0.0,,48.062,0.925,34.188,0.658,58.062,1.117,7.25,0.139,0.34188,0.658,0.8709299999999999,1.6755,0.18125,0.3475,4.07506,35.15625,0.6764093688466514,177.1875,3.409103218987123,0.52734375,1.014614053269977,6.2015625,11.93186126645493,19.675381569724905,48773,,,0.2615929536163401,Information
244803,4404.0,945.75046,SWE,Sweden,Västra Götaland,3.598559085,0.0,0.84,0.22,4404.0,,,,,,,,,,,,,,,,,,,,,,,,,16.51952514801636,71.9711817,0.0,,8.688,0.919,6.625,0.701,16.562,1.751,1.0,0.106,0.06625,0.701,0.24843,2.6265,0.025,0.265,3.93218,0.0,0.0,40.78125,4.312051828004675,0.0,0.0,1.42734375,15.09218139801636,16.51952514801636,10940,,,0.298510194437098,Information
244804,4405.0,5008.490066,SWE,Sweden,Vwrmland,3.320690802,0.0,0.84,0.22,4405.0,,,,,,,,,,,,,,,,,,,,,,,,,22.25614821999293,66.41381604,0.0,,27.5,0.549,20.812,0.416,33.375,0.666,4.562,0.091,0.20812,0.416,0.500625,0.999,0.11405,0.2274999999999999,2.465295,33.46875,0.668240319058661,197.859375,3.9504795332585534,0.50203125,1.0023604785879914,6.925078125,13.826678366404938,22.25614821999293,50425,,,0.3403542551122617,Information
244805,4406.0,6976.238934,SWE,Sweden,Västra Götaland,2.090276952,0.0,0.84,0.22,4406.0,,,,,,,,,,,,,,,,,,,,,,,,,10.420053887073696,41.80553904,0.0,,24.875,0.357,20.938,0.3,23.688,0.34,6.25,0.09,0.2093799999999999,0.3,0.3553199999999999,0.51,0.15625,0.2249999999999999,1.75595,0.0,0.0,122.34375,1.7537207534496275,0.0,0.0,4.28203125,6.138022637073696,10.420053887073696,221756,,,0.0427109523463983,Information
244806,4407.0,5979.058664,SWE,Sweden,Vwrmland,2.426859378,0.0,0.84,0.22,4407.0,,,,,,,,,,,,,,,,,,,,,,,,,23.992405364140872,48.53718756,0.0,,13.438,0.225,9.938,0.166,21.688,0.363,3.688,0.062,0.09938,0.166,0.3253199999999999,0.5445,0.0922,0.155,1.3824,26.578125,0.4445202245962758,245.109375,4.099464293498988,0.398671875,0.6667803368944137,8.578828125,14.348125027246455,23.992405364140872,50977,,,0.2226952842600715,Information
244807,4408.0,1185.82934,SWE,Sweden,Vwrmland,3.586613759,0.0,0.84,0.22,4408.0,,,,,,,,,,,,,,,,,,,,,,,,,14.710928315701516,71.73227518,0.0,,7.312,0.617,6.062,0.511,9.75,0.822,1.375,0.116,0.06062,0.511,0.14625,1.233,0.034375,0.29,2.275245,0.28125,0.0237175781166844,44.4375,3.74737734243614,0.00421875,0.0355763671750266,1.5553125,13.115820698526491,14.710928315701516,12416,,,0.2568362212450379,Information
244808,4409.0,7212.388369,SWE,Sweden,Vwrmland,3.145765206,0.0,0.84,0.22,4409.0,,,,,,,,,,,,,,,,,,,,,,,,,29.403771089413155,62.91530412,0.0,,44.0,0.61,39.625,0.549,14.062,0.195,3.312,0.046,0.39625,0.549,0.21093,0.2925,0.0828,0.1149999999999999,1.64648,4.359375,0.0604428765789885,350.15625,4.854927828441335,0.065390625,0.0906643148684827,12.25546875,16.992247399544674,29.403771089413155,97785,,,0.4082373800203718,Advisory
244809,4410.0,13264.56369,SWE,Sweden,Dalarna,3.646807821,0.0,0.84,0.22,4410.0,,,,,,,,,,,,,,,,,,,,,,,,,15.829390428170283,72.93615642,0.0,,8.125,0.061,6.062,0.046,6.562,0.049,0.75,0.006,0.06062,0.046,0.09843,0.0735,0.01875,0.015,0.3123,22.21875,0.1675045672562955,248.34375,1.87223459351024,0.33328125,0.2512568508844433,8.69203125,6.55282107728584,15.829390428170283,125689,,,0.2958651513983323,Information
244900,4411.0,6215.016836,SWE,Sweden,Västra Götaland,3.282337986,0.088806507,0.84,0.22,4411.0,,,,,,,,,,,,,,,,,,,,,,,,,8.45868313613169,65.64675972,1.7761301400000002,,52.875,0.851,42.938,0.691,66.188,1.065,22.312,0.359,0.42938,0.691,0.99282,1.5975,0.5578,0.8975,5.166,5.484375,0.0882439282950058,90.28125,1.4526308196254805,0.082265625,0.1323658924425086,3.15984375,5.084207868689182,8.45868313613169,219464,,,0.0805318791914674,Information
244750,16086.0,27216.12605,SWE,Sweden,Kalmar,3.14421071,0.980850915,0.84,0.22,16086.0,,,,,,,,,,,,,,,,,,,,,,,,,45.59212001409842,62.8842142,19.6170183,,13.062,0.048,12.5,0.046,4.375,0.016,2.375,0.009,0.125,0.046,0.065625,0.024,0.059375,0.0225,0.3425,214.3125,0.7874467497832509,860.765625,3.16270443269244,3.2146875,1.1811701246748765,30.126796875,11.06946551442354,45.59212001409842,638479,,,0.5814844500756464,Advisory
244209,4364.0,1566.147331,NOR,Norway,Troms,0.004604146,0.0,0.84,0.22,4364.0,,,,,,,,,,,,,,,,,,,,,,,,,11.740570685332294,0.09208292,0.0,,0.062,0.004,0.0,0.0,0.0,0.0,1.625,0.104,0.0,0.0,0.0,0.0,0.040625,0.26,0.300625,0.0,0.0,45.421875,2.9002300172377984,0.0,0.0,1.589765625,10.150805060332294,11.740570685332294,0,,,0.0161290166185277,Information
251010,4412.0,223.9361832,NOR,Norway,Ãstfold,4.014624238,0.0,0.84,0.22,4412.0,,,,,,,,,,,,,,,,,,,,,,,,,27.671561298812627,80.29248476,0.0,3.0,5.188,2.317,4.25,1.898,4.438,1.982,0.625,0.279,0.0425,1.898,0.06657,2.973,0.015625,0.6975,5.693194999999999,2.671875,1.1931412608525287,16.171875,7.221644473581096,0.040078125,1.789711891278793,0.566015625,25.27575565753384,27.671561298812627,14414,269.0,1.87,0.6328477380380819,Watch
251021,4413.0,3614.130246,NOR,Norway,Akershus,2.384675274,0.0,0.84,0.22,4413.0,4413.0,0.0,5.0,3.0,2.0,-9999.0,0.0,6.0,0.3,0.2,-999.9,-1986.8,0.0,0.0,0.0,0.0,0.0,0.0,0.0,0.0,0.0,0.0,0.0,-1986.8,17.144477279909644,47.69350548,0.0,,14.688,0.406,13.562,0.375,6.125,0.169,3.75,0.104,0.13562,0.375,0.091875,0.2535,0.09375,0.26,1.209745,12.375,0.3424060329467167,124.734375,3.45129717299702,0.185625,0.513609049420075,4.365703125,12.07954010548957,17.144477279909644,398002,,,0.1323300064855874,Information
251022,4414.0,17741.55129,NOR,Norway,Oppland,3.025232967,0.0,0.84,0.22,4414.0,4414.0,0.0,1.0,-9999.0,-9999.0,-9999.0,0.0,10.0,-999.9,-999.9,-999.9,-5979.4,0.0,0.0,0.0,0.0,0.0,0.0,0.0,0.0,0.0,0.0,0.0,-5979.4,9.219907196703783,60.50465934,0.0,,48.812,0.275,36.75,0.207,18.688,0.105,4.312,0.024,0.3675,0.207,0.2803199999999999,0.1575,0.1078,0.06,1.18012,10.828125,0.0610325716423065,163.828125,0.923414882640093,0.162421875,0.0915488574634597,5.733984375,3.231952089240325,9.219907196703783,260979,,,0.0728598635264763,Information
251023,4415.0,6308.298946,NOR,Norway,Hedmark,3.504835411,0.0,0.84,0.22,4415.0,4415.0,0.0,4.0,2.0,-9999.0,-9999.0,0.0,7.0,0.2,-999.9,-999.9,-3986.2,0.0,0.0,0.0,0.0,0.0,0.0,0.0,0.0,0.0,0.0,0.0,-3986.2,7.5708378262174225,70.09670822000001,0.0,,,,,,,,,,,,,,,,,13.78125,0.218462221233761,77.765625,1.232751105533366,0.20671875,0.3276933318506415,2.721796875,4.314628869366781,7.5708378262174225,72418,,,0.0847728802986369,Information
251028,4420.0,1808.981778,NOR,Norway,Hedmark,3.065593529,0.0,0.84,0.22,4420.0,,,,,,,,,,,,,,,,,,,,,,,,,1.1827299999999998,61.31187058,0.0,,18.125,1.002,9.375,0.518,5.312,0.294,0.312,0.017,0.09375,0.518,0.07968,0.4409999999999999,0.0078,0.0425,1.1827299999999998,0.0,0.0,2.953125,0.163247913044191,0.0,0.0,0.103359375,0.5713676956546685,0.6747270706546685,2013,,,0.000243590370505,Information
251030,4422.0,3252.246619,NOR,Norway,Akershus,2.902377202,0.0,0.84,0.22,4422.0,,,,,,,,,,,,,,,,,,,,,,,,,27.00062739764004,58.04754404,0.0,,31.125,0.957,27.125,0.834,11.375,0.35,10.25,0.315,0.27125,0.834,0.170625,0.5249999999999999,0.25625,0.7875,2.844625,26.015625,0.7999278052978368,178.171875,5.478424482769509,0.390234375,1.1998917079467553,6.236015625,19.17448568969328,27.00062739764004,1173289,,,0.3297234706897358,Information
251040,4423.0,17227.79616,NOR,Norway,Buskerud,3.227850096,0.0,0.84,0.22,4423.0,4423.0,0.0,10.0,7.0,2.0,2.0,0.0,1.0,0.7,0.2,0.2,4.2,0.0,0.0,0.0,0.0,0.0,0.0,0.0,0.0,0.0,0.0,0.0,4.2,10.334709046189912,64.55700192,0.0,,113.625,0.66,92.25,0.535,43.688,0.254,17.562,0.102,0.9225,0.535,0.6553200000000001,0.381,0.43905,0.255,3.18787,68.765625,0.3991550884057778,157.359375,0.9134039753089274,1.031484375,0.5987326326086667,5.507578125,3.1969139135812457,10.334709046189912,233358,,,0.1088965503849929,Information
251050,4424.0,7756.744098,NOR,Norway,Telemark,3.387047837,3.003212702,0.84,0.22,4424.0,,,,,,,,,,,,,,,,,,,,,,,,,26.74501804676224,67.74095674,60.06425404,,134.438,1.733,109.312,1.409,45.562,0.587,23.75,0.306,1.09312,1.409,0.6834299999999999,0.8805,0.59375,0.765,5.424799999999999,89.15625,1.1494030081424236,295.59375,3.810796724156742,1.33734375,1.7241045122136354,10.34578125,13.337788534548595,26.74501804676224,318409,,,0.4256538329477948,Advisory
251060,4425.0,11134.26443,NOR,Norway,Telemark,3.405069443,0.0,0.84,0.22,4425.0,,,,,,,,,,,,,,,,,,,,,,,,,8.54291278564556,68.10138886,0.0,,151.312,1.359,136.188,1.223,41.125,0.369,14.0,0.126,1.36188,1.223,0.616875,0.5535,0.35,0.315,4.420255,50.34375,0.4521515571039247,107.015625,0.9611378071399068,0.75515625,0.678227335655887,3.745546875,3.363982324989674,8.54291278564556,130448,,,0.0938421655976777,Information
251073,4427.0,2456.665626,NOR,Norway,Aust-Agder,3.461103482,0.045446424,0.84,0.22,4427.0,,,,,,,,,,,,,,,,,,,,,,,,,13.619201969321525,69.22206964,0.90892848,,5.188,0.211,3.812,0.155,3.312,0.135,5.125,0.209,0.03812,0.155,0.04968,0.2025,0.128125,0.5225,1.095925,8.4375,0.3434533341148123,73.125,2.9765955623283733,0.1265625,0.5151800011722185,2.559375,10.418084468149306,13.619201969321525,86192,,,0.2074453886617271,Information
251074,4428.0,3797.018578,NOR,Norway,Aust-Agder,3.669341277,0.0,0.84,0.22,4428.0,,,,,,,,,,,,,,,,,,,,,,,,,5.651453901829135,73.38682554,0.0,,4.062,0.107,3.312,0.087,0.25,0.007,0.0,0.0,0.03312,0.087,0.00375,0.0105,0.0,0.0,0.13437,20.671875,0.5444238572051383,35.578125,0.9370016045775508,0.310078125,0.8166357858077075,1.245234375,3.2795056160214275,5.651453901829135,30151,,,0.0606315623634497,Information
251097,4439.0,5501.200935,NOR,Norway,Nordland,3.225996046,3.962007309,0.84,0.22,4439.0,,,,,,,,,,,,,,,,,,,,,,,,,55.20544187222133,64.51992092,79.24014618,3.0,0.0,0.0,0.0,0.0,0.0,0.0,6.688,0.122,0.0,0.0,0.0,0.0,0.1672,0.305,0.4721999999999999,11.671875,0.2121695814808874,563.203125,10.237821371457285,0.175078125,0.3182543722213311,19.712109375,35.0,55.20544187222133,20270,1619.0,7.99,0.8359728571454401,Warning
251099,4441.0,20266.10846,NOR,Norway,Nordland,3.1886494,2.529238098,0.84,0.22,4441.0,,,,,,,,,,,,,,,,,,,,,,,,,81.61798812842028,63.772988,50.58476196,3.0,0.0,0.0,0.0,0.0,1.125,0.006,97.875,0.483,0.0,0.0,0.016875,0.009,2.446875,1.2075,3.68025,518.625,2.559075418946852,2160.0,10.658188295830705,7.779375,3.8386131284202776,35.0,35.0,81.61798812842028,183629,21221.0,11.56,0.7916743687162127,Warning
252101,4442.0,54.9436971,NOR,Norway,Troms,3.668972802,0.0,0.84,0.22,4442.0,,,,,,,,,,,,,,,,,,,,,,,,,33.841534875432785,73.37945604,0.0,,0.0,0.0,0.0,0.0,0.0,0.0,0.062,0.114,0.0,0.0,0.0,0.0,0.00155,0.285,0.28655,1.828125,3.3272697262785265,4.5,8.190202403147142,0.027421875,4.99090458941779,0.1575,28.665708411015,33.841534875432785,69,,,0.5948370592224338,Advisory
252102,4443.0,4641.861077,NOR,Norway,Troms,3.130114486,0.0,0.84,0.22,4443.0,,,,,,,,,,,,,,,,,,,,,,,,,9.907238900878085,62.60228972,0.0,,0.0,0.0,0.0,0.0,0.0,0.0,1.938,0.042,0.0,0.0,0.0,0.0,0.04845,0.105,0.15345,8.578125,0.1847992617320631,86.0625,1.854051609508568,0.128671875,0.2771988925980946,3.0121875,6.489180633279988,9.907238900878085,11250,,,0.0920322801388801,Information
252103,4444.0,16281.11132,NOR,Norway,Troms,2.908782629,1.443935623,0.84,0.22,4444.0,,,,,,,,,,,,,,,,,,,,,,,,,54.803015456880274,58.175652580000005,28.87871246,3.0,2.25,0.014,1.5,0.009,10.125,0.062,244.375,1.501,0.015,0.009,0.151875,0.093,6.109375,3.7525,10.13075,338.90625,2.081591626585128,824.765625,5.065782112000737,5.08359375,3.1223874398776923,28.866796875,17.73023739200258,54.803015456880274,97612,9092.0,9.31,0.6065224109188203,Watch
252104,4445.0,9040.272739,NOR,Norway,Finnmark,3.159168682,0.0,0.84,0.22,4445.0,,,,,,,,,,,,,,,,,,,,,,,,,19.100579532585225,63.18337364,0.0,,22.688,0.251,6.188,0.068,0.438,0.005,7.75,0.086,0.06188,0.068,0.00657,0.0075,0.19375,0.2149999999999999,0.5527,5.765625,0.0637771134417729,256.640625,2.8388593178350177,0.086484375,0.0956656701626593,8.982421875,9.936007612422562,19.100579532585225,13418,,,0.2558377947457758,Information
251075,16089.0,70071.05273,NOR,Norway,Sogn og Fjordane,3.650641425,1.851725867,0.84,0.22,16089.0,,,,,,,,,,,,,,,,,,,,,,,,,43.09007330273886,73.0128285,37.03451734,3.0,481.312,0.687,433.0,0.618,131.5,0.188,23.0,0.033,4.33,0.618,1.9725,0.282,0.575,0.0825,7.86,335.8125,0.4792456897982621,933.46875,1.3321745765832762,5.0371875,0.7188685346973931,32.67140625,4.662611018041467,43.09007330273886,1513118,20231.0,1.34,0.6800830435521195,Watch
252105,16091.0,17665.05898,NOR,Norway,Finnmark,3.08118957,3.011952528,0.84,0.22,16091.0,,,,,,,,,,,,,,,,,,,,,,,,,70.23912559371801,61.6237914,60.23905056,3.0,31.438,0.178,16.562,0.094,36.75,0.208,111.75,0.633,0.16562,0.094,0.55125,0.312,2.79375,1.5825,5.49912,230.765625,1.3063393975203543,1504.96875,8.519466320696424,3.461484375,1.9595090962805315,35.0,29.818132122437483,70.23912559371801,23238,1811.0,7.79,0.7272336646760849,Watch
271020,4611.0,3660.817665,ISL,Iceland,Vesturland,2.064023789,2.002416497,0.85,0.21,4611.0,4611.0,1.0,13.0,37.0,-9999.0,-9999.0,3.0,1.0,3.7,-999.9,-999.9,-3984.2,0.0,0.0,0.0,0.0,0.0,0.0,0.0,0.0,0.0,0.0,0.0,-3984.2,53.10627,41.28047578,40.04832994,,308.562,8.429,220.5,6.023,325.188,8.883,285.938,7.811,2.205,6.023,4.87782,13.3245,7.14845,19.5275,53.10627,260.859375,7.125713403154483,241.453125,6.595606422219003,3.912890625,10.688570104731724,8.450859375,23.08462247776651,46.13694258249824,1006,,,0.4599827091917382,Advisory
271032,4612.0,2614.881991,ISL,Iceland,Norðurland vestra,3.426187693,0.0,0.85,0.21,4612.0,,,,,,,,,,,,,,,,,,,,,,,,,76.74375,68.52375386,0.0,2.0,538.938,20.61,516.062,19.736,593.562,22.699,507.188,19.396,5.16062,10.0,8.90343,15.0,12.6797,25.0,76.74375,445.21875,17.026341976574138,153.140625,5.8565023412789765,6.67828125,15.0,5.359921875,20.49775819447642,47.53596131947642,867,,,0.8135994578693507,Warning
271033,4613.0,1654.466884,ISL,Iceland,Norðurland vestra,2.119818507,1.227643292,0.85,0.21,4613.0,,,,,,,,,,,,,,,,,,,,,,,,,12.258633940492071,42.39637014,24.55286584,,8.75,0.529,8.0,0.484,8.0,0.484,4.375,0.264,0.08,0.484,0.12,0.726,0.109375,0.66,2.179375,23.484375,1.4194527090401423,39.65625,2.3969201434091025,0.352265625,2.1291790635602137,1.38796875,8.38922050193186,12.258633940492071,3892,,,0.0608888228940929,Information
271034,4614.0,3283.820636,ISL,Iceland,Norðurland vestra,3.02166246,2.521086808,0.85,0.21,4614.0,4614.0,1.0,6.0,49.0,-9999.0,-9999.0,3.0,5.0,4.9,-999.9,-999.9,-3973.8,0.0,0.0,0.0,0.0,0.0,0.0,0.0,0.0,0.0,0.0,0.0,-3973.8,85.619685,60.4332492,50.42173616,2.0,823.875,25.089,778.938,23.72,854.312,26.016,600.625,18.29,7.789379999999999,10.0,12.81468,15.0,15.015625,25.0,85.619685,334.265625,10.179168172552163,223.59375,6.808951364896062,5.013984375,15.0,7.82578125,23.83132977713622,51.67109540213622,28,,,0.7799208958187164,Warning
271035,4615.0,6568.400802,ISL,Iceland,Hálshreppur,4.000944609,0.0,0.85,0.21,4615.0,4615.0,1.0,14.0,39.0,-9999.0,-9999.0,3.0,1.0,3.9,-999.9,-999.9,-3982.6,0.0,0.0,0.0,0.0,0.0,0.0,0.0,0.0,0.0,0.0,0.0,-3982.6,1.189575,80.01889218000001,0.0,,19.438,0.296,10.375,0.158,12.125,0.185,7.438,0.113,0.10375,0.158,0.181875,0.2774999999999999,0.1859499999999999,0.2825,1.189575,6.75,0.1027647399096822,5.625,0.0856372832580685,0.10125,0.1541471098645233,0.196875,0.2997304914032397,0.752002601267763,24563,,,0.0023922844471137,Information
271036,4616.0,3114.491042,ISL,Iceland,Hálshreppur,3.687614247,0.0,0.85,0.21,4616.0,,,,,,,,,,,,,,,,,,,,,,,,,79.15845,73.75228494,0.0,2.0,758.75,24.362,705.375,22.648,608.75,19.546,518.938,16.662,7.05375,10.0,9.13125,15.0,12.97345,25.0,79.15845,77.0625,2.474320810665392,26.859375,0.8624001365640326,1.1559375,3.711481215998088,0.940078125,3.0184004779741143,8.825897318972203,379,,,0.8651757969232239,Warning
271038,4618.0,2957.897177,ISL,Iceland,Hálshreppur,2.110444786,0.0,0.85,0.21,4618.0,4618.0,1.0,14.0,33.0,-9999.0,-9999.0,3.0,1.0,3.3,-999.9,-999.9,-3985.0,0.0,0.0,0.0,0.0,0.0,0.0,0.0,0.0,0.0,0.0,0.0,-3985.0,27.95622219481904,42.20889572,0.0,,251.312,8.496,221.75,7.497,39.062,1.321,2.125,0.072,2.2175,7.497,0.58593,1.9815,0.053125,0.18,12.515054999999998,145.546875,4.920619829029904,119.953125,4.055351414649765,2.183203125,7.380929743544856,4.198359375,14.19372995127418,27.95622219481904,748,,,0.2338595984286959,Information
271039,4619.0,1225.645766,ISL,Iceland,Hálshreppur,2.584942821,0.0,0.85,0.21,4619.0,,,,,,,,,,,,,,,,,,,,,,,,,7.470280221922301,51.69885642,0.0,,4.5,0.367,4.438,0.362,1.312,0.107,0.0,0.0,0.0443799999999999,0.362,0.01968,0.1605,0.0,0.0,0.58656,16.3125,1.3309310443844602,16.3125,1.3309310443844602,0.2446875,1.9963965665766903,0.5709375,4.658258655345611,7.470280221922301,1479,,,0.0309841338016751,Information
271051,4621.0,6548.509875,ISL,Iceland,Hálshreppur,2.675074975,1.217991587,0.85,0.21,4621.0,,,,,,,,,,,,,,,,,,,,,,,,,4.688945,53.5014995,24.35983174,,151.5,2.314,112.062,1.711,37.875,0.578,6.688,0.102,1.12062,1.711,0.568125,0.867,0.1672,0.255,4.688945,8.15625,0.1245512361646422,6.328125,0.096634579782912,0.12234375,0.1868268542469633,0.221484375,0.338221029240192,0.8688760084871552,2002,,,0.01088914913898,Information
271052,4622.0,3583.908001,ISL,Iceland,Austurland,3.271809334,0.0,0.85,0.21,4622.0,4622.0,1.0,30.0,41.0,7.0,2.0,3.0,1.0,4.1,0.7,0.2,17.999999999999996,0.0,0.0,0.0,0.0,0.0,0.0,0.0,0.0,0.0,0.0,0.0,17.999999999999996,39.942625,65.43618667999999,0.0,,545.5,15.221,332.75,9.285,319.25,8.908,96.875,2.703,3.3275,9.285,4.78875,13.361999999999998,2.421875,6.757499999999999,39.942625,23.90625,0.6670441872408845,22.921875,0.639577661883907,0.35859375,1.0005662808613267,0.802265625,2.2385218165936744,4.3999474724550005,382,,,0.5575011688564679,Advisory
271054,4624.0,3318.184923,ISL,Iceland,Austurland,3.798764949,0.0,0.85,0.21,4624.0,,,,,,,,,,,,,,,,,,,,,,,,,3.1331299999999995,75.97529898,0.0,,54.812,1.652,38.875,1.172,15.812,0.477,6.188,0.186,0.38875,1.172,0.23718,0.7155,0.1546999999999999,0.4649999999999999,3.1331299999999995,8.015625,0.2415665547869673,7.59375,0.2288525255876533,0.120234375,0.3623498321804509,0.26578125,0.8009838395567865,1.5493492967372375,3872,,,0.0208225155835264,Information
271055,4625.0,7956.47443,ISL,Iceland,Austurland,3.246115904,4.00330979,0.85,0.21,4625.0,,,,,,,,,,,,,,,,,,,,,,,,,33.47754809927593,64.92231808,80.0661958,3.0,310.688,3.905,296.188,3.723,235.25,2.957,303.875,3.819,2.96188,3.723,3.52875,4.435499999999999,7.596875,9.5475,31.793505,161.71875,2.0325428231897726,354.515625,4.4556873541403625,2.42578125,3.048814234784659,12.408046875,15.594905739491267,33.47754809927593,7691,16.0,0.21,0.6979306266157213,Watch
271056,4626.0,1698.799821,ISL,Iceland,Austurland,4.016189178,0.0,0.85,0.21,4626.0,,,,,,,,,,,,,,,,,,,,,,,,,19.97356540223199,80.32378356000001,0.0,,18.5,1.089,18.312,1.078,6.312,0.372,15.312,0.901,0.18312,1.078,0.09468,0.558,0.3828,2.2525,4.5491,9.28125,0.5463415928714236,78.890625,4.643903539407101,0.13921875,0.8195123893071354,2.761171875,16.253662387924855,19.97356540223199,26,,,0.5059835309893869,Advisory
271057,4627.0,3397.507314,ISL,Iceland,Suðurland,2.033022344,0.0,0.85,0.21,4627.0,,,,,,,,,,,,,,,,,,,,,,,,,100.0,40.66044688,0.0,2.0,1804.25,53.105,1798.5,52.936,1541.5,45.371,1727.0,50.831,10.0,10.0,15.0,15.0,25.0,25.0,100.0,1573.59375,46.31612545549915,2016.703125,59.358315921118255,15.0,15.0,35.0,35.0,100.0,235,,,0.6991279674608218,Warning
271058,4628.0,1801.232533,ISL,Iceland,Suðurland,3.944543597,0.0,0.85,0.21,4628.0,,,,,,,,,,,,,,,,,,,,,,,,,71.58593,78.89087194,0.0,2.0,450.75,25.025,429.625,23.852,398.062,22.099,452.75,25.136,4.29625,10.0,5.970930000000001,15.0,11.31875,25.0,71.58593,357.890625,19.869207253285392,448.03125,24.87359304871012,5.368359375,15.0,15.68109375,35.0,71.049453125,52,,,0.8889935210896854,Warning
271060,4629.0,8296.327106,ISL,Iceland,Suðurland,2.111407032,1.614292826,0.85,0.21,4629.0,,,,,,,,,,,,,,,,,,,,,,,,,100.0,42.22814063999999,32.28585652,2.0,4899.5,59.056,4741.812,57.156,4723.688,56.937,5040.062,60.751,10.0,10.0,15.0,15.0,25.0,25.0,100.0,4201.03125,50.63724219420379,4556.53125,54.92227092376619,15.0,15.0,35.0,35.0,100.0,2994,,,0.7083834790052317,Warning
271070,4630.0,1293.114455,ISL,Iceland,Suðurland,2.236855466,0.0,0.85,0.21,4630.0,,,,,,,,,,,,,,,,,,,,,,,,,58.304609375,44.73710932,0.0,,45.312,3.504,38.062,2.943,33.562,2.595,41.562,3.214,0.3806199999999999,2.943,0.5034299999999999,3.8925,1.03905,8.035,16.793599999999998,144.140625,11.146780123110892,175.5,13.571884481602334,2.162109375,15.0,6.1425,35.0,58.304609375,10787,,,0.5213649149645646,Advisory
271080,4631.0,5782.45767,ISL,Iceland,Suðurland,1.945885714,0.0,0.85,0.21,4631.0,4631.0,1.0,17.0,37.0,2.0,-9999.0,3.0,1.0,3.7,0.2,-999.9,-1983.9,0.0,0.0,0.0,0.0,0.0,0.0,0.0,0.0,0.0,0.0,0.0,-1983.9,45.48155,38.91771428,0.0,,277.188,4.794,244.062,4.221,321.562,5.561,376.0,6.502,2.44062,4.221,4.82343,8.3415,9.4,16.255,45.48155,240.609375,4.16102267792327,275.34375,4.76170800898525,3.609140625,6.241534016884906,9.63703125,16.665978031448375,36.15368392333328,2837,,,0.3840293483565572,Advisory
271090,4632.0,830.2964836,ISL,Iceland,Suðurland,1.665930005,0.0,0.85,0.21,4632.0,,,,,,,,,,,,,,,,,,,,,,,,,57.168359375,33.318600100000005,0.0,,44.875,5.405,40.0,4.818,40.375,4.863,50.625,6.097,0.4,4.818,0.605625,7.294500000000001,1.265625,15.2425,29.62625,135.0,16.259252287382388,146.953125,17.698873583661033,2.025,15.0,5.143359375,35.0,57.168359375,6133,,,0.4388342528411544,Advisory
271010,16098.0,2529.500263,ISL,Iceland,Höfuðborgarsvæði,1.43485961,2.909328365,0.85,0.21,16098.0,,,,,,,,,,,,,,,,,,,,,,,,,53.79918628513328,28.6971922,58.1865673,,19.562,0.773,17.812,0.704,20.688,0.818,73.062,2.888,0.17812,0.704,0.31032,1.227,1.82655,7.22,11.46599,198.421875,7.844311300925494,225.28125,8.906156416784295,2.976328125,11.76646695138824,7.88484375,31.17154745874503,53.79918628513328,265991,,,0.5994951966918042,Advisory
271031,16099.0,18372.26871,ISL,Iceland,Vestfirðir,2.142360913,4.001890141,0.85,0.21,16099.0,,,,,,,,,,,,,,,,,,,,,,,,,23.61582428277704,42.847218260000005,80.03780282,,112.875,0.614,85.188,0.464,190.562,1.037,260.875,1.42,0.85188,0.464,2.85843,1.5555,6.521875,3.55,15.801685,305.15625,1.660961174065581,306.140625,1.6663191133367603,4.57734375,2.4914417610983715,10.714921875,5.832116896678661,23.61582428277704,13409,,,0.5667385161237453,Advisory
271059,16100.0,4016.036961,ISL,Iceland,Suðurland,2.481987992,1.457338921,0.85,0.21,16100.0,16100.0,2.0,3.0,54.0,33.0,2.0,7.0,8.0,5.4,3.3,0.2,47.8,0.0,0.0,0.0,0.0,0.0,0.0,0.0,0.0,0.0,0.0,0.0,47.8,100.0,49.63975984,29.14677842,2.0,1253.5,31.212,1186.25,29.538,1109.812,27.635,1244.375,30.985,10.0,10.0,15.0,15.0,25.0,25.0,100.0,1169.015625,29.10868690786196,1403.296875,34.9423296828527,15.0,15.0,35.0,35.0,100.0,4263,,,0.7536334217163578,Warning
281001,4634.0,72500.39421,TKM,Turkmenistan,Tashauz,3.108714736,0.0,0.51,0.68,4634.0,,,,,,,,,,,,,,,,,,,,,,,,,18.552086371959383,62.17429472,0.0,,40.562,0.056,22.812,0.031,6.562,0.009,4.125,0.006,0.22812,0.031,0.09843,0.0134999999999999,0.103125,0.015,0.489175,3.09375,0.0042672181768324,464.484375,0.6406646199126104,0.04640625,0.0064008272652486,16.256953125,2.2423261696941363,18.552086371959383,3645993,,,0.2381064994661607,Information
281011,4643.0,2235.216872,TKM,Turkmenistan,Balkan,0.394407748,0.0,0.51,0.68,4643.0,,,,,,,,,,,,,,,,,,,,,,,,,1.8820597362628115,7.88815496,0.0,,0.0,0.0,0.0,0.0,0.75,0.034,0.688,0.031,0.0,0.0,0.01125,0.051,0.0171999999999999,0.0775,0.1569499999999999,3.234375,0.1447007241678718,8.4375,0.3774801500031439,0.048515625,0.2170510862518077,0.2953125,1.3211805250110036,1.8820597362628115,40206,,,4.9990752823509085e-05,Information
281013,4645.0,7247.463731,TKM,Turkmenistan,Balkan,3.548440063,0.0,0.51,0.68,4645.0,,,,,,,,,,,,,,,,,,,,,,,,,1.2231764373593388,70.96880126,0.0,,55.188,0.761,14.688,0.203,0.0,0.0,0.0,0.0,0.14688,0.203,0.0,0.0,0.0,0.0,0.34988,3.09375,0.0426873471187563,13.359375,0.1843317261946298,0.04640625,0.0640310206781344,0.467578125,0.6451610416812044,1.2231764373593388,1415,,,0.0007703135844719,Information
281020,4652.0,11436.16616,TKM,Turkmenistan,Ahal,0.110493905,0.0,0.51,0.68,4652.0,,,,,,,,,,,,,,,,,,,,,,,,,1.548592189019197,2.2098781,0.0,,7.0,0.061,4.875,0.043,2.0,0.017,2.812,0.025,0.04875,0.043,0.03,0.0255,0.0702999999999999,0.0625,0.2800499999999999,0.28125,0.002459303196661,23.484375,0.2053518169212016,0.00421875,0.0036889547949915,0.821953125,0.7187313592242056,1.548592189019197,2043059,,,1.6955328611339853e-05,Information
281030,4653.0,2633.690769,TKM,Turkmenistan,Ahal,4.056403227,0.0,0.51,0.68,4653.0,,,,,,,,,,,,,,,,,,,,,,,,,2.880420356911366,81.12806454,0.0,,7.062,0.268,2.625,0.1,0.062,0.002,0.25,0.009,0.02625,0.1,0.0009299999999999,0.003,0.00625,0.0225,0.15893,0.0,0.0,17.15625,0.6514147448318188,0.0,0.0,0.60046875,2.279951606911366,2.880420356911366,0,,,0.0300717823360631,Information
281040,4654.0,17053.77292,TKM,Turkmenistan,Ahal,1.661122776,0.0,0.51,0.68,4654.0,,,,,,,,,,,,,,,,,,,,,,,,,1.3195463478483034,33.22245552,0.0,,3.375,0.02,3.375,0.02,2.25,0.013,1.562,0.009,0.03375,0.02,0.03375,0.0195,0.03905,0.0225,0.16855,0.0,0.0,23.765625,0.1393569922423724,0.0,0.0,0.831796875,0.4877494728483034,1.3195463478483034,259462,,,4.353110729039182e-05,Information
281050,4655.0,7277.219645,TKM,Turkmenistan,Ahal,2.912986674,0.0,0.51,0.68,4655.0,,,,,,,,,,,,,,,,,,,,,,,,,4.685795421115335,58.25973348,0.0,,10.75,0.148,3.75,0.052,0.188,0.003,0.125,0.002,0.0375,0.052,0.00282,0.0045,0.003125,0.005,0.104945,0.0,0.0,56.390625,0.7748924417472385,0.0,0.0,1.973671875,2.712123546115335,4.685795421115335,0,,,0.0143737951509223,Information
281062,4658.0,29112.22463,TKM,Turkmenistan,Mary,2.235662568,0.0,0.51,0.68,4658.0,,,,,,,,,,,,,,,,,,,,,,,,,4.853597571156863,44.71325136,0.0,,60.312,0.207,50.0,0.172,54.062,0.186,49.625,0.17,0.5,0.172,0.8109299999999999,0.279,1.240625,0.425,3.427555,0.0,0.0,103.21875,0.3545546631876752,0.0,0.0,3.61265625,1.2409413211568632,4.853597571156863,676766,,,0.0074910169641505,Information
281064,4660.0,34178.11215,TKM,Turkmenistan,Mary,0.526502538,0.0,0.51,0.68,4660.0,,,,,,,,,,,,,,,,,,,,,,,,,2.703825083444645,10.53005076,0.0,,20.875,0.061,20.062,0.059,4.438,0.013,1.875,0.005,0.20062,0.059,0.06657,0.0195,0.046875,0.0125,0.405065,0.0,0.0,59.765625,0.1748652024127558,0.0,0.0,2.091796875,0.6120282084446453,2.703825083444645,229695,,,0.0002332972798458,Information
281065,4661.0,13653.8695,TKM,Turkmenistan,Mary,2.476787337,0.0,0.51,0.68,4661.0,,,,,,,,,,,,,,,,,,,,,,,,,4.8957500000000005,49.53574674000001,0.0,,65.938,0.483,65.938,0.483,60.188,0.441,50.562,0.37,0.6593800000000001,0.483,0.90282,0.6615,1.26405,0.925,4.8957500000000005,0.0,0.0,78.328125,0.5736697939213993,0.0,0.0,2.741484375,2.0078442787248973,4.7493286537248975,1124527,,,0.0098267563159661,Information
281067,4663.0,1025.075119,TKM,Turkmenistan,Mary,3.829668594,0.0,0.51,0.68,4663.0,,,,,,,,,,,,,,,,,,,,,,,,,5.240728232181219,76.59337188,0.0,,1.688,0.165,1.688,0.165,0.875,0.085,0.0,0.0,0.01688,0.165,0.013125,0.1275,0.0,0.0,0.322505,0.0,0.0,13.921875,1.3581321734803482,0.0,0.0,0.487265625,4.753462607181219,5.240728232181219,83764,,,0.0672540523947229,Information
281070,4666.0,14378.62871,TKM,Turkmenistan,Ahal,3.176879139,0.0,0.51,0.68,4666.0,,,,,,,,,,,,,,,,,,,,,,,,,2.6620307417675693,63.53758278,0.0,,22.5,0.156,22.5,0.156,20.625,0.143,17.875,0.124,0.225,0.156,0.309375,0.2144999999999999,0.446875,0.31,1.66175,0.0,0.0,44.859375,0.3119864619335912,0.0,0.0,1.570078125,1.0919526167675693,2.6620307417675693,336045,,,0.0044328125364439,Information
281603,4691.0,991.3144775,TKM,Turkmenistan,Balkan,0.014562266,0.0,0.51,0.68,4691.0,,,,,,,,,,,,,,,,,,,,,,,,,10.454409384922648,0.29124532,0.0,,4.188,0.422,4.188,0.422,0.0,0.0,0.0,0.0,0.04188,0.422,0.0,0.0,0.0,0.0,0.4638799999999999,0.84375,0.0851142618337597,26.578125,2.681099247763431,0.01265625,0.1276713927506395,0.930234375,9.383847367172008,10.454409384922648,146220,,,0.012059459090677,Information
461305,9053.0,4283.974749,TKM,Turkmenistan,Chardzhou,4.053807053,0.0,0.51,0.68,9053.0,,,,,,,,,,,,,,,,,,,,,,,,,7.187980029111111,81.07614106,0.0,,5.875,0.137,5.875,0.137,3.062,0.071,0.25,0.006,0.05875,0.137,0.04593,0.1064999999999999,0.00625,0.015,0.36943,0.0,0.0,61.59375,1.4377710797460317,0.0,0.0,2.15578125,5.032198779111111,7.187980029111111,9335,,,0.1665188604268919,Information
461308,9056.0,19214.75106,TKM,Turkmenistan,Chardzhou,0.467803197,0.0,0.51,0.68,9056.0,,,,,,,,,,,,,,,,,,,,,,,,,2.4021661342827003,9.35606394,0.0,,13.188,0.069,12.938,0.067,4.125,0.021,1.625,0.008,0.12938,0.067,0.061875,0.0315,0.040625,0.02,0.35038,0.0,0.0,45.140625,0.2349269312236287,0.0,0.0,1.579921875,0.8222442592827005,2.4021661342827003,359149,,,0.0001413990070257,Information
461309,9057.0,741.9288148,TKM,Turkmenistan,Chardzhou,3.518892852,0.0,0.51,0.68,9057.0,,,,,,,,,,,,,,,,,,,,,,,,,22.30462618106023,70.37785704,0.0,,15.312,2.064,15.312,2.064,9.5,1.28,3.0,0.404,0.15312,2.064,0.1425,1.92,0.075,1.01,5.36462,0.0,0.0,44.015625,5.932594087445779,0.0,0.0,1.540546875,20.76407930606023,22.30462618106023,127025,,,0.3883094001453884,Advisory
461500,9067.0,224.3988676,TKM,Turkmenistan,Chardzhou,1.007876044,0.0,0.51,0.68,9067.0,,,,,,,,,,,,,,,,,,,,,,,,,11.43715161901672,20.15752088,0.0,,1.125,0.501,1.125,0.501,0.812,0.362,0.25,0.111,0.01125,0.501,0.01218,0.5429999999999999,0.00625,0.2775,1.35118,0.0,0.0,7.171875,3.1960388554333488,0.0,0.0,0.251015625,11.18613599401672,11.43715161901672,421368,,,0.0259966807260494,Information
461602,9070.0,4608.07665,TKM,Turkmenistan,Chardzhou,1.051654921,0.0,0.51,0.68,9070.0,,,,,,,,,,,,,,,,,,,,,,,,,3.916315268607353,21.03309842,0.0,,2.25,0.049,2.062,0.045,1.062,0.023,0.062,0.001,0.02062,0.045,0.01593,0.0345,0.00155,0.0025,0.1201,0.0,0.0,35.296875,0.7659784696021008,0.0,0.0,1.235390625,2.680924643607353,3.916315268607353,109838,,,0.0013328128467006,Information
461710,9078.0,904.1727844,TKM,Turkmenistan,Chardzhou,1.717514016,0.0,0.51,0.68,9078.0,,,,,,,,,,,,,,,,,,,,,,,,,23.1492263167978,34.35028032,0.0,,22.938,2.537,22.938,2.537,21.25,2.35,9.625,1.065,0.22938,2.537,0.31875,3.5250000000000004,0.240625,2.6625,9.513255,0.0,0.0,54.84375,6.0656271619422295,0.0,0.0,1.91953125,21.2296950667978,23.1492263167978,145458,,,0.148619628081579,Information
461721,9080.0,6348.593623,TKM,Turkmenistan,Chardzhou,4.000564243,0.0,0.51,0.68,9080.0,,,,,,,,,,,,,,,,,,,,,,,,,19.645593257027752,80.01128486,0.0,,2.062,0.032,1.438,0.023,2.438,0.038,4.25,0.067,0.0143799999999999,0.023,0.03657,0.0569999999999999,0.10625,0.1675,0.4046999999999999,0.0,0.0,217.96875,3.433339144865072,0.0,0.0,7.62890625,12.016687007027752,19.645593257027752,34085,,,0.4930927314134663,Advisory
461730,9089.0,18907.60737,TKM,Turkmenistan,Chardzhou,1.886455331,0.0,0.51,0.68,9089.0,9089.0,0.0,29.0,29.0,5.0,2.0,0.0,1.0,2.9,0.5,0.2,9.2,0.0,0.0,0.0,0.0,0.0,0.0,0.0,0.0,0.0,0.0,0.0,9.2,14.613538142787789,37.72910662,0.0,,25.812,0.137,25.562,0.135,26.188,0.139,23.375,0.124,0.25562,0.135,0.3928199999999999,0.2085,0.584375,0.31,1.886315,0.0,0.0,273.09375,1.4443591122250818,0.0,0.0,9.55828125,5.055256892787787,14.613538142787789,1385703,,,0.0735926172883788,Information
461750,9091.0,9017.045878,TKM,Turkmenistan,Chardzhou,3.785547811,0.0,0.51,0.68,9091.0,,,,,,,,,,,,,,,,,,,,,,,,,12.394062489593086,75.71095622,0.0,,11.0,0.122,10.688,0.119,3.5,0.039,14.062,0.156,0.10688,0.119,0.0525,0.0584999999999999,0.35155,0.39,1.07843,0.0,0.0,167.90625,1.8620982113123103,0.0,0.0,5.87671875,6.517343739593086,12.394062489593086,306131,,,0.2505347718266656,Information
461040,9030.0,26706.83627,UZB,Uzbekistan,Navoi,0.256137322,0.0,0.54,0.64,9030.0,,,,,,,,,,,,,,,,,,,,,,,,,0.805011439578949,5.12274644,0.0,,39.5,0.148,38.312,0.143,0.312,0.001,0.0,0.0,0.3831199999999999,0.143,0.00468,0.0015,0.0,0.0,0.5322999999999999,0.0,0.0,16.734375,0.0626595184511283,0.0,0.0,0.585703125,0.219308314578949,0.805011439578949,68909,,,9.234976537695284e-07,Information
461050,9031.0,13334.28348,UZB,Uzbekistan,Navoi,0.777198888,0.0,0.54,0.64,9031.0,,,,,,,,,,,,,,,,,,,,,,,,,1.5158912060934155,15.54397776,0.0,,6.688,0.05,5.938,0.045,5.125,0.038,2.562,0.019,0.0593799999999999,0.045,0.076875,0.0569999999999999,0.06405,0.0475,0.349805,0.0,0.0,24.75,0.1856117731695473,0.0,0.0,0.86625,0.6496412060934156,1.5158912060934155,8782,,,2.9070992124913912e-05,Information
461070,9033.0,13365.88546,UZB,Uzbekistan,Bukhoro,3.919556886,0.0,0.54,0.64,9033.0,,,,,,,,,,,,,,,,,,,,,,,,,2.426410051721464,78.39113772,0.0,,21.438,0.16,21.25,0.159,11.125,0.083,6.562,0.049,0.2125,0.159,0.166875,0.1245,0.16405,0.1225,0.9494250000000002,0.0,0.0,39.65625,0.2966975147775612,0.0,0.0,1.38796875,1.0384413017214642,2.426410051721464,593596,,,0.0143825554469583,Information
461102,9036.0,37710.1574,UZB,Uzbekistan,Karakalpakstan,4.114536541,0.0,0.54,0.64,9036.0,,,,,,,,,,,,,,,,,,,,,,,,,5.529629709008628,82.29073082,0.0,,26.062,0.069,17.875,0.047,4.0,0.011,0.438,0.001,0.17875,0.047,0.06,0.0165,0.01095,0.0025,0.3157,0.0,0.0,124.875,0.3311442025738934,0.0,0.0,4.370625,1.1590047090086268,5.529629709008628,685759,,,0.1222186254238774,Information
461208,9046.0,1898.991103,UZB,Uzbekistan,Karakalpakstan,2.176893292,0.0,0.54,0.64,9046.0,,,,,,,,,,,,,,,,,,,,,,,,,6.754013190289186,43.53786584,0.0,,6.188,0.326,3.312,0.174,0.875,0.046,0.188,0.01,0.03312,0.174,0.013125,0.069,0.0046999999999999,0.025,0.318945,0.0,0.0,30.796875,1.6217493043683389,0.0,0.0,1.077890625,5.676122565289186,6.754013190289186,67860,,,0.0168587776620647,Information
461209,9047.0,7459.73551,UZB,Uzbekistan,Karakalpakstan,3.362030657,0.0,0.54,0.64,9047.0,,,,,,,,,,,,,,,,,,,,,,,,,26.87074839581951,67.24061314,0.0,,126.25,1.692,94.812,1.271,41.938,0.562,62.812,0.842,0.94812,1.271,0.62907,0.8430000000000001,1.5703,2.105,7.366490000000001,2.8125,0.0377024091029385,326.8125,4.381019937761458,0.0421875,0.0565536136544077,11.4384375,15.333569782165103,26.87074839581951,361823,,,0.4214633569640709,Advisory
461302,9050.0,5189.098864,UZB,Uzbekistan,Karakalpakstan,3.339784105,0.0,0.54,0.64,9050.0,,,,,,,,,,,,,,,,,,,,,,,,,0.14112,66.79568210000001,0.0,,4.875,0.094,4.812,0.093,0.0,0.0,0.0,0.0,0.04812,0.093,0.0,0.0,0.0,0.0,0.14112,0.0,0.0,0.984375,0.0189700567638702,0.0,0.0,0.034453125,0.0663951986735457,0.1008483236735457,703,,,2.3696403800929472e-08,Information
461303,9051.0,15777.75179,UZB,Uzbekistan,Karakalpakstan,3.072578436,0.0,0.54,0.64,9051.0,,,,,,,,,,,,,,,,,,,,,,,,,30.10692064873348,61.45156872,0.0,,125.312,0.794,115.0,0.729,58.188,0.369,30.688,0.194,1.15,0.729,0.8728200000000002,0.5535,0.7672,0.485,4.557520000000001,0.0,0.0,526.5,3.3369773282095663,0.0,0.0,18.4275,11.679420648733482,30.10692064873348,971436,,,0.4023920691102546,Advisory
461306,9054.0,3237.284174,UZB,Uzbekistan,Bukhoro,0.389611078,0.0,0.54,0.64,9054.0,,,,,,,,,,,,,,,,,,,,,,,,,4.004992658779076,7.79222156,0.0,,5.812,0.18,4.938,0.153,5.438,0.168,1.75,0.054,0.04938,0.153,0.08157,0.252,0.04375,0.135,0.7147,0.0,0.0,27.984375,0.8644398667940218,0.0,0.0,0.979453125,3.0255395337790763,4.004992658779076,25045,,,0.0008548791833761,Information
461307,9055.0,2548.988229,UZB,Uzbekistan,Bukhoro,3.51490137,0.0,0.54,0.64,9055.0,,,,,,,,,,,,,,,,,,,,,,,,,5.064280448683345,70.2980274,0.0,,10.25,0.402,10.25,0.402,6.625,0.26,2.688,0.105,0.1025,0.402,0.099375,0.39,0.0672,0.2625,1.323575,0.0,0.0,29.390625,1.1530310210523844,0.0,0.0,1.028671875,4.035608573683345,5.064280448683345,94552,,,0.038446820731371,Information
461600,9068.0,851.017301,UZB,Uzbekistan,Kashkadarya,0.003392487,0.0,0.54,0.64,9068.0,,,,,,,,,,,,,,,,,,,,,,,,,7.656362317434321,0.06784974,0.0,,1.188,0.14,1.188,0.14,1.062,0.125,0.375,0.044,0.01188,0.14,0.01593,0.1875,0.009375,0.1099999999999999,0.474685,0.0,0.0,17.15625,2.01596959069552,0.0,0.0,0.60046875,7.055893567434321,7.656362317434321,2978,,,0.0051002927761235,Information
461601,9069.0,470.9057662,UZB,Uzbekistan,Bukhoro,4.001701349,0.0,0.54,0.64,9069.0,,,,,,,,,,,,,,,,,,,,,,,,,4.705971342271718,80.03402698000001,0.0,,1.25,0.265,1.25,0.265,1.062,0.226,0.688,0.146,0.0125,0.265,0.01593,0.339,0.0171999999999999,0.365,1.01463,0.0,0.0,6.046875,1.2840944906490623,0.0,0.0,0.211640625,4.494330717271718,4.705971342271718,32484,,,0.0742012408122419,Information
461604,9072.0,32409.41481,UZB,Uzbekistan,Kashkadarya,2.133104026,0.0,0.54,0.64,9072.0,,,,,,,,,,,,,,,,,,,,,,,,,6.46629305383382,42.66208052,0.0,,19.688,0.061,18.688,0.058,17.812,0.055,19.25,0.059,0.18688,0.058,0.26718,0.0825,0.48125,0.1475,1.22331,0.0,0.0,141.1875,0.435637301095377,0.0,0.0,4.9415625,1.5247305538338196,6.46629305383382,2957059,,,0.0145415174151659,Information
461606,9074.0,7540.569617,UZB,Uzbekistan,Samarkand,1.424918918,0.0,0.54,0.64,9074.0,,,,,,,,,,,,,,,,,,,,,,,,,2.528608352583327,28.49837836,0.0,,4.0,0.053,3.812,0.051,3.875,0.051,4.5,0.06,0.03812,0.051,0.058125,0.0765,0.1125,0.15,0.486245,1.265625,0.0167842094738032,30.515625,0.404685939535035,0.018984375,0.0251763142107048,1.068046875,1.4164007883726226,2.528608352583327,1099270,,,0.0004158088417306,Information
461607,9075.0,9578.621087,UZB,Uzbekistan,Samarkand,3.117631267,0.0,0.54,0.64,9075.0,,,,,,,,,,,,,,,,,,,,,,,,,6.599537893708771,62.35262534,0.0,,1.5,0.016,1.5,0.016,0.812,0.008,1.188,0.012,0.015,0.016,0.01218,0.012,0.0296999999999999,0.03,0.1148799999999999,0.0,0.0,92.25,0.9630822553453632,0.0,0.0,3.22875,3.370787893708771,6.599537893708771,3001562,,,0.0408186925346384,Information
461771,9093.0,1152.186021,UZB,Uzbekistan,Surkhandarya,2.092071442,0.0,0.54,0.64,9093.0,,,,,,,,,,,,,,,,,,,,,,,,,14.577713455583446,41.84142884,0.0,,6.938,0.602,6.938,0.602,4.25,0.369,3.375,0.293,0.06938,0.602,0.06375,0.5535,0.084375,0.7324999999999999,2.105505,0.0,0.0,43.03125,3.734748487309556,0.0,0.0,1.50609375,13.071619705583446,14.577713455583446,75495,,,0.0832283252559247,Information
461773,9095.0,1609.155443,UZB,Uzbekistan,Surkhandarya,3.533826056,0.0,0.54,0.64,9095.0,,,,,,,,,,,,,,,,,,,,,,,,,14.77156596510213,70.67652112,0.0,,4.5,0.28,4.5,0.28,2.0,0.124,1.562,0.097,0.045,0.28,0.03,0.186,0.03905,0.2425,0.8225499999999999,0.0,0.0,58.5,3.635447418600609,0.0,0.0,2.0475,12.724065965102133,14.77156596510213,495747,,,0.2464560706121387,Information
461774,9096.0,13518.06888,UZB,Uzbekistan,Surkhandarya,2.525469635,0.0,0.54,0.64,9096.0,,,,,,,,,,,,,,,,,,,,,,,,,2.247132593711186,50.5093927,0.0,,14.5,0.107,13.312,0.098,13.812,0.102,13.438,0.099,0.13312,0.098,0.20718,0.153,0.3359499999999999,0.2475,1.17475,0.140625,0.001040274326305,36.84375,0.2725518734919225,0.002109375,0.0015604114894575,1.28953125,0.9539315572217288,2.247132593711186,2141520,,,0.0009936360284474,Information
461775,9097.0,3142.571812,UZB,Uzbekistan,Surkhandarya,4.037295578,0.0,0.54,0.64,9097.0,,,,,,,,,,,,,,,,,,,,,,,,,11.321094546076456,80.74591156,0.0,,10.125,0.322,10.125,0.322,3.875,0.123,2.625,0.084,0.10125,0.322,0.058125,0.1845,0.065625,0.21,0.9415,0.0,0.0,77.34375,2.461160941736131,0.0,0.0,2.70703125,8.614063296076457,11.321094546076456,78489,,,0.297690102764451,Information
462161,9152.0,965.6727249,UZB,Uzbekistan,Jizzakh,1.948770155,0.0,0.54,0.64,9152.0,,,,,,,,,,,,,,,,,,,,,,,,,24.487904942183505,38.9754031,0.0,,2.125,0.22,1.75,0.181,1.0,0.104,2.0,0.207,0.0175,0.181,0.015,0.156,0.05,0.5175,0.937,11.53125,1.1941157394907385,56.671875,5.8686419879849705,0.17296875,1.7911736092361077,1.983515625,20.5402469579474,24.487904942183505,13026,,,0.1805955823263589,Information
462162,9153.0,8945.032503,UZB,Uzbekistan,Sirdaryo,3.574784891,0.0,0.54,0.64,9153.0,,,,,,,,,,,,,,,,,,,,,,,,,32.44765161590706,71.49569782,0.0,,15.812,0.177,15.625,0.175,21.5,0.24,16.938,0.189,0.15625,0.175,0.3225,0.36,0.42345,0.4725,1.9097,67.5,0.7546087728335756,408.796875,4.570099380473343,1.0125,1.1319131592503635,14.307890625,15.9953478316567,32.44765161590706,1137190,,,0.551547883475845,Advisory
462163,9154.0,58.52841615,UZB,Uzbekistan,Jizzakh,3.40467265,0.0,0.54,0.64,9154.0,,,,,,,,,,,,,,,,,,,,,,,,,49.98450063635413,68.09345300000001,0.0,3.0,2.125,3.631,1.625,2.776,2.375,4.058,2.375,4.058,0.01625,2.776,0.035625,6.087,0.059375,10.145,19.11925,5.484375,9.370448340902753,24.1875,41.32607986244291,0.082265625,14.055672511354128,0.8465625,35.0,49.98450063635413,0,0.0,0.0,0.6732487318473804,Watch
462164,9155.0,1118.690345,UZB,Uzbekistan,Jizzakh,1.079838536,0.0,0.54,0.64,9155.0,,,,,,,,,,,,,,,,,,,,,,,,,8.812342577478315,21.59677072,0.0,,1.0,0.089,0.875,0.078,1.5,0.134,1.188,0.106,0.00875,0.078,0.0225,0.201,0.0296999999999999,0.265,0.6049500000000001,1.6875,0.1508460324024421,24.609375,2.1998379725356147,0.0253125,0.2262690486036631,0.861328125,7.699432903874651,8.812342577478315,98992,,,0.0144183480872192,Information
462165,9156.0,754.1309437,UZB,Uzbekistan,Jizzakh,2.062755327,0.0,0.54,0.64,9156.0,,,,,,,,,,,,,,,,,,,,,,,,,40.87085629704069,41.25510654,0.0,,8.625,1.144,8.188,1.086,8.562,1.135,7.438,0.986,0.08188,1.086,0.12843,1.7025,0.1859499999999999,2.465,5.649760000000001,9.84375,1.3053104480271285,107.578125,14.265178467725043,0.14765625,1.9579656720406928,3.765234375,35.0,40.87085629704069,105,,,0.3583820092182718,Advisory
462166,9157.0,11011.22248,UZB,Uzbekistan,Navoi,0.523637364,0.0,0.54,0.64,9157.0,,,,,,,,,,,,,,,,,,,,,,,,,9.340762773709873,10.47274728,0.0,,6.75,0.061,6.688,0.061,4.5,0.041,4.812,0.044,0.06688,0.061,0.0675,0.0615,0.1203,0.1099999999999999,0.48718,9.703125,0.088120324658426,135.703125,1.2324074390634951,0.145546875,0.1321804869876389,4.749609375,4.313426036722233,9.340762773709873,12872,,,0.0119058112777094,Information
462168,9159.0,3212.414976,UZB,Uzbekistan,Jizzakh,2.176907352,0.0,0.54,0.64,9159.0,,,,,,,,,,,,,,,,,,,,,,,,,7.145882138465669,43.538147040000005,0.0,,1.625,0.051,1.625,0.051,0.875,0.027,1.125,0.035,0.01625,0.051,0.013125,0.0405,0.028125,0.0875,0.2365,5.90625,0.1838570061234788,47.109375,1.4664785012229862,0.08859375,0.2757855091852182,1.648828125,5.132674754280451,7.145882138465669,342937,,,0.0193657118808528,Information
462169,9160.0,4349.695428,UZB,Uzbekistan,Jizzakh,4.033724714,0.0,0.54,0.64,9160.0,,,,,,,,,,,,,,,,,,,,,,,,,8.988517780285054,80.67449428,0.0,,1.25,0.029,1.25,0.029,0.938,0.022,1.125,0.026,0.0125,0.029,0.01407,0.033,0.028125,0.065,0.181695,15.609375,0.3588613331543953,71.15625,1.635890401586703,0.234140625,0.5382919997315929,2.49046875,5.725616405553461,8.988517780285054,504836,,,0.2219935396601701,Information
462173,9163.0,395.1229565,UZB,Uzbekistan,Tashkent,2.383684475,0.0,0.54,0.64,9163.0,,,,,,,,,,,,,,,,,,,,,,,,,37.05648396753466,47.6736895,0.0,,0.5,0.127,0.312,0.079,0.812,0.206,0.5,0.127,0.00312,0.079,0.01218,0.309,0.0125,0.3175,0.7333000000000001,0.421875,0.1067705616897727,54.0,13.666631896290909,0.006328125,0.160155842534659,1.89,35.0,37.05648396753466,89517,,,0.3650261464279094,Advisory
462174,9164.0,6475.507423,UZB,Uzbekistan,Tashkent,1.381695049,0.0,0.54,0.64,9164.0,,,,,,,,,,,,,,,,,,,,,,,,,6.393697449633431,27.63390098,0.0,,3.375,0.052,3.375,0.052,4.688,0.072,2.062,0.032,0.03375,0.052,0.07032,0.1079999999999999,0.0515499999999999,0.08,0.3956199999999999,8.71875,0.1346419582413389,68.0625,1.051075932077549,0.13078125,0.2019629373620083,2.3821875,3.678765762271421,6.393697449633431,1023299,,,0.0076241963811206,Information
462177,9167.0,1468.766964,UZB,Uzbekistan,Namangan,2.262659346,0.0,0.54,0.64,9167.0,,,,,,,,,,,,,,,,,,,,,,,,,10.79942747611176,45.25318692,0.0,,0.0,0.0,0.0,0.0,0.0,0.0,1.125,0.077,0.0,0.0,0.0,0.0,0.028125,0.1925,0.220625,0.0,0.0,39.515625,2.6903944574605028,0.0,0.0,1.383046875,9.41638060111176,10.79942747611176,486472,,,0.0522705469129487,Information
462178,9168.0,12512.45002,UZB,Uzbekistan,Ferghana,3.792995121,0.0,0.54,0.64,9168.0,,,,,,,,,,,,,,,,,,,,,,,,,28.03131706017042,75.85990242,0.0,,6.5,0.052,4.812,0.038,9.875,0.079,34.0,0.272,0.04812,0.038,0.148125,0.1185,0.85,0.68,1.882745,64.125,0.5124895594762804,417.65625,3.3379254202731428,0.961875,0.7687343392144206,14.61796875,11.682738970956,28.03131706017042,3381257,,,0.5593999677323415,Advisory
282090,4727.0,25463.51167,KAZ,Kazakhstan,Aqtöbe,1.309346248,0.0,0.63,0.51,4727.0,,,,,,,,,,,,,,,,,,,,,,,,,7.542225193098316,26.18692496,0.0,,51.125,0.201,21.938,0.086,12.312,0.048,10.062,0.04,0.21938,0.086,0.18468,0.072,0.25155,0.1,0.91361,13.21875,0.0519125176970246,149.0625,0.585396476157937,0.19828125,0.0778687765455369,5.2171875,2.04888766655278,7.542225193098316,277,,,0.0112736723169718,Information
282402,4732.0,34187.38925,KAZ,Kazakhstan,Atyrau,2.345070346,0.0,0.63,0.51,4732.0,,,,,,,,,,,,,,,,,,,,,,,,,52.15200420460222,46.90140692,0.0,,1183.312,3.461,580.625,1.698,50.5,0.148,63.438,0.186,5.80625,1.698,0.7575,0.2219999999999999,1.58595,0.4649999999999999,10.5347,245.109375,0.7169584468634514,1211.203125,3.542835974087726,3.676640625,1.0754376702951771,35.0,12.399925909307042,52.15200420460222,31560,,,0.4928242850425938,Advisory
282403,4733.0,15458.60016,KAZ,Kazakhstan,Aqtöbe,1.475800801,0.0,0.63,0.51,4733.0,,,,,,,,,,,,,,,,,,,,,,,,,24.345138174809048,29.51601602,0.0,,161.312,1.044,99.938,0.646,5.438,0.035,10.062,0.065,0.99938,0.646,0.08157,0.0525,0.25155,0.1625,2.1935,11.953125,0.0773234631714963,417.234375,2.6990437085862298,0.179296875,0.1159851947572444,14.603203125,9.446652980051804,24.345138174809048,28766,,,0.143878881107221,Information
282404,4734.0,6488.30274,KAZ,Kazakhstan,Aqtöbe,2.325734063,0.0,0.63,0.51,4734.0,,,,,,,,,,,,,,,,,,,,,,,,,7.631448161658563,46.51468126,0.0,,164.625,2.537,95.5,1.472,20.125,0.31,18.0,0.277,0.955,1.472,0.301875,0.4649999999999999,0.45,0.6925000000000001,4.336375,51.890625,0.7997565323235823,63.5625,0.9796475680494828,0.778359375,1.1996347984853737,2.2246875,3.42876648817319,7.631448161658563,15715,,,0.0257596010899339,Information
282405,4735.0,285.9822183,KAZ,Kazakhstan,Aqtöbe,2.223305801,0.0,0.63,0.51,4735.0,,,,,,,,,,,,,,,,,,,,,,,,,0.94425,44.46611602,0.0,,4.438,1.552,2.625,0.918,0.0,0.0,0.0,0.0,0.02625,0.918,0.0,0.0,0.0,0.0,0.94425,,,,,,,,,,3084,,,2.307076053488208e-05,Information
282406,4736.0,6434.640016,KAZ,Kazakhstan,Aqtöbe,0.958085201,0.0,0.63,0.51,4736.0,,,,,,,,,,,,,,,,,,,,,,,,,6.820995,19.16170402,0.0,,542.188,8.426,255.312,3.968,3.0,0.047,2.875,0.045,2.5531200000000003,3.968,0.045,0.0705,0.071875,0.1124999999999999,6.820995,8.4375,0.1311262165282983,36.421875,0.566028168013821,0.1265625,0.1966893247924474,1.274765625,1.9810985880483736,3.579116037840821,15590,,,0.0067096094362194,Information
282407,4737.0,2789.572762,KAZ,Kazakhstan,Aqtöbe,1.523585954,0.0,0.63,0.51,4737.0,,,,,,,,,,,,,,,,,,,,,,,,,4.2295,30.47171908,0.0,,179.188,6.423,92.25,3.307,0.0,0.0,0.0,0.0,0.9225,3.307,0.0,0.0,0.0,0.0,4.2295,0.0,0.0,1.125,0.0403287562645073,0.0,0.0,0.039375,0.1411506469257755,0.1805256469257755,18549,,,0.0025579036275167,Information
282408,4738.0,3070.11723,KAZ,Kazakhstan,Aqtöbe,2.679808564,0.0,0.63,0.51,4738.0,,,,,,,,,,,,,,,,,,,,,,,,,7.31148,53.59617128,0.0,,360.0,11.726,171.5,5.586,0.062,0.002,0.062,0.002,1.715,5.586,0.0009299999999999,0.003,0.00155,0.005,7.31148,0.0,0.0,1.96875,0.0641262157910725,0.0,0.0,0.06890625,0.2244417552687537,0.2933480052687537,1930,,,0.0323057824330105,Information
282409,4739.0,2345.589201,KAZ,Kazakhstan,Aqtöbe,1.288683856,0.0,0.63,0.51,4739.0,,,,,,,,,,,,,,,,,,,,,,,,,4.62475,25.77367712,0.0,,165.938,7.074,87.875,3.746,0.0,0.0,0.0,0.0,0.87875,3.746,0.0,0.0,0.0,0.0,4.62475,,,,,,,,,,4971,,,0.0027541798562995,Information
282601,4740.0,5368.530187,KAZ,Kazakhstan,Atyrau,2.135361741,0.0,0.63,0.51,4740.0,,,,,,,,,,,,,,,,,,,,,,,,,48.312210207963865,42.70723482,0.0,,178.5,3.325,128.5,2.394,49.688,0.926,61.375,1.143,1.285,2.394,0.7453200000000001,1.389,1.534375,2.8575,10.205195,157.78125,2.9390027531735234,414.5625,7.722085665201023,2.36671875,4.408504129760285,14.5096875,27.02729982820358,48.312210207963865,41289,,,0.4323123889853662,Advisory
282602,4741.0,5015.124479,KAZ,Kazakhstan,Atyrau,3.537473652,0.0,0.63,0.51,4741.0,,,,,,,,,,,,,,,,,,,,,,,,,14.030718567354407,70.74947304,0.0,,201.25,4.013,91.812,1.831,9.562,0.191,14.875,0.297,0.91812,1.831,0.14343,0.2865,0.371875,0.7424999999999999,4.293425,32.203125,0.6421201534281049,120.09375,2.3946314892035003,0.483046875,0.9631802301421574,4.20328125,8.38121021221225,14.030718567354407,0,,,0.2312768022923872,Information
282603,4742.0,5398.474118,KAZ,Kazakhstan,Atyrau,1.922737482,0.0,0.63,0.51,4742.0,,,,,,,,,,,,,,,,,,,,,,,,,42.875211596145455,38.45474964,0.0,,549.688,10.182,247.562,4.586,30.812,0.571,42.188,0.781,2.47562,4.586,0.46218,0.8564999999999999,1.0547,1.9525,11.3875,81.703125,1.513448489672608,394.453125,7.3067521747532975,1.225546875,2.270172734508912,13.805859375,25.57363261163654,42.875211596145455,380,,,0.3588707595124801,Advisory
282604,4743.0,30385.5783,KAZ,Kazakhstan,West Kazakhstan,2.372271318,0.0,0.63,0.51,4743.0,,,,,,,,,,,,,,,,,,,,,,,,,50.27395659420012,47.44542636,0.0,,1421.312,4.678,808.625,2.661,222.25,0.731,311.875,1.026,8.08625,2.661,3.33375,1.0965,7.796875,2.565,25.539375000000003,117.28125,0.3859766920780393,1123.03125,3.695935087452305,1.75921875,0.578965038117059,35.0,12.935772806083069,50.27395659420012,26913,,,0.4823067515317032,Advisory
282605,4744.0,4997.43788,KAZ,Kazakhstan,Atyrau,3.366710725,0.0,0.63,0.51,4744.0,,,,,,,,,,,,,,,,,,,,,,,,,15.758196672005116,67.3342145,0.0,,351.5,7.034,154.375,3.089,17.375,0.348,22.25,0.445,1.54375,3.089,0.260625,0.522,0.55625,1.1125,7.084125,29.8125,0.596555689465743,137.25,2.746407325087572,0.4471875,0.8948335341986144,4.80375,9.612425637806504,15.758196672005116,7760,,,0.2330107526479938,Information
282606,4745.0,5238.230286,KAZ,Kazakhstan,Aqtöbe,1.770170518,0.0,0.63,0.51,4745.0,,,,,,,,,,,,,,,,,,,,,,,,,4.15644,35.40341036,0.0,,303.438,5.793,142.562,2.722,0.188,0.004,0.0,0.0,1.42562,2.722,0.00282,0.006,0.0,0.0,4.15644,8.859375,0.1691291622491133,21.515625,0.4107422511764181,0.132890625,0.2536937433736699,0.753046875,1.4375978791174633,2.577229122491133,2847,,,0.0030393776120063,Information
282607,4746.0,1802.722963,KAZ,Kazakhstan,Aqtöbe,1.189674707,0.0,0.63,0.51,4746.0,,,,,,,,,,,,,,,,,,,,,,,,,2.2557026119316856,23.79349414,0.0,,23.75,1.317,11.438,0.634,1.688,0.094,2.062,0.114,0.11438,0.634,0.02532,0.141,0.0515499999999999,0.285,1.2512500000000002,0.0,0.0,9.84375,0.5460489605519102,0.0,0.0,0.34453125,1.9111713619316857,2.2557026119316856,11818,,,0.0002157853308728,Information
282608,4747.0,4651.352606,KAZ,Kazakhstan,Aqtöbe,2.030131383,0.0,0.63,0.51,4747.0,,,,,,,,,,,,,,,,,,,,,,,,,0.2833,40.60262766,0.0,,19.125,0.411,8.5,0.183,0.25,0.005,0.062,0.001,0.085,0.183,0.00375,0.0075,0.00155,0.0025,0.2833,,,,,,,,,,776,,,4.5084182579048955e-08,Information
282609,4748.0,11549.03757,KAZ,Kazakhstan,Aqtöbe,0.621988592,0.0,0.63,0.51,4748.0,,,,,,,,,,,,,,,,,,,,,,,,,4.63344,12.43977184,0.0,,529.312,4.583,246.812,2.137,0.188,0.002,0.5,0.004,2.4681200000000003,2.137,0.00282,0.003,0.0125,0.01,4.63344,,,,,,,,,,15158,,,0.0016462203305242,Information
282810,4749.0,431.1714017,KAZ,Kazakhstan,Atyrau,1.227455904,0.0,0.63,0.51,4749.0,,,,,,,,,,,,,,,,,,,,,,,,,2.8407443065313465,24.54911808,0.0,,17.625,4.088,10.938,2.537,0.0,0.0,0.0,0.0,0.10938,2.537,0.0,0.0,0.0,0.0,2.64638,0.28125,0.065229279797158,3.234375,0.750136717667317,0.00421875,0.097843919695737,0.113203125,2.6254785118356097,2.8407443065313465,4796,,,0.0005201112751625,Information
282811,4750.0,7823.492653,KAZ,Kazakhstan,Atyrau,4.009059533,0.0,0.63,0.51,4750.0,,,,,,,,,,,,,,,,,,,,,,,,,97.35718,80.18119066,0.0,2.0,1345.562,17.199,1174.875,15.017,823.812,10.53,1008.438,12.89,10.0,10.0,12.35718,15.0,25.0,25.0,97.35718,562.640625,7.191680876065611,2512.96875,32.12080411279492,8.439609375,10.787521314098417,35.0,35.0,89.22713068909842,290490,,,0.94428012093798,Warning
282812,4751.0,3504.720145,KAZ,Kazakhstan,West Kazakhstan,1.963542052,0.0,0.63,0.51,4751.0,,,,,,,,,,,,,,,,,,,,,,,,,6.11228898214596,39.27084104,0.0,,323.188,9.221,93.188,2.659,4.0,0.114,4.688,0.134,0.93188,2.659,0.06,0.171,0.1171999999999999,0.335,4.27408,12.234375,0.3490827938357256,40.078125,1.1435470832549632,0.183515625,0.5236241907535883,1.402734375,4.002414791392371,6.11228898214596,197,,,0.0108344353841965,Information
282813,4752.0,2661.077343,KAZ,Kazakhstan,West Kazakhstan,4.023528784,0.0,0.63,0.51,4752.0,,,,,,,,,,,,,,,,,,,,,,,,,59.73061587922835,80.47057568,0.0,3.0,341.875,12.847,176.125,6.619,38.062,1.43,82.0,3.081,1.76125,6.619,0.5709299999999999,2.145,2.05,7.7025,20.84868,81.421875,3.0597335028189008,540.5625,20.31367113097729,1.221328125,4.589600254228351,18.9196875,35.0,59.73061587922835,8670,151.0,1.74,0.8681999420640578,Warning
282814,4753.0,6005.317628,KAZ,Kazakhstan,West Kazakhstan,0.537898639,0.0,0.63,0.51,4753.0,,,,,,,,,,,,,,,,,,,,,,,,,7.34606,10.75797278,0.0,,614.438,10.232,244.188,4.066,8.062,0.134,7.75,0.129,2.44188,4.066,0.12093,0.201,0.19375,0.3225,7.34606,5.484375,0.0913253110007883,42.609375,0.7095274162368944,0.082265625,0.1369879665011824,1.491328125,2.4833459568291305,4.193927673330313,2576,,,0.0062591290177719,Information
282815,4754.0,4010.019117,KAZ,Kazakhstan,West Kazakhstan,3.500216429,0.0,0.63,0.51,4754.0,4754.0,0.0,1.0,-9999.0,-9999.0,-9999.0,0.0,10.0,-999.9,-999.9,-999.9,-5979.4,0.0,0.0,0.0,0.0,0.0,0.0,0.0,0.0,0.0,0.0,0.0,-5979.4,47.26884982806087,70.00432857999999,0.0,3.0,239.688,5.977,127.062,3.169,13.5,0.337,35.25,0.879,1.27062,3.169,0.2025,0.5055000000000001,0.88125,2.1975,8.22637,104.625,2.609089805849422,341.71875,8.521623962653353,1.569375,3.9136347087741328,11.96015625,29.82568386928673,47.26884982806087,75082,459.0,0.61,0.6753728690971064,Watch
282816,4755.0,7547.481905,KAZ,Kazakhstan,West Kazakhstan,2.685041149,0.0,0.63,0.51,4755.0,,,,,,,,,,,,,,,,,,,,,,,,,0.6914895637123297,53.70082298,0.0,,28.188,0.373,13.312,0.176,0.188,0.002,0.25,0.003,0.13312,0.176,0.00282,0.003,0.00625,0.0075,0.3286899999999999,4.078125,0.0540329218565369,6.75,0.0894338016935784,0.061171875,0.0810493827848053,0.23625,0.3130183059275244,0.6914895637123297,213502,,,1.3110126604031712e-05,Information
282817,4756.0,7757.682651,KAZ,Kazakhstan,West Kazakhstan,2.159299663,0.0,0.63,0.51,4756.0,,,,,,,,,,,,,,,,,,,,,,,,,4.295714347674125,43.18599326,0.0,,305.875,3.943,121.312,1.564,2.062,0.027,1.312,0.017,1.21312,1.564,0.03093,0.0405,0.0328,0.0425,2.9238500000000003,19.125,0.2465298061323949,45.421875,0.585508289564438,0.286875,0.3697947091985923,1.589765625,2.049279013475533,4.295714347674125,134907,,,0.0049091311224198,Information
282818,4757.0,6967.391958,KAZ,Kazakhstan,West Kazakhstan,2.476087193,0.0,0.63,0.51,4757.0,,,,,,,,,,,,,,,,,,,,,,,,,5.50013,49.52174386,0.0,,433.938,6.228,223.375,3.206,1.312,0.019,0.188,0.003,2.23375,3.206,0.01968,0.0284999999999999,0.0046999999999999,0.0075,5.50013,0.5625,0.008073322176021,14.203125,0.203851384944532,0.0084375,0.0121099832640315,0.497109375,0.713479847305862,1.2311367055698934,31318,,,0.0133193740115592,Information
282821,4759.0,880.1077861,KAZ,Kazakhstan,West Kazakhstan,3.549735653,0.0,0.63,0.51,4759.0,,,,,,,,,,,,,,,,,,,,,,,,,4.325004999999999,70.99471306,0.0,,79.562,9.04,31.688,3.6,0.75,0.085,0.875,0.099,0.31688,3.6,0.01125,0.1275,0.021875,0.2475,4.325004999999999,0.140625,0.0159781565640583,6.46875,0.7349952019466859,0.002109375,0.0239672348460874,0.22640625,2.5724832068134007,2.824966066659488,20490,,,0.028516043514802,Information
282822,4760.0,1144.382705,KAZ,Kazakhstan,West Kazakhstan,0.563329045,0.0,0.63,0.51,4760.0,,,,,,,,,,,,,,,,,,,,,,,,,3.853125,11.2665809,0.0,,80.188,7.007,39.25,3.43,0.0,0.0,0.125,0.011,0.3925,3.43,0.0,0.0,0.003125,0.0274999999999999,3.853125,0.0,0.0,1.546875,0.1351711269939921,0.0,0.0,0.054140625,0.4730989444789724,0.5272395694789724,1365,,,0.0008541525755607,Information
282824,4762.0,1343.942032,KAZ,Kazakhstan,West Kazakhstan,2.938323417,0.0,0.63,0.51,4762.0,,,,,,,,,,,,,,,,,,,,,,,,,7.24162,58.76646834,0.0,,117.625,8.752,68.25,5.078,4.938,0.367,4.062,0.302,0.6825,5.078,0.07407,0.5505,0.10155,0.755,7.24162,2.8125,0.2092724189867804,22.640625,1.6846429728435826,0.0421875,0.3139086284801706,0.792421875,5.896250404952539,7.044768408432709,1917,,,0.0409816110160666,Information
282826,4764.0,14698.8335,KAZ,Kazakhstan,Aqtöbe,1.528090883,0.0,0.63,0.51,4764.0,,,,,,,,,,,,,,,,,,,,,,,,,4.515869999999999,30.56181766,0.0,,526.5,3.582,264.5,1.799,1.438,0.01,0.812,0.006,2.645,1.799,0.02157,0.015,0.0203,0.015,4.515869999999999,0.0,0.0,13.21875,0.0899306057434903,0.0,0.0,0.46265625,0.314757120102216,0.777413370102216,19463,,,0.0031395505345608,Information
282828,4766.0,5136.938946,KAZ,Kazakhstan,Aqtöbe,2.225170514,0.0,0.63,0.51,4766.0,,,,,,,,,,,,,,,,,,,,,,,,,5.022245000000001,44.50341028,0.0,,251.625,4.898,146.562,2.853,6.5,0.127,5.625,0.11,1.46562,2.853,0.0975,0.1905,0.140625,0.275,5.022245000000001,0.0,0.0,13.359375,0.2600648974341594,0.0,0.0,0.467578125,0.910227141019558,1.377805266019558,125920,,,0.0081429522083885,Information
282829,4767.0,5707.479016,KAZ,Kazakhstan,Aqtöbe,1.285963273,0.0,0.63,0.51,4767.0,,,,,,,,,,,,,,,,,,,,,,,,,7.585050000000001,25.71926546,0.0,,468.562,8.21,244.75,4.288,9.25,0.162,6.812,0.119,2.4475,4.288,0.13875,0.243,0.1703,0.2975,7.585050000000001,0.5625,0.0098554895855221,16.171875,0.2833453255837607,0.0084375,0.0147832343782831,0.566015625,0.9917086395431624,1.5809449989214457,146562,,,0.0112543437616622,Information
282860,4779.0,18574.07903,KAZ,Kazakhstan,Aqtöbe,2.082396669,0.0,0.63,0.51,4779.0,,,,,,,,,,,,,,,,,,,,,,,,,14.501075,41.64793338,0.0,,1826.188,9.832,891.438,4.799,15.188,0.082,11.375,0.061,8.91438,4.799,0.22782,0.123,0.284375,0.1525,14.501075,21.515625,0.1158368335036144,67.078125,0.3611383632759744,0.322734375,0.1737552502554216,2.347734375,1.2639842714659104,4.108208271721332,77470,,,0.0819200248669485,Information
282900,4791.0,50613.97653,KAZ,Kazakhstan,West Kazakhstan,1.164518355,0.0,0.63,0.51,4791.0,,,,,,,,,,,,,,,,,,,,,,,,,2.461935,23.2903671,0.0,,529.375,1.046,184.688,0.365,9.562,0.019,2.625,0.005,1.84688,0.365,0.14343,0.0284999999999999,0.065625,0.0125,2.461935,0.0,0.0,44.296875,0.0875190570654082,0.0,0.0,1.550390625,0.3063166997289287,1.8567073247289287,73036,,,0.00029184771856,Information
282902,4793.0,4672.350425,KAZ,Kazakhstan,Atyrau,2.476425187,0.0,0.63,0.51,4793.0,,,,,,,,,,,,,,,,,,,,,,,,,0.8085,49.52850374,0.0,,68.562,1.467,25.75,0.551,0.0,0.0,0.0,0.0,0.2575,0.551,0.0,0.0,0.0,0.0,0.8085,,,,,,,,,,3,,,1.782646603797565e-05,Information
282903,4794.0,3996.902808,KAZ,Kazakhstan,West Kazakhstan,2.168881776,0.0,0.63,0.51,4794.0,,,,,,,,,,,,,,,,,,,,,,,,,2.262125,43.37763552,0.0,,183.562,4.593,62.0,1.551,0.875,0.022,0.5,0.013,0.62,1.551,0.013125,0.033,0.0125,0.0325,2.262125,0.140625,0.0035183492504712,4.5,0.1125871760150812,0.002109375,0.0052775238757068,0.1575,0.3940551160527842,0.5589420149284909,0,,,0.0006407307715921,Information
282904,4795.0,9934.401265,KAZ,Kazakhstan,West Kazakhstan,3.136807999,0.0,0.63,0.51,4795.0,,,,,,,,,,,,,,,,,,,,,,,,,23.15839552953909,62.73615998,0.0,,696.125,7.007,266.25,2.68,22.625,0.228,57.375,0.578,2.6625,2.68,0.339375,0.342,1.434375,1.4449999999999998,8.90325,61.3125,0.6171735805871869,303.46875,3.0547261167595168,0.9196875,0.9257603708807802,10.62140625,10.691541408658308,23.15839552953909,18206,,,0.317156156672794,Information
282905,4796.0,2369.22726,KAZ,Kazakhstan,West Kazakhstan,4.01083029,0.0,0.63,0.51,4796.0,,,,,,,,,,,,,,,,,,,,,,,,,5.44756334180752,80.21660580000001,0.0,,152.312,6.429,35.188,1.485,4.5,0.19,1.688,0.071,0.35188,1.485,0.0675,0.285,0.0421999999999999,0.1775,2.4090800000000003,1.96875,0.0830967139963683,28.96875,1.222708791660848,0.02953125,0.1246450709945524,1.01390625,4.279480770812968,5.44756334180752,17,,,0.0985818495580174,Information
282906,4797.0,27821.17062,KAZ,Kazakhstan,West Kazakhstan,2.214757846,0.0,0.63,0.51,4797.0,,,,,,,,,,,,,,,,,,,,,,,,,13.917251704731068,44.29515692,0.0,,180.75,0.65,110.875,0.399,45.812,0.165,51.938,0.187,1.10875,0.399,0.6871799999999999,0.2475,1.29845,0.4675,4.20838,27.5625,0.0990702382042979,280.6875,1.0088989564070343,0.4134375,0.1486053573064468,9.8240625,3.5311463474246203,13.917251704731068,68633,,,0.0827303510763605,Information
282907,4798.0,645.2420212,KAZ,Kazakhstan,West Kazakhstan,3.621238835,0.0,0.63,0.51,4798.0,,,,,,,,,,,,,,,,,,,,,,,,,41.14678805103132,72.42477670000001,0.0,3.0,23.938,3.71,9.75,1.511,0.375,0.058,2.812,0.436,0.0975,1.511,0.005625,0.087,0.0702999999999999,1.09,2.861425,9.703125,1.5037962006875434,107.015625,16.585346503235083,0.145546875,2.255694301031315,3.745546875,35.0,41.14678805103132,16,0.0,0.0,0.6555057793776851,Watch
282908,4799.0,20881.66142,KAZ,Kazakhstan,West Kazakhstan,1.839995671,0.0,0.63,0.51,4799.0,,,,,,,,,,,,,,,,,,,,,,,,,28.974210343409496,36.79991342,0.0,,120.188,0.576,112.375,0.538,70.375,0.337,108.312,0.519,1.12375,0.538,1.055625,0.5055000000000001,2.7078,1.2975,7.228175,84.515625,0.4047361140819055,523.546875,2.50720890636761,1.267734375,0.6071041711228583,18.324140625,8.775231172286636,28.974210343409496,24950,,,0.2177250060208074,Information
282909,4800.0,12607.75656,KAZ,Kazakhstan,West Kazakhstan,2.988596066,0.0,0.63,0.51,4800.0,,,,,,,,,,,,,,,,,,,,,,,,,8.591209756483256,59.77192132,0.0,,32.688,0.259,22.875,0.181,4.938,0.039,13.438,0.107,0.22875,0.181,0.07407,0.0584999999999999,0.3359499999999999,0.2675,1.14577,12.9375,0.1026154014078249,131.34375,1.0417694012490055,0.1940625,0.1539231021117373,4.59703125,3.646192904371519,8.591209756483256,75777,,,0.0613152857511601,Information
282920,4801.0,8929.175303,KAZ,Kazakhstan,Atyrau,4.002286883,0.0,0.63,0.51,4801.0,,,,,,,,,,,,,,,,,,,,,,,,,7.914935949224128,80.04573766,0.0,,23.438,0.262,7.438,0.083,1.062,0.012,2.438,0.027,0.07438,0.083,0.01593,0.018,0.06095,0.0675,0.31976,12.65625,0.1417404135330212,101.25,1.1339233082641702,0.18984375,0.2126106202995318,3.54375,3.968731578924596,7.914935949224128,11046,,,0.17756328672986,Information
282930,4802.0,8555.722654,KAZ,Kazakhstan,Atyrau,3.639695501,0.0,0.63,0.51,4802.0,,,,,,,,,,,,,,,,,,,,,,,,,12.576207928585765,72.79391002,0.0,,21.875,0.256,12.562,0.147,0.25,0.003,1.875,0.022,0.1256199999999999,0.147,0.00375,0.0045,0.046875,0.0549999999999999,0.3827449999999999,11.53125,0.1347782118089081,160.734375,1.8786767816778287,0.17296875,0.2021673177133621,5.625703125,6.575368735872402,12.576207928585765,5707,,,0.2201655931887202,Information
282940,4803.0,5401.508086,KAZ,Kazakhstan,Atyrau,4.039817683,0.0,0.63,0.51,4803.0,,,,,,,,,,,,,,,,,,,,,,,,,10.328960384858222,80.79635366,0.0,,30.562,0.566,15.25,0.282,0.688,0.013,1.062,0.02,0.1525,0.282,0.01032,0.0195,0.02655,0.05,0.5408700000000001,0.0,0.0,103.5,1.9161315385309203,0.0,0.0,3.6225,6.706460384858222,10.328960384858222,39695,,,0.2675799997691001,Information
282950,4804.0,888.7156212,KAZ,Kazakhstan,Atyrau,0.033589092,0.0,0.63,0.51,4804.0,,,,,,,,,,,,,,,,,,,,,,,,,42.06536081568103,0.67178184,0.0,,13.75,1.547,10.438,1.174,0.375,0.042,9.875,1.111,0.10438,1.174,0.005625,0.063,0.246875,2.7775,4.371379999999999,0.28125,0.0316467937873523,200.390625,22.548340573488577,0.00421875,0.0474701906810284,7.013671875,35.0,42.06536081568103,2179,,,0.1951136897826489,Advisory
282960,4805.0,2567.718031,KAZ,Kazakhstan,Atyrau,0.22471775,0.0,0.63,0.51,4805.0,,,,,,,,,,,,,,,,,,,,,,,,,40.30283701257428,4.494355,0.0,,8.188,0.319,3.875,0.151,0.25,0.01,2.125,0.083,0.03875,0.151,0.00375,0.015,0.053125,0.2075,0.469125,0.0,0.0,235.265625,9.162440039306938,0.0,0.0,8.234296875,32.06854013757428,40.30283701257428,18261,,,0.1941337578076328,Advisory
312013,5784.0,11532.3391,KAZ,Kazakhstan,Pavlodar,0.104513906,0.0,0.63,0.51,5784.0,,,,,,,,,,,,,,,,,,,,,,,,,36.02125154778182,2.09027812,0.0,,0.0,0.0,0.0,0.0,0.062,0.001,2.375,0.021,0.0,0.0,0.0009299999999999,0.0015,0.059375,0.0525,0.114305,59.625,0.5170243389649022,525.65625,4.558106082666991,0.894375,0.7755365084473533,18.39796875,15.953371289334468,36.02125154778182,33400,,,0.1586705557396264,Advisory
312016,5787.0,5483.225572,KAZ,Kazakhstan,Pavlodar,0.050089818,0.0,0.63,0.51,5787.0,,,,,,,,,,,,,,,,,,,,,,,,,24.494435379568458,1.00179636,0.0,,0.0,0.0,0.0,0.0,2.812,0.051,4.875,0.089,0.0,0.0,0.04218,0.0765,0.121875,0.2224999999999999,0.463055,29.671875,0.5411390541807481,235.125,4.288078192370668,0.445078125,0.8117085812711222,8.229375,15.00827367329734,24.494435379568458,3971,,,0.0812585598172987,Information
312030,5790.0,19209.86203,KAZ,Kazakhstan,Pavlodar,0.392458098,0.0,0.63,0.51,5790.0,,,,,,,,,,,,,,,,,,,,,,,,,27.53590495671219,7.84916196,0.0,,171.375,0.892,135.062,0.703,0.062,0.0,0.25,0.001,1.3506200000000002,0.703,0.0009299999999999,0.0,0.00625,0.0025,2.0633,41.765625,0.2174176208711722,499.5,2.600226900115837,0.626484375,0.3261264313067583,17.4825,9.10079415040543,27.53590495671219,153896,,,0.113535942250163,Information
312043,5793.0,4919.402892,KAZ,Kazakhstan,Pavlodar,2.108679976,0.0,0.63,0.51,5793.0,,,,,,,,,,,,,,,,,,,,,,,,,54.19558130689595,42.17359952,0.0,,50.375,1.024,46.5,0.945,0.0,0.0,0.0,0.0,0.465,0.945,0.0,0.0,0.0,0.0,1.41,26.296875,0.5345542045973022,514.265625,10.4538220653066,0.394453125,0.8018313068959533,17.999296875,35.0,54.19558130689595,5749,,,0.474148288912454,Advisory
312600,5931.0,13604.19224,KAZ,Kazakhstan,Qostanay,2.282549791,0.0,0.63,0.51,5931.0,,,,,,,,,,,,,,,,,,,,,,,,,52.85029255199872,45.650995820000006,0.0,,180.562,1.327,124.188,0.913,86.812,0.638,40.5,0.298,1.24188,0.913,1.30218,0.957,1.0125,0.745,6.17156,2.53125,0.018606396883081,869.203125,6.389229951906886,0.03796875,0.0279095953246215,30.422109375,22.362304831674106,52.85029255199872,18449,,,0.4888458134222064,Advisory
312682,5973.0,1890.231676,KAZ,Kazakhstan,Qostanay,1.362250102,0.0,0.63,0.51,5973.0,,,,,,,,,,,,,,,,,,,,,,,,,10.6503603556604,27.24500204,0.0,,9.75,0.516,8.5,0.45,2.438,0.129,1.0,0.053,0.085,0.45,0.03657,0.1935,0.025,0.1325,0.92257,0.0,0.0,48.375,2.559210101617257,0.0,0.0,1.693125,8.9572353556604,10.6503603556604,11646,,,0.0273341070710002,Information
312683,5974.0,5622.103417,KAZ,Kazakhstan,Qostanay,0.901199076,0.0,0.63,0.51,5974.0,,,,,,,,,,,,,,,,,,,,,,,,,17.697239753849217,18.02398152,0.0,,8.812,0.157,8.375,0.149,2.125,0.038,0.25,0.004,0.08375,0.149,0.031875,0.0569999999999999,0.00625,0.01,0.337875,0.0,0.0,181.96875,3.2366667153854904,0.0,0.0,6.36890625,11.328333503849215,17.697239753849217,11288,,,0.0626357018832956,Information
312684,5975.0,2683.771572,KAZ,Kazakhstan,Qostanay,2.706915024,0.0,0.63,0.51,5975.0,,,,,,,,,,,,,,,,,,,,,,,,,16.980727929227136,54.138300480000005,0.0,,22.875,0.852,22.875,0.852,9.625,0.359,1.938,0.072,0.22875,0.852,0.144375,0.5385,0.04845,0.18,1.992075,0.0,0.0,102.65625,3.825074051207753,0.0,0.0,3.59296875,13.387759179227135,16.980727929227136,7518,,,0.1602206852179775,Information
312685,5976.0,1264.695521,KAZ,Kazakhstan,Qostanay,1.535725337,0.0,0.63,0.51,5976.0,,,,,,,,,,,,,,,,,,,,,,,,,13.283321536961168,30.71450674,0.0,,1.0,0.079,0.938,0.074,0.25,0.02,0.0,0.0,0.00938,0.074,0.00375,0.03,0.0,0.0,0.11713,0.0,0.0,42.609375,3.369140974846048,0.0,0.0,1.491328125,11.791993411961167,13.283321536961168,2183,,,0.0492951769944926,Information
312686,5977.0,2694.211411,KAZ,Kazakhstan,Qostanay,2.463747058,0.0,0.63,0.51,5977.0,,,,,,,,,,,,,,,,,,,,,,,,,49.209453125,49.27494116,0.0,,45.062,1.673,31.875,1.183,7.938,0.295,12.625,0.469,0.31875,1.183,0.11907,0.4425,0.315625,1.1725,3.551445,0.0,0.0,405.984375,15.068764587738931,0.0,0.0,14.209453125,35.0,49.209453125,6745,,,0.4879002192739428,Advisory
312687,5978.0,4912.168852,KAZ,Kazakhstan,Qostanay,1.556238606,0.0,0.63,0.51,5978.0,,,,,,,,,,,,,,,,,,,,,,,,,39.894163834517016,31.12477212,0.0,,122.562,2.495,98.312,2.001,48.875,0.995,85.062,1.732,0.98312,2.001,0.733125,1.4925,2.12655,4.33,11.666295,0.0,0.0,375.46875,7.643645024147718,0.0,0.0,13.14140625,26.752757584517013,39.894163834517016,11115,,,0.2925101019748756,Advisory
312688,5979.0,2319.883788,KAZ,Kazakhstan,Qostanay,0.511257266,0.0,0.63,0.51,5979.0,,,,,,,,,,,,,,,,,,,,,,,,,16.153232202341492,10.22514532,0.0,,9.625,0.415,5.812,0.251,2.5,0.108,2.062,0.089,0.05812,0.251,0.0375,0.162,0.0515499999999999,0.2224999999999999,0.78267,0.0,0.0,86.90625,3.7461467006689975,0.0,0.0,3.04171875,13.111513452341493,16.153232202341492,19583,,,0.0431556794676547,Information
312689,5980.0,8895.408163,KAZ,Kazakhstan,Qostanay,1.529178452,0.0,0.63,0.51,5980.0,,,,,,,,,,,,,,,,,,,,,,,,,45.081642351700765,30.58356904,0.0,,218.312,2.454,142.562,1.603,137.875,1.55,180.25,2.026,1.42562,1.603,2.068125,2.325,4.50625,5.065,16.992995,6.890625,0.0774627186743531,603.421875,6.783520935339782,0.103359375,0.1161940780115296,21.119765625,23.74232327368924,45.081642351700765,10058,,,0.3329984600343663,Advisory
312695,5985.0,1328.554388,KAZ,Kazakhstan,Qostanay,2.623326293,0.0,0.63,0.51,5985.0,,,,,,,,,,,,,,,,,,,,,,,,,2.2663109412540887,52.46652586,0.0,,3.812,0.287,3.812,0.287,3.25,0.245,1.938,0.146,0.03812,0.287,0.04875,0.3675,0.04845,0.365,1.15482,0.0,0.0,7.59375,0.5715799117868825,0.0,0.0,0.26578125,2.000529691254089,2.2663109412540887,2508,,,0.0011700692613565,Information
312696,5986.0,7139.570254,KAZ,Kazakhstan,Qostanay,2.280720868,0.0,0.63,0.51,5986.0,,,,,,,,,,,,,,,,,,,,,,,,,36.28255366660542,45.61441736,0.0,,93.25,1.306,83.312,1.167,29.438,0.412,9.438,0.132,0.83312,1.167,0.4415699999999999,0.618,0.23595,0.33,3.62564,1.546875,0.0216662200239739,431.15625,6.038966417591276,0.023203125,0.0324993300359608,15.09046875,21.136382461569465,36.28255366660542,46482,,,0.3428262011689351,Advisory
312697,5987.0,6767.423659,KAZ,Kazakhstan,Qostanay,0.527632206,0.0,0.63,0.51,5987.0,,,,,,,,,,,,,,,,,,,,,,,,,27.3284756970263,10.55264412,0.0,,30.5,0.451,25.562,0.378,6.688,0.099,6.125,0.091,0.25562,0.378,0.10032,0.1485,0.153125,0.2274999999999999,1.263065,0.0,0.0,315.140625,4.656729663436086,0.0,0.0,11.029921875,16.2985538220263,27.3284756970263,393926,,,0.1178662442547647,Information
312698,5988.0,13858.25201,KAZ,Kazakhstan,Qostanay,1.373350698,0.0,0.63,0.51,5988.0,,,,,,,,,,,,,,,,,,,,,,,,,16.667294404396134,27.467013960000003,0.0,,227.375,1.641,138.688,1.001,10.25,0.074,0.562,0.004,1.38688,1.001,0.15375,0.1109999999999999,0.01405,0.01,2.67668,0.0,0.0,276.609375,1.9959903655417524,0.0,0.0,9.681328125,6.985966279396133,16.667294404396134,78147,,,0.0707006012373598,Information
312699,5989.0,16389.9342,KAZ,Kazakhstan,Qostanay,1.11418028,0.0,0.63,0.51,5989.0,,,,,,,,,,,,,,,,,,,,,,,,,10.408055,22.2836056,0.0,,1194.312,7.287,608.438,3.712,16.875,0.103,5.062,0.031,6.08438,3.712,0.253125,0.1545,0.12655,0.0775,10.408055,3.375,0.0205919069585379,136.40625,0.832256239574243,0.050625,0.0308878604378068,4.77421875,2.9128968385098504,7.768628448947657,95255,,,0.0221898773705819,Information
312700,5990.0,53634.4793,KAZ,Kazakhstan,North Kazakhstan,1.619112134,0.0,0.63,0.51,5990.0,,,,,,,,,,,,,,,,,,,,,,,,,56.27067179770041,32.382242680000004,0.0,,889.062,1.658,639.125,1.192,310.812,0.58,563.875,1.051,6.39125,1.192,4.66218,0.8699999999999999,14.096875,2.6275,29.839805,0.0,0.0,3259.546875,6.077334799342974,0.0,0.0,35.0,21.27067179770041,56.27067179770041,161381,,,0.4271255190421675,Advisory
312801,6000.0,90810.29894,KAZ,Kazakhstan,Qaraghandy,1.197030622,0.0,0.63,0.51,6000.0,,,,,,,,,,,,,,,,,,,,,,,,,59.3191298134556,23.94061244,0.0,,671.188,0.739,464.5,0.512,528.0,0.581,488.438,0.538,4.645,0.512,7.92,0.8714999999999999,12.21095,1.3450000000000002,27.50445,891.140625,0.9813211005951744,2459.671875,2.708582510732238,13.367109375,1.4719816508927617,35.0,9.480038787562831,59.3191298134556,978509,,,0.401841833629927,Advisory
312802,6001.0,8072.859139,KAZ,Kazakhstan,Qaraghandy,3.227871371,0.0,0.63,0.51,6001.0,,,,,,,,,,,,,,,,,,,,,,,,,3.0474555642466954,64.55742742,0.0,,14.25,0.177,7.312,0.091,3.938,0.049,0.25,0.003,0.07312,0.091,0.05907,0.0735,0.00625,0.0075,0.31044,4.78125,0.0592262284962682,36.84375,0.4563903490006551,0.07171875,0.0888393427444023,1.28953125,1.597366221502293,3.0474555642466954,420,,,0.0070715784570396,Information
312803,6002.0,2128.688607,KAZ,Kazakhstan,Aqmola,0.400340344,0.0,0.63,0.51,6002.0,,,,,,,,,,,,,,,,,,,,,,,,,43.35311226274492,8.006806880000001,0.0,,19.0,0.893,13.438,0.631,20.125,0.945,20.188,0.948,0.13438,0.631,0.301875,1.4175,0.5047,2.37,5.3594550000000005,4.5,0.2113977584966129,227.671875,10.69540534393801,0.0675,0.3170966377449193,7.968515625,35.0,43.35311226274492,2078,,,0.2259244841864898,Advisory
312805,6004.0,8394.442184,KAZ,Kazakhstan,Qaraghandy,2.131280562,0.0,0.63,0.51,6004.0,,,,,,,,,,,,,,,,,,,,,,,,,15.321046667467298,42.625611240000005,0.0,,62.25,0.742,38.562,0.459,0.25,0.003,0.375,0.004,0.3856199999999999,0.459,0.00375,0.0045,0.009375,0.01,0.8722449999999999,84.515625,1.0068045398527443,163.546875,1.9482756736251945,1.267734375,1.5102068097791164,5.724140625,6.818964857688181,15.321046667467298,26787,,,0.0933556685041938,Information
312817,6011.0,12066.04321,KAZ,Kazakhstan,North Kazakhstan,2.193017004,0.0,0.63,0.51,6011.0,,,,,,,,,,,,,,,,,,,,,,,,,22.16943268153896,43.86034008,0.0,,50.125,0.415,32.375,0.268,3.75,0.031,1.25,0.01,0.32375,0.268,0.05625,0.0465,0.03125,0.025,0.75075,0.0,0.0,346.359375,2.8705298732968454,0.0,0.0,12.122578125,10.04685455653896,22.16943268153896,294885,,,0.1764113570493226,Information
312818,6012.0,4328.490245,KAZ,Kazakhstan,North Kazakhstan,2.256404071,0.0,0.63,0.51,6012.0,,,,,,,,,,,,,,,,,,,,,,,,,8.22784207278687,45.12808142,0.0,,8.75,0.202,6.125,0.142,2.438,0.056,4.25,0.098,0.06125,0.142,0.03657,0.084,0.10625,0.245,0.6750700000000001,0.0,0.0,71.015625,1.6406557707962486,0.0,0.0,2.485546875,5.74229519778687,8.22784207278687,24716,,,0.0288824438847138,Information
312819,6013.0,4545.446998,KAZ,Kazakhstan,North Kazakhstan,2.264112157,0.0,0.63,0.51,6013.0,,,,,,,,,,,,,,,,,,,,,,,,,8.77276001470401,45.28224314,0.0,,14.5,0.319,12.125,0.267,4.312,0.095,10.938,0.241,0.12125,0.267,0.06468,0.1425,0.27345,0.6025,1.47138,0.0,0.0,78.328125,1.723221611344003,0.0,0.0,2.741484375,6.031275639704011,8.77276001470401,19702,,,0.0335848537295126,Information
312820,6014.0,6620.074523,KAZ,Kazakhstan,North Kazakhstan,2.758190032,0.0,0.63,0.51,6014.0,6014.0,1.0,1.0,100.0,5.0,2.0,3.0,10.0,10.0,0.5,0.2,-1153.0,0.0,0.0,0.0,0.0,0.0,0.0,0.0,0.0,0.0,0.0,0.0,-1153.0,8.773219938300123,55.16380064,0.0,,22.312,0.337,16.0,0.242,5.312,0.08,18.0,0.272,0.16,0.242,0.07968,0.12,0.45,0.68,1.73168,0.0,0.0,99.84375,1.5081967680857495,0.0,0.0,3.49453125,5.278688688300123,8.773219938300123,19285,,,0.0514122574301418,Information
312830,6015.0,18153.04143,KAZ,Kazakhstan,Aqmola,2.885758712,0.0,0.63,0.51,6015.0,6015.0,1.0,1.0,100.0,3.0,2.0,3.0,10.0,10.0,0.3,0.2,-2628.4666666666662,0.0,0.0,0.0,0.0,0.0,0.0,0.0,0.0,0.0,0.0,0.0,-2628.4666666666662,9.73996003309021,57.71517424,0.0,,90.375,0.498,54.812,0.302,20.625,0.114,42.125,0.232,0.5481199999999999,0.302,0.309375,0.171,1.053125,0.5800000000000001,2.96362,0.0,0.0,179.4375,0.9884707237400596,0.0,0.0,6.2803125,3.459647533090209,9.73996003309021,36139,,,0.0710261363438928,Information
312840,6016.0,19431.46105,KAZ,Kazakhstan,Aqmola,2.679606196,0.0,0.63,0.51,6016.0,,,,,,,,,,,,,,,,,,,,,,,,,25.57321479344867,53.59212392,0.0,,86.812,0.447,44.0,0.226,34.25,0.176,34.75,0.179,0.44,0.226,0.51375,0.264,0.86875,0.4475,2.76,39.515625,0.2033590006524862,465.46875,2.395438762134268,0.592734375,0.3050385009787293,16.29140625,8.384035667469938,25.57321479344867,1743,,,0.2756131061028435,Information
312850,6017.0,6441.936115,KAZ,Kazakhstan,Aqmola,2.416475745,0.0,0.63,0.51,6017.0,,,,,,,,,,,,,,,,,,,,,,,,,25.55518751065803,48.3295149,0.0,,27.688,0.43,12.438,0.193,0.625,0.01,9.188,0.143,0.12438,0.193,0.009375,0.015,0.2297,0.3575,0.928955,0.421875,0.006548885187075,285.890625,4.437961195107834,0.006328125,0.0098233277806125,10.006171875,15.53286418287742,25.55518751065803,13809,,,0.2407019387873761,Information
312860,6018.0,8770.476408,KAZ,Kazakhstan,Aqmola,2.283595514,0.0,0.63,0.51,6018.0,,,,,,,,,,,,,,,,,,,,,,,,,2.558194565157003,45.67191028,0.0,,16.875,0.192,5.812,0.066,1.0,0.011,0.5,0.006,0.05812,0.066,0.015,0.0165,0.0125,0.015,0.18312,1.265625,0.0144305159840153,33.609375,0.3832103689088514,0.018984375,0.0216457739760229,1.176328125,1.34123629118098,2.558194565157003,50744,,,0.0011225305815621,Information
312880,6020.0,17175.76369,KAZ,Kazakhstan,Aqmola,2.169722174,0.0,0.63,0.51,6020.0,,,,,,,,,,,,,,,,,,,,,,,,,25.90223141383482,43.39444348,0.0,,31.188,0.182,20.625,0.12,18.188,0.106,24.312,0.142,0.20625,0.12,0.2728199999999999,0.159,0.6078,0.355,1.72087,22.359375,0.1301798010715746,458.15625,2.667457810636417,0.335390625,0.1952697016073619,16.03546875,9.33610233722746,25.90223141383482,73080,,,0.217172516749631,Information
312890,6021.0,19115.29855,KAZ,Kazakhstan,Aqmola,2.675799505,0.0,0.63,0.51,6021.0,,,,,,,,,,,,,,,,,,,,,,,,,52.985679118123066,53.5159901,0.0,,105.562,0.552,78.938,0.413,101.5,0.531,121.25,0.634,0.78938,0.413,1.5225,0.7965,3.03125,1.585,8.13763,136.125,0.7121259428536889,935.578125,4.894394522526438,2.041875,1.0681889142805334,32.745234375,17.130380828842533,52.985679118123066,1251781,,,0.5520780499146047,Advisory
312901,6022.0,14745.58762,KAZ,Kazakhstan,Aqmola,3.401295698,0.0,0.63,0.51,6022.0,,,,,,,,,,,,,,,,,,,,,,,,,46.04803884221176,68.02591396,0.0,3.0,91.875,0.623,65.688,0.445,24.625,0.167,21.5,0.146,0.65688,0.445,0.369375,0.2505,0.5375,0.365,2.624255,0.0,0.0,783.984375,5.316738776346217,0.0,0.0,27.439453125,18.60858571721176,46.04803884221176,244669,1626.0,0.66,0.6423544969637474,Watch
312902,6023.0,19263.50094,KAZ,Kazakhstan,North Kazakhstan,2.734126461,0.0,0.63,0.51,6023.0,,,,,,,,,,,,,,,,,,,,,,,,,16.891387986116648,54.68252921999999,0.0,,92.25,0.479,48.5,0.252,4.75,0.025,4.0,0.021,0.485,0.252,0.07125,0.0375,0.1,0.0525,0.99825,5.625,0.0292002996641793,315.28125,1.6366767961772517,0.084375,0.0438004494962689,11.03484375,5.728368786620381,16.891387986116648,73617,,,0.1618485970431525,Information
312903,6024.0,22200.86489,KAZ,Kazakhstan,North Kazakhstan,1.277259973,0.0,0.63,0.51,6024.0,,,,,,,,,,,,,,,,,,,,,,,,,28.079134517465693,25.54519946,0.0,,16.5,0.074,14.875,0.067,0.25,0.001,0.062,0.0,0.14875,0.067,0.00375,0.0015,0.00155,0.0,0.22255,58.5,0.2635032476857391,528.046875,2.378496863124881,0.8775,0.3952548715286086,18.481640625,8.324739020937084,28.079134517465693,113043,,,0.1647390910411191,Information
312904,6025.0,41443.46988,KAZ,Kazakhstan,Aqmola,1.327724216,0.0,0.63,0.51,6025.0,,,,,,,,,,,,,,,,,,,,,,,,,48.56657553474619,26.55448432,0.0,,11.625,0.028,8.438,0.02,18.625,0.045,93.125,0.225,0.08438,0.02,0.279375,0.0675,2.328125,0.5625,3.34188,238.640625,0.5758220189616682,1080.28125,2.6066380375153417,3.579609375,0.8637330284425022,35.0,9.123233131303696,48.56657553474619,77352,,,0.3395804968626265,Advisory
312905,6026.0,31674.08539,KAZ,Kazakhstan,Aqmola,2.494694862,0.0,0.63,0.51,6026.0,,,,,,,,,,,,,,,,,,,,,,,,,28.074388050802,49.89389724,0.0,,0.562,0.002,0.562,0.002,22.812,0.072,32.938,0.104,0.00562,0.002,0.34218,0.1079999999999999,0.82345,0.26,1.54125,168.75,0.5327699219667448,537.328125,1.69642822652911,2.53125,0.7991548829501172,18.806484375,5.937498792851885,28.074388050802,25376,,,0.2811984058310102,Information
312906,6027.0,10031.69907,KAZ,Kazakhstan,Pavlodar,0.931246082,0.0,0.63,0.51,6027.0,,,,,,,,,,,,,,,,,,,,,,,,,34.65562811389838,18.62492164,0.0,,2.062,0.021,2.062,0.021,6.0,0.06,9.438,0.094,0.02062,0.021,0.09,0.09,0.23595,0.235,0.69257,117.84375,1.1747137668190126,445.359375,4.439520882477104,1.76765625,1.762070650228519,15.587578125,15.538323088669864,34.65562811389838,4054,,,0.1966608562752268,Information
312907,6028.0,38114.08701,KAZ,Kazakhstan,Pavlodar,1.023101015,0.0,0.63,0.51,6028.0,,,,,,,,,,,,,,,,,,,,,,,,,30.996908118893334,20.4620203,0.0,,14.375,0.038,12.875,0.034,2.125,0.006,4.688,0.012,0.12875,0.034,0.031875,0.009,0.1171999999999999,0.03,0.3508249999999999,157.78125,0.4139709550941137,633.9375,1.6632629817863325,2.36671875,0.6209564326411705,22.1878125,5.821420436252164,30.996908118893334,156996,,,0.1730074606517597,Information
312908,6029.0,16094.73312,KAZ,Kazakhstan,Qaraghandy,1.400867965,0.0,0.63,0.51,6029.0,,,,,,,,,,,,,,,,,,,,,,,,,5.141361741375023,28.0173593,0.0,,199.812,1.241,136.562,0.848,0.0,0.0,0.125,0.001,1.36562,0.848,0.0,0.0,0.003125,0.0025,2.219245,3.375,0.0209695928128605,89.15625,0.5539467434730665,0.050625,0.0314543892192907,3.12046875,1.9388136021557327,5.141361741375023,3040,,,0.004156236827013,Information
312909,6030.0,12592.92594,KAZ,Kazakhstan,East-Kazakhstan,2.216334746,0.0,0.63,0.51,6030.0,,,,,,,,,,,,,,,,,,,,,,,,,5.686175,44.32669492,0.0,,431.812,3.429,309.062,2.454,0.062,0.0,3.125,0.025,3.09062,2.454,0.0009299999999999,0.0,0.078125,0.0625,5.686175,0.0,0.0,42.1875,0.3350095140131092,0.0,0.0,1.4765625,1.172533299045882,2.649095799045882,3285,,,0.0112605324805636,Information
312938,6049.0,16746.6393,KAZ,Kazakhstan,North Kazakhstan,1.433095601,0.0,0.63,0.51,6049.0,,,,,,,,,,,,,,,,,,,,,,,,,29.78494069257735,28.66191202,0.0,,41.125,0.246,25.5,0.152,1.125,0.007,3.688,0.022,0.255,0.152,0.016875,0.0105,0.0922,0.0549999999999999,0.581575,0.0,0.0,532.828125,3.1817018050221004,0.0,0.0,18.648984375,11.135956317577351,29.78494069257735,115386,,,0.191215065011043,Information
312950,6060.0,28896.63753,KAZ,Kazakhstan,Pavlodar,0.829353004,0.0,0.63,0.51,6060.0,6060.0,1.0,6.0,90.0,2.0,-9999.0,3.0,5.0,9.0,0.2,-999.9,-1965.4,0.0,0.0,0.0,0.0,0.0,0.0,0.0,0.0,0.0,0.0,0.0,-1965.4,68.23716445183577,16.58706008,0.0,3.0,182.625,0.632,157.125,0.544,2.5,0.009,2.125,0.007,1.57125,0.544,0.0375,0.0134999999999999,0.053125,0.0175,2.2368750000000004,316.828125,1.096418656739606,2215.96875,7.668604169064674,4.752421875,1.644627985109409,35.0,26.84011459172636,68.23716445183577,871017,14068.0,1.62,0.4204219676740248,Watch
312960,6061.0,3075.290198,KAZ,Kazakhstan,East-Kazakhstan,2.016752109,0.0,0.63,0.51,6061.0,,,,,,,,,,,,,,,,,,,,,,,,,5.996926155106218,40.33504218,0.0,,100.938,3.282,56.375,1.833,1.312,0.043,2.188,0.071,0.56375,1.833,0.01968,0.0645,0.0547,0.1775,2.71313,11.671875,0.3795373525661177,35.296875,1.1477575360734402,0.175078125,0.5693060288491766,1.235390625,4.017151376257041,5.996926155106218,17,,,0.0107951928901009,Information
312961,6062.0,1390.894706,KAZ,Kazakhstan,East-Kazakhstan,3.086958583,0.0,0.63,0.51,6062.0,,,,,,,,,,,,,,,,,,,,,,,,,4.961125,61.73917166,0.0,,80.625,5.797,51.0,3.667,0.75,0.054,3.375,0.243,0.51,3.667,0.01125,0.081,0.084375,0.6074999999999999,4.961125,2.8125,0.2022079735612391,15.75,1.1323646519429391,0.0421875,0.3033119603418586,0.55125,3.963276281800287,4.860025742142145,6,,,0.0205364131996062,Information
312962,6063.0,3192.511133,KAZ,Kazakhstan,East-Kazakhstan,1.053650948,0.0,0.63,0.51,6063.0,,,,,,,,,,,,,,,,,,,,,,,,,3.655185,21.07301896,0.0,,136.312,4.27,86.188,2.7,0.062,0.002,0.875,0.027,0.86188,2.7,0.0009299999999999,0.003,0.021875,0.0675,3.655185,0.421875,0.0132145193072635,20.109375,0.6298920869795612,0.006328125,0.0198217789608952,0.703828125,2.2046223044284643,2.93460033338936,8368,,,0.0010618086988387,Information
312963,6064.0,432.8337255,KAZ,Kazakhstan,East-Kazakhstan,3.391743676,0.0,0.63,0.51,6064.0,,,,,,,,,,,,,,,,,,,,,,,,,2.50075,67.83487352,0.0,,14.125,3.263,10.375,2.397,0.0,0.0,0.0,0.0,0.10375,2.397,0.0,0.0,0.0,0.0,2.50075,0.0,0.0,2.109375,0.487340721319528,0.0,0.0,0.073828125,1.705692524618348,1.7795206496183478,4,,,0.0053201968032903,Information
312964,6065.0,13594.85758,KAZ,Kazakhstan,East-Kazakhstan,3.053045672,0.0,0.63,0.51,6065.0,,,,,,,,,,,,,,,,,,,,,,,,,6.07512,61.06091344,0.0,,447.5,3.292,275.75,2.028,6.938,0.051,25.562,0.188,2.7575,2.028,0.10407,0.0765,0.63905,0.47,6.07512,1.40625,0.0103439847880409,59.765625,0.4396193534917403,0.02109375,0.0155159771820613,2.091796875,1.538667737221091,3.6670743394031526,10509,,,0.0315989378748495,Information
312965,6066.0,3784.187153,KAZ,Kazakhstan,East-Kazakhstan,1.887143429,0.0,0.63,0.51,6066.0,,,,,,,,,,,,,,,,,,,,,,,,,2.93513,37.74286858,0.0,,125.312,3.311,74.75,1.975,1.062,0.028,1.688,0.045,0.7475,1.975,0.01593,0.042,0.0421999999999999,0.1124999999999999,2.93513,0.703125,0.0185806085027146,16.734375,0.4422184823646096,0.010546875,0.0278709127540719,0.585703125,1.5477646882761336,2.1718856010302057,14,,,0.0011270998673277,Information
312966,6067.0,3009.577151,KAZ,Kazakhstan,East-Kazakhstan,1.784447129,0.0,0.63,0.51,6067.0,,,,,,,,,,,,,,,,,,,,,,,,,3.31011,35.68894258,0.0,,113.25,3.763,68.938,2.291,2.062,0.069,1.812,0.06,0.68938,2.291,0.03093,0.1035,0.0453,0.15,3.31011,0.984375,0.0327080832464413,6.609375,0.2196114160832493,0.014765625,0.0490621248696619,0.231328125,0.7686399562913726,1.0637958311610345,1376,,,0.0015048270583045,Information
312967,6068.0,882.7968067,KAZ,Kazakhstan,East-Kazakhstan,2.87805663,0.0,0.63,0.51,6068.0,,,,,,,,,,,,,,,,,,,,,,,,,4.1643,57.5611326,0.0,,57.875,6.556,33.625,3.809,0.0,0.0,0.062,0.007,0.33625,3.809,0.0,0.0,0.00155,0.0175,4.1643,0.0,0.0,0.984375,0.1115064069751321,0.0,0.0,0.034453125,0.3902724244129623,0.4247255494129623,130,,,0.0101294941459387,Information
312968,6069.0,1450.908143,KAZ,Kazakhstan,East-Kazakhstan,0.864596353,0.0,0.63,0.51,6069.0,,,,,,,,,,,,,,,,,,,,,,,,,3.56355,17.29192706,0.0,,60.375,4.161,45.062,3.106,0.062,0.004,0.0,0.0,0.4506199999999999,3.106,0.0009299999999999,0.006,0.0,0.0,3.56355,0.140625,0.0096922055833126,1.828125,0.1259986725830646,0.002109375,0.0145383083749689,0.063984375,0.4409953540407261,0.521627412415695,11,,,0.0008316840598059,Information
312969,6070.0,4552.824655,KAZ,Kazakhstan,East-Kazakhstan,1.113729213,0.0,0.63,0.51,6070.0,,,,,,,,,,,,,,,,,,,,,,,,,1.1585,22.27458426,0.0,,84.375,1.853,33.625,0.739,1.75,0.038,0.0,0.0,0.33625,0.739,0.02625,0.0569999999999999,0.0,0.0,1.1585,0.84375,0.0185324510353429,3.09375,0.0679523204629242,0.01265625,0.0277986765530143,0.10828125,0.2378331216202346,0.386569298173249,281,,,1.2993279572288116e-05,Information
312971,6071.0,7595.666026,KAZ,Kazakhstan,East-Kazakhstan,2.206145421,0.0,0.63,0.51,6071.0,,,,,,,,,,,,,,,,,,,,,,,,,12.268252345971018,44.12290842,0.0,,411.25,5.414,275.0,3.62,3.188,0.042,7.5,0.099,2.75,3.62,0.04782,0.063,0.1875,0.2475,6.915819999999999,37.40625,0.4924683348455365,135.28125,1.781032098200775,0.56109375,0.7387025022683047,4.73484375,6.233612343702712,12.268252345971018,336414,,,0.0647420196022867,Information
312972,6072.0,14869.128,KAZ,Kazakhstan,East-Kazakhstan,1.61753967,0.0,0.63,0.51,6072.0,,,,,,,,,,,,,,,,,,,,,,,,,6.059931845742736,32.3507934,0.0,,233.438,1.57,135.625,0.912,3.812,0.026,6.125,0.041,1.35625,0.912,0.05718,0.039,0.153125,0.1025,2.620055,35.15625,0.2364378731557089,88.453125,0.5948776888597637,0.52734375,0.3546568097335634,3.095859375,2.082071911009173,6.059931845742736,23722,,,0.0079187904818757,Information
312973,6073.0,5885.525162,KAZ,Kazakhstan,East-Kazakhstan,0.525248779,0.0,0.63,0.51,6073.0,,,,,,,,,,,,,,,,,,,,,,,,,10.492898836104048,10.50497558,0.0,,66.0,1.121,39.75,0.675,0.5,0.008,0.625,0.011,0.3975,0.675,0.0075,0.012,0.015625,0.0274999999999999,1.1351250000000002,1.265625,0.0215040283595357,110.53125,1.8780184767327843,0.018984375,0.0322560425393035,3.86859375,6.573064668564745,10.492898836104048,37296,,,0.0160371150690551,Information
312974,6074.0,9938.093249,KAZ,Kazakhstan,East-Kazakhstan,3.15271403,0.0,0.63,0.51,6074.0,,,,,,,,,,,,,,,,,,,,,,,,,8.936340626433974,63.0542806,0.0,,15.938,0.16,7.688,0.077,0.0,0.0,0.188,0.002,0.07688,0.077,0.0,0.0,0.0046999999999999,0.005,0.16358,25.59375,0.2575317956625046,116.296875,1.1702131594114908,0.38390625,0.3862976934937569,4.070390625,4.095746057940218,8.936340626433974,41718,,,0.0779023455381986,Information
312975,6075.0,15708.55485,KAZ,Kazakhstan,East-Kazakhstan,2.241633787,0.0,0.63,0.51,6075.0,6075.0,1.0,1.0,51.0,2.0,-9999.0,3.0,10.0,5.1,0.2,-999.9,-1963.2,0.0,0.0,0.0,0.0,0.0,0.0,0.0,0.0,0.0,0.0,0.0,-1963.2,11.106859666661435,44.83267574,0.0,,35.0,0.223,26.125,0.166,0.375,0.002,1.0,0.006,0.26125,0.166,0.005625,0.003,0.025,0.015,0.475875,8.15625,0.0519223447298722,190.40625,1.2121181855904648,0.12234375,0.0778835170948083,6.66421875,4.242413649566627,11.106859666661435,464969,,,0.0544885337825537,Information
312976,6076.0,15436.06274,KAZ,Kazakhstan,East-Kazakhstan,3.137133581,0.0,0.63,0.51,6076.0,6076.0,1.0,5.0,100.0,-9999.0,-9999.0,3.0,6.0,10.0,-999.9,-999.9,-2628.066666666667,0.0,0.0,0.0,0.0,0.0,0.0,0.0,0.0,0.0,0.0,0.0,-2628.066666666667,7.256518451970749,62.74267162,0.0,,,,,,,,,,,,,,,,,4.5,0.0291525117237949,123.890625,0.8026050883957303,0.0675,0.0437287675856923,4.336171875,2.809117809385056,7.256518451970749,50648,,,0.050925183245333,Information
312977,6077.0,7792.032939,KAZ,Kazakhstan,East-Kazakhstan,2.93947416,0.0,0.63,0.51,6077.0,,,,,,,,,,,,,,,,,,,,,,,,,11.95928755016999,58.7894832,0.0,,30.125,0.387,24.812,0.318,3.812,0.049,12.625,0.162,0.24812,0.318,0.05718,0.0735,0.315625,0.405,1.417425,27.28125,0.3501172314358916,137.953125,1.7704381651474723,0.40921875,0.5251758471538374,4.828359375,6.196533578016153,11.95928755016999,18591,,,0.1080091472274363,Information
312978,6078.0,5787.236127,KAZ,Kazakhstan,East-Kazakhstan,3.473243248,0.0,0.63,0.51,6078.0,6078.0,1.0,8.0,100.0,21.0,-9999.0,3.0,3.0,10.0,2.1,-999.9,-1965.2,0.0,0.0,0.0,0.0,0.0,0.0,0.0,0.0,0.0,0.0,0.0,-1965.2,2.959602380846716,69.46486496,0.0,,2.25,0.039,1.938,0.033,0.812,0.014,0.875,0.015,0.0193799999999999,0.033,0.01218,0.021,0.021875,0.0375,0.144935,8.015625,0.138505235039874,27.5625,0.4762636152248299,0.120234375,0.207757852559811,0.9646875,1.6669226532869046,2.959602380846716,5000,,,0.0098024943889494,Information
312979,6079.0,10571.57545,KAZ,Kazakhstan,East-Kazakhstan,3.008915685,0.0,0.63,0.51,6079.0,,,,,,,,,,,,,,,,,,,,,,,,,28.7575422540814,60.1783137,0.0,,171.688,1.624,121.625,1.15,78.875,0.746,103.688,0.981,1.21625,1.15,1.183125,1.119,2.5922,2.4525,9.713075,180.0,1.7026790451255287,345.09375,3.264354981826599,2.7,2.554018567688293,12.07828125,11.425242436393097,28.7575422540814,24168,,,0.3723969623158796,Advisory
312980,6080.0,24295.05799,KAZ,Kazakhstan,East-Kazakhstan,3.488960356,0.0,0.63,0.51,6080.0,,,,,,,,,,,,,,,,,,,,,,,,,16.05327258502168,69.77920712000001,0.0,,524.375,2.158,214.938,0.885,14.812,0.061,32.875,0.135,2.14938,0.885,0.22218,0.0915,0.821875,0.3375,4.507435,165.234375,0.6801151701682294,254.109375,1.0459303085055238,2.478515625,1.020172755252344,8.893828125,3.6607560797693335,16.05327258502168,20496,,,0.2634917394886211,Information
312991,6082.0,9838.043109,KAZ,Kazakhstan,East-Kazakhstan,3.596276159,0.0,0.63,0.51,6082.0,,,,,,,,,,,,,,,,,,,,,,,,,4.538458017011489,71.92552318,0.0,,127.25,1.293,80.688,0.82,35.125,0.357,36.5,0.371,0.80688,0.82,0.526875,0.5355,0.9125,0.9275,4.529255,26.015625,0.2644390221943927,53.15625,0.5403132453485431,0.390234375,0.396658533291589,1.86046875,1.8910963587199008,4.538458017011489,18586,,,0.0342067443585353,Information
312992,6083.0,9509.239566,KAZ,Kazakhstan,East-Kazakhstan,3.306248928,0.0,0.63,0.51,6083.0,,,,,,,,,,,,,,,,,,,,,,,,,27.26684263176937,66.12497856,0.0,,116.125,1.221,59.562,0.626,87.625,0.921,94.438,0.993,0.5956199999999999,0.626,1.314375,1.3815,2.36095,2.4825,8.760945,210.09375,2.20936436137588,289.6875,3.046379239915872,3.15140625,3.3140465420638203,10.1390625,10.662327339705552,27.26684263176937,65800,,,0.4141016382427865,Advisory
312993,6084.0,14020.03296,KAZ,Kazakhstan,East-Kazakhstan,3.051386193,0.0,0.63,0.51,6084.0,6084.0,1.0,2.0,100.0,-9999.0,-9999.0,3.0,9.0,10.0,-999.9,-999.9,-3955.6,0.0,0.0,0.0,0.0,0.0,0.0,0.0,0.0,0.0,0.0,0.0,-3955.6,47.28330551641792,61.02772386,0.0,,71.312,0.509,39.688,0.283,39.5,0.282,38.125,0.272,0.39688,0.283,0.5925,0.4229999999999999,0.953125,0.68,3.3285050000000003,285.890625,2.039158008993536,666.0,4.750345465122177,4.288359375,3.058737013490304,23.31,16.626209127927616,47.28330551641792,21612,,,0.5766406334335581,Advisory
312994,6085.0,6253.586179,KAZ,Kazakhstan,East-Kazakhstan,1.810872522,0.0,0.63,0.51,6085.0,6085.0,2.0,7.0,100.0,90.0,-9999.0,7.0,4.0,10.0,9.0,-999.9,-1956.8666666666668,0.0,0.0,0.0,0.0,0.0,0.0,0.0,0.0,0.0,0.0,0.0,-1956.8666666666668,4.5431149268721,36.21745044,0.0,,,,,,,,,,,,,,,,,16.453125,0.2630990367610906,42.890625,0.685856463351561,0.246796875,0.3946485551416359,1.501171875,2.400497621730464,4.5431149268721,4676,,,0.0041225243309856,Information
461104,9037.0,27094.86298,KAZ,Kazakhstan,Qyzylorda,2.242314401,0.0,0.63,0.51,9037.0,,,,,,,,,,,,,,,,,,,,,,,,,20.976668384752493,44.84628802,0.0,,62.5,0.231,60.188,0.222,27.688,0.102,2.562,0.009,0.60188,0.222,0.4153199999999999,0.153,0.06405,0.0225,1.4787499999999998,57.09375,0.2107179875140665,413.296875,1.525369865280398,0.85640625,0.3160769812710997,14.465390625,5.338794528481393,20.976668384752493,23435,,,0.1668436983343984,Information
461202,9040.0,6768.690255,KAZ,Kazakhstan,Qyzylorda,4.121335516,0.0,0.63,0.51,9040.0,,,,,,,,,,,,,,,,,,,,,,,,,6.182057514972094,82.42671032000001,0.0,,23.25,0.343,23.062,0.341,3.125,0.046,2.125,0.031,0.23062,0.341,0.046875,0.069,0.053125,0.0775,0.81812,0.0,0.0,71.296875,1.053333397134884,0.0,0.0,2.495390625,3.686666889972094,6.182057514972094,3838,,,0.1480741257263561,Information
461204,9042.0,8924.689858,KAZ,Kazakhstan,Qyzylorda,3.185111493,0.0,0.63,0.51,9042.0,,,,,,,,,,,,,,,,,,,,,,,,,1.0854243425182457,63.70222986,0.0,,4.812,0.054,4.812,0.054,2.062,0.023,0.562,0.006,0.04812,0.054,0.03093,0.0345,0.01405,0.015,0.1966,0.0,0.0,14.625,0.1638712407194987,0.0,0.0,0.511875,0.5735493425182455,1.0854243425182457,665,,,0.0002242343258302,Information
461402,9059.0,21515.00803,KAZ,Kazakhstan,Qyzylorda,3.4502261,0.0,0.63,0.51,9059.0,,,,,,,,,,,,,,,,,,,,,,,,,0.9588664657060992,69.00452200000001,0.0,,13.312,0.062,4.625,0.021,2.188,0.01,0.75,0.003,0.04625,0.021,0.03282,0.015,0.01875,0.0075,0.14132,0.0,0.0,18.703125,0.0869305973445998,0.0,0.0,0.654609375,0.3042570907060993,0.9588664657060992,46,,,0.0002546234682208,Information
461409,9066.0,4610.73028,KAZ,Kazakhstan,Qyzylorda,0.679062609,0.0,0.63,0.51,9066.0,,,,,,,,,,,,,,,,,,,,,,,,,21.55464273831063,13.58125218,0.0,,10.75,0.233,9.0,0.195,12.062,0.262,1.938,0.042,0.09,0.195,0.18093,0.393,0.04845,0.105,1.01238,48.234375,1.0461330867253558,173.671875,3.7666891023493134,0.723515625,1.5691996300880335,6.078515625,13.183411858222597,21.55464273831063,11328,,,0.0824751691030598,Information
462110,9139.0,17601.79482,KAZ,Kazakhstan,Qyzylorda,4.001304817,0.0,0.63,0.51,9139.0,,,,,,,,,,,,,,,,,,,,,,,,,19.63376856811724,80.02609634000001,0.0,,49.5,0.281,43.812,0.249,20.188,0.115,13.375,0.076,0.4381199999999999,0.249,0.30282,0.1725,0.334375,0.19,1.6868149999999995,0.28125,0.0015978484176149,357.609375,2.031664262997376,0.00421875,0.0023967726264223,12.516328125,7.110824920490816,19.63376856811724,53086,,,0.4931482500315249,Advisory
462120,9140.0,14821.5905,KAZ,Kazakhstan,Qyzylorda,1.269976307,0.0,0.63,0.51,9140.0,,,,,,,,,,,,,,,,,,,,,,,,,4.111890787126597,25.399526140000003,0.0,,36.938,0.249,28.438,0.192,7.062,0.048,4.062,0.027,0.2843799999999999,0.192,0.10593,0.072,0.10155,0.0675,0.82336,0.28125,0.0018975696301564,70.03125,0.4724948379089606,0.00421875,0.0028463544452345,2.45109375,1.653731932681362,4.111890787126597,72898,,,0.0018761735992822,Information
462131,9141.0,5918.923837,KAZ,Kazakhstan,Qyzylorda,3.330945794,0.0,0.63,0.51,9141.0,,,,,,,,,,,,,,,,,,,,,,,,,7.65686993337982,66.61891588,0.0,,11.938,0.202,11.25,0.19,4.5,0.076,2.125,0.036,0.1125,0.19,0.0675,0.1139999999999999,0.053125,0.09,0.6271249999999999,0.140625,0.002375854190358,81.28125,1.373243722026938,0.002109375,0.0035637812855369,2.84484375,4.806353027094283,7.65686993337982,115484,,,0.0704583195195655,Information
462134,9144.0,5071.235235,KAZ,Kazakhstan,Qyzylorda,4.002630683,0.0,0.63,0.51,9144.0,,,,,,,,,,,,,,,,,,,,,,,,,27.252843851411484,80.05261365999999,0.0,3.0,32.5,0.641,31.375,0.619,34.125,0.673,6.5,0.128,0.31375,0.619,0.511875,1.0095,0.1625,0.32,2.936625,89.296875,1.7608505791897398,223.734375,4.411831923607679,1.339453125,2.64127586878461,7.830703125,15.441411732626875,27.252843851411484,12221,24.0,0.2,0.6225024436431952,Watch
462135,9145.0,9838.751589,KAZ,Kazakhstan,Qyzylorda,3.691929058,0.0,0.63,0.51,9145.0,,,,,,,,,,,,,,,,,,,,,,,,,41.82857437348585,73.83858116,0.0,3.0,13.125,0.133,12.0,0.122,17.062,0.173,5.0,0.051,0.12,0.122,0.25593,0.2594999999999999,0.125,0.1275,1.00993,148.21875,1.5064792382743508,529.171875,5.378445326021235,2.22328125,2.259718857411526,18.521015625,18.82455864107432,41.82857437348585,383972,697.0,0.18,0.6805702273407369,Watch
462137,9147.0,12457.27687,KAZ,Kazakhstan,Qyzylorda,3.126703575,0.0,0.63,0.51,9147.0,9147.0,0.0,3.0,-9999.0,-9999.0,-9999.0,0.0,8.0,-999.9,-999.9,-999.9,-5983.4,0.0,0.0,0.0,0.0,0.0,0.0,0.0,0.0,0.0,0.0,0.0,-5983.4,21.188434907171263,62.5340715,0.0,,,,,,,,,,,,,,,,,0.0,0.0,335.8125,2.6957135449060745,0.0,0.0,11.7534375,9.43499740717126,21.188434907171263,98653,,,0.2843468398655873,Information
462138,9148.0,13227.93706,KAZ,Kazakhstan,South Kazakhstan,0.900102211,0.0,0.63,0.51,9148.0,,,,,,,,,,,,,,,,,,,,,,,,,17.18537824854952,18.00204422,0.0,,2.125,0.016,2.125,0.016,8.812,0.067,17.375,0.131,0.02125,0.016,0.13218,0.1005,0.434375,0.3275,1.031805,46.40625,0.3508200090913632,259.734375,1.9635289599749928,0.69609375,0.5262300136370448,9.090703125,6.872351359912476,17.18537824854952,439931,,,0.0590691887969964,Information
462140,9150.0,14411.4896,KAZ,Kazakhstan,South Kazakhstan,2.320968865,0.0,0.63,0.51,9150.0,9150.0,1.0,11.0,100.0,-9999.0,-9999.0,3.0,1.0,10.0,-999.9,-999.9,-2971.9,0.0,0.0,0.0,0.0,0.0,0.0,0.0,0.0,0.0,0.0,0.0,-2971.9,0.6169467886394047,46.41937730000001,0.0,,,,,,,,,,,,,,,,,0.0,0.0,10.40625,0.0722080110398299,0.0,0.0,0.36421875,0.2527280386394047,0.6169467886394047,1735703,,,4.019174322609572e-06,Information
462150,9151.0,9908.510154,KAZ,Kazakhstan,South Kazakhstan,4.026085622,0.0,0.63,0.51,9151.0,,,,,,,,,,,,,,,,,,,,,,,,,41.20969223525243,80.52171244,0.0,3.0,171.938,1.735,113.312,1.144,168.25,1.698,202.312,2.042,1.13312,1.144,2.52375,2.547,5.0578,5.105,17.51067,127.6875,1.2886649759759488,531.28125,5.361868148939576,1.9153125,1.9329974639639231,18.59484375,18.76653852128852,41.20969223525243,84290,4026.0,4.78,0.7731838172888503,Watch
462171,9161.0,11225.09777,KAZ,Kazakhstan,South Kazakhstan,1.007988265,0.0,0.63,0.51,9161.0,,,,,,,,,,,,,,,,,,,,,,,,,21.709593710996582,20.1597653,0.0,,24.0,0.214,18.438,0.164,19.812,0.177,26.0,0.232,0.18438,0.164,0.29718,0.2654999999999999,0.65,0.5800000000000001,2.1410600000000004,83.25,0.7416416469973641,292.359375,2.604515175857297,1.24875,1.1124624704960462,10.232578125,9.11580311550054,21.709593710996582,1612553,,,0.09641148739257,Information
462203,9182.0,8567.971255,KAZ,Kazakhstan,Qaraghandy,2.382099523,0.0,0.63,0.51,9182.0,,,,,,,,,,,,,,,,,,,,,,,,,0.433,47.64199046,0.0,,27.375,0.32,20.0,0.233,0.0,0.0,0.0,0.0,0.2,0.233,0.0,0.0,0.0,0.0,0.433,,,,,,,,,,0,,,8.128773558549509e-07,Information
462204,9183.0,4662.779939,KAZ,Kazakhstan,Qyzylorda,0.128881344,0.0,0.63,0.51,9183.0,,,,,,,,,,,,,,,,,,,,,,,,,0.7495552240776957,2.5776268800000004,0.0,,15.062,0.323,10.062,0.216,0.0,0.0,0.0,0.0,0.1006199999999999,0.216,0.0,0.0,0.0,0.0,0.31662,1.125,0.0241272377145815,6.328125,0.135715712144521,0.016875,0.0361908565718722,0.221484375,0.4750049925058235,0.7495552240776957,37,,,5.655769545208364e-07,Information
462205,9184.0,8753.658611,KAZ,Kazakhstan,Qaraghandy,1.45086238,0.0,0.63,0.51,9184.0,,,,,,,,,,,,,,,,,,,,,,,,,0.2415,29.0172476,0.0,,12.812,0.146,11.25,0.129,0.0,0.0,0.0,0.0,0.1125,0.129,0.0,0.0,0.0,0.0,0.2415,,,,,,,,,,9209,,,6.6051322343806225e-09,Information
462301,9189.0,8100.865902,KAZ,Kazakhstan,Aqtöbe,2.282572315,0.0,0.63,0.51,9189.0,,,,,,,,,,,,,,,,,,,,,,,,,4.474457966134462,45.6514463,0.0,,5.0,0.062,2.25,0.028,0.312,0.004,1.938,0.024,0.0225,0.028,0.00468,0.006,0.04845,0.06,0.16963,0.28125,0.0034718510760315,57.09375,0.7047857684344042,0.00421875,0.0052077766140472,1.99828125,2.4667501895204147,4.474457966134462,1733,,,0.0062618689079149,Information
462303,9191.0,4188.971561,KAZ,Kazakhstan,Aqtöbe,0.223435255,0.0,0.63,0.51,9191.0,,,,,,,,,,,,,,,,,,,,,,,,,4.80614874969255,4.4687051,0.0,,14.375,0.343,12.625,0.301,8.062,0.192,4.688,0.112,0.12625,0.301,0.12093,0.288,0.1171999999999999,0.28,1.23338,0.421875,0.0100710877096904,40.359375,0.9634673908937182,0.006328125,0.0151066315645356,1.412578125,3.372135868128014,4.80614874969255,1978,,,0.0013969079105296,Information
462304,9192.0,7254.976955,KAZ,Kazakhstan,Aqtöbe,3.099844121,0.0,0.63,0.51,9192.0,,,,,,,,,,,,,,,,,,,,,,,,,9.247748653103493,61.99688242,0.0,,93.312,1.286,67.938,0.936,35.062,0.483,26.875,0.37,0.67938,0.936,0.52593,0.7244999999999999,0.671875,0.925,4.462685,0.0,0.0,111.09375,1.5312764008867124,0.0,0.0,3.88828125,5.359467403103493,9.247748653103493,648,,,0.0787855209090421,Information
462306,9194.0,2559.6443,KAZ,Kazakhstan,Aqtöbe,3.130752811,0.0,0.63,0.51,9194.0,,,,,,,,,,,,,,,,,,,,,,,,,7.68312,62.61505622,0.0,,55.875,2.183,49.312,1.927,29.625,1.157,25.125,0.982,0.49312,1.927,0.444375,1.7355,0.628125,2.455,7.68312,0.0,0.0,25.3125,0.9889069352447398,0.0,0.0,0.8859375,3.4611742733565896,4.347111773356589,36077,,,0.0567971295157575,Information
462307,9195.0,3509.609414,KAZ,Kazakhstan,Aqtöbe,0.269052755,0.0,0.63,0.51,9195.0,,,,,,,,,,,,,,,,,,,,,,,,,8.26039995746318,5.381055099999999,0.0,,52.625,1.499,50.812,1.448,19.812,0.565,14.312,0.408,0.50812,1.448,0.29718,0.8474999999999999,0.3578,1.02,4.4786,0.0,0.0,61.3125,1.7469892735609087,0.0,0.0,2.1459375,6.114462457463181,8.26039995746318,37,,,0.0073765318866584,Information
462410,9196.0,3582.115927,KAZ,Kazakhstan,Qostanay,1.709688676,0.0,0.63,0.51,9196.0,,,,,,,,,,,,,,,,,,,,,,,,,27.48913808782364,34.19377352,0.0,,149.625,4.177,97.562,2.724,49.5,1.382,44.75,1.249,0.97562,2.724,0.7425,2.073,1.11875,3.1225000000000005,10.75637,58.078125,1.6213357183388926,182.25,5.087775038661513,0.871171875,2.432003577508339,6.37875,17.807212635315295,27.48913808782364,0,,,0.1913523845812302,Information
462412,9198.0,31786.26186,KAZ,Kazakhstan,Qaraghandy,2.13935578,0.0,0.63,0.51,9198.0,,,,,,,,,,,,,,,,,,,,,,,,,13.713345852298168,42.78711559999999,0.0,,255.688,0.804,166.188,0.523,48.438,0.152,30.75,0.097,1.6618799999999998,0.523,0.7265700000000002,0.2279999999999999,0.76875,0.2425,4.1507,71.015625,0.2234160950270388,267.609375,0.8419026313593165,1.065234375,0.3351241425405582,9.366328125,2.946659209757608,13.713345852298168,6102,,,0.0765869964569705,Information
462413,9199.0,9155.509756,KAZ,Kazakhstan,Aqtöbe,3.270695848,0.0,0.63,0.51,9199.0,,,,,,,,,,,,,,,,,,,,,,,,,100.0,65.41391696,0.0,2.0,1677.125,18.318,1383.75,15.114,1216.438,13.286,1080.312,11.8,10.0,10.0,15.0,15.0,25.0,25.0,100.0,1999.828125,21.84289218398533,2527.3125,27.604279469136088,15.0,15.0,35.0,35.0,100.0,248,,,0.8558183210701243,Warning
462414,9200.0,29554.69298,KAZ,Kazakhstan,Aqtöbe,2.341148523,0.0,0.63,0.51,9200.0,,,,,,,,,,,,,,,,,,,,,,,,,14.83563,46.82297046000001,0.0,,1570.562,5.314,888.938,3.008,66.0,0.223,48.25,0.163,8.88938,3.008,0.99,0.3345,1.20625,0.4075,14.83563,61.59375,0.20840598828716,192.234375,0.6504360410697438,0.92390625,0.31260898243074,6.728203125,2.276526143744104,10.241244501174844,27437,,,0.100872667997715,Information
462415,9201.0,3309.137637,KAZ,Kazakhstan,Aqtöbe,3.217880048,0.0,0.63,0.51,9201.0,,,,,,,,,,,,,,,,,,,,,,,,,64.66901224748591,64.35760096,0.0,3.0,398.375,12.039,378.375,11.434,325.75,9.844,193.125,5.836,3.78375,10.0,4.88625,14.765999999999998,4.828125,14.59,52.854125,175.078125,5.290747748323943,545.90625,16.496933942966706,2.626171875,7.936121622485914,19.10671875,35.0,64.66901224748591,62,14.0,22.58,0.7243276146859163,Watch
462416,9202.0,12761.24503,KAZ,Kazakhstan,Aqtöbe,2.850585976,0.0,0.63,0.51,9202.0,,,,,,,,,,,,,,,,,,,,,,,,,30.3833142521152,57.01171952,0.0,,638.188,5.001,502.188,3.935,273.875,2.146,156.688,1.228,5.02188,3.935,4.108125,3.219,3.9172,3.07,23.271205,45.28125,0.3548341082619468,467.296875,3.661843918492079,0.67921875,0.5322511623929201,16.355390625,12.816453714722275,30.3833142521152,446,,,0.364282907803528,Advisory
462417,9203.0,8523.141328,KAZ,Kazakhstan,Qostanay,2.307764229,0.0,0.63,0.51,9203.0,,,,,,,,,,,,,,,,,,,,,,,,,51.44603505012971,46.15528458,0.0,,377.312,4.427,278.125,3.263,137.062,1.608,68.812,0.807,2.78125,3.263,2.05593,2.412,1.7203,2.0175,14.24998,59.90625,0.7028658530671134,650.671875,7.634179113008295,0.89859375,1.05429877960067,22.773515625,26.719626895529032,51.44603505012971,9735,,,0.481826144335487,Advisory
462418,9204.0,23095.60537,KAZ,Kazakhstan,Qostanay,2.387122941,0.0,0.63,0.51,9204.0,,,,,,,,,,,,,,,,,,,,,,,,,54.05658975379529,47.74245882,0.0,,536.812,2.324,393.75,1.705,354.125,1.533,483.25,2.092,3.9375,1.705,5.311875,2.2995,12.08125,5.23,30.565125,159.046875,0.6886456208903552,1031.90625,4.467976627845647,2.385703125,1.0329684313355327,35.0,15.637918197459763,54.05658975379529,5181,,,0.5135005200770654,Advisory
462419,9205.0,26088.01068,KAZ,Kazakhstan,Qostanay,1.089365441,0.0,0.63,0.51,9205.0,,,,,,,,,,,,,,,,,,,,,,,,,7.145052806227482,21.78730882,0.0,,22.0,0.084,13.562,0.052,6.75,0.026,5.5,0.021,0.13562,0.052,0.10125,0.039,0.1375,0.0525,0.5178699999999999,6.046875,0.0231787508624507,144.984375,0.5557509799810875,0.090703125,0.034768126293676,5.074453125,1.945128429933806,7.145052806227482,38737,,,0.0083553535597106,Information
462420,9206.0,21222.44157,KAZ,Kazakhstan,Aqtöbe,0.607246219,0.0,0.63,0.51,9206.0,,,,,,,,,,,,,,,,,,,,,,,,,32.87233964259076,12.14492438,0.0,,569.812,2.685,539.312,2.541,160.375,0.756,65.875,0.31,5.39312,2.541,2.405625,1.134,1.646875,0.775,13.89562,55.6875,0.2623991203641476,614.53125,2.8956670605841546,0.8353125,0.3935986805462214,21.50859375,10.13483471204454,32.87233964259076,732,,,0.1627896867562467,Information
462430,9207.0,4937.254625,KAZ,Kazakhstan,Aqtöbe,3.064901858,0.0,0.63,0.51,9207.0,,,,,,,,,,,,,,,,,,,,,,,,,34.08455,61.29803715999999,0.0,,548.562,11.111,407.375,8.251,229.0,4.638,150.312,3.044,4.07375,8.251,3.435,6.957,3.757800000000001,7.61,34.08455,22.78125,0.4614153356878416,125.15625,2.5349361034702413,0.34171875,0.6921230035317624,4.38046875,8.872276362145845,14.286586865677608,3386,,,0.4494519495996775,Advisory
462440,9208.0,17027.79414,KAZ,Kazakhstan,Aqtöbe,1.094065407,0.0,0.63,0.51,9208.0,,,,,,,,,,,,,,,,,,,,,,,,,38.04662,21.88130814,0.0,,1685.125,9.896,993.125,5.832,461.688,2.711,284.562,1.671,9.93125,5.832,6.925319999999999,4.0665,7.11405,4.1775,38.04662,22.359375,0.131311048381305,589.640625,3.462812741275547,0.335390625,0.1969665725719575,20.637421875,12.119844594464414,33.28962366703637,14697,,,0.2359419786256096,Advisory
462451,9209.0,16006.44385,KAZ,Kazakhstan,Qaraghandy,3.253003946,0.0,0.63,0.51,9209.0,,,,,,,,,,,,,,,,,,,,,,,,,21.98094169578878,65.06007892000001,0.0,,422.875,2.642,275.5,1.721,143.125,0.894,112.562,0.703,2.755,1.721,2.146875,1.341,2.81405,1.7574999999999998,12.535425,18.28125,0.1142118147915952,378.703125,2.3659416710289687,0.27421875,0.1713177221873928,13.254609375,8.28079584860139,21.98094169578878,360,,,0.3215193986614265,Information
462453,9211.0,2314.093326,KAZ,Kazakhstan,Qostanay,2.006643391,0.0,0.63,0.51,9211.0,,,,,,,,,,,,,,,,,,,,,,,,,45.578562531461984,40.13286782,0.0,,93.688,4.049,72.188,3.119,42.062,1.818,33.375,1.442,0.7218800000000001,3.119,0.63093,2.7270000000000003,0.834375,3.605,11.638185000000002,23.203125,1.0026875209746575,249.328125,10.774333179927686,0.348046875,1.5040312814619865,8.726484375,35.0,45.578562531461984,0,,,0.3925457008374677,Advisory
462455,9213.0,10027.0747,KAZ,Kazakhstan,Qaraghandy,0.867498495,0.0,0.63,0.51,9213.0,,,,,,,,,,,,,,,,,,,,,,,,,65.18016385838703,17.349969899999998,0.0,3.0,183.625,1.831,150.688,1.503,103.688,1.034,49.938,0.498,1.5068799999999998,1.503,1.55532,1.5510000000000002,1.24845,1.245,8.60965,48.375,0.4824437977413716,911.671875,9.09210215336428,0.725625,0.7236656966120574,31.908515625,31.82235753677498,65.18016385838703,45,0.0,0.0,0.4061499731654696,Watch
462460,9214.0,2156.287859,KAZ,Kazakhstan,Aqtöbe,0.271777339,0.0,0.63,0.51,9214.0,,,,,,,,,,,,,,,,,,,,,,,,,2.37162,5.43554678,0.0,,88.75,4.116,42.062,1.951,0.0,0.0,0.0,0.0,0.42062,1.951,0.0,0.0,0.0,0.0,2.37162,0.0,0.0,4.21875,0.1956487387304091,0.0,0.0,0.14765625,0.6847705855564319,0.8324268355564319,0,,,0.000114033692169,Information
462470,9215.0,20079.53089,KAZ,Kazakhstan,Aqtöbe,0.538025022,0.0,0.63,0.51,9215.0,,,,,,,,,,,,,,,,,,,,,,,,,23.21567582960283,10.76050044,0.0,,78.312,0.39,71.562,0.356,41.75,0.208,15.812,0.079,0.7156199999999999,0.356,0.62625,0.312,0.3953,0.1975,2.60267,185.625,0.9244488879883616,363.234375,1.8089783921772256,2.784375,1.3866733319825424,12.713203125,6.3314243726202895,23.21567582960283,1030,,,0.0890713001002767,Information
462512,9217.0,19411.73745,KAZ,Kazakhstan,Qaraghandy,2.484962045,0.0,0.63,0.51,9217.0,,,,,,,,,,,,,,,,,,,,,,,,,3.78835408103578,49.6992409,0.0,,8.062,0.042,7.0,0.036,7.562,0.039,2.5,0.013,0.07,0.036,0.11343,0.0584999999999999,0.0625,0.0325,0.37293,3.9375,0.0202841193863902,69.75,0.3593186862731985,0.0590625,0.0304261790795853,2.44125,1.257615401956195,3.78835408103578,140325,,,0.004853599812036,Information
462518,9223.0,3941.566402,KAZ,Kazakhstan,Qaraghandy,1.882851525,0.0,0.63,0.51,9223.0,,,,,,,,,,,,,,,,,,,,,,,,,0.907753910484346,37.6570305,0.0,,0.062,0.002,0.0,0.0,2.188,0.055,0.125,0.003,0.0,0.0,0.03282,0.0825,0.003125,0.0075,0.125945,0.703125,0.017838720150256,7.03125,0.1783872015025606,0.010546875,0.026758080225384,0.24609375,0.624355205258962,0.907753910484346,66,,,1.1714058760595168e-05,Information
462519,9224.0,15079.77566,KAZ,Kazakhstan,Qaraghandy,2.966490753,0.0,0.63,0.51,9224.0,,,,,,,,,,,,,,,,,,,,,,,,,1.966922725065516,59.32981506,0.0,,21.812,0.145,6.5,0.043,0.938,0.006,0.375,0.002,0.065,0.043,0.01407,0.009,0.009375,0.005,0.145445,3.375,0.0223809695619172,32.34375,0.2144842916350399,0.050625,0.0335714543428758,1.13203125,0.7506950207226397,1.966922725065516,30607,,,0.0012267218390999,Information
462520,9225.0,3416.954621,KAZ,Kazakhstan,Qyzylorda,3.854586057,0.0,0.63,0.51,9225.0,,,,,,,,,,,,,,,,,,,,,,,,,1.548852784326229,77.09172114,0.0,,0.062,0.002,0.062,0.002,0.438,0.013,0.812,0.024,0.00062,0.002,0.00657,0.0195,0.0203,0.06,0.10899,8.578125,0.2510459152188947,7.59375,0.2222373675708248,0.128671875,0.376568872828342,0.26578125,0.7778307864978868,1.548852784326229,0,,,0.0035301792856337,Information
462540,9227.0,6431.580305,KAZ,Kazakhstan,South Kazakhstan,2.505919813,0.0,0.63,0.51,9227.0,,,,,,,,,,,,,,,,,,,,,,,,,13.341590322351358,50.11839626,0.0,,13.25,0.206,9.438,0.147,12.625,0.196,12.312,0.191,0.09438,0.147,0.189375,0.294,0.3077999999999999,0.4775,1.510055,62.015625,0.9642361916741482,122.625,1.9066076170971813,0.930234375,1.4463542875112223,4.291875,6.673126659840135,13.341590322351358,566,,,0.0936236730520362,Information
462550,9228.0,29326.76609,KAZ,Kazakhstan,Qaraghandy,2.434577588,0.0,0.63,0.51,9228.0,,,,,,,,,,,,,,,,,,,,,,,,,3.376454647102338,48.69155176,0.0,,4.0,0.014,3.812,0.013,2.062,0.007,0.625,0.002,0.03812,0.013,0.03093,0.0105,0.015625,0.005,0.113175,47.109375,0.1606361057829004,51.75,0.1764599609794249,0.706640625,0.2409541586743506,1.81125,0.6176098634279872,3.376454647102338,1818,,,0.0032539507941763,Information
462560,9229.0,18030.48569,KAZ,Kazakhstan,Qaraghandy,1.245216598,0.0,0.63,0.51,9229.0,,,,,,,,,,,,,,,,,,,,,,,,,1.7893875717920826,24.90433196,0.0,,0.938,0.005,0.812,0.005,2.938,0.016,2.688,0.015,0.00812,0.005,0.04407,0.024,0.0672,0.0375,0.18589,3.234375,0.0179383686942185,31.5,0.1747041125002157,0.048515625,0.0269075530413277,1.1025,0.6114643937507549,1.7893875717920826,22460,,,9.315539291923488e-05,Information
462614,9233.0,8626.093245,KAZ,Kazakhstan,Zhambyl,3.304717354,0.0,0.63,0.51,9233.0,,,,,,,,,,,,,,,,,,,,,,,,,5.91354118971221,66.09434708,0.0,,13.938,0.162,2.875,0.033,2.125,0.025,1.5,0.017,0.02875,0.033,0.031875,0.0375,0.0375,0.0425,0.211125,6.046875,0.0700998102863286,75.65625,0.8770627426522049,0.090703125,0.1051497154294928,2.64796875,3.069719599282717,5.91354118971221,6193,,,0.0403762124287459,Information
462615,9234.0,7658.004909,KAZ,Kazakhstan,Zhambyl,2.490038954,0.0,0.63,0.51,9234.0,,,,,,,,,,,,,,,,,,,,,,,,,4.088872936127808,49.80077908,0.0,,89.438,1.168,47.5,0.62,2.688,0.035,1.125,0.015,0.475,0.62,0.04032,0.0525,0.028125,0.0375,1.253445,12.234375,0.1597592995187307,45.421875,0.5931293533856322,0.183515625,0.239638949278096,1.589765625,2.075952736849713,4.088872936127808,15654,,,0.0060754712892747,Information
462616,9235.0,9666.87636,KAZ,Kazakhstan,Zhambyl,0.778159025,0.0,0.63,0.51,9235.0,,,,,,,,,,,,,,,,,,,,,,,,,1.1272181703390587,15.5631805,0.0,,40.375,0.418,12.312,0.127,0.0,0.0,0.0,0.0,0.12312,0.127,0.0,0.0,0.0,0.0,0.25012,0.84375,0.0087282589391734,15.46875,0.1600180805515139,0.01265625,0.01309238840876,0.54140625,0.5600632819302986,1.1272181703390587,145024,,,7.93508451154375e-06,Information
462617,9236.0,1937.745405,KAZ,Kazakhstan,Zhambyl,0.022785255,0.0,0.63,0.51,9236.0,,,,,,,,,,,,,,,,,,,,,,,,,2.694315945369464,0.4557051,0.0,,26.312,1.358,11.875,0.613,5.562,0.287,0.5,0.026,0.11875,0.613,0.08343,0.4305,0.0125,0.065,1.32318,2.25,0.1161143251637023,11.53125,0.5950859164639744,0.03375,0.1741714877455534,0.40359375,2.0828007076239103,2.694315945369464,85010,,,0.0001534185038349,Information
462645,9246.0,1227.061978,KAZ,Kazakhstan,Zhambyl,0.780006831,0.0,0.63,0.51,9246.0,,,,,,,,,,,,,,,,,,,,,,,,,14.8029672906451,15.60013662,0.0,,1.375,0.112,1.375,0.112,1.062,0.087,1.125,0.092,0.01375,0.112,0.01593,0.1305,0.028125,0.2299999999999999,0.530305,9.421875,0.7678401882644256,42.1875,3.4380903952138464,0.141328125,1.1517602823966384,1.4765625,12.033316383248462,14.8029672906451,7742,,,0.0408647457047635,Information
462648,9249.0,10625.15737,KAZ,Kazakhstan,Zhambyl,2.091446789,0.0,0.63,0.51,9249.0,,,,,,,,,,,,,,,,,,,,,,,,,5.736590238212907,41.82893578,0.0,,3.938,0.037,2.375,0.022,1.312,0.012,3.875,0.036,0.02375,0.022,0.01968,0.018,0.096875,0.09,0.270305,6.046875,0.0569109217788032,81.84375,0.7702827087270576,0.090703125,0.0853663826682048,2.86453125,2.6959894805447018,5.736590238212907,212134,,,0.0102648635860653,Information
462660,9252.0,26469.85391,KAZ,Kazakhstan,Qaraghandy,1.285850584,0.0,0.63,0.51,9252.0,,,,,,,,,,,,,,,,,,,,,,,,,0.6364735913854824,25.71701168,0.0,,6.125,0.023,5.25,0.02,5.375,0.02,6.562,0.025,0.0525,0.02,0.080625,0.03,0.16405,0.0625,0.409675,11.109375,0.0419699142905727,8.4375,0.031875884271321,0.166640625,0.062954871435859,0.2953125,0.1115655949496235,0.6364735913854824,60,,,9.694318972708354e-07,Information
462680,9254.0,18699.081,KAZ,Kazakhstan,Zhambyl,1.149603152,0.0,0.63,0.51,9254.0,,,,,,,,,,,,,,,,,,,,,,,,,0.7607449999999999,22.99206304,0.0,,86.375,0.462,47.312,0.253,1.125,0.006,0.25,0.001,0.47312,0.253,0.016875,0.009,0.00625,0.0025,0.7607449999999999,,,,,,,,,,6577,,,1.943211526819141e-06,Information
463001,9255.0,2437.078551,KAZ,Kazakhstan,Almaty,4.012244081,0.0,0.63,0.51,9255.0,,,,,,,,,,,,,,,,,,,,,,,,,8.256538462789848,80.24488162,0.0,,30.875,1.267,16.938,0.695,0.688,0.028,0.0,0.0,0.1693799999999999,0.695,0.01032,0.042,0.0,0.0,0.9167,15.328125,0.6289549016245922,39.65625,1.6272044243865598,0.229921875,0.9434323524368884,1.38796875,5.695215485352959,8.256538462789848,6149,,,0.1914931400572094,Information
463002,9256.0,26297.15241,KAZ,Kazakhstan,East-Kazakhstan,2.264471134,0.0,0.63,0.51,9256.0,,,,,,,,,,,,,,,,,,,,,,,,,46.08136924779933,45.28942268,0.0,,812.125,3.088,472.5,1.797,54.562,0.207,73.75,0.28,4.725,1.797,0.8184299999999999,0.3105,1.84375,0.7000000000000001,10.194679999999998,451.546875,1.7170941856254427,760.359375,2.8914133483889035,6.773203125,2.575641278438164,26.612578125,10.119946719361163,46.08136924779933,97666,,,0.431857004777501,Advisory
463003,9257.0,1253.987089,KAZ,Kazakhstan,East-Kazakhstan,2.282801711,0.0,0.63,0.51,9257.0,,,,,,,,,,,,,,,,,,,,,,,,,13.062197106178813,45.65603422,0.0,,7.938,0.633,7.812,0.623,1.938,0.155,2.0,0.159,0.07812,0.623,0.02907,0.2324999999999999,0.05,0.3975,1.41019,15.328125,1.2223511022449185,35.015625,2.7923433436604097,0.229921875,1.8335266533673773,1.225546875,9.773201702811434,13.062197106178813,410,,,0.0769902948757107,Information
463004,9258.0,8540.69087,KAZ,Kazakhstan,East-Kazakhstan,0.27871796,0.0,0.63,0.51,9258.0,,,,,,,,,,,,,,,,,,,,,,,,,1.3126952118079136,5.5743592,0.0,,19.688,0.231,7.625,0.089,0.562,0.007,1.0,0.012,0.07625,0.089,0.00843,0.0105,0.025,0.03,0.23918,4.21875,0.0493958868703195,15.46875,0.1811182518578384,0.06328125,0.0740938303054792,0.54140625,0.6339138815024343,1.3126952118079136,6809,,,9.525590758307464e-06,Information
463005,9259.0,241.0929065,KAZ,Kazakhstan,East-Kazakhstan,4.057850534,0.0,0.63,0.51,9259.0,,,,,,,,,,,,,,,,,,,,,,,,,12.215682072205984,81.15701068,0.0,,0.938,0.389,0.938,0.389,0.0,0.0,0.0,0.0,0.00938,0.389,0.0,0.0,0.0,0.0,0.39838,2.109375,0.8749220499173094,7.3125,3.033063106380005,0.031640625,1.3123830748759642,0.2559375,10.615720872330018,12.215682072205984,41,,,0.332354697491499,Information
463006,9260.0,2778.196653,KAZ,Kazakhstan,East-Kazakhstan,0.372347736,0.0,0.63,0.51,9260.0,,,,,,,,,,,,,,,,,,,,,,,,,4.456442846125224,7.44695472,0.0,,5.125,0.184,2.688,0.097,1.0,0.036,0.688,0.025,0.02688,0.097,0.015,0.0539999999999999,0.0171999999999999,0.0625,0.27258,10.125,0.3644450434267287,23.34375,0.8402482945671802,0.151875,0.546667565140093,0.81703125,2.94086903098513,4.456442846125224,16657,,,0.0012089497365586,Information
463007,9261.0,8399.184373,KAZ,Kazakhstan,East-Kazakhstan,0.730954068,0.0,0.63,0.51,9261.0,,,,,,,,,,,,,,,,,,,,,,,,,3.2745924537866573,14.61908136,0.0,,6.688,0.08,6.5,0.077,0.312,0.004,0.812,0.01,0.065,0.077,0.00468,0.006,0.0203,0.025,0.19798,14.34375,0.1707755106173462,36.5625,0.4353101251030394,0.21515625,0.2561632659260193,1.2796875,1.523585437860638,3.2745924537866573,270699,,,0.0005552387796285,Information
463100,9264.0,2016.551546,KAZ,Kazakhstan,Almaty,4.080223569,0.0,0.63,0.51,9264.0,,,,,,,,,,,,,,,,,,,,,,,,,5.987358939846272,81.60447138,0.0,,7.562,0.375,4.812,0.239,0.312,0.015,0.375,0.019,0.04812,0.239,0.00468,0.0225,0.009375,0.0475,0.371175,0.703125,0.034867692896055,28.40625,1.4086547930006257,0.010546875,0.0523015393440825,0.99421875,4.93029177550219,5.987358939846272,0,,,0.1308340431633607,Information
463200,9265.0,7638.418963,KAZ,Kazakhstan,Almaty,1.868192207,0.0,0.63,0.51,9265.0,,,,,,,,,,,,,,,,,,,,,,,,,1.49305,37.363844140000005,0.0,,209.75,2.746,64.562,0.845,0.062,0.001,0.0,0.0,0.64562,0.845,0.0009299999999999,0.0015,0.0,0.0,1.49305,4.78125,0.0625947597657774,9.84375,0.1288715642236594,0.07171875,0.0938921396486661,0.34453125,0.4510504747828078,0.961192614431474,21613,,,9.329168679729488e-05,Information
463210,9266.0,11965.07991,KAZ,Kazakhstan,Qaraghandy,1.820658892,0.0,0.63,0.51,9266.0,,,,,,,,,,,,,,,,,,,,,,,,,11.644059253940863,36.41317784,0.0,,390.188,3.261,202.438,1.692,22.688,0.19,10.312,0.086,2.02438,1.692,0.3403199999999999,0.285,0.2578,0.2149999999999999,4.8145,45.84375,0.383146208410314,161.578125,1.3504140903786834,0.68765625,0.574719312615471,5.655234375,4.726449316325392,11.644059253940863,77549,,,0.044790684300414,Information
463220,9267.0,21781.29676,KAZ,Kazakhstan,Qaraghandy,1.798148992,0.0,0.63,0.51,9267.0,,,,,,,,,,,,,,,,,,,,,,,,,4.688305000000001,35.96297984,0.0,,561.875,2.58,300.0,1.377,7.312,0.034,4.125,0.019,3.0,1.377,0.10968,0.051,0.103125,0.0475,4.688305000000001,0.140625,0.0006456227173418,23.203125,0.1065277483614047,0.002109375,0.0009684340760127,0.812109375,0.3728471192649165,1.1880343033409293,11227,,,0.004469343706599,Information
463230,9268.0,19654.49145,KAZ,Kazakhstan,Qaraghandy,2.799005891,0.0,0.63,0.51,9268.0,,,,,,,,,,,,,,,,,,,,,,,,,15.80480635957464,55.98011782,0.0,,452.25,2.301,266.875,1.358,4.875,0.025,12.688,0.065,2.66875,1.358,0.073125,0.0375,0.3172,0.1625,4.617074999999999,33.890625,0.1724319608548111,284.765625,1.4488577623692638,0.508359375,0.2586479412822167,9.966796875,5.071002168292424,15.80480635957464,7516,,,0.1528403523767021,Information
463240,9269.0,14178.42047,KAZ,Kazakhstan,Almaty,2.040801198,0.0,0.63,0.51,9269.0,,,,,,,,,,,,,,,,,,,,,,,,,5.270967008037436,40.81602396,0.0,,132.375,0.934,57.0,0.402,0.062,0.0,0.5,0.004,0.57,0.402,0.0009299999999999,0.0,0.0125,0.01,0.99543,0.0,0.0,88.3125,0.622865573724982,0.0,0.0,3.0909375,2.180029508037437,5.270967008037436,589,,,0.0077936724180646,Information
463250,9270.0,18247.48296,KAZ,Kazakhstan,Qaraghandy,2.101193447,0.0,0.63,0.51,9270.0,,,,,,,,,,,,,,,,,,,,,,,,,3.883597153105664,42.02386894,0.0,,544.375,2.983,231.25,1.267,0.188,0.001,0.438,0.002,2.3125,1.267,0.00282,0.0015,0.01095,0.005,3.5997699999999995,2.53125,0.0138717762084652,70.59375,0.386868425369419,0.03796875,0.0208076643126978,2.47078125,1.3540394887929663,3.883597153105664,1348,,,0.0034330518685347,Information
463260,9271.0,18254.14958,KAZ,Kazakhstan,Almaty,2.951494101,0.0,0.63,0.51,9271.0,9271.0,1.0,13.0,39.0,7.0,2.0,3.0,1.0,3.9,0.7,0.2,16.599999999999998,0.0,0.0,0.0,0.0,0.0,0.0,0.0,0.0,0.0,0.0,0.0,16.599999999999998,16.599999999999998,59.02988202,0.0,,159.875,0.876,55.0,0.301,3.125,0.017,6.375,0.035,0.55,0.301,0.046875,0.0255,0.159375,0.0875,1.1702499999999998,55.40625,0.3035268762959774,152.578125,0.8358544689876537,0.83109375,0.4552903144439661,5.340234375,2.925490641456788,9.552109080900754,360424,,,0.183146136187956,Information
463271,9272.0,632.6653013,KAZ,Kazakhstan,Qaraghandy,4.045120183,0.0,0.63,0.51,9272.0,,,,,,,,,,,,,,,,,,,,,,,,,20.159497088104104,80.90240366,0.0,,3.938,0.622,3.938,0.622,0.188,0.03,0.75,0.119,0.03938,0.622,0.00282,0.045,0.01875,0.2975,1.0254500000000002,10.40625,1.64482704808875,29.8125,4.712207218848851,0.15609375,2.4672405721331248,1.0434375,16.49272526597098,20.159497088104104,176,,,0.5215774388354217,Advisory
463272,9273.0,2304.546866,KAZ,Kazakhstan,Qaraghandy,3.048992027,0.0,0.63,0.51,9273.0,,,,,,,,,,,,,,,,,,,,,,,,,2.75988,60.979840540000005,0.0,,118.812,5.156,51.688,2.243,0.0,0.0,0.0,0.0,0.51688,2.243,0.0,0.0,0.0,0.0,2.75988,2.953125,0.1281434126297223,10.6875,0.463757112374233,0.044296875,0.1922151189445834,0.3740625,1.6231498933098156,2.233724387254399,9290,,,0.0040378160055692,Information
463273,9274.0,5557.882255,KAZ,Kazakhstan,Almaty,4.011076638,0.0,0.63,0.51,9274.0,,,,,,,,,,,,,,,,,,,,,,,,,9.8233868713904,80.22153275999999,0.0,,183.125,3.295,62.0,1.116,1.625,0.029,2.312,0.042,0.62,1.116,0.024375,0.0435,0.0577999999999999,0.105,1.9666750000000004,16.734375,0.3010926505992617,93.09375,1.6749860058547166,0.251015625,0.4516389758988925,3.25828125,5.862451020491508,9.8233868713904,83,,,0.2420174022814185,Information
463274,9275.0,4238.500801,KAZ,Kazakhstan,Almaty,3.170172507,0.0,0.63,0.51,9275.0,,,,,,,,,,,,,,,,,,,,,,,,,3.6233467196067752,63.40345014,0.0,,97.875,2.309,26.5,0.625,0.875,0.021,0.562,0.013,0.265,0.625,0.013125,0.0315,0.01405,0.0325,0.981175,6.609375,0.155936622648655,27.984375,0.6602422958953694,0.099140625,0.2339049339729824,0.979453125,2.310848035633793,3.6233467196067752,1,,,0.0103735352935112,Information
463276,9277.0,5100.706742,KAZ,Kazakhstan,Almaty,1.314418187,0.0,0.63,0.51,9277.0,9277.0,1.0,13.0,47.0,21.0,3.0,3.0,1.0,4.7,2.1,0.3,-980.2,0.0,0.0,0.0,0.0,0.0,0.0,0.0,0.0,0.0,0.0,0.0,-980.2,0.899255711965627,26.28836374,0.0,,94.875,1.86,27.375,0.537,0.0,0.0,0.0,0.0,0.27375,0.537,0.0,0.0,0.0,0.0,0.8107500000000001,2.53125,0.0496254759971355,7.59375,0.1488764279914068,0.03796875,0.0744382139957032,0.26578125,0.5210674979699238,0.899255711965627,24359,,,5.256388371451516e-06,Information
463278,9279.0,10413.04645,KAZ,Kazakhstan,Almaty,2.009299278,0.0,0.63,0.51,9279.0,9279.0,1.0,13.0,37.0,3.0,2.0,3.0,1.0,3.7,0.3,0.2,17.799999999999997,0.0,0.0,0.0,0.0,0.0,0.0,0.0,0.0,0.0,0.0,0.0,17.799999999999997,17.799999999999997,40.18598556,0.0,,160.938,1.546,50.062,0.481,0.0,0.0,0.375,0.004,0.50062,0.481,0.0,0.0,0.009375,0.01,1.000995,5.765625,0.0553692430550804,37.125,0.3565239065010055,0.086484375,0.0830538645826206,1.299375,1.2478336727535193,2.71674691233614,24388,,,0.1127482415748258,Information
463279,9280.0,5953.547759,KAZ,Kazakhstan,Almaty,3.152462166,0.0,0.63,0.51,9280.0,,,,,,,,,,,,,,,,,,,,,,,,,8.301536228462911,63.04924332,0.0,,105.5,1.772,45.75,0.768,2.5,0.042,2.25,0.038,0.4575,0.768,0.0375,0.063,0.05625,0.095,1.47725,15.890625,0.2669101793310526,81.703125,1.372343488418952,0.238359375,0.4003652689965788,2.859609375,4.803202209466332,8.301536228462911,266,,,0.0676995469985838,Information
463280,9281.0,27501.65534,KAZ,Kazakhstan,East-Kazakhstan,2.262424537,0.0,0.63,0.51,9281.0,,,,,,,,,,,,,,,,,,,,,,,,,7.691945,45.24849074,0.0,,1168.625,4.249,539.812,1.963,4.625,0.017,6.938,0.025,5.3981200000000005,1.963,0.069375,0.0255,0.17345,0.0625,7.691945,6.75,0.0245439771383331,38.53125,0.1401052028313182,0.10125,0.0368159657074996,1.34859375,0.4903682099096136,1.9770279256171133,7359,,,0.0248445180075424,Information
463290,9282.0,22310.64382,KAZ,Kazakhstan,East-Kazakhstan,1.772038993,0.0,0.63,0.51,9282.0,,,,,,,,,,,,,,,,,,,,,,,,,3.437704056691172,35.44077986,0.0,,357.438,1.602,139.75,0.626,1.062,0.005,1.188,0.005,1.3975,0.626,0.01593,0.0075,0.0296999999999999,0.0125,2.08913,23.0625,0.1033699438965356,57.9375,0.259685468813248,0.3459375,0.1550549158448034,2.0278125,0.908899140846368,3.437704056691172,49300,,,0.0016797139931848,Information
463300,9283.0,1127.079368,KAZ,Kazakhstan,Almaty,4.128236596,0.0,0.63,0.51,9283.0,,,,,,,,,,,,,,,,,,,,,,,,,6.316850785852769,82.56473192,0.0,,57.25,5.08,16.0,1.42,2.312,0.205,1.438,0.128,0.16,1.42,0.03468,0.3075,0.0359499999999999,0.32,2.27813,0.0,0.0,18.28125,1.6220020102436483,0.0,0.0,0.63984375,5.677007035852769,6.316850785852769,0,,,0.1549875540455459,Information
463400,9284.0,19015.40717,KAZ,Kazakhstan,Qaraghandy,2.378467882,0.0,0.63,0.51,9284.0,,,,,,,,,,,,,,,,,,,,,,,,,7.006675,47.56935763999999,0.0,,758.062,3.987,407.0,2.14,30.125,0.158,2.812,0.015,4.07,2.14,0.451875,0.237,0.0702999999999999,0.0375,7.006675,2.953125,0.0155301696879583,30.09375,0.1582598244391943,0.044296875,0.0232952545319374,1.05328125,0.55390938553718,1.6747827650691174,7608,,,0.0220768930920868,Information
463500,9285.0,3327.912428,KAZ,Kazakhstan,Qaraghandy,2.685461908,0.0,0.63,0.51,9285.0,,,,,,,,,,,,,,,,,,,,,,,,,7.484757900773912,53.709238160000005,0.0,,217.625,6.539,109.375,3.287,2.938,0.088,0.75,0.023,1.09375,3.287,0.04407,0.132,0.01875,0.0574999999999999,4.633069999999999,8.4375,0.2535373205767003,49.78125,1.4958701914025316,0.1265625,0.3803059808650504,1.74234375,5.235545669908861,7.484757900773912,391,,,0.0342218987983328,Information
463602,9287.0,12084.19642,KAZ,Kazakhstan,Qaraghandy,3.941459296,0.0,0.63,0.51,9287.0,,,,,,,,,,,,,,,,,,,,,,,,,5.51162,78.82918592,0.0,,363.562,3.009,257.562,2.131,26.0,0.215,2.0,0.017,2.57562,2.131,0.39,0.3225,0.05,0.0425,5.51162,10.40625,0.0861145386628165,35.015625,0.2897637855005584,0.15609375,0.1291718079942247,1.225546875,1.0141732492519544,2.524985682246179,13699,,,0.0891891665306612,Information
463603,9288.0,644.4428727,KAZ,Kazakhstan,Zhambyl,4.017234916,0.0,0.63,0.51,9288.0,,,,,,,,,,,,,,,,,,,,,,,,,11.718235362897277,80.34469831999999,0.0,,37.875,5.877,27.0,4.19,0.75,0.116,0.0,0.0,0.27,4.19,0.01125,0.174,0.0,0.0,4.645250000000002,1.6875,0.2618540869271898,19.546875,3.033143173573283,0.0253125,0.3927811303907847,0.684140625,10.61600110750649,11.718235362897277,1137,,,0.3025079615650101,Information
463604,9289.0,7029.67574,KAZ,Kazakhstan,Zhambyl,2.166743869,0.0,0.63,0.51,9289.0,,,,,,,,,,,,,,,,,,,,,,,,,5.696545,43.33487738,0.0,,322.938,4.594,206.062,2.931,17.625,0.251,1.062,0.015,2.06062,2.931,0.264375,0.3765,0.02655,0.0375,5.696545,25.875,0.3680824117179314,52.875,0.7521684065540337,0.388125,0.5521236175768971,1.850625,2.632589422939118,5.423463040516015,488,,,0.0108008579971758,Information
463605,9290.0,2464.750042,KAZ,Kazakhstan,Zhambyl,4.10141477,0.0,0.63,0.51,9290.0,,,,,,,,,,,,,,,,,,,,,,,,,16.94006154500965,82.02829539999999,0.0,,6.25,0.254,5.75,0.233,0.5,0.02,0.875,0.036,0.0575,0.233,0.0075,0.03,0.021875,0.09,0.439875,2.8125,0.1141089340471003,94.5,3.834060183982572,0.0421875,0.1711634010706504,3.3075,13.419210643939,16.94006154500965,1446,,,0.4764293667237385,Advisory
463606,9291.0,20846.52014,KAZ,Kazakhstan,Zhambyl,1.458402329,0.0,0.63,0.51,9291.0,,,,,,,,,,,,,,,,,,,,,,,,,10.972179773307028,29.16804658,0.0,,190.312,0.913,118.375,0.568,14.25,0.068,7.812,0.037,1.18375,0.568,0.21375,0.102,0.1953,0.0925,2.3553,3.796875,0.018213471482892,210.234375,1.0084866617379111,0.056953125,0.027320207224338,7.358203125,3.529703316082689,10.972179773307028,9775,,,0.0310943985030584,Information
463608,9293.0,1985.935259,KAZ,Kazakhstan,Almaty,2.767194742,0.0,0.63,0.51,9293.0,,,,,,,,,,,,,,,,,,,,,,,,,4.727424174487998,55.34389484,0.0,,7.5,0.378,4.438,0.223,0.312,0.016,0.375,0.019,0.0443799999999999,0.223,0.00468,0.024,0.009375,0.0475,0.352935,2.671875,0.134539884318262,21.234375,1.06923802800303,0.040078125,0.2018098264773929,0.743203125,3.742333098010605,4.727424174487998,666,,,0.0123644820841081,Information
463609,9294.0,7415.841091,KAZ,Kazakhstan,Almaty,2.637912429,0.0,0.63,0.51,9294.0,,,,,,,,,,,,,,,,,,,,,,,,,1.6644743626384824,52.75824858,0.0,,36.938,0.498,15.188,0.205,0.0,0.0,0.0,0.0,0.15188,0.205,0.0,0.0,0.0,0.0,0.35688,0.0,0.0,20.25,0.273064103610995,0.0,0.0,0.70875,0.9557243626384824,1.6644743626384824,878,,,0.0004102740789008,Information
463700,9295.0,12624.01445,KAZ,Kazakhstan,Almaty,3.218229611,0.0,0.63,0.51,9295.0,,,,,,,,,,,,,,,,,,,,,,,,,41.10569510778996,64.36459221999999,0.0,,163.5,1.295,135.812,1.076,1.812,0.014,10.75,0.085,1.3581200000000002,1.076,0.02718,0.021,0.26875,0.2125,2.96355,68.625,0.5436067924098892,625.921875,4.958184084050035,1.029375,0.8154101886148337,21.907265625,17.353644294175123,41.10569510778996,14751,,,0.5567786700058106,Advisory
463800,9296.0,12947.47948,KAZ,Kazakhstan,Almaty,0.860513489,0.0,0.63,0.51,9296.0,,,,,,,,,,,,,,,,,,,,,,,,,0.7602549999999999,17.21026978,0.0,,58.062,0.448,42.688,0.33,0.125,0.001,0.0,0.0,0.42688,0.33,0.001875,0.0015,0.0,0.0,0.7602549999999999,0.0,0.0,12.234375,0.0944923297148179,0.0,0.0,0.428203125,0.3307231540018626,0.7589262790018627,145943,,,1.3633213693927686e-06,Information
463910,9297.0,9767.003828,KAZ,Kazakhstan,Almaty,0.358363672,0.0,0.63,0.51,9297.0,,,,,,,,,,,,,,,,,,,,,,,,,3.3611811670713543,7.167273440000001,0.0,,88.25,0.904,37.0,0.379,0.438,0.004,2.938,0.03,0.37,0.379,0.00657,0.006,0.07345,0.075,0.91002,3.09375,0.0316755276677136,46.125,0.4722533215913669,0.04640625,0.0475132915015704,1.614375,1.652886625569784,3.3611811670713543,2548576,,,0.0004525006199374,Information
463920,9298.0,6447.222451,KAZ,Kazakhstan,Almaty,0.570385536,0.0,0.63,0.51,9298.0,9298.0,1.0,25.0,47.0,9.0,2.0,3.0,1.0,4.7,0.9,0.2,-644.0666666666667,0.0,0.0,0.0,0.0,0.0,0.0,0.0,0.0,0.0,0.0,0.0,-644.0666666666667,13.01516640363378,11.40771072,0.0,,51.5,0.799,33.562,0.521,13.688,0.212,25.875,0.401,0.33562,0.521,0.20532,0.318,0.646875,1.0025,3.029315,46.125,0.7154243606372326,126.0,1.9543299607651232,0.691875,1.0731365409558489,4.41,6.840154862677931,13.01516640363378,384261,,,0.0275599754411804,Information
463930,9299.0,14547.15533,KAZ,Kazakhstan,Almaty,2.545586786,0.0,0.63,0.51,9299.0,,,,,,,,,,,,,,,,,,,,,,,,,22.468124077733982,50.91173572,0.0,,125.688,0.864,101.562,0.698,7.5,0.052,20.5,0.141,1.01562,0.698,0.1125,0.078,0.5125,0.3525,2.76912,149.0625,1.0246848719330433,316.546875,2.176005327095547,2.2359375,1.5370273078995649,11.079140625,7.616018644834415,22.468124077733982,73844,,,0.2172476559170906,Information
463940,9300.0,8236.959519,KAZ,Kazakhstan,Almaty,1.180511642,0.0,0.63,0.51,9300.0,,,,,,,,,,,,,,,,,,,,,,,,,1.813610274986276,23.61023284,0.0,,8.375,0.102,3.312,0.04,0.812,0.01,1.438,0.017,0.03312,0.04,0.01218,0.015,0.0359499999999999,0.0425,0.17875,0.140625,0.0017072440343112,23.34375,0.2834025096956596,0.002109375,0.0025608660514668,0.81703125,0.9919087839348086,1.813610274986276,32806,,,9.181658168776926e-05,Information
282300,16103.0,20000.18294,KAZ,Kazakhstan,Atyrau,3.192363263,0.0,0.63,0.51,16103.0,,,,,,,,,,,,,,,,,,,,,,,,,20.9818891509107,63.84726526,0.0,,54.688,0.273,45.625,0.228,2.75,0.014,22.75,0.114,0.45625,0.228,0.04125,0.021,0.56875,0.285,1.60025,52.171875,0.2608569889150366,377.296875,1.8864671192966127,0.782578125,0.3912854833725549,13.205390625,6.602634917538144,20.9818891509107,83959,,,0.2931887553639052,Information
282500,16104.0,939.4875028,KAZ,Kazakhstan,Atyrau,2.753444072,0.0,0.63,0.51,16104.0,,,,,,,,,,,,,,,,,,,,,,,,,8.27513,55.068881440000006,0.0,,18.25,1.943,18.125,1.929,13.312,1.417,13.188,1.404,0.18125,1.929,0.19968,2.1255,0.3297,3.51,8.27513,8.15625,0.8681594992677233,16.453125,1.7512872657642005,0.12234375,1.3022392489015848,0.575859375,6.129505430174701,8.129947804076286,142,,,0.045334810660784,Information
282700,16105.0,2013.764002,KAZ,Kazakhstan,Atyrau,3.536748781,0.0,0.63,0.51,16105.0,,,,,,,,,,,,,,,,,,,,,,,,,76.19984375,70.73497562,0.0,3.0,556.312,27.626,507.125,25.183,439.875,21.843,452.625,22.477,5.07125,10.0,6.598125,15.0,11.315625,25.0,72.985,298.96875,14.846265484014271,620.4375,30.80984163474645,4.48453125,15.0,21.7153125,35.0,76.19984375,13361,25.0,0.19,0.8307078716500992,Warning
282910,16106.0,3043.085495,KAZ,Kazakhstan,Atyrau,4.054437504,0.0,0.63,0.51,16106.0,,,,,,,,,,,,,,,,,,,,,,,,,85.04062,81.08875008,0.0,2.0,699.688,22.993,666.562,21.904,651.25,21.401,744.25,24.457,6.6656200000000005,10.0,9.76875,15.0,18.60625,25.0,85.04062,212.765625,6.991772835737923,1241.296875,40.79073286256356,3.191484375,10.487659253606886,35.0,35.0,83.67914362860688,11332,,,0.9336284345084892,Warning
291201,5084.0,37543.54028,AFG,Afghanistan,Kandahar,2.021852745,0.0,0.3,0.97,5084.0,,,,,,,,,,,,,,,,,,,,,,,,,5.360253457542499,40.4370549,0.0,,78.5,0.209,78.5,0.209,67.938,0.181,68.812,0.183,0.785,0.209,1.01907,0.2714999999999999,1.7203,0.4575,4.46237,0.0,0.0,120.9375,0.3221259878692856,0.0,0.0,4.2328125,1.1274409575424995,5.360253457542499,2083094,,,0.0080195985874286,Information
291450,5103.0,27131.24302,AFG,Afghanistan,Hilmand,4.100683052,0.0,0.3,0.97,5103.0,,,,,,,,,,,,,,,,,,,,,,,,,1.2192112217629365,82.01366104,0.0,,10.812,0.04,10.438,0.038,8.312,0.031,7.5,0.028,0.10438,0.038,0.12468,0.0465,0.1875,0.07,0.5710600000000001,0.0,0.0,25.453125,0.093814813360839,0.0,0.0,0.890859375,0.3283518467629365,1.2192112217629365,265400,,,0.0035575515810706,Information
291463,5106.0,2941.237913,AFG,Afghanistan,Hilmand,3.125798914,0.0,0.3,0.97,5106.0,,,,,,,,,,,,,,,,,,,,,,,,,8.489112964586468,62.515978280000006,0.0,,13.0,0.442,13.0,0.442,7.625,0.259,7.312,0.249,0.13,0.442,0.114375,0.3885,0.1828,0.6225,1.880175,0.0,0.0,55.125,1.874210847024705,0.0,0.0,1.929375,6.559737964586468,8.489112964586468,145963,,,0.0687546634675423,Information
291480,5114.0,15231.32879,AFG,Afghanistan,Zabul,4.019472871,0.0,0.3,0.97,5114.0,,,,,,,,,,,,,,,,,,,,,,,,,1.4594389767291172,80.38945741999999,0.0,,12.938,0.085,12.938,0.085,12.625,0.083,12.875,0.085,0.12938,0.085,0.189375,0.1245,0.321875,0.2125,1.06263,0.0,0.0,25.171875,0.1652638147797478,0.0,0.0,0.881015625,0.5784233517291173,1.4594389767291172,577096,,,0.0046882170420878,Information
291498,5122.0,4911.897521,AFG,Afghanistan,Paktika,4.00888253,0.0,0.3,0.97,5122.0,,,,,,,,,,,,,,,,,,,,,,,,,4.647020430760785,80.1776506,0.0,,8.25,0.168,8.25,0.168,6.625,0.135,6.312,0.129,0.0825,0.168,0.099375,0.2025,0.1578,0.3225,1.0326750000000002,0.0,0.0,43.734375,0.89037637307451,0.0,0.0,1.530703125,3.116317305760785,4.647020430760785,138864,,,0.073447892811584,Information
291499,5123.0,12398.83296,AFG,Afghanistan,Ghazni,4.040181706,0.0,0.3,0.97,5123.0,,,,,,,,,,,,,,,,,,,,,,,,,4.925892461179823,80.80363412,0.0,,22.562,0.182,22.312,0.18,19.188,0.155,17.625,0.142,0.22312,0.18,0.2878199999999999,0.2324999999999999,0.440625,0.355,1.719065,0.0,0.0,77.90625,0.6283353460513778,0.0,0.0,2.72671875,2.199173711179822,4.925892461179823,952906,,,0.0868808670595393,Information
291501,5124.0,28164.40745,AFG,Afghanistan,Nimroz,0.214020918,0.0,0.3,0.97,5124.0,,,,,,,,,,,,,,,,,,,,,,,,,23.68632,4.2804183600000005,0.0,,382.875,1.359,313.312,1.112,348.25,1.236,364.938,1.296,3.13312,1.112,5.22375,1.854,9.12345,3.24,23.68632,0.0,0.0,21.234375,0.0753943609090698,0.0,0.0,0.743203125,0.2638802631817443,1.0070833881817445,612091,,,0.0812781948042927,Information
291705,5135.0,99.00599752,AFG,Afghanistan,Farah,0.645183548,0.0,0.3,0.97,5135.0,,,,,,,,,,,,,,,,,,,,,,,,,34.641508604751166,12.90367096,0.0,,1.5,1.515,1.5,1.515,0.562,0.568,0.25,0.253,0.015,1.515,0.00843,0.8519999999999999,0.00625,0.6325000000000001,3.02918,0.0,0.0,9.703125,9.80054263707176,0.0,0.0,0.339609375,34.301899229751164,34.641508604751166,0,,,0.1782741718060536,Information
456544,8960.0,17794.50489,AFG,Afghanistan,Paktika,3.937337811,0.0,0.3,0.97,8960.0,,,,,,,,,,,,,,,,,,,,,,,,,1.6836341574724178,78.74675622,0.0,,21.875,0.123,19.125,0.107,17.0,0.096,16.5,0.093,0.19125,0.107,0.255,0.144,0.4125,0.2324999999999999,1.34225,0.0,0.0,30.796875,0.1730695807064051,0.0,0.0,1.077890625,0.6057435324724179,1.6836341574724178,345537,,,0.0056134666821694,Information
456603,8973.0,5468.14399,AFG,Afghanistan,Nangarhar,2.496230904,0.0,0.3,0.97,8973.0,8973.0,2.0,27.0,100.0,43.0,5.0,7.0,1.0,10.0,4.3,0.5,45.6,0.0,0.0,0.0,0.0,0.0,0.0,0.0,0.0,0.0,0.0,0.0,45.6,45.6,49.92461808,0.0,,6.438,0.118,6.438,0.118,2.938,0.054,3.312,0.061,0.0643799999999999,0.118,0.04407,0.081,0.0828,0.1525,0.54275,8.578125,0.1568745266272297,53.4375,0.9772511494811036,0.128671875,0.2353117899408445,1.8703125,3.4203790231838624,5.654675188124707,1663705,,,0.462704799081009,Advisory
456604,8974.0,37999.90621,AFG,Afghanistan,Kabul,4.08420071,0.0,0.3,0.97,8974.0,8974.0,2.0,26.0,100.0,92.0,2.0,7.0,1.0,10.0,9.2,0.2,-1952.1538461538464,0.0,0.0,0.0,0.0,0.0,0.0,0.0,0.0,0.0,0.0,0.0,-1952.1538461538464,1.2034545661979763,81.68401420000001,0.0,,,,,,,,,,,,,,,,,3.796875,0.0099918009776315,25.59375,0.067352139923294,0.056953125,0.0149877014664472,0.89578125,0.235732489731529,1.2034545661979763,8537464,,,0.0032387370882893,Information
456605,8975.0,2159.400563,AFG,Afghanistan,Kunar,4.091707885,0.0,0.3,0.97,8975.0,8975.0,2.0,27.0,96.0,31.0,5.0,7.0,1.0,9.6,3.1,0.5,42.400000000000006,0.0,0.0,0.0,0.0,0.0,0.0,0.0,0.0,0.0,0.0,0.0,42.400000000000006,42.400000000000006,81.83415769999999,0.0,,,,,,,,,,,,,,,,,0.140625,0.006512223919301,9.84375,0.4558556743510724,0.002109375,0.0097683358789515,0.34453125,1.5954948602287533,1.9519038211077049,348684,,,0.8016710970115559,Warning
456606,8976.0,3861.188141,AFG,Afghanistan,Nuristan,4.197447756,0.0,0.3,0.97,8976.0,8976.0,2.0,29.0,100.0,78.0,-9999.0,7.0,1.0,10.0,7.8,-999.9,-1457.6,0.0,0.0,0.0,0.0,0.0,0.0,0.0,0.0,0.0,0.0,0.0,-1457.6,0.1085376689586696,83.94895512,0.0,,,,,,,,,,,,,,,,,1.6875,0.0437041640699553,0.140625,0.0036420136724962,0.0253125,0.0655562461049329,0.004921875,0.0127470478537367,0.1085376689586696,181140,,,2.920038724810532e-07,Information
461722,9081.0,1287.744421,AFG,Afghanistan,Faryab,0.516205929,0.0,0.3,0.97,9081.0,,,,,,,,,,,,,,,,,,,,,,,,,3.839706923656425,10.32411858,0.0,,0.125,0.01,0.062,0.005,0.062,0.005,0.5,0.039,0.00062,0.005,0.0009299999999999,0.0075,0.0125,0.0975,0.12405,0.0,0.0,12.515625,0.971902871044693,0.0,0.0,0.438046875,3.401660048656425,3.839706923656425,18130,,,0.0008141035250121,Information
461740,9090.0,24395.2382,AFG,Afghanistan,Balkh,4.078000156,0.0,0.3,0.97,9090.0,,,,,,,,,,,,,,,,,,,,,,,,,0.6523064785752455,81.56000312,0.0,,1.562,0.006,1.562,0.006,1.062,0.004,1.625,0.007,0.01562,0.006,0.01593,0.006,0.040625,0.0175,0.101675,0.0,0.0,13.21875,0.0541857795929273,0.0,0.0,0.46265625,0.1896502285752455,0.6523064785752455,951018,,,0.0004162408166609,Information
461760,9092.0,14579.67856,AFG,Afghanistan,Balkh,4.032488721,0.0,0.3,0.97,9092.0,,,,,,,,,,,,,,,,,,,,,,,,,1.2778490388307164,80.64977442,0.0,,8.188,0.056,8.188,0.056,3.812,0.026,4.625,0.032,0.08188,0.056,0.05718,0.039,0.115625,0.08,0.429685,0.0,0.0,21.65625,0.1485372253802047,0.0,0.0,0.75796875,0.5198802888307165,1.2778490388307164,1003952,,,0.0032886008564589,Information
461777,9099.0,24.29969029,AFG,Afghanistan,Kunduz,4.061705187,0.0,0.3,0.97,9099.0,,,,,,,,,,,,,,,,,,,,,,,,,12.182463921205713,81.23410374000001,0.0,,0.75,3.086,0.75,3.086,0.125,0.514,0.062,0.257,0.0075,3.086,0.001875,0.771,0.00155,0.6425000000000001,4.510425,0.0,0.0,0.84375,3.472266477487346,0.0,0.0,0.02953125,12.152932671205711,12.182463921205713,4234,,,0.3328548408377275,Information
461779,9101.0,729.4359928,AFG,Afghanistan,Kunduz,4.034760957,0.0,0.3,0.97,9101.0,,,,,,,,,,,,,,,,,,,,,,,,,5.284977517914797,80.69521913999999,0.0,,2.875,0.394,2.875,0.394,1.875,0.257,1.375,0.189,0.02875,0.394,0.028125,0.3855,0.034375,0.4725,1.3432500000000005,0.0,0.0,10.265625,1.4073373265470848,0.0,0.0,0.359296875,4.925680642914797,5.284977517914797,17157,,,0.0975765875052266,Information
461781,9102.0,1349.549734,AFG,Afghanistan,Kunduz,4.001799536,0.0,0.3,0.97,9102.0,9102.0,1.0,23.0,52.0,17.0,3.0,3.0,1.0,5.2,1.7,0.3,22.4,0.0,0.0,0.0,0.0,0.0,0.0,0.0,0.0,0.0,0.0,0.0,22.4,22.4,80.03599072,0.0,,,,,,,,,,,,,,,,,0.0,0.0,10.6875,0.7919307994459304,0.0,0.0,0.3740625,2.771757798060756,3.145820298060756,42972,,,0.5458288968283561,Advisory
461782,9103.0,12154.06972,AFG,Afghanistan,Baghlan,4.055704556,0.0,0.3,0.97,9103.0,9103.0,2.0,17.0,62.0,35.0,15.0,7.0,1.0,6.2,3.5,1.5,31.2,0.0,0.0,0.0,0.0,0.0,0.0,0.0,0.0,0.0,0.0,0.0,31.2,31.2,81.11409112000001,0.0,,,,,,,,,,,,,,,,,,,,,,,,,,1069460,,,0.6921669474108109,Watch
461785,9106.0,1223.44444,AFG,Afghanistan,Baghlan,4.184005964,0.0,0.3,0.97,9106.0,9106.0,1.0,18.0,37.0,-9999.0,-9999.0,3.0,1.0,3.7,-999.9,-999.9,-3984.2,0.0,0.0,0.0,0.0,0.0,0.0,0.0,0.0,0.0,0.0,0.0,-3984.2,2.799394974625492,83.68011928,0.0,,,,,,,,,,,,,,,,,0.0,0.0,8.71875,0.7126396356072834,0.0,0.0,0.30515625,2.494238724625492,2.799394974625492,194123,,,0.0389518701140216,Information
461786,9107.0,3744.583805,AFG,Afghanistan,Baghlan,4.296350649,0.0,0.3,0.97,9107.0,9107.0,1.0,16.0,96.0,11.0,-9999.0,3.0,1.0,9.6,1.1,-999.9,-1970.4,0.0,0.0,0.0,0.0,0.0,0.0,0.0,0.0,0.0,0.0,0.0,-1970.4,-1970.4,85.92701298,0.0,,,,,,,,,,,,,,,,,,,,,,,,,,142156,,,,
461787,9108.0,3904.724254,AFG,Afghanistan,Baghlan,4.28087007,0.0,0.3,0.97,9108.0,9108.0,2.0,17.0,100.0,56.0,17.0,7.0,1.0,10.0,5.6,1.7,50.6,0.0,0.0,0.0,0.0,0.0,0.0,0.0,0.0,0.0,0.0,0.0,50.6,50.6,85.61740139999999,0.0,,,,,,,,,,,,,,,,,,,,,,,,,,62539,,,0.8957919212161733,Warning
461910,9122.0,4352.24413,AFG,Afghanistan,Kunduz,3.331732121,0.0,0.3,0.97,9122.0,,,,,,,,,,,,,,,,,,,,,,,,,6.360114177745286,66.63464242,0.0,,3.375,0.078,3.375,0.078,2.875,0.066,2.188,0.05,0.03375,0.078,0.043125,0.099,0.0547,0.125,0.433575,2.25,0.0516974676222563,54.140625,1.2439703146605434,0.03375,0.0775462014333844,1.894921875,4.353896101311902,6.360114177745286,609419,,,0.0487120594095395,Information
461920,9123.0,20976.84545,AFG,Afghanistan,Badakhshan,4.08712662,0.0,0.3,0.97,9123.0,9123.0,1.0,25.0,54.0,25.0,13.0,3.0,1.0,5.4,2.5,1.3,27.3,0.0,0.0,0.0,0.0,0.0,0.0,0.0,0.0,0.0,0.0,0.0,27.3,27.3,81.7425324,0.0,,,,,,,,,,,,,,,,,1.265625,0.0060334381685864,2.25,0.0107261122997093,0.018984375,0.0090501572528796,0.07875,0.0375413930489825,0.1443259253018621,1023632,,,0.6562729799986937,Watch
461966,9132.0,4558.823753,AFG,Afghanistan,Badakhshan,4.018122343,0.0,0.3,0.97,9132.0,,,,,,,,,,,,,,,,,,,,,,,,,0.8645034990962588,80.36244686,0.0,,12.188,0.267,7.625,0.167,0.062,0.001,0.062,0.001,0.07625,0.167,0.0009299999999999,0.0015,0.00155,0.0025,0.24973,0.0,0.0,7.734375,0.1696572497417882,0.0,0.0,0.270703125,0.5938003740962587,0.8645034990962588,3011,,,0.0008949560430242,Information
461967,9133.0,1750.955064,AFG,Afghanistan,Badakhshan,4.207047486,0.0,0.3,0.97,9133.0,,,,,,,,,,,,,,,,,,,,,,,,,0.1391299999999999,84.14094972,0.0,,0.188,0.011,0.188,0.011,0.0,0.0,0.75,0.043,0.00188,0.011,0.0,0.0,0.01875,0.1074999999999999,0.1391299999999999,,,,,,,,,,10563,,,1.08942115184639e-06,Information
281100,4677.0,3154.70805,IRN,Iran,Golestan,1.805717992,0.0,0.54,0.64,4677.0,,,,,,,,,,,,,,,,,,,,,,,,,28.310780125446257,36.11435984,0.0,,5.25,0.166,4.438,0.141,0.0,0.0,0.0,0.0,0.0443799999999999,0.141,0.0,0.0,0.0,0.0,0.18538,9.984375,0.316491251844798,189.703125,6.01333378505116,0.149765625,0.474736877767197,6.639609375,21.04666824767906,28.310780125446257,933837,,,0.2078648829721719,Information
281200,4678.0,11614.98122,IRN,Iran,Golestan,2.048895779,0.0,0.54,0.64,4678.0,,,,,,,,,,,,,,,,,,,,,,,,,7.208446220579624,40.97791558,0.0,,3.375,0.029,3.375,0.029,0.625,0.005,2.062,0.018,0.03375,0.029,0.009375,0.0075,0.0515499999999999,0.045,0.1761749999999999,10.828125,0.0932255058484774,106.03125,0.912883524801974,0.162421875,0.1398382587727161,3.71109375,3.195092336806909,7.208446220579624,1142271,,,0.0177478265425384,Information
281409,4688.0,8602.101938,IRN,Iran,North Khorasan,2.348942779,0.0,0.54,0.64,4688.0,,,,,,,,,,,,,,,,,,,,,,,,,0.5321793506619933,46.97885558,0.0,,36.375,0.423,6.75,0.078,0.0,0.0,0.0,0.0,0.0675,0.078,0.0,0.0,0.0,0.0,0.1455,0.0,0.0,7.03125,0.0817387430462838,0.0,0.0,0.24609375,0.2860856006619933,0.5321793506619933,757217,,,2.097643204261796e-06,Information
284007,4991.0,14859.26279,IRN,Iran,West Azarbajjan,2.850063375,0.0,0.54,0.64,4991.0,,,,,,,,,,,,,,,,,,,,,,,,,2.139716426690713,57.0012675,0.0,,3.625,0.024,3.625,0.024,0.562,0.004,2.812,0.019,0.03625,0.024,0.00843,0.006,0.0702999999999999,0.0475,0.1924799999999999,0.28125,0.001892758772272,36.421875,0.24511226100923,0.00421875,0.002839138158408,1.274765625,0.857892913532305,2.139716426690713,693561,,,0.0013476955877187,Information
284008,4992.0,4272.595671,IRN,Iran,East Azarbaijan,3.213951472,0.0,0.54,0.64,4992.0,,,,,,,,,,,,,,,,,,,,,,,,,1.841449313216071,64.27902944,0.0,,5.25,0.123,5.25,0.123,0.0,0.0,0.0,0.0,0.0525,0.123,0.0,0.0,0.0,0.0,0.1755,0.0,0.0,15.75,0.3686283752045917,0.0,0.0,0.55125,1.290199313216071,1.841449313216071,557724,,,0.0015125048160131,Information
284645,5037.0,18523.29966,IRN,Iran,West Azarbajjan,2.656708648,0.0,0.54,0.64,5037.0,,,,,,,,,,,,,,,,,,,,,,,,,12.332118120434156,53.13417296,0.0,,55.5,0.3,54.562,0.295,41.125,0.222,22.5,0.121,0.54562,0.295,0.616875,0.333,0.5625,0.3025,2.655495,6.609375,0.0356814127147331,225.984375,1.2200006432463015,0.099140625,0.0535221190720996,7.909453125,4.270002251362056,12.332118120434156,1018490,,,0.0909248062239084,Information
284802,5049.0,6021.995629,IRN,Iran,Qazvin,2.597966644,0.0,0.54,0.64,5049.0,,,,,,,,,,,,,,,,,,,,,,,,,3.0754631378526627,51.95933288,0.0,,10.625,0.176,8.875,0.147,0.0,0.0,0.062,0.001,0.08875,0.147,0.0,0.0,0.00155,0.0025,0.2397999999999999,2.25,0.0373630294472537,32.0625,0.5324231696233664,0.03375,0.0560445441708805,1.1221875,1.8634810936817825,3.0754631378526627,118429,,,0.0029925883177045,Information
284900,5057.0,28028.06148,IRN,Iran,Mazandaran,4.024197232,0.0,0.54,0.64,5057.0,,,,,,,,,,,,,,,,,,,,,,,,,41.04826691675544,80.48394463999999,0.0,3.0,80.562,0.287,49.375,0.176,0.312,0.001,0.062,0.0,0.49375,0.176,0.00468,0.0015,0.00155,0.0,0.6774800000000001,14.0625,0.0501729311925045,858.375,3.0625557199904807,0.2109375,0.0752593967887567,30.043125,10.718945019966682,41.04826691675544,3507953,68455.0,1.95,0.7714138594847801,Watch
291190,5083.0,4402.159182,IRN,Iran,Sistan and Baluchestan,2.510787249,0.0,0.54,0.64,5083.0,,,,,,,,,,,,,,,,,,,,,,,,,1.9000912202662807,50.21574498,0.0,,7.0,0.159,7.0,0.159,6.125,0.139,6.125,0.139,0.07,0.159,0.091875,0.2085,0.153125,0.3475,1.0300000000000002,0.0,0.0,16.59375,0.3769457057903659,0.0,0.0,0.58078125,1.3193099702662807,1.9000912202662807,70122,,,0.0005457825948296,Information
291600,5130.0,15754.91885,IRN,Iran,South Khorasan,3.835179605,0.0,0.54,0.64,5130.0,,,,,,,,,,,,,,,,,,,,,,,,,1.8264191506446923,76.7035921,0.0,,10.312,0.065,10.312,0.065,8.188,0.052,9.875,0.063,0.1031199999999999,0.065,0.12282,0.078,0.246875,0.1575,0.773315,0.0,0.0,31.921875,0.2026152930413407,0.0,0.0,1.117265625,0.7091535256446925,1.8264191506446923,57382,,,0.0054491666042758,Information
291704,5134.0,5909.18355,IRN,Iran,South Khorasan,4.030288134,0.0,0.54,0.64,5134.0,,,,,,,,,,,,,,,,,,,,,,,,,11.674193850855904,80.60576268,0.0,,5.625,0.095,5.562,0.094,2.312,0.039,1.5,0.025,0.05562,0.094,0.03468,0.0584999999999999,0.0375,0.0625,0.3428,0.0,0.0,123.890625,2.096577707387401,0.0,0.0,4.336171875,7.338021975855904,11.674193850855904,26125,,,0.3058686201510049,Information
292102,5146.0,7718.504744,IRN,Iran,Kerman,1.330729608,0.0,0.54,0.64,5146.0,,,,,,,,,,,,,,,,,,,,,,,,,1.67762,26.61459216,0.0,,146.125,1.893,73.062,0.947,0.0,0.0,0.0,0.0,0.7306199999999999,0.947,0.0,0.0,0.0,0.0,1.67762,0.0,0.0,1.40625,0.0182192023787354,0.0,0.0,0.04921875,0.0637672083255739,0.1129859583255739,82237,,,7.893576877186607e-05,Information
292103,5147.0,4460.678043,IRN,Iran,Kerman,1.060949823,0.0,0.54,0.64,5147.0,,,,,,,,,,,,,,,,,,,,,,,,,0.49432,21.21899646,0.0,,46.5,1.042,14.25,0.319,0.688,0.015,0.0,0.0,0.1425,0.319,0.01032,0.0225,0.0,0.0,0.49432,0.0,0.0,1.40625,0.0315254763154111,0.0,0.0,0.04921875,0.1103391671039388,0.1595579171039388,11296,,,1.9761172828140878e-07,Information
292108,5151.0,3605.295868,IRN,Iran,Kerman,2.182610963,0.0,0.54,0.64,5151.0,,,,,,,,,,,,,,,,,,,,,,,,,0.1061199999999999,43.65221926,0.0,,23.562,0.654,2.812,0.078,0.0,0.0,0.0,0.0,0.02812,0.078,0.0,0.0,0.0,0.0,0.1061199999999999,,,,,,,,,,133275,,,1.7512346330946388e-10,Information
292109,5152.0,18148.22279,IRN,Iran,Kerman,1.291378284,0.0,0.54,0.64,5152.0,,,,,,,,,,,,,,,,,,,,,,,,,0.7481239068444789,25.827565680000003,0.0,,89.125,0.491,17.0,0.094,0.0,0.0,0.0,0.0,0.17,0.094,0.0,0.0,0.0,0.0,0.264,0.984375,0.0054240848335607,13.359375,0.0736125798840394,0.014765625,0.008136127250341,0.467578125,0.2576440295941379,0.7481239068444789,733739,,,2.1474184210978744e-06,Information
292304,5180.0,2084.303042,IRN,Iran,Razavi Khorasan,0.025732553,0.0,0.54,0.64,5180.0,,,,,,,,,,,,,,,,,,,,,,,,,0.12325,0.5146510599999999,0.0,,3.875,0.186,2.125,0.102,0.0,0.0,0.0,0.0,0.02125,0.102,0.0,0.0,0.0,0.0,0.12325,,,,,,,,,,204276,,,1.0890964421011299e-11,Information
292308,5184.0,1484.675271,IRN,Iran,Razavi Khorasan,0.020276482,0.0,0.54,0.64,5184.0,,,,,,,,,,,,,,,,,,,,,,,,,0.10675,0.4055296399999999,0.0,,6.438,0.434,1.375,0.093,0.0,0.0,0.0,0.0,0.01375,0.093,0.0,0.0,0.0,0.0,0.10675,,,,,,,,,,130980,,,4.004901649490418e-12,Information
292408,5193.0,29531.3669,IRN,Iran,Razavi Khorasan,0.945135864,0.0,0.54,0.64,5193.0,,,,,,,,,,,,,,,,,,,,,,,,,1.8447898194001024,18.90271728,0.0,,37.938,0.128,9.062,0.031,0.0,0.0,0.0,0.0,0.0906199999999999,0.031,0.0,0.0,0.0,0.0,0.1216199999999999,0.0,0.0,39.375,0.1333328055428864,0.0,0.0,1.378125,0.4666648194001024,1.8447898194001024,429623,,,7.738628948381586e-05,Information
292409,5194.0,23780.05661,IRN,Iran,Razavi Khorasan,0.262297486,0.0,0.54,0.64,5194.0,,,,,,,,,,,,,,,,,,,,,,,,,0.6152629180018145,5.2459497200000005,0.0,,79.75,0.335,12.25,0.052,0.0,0.0,0.0,0.0,0.1225,0.052,0.0,0.0,0.0,0.0,0.1745,0.0,0.0,12.375,0.0520394051433756,0.0,0.0,0.433125,0.1821379180018146,0.6152629180018145,703545,,,2.36454511668568e-07,Information
292550,5199.0,6611.588794,IRN,Iran,Semnan,0.105807117,0.0,0.54,0.64,5199.0,,,,,,,,,,,,,,,,,,,,,,,,,3.254074583094915,2.11614234,0.0,,14.438,0.218,6.875,0.104,0.0,0.0,0.0,0.0,0.06875,0.104,0.0,0.0,0.0,0.0,0.17275,1.6875,0.0255233659035168,36.28125,0.5487523669256115,0.0253125,0.0382850488552752,1.26984375,1.92063328423964,3.254074583094915,8183,,,0.0003321873002811,Information
292600,5210.0,5468.475756,IRN,Iran,Markazi,0.130320133,0.0,0.54,0.64,5210.0,,,,,,,,,,,,,,,,,,,,,,,,,4.218464884055406,2.60640266,0.0,,19.75,0.361,14.625,0.267,0.0,0.0,1.125,0.021,0.14625,0.267,0.0,0.0,0.028125,0.0525,0.493875,0.0,0.0,42.609375,0.7791819311586874,0.0,0.0,1.491328125,2.727136759055406,4.218464884055406,586506,,,0.0008467911292243,Information
292604,5214.0,9726.453889,IRN,Iran,Esfahan,0.028179094,0.0,0.54,0.64,5214.0,,,,,,,,,,,,,,,,,,,,,,,,,51.88162839669306,0.56358188,0.0,,98.938,1.017,36.5,0.375,0.0,0.0,0.0,0.0,0.365,0.375,0.0,0.0,0.0,0.0,0.74,213.75,2.1976149009385657,639.28125,6.572603512938631,3.20625,3.2964223514078483,22.37484375,23.00411229528521,51.88162839669306,794735,,,0.2576673198702636,Advisory
292608,5218.0,14023.5441,IRN,Iran,Markazi,4.013499653,0.0,0.54,0.64,5218.0,,,,,,,,,,,,,,,,,,,,,,,,,1.4418031935806033,80.26999306,0.0,,134.438,0.959,50.438,0.36,0.0,0.0,0.0,0.0,0.50438,0.36,0.0,0.0,0.0,0.0,0.86438,0.0,0.0,24.046875,0.1714750195944581,0.0,0.0,0.841640625,0.6001625685806034,1.4418031935806033,1219005,,,0.0044451224494697,Information
292702,5221.0,22542.53115,IRN,Iran,Yazd,1.194260217,0.0,0.54,0.64,5221.0,,,,,,,,,,,,,,,,,,,,,,,,,1.227177803583844,23.88520434,0.0,,23.75,0.105,13.875,0.062,0.188,0.001,0.062,0.0,0.13875,0.062,0.00282,0.0015,0.00155,0.0,0.20662,4.5,0.0199622658638263,22.359375,0.099187508510887,0.0675,0.0299433987957394,0.782578125,0.3471562797881045,1.227177803583844,995845,,,1.833438058698595e-05,Information
292703,5222.0,14007.66868,IRN,Iran,Esfahan,1.180036472,0.0,0.54,0.64,5222.0,,,,,,,,,,,,,,,,,,,,,,,,,7.195545753225511,23.60072944,0.0,,30.5,0.218,17.875,0.128,1.0,0.007,0.625,0.004,0.17875,0.128,0.015,0.0105,0.015625,0.01,0.357875,0.0,0.0,119.953125,0.8563389652072888,0.0,0.0,4.198359375,2.9971863782255106,7.195545753225511,74650,,,0.0090758023711935,Information
292801,5224.0,41755.07358,IRN,Iran,Esfahan,3.669936045,0.0,0.54,0.64,5224.0,,,,,,,,,,,,,,,,,,,,,,,,,28.39491851190981,73.3987209,0.0,,437.375,1.047,155.875,0.373,0.625,0.001,0.562,0.001,1.55875,0.373,0.009375,0.0015,0.01405,0.0025,1.959175,191.109375,0.4576913859801989,572.625,1.3713902308398604,2.866640625,0.6865370789702983,20.041875,4.799865807939511,28.39491851190981,4801466,,,0.5260128834125471,Advisory
292803,5226.0,20555.30563,IRN,Iran,Yazd,2.009105265,0.0,0.54,0.64,5226.0,,,,,,,,,,,,,,,,,,,,,,,,,3.3759636025130626,40.1821053,0.0,,81.812,0.398,42.812,0.208,0.0,0.0,0.0,0.0,0.42812,0.208,0.0,0.0,0.0,0.0,0.63612,7.03125,0.0342064969818285,61.875,0.3010171734400914,0.10546875,0.0513097454727427,2.165625,1.0535601070403198,3.3759636025130626,246114,,,0.0020225440788304,Information
292805,5228.0,14077.70289,IRN,Iran,Kerman,0.00158551,0.0,0.54,0.64,5228.0,,,,,,,,,,,,,,,,,,,,,,,,,12.517707646424329,0.0317102,0.0,,40.875,0.29,12.0,0.085,0.0,0.0,0.0,0.0,0.12,0.085,0.0,0.0,0.0,0.0,0.205,27.5625,0.1957883343643325,197.296875,1.401484862822237,0.4134375,0.2936825015464987,6.905390625,4.905197019877829,12.517707646424329,286932,,,0.0188680949369107,Information
292901,5230.0,21509.05473,IRN,Iran,Fars,3.043571975,0.0,0.54,0.64,5230.0,,,,,,,,,,,,,,,,,,,,,,,,,5.107880143783988,60.8714395,0.0,,91.188,0.424,56.688,0.264,4.125,0.019,5.188,0.024,0.56688,0.264,0.061875,0.0284999999999999,0.1296999999999999,0.06,1.110955,13.921875,0.0647256477554405,93.65625,0.4354270849002364,0.208828125,0.0970884716331607,3.27796875,1.5239947971508274,5.107880143783988,675865,,,0.0208717549901021,Information
292903,5232.0,4289.313211,IRN,Iran,Fars,0.018669238,0.0,0.54,0.64,5232.0,,,,,,,,,,,,,,,,,,,,,,,,,0.13562,0.37338476,0.0,,6.688,0.156,4.062,0.095,0.0,0.0,0.0,0.0,0.04062,0.095,0.0,0.0,0.0,0.0,0.13562,0.28125,0.0065569937693103,0.984375,0.0229494781925862,0.00421875,0.0098354906539654,0.034453125,0.0803231736740517,0.1288305393280171,1640089,,,2.065131270534107e-11,Information
293503,5256.0,10912.21465,IRN,Iran,Sistan and Baluchestan,4.008113538,0.0,0.54,0.64,5256.0,,,,,,,,,,,,,,,,,,,,,,,,,10.324328518103863,80.16227076,0.0,,27.75,0.254,10.312,0.095,10.875,0.1,9.938,0.091,0.1031199999999999,0.095,0.163125,0.15,0.24845,0.2274999999999999,0.987195,67.78125,0.6211502631756887,124.875,1.1443598209543808,1.01671875,0.931725394763533,4.370625,4.0052593733403326,10.324328518103863,470951,,,0.2568515340469333,Information
293504,5257.0,8537.67689,IRN,Iran,Sistan and Baluchestan,2.49341739,0.0,0.54,0.64,5257.0,,,,,,,,,,,,,,,,,,,,,,,,,0.8580000000000001,49.8683478,0.0,,148.875,1.744,39.5,0.463,0.0,0.0,0.0,0.0,0.395,0.463,0.0,0.0,0.0,0.0,0.8580000000000001,2.109375,0.0247066623302117,4.359375,0.0510604354824376,0.031640625,0.0370599934953175,0.152578125,0.1787115241885316,0.3999902676838491,45775,,,2.3729160045252617e-05,Information
293505,5258.0,12275.40376,IRN,Iran,Hormozgan,3.556395332,2.062177995,0.54,0.64,5258.0,,,,,,,,,,,,,,,,,,,,,,,,,10.377030927190102,71.12790664,41.2435599,,60.5,0.493,27.0,0.22,4.25,0.035,2.0,0.016,0.27,0.22,0.06375,0.0525,0.05,0.04,0.69625,61.3125,0.4994744059399692,137.109375,1.1169439123657567,0.9196875,0.7492116089099539,4.798828125,3.909303693280149,10.377030927190102,11737,,,0.1530875727078311,Information
293506,5259.0,6483.491852,IRN,Iran,Hormozgan,2.008774765,1.011994682,0.54,0.64,5259.0,,,,,,,,,,,,,,,,,,,,,,,,,1.8769905548645864,40.1754953,20.23989364,,4.0,0.062,3.188,0.049,1.438,0.022,0.688,0.011,0.03188,0.049,0.02157,0.033,0.0171999999999999,0.0274999999999999,0.18015,3.9375,0.0607311629261112,19.40625,0.2993178744215484,0.0590625,0.0910967443891668,0.67921875,1.0476125604754194,1.8769905548645864,42612,,,0.0002683420687092,Information
293509,5262.0,8682.303532,IRN,Iran,Hormozgan,4.076163097,0.100136547,0.54,0.64,5262.0,,,,,,,,,,,,,,,,,,,,,,,,,16.35663137862057,81.52326194,2.00273094,,20.625,0.238,7.312,0.084,0.25,0.003,0.0,0.0,0.07312,0.084,0.00375,0.0045,0.0,0.0,0.16537,74.953125,0.8632861627841576,185.0625,2.131490788412667,1.124296875,1.2949292441762363,6.4771875,7.460217759444335,16.35663137862057,749407,,,0.4514973702550078,Advisory
293606,5268.0,11150.19242,IRN,Iran,Kerman,1.569783397,0.0,0.54,0.64,5268.0,,,,,,,,,,,,,,,,,,,,,,,,,0.70943,31.39566794,0.0,,121.75,1.092,35.75,0.321,1.062,0.01,0.0,0.0,0.3575,0.321,0.01593,0.015,0.0,0.0,0.70943,0.421875,0.0037835669940647,5.90625,0.0529699379169062,0.006328125,0.005675350491097,0.20671875,0.1853947827091717,0.4041170082002687,106994,,,2.419503578427974e-06,Information
293608,5270.0,3306.582041,IRN,Iran,Hormozgan,2.963641816,0.0,0.54,0.64,5270.0,,,,,,,,,,,,,,,,,,,,,,,,,0.21675,59.27283632,0.0,,10.5,0.318,5.375,0.163,0.0,0.0,0.0,0.0,0.05375,0.163,0.0,0.0,0.0,0.0,0.21675,,,,,,,,,,6203,,,8.208877381565196e-08,Information
293700,5272.0,21364.9975,IRN,Iran,Hormozgan,4.011617621,2.33933913,0.54,0.64,5272.0,,,,,,,,,,,,,,,,,,,,,,,,,35.76251489979138,80.23235242,46.7867826,3.0,24.125,0.113,19.312,0.09,10.312,0.048,7.438,0.035,0.19312,0.09,0.15468,0.072,0.1859499999999999,0.0875,0.78325,247.21875,1.1571204255229022,590.0625,2.761818717573435,3.70828125,1.7356806382843533,20.6521875,9.666365511507022,35.76251489979138,1155687,15578.0,1.35,0.7233604450130744,Watch
293801,5274.0,5268.519775,IRN,Iran,Bushehr,0.294496164,0.0,0.54,0.64,5274.0,,,,,,,,,,,,,,,,,,,,,,,,,2.113097896088422,5.88992328,0.0,,2.5,0.047,2.125,0.04,2.062,0.039,1.0,0.019,0.02125,0.04,0.03093,0.0584999999999999,0.025,0.0475,0.22318,10.546875,0.2001866833782673,16.3125,0.3096220702917202,0.158203125,0.300280025067401,0.5709375,1.083677246021021,2.113097896088422,183202,,,7.343289666025612e-05,Information
293807,5280.0,6498.335118,IRN,Iran,Fars,2.318223188,0.0,0.54,0.64,5280.0,,,,,,,,,,,,,,,,,,,,,,,,,3.441736250696958,46.36446376000001,0.0,,12.062,0.186,9.688,0.149,16.188,0.249,16.625,0.256,0.09688,0.149,0.2428199999999999,0.3735,0.415625,0.64,1.917825,4.078125,0.0627564587865267,36.984375,0.5691361607191908,0.061171875,0.09413468817979,1.294453125,1.991976562517168,3.441736250696958,71806,,,0.0030141711981632,Information
293901,5283.0,1070.07686,IRN,Iran,Bushehr,0.001672795,0.080458046,0.54,0.64,5283.0,,,,,,,,,,,,,,,,,,,,,,,,,47.65868903570084,0.0334559,1.60916092,,43.938,4.106,27.75,2.593,43.688,4.083,31.5,2.944,0.2775,2.593,0.6553200000000001,6.1245,0.7875,7.359999999999999,17.79782,78.75,7.359284450547153,97.875,9.146539245680032,1.18125,11.03892667582073,3.425625,32.01288735988011,47.65868903570084,267585,,,0.2342619863608689,Advisory
293903,5285.0,766.9365205,IRN,Iran,Bushehr,3.580741932,4.016082005,0.54,0.64,5285.0,,,,,,,,,,,,,,,,,,,,,,,,,55.10328125,71.61483864,80.32164010000001,3.0,45.5,5.933,36.938,4.816,45.688,5.957,33.188,4.327,0.36938,4.816,0.6853200000000002,8.9355,0.8297,10.8175,26.4534,84.9375,11.074906166846368,109.40625,14.265359267891514,1.2740625,15.0,3.82921875,35.0,55.10328125,27775,1289.0,4.64,0.8484221575230262,Warning
293904,5286.0,11227.92322,IRN,Iran,Fars,0.624867252,0.0,0.54,0.64,5286.0,,,,,,,,,,,,,,,,,,,,,,,,,5.841181033161877,12.49734504,0.0,,98.438,0.877,19.75,0.176,21.688,0.193,17.688,0.158,0.1975,0.176,0.3253199999999999,0.2895,0.4422,0.395,1.82552,50.765625,0.4521372652350649,66.515625,0.5924125386597943,0.761484375,0.6782058978525973,2.328046875,2.07344388530928,5.841181033161877,475138,,,0.0033974120848871,Information
293905,5287.0,6906.628499,IRN,Iran,Bushehr,4.00305825,2.473894952,0.54,0.64,5287.0,,,,,,,,,,,,,,,,,,,,,,,,,22.261596656107283,80.06116499999999,49.47789904,,53.812,0.779,36.062,0.522,29.875,0.433,21.25,0.308,0.36062,0.522,0.448125,0.6495,0.53125,0.77,3.281495,78.328125,1.134100741255877,226.265625,3.2760647983495623,1.174921875,1.7011511118838154,7.919296875,11.466226794223468,22.261596656107283,210556,,,0.5438721339492986,Advisory
293906,5288.0,14523.07569,IRN,Iran,Kohgiluyeh and Buyer Ahmad,2.010996799,0.0,0.54,0.64,5288.0,,,,,,,,,,,,,,,,,,,,,,,,,10.874190492424129,40.21993598,0.0,,39.938,0.275,39.938,0.275,25.062,0.173,21.75,0.15,0.39938,0.275,0.37593,0.2594999999999999,0.54375,0.375,2.22856,20.8125,0.1433064210893701,175.078125,1.2055168530828777,0.3121875,0.2149596316340551,6.127734375,4.219308985790072,10.874190492424129,441671,,,0.0441643862871641,Information
293907,5289.0,4532.319356,IRN,Iran,Khuzestan,4.013950746,2.981165678,0.54,0.64,5289.0,,,,,,,,,,,,,,,,,,,,,,,,,75.0197161536844,80.27901492,59.62331356,3.0,125.125,2.761,95.375,2.104,76.125,1.68,68.875,1.52,0.95375,2.104,1.141875,2.52,1.721875,3.8,12.241500000000002,295.03125,6.5094982691229335,738.0,16.28305382095193,4.42546875,9.7642474036844,25.83,35.0,75.0197161536844,395905,49632.0,12.54,0.9092364203061504,Warning
293908,5290.0,13093.29435,IRN,Iran,Kohgiluyeh and Buyer Ahmad,2.661383362,0.688674498,0.54,0.64,5290.0,,,,,,,,,,,,,,,,,,,,,,,,,29.5301309905322,53.22766724,13.77348996,,54.125,0.413,46.25,0.353,102.25,0.781,74.0,0.565,0.4625,0.353,1.53375,1.1715,1.85,1.4125,6.78325,249.609375,1.9063909222824336,371.390625,2.8364948877453,3.744140625,2.8595863834236503,12.998671875,9.92773210710855,29.5301309905322,456556,,,0.3228009212318912,Information
293909,5291.0,3121.90462,IRN,Iran,Khuzestan,0.117579137,2.640406771,0.54,0.64,5291.0,,,,,,,,,,,,,,,,,,,,,,,,,100.0,2.35158274,52.80813542,3.0,580.375,18.59,569.688,18.248,506.938,16.238,480.25,15.383,5.69688,10.0,7.604069999999999,15.0,12.00625,25.0,75.3072,1193.90625,38.24288039932651,1841.203125,58.9769179114702,15.0,15.0,35.0,35.0,100.0,180847,6512.0,3.6,0.7736582256737446,Warning
294201,5294.0,1637.558849,IRN,Iran,Khuzestan,4.034788289,0.0,0.54,0.64,5294.0,,,,,,,,,,,,,,,,,,,,,,,,,53.76861175703204,80.69576577999999,0.0,3.0,25.625,1.565,23.938,1.462,11.312,0.691,10.688,0.653,0.2393799999999999,1.462,0.16968,1.0365,0.2672,1.6325,4.80726,68.625,4.190689088021359,327.234375,19.98306046685595,1.029375,6.286033632032039,11.453203125,35.0,53.76861175703204,167450,2501.0,1.49,0.8471686434802171,Warning
294202,5295.0,6557.21656,IRN,Iran,Khuzestan,1.140723353,0.0,0.54,0.64,5295.0,,,,,,,,,,,,,,,,,,,,,,,,,50.34372073624005,22.81446706,0.0,,16.938,0.258,14.812,0.226,11.75,0.179,19.125,0.292,0.14812,0.226,0.17625,0.2684999999999999,0.478125,0.73,2.026995,216.84375,3.306948123873759,476.71875,7.27013887155126,3.25265625,4.960422185810638,16.68515625,25.44548605042941,50.34372073624005,554143,,,0.3345665272487919,Advisory
294203,5296.0,4640.623743,IRN,Iran,Khuzestan,3.037518676,0.0,0.54,0.64,5296.0,,,,,,,,,,,,,,,,,,,,,,,,,26.31985572365252,60.75037352,0.0,,2.25,0.048,2.188,0.047,1.25,0.027,1.5,0.032,0.02188,0.047,0.01875,0.0405,0.0375,0.08,0.24563,43.3125,0.9333335862427264,219.796875,4.736364919796692,0.6496875,1.4000003793640896,7.692890625,16.577277219288423,26.31985572365252,1312871,,,0.3447188367504199,Information
294204,5297.0,22808.35902,IRN,Iran,Lorestan,1.734405744,0.0,0.54,0.64,5297.0,,,,,,,,,,,,,,,,,,,,,,,,,13.914843084194066,34.68811488,0.0,,5.688,0.025,5.562,0.024,1.688,0.007,3.75,0.016,0.05562,0.024,0.02532,0.0105,0.09375,0.04,0.24919,30.65625,0.1344079597113398,263.25,1.1541821127505878,0.45984375,0.2016119395670096,9.21375,4.039637394627057,13.914843084194066,1514119,,,0.0610259748104186,Information
294205,5298.0,13376.93431,IRN,Iran,Khuzestan,3.645354248,0.0,0.54,0.64,5298.0,,,,,,,,,,,,,,,,,,,,,,,,,14.284217797439188,72.90708495999999,0.0,,21.625,0.162,21.625,0.162,5.5,0.041,3.0,0.022,0.21625,0.162,0.0825,0.0615,0.075,0.0549999999999999,0.65225,20.25,0.151379976401074,224.859375,1.6809484879535934,0.30375,0.227069964601611,7.870078125,5.883319707837577,14.284217797439188,548677,,,0.2610482757227207,Information
294206,5299.0,14540.99147,IRN,Iran,Chahar Mahall and Bakhtiari,0.73484531,0.0,0.54,0.64,5299.0,,,,,,,,,,,,,,,,,,,,,,,,,1.887994845376728,14.6969062,0.0,,8.812,0.061,7.75,0.053,1.688,0.012,1.25,0.009,0.0775,0.053,0.02532,0.018,0.03125,0.0225,0.22757,3.375,0.0232102467492664,30.515625,0.209859314357951,0.050625,0.0348153701238996,1.068046875,0.7345076002528285,1.887994845376728,778628,,,6.928821840408024e-05,Information
294209,5302.0,3170.133048,IRN,Iran,Kohgiluyeh and Buyer Ahmad,0.873795536,0.0,0.54,0.64,5302.0,,,,,,,,,,,,,,,,,,,,,,,,,0.32675,17.47591072,0.0,,10.875,0.343,7.875,0.248,0.0,0.0,0.0,0.0,0.07875,0.248,0.0,0.0,0.0,0.0,0.32675,,,,,,,,,,324384,,,1.586160541908041e-08,Information
294401,5304.0,11783.75802,IRN,Iran,Khuzestan,4.014574499,0.0,0.54,0.64,5304.0,,,,,,,,,,,,,,,,,,,,,,,,,47.74090335361396,80.29148998,0.0,3.0,26.875,0.228,26.875,0.228,9.938,0.084,15.562,0.132,0.26875,0.228,0.14907,0.126,0.38905,0.33,1.49087,246.09375,2.088414830247185,632.390625,5.366629423783765,3.69140625,3.132622245370777,22.133671875,18.78320298324318,47.74090335361396,334503,4622.0,1.38,0.8118510275891357,Warning
294403,5306.0,3277.601306,IRN,Iran,Lorestan,1.801613997,0.0,0.54,0.64,5306.0,,,,,,,,,,,,,,,,,,,,,,,,,8.681824494369968,36.03227994,0.0,,10.625,0.324,10.625,0.324,7.688,0.235,8.0,0.244,0.10625,0.324,0.11532,0.3525,0.2,0.61,1.7080699999999998,19.828125,0.6049584177861977,52.734375,1.6089319621973346,0.297421875,0.9074376266792966,1.845703125,5.631261867690671,8.681824494369968,146905,,,0.0229046147695223,Information
294409,5312.0,8679.98154,IRN,Iran,Hamadan,1.788782862,0.0,0.54,0.64,5312.0,,,,,,,,,,,,,,,,,,,,,,,,,1.081922674742383,35.77565724,0.0,,0.0,0.0,0.0,0.0,0.0,0.0,2.0,0.023,0.0,0.0,0.0,0.0,0.05,0.0574999999999999,0.1075,2.671875,0.0307820355107839,13.21875,0.1522900704217734,0.040078125,0.0461730532661758,0.46265625,0.5330152464762069,1.081922674742383,804119,,,2.2167601168247144e-05,Information
294649,5325.0,6016.459992,IRN,Iran,Kordestan,0.484731376,0.0,0.54,0.64,5325.0,,,,,,,,,,,,,,,,,,,,,,,,,1.1867173662669863,9.69462752,0.0,,1.875,0.031,1.875,0.031,0.188,0.003,0.688,0.011,0.01875,0.031,0.00282,0.0045,0.0171999999999999,0.0274999999999999,0.10177,2.8125,0.0467467581241001,11.53125,0.1916617083088104,0.0421875,0.0701201371861501,0.40359375,0.6708159790808365,1.1867173662669863,545933,,,7.387846554566702e-06,Information
284505,5026.0,7806.060466,AZE,Azerbaijan,Quba-Khachmaz,4.001810913,0.0,0.61,0.54,5026.0,,,,,,,,,,,,,,,,,,,,,,,,,7.008900740168256,80.03621826,0.0,,2.75,0.035,2.312,0.03,0.812,0.01,1.312,0.017,0.0231199999999999,0.03,0.01218,0.015,0.0328,0.0425,0.1556,4.359375,0.055846031668291,85.921875,1.1007072693330913,0.065390625,0.0837690475024365,3.007265625,3.85247544266582,7.008900740168256,587348,,,0.1476100217474215,Information
284507,5028.0,3516.386524,AZE,Azerbaijan,Absheron,2.466967261,0.0,0.61,0.54,5028.0,,,,,,,,,,,,,,,,,,,,,,,,,8.408074411122346,49.339345220000006,0.0,,12.812,0.364,6.0,0.171,1.375,0.039,0.25,0.007,0.06,0.171,0.020625,0.0584999999999999,0.00625,0.0175,0.333875,20.8125,0.5918717938579924,53.578125,1.523669955810102,0.3121875,0.8878076907869885,1.875234375,5.332844845335357,8.408074411122346,2045204,,,0.0362506711760181,Information
284610,5030.0,2445.346625,AZE,Azerbaijan,Aran,4.04368544,0.0,0.61,0.54,5030.0,,,,,,,,,,,,,,,,,,,,,,,,,8.266298582694388,80.8737088,0.0,,2.875,0.118,2.875,0.118,0.0,0.0,0.0,0.0,0.02875,0.118,0.0,0.0,0.0,0.0,0.14675,0.0,0.0,46.40625,1.8977370950555392,0.0,0.0,1.62421875,6.642079832694387,8.266298582694388,267618,,,0.2007691526968901,Information
284630,5032.0,433.9212427,AZE,Azerbaijan,Aran,4.085751105,0.0,0.61,0.54,5032.0,5032.0,0.0,1.0,2.0,-9999.0,-9999.0,0.0,10.0,0.2,-999.9,-999.9,-3979.2,0.0,0.0,0.0,0.0,0.0,0.0,0.0,0.0,0.0,0.0,0.0,-3979.2,4.97068809879605,81.7150221,0.0,,,,,,,,,,,,,,,,,0.0,0.0,5.90625,1.3611340996560144,0.0,0.0,0.20671875,4.76396934879605,4.97068809879605,86026,,,0.0963690759897523,Information
284650,5042.0,23795.80255,AZE,Azerbaijan,Aran,3.100004895,0.0,0.61,0.54,5042.0,,,,,,,,,,,,,,,,,,,,,,,,,15.541332952751102,62.0000979,0.0,,12.938,0.054,10.188,0.043,9.625,0.04,10.5,0.044,0.10188,0.043,0.144375,0.06,0.2625,0.1099999999999999,0.721755,2.390625,0.0100464146786312,311.625,1.3095797016380446,0.035859375,0.0150696220179468,10.906875,4.583528955733156,15.541332952751102,1845445,,,0.1856394198463408,Information
284660,5043.0,11862.60586,AZE,Azerbaijan,Shaki-Zaqatala,1.965732785,0.0,0.61,0.54,5043.0,,,,,,,,,,,,,,,,,,,,,,,,,4.442170027070759,39.3146557,0.0,,10.438,0.088,8.562,0.072,14.25,0.12,13.562,0.114,0.0856199999999999,0.072,0.21375,0.18,0.33905,0.285,1.17542,1.546875,0.013039925786335,68.203125,0.5749421823975017,0.023203125,0.0195598886795025,2.387109375,2.012297638391256,4.442170027070759,649083,,,0.0044671335155423,Information
284670,5044.0,17699.77931,AZE,Azerbaijan,Ganja-Qazakh,1.411028715,0.0,0.61,0.54,5044.0,,,,,,,,,,,,,,,,,,,,,,,,,12.849087233316473,28.220574300000003,0.0,,62.125,0.351,52.375,0.296,89.5,0.506,61.188,0.346,0.52375,0.296,1.3425,0.759,1.5297,0.865,5.315950000000001,10.546875,0.0595876073689707,230.0625,1.2998043420751475,0.158203125,0.089381411053456,8.0521875,4.549315197263017,12.849087233316473,1331812,,,0.0426866809259853,Information
284700,5047.0,18960.13182,AZE,Azerbaijan,Lankaran,3.545331338,0.0,0.61,0.54,5047.0,,,,,,,,,,,,,,,,,,,,,,,,,48.91821128354032,70.90662676,0.0,3.0,6.625,0.035,6.625,0.035,0.375,0.002,4.375,0.023,0.06625,0.035,0.005625,0.003,0.109375,0.0574999999999999,0.27675,0.0,0.0,915.046875,4.826163045297234,0.0,0.0,32.026640625,16.891570658540317,48.91821128354032,3078999,64340.0,2.09,0.6983425069123023,Watch
284509,16107.0,1391.61743,AZE,Azerbaijan,Aran,4.105346042,0.0,0.61,0.54,16107.0,,,,,,,,,,,,,,,,,,,,,,,,,22.401180388739107,82.10692084,0.0,,5.0,0.359,3.25,0.234,1.312,0.094,1.0,0.072,0.0325,0.234,0.01968,0.141,0.025,0.18,0.63218,0.0,0.0,78.1875,5.6184622539254585,0.0,0.0,2.7365625,19.664617888739105,22.401180388739107,23730,,,0.5888935332668597,Advisory
284643,5035.0,18100.37827,ARM,Armenia,Syunik,3.243956929,0.0,0.67,0.46,5035.0,,,,,,,,,,,,,,,,,,,,,,,,,3.724483695094005,64.87913858,0.0,,9.25,0.051,6.0,0.033,3.562,0.02,4.0,0.022,0.06,0.033,0.05343,0.03,0.1,0.0549999999999999,0.33143,4.078125,0.0225306064816683,66.796875,0.3690357958204292,0.061171875,0.0337959097225024,2.337890625,1.2916252853715022,3.724483695094005,613178,,,0.0124204780676307,Information
293300,5243.0,17808.90444,PAK,Pakistan,Baluchistan,4.035968753,3.132958926,0.39,0.85,5243.0,,,,,,,,,,,,,,,,,,,,,,,,,21.410957934820004,80.71937505999999,62.659178520000005,,25.938,0.146,18.0,0.101,5.25,0.029,3.688,0.021,0.18,0.101,0.07875,0.0435,0.0922,0.0525,0.54795,140.0625,0.7864745439291035,331.734375,1.8627444268361,2.1009375,1.1797118158936553,11.610703125,6.51960549392635,21.410957934820004,220185,,,0.5417335946089554,Advisory
293400,5244.0,2763.709183,PAK,Pakistan,Baluchistan,0.891377976,0.0,0.39,0.85,5244.0,,,,,,,,,,,,,,,,,,,,,,,,,0.208,17.82755952,0.0,,7.375,0.267,4.5,0.163,0.0,0.0,0.0,0.0,0.045,0.163,0.0,0.0,0.0,0.0,0.208,,,,,,,,,,3997,,,1.1223016989981055e-09,Information
293408,5252.0,5861.479589,PAK,Pakistan,Baluchistan,4.040849997,0.0,0.39,0.85,5252.0,,,,,,,,,,,,,,,,,,,,,,,,,0.1997828841633775,80.81699993999999,0.0,,19.875,0.339,7.375,0.126,0.0,0.0,0.0,0.0,0.07375,0.126,0.0,0.0,0.0,0.0,0.1997499999999999,0.0,0.0,2.109375,0.0359870740466793,0.0,0.0,0.073828125,0.1259547591633775,0.1997828841633775,106058,,,2.502851706690797e-06,Information
293409,5253.0,4736.44368,PAK,Pakistan,Baluchistan,4.030686773,0.0,0.39,0.85,5253.0,,,,,,,,,,,,,,,,,,,,,,,,,0.147995,80.61373546,0.0,,9.562,0.202,4.562,0.096,0.125,0.003,0.0,0.0,0.04562,0.096,0.001875,0.0045,0.0,0.0,0.147995,,,,,,,,,,21477,,,5.436521922300899e-07,Information
455810,8874.0,6931.340603,PAK,Pakistan,Sind,2.384204077,2.799224852,0.39,0.85,8874.0,,,,,,,,,,,,,,,,,,,,,,,,,30.05521762016884,47.68408154,55.98449704,,49.25,0.711,48.812,0.704,18.938,0.273,15.562,0.225,0.48812,0.704,0.28407,0.4095,0.38905,0.5625,2.83724,70.171875,1.012385323657266,321.46875,4.637901502766553,1.052578125,1.518577985485899,11.25140625,16.232655259682936,30.05521762016884,1328906,,,0.3514140454720782,Advisory
455830,8885.0,14703.48267,PAK,Pakistan,Sind,4.015424057,0.000944003,0.39,0.85,8885.0,,,,,,,,,,,,,,,,,,,,,,,,,9.918430158982815,80.30848114,0.01888006,,8.125,0.055,8.125,0.055,3.438,0.023,2.688,0.018,0.08125,0.055,0.05157,0.0345,0.0672,0.045,0.33452,72.984375,0.4963747475016867,137.390625,0.9344087250657956,1.094765625,0.7445621212525301,4.808671875,3.270430537730285,9.918430158982815,4935892,,,0.2464217089883867,Information
455851,8887.0,17239.35989,PAK,Pakistan,Sind,4.044095905,0.0,0.39,0.85,8887.0,,,,,,,,,,,,,,,,,,,,,,,,,0.7710237782551264,80.8819181,0.0,,4.125,0.024,4.125,0.024,2.062,0.012,2.0,0.012,0.04125,0.024,0.03093,0.018,0.05,0.03,0.19418,0.703125,0.0040786027126098,13.640625,0.0791248926246319,0.010546875,0.0061179040689147,0.477421875,0.2769371241862116,0.7710237782551264,2545079,,,0.0006621280733637,Information
455853,8889.0,15231.47066,PAK,Pakistan,Sind,4.071342311,0.0,0.39,0.85,8889.0,,,,,,,,,,,,,,,,,,,,,,,,,3.222867311404329,81.42684622000002,0.0,,10.312,0.068,10.125,0.066,3.812,0.025,3.25,0.021,0.10125,0.066,0.05718,0.0375,0.08125,0.0525,0.39568,0.421875,0.0027697588068037,55.40625,0.3637616566268923,0.006328125,0.0041546382102055,1.93921875,1.2731657981941231,3.222867311404329,1852146,,,0.039934578254512,Information
455855,8891.0,7392.556613,PAK,Pakistan,Sind,4.010689397,0.0,0.39,0.85,8891.0,,,,,,,,,,,,,,,,,,,,,,,,,0.4863496826177948,80.21378794,0.0,,3.25,0.044,3.25,0.044,0.75,0.01,0.438,0.006,0.0325,0.044,0.01125,0.015,0.01095,0.015,0.1286999999999999,0.0,0.0,5.90625,0.0798945521765128,0.0,0.0,0.20671875,0.2796309326177948,0.4863496826177948,67072,,,0.0001053569739369,Information
455858,8894.0,7568.36171,PAK,Pakistan,Punjab,4.018644763,0.0,0.39,0.85,8894.0,,,,,,,,,,,,,,,,,,,,,,,,,0.14062,80.37289526,0.0,,7.25,0.096,6.062,0.08,0.0,0.0,0.0,0.0,0.06062,0.08,0.0,0.0,0.0,0.0,0.14062,,,,,,,,,,36291,,,3.9341589579340827e-07,Information
456100,8908.0,17131.10154,PAK,Pakistan,Sind,3.293268435,2.403609887,0.39,0.85,8908.0,8908.0,0.0,30.0,11.0,2.0,2.0,0.0,1.0,1.1,0.2,0.2,4.6000000000000005,0.0,0.0,0.0,0.0,0.0,0.0,0.0,0.0,0.0,0.0,0.0,4.6000000000000005,15.481862287952689,65.8653687,48.07219774,,13.0,0.076,12.125,0.071,1.625,0.009,1.312,0.008,0.12125,0.071,0.024375,0.0134999999999999,0.0328,0.02,0.282925,83.390625,0.4867791181588063,243.5625,1.421756210204136,1.250859375,0.7301686772382094,8.5246875,4.976146735714476,15.481862287952689,5915448,,,0.2145760900090245,Information
456203,8911.0,8376.190483,PAK,Pakistan,Sind,4.014795135,0.0,0.39,0.85,8911.0,,,,,,,,,,,,,,,,,,,,,,,,,1.088945,80.2959027,0.0,,9.562,0.114,9.562,0.114,11.375,0.136,9.188,0.11,0.09562,0.114,0.170625,0.204,0.2297,0.275,1.088945,,,,,,,,,,3329363,,,0.0018920681061032,Information
456204,8912.0,28967.17335,PAK,Pakistan,Baluchistan,3.509997804,0.0,0.39,0.85,8912.0,,,,,,,,,,,,,,,,,,,,,,,,,0.8805925480951977,70.19995608,0.0,,5.062,0.017,5.062,0.017,4.625,0.016,3.0,0.01,0.05062,0.017,0.069375,0.024,0.075,0.025,0.260995,0.0,0.0,18.703125,0.0645666208843422,0.0,0.0,0.654609375,0.2259831730951977,0.8805925480951977,4957934,,,0.0002144187115161,Information
456209,8917.0,16414.0849,PAK,Pakistan,Baluchistan,4.002562274,0.0,0.39,0.85,8917.0,,,,,,,,,,,,,,,,,,,,,,,,,0.3801812647962199,80.05124547999999,0.0,,5.375,0.033,5.062,0.031,1.75,0.011,1.062,0.006,0.05062,0.031,0.02625,0.0165,0.02655,0.015,0.16592,0.0,0.0,6.75,0.0411232185132057,0.0,0.0,0.23625,0.1439312647962199,0.3801812647962199,526531,,,3.74319326733269e-05,Information
456303,8920.0,4131.908103,PAK,Pakistan,Sind,4.131602355,0.0,0.39,0.85,8920.0,8920.0,0.0,30.0,11.0,2.0,2.0,0.0,1.0,1.1,0.2,0.2,5.000000000000001,0.0,0.0,0.0,0.0,0.0,0.0,0.0,0.0,0.0,0.0,0.0,5.000000000000001,10.302251618042416,82.6320471,0.0,,36.312,0.879,35.188,0.852,9.375,0.227,8.375,0.203,0.35188,0.852,0.140625,0.3405,0.209375,0.5075000000000001,2.40188,0.0,0.0,86.0625,2.082875462297833,0.0,0.0,3.0121875,7.290064118042415,10.302251618042416,1932547,,,0.3007431799125173,Information
456304,8921.0,2979.840845,PAK,Pakistan,Punjab,4.013017458,0.0,0.39,0.85,8921.0,,,,,,,,,,,,,,,,,,,,,,,,,1.522177250800264,80.26034916,0.0,,2.312,0.078,2.312,0.078,0.875,0.029,0.875,0.029,0.0231199999999999,0.078,0.013125,0.0435,0.021875,0.0725,0.25212,0.0,0.0,9.984375,0.3350640359429326,0.0,0.0,0.349453125,1.172724125800264,1.522177250800264,725909,,,0.0051962644219045,Information
456305,8922.0,1250.463073,PAK,Pakistan,Sind,4.112096614,0.0,0.39,0.85,8922.0,,,,,,,,,,,,,,,,,,,,,,,,,17.447223675958206,82.24193228000001,0.0,,38.312,3.064,36.688,2.934,13.875,1.11,13.062,1.045,0.36688,2.934,0.208125,1.665,0.32655,2.6125,8.113055,0.0,0.0,55.40625,4.430858550273774,0.0,0.0,1.93921875,15.508004925958208,17.447223675958206,217102,,,0.4929552857394351,Advisory
456306,8923.0,2676.628261,PAK,Pakistan,Punjab,4.045173303,0.0,0.39,0.85,8923.0,,,,,,,,,,,,,,,,,,,,,,,,,0.385565,80.90346606,0.0,,3.875,0.145,3.562,0.133,1.188,0.044,1.125,0.042,0.03562,0.133,0.01782,0.066,0.028125,0.105,0.385565,0.0,0.0,0.703125,0.0262690568638488,0.0,0.0,0.024609375,0.0919416990234708,0.1165510740234708,114647,,,4.75918239539112e-05,Information
456307,8924.0,3205.692789,PAK,Pakistan,Punjab,4.108634403,0.0,0.39,0.85,8924.0,,,,,,,,,,,,,,,,,,,,,,,,,11.313684621860707,82.17268806,0.0,,64.938,2.026,61.5,1.918,27.562,0.86,25.875,0.807,0.615,1.918,0.41343,1.29,0.646875,2.0175,6.900805,0.0,0.0,78.46875,2.4477938205316305,0.0,0.0,2.74640625,8.567278371860708,11.313684621860707,505887,,,0.3246558350588551,Information
456308,8925.0,14167.5949,PAK,Pakistan,Punjab,4.016924635,0.0,0.39,0.85,8925.0,,,,,,,,,,,,,,,,,,,,,,,,,0.3862119556597092,80.33849269999999,0.0,,5.688,0.04,5.25,0.037,0.75,0.005,0.562,0.004,0.0525,0.037,0.01125,0.0075,0.01405,0.01,0.1323,0.0,0.0,6.46875,0.0456587730456312,0.0,0.0,0.22640625,0.1598057056597092,0.3862119556597092,1523126,,,4.246732587419113e-05,Information
456309,8926.0,840.8399527,PAK,Pakistan,Punjab,4.049457181,0.0,0.39,0.85,8926.0,8926.0,0.0,29.0,11.0,5.0,2.0,0.0,1.0,1.1,0.5,0.2,5.6000000000000005,0.0,0.0,0.0,0.0,0.0,0.0,0.0,0.0,0.0,0.0,0.0,5.6000000000000005,23.161838973525285,80.98914362000001,0.0,,38.875,4.623,38.312,4.556,11.75,1.397,11.312,1.345,0.3831199999999999,4.556,0.17625,2.0955,0.2828,3.3625,10.85617,0.0,0.0,51.328125,6.104387028150082,0.0,0.0,1.796484375,21.36535459852529,23.161838973525285,232735,,,0.5782802349211957,Advisory
456410,8928.0,1110.891394,PAK,Pakistan,Punjab,3.496397893,0.0,0.39,0.85,8928.0,8928.0,0.0,30.0,3.0,2.0,-9999.0,0.0,1.0,0.3,0.2,-999.9,-1996.8,0.0,0.0,0.0,0.0,0.0,0.0,0.0,0.0,0.0,0.0,0.0,-1996.8,4.578158544703105,69.92795786,0.0,,15.625,1.407,15.562,1.401,6.0,0.54,5.875,0.529,0.1556199999999999,1.401,0.09,0.81,0.146875,1.3225,3.925995,0.0,0.0,13.078125,1.1772640484866013,0.0,0.0,0.457734375,4.120424169703105,4.578158544703105,1041862,,,0.029897711393507,Information
456421,8930.0,8864.412751,PAK,Pakistan,Punjab,3.195550558,0.0,0.39,0.85,8930.0,,,,,,,,,,,,,,,,,,,,,,,,,2.3148143921354367,63.91101116,0.0,,3.938,0.044,3.625,0.041,0.875,0.01,0.875,0.01,0.03625,0.041,0.013125,0.015,0.021875,0.025,0.15225,0.0,0.0,31.078125,0.3505942906101248,0.0,0.0,1.087734375,1.2270800171354368,2.3148143921354367,7546363,,,0.0030102912621985,Information
456426,8935.0,38420.87706,PAK,Pakistan,Punjab,3.373099498,0.0,0.39,0.85,8935.0,8935.0,0.0,30.0,3.0,3.0,2.0,0.0,1.0,0.3,0.3,0.2,3.6,0.0,0.0,0.0,0.0,0.0,0.0,0.0,0.0,0.0,0.0,0.0,3.6,3.6,67.46198996000001,0.0,,24.938,0.065,24.5,0.064,5.75,0.015,3.125,0.008,0.245,0.064,0.08625,0.0225,0.078125,0.02,0.515875,12.09375,0.0314770274027032,73.265625,0.1906922241489345,0.18140625,0.0472155411040548,2.564296875,0.6674227845212708,3.4603414506253256,43110000,,,0.0138512037709933,Information
456428,8937.0,49913.92548,PAK,Pakistan,Azad Kashmir,3.752663139,0.0,0.39,0.85,8937.0,8937.0,0.0,27.0,2.0,2.0,2.0,0.0,1.0,0.2,0.2,0.2,3.2,0.0,0.0,0.0,0.0,0.0,0.0,0.0,0.0,0.0,0.0,0.0,3.2,31.546751741273624,75.05326278,0.0,,116.312,0.233,107.062,0.214,71.875,0.144,85.812,0.172,1.07062,0.214,1.078125,0.2159999999999999,2.1453,0.4299999999999999,5.154045,182.671875,0.365973770301484,672.609375,1.3475385245203988,2.740078125,0.5489606554522259,23.541328125,4.716384835821396,31.546751741273624,21124902,,,0.5927899126921863,Advisory
456450,8941.0,26811.0974,PAK,Pakistan,Punjab,3.649632131,0.0,0.39,0.85,8941.0,,,,,,,,,,,,,,,,,,,,,,,,,0.5502645941740755,72.99264262,0.0,,24.688,0.092,15.75,0.059,2.875,0.011,1.188,0.004,0.1575,0.059,0.043125,0.0165,0.0296999999999999,0.01,0.315825,3.09375,0.0115390651643146,10.125,0.0377642132650296,0.04640625,0.0173085977464719,0.354375,0.1321747464276036,0.5502645941740755,16272149,,,4.941115953400874e-05,Information
456510,8954.0,7140.900221,PAK,Pakistan,Punjab,3.715727344,0.0,0.39,0.85,8954.0,,,,,,,,,,,,,,,,,,,,,,,,,27.58659676385659,74.31454688,0.0,,164.188,2.299,160.625,2.249,78.062,1.093,74.562,1.044,1.60625,2.249,1.1709299999999998,1.6395,1.86405,2.6100000000000003,11.13973,0.0,0.0,328.359375,4.598291039673311,0.0,0.0,11.492578125,16.09401863885659,27.58659676385659,2903210,,,0.5284623743938431,Advisory
456530,8956.0,10321.60368,PAK,Pakistan,Punjab,2.842733206,0.0,0.39,0.85,8956.0,8956.0,0.0,28.0,29.0,3.0,2.0,0.0,1.0,2.9,0.3,0.2,8.8,0.0,0.0,0.0,0.0,0.0,0.0,0.0,0.0,0.0,0.0,0.0,8.8,15.58215148994546,56.85466412,0.0,,126.25,1.223,125.25,1.213,98.812,0.957,91.75,0.889,1.2525,1.213,1.4821799999999998,1.4355,2.29375,2.2225,9.89943,0.0,0.0,226.125,2.19079328284156,0.0,0.0,7.914375,7.66777648994546,15.58215148994546,2094406,,,0.1542325037126432,Information
456541,8957.0,384.530754,PAK,Pakistan,N.W.F.P.,4.069638717,0.0,0.39,0.85,8957.0,,,,,,,,,,,,,,,,,,,,,,,,,3.854644891938646,81.39277434,0.0,,1.062,0.276,1.062,0.276,1.062,0.276,0.812,0.211,0.01062,0.276,0.01593,0.414,0.0203,0.5275,1.26435,0.0,0.0,4.078125,1.0605458619824704,0.0,0.0,0.142734375,3.711910516938646,3.854644891938646,123644,,,0.0577123946058313,Information
456543,8959.0,2660.242675,PAK,Pakistan,F.A.T.A.,4.039622823,0.0,0.39,0.85,8959.0,,,,,,,,,,,,,,,,,,,,,,,,,1.7099137883914692,80.79245646000001,0.0,,8.562,0.322,7.375,0.277,7.312,0.275,6.688,0.251,0.07375,0.277,0.10968,0.4125,0.1672,0.6275,1.66763,0.0,0.0,10.265625,0.3858905466832769,0.0,0.0,0.359296875,1.3506169133914692,1.7099137883914692,243417,,,0.0077846125220983,Information
456545,8961.0,921.8818099,PAK,Pakistan,Baluchistan,4.022713642,0.0,0.39,0.85,8961.0,,,,,,,,,,,,,,,,,,,,,,,,,3.7953,80.45427284,0.0,,6.938,0.753,6.562,0.712,6.562,0.712,6.25,0.678,0.06562,0.712,0.09843,1.068,0.15625,1.695,3.7953,0.0,0.0,8.859375,0.9610098501557092,0.0,0.0,0.310078125,3.363534475544982,3.673612600544982,38823,,,0.0506073333803237,Information
456547,8963.0,4823.46428,PAK,Pakistan,Baluchistan,1.61532549,0.0,0.39,0.85,8963.0,,,,,,,,,,,,,,,,,,,,,,,,,0.111755,32.3065098,0.0,,0.938,0.019,0.938,0.019,0.75,0.016,0.625,0.013,0.00938,0.019,0.01125,0.024,0.015625,0.0325,0.111755,,,,,,,,,,175906,,,7.44801403003186e-11,Information
456550,8966.0,12641.04392,PAK,Pakistan,N.W.F.P.,4.007191703,0.0,0.39,0.85,8966.0,8966.0,0.0,28.0,29.0,3.0,2.0,0.0,1.0,2.9,0.3,0.2,8.8,0.0,0.0,0.0,0.0,0.0,0.0,0.0,0.0,0.0,0.0,0.0,8.8,36.12190279684852,80.14383406,0.0,3.0,210.938,1.669,208.25,1.647,230.5,1.823,237.188,1.876,2.0825,1.647,3.4575,2.7345,5.9297,4.69,20.5412,185.90625,1.4706558347232672,496.546875,3.928052762789605,2.78859375,2.205983752084901,17.379140625,13.748184669763615,36.12190279684852,3580982,37228.0,1.04,0.7252084043674203,Watch
456560,8967.0,25889.37335,PAK,Pakistan,F.A.T.A.,3.802145166,0.0,0.39,0.85,8967.0,,,,,,,,,,,,,,,,,,,,,,,,,0.6306394827148548,76.04290332,0.0,,4.812,0.019,4.812,0.019,2.562,0.01,2.5,0.01,0.04812,0.019,0.03843,0.015,0.0625,0.025,0.2080499999999999,0.140625,0.0005431765308032,12.9375,0.0499722408339,0.002109375,0.0008147647962048,0.4528125,0.17490284291865,0.6306394827148548,5660610,,,0.0001377632301865,Information
456570,8968.0,2046.961129,PAK,Pakistan,Punjab,2.923708377,0.0,0.39,0.85,8968.0,,,,,,,,,,,,,,,,,,,,,,,,,28.79700286666409,58.47416754,0.0,,43.688,2.134,43.688,2.134,44.812,2.189,42.188,2.061,0.43688,2.134,0.6721799999999999,3.2835,1.0547,5.1525,12.73376,59.765625,2.9197244708887027,114.1875,5.578391224380297,0.896484375,4.379586706333054,3.9965625,19.52436928533104,28.79700286666409,301648,,,0.3571659769221944,Advisory
456590,8970.0,12079.02087,PAK,Pakistan,N.W.F.P.,0.704005252,0.0,0.39,0.85,8970.0,8970.0,1.0,27.0,41.0,5.0,-9999.0,3.0,1.0,4.1,0.5,-999.9,-1982.6,0.0,0.0,0.0,0.0,0.0,0.0,0.0,0.0,0.0,0.0,0.0,-1982.6,3.193794812481058,14.08010504,0.0,,3.312,0.027,1.688,0.014,1.5,0.012,1.688,0.014,0.01688,0.014,0.0225,0.018,0.0421999999999999,0.035,0.14858,9.84375,0.0814946021116089,45.703125,0.3783677955181842,0.14765625,0.1222419031674133,1.599609375,1.3242872843136448,3.193794812481058,4681249,,,0.0004970245551431,Information
456601,8971.0,8673.158356,PAK,Pakistan,N.W.F.P.,3.309393838,0.0,0.39,0.85,8971.0,8971.0,1.0,26.0,74.0,7.0,2.0,3.0,1.0,7.4,0.7,0.2,24.6,0.0,0.0,0.0,0.0,0.0,0.0,0.0,0.0,0.0,0.0,0.0,24.6,24.6,66.18787676,0.0,,2.812,0.032,2.812,0.032,2.0,0.023,1.75,0.02,0.02812,0.032,0.03,0.0345,0.04375,0.05,0.21837,5.484375,0.0632338852257228,22.5,0.259421067592709,0.082265625,0.0948508278385842,0.7875,0.9079737365744815,1.8725901894130657,10538592,,,0.3752147928946868,Advisory
456602,8972.0,14763.37427,PAK,Pakistan,N.W.F.P.,3.624834406,0.0,0.39,0.85,8972.0,8972.0,1.0,24.0,78.0,2.0,-9999.0,3.0,1.0,7.8,0.2,-999.9,-1975.8,0.0,0.0,0.0,0.0,0.0,0.0,0.0,0.0,0.0,0.0,0.0,-1975.8,0.4576025723274125,72.49668812,0.0,,,,,,,,,,,,,,,,,0.140625,0.0009525261460175,7.734375,0.0523889380309675,0.002109375,0.0014287892190262,0.270703125,0.1833612831083862,0.4576025723274125,7289104,,,2.101199419309551e-05,Information
456607,8977.0,11656.25341,PAK,Pakistan,N.W.F.P.,4.076324202,0.0,0.39,0.85,8977.0,8977.0,1.0,25.0,98.0,25.0,5.0,3.0,1.0,9.8,2.5,0.5,-237.45714285714288,0.0,0.0,0.0,0.0,0.0,0.0,0.0,0.0,0.0,0.0,0.0,-237.45714285714288,0.4036596723876487,81.52648404000001,0.0,,,,,,,,,,,,,,,,,0.703125,0.0060321698183705,5.90625,0.0506702264743123,0.010546875,0.0090482547275557,0.20671875,0.177345792660093,0.4036596723876487,617341,,,6.57796137010136e-05,Information
456608,8978.0,3568.695759,PAK,Pakistan,N.W.F.P.,4.020663995,0.0,0.39,0.85,8978.0,8978.0,3.0,30.0,100.0,100.0,98.0,10.0,1.0,10.0,10.0,9.8,66.93333333333332,0.0,0.0,0.0,0.0,0.0,0.0,0.0,0.0,0.0,0.0,0.0,66.93333333333332,66.93333333333332,80.41327989999999,0.0,,,,,,,,,,,,,,,,,,,,,,,,,,103206,,,0.8904350948674409,Warning
456701,8980.0,1957.935946,PAK,Pakistan,N.W.F.P.,4.060014573,0.0,0.39,0.85,8980.0,8980.0,1.0,26.0,35.0,5.0,2.0,3.0,1.0,3.5,0.5,0.2,16.4,0.0,0.0,0.0,0.0,0.0,0.0,0.0,0.0,0.0,0.0,0.0,16.4,16.4,81.20029146,0.0,,2.125,0.109,2.125,0.109,2.125,0.109,1.938,0.099,0.02125,0.109,0.031875,0.1635,0.04845,0.2475,0.621575,17.15625,0.8762416379947464,44.859375,2.291156414101017,0.25734375,1.3143624569921195,1.570078125,8.01904744935356,11.160831781345678,2028611,,,0.4456892852690123,Advisory
456702,8981.0,2869.772431,PAK,Pakistan,N.W.F.P.,0.861406533,0.0,0.39,0.85,8981.0,,,,,,,,,,,,,,,,,,,,,,,,,1.9203183894961744,17.22813066,0.0,,1.75,0.061,1.75,0.061,1.5,0.052,1.188,0.041,0.0175,0.061,0.0225,0.078,0.0296999999999999,0.1025,0.3112,1.96875,0.0686030006664907,11.390625,0.3969173609989824,0.02953125,0.102904500999736,0.398671875,1.3892107634964384,1.9203183894961744,3061323,,,8.374327143492665e-05,Information
456703,8982.0,19904.2419,PAK,Pakistan,N.W.F.P.,3.038560912,0.0,0.39,0.85,8982.0,8982.0,1.0,26.0,41.0,9.0,3.0,3.0,1.0,4.1,0.9,0.3,18.6,0.0,0.0,0.0,0.0,0.0,0.0,0.0,0.0,0.0,0.0,0.0,18.6,18.6,60.77121824,0.0,,3.438,0.017,3.438,0.017,3.875,0.019,3.375,0.017,0.03438,0.017,0.058125,0.0284999999999999,0.084375,0.0425,0.26488,4.078125,0.0204887230549484,25.03125,0.1257583690958904,0.061171875,0.0307330845824226,0.87609375,0.4401542918356164,1.408153001418039,3882273,,,0.2277584687791136,Information
456706,8985.0,27430.3675,PAK,Pakistan,Northern Areas,4.100580745,0.0,0.39,0.85,8985.0,8985.0,3.0,30.0,76.0,45.0,31.0,10.0,1.0,7.6,4.5,3.1,47.8,0.0,0.0,0.0,0.0,0.0,0.0,0.0,0.0,0.0,0.0,0.0,47.8,47.8,82.01161490000001,0.0,,,,,,,,,,,,,,,,,1.125,0.0041012939400549,10.40625,0.0379369689455083,0.016875,0.0061519409100823,0.36421875,0.132779391309279,0.5200250822193614,406488,,,0.8357895155966604,Warning
456707,8986.0,4456.925207,PAK,Pakistan,Northern Areas,4.147084824,0.0,0.39,0.85,8986.0,,,,,,,,,,,,,,,,,,,,,,,,,0.6614105618609929,82.94169648,0.0,,13.125,0.294,6.312,0.142,0.0,0.0,0.0,0.0,0.06312,0.142,0.0,0.0,0.0,0.0,0.20512,1.125,0.0252416172061237,5.34375,0.1198976817290878,0.016875,0.0378624258091855,0.18703125,0.4196418860518073,0.6614105618609929,154386,,,0.0005769893224981,Information
456708,8987.0,7055.874721,PAK,Pakistan,Northern Areas,4.139304397,0.0,0.39,0.85,8987.0,8987.0,3.0,30.0,98.0,98.0,86.0,10.0,1.0,9.8,9.8,8.6,73.0,0.0,0.0,0.0,0.0,0.0,0.0,0.0,0.0,0.0,0.0,0.0,73.0,73.0,82.78608794,0.0,,14.0,0.198,6.312,0.089,0.0,0.0,0.0,0.0,0.06312,0.089,0.0,0.0,0.0,0.0,0.15212,0.84375,0.0119581204799147,5.203125,0.0737417429594742,0.01265625,0.017937180719872,0.182109375,0.2580961003581596,0.4707989060780317,53392,,,0.925734751913856,Warning
456801,8990.0,1370.789864,PAK,Pakistan,Northern Areas,4.064946638,0.0,0.39,0.85,8990.0,8990.0,1.0,26.0,58.0,17.0,2.0,3.0,1.0,5.8,1.7,0.2,22.6,0.0,0.0,0.0,0.0,0.0,0.0,0.0,0.0,0.0,0.0,0.0,22.6,22.6,81.29893276000001,0.0,,1.312,0.096,1.312,0.096,0.0,0.0,0.0,0.0,0.01312,0.096,0.0,0.0,0.0,0.0,0.10912,,,,,,,,,,60753,,,0.5750983127729338,Advisory
456802,8991.0,3646.358947,PAK,Pakistan,Northern Areas,4.058817104,0.0,0.39,0.85,8991.0,8991.0,3.0,30.0,92.0,72.0,54.0,10.0,1.0,9.2,7.2,5.4,71.4,0.0,0.0,0.0,0.0,0.0,0.0,0.0,0.0,0.0,0.0,0.0,71.4,71.4,81.17634208,0.0,,,,,,,,,,,,,,,,,0.0,0.0,3.09375,0.08484491091958,0.0,0.0,0.10828125,0.29695718821853,0.40523843821853,33452,,,0.9087641857020288,Warning
457002,9009.0,1688.760648,PAK,Pakistan,Sind,3.276346568,2.86108963,0.39,0.85,9009.0,,,,,,,,,,,,,,,,,,,,,,,,,18.347388422480726,65.52693136,57.2217926,,12.5,0.74,9.875,0.585,0.062,0.004,0.0,0.0,0.09875,0.585,0.0009299999999999,0.006,0.0,0.0,0.69068,20.53125,1.215758433518401,66.9375,3.9637055777723216,0.30796875,1.8236376502776013,2.3428125,13.872969522203125,18.347388422480726,257105,,,0.2641212414338412,Information
457003,9010.0,545.8337174,PAK,Pakistan,Sind,4.030433543,3.080351634,0.39,0.85,9010.0,,,,,,,,,,,,,,,,,,,,,,,,,44.88729578107289,80.60867086,61.60703268,3.0,9.125,1.672,8.75,1.603,1.688,0.309,1.0,0.183,0.0875,1.603,0.02532,0.4635,0.025,0.4575,2.66182,26.015625,4.766218020715264,67.078125,12.289113491249624,0.390234375,7.149327031072895,2.347734375,35.0,44.88729578107289,1053623,50541.0,4.8,0.79935758563118,Watch
457005,9012.0,930.8730491,PAK,Pakistan,Sind,2.499837068,0.018302935,0.39,0.85,9012.0,,,,,,,,,,,,,,,,,,,,,,,,,6.274953701890986,49.99674136,0.3660586999999999,,1.625,0.175,1.562,0.168,0.062,0.007,0.0,0.0,0.01562,0.168,0.0009299999999999,0.0105,0.0,0.0,0.19505,4.78125,0.5136307259586672,13.21875,1.4200378894151389,0.07171875,0.7704460889380008,0.46265625,4.970132612952986,6.274953701890986,10611436,,,0.0189690878254928,Information
457007,9014.0,2292.417686,PAK,Pakistan,Baluchistan,0.798575947,0.0,0.39,0.85,9014.0,,,,,,,,,,,,,,,,,,,,,,,,,4.20765664195841,15.97151894,0.0,,11.438,0.499,8.625,0.376,1.375,0.06,0.75,0.033,0.08625,0.376,0.020625,0.09,0.01875,0.0825,0.6741250000000001,3.09375,0.1349557726220161,21.09375,0.9201529951501102,0.04640625,0.2024336589330241,0.73828125,3.220535483025386,4.20765664195841,64769,,,0.0013756024126601,Information
457008,9015.0,13347.78414,PAK,Pakistan,Baluchistan,3.668997933,0.0,0.39,0.85,9015.0,,,,,,,,,,,,,,,,,,,,,,,,,4.246837200570731,73.37995866,0.0,,22.625,0.17,22.625,0.17,7.312,0.055,6.375,0.048,0.22625,0.17,0.10968,0.0825,0.159375,0.12,0.867805,28.96875,0.217030405194075,56.953125,0.4266859907941766,0.43453125,0.3255456077911124,1.993359375,1.493400967779618,4.246837200570731,319645,,,0.0332165709560231,Information
457009,9016.0,1259.97943,PAK,Pakistan,Baluchistan,4.077509571,0.0,0.39,0.85,9016.0,,,,,,,,,,,,,,,,,,,,,,,,,39.42942212601453,81.55019142,0.0,3.0,11.438,0.908,10.688,0.848,0.688,0.055,0.312,0.025,0.10688,0.848,0.01032,0.0825,0.0078,0.0625,1.118,42.46875,3.3705907412928724,107.859375,8.560407611164349,0.63703125,5.055886111939309,3.775078125,29.96142663907522,39.42942212601453,2061,0.0,0.0,0.7762107740777033,Watch
455900,16164.0,5877.746976,PAK,Pakistan,Sind,4.091902558,4.05179473,0.39,0.85,16164.0,,,,,,,,,,,,,,,,,,,,,,,,,88.11433155514463,81.83805116,81.0358946,3.0,65.875,1.121,62.625,1.065,16.688,0.284,9.75,0.166,0.62625,1.065,0.25032,0.4259999999999999,0.24375,0.415,3.02632,447.046875,7.605752286763087,2353.359375,40.038460056300806,6.705703125,11.408628430144631,35.0,35.0,88.11433155514463,236697,13219.0,5.58,0.9428671154342184,Warning
457001,16165.0,3138.265339,PAK,Pakistan,Sind,4.052562463,4.037130495,0.39,0.85,16165.0,,,,,,,,,,,,,,,,,,,,,,,,,77.98310643438023,81.05124926,80.7426099,3.0,93.25,2.971,82.375,2.625,17.812,0.568,2.75,0.088,0.82375,2.625,0.26718,0.8519999999999999,0.06875,0.2199999999999999,4.85668,269.859375,8.598998039586817,743.90625,23.704377086719266,4.047890625,12.898497059380226,26.03671875,35.0,77.98310643438023,219060,4620.0,2.11,0.9214297135747528,Warning
294300,5303.0,20608.23925,IRQ,Iraq,Al-Basrah,3.351361239,2.568996557,0.43,0.79,5303.0,,,,,,,,,,,,,,,,,,,,,,,,,45.91106003372581,67.02722478,51.37993114,3.0,105.688,0.513,102.0,0.495,32.5,0.158,49.375,0.24,1.02,0.495,0.4875,0.237,1.234375,0.6,4.073875,92.671875,0.4496836139071633,843.46875,4.092871496532877,1.390078125,0.674525420860745,29.52140625,14.325050237865067,45.91106003372581,2621042,98599.0,3.76,0.6296867533294501,Watch
294610,5314.0,26429.70345,IRQ,Iraq,Maysan,4.063481035,0.0,0.43,0.79,5314.0,,,,,,,,,,,,,,,,,,,,,,,,,32.604511068132624,81.26962069999999,0.0,3.0,110.688,0.419,109.062,0.413,40.312,0.153,57.875,0.219,1.09062,0.413,0.60468,0.2294999999999999,1.446875,0.5475,4.332174999999999,46.265625,0.1750516235756276,656.015625,2.48211496650548,0.693984375,0.2625774353634413,22.960546875,8.687402382769179,32.604511068132624,1365164,8271.0,0.61,0.7103145550228582,Watch
294642,5318.0,3050.022819,IRQ,Iraq,Diyala,1.556230258,0.0,0.43,0.79,5318.0,,,,,,,,,,,,,,,,,,,,,,,,,23.29130857943696,31.12460516,0.0,,93.375,3.061,92.75,3.041,77.5,2.541,80.5,2.639,0.9275,3.041,1.1625,3.8115,2.0125,6.597499999999999,17.5525,95.484375,3.1306118236082905,114.609375,3.757656312578434,1.432265625,4.695917735412436,4.011328125,13.15179709402452,23.29130857943696,106594,,,0.139133914154231,Information
294643,5319.0,948.1169503,IRQ,Iraq,Diyala,1.849045538,0.0,0.43,0.79,5319.0,,,,,,,,,,,,,,,,,,,,,,,,,56.32953125,36.98091076,0.0,,115.625,12.195,114.688,12.096,103.438,10.91,104.312,11.002,1.14688,10.0,1.55157,15.0,2.6078,25.0,55.306250000000006,112.21875,11.835960739882708,132.75,14.001437266227166,1.68328125,15.0,4.64625,35.0,56.32953125,52263,,,0.4553249801988865,Advisory
294645,5321.0,5546.785104,IRQ,Iraq,Diyala,3.398028933,0.0,0.43,0.79,5321.0,,,,,,,,,,,,,,,,,,,,,,,,,4.112957707947425,67.96057866,0.0,,1.312,0.024,1.062,0.019,0.812,0.015,0.75,0.014,0.01062,0.019,0.01218,0.0225,0.01875,0.035,0.11805,11.53125,0.2078906931496778,36.984375,0.6667713694922595,0.17296875,0.3118360397245167,1.294453125,2.333699793222908,4.112957707947425,350596,,,0.0200447932364922,Information
294646,5322.0,2708.471308,IRQ,Iraq,As-Sulaymaniyah,4.008698359,0.0,0.43,0.79,5322.0,,,,,,,,,,,,,,,,,,,,,,,,,17.445887186715275,80.17396718,0.0,,54.125,1.998,54.125,1.998,49.375,1.823,50.562,1.867,0.54125,1.998,0.740625,2.7345,1.26405,4.6675,11.945925,57.234375,2.113161577153221,81.703125,3.0165770917101264,0.858515625,3.169742365729832,2.859609375,10.558019820985445,17.445887186715275,1124385,,,0.4491172473995405,Advisory
294660,5327.0,20067.4867,IRQ,Iraq,As-Sulaymaniyah,1.551901767,0.0,0.43,0.79,5327.0,,,,,,,,,,,,,,,,,,,,,,,,,9.933500529001003,31.03803534,0.0,,29.25,0.146,26.0,0.13,8.688,0.043,12.438,0.062,0.26,0.13,0.13032,0.0645,0.31095,0.155,1.05077,0.0,0.0,189.421875,0.9439242582860008,0.0,0.0,6.629765625,3.303734904001003,9.933500529001003,1657390,,,0.0263334463580407,Information
294691,5330.0,9521.009643,IRQ,Iraq,Ninawa,3.138070508,0.0,0.43,0.79,5330.0,,,,,,,,,,,,,,,,,,,,,,,,,10.280216174743405,62.76141016,0.0,,34.5,0.362,34.0,0.357,16.688,0.175,8.312,0.087,0.34,0.357,0.25032,0.2624999999999999,0.2077999999999999,0.2174999999999999,1.63512,12.375,0.1299757112263131,137.953125,1.4489337808296956,0.185625,0.1949635668394696,4.828359375,5.071268232903934,10.280216174743405,3654234,,,0.0990254840953683,Information
294710,5347.0,8089.263721,IRQ,Iraq,Maysan,4.029451468,0.0,0.43,0.79,5347.0,,,,,,,,,,,,,,,,,,,,,,,,,71.97642215514807,80.58902936000001,0.0,3.0,337.0,4.166,337.0,4.166,183.938,2.274,248.625,3.074,3.37,4.166,2.75907,3.411,6.215625,7.685,27.606695,58.921875,0.7283960200987133,1260.421875,15.581416534951714,0.883828125,1.09259403014807,35.0,35.0,71.97642215514807,860432,21655.0,2.52,0.9049866603744842,Warning
294720,5348.0,18060.61713,IRQ,Iraq,Al-Qadisiyah,4.043569459,0.0,0.43,0.79,5348.0,,,,,,,,,,,,,,,,,,,,,,,,,12.036492231866267,80.87138918000001,0.0,,12.625,0.07,12.625,0.07,10.625,0.059,9.375,0.052,0.12625,0.07,0.159375,0.0885,0.234375,0.13,0.8085,53.15625,0.2943213380187783,198.5625,1.0994225642394575,0.79734375,0.4414820070281674,6.9496875,3.847978974838101,12.036492231866267,2136095,,,0.321595418287529,Information
295101,5417.0,436.5450377,IRQ,Iraq,Al-Basrah,0.079511838,4.125691968,0.43,0.79,5417.0,,,,,,,,,,,,,,,,,,,,,,,,,43.71471226557264,1.59023676,82.51383935999999,3.0,0.688,0.157,0.688,0.157,0.25,0.057,0.062,0.014,0.00688,0.157,0.00375,0.0855,0.00155,0.035,0.28968,13.5,3.0924644270484256,110.671875,25.35176566757407,0.2025,4.638696640572638,3.873515625,35.0,43.71471226557264,36135,3902.0,10.8,0.8202386518445237,Warning
296790,5492.0,12174.66043,SAU,Saudi Arabia,Tabuk,1.733071857,2.403497332,0.62,0.53,5492.0,,,,,,,,,,,,,,,,,,,,,,,,,18.341562512796504,34.661437140000004,48.069946640000005,,11.188,0.092,10.5,0.086,2.312,0.019,0.438,0.004,0.105,0.086,0.03468,0.0284999999999999,0.01095,0.01,0.27513,144.703125,1.1885598442141605,225.703125,1.8538761418500755,2.170546875,1.7828397663212407,7.899609375,6.488566496475264,18.341562512796504,265224,,,0.1490008962791579,Information
296810,5493.0,9418.658082,SAU,Saudi Arabia,Tabuk,1.204996661,0.0,0.62,0.53,5493.0,,,,,,,,,,,,,,,,,,,,,,,,,8.209359698128926,24.09993322,0.0,,9.75,0.104,9.75,0.104,9.75,0.104,2.125,0.023,0.0975,0.104,0.14625,0.156,0.053125,0.0574999999999999,0.614375,48.234375,0.5121151503913903,93.09375,0.98839717072624,0.723515625,0.7681727255870855,3.25828125,3.45939009754184,8.209359698128926,16941,,,0.0130694246028709,Information
296840,5496.0,16649.74169,SAU,Saudi Arabia,Al Madinah,1.370016175,0.0,0.62,0.53,5496.0,,,,,,,,,,,,,,,,,,,,,,,,,6.984411436424095,27.4003235,0.0,,16.812,0.101,4.062,0.024,7.312,0.044,0.562,0.003,0.04062,0.024,0.10968,0.066,0.01405,0.0075,0.26185,38.25,0.2297332938148095,108.28125,0.6503479273433946,0.57375,0.3445999407222142,3.78984375,2.276217745701881,6.984411436424095,61691,,,0.0096088809255162,Information
296880,5500.0,16172.56241,SAU,Saudi Arabia,Al Madinah,1.782426155,0.0,0.62,0.53,5500.0,,,,,,,,,,,,,,,,,,,,,,,,,0.3925717492580263,35.6485231,0.0,,9.0,0.056,7.188,0.044,0.0,0.0,0.0,0.0,0.07188,0.044,0.0,0.0,0.0,0.0,0.11588,0.421875,0.0026085847697048,6.75,0.0417373563152769,0.006328125,0.0039128771545572,0.23625,0.1460807471034691,0.3925717492580263,64512,,,1.7036965294113745e-07,Information
296907,5508.0,4482.36436,SAU,Saudi Arabia,Tabuk,3.302139872,0.0,0.62,0.53,5508.0,,,,,,,,,,,,,,,,,,,,,,,,,2.5739183317205097,66.04279744,0.0,,2.875,0.064,2.188,0.049,0.938,0.021,0.375,0.008,0.02188,0.049,0.01407,0.0315,0.009375,0.02,0.1458249999999999,5.203125,0.1160799208272883,20.53125,0.4580450929941649,0.078046875,0.1741198812409324,0.71859375,1.603157825479577,2.5739183317205097,151654,,,0.0049447155035387,Information
297780,5622.0,26107.50504,SAU,Saudi Arabia,`Asir,1.896266175,0.0,0.62,0.53,5622.0,,,,,,,,,,,,,,,,,,,,,,,,,0.11307,37.925323500000005,0.0,,13.5,0.052,7.875,0.03,0.188,0.001,0.0,0.0,0.07875,0.03,0.00282,0.0015,0.0,0.0,0.11307,,,,,,,,,,302215,,,1.412533414909005e-10,Information
297794,5626.0,18766.43987,SAU,Saudi Arabia,Makkah,1.145355448,0.0,0.62,0.53,5626.0,,,,,,,,,,,,,,,,,,,,,,,,,0.1415,22.90710896,0.0,,20.25,0.108,9.25,0.049,0.0,0.0,0.0,0.0,0.0925,0.049,0.0,0.0,0.0,0.0,0.1415,,,,,,,,,,279590,,,1.4837544477235595e-10,Information
297799,5631.0,7306.468246,SAU,Saudi Arabia,`Asir,0.410404746,0.0,0.62,0.53,5631.0,,,,,,,,,,,,,,,,,,,,,,,,,0.5912373224416065,8.20809492,0.0,,14.812,0.203,6.0,0.082,0.062,0.001,0.0,0.0,0.06,0.082,0.0009299999999999,0.0015,0.0,0.0,0.14443,2.53125,0.0346439608673178,6.046875,0.0827605731830371,0.03796875,0.0519659413009767,0.211640625,0.2896620061406298,0.5912373224416065,1001325,,,2.266872898191529e-07,Information
297850,5652.0,29868.23686,SAU,Saudi Arabia,Makkah,1.075144008,0.0,0.62,0.53,5652.0,,,,,,,,,,,,,,,,,,,,,,,,,1.775706215828185,21.502880160000004,0.0,,9.5,0.032,6.938,0.023,0.5,0.002,1.25,0.004,0.06938,0.023,0.0075,0.003,0.03125,0.01,0.14413,19.125,0.0640312318738194,29.8125,0.0998133908621303,0.286875,0.0960468478107291,1.0434375,0.349346868017456,1.775706215828185,286749,,,7.566894927150238e-05,Information
297904,5660.0,7030.914692,SAU,Saudi Arabia,Makkah,2.174368157,0.0,0.62,0.53,5660.0,,,,,,,,,,,,,,,,,,,,,,,,,1.0355289958181948,43.48736314,0.0,,6.5,0.092,5.125,0.073,0.0,0.0,0.0,0.0,0.05125,0.073,0.0,0.0,0.0,0.0,0.12425,3.234375,0.0460021937625608,10.828125,0.1540073443355296,0.048515625,0.0690032906438412,0.378984375,0.5390257051743536,1.0355289958181948,4426,,,3.173126879775046e-05,Information
297908,5664.0,3839.589033,SAU,Saudi Arabia,Al Madinah,1.719812906,0.0,0.62,0.53,5664.0,,,,,,,,,,,,,,,,,,,,,,,,,1.2063628202581616,34.39625812,0.0,,3.375,0.088,2.438,0.063,1.25,0.033,0.375,0.01,0.02438,0.063,0.01875,0.0495,0.009375,0.025,0.1900049999999999,0.984375,0.0256375094193576,9.140625,0.2380625874654643,0.014765625,0.0384562641290364,0.319921875,0.8332190561291251,1.2063628202581616,10199,,,3.220776150059293e-05,Information
298419,5693.0,19487.31057,SAU,Saudi Arabia,Ha'il,1.905255292,0.0,0.62,0.53,5693.0,,,,,,,,,,,,,,,,,,,,,,,,,2.991790050296371,38.10510584,0.0,,4.75,0.024,2.438,0.013,4.562,0.023,0.0,0.0,0.02438,0.013,0.06843,0.0345,0.0,0.0,0.14031,8.4375,0.0432974061292903,52.875,0.271330411743553,0.1265625,0.0649461091939354,1.850625,0.9496564411024356,2.991790050296371,94615,,,0.0012245277298225,Information
298508,5706.0,7455.341768,SAU,Saudi Arabia,Ha'il,3.117673187,0.0,0.62,0.53,5706.0,,,,,,,,,,,,,,,,,,,,,,,,,21.032371405197143,62.35346374,0.0,,3.312,0.044,1.188,0.016,4.188,0.056,0.0,0.0,0.01188,0.016,0.06282,0.084,0.0,0.0,0.1747,125.71875,1.6862909026684798,202.78125,2.719945728912694,1.88578125,2.52943635400272,7.09734375,9.519810051194428,21.032371405197143,64030,,,0.2802233260837378,Information
295103,5419.0,11688.92497,KWT,Kuwait,Al Jahrah,0.280346609,1.829637098,0.67,0.46,5419.0,,,,,,,,,,,,,,,,,,,,,,,,,36.917849080566086,5.60693218,36.59274196,,5.75,0.049,3.812,0.033,12.0,0.103,0.875,0.007,0.03812,0.033,0.18,0.1545,0.021875,0.0175,0.444995,45.421875,0.3885889860160332,549.0,4.696753564726296,0.681328125,0.5828834790240498,19.215,16.438637476542038,36.917849080566086,610962,,,0.2942940504317896,Advisory
295109,5424.0,15002.59813,QAT,Qatar,Al Wakrah,0.719282236,1.073189388,0.65,0.49,5424.0,,,,,,,,,,,,,,,,,,,,,,,,,17.094128281782677,14.385644719999998,21.46378776,,4.25,0.028,3.312,0.022,2.25,0.015,0.75,0.005,0.03312,0.022,0.03375,0.0225,0.01875,0.0125,0.14262,90.5625,0.6036454433051883,254.25,1.6947064619499697,1.3584375,0.9054681649577824,8.89875,5.931472616824894,17.094128281782677,6755852,,,0.0636514022721602,Information
295300,5426.0,717.9733016,OMN,Oman,Ash Sharqiyah North,0.164204719,0.0,0.61,0.54,5426.0,,,,,,,,,,,,,,,,,,,,,,,,,54.658203125,3.28409438,0.0,,3.625,0.505,3.0,0.418,0.938,0.131,0.25,0.035,0.03,0.418,0.01407,0.1965,0.00625,0.0875,0.75232,76.921875,10.713751448945818,100.125,13.945504628243915,1.153828125,15.0,3.504375,35.0,54.658203125,7976,,,0.2841087750526812,Advisory
295307,5433.0,47675.45845,OMN,Oman,Al Batinah North,3.998183767,2.12867849,0.61,0.54,5433.0,,,,,,,,,,,,,,,,,,,,,,,,,26.435150029453183,79.96367534,42.5735698,3.0,41.688,0.087,29.125,0.061,9.812,0.021,2.5,0.005,0.29125,0.061,0.14718,0.0315,0.0625,0.0125,0.60593,216.140625,0.453358251915795,531.703125,1.1152554004512825,3.242109375,0.6800373778736925,18.609609375,3.9033939015794887,26.435150029453183,10603512,314323.0,2.96,0.6091666540334288,Watch
295308,5434.0,6918.695459,OMN,Oman,Ash Sharqiyah North,2.452870279,0.0,0.61,0.54,5434.0,5434.0,0.0,1.0,-9999.0,-9999.0,-9999.0,0.0,10.0,-999.9,-999.9,-999.9,-5979.4,0.0,0.0,0.0,0.0,0.0,0.0,0.0,0.0,0.0,0.0,0.0,-5979.4,2.434660734180014,49.05740558,0.0,,,,,,,,,,,,,,,,,3.375,0.0487808723450852,27.0,0.3902469787606818,0.050625,0.0731713085176277,0.945,1.3658644256623864,2.434660734180014,195958,,,0.0011793921850789,Information
295309,5435.0,6978.554649,OMN,Oman,Ash Sharqiyah North,3.236297477,3.335182844,0.61,0.54,5435.0,,,,,,,,,,,,,,,,,,,,,,,,,13.563950328120772,64.72594954,66.70365688000001,,3.188,0.046,2.312,0.033,2.0,0.029,0.438,0.006,0.0231199999999999,0.033,0.03,0.0435,0.01095,0.015,0.1555699999999999,74.390625,1.0659890012488051,127.40625,1.8256824860707324,1.115859375,1.5989835018732077,4.45921875,6.389888701247563,13.563950328120772,21288,,,0.1845842414660218,Information
295500,5437.0,3651.478731,OMN,Oman,Al Wusta,0.991882863,0.0,0.61,0.54,5437.0,,,,,,,,,,,,,,,,,,,,,,,,,14.744461005560982,19.83765726,0.0,,3.062,0.084,2.5,0.068,1.562,0.043,0.812,0.022,0.025,0.068,0.02343,0.0645,0.0203,0.0549999999999999,0.25623,32.90625,0.9011760007314208,98.578125,2.6996768227039576,0.49359375,1.3517640010971312,3.450234375,9.448868879463852,14.744461005560982,17062,,,0.0452099985588255,Information
295707,5446.0,10421.9205,OMN,Oman,Dhofar,1.19876291,2.070069241,0.61,0.54,5446.0,,,,,,,,,,,,,,,,,,,,,,,,,24.3013669517771,23.9752582,41.40138482,,16.5,0.158,10.688,0.103,2.812,0.027,0.625,0.006,0.10688,0.103,0.04218,0.0405,0.015625,0.015,0.323185,27.140625,0.2604186532422021,342.703125,3.288291491975371,0.407109375,0.3906279798633031,11.994609375,11.5090202219138,24.3013669517771,254173,,,0.1893813194732531,Information
297201,5524.0,48649.11131,OMN,Oman,Al Dhahira,0.189910188,0.0,0.61,0.54,5524.0,,,,,,,,,,,,,,,,,,,,,,,,,0.7111824405296113,3.79820376,0.0,,13.812,0.028,7.188,0.015,4.062,0.008,2.062,0.004,0.07188,0.015,0.06093,0.012,0.0515499999999999,0.01,0.22136,5.203125,0.0106952107856868,14.625,0.0300622141003089,0.078046875,0.0160428161785302,0.511875,0.1052177493510811,0.7111824405296113,210239,,,4.617541330026974e-07,Information
297202,5525.0,12644.52463,OMN,Oman,Al Dhahira,1.85995088,0.0,0.61,0.54,5525.0,,,,,,,,,,,,,,,,,,,,,,,,,0.4054610240525607,37.1990176,0.0,,48.375,0.383,22.188,0.175,0.0,0.0,0.0,0.0,0.22188,0.175,0.0,0.0,0.0,0.0,0.39688,0.0,0.0,6.46875,0.0511585068721602,0.0,0.0,0.22640625,0.1790547740525607,0.4054610240525607,69402,,,2.295028018547375e-07,Information
295305,5431.0,16258.5301,ARE,United Arab Emirates,Abu Dhabi,2.449086146,0.10893363,0.77,0.32,5431.0,,,,,,,,,,,,,,,,,,,,,,,,,9.947770975366286,48.98172292,2.1786726,,21.25,0.131,11.562,0.071,17.438,0.107,15.25,0.094,0.11562,0.071,0.2615699999999999,0.1605,0.38125,0.235,1.22494,27.703125,0.1703913258326845,164.109375,1.0093739961763597,0.415546875,0.2555869887490267,5.743828125,3.532808986617259,9.947770975366286,194880,,,0.0510417747047807,Information
299051,5750.0,25855.44029,JOR,Jordan,Mafraq,2.729895502,0.0,0.5,0.69,5750.0,,,,,,,,,,,,,,,,,,,,,,,,,1.11082,54.59791004,0.0,,55.0,0.213,55.0,0.213,16.688,0.065,0.0,0.0,0.55,0.213,0.25032,0.0975,0.0,0.0,1.11082,4.78125,0.0184922397252428,9.140625,0.0353528112394347,0.07171875,0.0277383595878642,0.319921875,0.1237348393380214,0.5431138239258857,35401,,,0.0001034416325462,Information
299062,5757.0,15970.98724,JOR,Jordan,Aqaba,1.598247833,0.0,0.5,0.69,5757.0,5757.0,0.0,21.0,-9999.0,-9999.0,-9999.0,0.0,1.0,-999.9,-999.9,-999.9,-5985.4,0.0,0.0,0.0,0.0,0.0,0.0,0.0,0.0,0.0,0.0,0.0,-5985.4,3.539893433019274,31.96495666,0.0,,5.625,0.035,5.562,0.035,1.25,0.008,1.188,0.007,0.05562,0.035,0.01875,0.012,0.0296999999999999,0.0175,0.16857,24.046875,0.1505659896939895,51.890625,0.3249055567080828,0.360703125,0.2258489845409842,1.816171875,1.1371694484782895,3.539893433019274,314910,,,0.001558657888897,Information
299066,5761.0,4112.650468,JOR,Jordan,Mafraq,0.422439902,0.0,0.5,0.69,5761.0,5761.0,0.0,24.0,-9999.0,-9999.0,-9999.0,0.0,1.0,-999.9,-999.9,-999.9,-5997.4,0.0,0.0,0.0,0.0,0.0,0.0,0.0,0.0,0.0,0.0,0.0,-5997.4,0.407761322533719,8.44879804,0.0,,,,,,,,,,,,,,,,,1.6875,0.0410319333775695,2.671875,0.0649672278478185,0.0253125,0.0615479000663542,0.093515625,0.2273852974673647,0.407761322533719,3766558,,,3.082096166610608e-08,Information
299067,5762.0,2287.225261,JOR,Jordan,Irbid,0.659020249,0.0,0.5,0.69,5762.0,5762.0,0.0,1.0,-9999.0,-9999.0,-9999.0,0.0,10.0,-999.9,-999.9,-999.9,-5979.4,0.0,0.0,0.0,0.0,0.0,0.0,0.0,0.0,0.0,0.0,0.0,-5979.4,1.55623306017634,13.18040498,0.0,,,,,,,,,,,,,,,,,1.265625,0.0553345147649857,7.734375,0.3381553680082461,0.018984375,0.0830017721474785,0.270703125,1.1835437880288613,1.55623306017634,1082653,,,2.8906479222631247e-05,Information
312990,6081.0,48208.63925,CHN,China,Xinjiang Uygur,3.176440099,0.0,0.59,0.57,6081.0,6081.0,1.0,4.0,60.0,-9999.0,-9999.0,3.0,7.0,6.0,-999.9,-999.9,-3706.825,0.0,0.0,0.0,0.0,0.0,0.0,0.0,0.0,0.0,0.0,0.0,-3706.825,34.56858091260684,63.52880198,0.0,,154.0,0.319,121.75,0.253,65.0,0.135,47.125,0.098,1.2175,0.253,0.975,0.2025,1.178125,0.245,4.071125,260.15625,0.5396465322865885,706.5,1.4655049611934168,3.90234375,0.8094697984298829,24.7275,5.129267364176958,34.56858091260684,116234,,,0.4786358316900656,Advisory
312995,6086.0,6128.703983,CHN,China,Xinjiang Uygur,0.915515628,0.0,0.59,0.57,6086.0,,,,,,,,,,,,,,,,,,,,,,,,,11.88505751090663,18.31031256,0.0,,40.188,0.656,27.938,0.456,1.062,0.017,0.688,0.011,0.2793799999999999,0.456,0.01593,0.0255,0.0171999999999999,0.0274999999999999,0.8215099999999999,27.421875,0.4474335042820466,117.28125,1.9136386798524456,0.411328125,0.6711502564230699,4.10484375,6.69773537948356,11.88505751090663,85794,,,0.0269495971499045,Information
312996,6087.0,9771.603191,CHN,China,Xinjiang Uygur,4.003739685,0.0,0.59,0.57,6087.0,6087.0,2.0,1.0,100.0,74.0,-9999.0,7.0,10.0,10.0,7.4,-999.9,-2453.45,0.0,0.0,0.0,0.0,0.0,0.0,0.0,0.0,0.0,0.0,0.0,-2453.45,7.08354617319603,80.0747937,0.0,,,,,,,,,,,,,,,,,15.1875,0.1554248540691589,93.515625,0.9570141477406549,0.2278125,0.2331372811037383,3.273046875,3.349549517092292,7.08354617319603,33264,,,0.1505187841188527,Information
312997,6088.0,12242.44739,CHN,China,Xinjiang Uygur,4.00042994,0.0,0.59,0.57,6088.0,6088.0,2.0,1.0,100.0,100.0,-9999.0,7.0,10.0,10.0,10.0,-999.9,-1925.8,0.0,0.0,0.0,0.0,0.0,0.0,0.0,0.0,0.0,0.0,0.0,-1925.8,48.02350457996352,80.0085988,0.0,3.0,84.625,0.691,83.5,0.682,81.5,0.666,68.75,0.562,0.835,0.682,1.2225,0.999,1.71875,1.4050000000000002,6.86225,203.90625,1.665567704609746,667.828125,5.455021399442541,3.05859375,2.498351556914619,23.373984375,19.09257489804889,48.02350457996352,300991,11077.0,3.68,0.8095905194677395,Warning
312998,6089.0,6709.106834,CHN,China,Xinjiang Uygur,0.86936792,0.0,0.59,0.57,6089.0,6089.0,1.0,1.0,100.0,-9999.0,-9999.0,3.0,10.0,10.0,-999.9,-999.9,-3953.6,0.0,0.0,0.0,0.0,0.0,0.0,0.0,0.0,0.0,0.0,0.0,-3953.6,3.4865213429509367,17.3873584,0.0,,8.438,0.126,8.438,0.126,4.562,0.068,1.25,0.019,0.08438,0.126,0.06843,0.102,0.03125,0.0475,0.4595599999999999,13.921875,0.2075071294094854,34.03125,0.507239649667631,0.208828125,0.3112606941142281,1.19109375,1.7753387738367086,3.4865213429509367,4465,,,0.0007747268654885,Information
312999,6090.0,8515.354804,CHN,China,Xinjiang Uygur,4.042646001,0.0,0.59,0.57,6090.0,6090.0,1.0,1.0,100.0,-9999.0,-9999.0,3.0,10.0,10.0,-999.9,-999.9,-3953.6,0.0,0.0,0.0,0.0,0.0,0.0,0.0,0.0,0.0,0.0,0.0,-3953.6,5.912021468124437,80.85292002,0.0,,19.0,0.223,16.5,0.194,10.25,0.12,5.062,0.059,0.165,0.194,0.15375,0.18,0.12655,0.1475,0.9668,26.71875,0.3137714236843253,66.234375,0.7778228450279855,0.40078125,0.4706571355264879,2.318203125,2.722379957597949,5.912021468124437,81752,,,0.1199648734042114,Information
422068,7325.0,7701.940784,CHN,China,Nei Mongol,0.933168231,0.0,0.59,0.57,7325.0,,,,,,,,,,,,,,,,,,,,,,,,,0.121495,18.66336462,0.0,,11.062,0.144,5.062,0.066,0.125,0.002,0.0,0.0,0.05062,0.066,0.001875,0.003,0.0,0.0,0.121495,,,,,,,,,,805,,,3.846640153635729e-11,Information
422240,7374.0,23267.17599,CHN,China,Heilongjiang,1.18674357,0.0,0.59,0.57,7374.0,7374.0,2.0,7.0,92.0,35.0,5.0,7.0,4.0,9.2,3.5,0.5,-960.86,0.0,0.0,0.0,0.0,0.0,0.0,0.0,0.0,0.0,0.0,0.0,-960.86,91.75045663432172,23.7348714,0.0,3.0,347.375,1.493,295.062,1.268,0.0,0.0,0.0,0.0,2.95062,1.268,0.0,0.0,0.0,0.0,4.2186200000000005,1047.09375,4.500304422881149,3233.53125,13.897394560801658,15.0,6.750456634321723,35.0,35.0,91.75045663432172,1050765,55609.0,5.29,0.5733292673975829,Warning
422258,7382.0,3071.180383,CHN,China,Heilongjiang,0.255388881,0.0,0.59,0.57,7382.0,7382.0,2.0,7.0,100.0,64.0,13.0,7.0,4.0,10.0,6.4,1.3,61.26666666666667,0.0,0.0,0.0,0.0,0.0,0.0,0.0,0.0,0.0,0.0,0.0,61.26666666666667,71.14016314437382,5.10777762,0.0,3.0,,,,,,,,,,,,,,,,17.859375,0.5815150129158752,1171.265625,38.13731135886869,0.267890625,0.8722725193738128,35.0,35.0,71.14016314437382,88437,7437.0,8.41,0.3866390435490929,Watch
422281,7386.0,1847.930484,CHN,China,Heilongjiang,4.063646514,0.0,0.59,0.57,7386.0,7386.0,3.0,6.0,100.0,88.0,37.0,10.0,5.0,10.0,8.8,3.7,75.0,0.0,0.0,0.0,0.0,0.0,0.0,0.0,0.0,0.0,0.0,0.0,75.0,75.0,81.27293028,0.0,,48.438,2.621,47.25,2.557,0.0,0.0,0.0,0.0,0.4725,2.557,0.0,0.0,0.0,0.0,3.0295,0.28125,0.0152197283615809,883.546875,47.81277664790661,0.00421875,0.0228295925423713,30.924140625,35.0,65.95118896754238,28411,,,0.9173580756689824,Warning
422282,7387.0,24874.42453,CHN,China,Heilongjiang,4.00338624,0.0,0.59,0.57,7387.0,7387.0,1.0,8.0,88.0,21.0,3.0,3.0,3.0,8.8,2.1,0.3,-318.5272727272728,0.0,0.0,0.0,0.0,0.0,0.0,0.0,0.0,0.0,0.0,0.0,-318.5272727272728,90.4325699796473,80.06772480000001,0.0,3.0,16.062,0.065,16.0,0.064,0.0,0.0,0.0,0.0,0.16,0.064,0.0,0.0,0.0,0.0,0.224,971.578125,3.905932069764864,2729.8125,10.974374488098936,14.573671875,5.858898104647296,35.0,35.0,90.4325699796473,247689,11441.0,4.62,0.934766668057495,Warning
422290,7395.0,17532.40219,CHN,China,Heilongjiang,2.743233185,0.0,0.59,0.57,7395.0,7395.0,2.0,6.0,100.0,94.0,27.0,7.0,5.0,10.0,9.4,2.7,57.32,0.0,0.0,0.0,0.0,0.0,0.0,0.0,0.0,0.0,0.0,0.0,57.32,81.18632764253466,54.8646637,0.0,3.0,273.75,1.561,203.125,1.159,0.0,0.0,0.0,0.0,2.03125,1.159,0.0,0.0,0.0,0.0,3.19025,474.890625,2.7086455116897734,2174.90625,12.405067066566197,7.123359375,4.06296826753466,35.0,35.0,81.18632764253466,1911281,101889.0,5.33,0.7214254820715529,Warning
422411,7397.0,913.9790231,CHN,China,Heilongjiang,1.304828025,0.0,0.59,0.57,7397.0,,,,,,,,,,,,,,,,,,,,,,,,,23.299275339136027,26.0965605,0.0,,3.188,0.349,2.875,0.315,0.0,0.0,0.0,0.0,0.02875,0.315,0.0,0.0,0.0,0.0,0.34375,28.6875,3.1387481849972967,43.453125,4.754280339040023,0.4303125,4.708122277495945,1.520859375,16.63998118664008,23.299275339136027,166715,,,0.1241809937447928,Information
422412,7398.0,2692.19644,CHN,China,Heilongjiang,0.405950538,0.0,0.59,0.57,7398.0,,,,,,,,,,,,,,,,,,,,,,,,,66.22648940470378,8.11901076,0.0,3.0,157.312,5.843,148.5,5.516,0.0,0.0,0.0,0.0,1.485,5.516,0.0,0.0,0.0,0.0,7.001,263.953125,9.804378353135862,358.875,13.330193690571509,3.959296875,14.706567529703792,12.560625,35.0,66.22648940470378,638558,3257.0,0.51,0.3716775334079126,Watch
422413,7399.0,4636.528809,CHN,China,Heilongjiang,1.565675823,0.0,0.59,0.57,7399.0,,,,,,,,,,,,,,,,,,,,,,,,,96.8196875,31.31351646,0.0,3.0,130.938,2.824,110.5,2.383,0.0,0.0,0.0,0.0,1.105,2.383,0.0,0.0,0.0,0.0,3.488,815.90625,17.59735102791023,988.03125,21.309718773198423,12.23859375,15.0,34.58109375,35.0,96.8196875,163883,8879.0,5.42,0.6343128284595904,Warning
422414,7400.0,4511.589338,CHN,China,Heilongjiang,0.535023311,0.0,0.59,0.57,7400.0,,,,,,,,,,,,,,,,,,,,,,,,,58.8516482424817,10.70046622,0.0,,47.625,1.056,41.938,0.93,0.0,0.0,0.0,0.0,0.41938,0.93,0.0,0.0,0.0,0.0,1.34938,346.640625,7.68333726838578,374.203125,8.294263882829437,5.199609375,11.52500590257867,13.097109375,29.029923589903028,58.8516482424817,705867,,,0.3383478253437125,Advisory
422415,7401.0,5372.603177,CHN,China,Heilongjiang,0.928753614,0.0,0.59,0.57,7401.0,,,,,,,,,,,,,,,,,,,,,,,,,100.0,18.57507228,0.0,3.0,403.438,7.509,364.875,6.791,0.375,0.007,0.0,0.0,3.64875,6.791,0.005625,0.0105,0.0,0.0,10.455875,1338.890625,24.920705679679017,1378.546875,25.65882552020727,15.0,15.0,35.0,35.0,100.0,1297668,64688.0,4.98,0.5814048458825549,Warning
422416,7402.0,20744.65733,CHN,China,Heilongjiang,4.007990271,0.0,0.59,0.57,7402.0,7402.0,1.0,30.0,31.0,9.0,2.0,3.0,1.0,3.1,0.9,0.2,22.3,0.0,0.0,0.0,0.0,0.0,0.0,0.0,0.0,0.0,0.0,0.0,22.3,22.3,80.15980542,0.0,,,,,,,,,,,,,,,,,19.40625,0.0935481829976782,23.765625,0.1145626299029538,0.29109375,0.1403222744965173,0.831796875,0.4009692046603382,1.6641821041568554,783162,,,0.546521146270156,Advisory
422417,7403.0,2952.113367,CHN,China,Heilongjiang,2.655042215,0.0,0.59,0.57,7403.0,7403.0,1.0,5.0,37.0,11.0,3.0,3.0,6.0,3.7,1.1,0.3,28.8,0.0,0.0,0.0,0.0,0.0,0.0,0.0,0.0,0.0,0.0,0.0,28.8,28.8,53.1008443,0.0,,19.0,0.644,13.062,0.442,0.0,0.0,0.0,0.0,0.1306199999999999,0.442,0.0,0.0,0.0,0.0,0.57262,100.125,3.3916380420285703,106.734375,3.615524261095064,1.501875,5.087457063042855,3.735703125,12.654334913832724,22.97937010187558,94424,,,0.3129079950583203,Information
422418,7404.0,10996.52713,CHN,China,Heilongjiang,1.696496586,0.0,0.59,0.57,7404.0,7404.0,2.0,6.0,100.0,58.0,2.0,7.0,5.0,10.0,5.8,0.2,-749.6400000000002,0.0,0.0,0.0,0.0,0.0,0.0,0.0,0.0,0.0,0.0,0.0,-749.6400000000002,100.0,33.92993172,0.0,3.0,796.688,7.245,589.125,5.357,83.75,0.762,0.0,0.0,5.89125,5.357,1.25625,1.143,0.0,0.0,13.6475,1290.796875,11.738222988662969,1474.734375,13.410910173451196,15.0,15.0,35.0,35.0,100.0,1658537,26980.0,1.63,0.660729309810969,Warning
422419,7405.0,15.57281158,CHN,China,Heilongjiang,2.722887706,0.0,0.59,0.57,7405.0,,,,,,,,,,,,,,,,,,,,,,,,,50.140625,54.45775412,0.0,,0.188,1.204,0.125,0.803,0.0,0.0,0.0,0.0,0.00125,0.803,0.0,0.0,0.0,0.0,0.80425,2.8125,18.06032254531659,2.8125,18.06032254531659,0.0421875,15.0,0.0984375,35.0,50.140625,34340,,,0.5383156328329913,Advisory
422421,7406.0,1846.46604,CHN,China,Heilongjiang,2.224827913,0.0,0.59,0.57,7406.0,7406.0,1.0,8.0,96.0,13.0,2.0,3.0,3.0,9.6,1.3,0.2,34.2,0.0,0.0,0.0,0.0,0.0,0.0,0.0,0.0,0.0,0.0,0.0,34.2,34.2,44.49655826,0.0,,27.75,1.503,22.562,1.222,0.0,0.0,0.0,0.0,0.22562,1.222,0.0,0.0,0.0,0.0,1.44762,87.328125,4.729473659805523,92.390625,5.003646045881204,1.309921875,7.094210489708284,3.233671875,17.512761160584216,29.1505654002925,106132,,,0.3141150893287306,Information
422422,7407.0,4075.143385,CHN,China,Heilongjiang,2.356756917,0.0,0.59,0.57,7407.0,7407.0,2.0,7.0,100.0,98.0,29.0,7.0,4.0,10.0,9.8,2.9,68.4,0.0,0.0,0.0,0.0,0.0,0.0,0.0,0.0,0.0,0.0,0.0,68.4,68.4,47.13513834,0.0,,21.5,0.528,12.25,0.301,0.188,0.005,0.0,0.0,0.1225,0.301,0.00282,0.0075,0.0,0.0,0.43382,5.625,0.1380319529650538,10.265625,0.2519083141612232,0.084375,0.2070479294475807,0.359296875,0.8816790995642813,1.532398904011862,332295,,,0.6016552861321429,Watch
422423,7408.0,9258.468719,CHN,China,Heilongjiang,2.748979734,0.0,0.59,0.57,7408.0,7408.0,2.0,6.0,100.0,84.0,9.0,7.0,5.0,10.0,8.4,0.9,64.6,0.0,0.0,0.0,0.0,0.0,0.0,0.0,0.0,0.0,0.0,0.0,64.6,64.6,54.979594680000005,0.0,,18.938,0.205,15.562,0.168,0.062,0.001,0.0,0.0,0.1556199999999999,0.168,0.0009299999999999,0.0015,0.0,0.0,0.32605,51.046875,0.5513533236543973,59.34375,0.6409672247442304,0.765703125,0.8270299854815959,2.07703125,2.2433852866048065,5.913149647086403,1026197,,,0.6409871197312306,Watch
422424,7409.0,5234.306984,CHN,China,Heilongjiang,3.180239296,0.0,0.59,0.57,7409.0,7409.0,1.0,7.0,54.0,9.0,2.0,3.0,4.0,5.4,0.9,0.2,40.3,0.0,0.0,0.0,0.0,0.0,0.0,0.0,0.0,0.0,0.0,0.0,40.3,40.3,63.60478592,0.0,,,,,,,,,,,,,,,,,145.546875,2.7806331464890794,145.546875,2.7806331464890794,2.183203125,4.170949719733619,5.094140625,9.732216012711778,21.180509482445395,414712,,,0.5405876044175214,Advisory
422426,7411.0,1847.089442,CHN,China,Heilongjiang,2.58116287,0.0,0.59,0.57,7411.0,7411.0,1.0,7.0,76.0,19.0,2.0,3.0,4.0,7.6,1.9,0.2,33.4,0.0,0.0,0.0,0.0,0.0,0.0,0.0,0.0,0.0,0.0,0.0,33.4,33.4,51.6232574,0.0,,,,,,,,,,,,,,,,,43.171875,2.337292067676252,50.0625,2.710345198999172,0.647578125,3.505938101514378,1.7521875,9.486208196497104,15.39191192301148,24494,,,0.355518668248866,Advisory
422427,7412.0,9512.878995,CHN,China,Jilin,2.675362143,0.0,0.59,0.57,7412.0,,,,,,,,,,,,,,,,,,,,,,,,,29.023930625859563,53.507242860000005,0.0,,11.938,0.125,6.312,0.066,0.0,0.0,0.0,0.0,0.06312,0.066,0.0,0.0,0.0,0.0,0.12912,258.1875,2.71408371885094,293.625,3.086605013595187,3.8728125,4.07112557827641,10.276875,10.803117547583154,29.023930625859563,298001,,,0.3187575792658687,Information
422431,7415.0,4229.272374,CHN,China,Heilongjiang,1.020047384,0.0,0.59,0.57,7415.0,,,,,,,,,,,,,,,,,,,,,,,,,90.27640625,20.40094768,0.0,3.0,294.562,6.965,254.5,6.018,19.625,0.464,0.0,0.0,2.545,6.018,0.294375,0.6960000000000001,0.0,0.0,9.553375,789.1875,18.66012472736797,812.53125,19.212081374684985,11.8378125,15.0,28.43859375,35.0,90.27640625,376672,46937.0,12.46,0.5500841510841017,Warning
422432,7416.0,10854.89501,CHN,China,Heilongjiang,2.142178244,0.0,0.59,0.57,7416.0,7416.0,2.0,6.0,100.0,35.0,5.0,7.0,5.0,10.0,3.5,0.5,54.771428571428565,0.0,0.0,0.0,0.0,0.0,0.0,0.0,0.0,0.0,0.0,0.0,54.771428571428565,100.0,42.84356488,0.0,3.0,109.312,1.007,61.312,0.565,0.0,0.0,0.0,0.0,0.61312,0.565,0.0,0.0,0.0,0.0,1.1781199999999998,1267.171875,11.673736811448352,1281.65625,11.80717315498172,15.0,15.0,35.0,35.0,100.0,931330,110395.0,11.85,0.7120481825007562,Warning
422433,7417.0,14212.9608,CHN,China,Heilongjiang,1.050907967,0.0,0.59,0.57,7417.0,7417.0,1.0,4.0,76.0,7.0,2.0,3.0,7.0,7.6,0.7,0.2,35.5,0.0,0.0,0.0,0.0,0.0,0.0,0.0,0.0,0.0,0.0,0.0,35.5,97.97418356743007,21.018159340000004,0.0,3.0,319.188,2.246,234.312,1.649,2.062,0.015,0.0,0.0,2.3431200000000003,1.649,0.03093,0.0225,0.0,0.0,4.04555,1229.34375,8.64945571162005,1746.0,12.284562127141903,15.0,12.974183567430076,35.0,35.0,97.97418356743007,1753090,134716.0,7.68,0.5853058064526037,Warning
422434,7418.0,31128.4457,CHN,China,Heilongjiang,0.523127967,0.0,0.59,0.57,7418.0,7418.0,1.0,5.0,35.0,9.0,3.0,3.0,6.0,3.5,0.9,0.3,27.4,0.0,0.0,0.0,0.0,0.0,0.0,0.0,0.0,0.0,0.0,0.0,27.4,91.90172088373411,10.46255934,0.0,3.0,1005.125,3.229,545.625,1.753,15.125,0.049,0.0,0.0,5.45625,1.753,0.226875,0.0735,0.0,0.0,7.509625,1432.265625,4.601147255822755,4396.921875,14.125092906019646,15.0,6.901720883734132,35.0,35.0,91.90172088373411,4472757,243967.0,5.45,0.5103964099987222,Warning
422436,7420.0,5336.363422,CHN,China,Heilongjiang,1.974922249,0.0,0.59,0.57,7420.0,,,,,,,,,,,,,,,,,,,,,,,,,12.963020063550513,39.49844498,0.0,,31.438,0.589,20.062,0.376,0.312,0.006,0.0,0.0,0.20062,0.376,0.00468,0.009,0.0,0.0,0.5903,0.140625,0.0026352215708653,128.8125,2.4138629589126324,0.002109375,0.0039528323562979,4.5084375,8.448520356194214,12.963020063550513,1661613,,,0.0617109349826269,Information
422437,7421.0,8334.969448,CHN,China,Heilongjiang,1.232251317,0.0,0.59,0.57,7421.0,7421.0,1.0,5.0,66.0,9.0,3.0,3.0,6.0,6.6,0.9,0.3,33.6,0.0,0.0,0.0,0.0,0.0,0.0,0.0,0.0,0.0,0.0,0.0,33.6,59.6179128954898,24.64502634,0.0,,98.25,1.179,51.5,0.618,0.125,0.001,0.0,0.0,0.515,0.618,0.001875,0.0015,0.0,0.0,1.136375,22.78125,0.2733213378035724,764.578125,9.173136503938412,0.34171875,0.4099820067053585,26.760234375,32.105977763784445,59.6179128954898,6158337,,,0.4073939559663589,Advisory
422438,7422.0,19672.44598,CHN,China,Heilongjiang,0.887166879,0.0,0.59,0.57,7422.0,7422.0,1.0,7.0,80.0,17.0,2.0,3.0,4.0,8.0,1.7,0.2,29.100000000000005,0.0,0.0,0.0,0.0,0.0,0.0,0.0,0.0,0.0,0.0,0.0,29.100000000000005,97.1196243976626,17.743337580000002,0.0,3.0,236.875,1.204,172.25,0.876,5.438,0.028,0.0,0.0,1.7225,0.876,0.08157,0.042,0.0,0.0,2.72207,1589.484375,8.079749598441738,2684.53125,13.646148795386424,15.0,12.119624397662609,35.0,35.0,97.1196243976626,3516120,257323.0,7.32,0.5659605075657457,Warning
422439,7423.0,4146.687473,CHN,China,Jilin,0.695434686,0.0,0.59,0.57,7423.0,,,,,,,,,,,,,,,,,,,,,,,,,80.75328125,13.90869372,0.0,3.0,58.0,1.399,50.562,1.219,1.375,0.033,0.0,0.0,0.50562,1.219,0.020625,0.0495,0.0,0.0,1.794745,485.71875,11.713415905704922,670.5,16.1695330163292,7.28578125,15.0,23.4675,35.0,80.75328125,567809,38359.0,6.76,0.4744811966312603,Warning
422441,7424.0,1147.795409,CHN,China,Heilongjiang,0.381391976,0.0,0.59,0.57,7424.0,,,,,,,,,,,,,,,,,,,,,,,,,54.73632208566878,7.62783952,0.0,,3.688,0.321,3.688,0.321,0.0,0.0,0.0,0.0,0.03688,0.321,0.0,0.0,0.0,0.0,0.35788,96.890625,8.44145430711252,160.59375,13.991496108450647,1.453359375,12.66218146066878,5.62078125,35.0,54.73632208566878,225361,,,0.3003834020394684,Advisory
422442,7425.0,8825.511393,CHN,China,Heilongjiang,0.679909649,0.0,0.59,0.57,7425.0,,,,,,,,,,,,,,,,,,,,,,,,,41.26157669969254,13.59819298,0.0,,53.188,0.603,43.375,0.491,0.188,0.002,0.0,0.0,0.43375,0.491,0.00282,0.003,0.0,0.0,0.93057,31.21875,0.3537330428615276,539.296875,6.110658645828641,0.46828125,0.5305995642922914,18.875390625,21.387305260400243,41.26157669969254,2526059,,,0.2299301607066644,Advisory
422443,7426.0,6128.850697,CHN,China,Heilongjiang,2.136776955,0.0,0.59,0.57,7426.0,,,,,,,,,,,,,,,,,,,,,,,,,81.36461384642077,42.7355391,0.0,3.0,37.312,0.609,28.375,0.463,0.0,0.0,0.0,0.0,0.28375,0.463,0.0,0.0,0.0,0.0,0.74675,352.125,5.745367564280512,927.5625,15.134362801115916,5.281875,8.618051346420767,32.4646875,35.0,81.36461384642077,447005,34040.0,7.62,0.6373034458495314,Warning
422448,7431.0,1216.524918,CHN,China,Heilongjiang,0.479906965,0.0,0.59,0.57,7431.0,,,,,,,,,,,,,,,,,,,,,,,,,2.586680278173623,9.5981393,0.0,,19.625,1.613,19.625,1.613,0.0,0.0,0.0,0.0,0.19625,1.613,0.0,0.0,0.0,0.0,1.80925,0.0,0.0,8.015625,0.6588952580496067,0.0,0.0,0.280546875,2.306133403173624,2.586680278173623,74632,,,0.0001897893001283,Information
422449,7432.0,4540.984047,CHN,China,Heilongjiang,0.290435958,0.0,0.59,0.57,7432.0,,,,,,,,,,,,,,,,,,,,,,,,,4.775479995313339,5.80871916,0.0,,12.625,0.278,12.625,0.278,0.0,0.0,0.0,0.0,0.12625,0.278,0.0,0.0,0.0,0.0,0.40425,0.0,0.0,42.609375,0.9383291058038112,0.0,0.0,1.491328125,3.284151870313339,4.775479995313339,788573,,,0.0014326406578521,Information
422461,7434.0,3124.662991,CHN,China,Jilin,2.110882837,0.0,0.59,0.57,7434.0,,,,,,,,,,,,,,,,,,,,,,,,,87.051171875,42.21765674,0.0,3.0,51.562,1.65,36.312,1.162,0.562,0.018,0.0,0.0,0.36312,1.162,0.00843,0.0269999999999999,0.0,0.0,1.5605499999999997,587.953125,18.816529226716387,806.625,25.814783937920403,8.819296875,15.0,28.231875,35.0,87.051171875,1041674,143000.0,13.73,0.6590283910934518,Warning
422462,7435.0,18323.09046,CHN,China,Jilin,1.665929709,0.0,0.59,0.57,7435.0,,,,,,,,,,,,,,,,,,,,,,,,,80.64985141710338,33.31859418,0.0,3.0,28.688,0.157,23.625,0.129,0.0,0.0,0.0,0.0,0.23625,0.129,0.0,0.0,0.0,0.0,0.3652499999999999,1040.90625,5.680844355704108,1158.46875,6.322452823870635,15.0,8.521266533556162,35.0,22.128584883547223,80.64985141710338,8056382,227240.0,2.82,0.5754201983854399,Warning
422463,7436.0,17323.15442,CHN,China,Jilin,3.379391212,0.0,0.59,0.57,7436.0,,,,,,,,,,,,,,,,,,,,,,,,,95.48772436808068,67.58782424,0.0,3.0,259.5,1.498,255.812,1.477,0.0,0.0,0.0,0.0,2.55812,1.477,0.0,0.0,0.0,0.0,4.03512,1211.203125,6.991816245387122,1819.96875,10.50598930080113,15.0,10.487724368080684,35.0,35.0,95.48772436808068,3176740,173312.0,5.46,0.8600320953971423,Warning
422472,7444.0,2093.066192,CHN,China,Jilin,1.08779197,0.0,0.59,0.57,7444.0,,,,,,,,,,,,,,,,,,,,,,,,,79.745,21.7558394,0.0,3.0,5.75,0.275,5.5,0.263,0.438,0.021,0.0,0.0,0.055,0.263,0.00657,0.0315,0.0,0.0,0.35607,401.765625,19.19507498491907,677.671875,32.3769920729174,6.026484375,15.0,23.718515625,35.0,79.745,114511,35487.0,30.99,0.5075793842968981,Watch
422473,7445.0,186.4894646,CHN,China,Heilongjiang,2.289723865,0.0,0.59,0.57,7445.0,,,,,,,,,,,,,,,,,,,,,,,,,54.92609375,45.7944773,0.0,,3.25,1.743,0.875,0.469,0.0,0.0,0.0,0.0,0.00875,0.469,0.0,0.0,0.0,0.0,0.4777499999999999,81.0,43.43408897460386,106.03125,56.85642897022797,1.215,15.0,3.71109375,35.0,54.92609375,12239,,,0.5052681723166464,Advisory
422474,7446.0,36259.6154,CHN,China,Jilin,1.449307584,0.0,0.59,0.57,7446.0,,,,,,,,,,,,,,,,,,,,,,,,,89.93796239597907,28.98615168,0.0,3.0,406.375,1.121,359.375,0.991,122.125,0.337,0.0,0.0,3.59375,0.991,1.831875,0.5055000000000001,0.0,0.0,6.922124999999999,2174.625,5.997374699489896,3205.546875,8.840542956212635,15.0,8.996062049234844,35.0,30.941900346744223,89.93796239597907,2079171,118303.0,5.69,0.5933788044852703,Warning
422477,7449.0,361.6181775,CHN,China,Jilin,0.750237203,0.0,0.59,0.57,7449.0,,,,,,,,,,,,,,,,,,,,,,,,,59.94078125,15.00474406,0.0,,1.375,0.38,1.312,0.363,0.0,0.0,0.0,0.0,0.01312,0.363,0.0,0.0,0.0,0.0,0.37612,161.015625,44.52641903465883,215.015625,59.45929668471035,2.415234375,15.0,7.525546875,35.0,59.94078125,75231,,,0.3634551899088487,Advisory
422479,7451.0,340.5669833,CHN,China,Heilongjiang,2.102654027,0.0,0.59,0.57,7451.0,,,,,,,,,,,,,,,,,,,,,,,,,54.978828125,42.05308054,0.0,,2.062,0.606,2.062,0.606,0.0,0.0,0.0,0.0,0.02062,0.606,0.0,0.0,0.0,0.0,0.62662,80.578125,23.659993174618933,107.71875,31.629240439368417,1.208671875,15.0,3.77015625,35.0,54.978828125,24695,,,0.4790335783473627,Advisory
422481,7452.0,135.1246623,CHN,China,Jilin,1.665721813,0.0,0.59,0.57,7452.0,,,,,,,,,,,,,,,,,,,,,,,,,51.929375,33.31443626,0.0,,0.688,0.509,0.5,0.37,0.0,0.0,0.0,0.0,0.005,0.37,0.0,0.0,0.0,0.0,0.375,27.5625,20.39783080504385,43.3125,32.053734122211765,0.4134375,15.0,1.5159375,35.0,51.929375,6065,,,0.4012535110558922,Advisory
422482,7453.0,9325.950339,CHN,China,Nei Mongol,1.677270309,0.0,0.59,0.57,7453.0,,,,,,,,,,,,,,,,,,,,,,,,,100.0,33.54540618,0.0,3.0,24.375,0.261,20.688,0.222,2.812,0.03,0.0,0.0,0.2068799999999999,0.222,0.04218,0.045,0.0,0.0,0.51606,1056.9375,11.333295391300569,1643.34375,17.621193446346254,15.0,15.0,35.0,35.0,100.0,500221,49252.0,9.85,0.6586022005992613,Warning
422483,7454.0,1134.840453,CHN,China,Jilin,3.109311611,0.0,0.59,0.57,7454.0,,,,,,,,,,,,,,,,,,,,,,,,,62.460078125,62.18623222,0.0,3.0,57.25,5.045,40.5,3.569,19.438,1.713,0.0,0.0,0.405,3.569,0.2915699999999999,2.5695,0.0,0.0,6.83507,186.890625,16.46844933246201,275.90625,24.3123382921674,2.803359375,15.0,9.65671875,35.0,62.460078125,35367,1315.0,3.72,0.692115006935481,Watch
422484,7455.0,1429.648154,CHN,China,Jilin,0.274873054,0.0,0.59,0.57,7455.0,,,,,,,,,,,,,,,,,,,,,,,,,88.343515625,5.49746108,0.0,3.0,22.938,1.604,22.625,1.583,4.5,0.315,0.0,0.0,0.22625,1.583,0.0675,0.4725,0.0,0.0,2.34925,575.015625,40.22077902330315,849.09375,59.39179842081301,8.625234375,15.0,29.71828125,35.0,88.343515625,387986,57807.0,14.9,0.4731340629743738,Warning
422491,7461.0,5155.404824,CHN,China,Heilongjiang,1.412561319,0.0,0.59,0.57,7461.0,,,,,,,,,,,,,,,,,,,,,,,,,100.0,28.25122638,0.0,3.0,27.375,0.531,20.438,0.396,2.375,0.046,0.0,0.0,0.2043799999999999,0.396,0.035625,0.069,0.0,0.0,0.7050050000000001,2057.0625,39.901085754356565,3519.28125,68.26391660435652,15.0,15.0,35.0,35.0,100.0,266092,72996.0,27.43,0.630055152989157,Warning
422495,7465.0,17486.5221,CHN,China,Heilongjiang,1.28453425,0.0,0.59,0.57,7465.0,7465.0,0.0,27.0,5.0,2.0,-9999.0,0.0,1.0,0.5,0.2,-999.9,-1996.4,0.0,0.0,0.0,0.0,0.0,0.0,0.0,0.0,0.0,0.0,0.0,-1996.4,85.44766545140288,25.690685,0.0,3.0,,,,,,,,,,,,,,,,655.171875,3.746724884268583,3920.90625,22.4224475688295,9.827578125,5.620087326402874,35.0,35.0,85.44766545140288,1696118,135832.0,8.01,0.555538755518717,Warning
422497,7467.0,20718.47689,CHN,China,Heilongjiang,1.053285911,0.0,0.59,0.57,7467.0,,,,,,,,,,,,,,,,,,,,,,,,,44.32484447424026,21.06571822,0.0,,377.75,1.823,205.438,0.992,1.625,0.008,0.0,0.0,2.05438,0.992,0.024375,0.012,0.0,0.0,3.082755,0.0,0.0,854.15625,4.12267877835436,0.0,0.0,29.89546875,14.42937572424026,44.32484447424026,1296107,,,0.2819459877541191,Advisory
422498,7468.0,19743.55051,CHN,China,Nei Mongol,3.729829304,0.0,0.59,0.57,7468.0,,,,,,,,,,,,,,,,,,,,,,,,,1.30812,74.59658608,0.0,,152.125,0.771,86.812,0.44,0.0,0.0,0.0,0.0,0.86812,0.44,0.0,0.0,0.0,0.0,1.30812,0.0,0.0,2.953125,0.0149574160831712,0.0,0.0,0.103359375,0.0523509562910992,0.1557103312910992,378801,,,0.0015070679918941,Information
422499,7469.0,41451.91085,CHN,China,Nei Mongol,1.69048325,0.0,0.59,0.57,7469.0,,,,,,,,,,,,,,,,,,,,,,,,,3.76893,33.809665,0.0,,549.25,1.325,301.25,0.727,1.562,0.004,0.0,0.0,3.0125,0.727,0.02343,0.006,0.0,0.0,3.76893,2.25,0.0054279765483939,10.96875,0.0264613856734204,0.03375,0.0081419648225908,0.38390625,0.0926148498569714,0.5184130646795623,398968,,,0.0020801571390546,Information
422510,7470.0,1950.170767,CHN,China,Heilongjiang,2.679906425,0.0,0.59,0.57,7470.0,,,,,,,,,,,,,,,,,,,,,,,,,77.511171875,53.5981285,0.0,3.0,8.188,0.42,5.5,0.282,0.0,0.0,0.0,0.0,0.055,0.282,0.0,0.0,0.0,0.0,0.3369999999999999,489.09375,25.07953448121545,576.421875,29.55750771664811,7.33640625,15.0,20.174765625,35.0,77.511171875,79991,7311.0,9.14,0.6960531192208295,Watch
422570,7484.0,7843.869871,CHN,China,Heilongjiang,0.815812514,0.0,0.59,0.57,7484.0,,,,,,,,,,,,,,,,,,,,,,,,,5.577545919038922,16.31625028,0.0,,34.75,0.443,24.25,0.309,0.0,0.0,0.0,0.0,0.2425,0.309,0.0,0.0,0.0,0.0,0.5515,17.4375,0.2223073595989826,62.578125,0.7977965727544136,0.2615625,0.3334610393984739,2.190234375,2.792288004640448,5.577545919038922,46313,,,0.0033814844627004,Information
422580,7485.0,15659.9012,CHN,China,Heilongjiang,2.741976434,0.0,0.59,0.57,7485.0,,,,,,,,,,,,,,,,,,,,,,,,,0.8548745874732175,54.83952868,0.0,,94.75,0.605,47.312,0.302,0.625,0.004,0.0,0.0,0.47312,0.302,0.009375,0.006,0.0,0.0,0.7904950000000001,0.0,0.0,14.90625,0.095187382135205,0.0,0.0,0.52171875,0.3331558374732175,0.8548745874732175,122207,,,3.638803502745877e-05,Information
422721,7513.0,1754.194851,CHN,China,Heilongjiang,0.321446294,0.0,0.59,0.57,7513.0,,,,,,,,,,,,,,,,,,,,,,,,,0.50662,6.42892588,0.0,,7.812,0.445,7.562,0.431,0.0,0.0,0.0,0.0,0.07562,0.431,0.0,0.0,0.0,0.0,0.50662,0.703125,0.0400824913792801,1.828125,0.1042144775861284,0.010546875,0.0601237370689201,0.063984375,0.3647506715514493,0.4994056586203695,7207,,,9.008419937469722e-08,Information
422723,7515.0,241.1276668,CHN,China,Heilongjiang,1.720234166,0.0,0.59,0.57,7515.0,,,,,,,,,,,,,,,,,,,,,,,,,4.389859401608785,34.404683320000004,0.0,,0.938,0.389,0.25,0.104,0.0,0.0,0.0,0.0,0.0025,0.104,0.0,0.0,0.0,0.0,0.1065,0.0,0.0,2.953125,1.2247142933167956,0.0,0.0,0.103359375,4.286500026608785,4.389859401608785,61,,,0.0034233800623973,Information
422725,7517.0,5910.795217,CHN,China,Heilongjiang,2.509039543,0.0,0.59,0.57,7517.0,,,,,,,,,,,,,,,,,,,,,,,,,0.335005377994847,50.18079086,0.0,,6.562,0.111,3.875,0.066,0.875,0.015,0.0,0.0,0.03875,0.066,0.013125,0.0225,0.0,0.0,0.140375,1.40625,0.0237912150276663,2.953125,0.0499615515580993,0.02109375,0.0356868225414994,0.103359375,0.1748654304533475,0.335005377994847,65217,,,2.836792214275713e-07,Information
422730,7522.0,24439.22688,CHN,China,Heilongjiang,2.920713654,0.0,0.59,0.57,7522.0,,,,,,,,,,,,,,,,,,,,,,,,,8.767840994242372,58.41427308,0.0,,55.188,0.226,29.125,0.119,4.062,0.017,0.0,0.0,0.29125,0.119,0.06093,0.0255,0.0,0.0,0.49668,28.265625,0.1156567887258937,165.65625,0.677829338901009,0.423984375,0.1734851830888405,5.79796875,2.3724026861535314,8.767840994242372,46013,,,0.0597748537753902,Information
422950,7584.0,8178.010052,CHN,China,Nei Mongol,0.659999924,0.0,0.59,0.57,7584.0,,,,,,,,,,,,,,,,,,,,,,,,,5.009095051453633,13.19999848,0.0,,2.625,0.032,2.188,0.027,1.062,0.013,0.562,0.007,0.02188,0.027,0.01593,0.0195,0.01405,0.0175,0.11586,1.265625,0.0154759530970874,63.84375,0.7806758562308579,0.018984375,0.0232139296456311,2.23453125,2.7323654968080024,5.009095051453633,5875,,,0.0021698550881684,Information
422982,7597.0,3162.884013,CHN,China,Nei Mongol,3.007004832,0.0,0.59,0.57,7597.0,,,,,,,,,,,,,,,,,,,,,,,,,4.956940822489257,60.14009664,0.0,,24.375,0.771,24.25,0.767,21.125,0.668,17.812,0.563,0.2425,0.767,0.316875,1.002,0.4453,1.4074999999999998,4.181175,0.0,0.0,34.03125,1.0759563064255018,0.0,0.0,1.19109375,3.765847072489256,4.956940822489257,97,,,0.0185536249201208,Information
422983,7598.0,4440.257115,CHN,China,Nei Mongol,0.316926609,0.0,0.59,0.57,7598.0,,,,,,,,,,,,,,,,,,,,,,,,,2.8971832251407896,6.3385321800000005,0.0,,4.812,0.108,4.438,0.1,4.0,0.09,3.188,0.072,0.0443799999999999,0.1,0.06,0.135,0.0797,0.18,0.5990800000000001,0.0,0.0,25.453125,0.5732353857545113,0.0,0.0,0.890859375,2.0063238501407894,2.8971832251407896,27678,,,0.0002545255727206,Information
424500,7667.0,25728.25267,CHN,China,Liaoning,2.101809448,3.139211742,0.59,0.57,7667.0,,,,,,,,,,,,,,,,,,,,,,,,,65.76359582723293,42.03618896,62.78423484,3.0,7.062,0.027,6.375,0.025,2.188,0.009,0.0,0.0,0.06375,0.025,0.03282,0.0134999999999999,0.0,0.0,0.13507,622.40625,2.4191547635087347,1308.375,5.085362837705663,9.33609375,3.6287321452631023,35.0,17.798769931969822,65.76359582723293,10621957,346368.0,3.26,0.7154352391561546,Watch
424600,7668.0,27887.5071,CHN,China,Liaoning,2.587292824,2.050234319,0.59,0.57,7668.0,,,,,,,,,,,,,,,,,,,,,,,,,87.60724220623658,51.74585648,41.00468638,3.0,27.688,0.099,18.625,0.067,0.0,0.0,0.0,0.0,0.18625,0.067,0.0,0.0,0.0,0.0,0.25325,864.0,3.098161470824381,3817.265625,13.688084818608043,12.96,4.647242206236571,35.0,35.0,87.60724220623658,17007162,719115.0,4.23,0.7245399580561034,Warning
424700,7669.0,471.6656929,CHN,China,Liaoning,4.001657347,4.017067641,0.59,0.57,7669.0,,,,,,,,,,,,,,,,,,,,,,,,,63.466953125,80.03314694,80.34135282,3.0,0.812,0.172,0.812,0.172,0.0,0.0,0.0,0.0,0.00812,0.172,0.0,0.0,0.0,0.0,0.1801199999999999,108.0,22.897573772100635,338.484375,71.76361988209143,1.62,15.0,11.846953125,35.0,63.466953125,100363,29791.0,29.68,0.8794018825700992,Warning
424812,7671.0,6210.524264,CHN,China,Liaoning,0.849428671,0.0,0.59,0.57,7671.0,,,,,,,,,,,,,,,,,,,,,,,,,72.7308903870734,16.988573419999998,0.0,3.0,8.312,0.134,2.25,0.036,7.875,0.127,0.0,0.0,0.0225,0.036,0.118125,0.1905,0.0,0.0,0.367125,69.75,1.1230935913822655,1092.375,17.589094794067417,1.04625,1.684640387073398,35.0,35.0,72.7308903870734,1426837,96958.0,6.8,0.4474082766303573,Watch
424815,7674.0,10157.90586,CHN,China,Liaoning,2.399155804,0.0,0.59,0.57,7674.0,,,,,,,,,,,,,,,,,,,,,,,,,37.31085246355087,47.98311608,0.0,,15.312,0.151,9.75,0.096,0.0,0.0,0.0,0.0,0.0975,0.096,0.0,0.0,0.0,0.0,0.1935,152.578125,1.5020627980892067,471.796875,4.644627361833446,2.288671875,2.25309419713381,16.512890625,16.25619576641706,37.31085246355087,1916052,,,0.3698373642855463,Advisory
424820,7679.0,11161.81709,CHN,China,Jilin,2.347440605,0.0,0.59,0.57,7679.0,,,,,,,,,,,,,,,,,,,,,,,,,44.47097351651498,46.9488121,0.0,,34.812,0.312,34.812,0.312,0.0,0.0,0.0,0.0,0.34812,0.312,0.0,0.0,0.0,0.0,0.66012,406.125,3.6385204745620654,496.125,4.444840801334824,6.091875,5.4577807118431,17.364375,15.556942804671886,44.47097351651498,2226093,,,0.4299817762981465,Advisory
424830,7680.0,6002.556918,CHN,China,Nei Mongol,2.996426094,0.0,0.59,0.57,7680.0,,,,,,,,,,,,,,,,,,,,,,,,,18.748757148122003,59.92852188,0.0,,12.688,0.211,12.625,0.21,0.125,0.002,0.0,0.0,0.12625,0.21,0.001875,0.003,0.0,0.0,0.341125,40.640625,0.6770552208672784,183.515625,3.0572908762345965,0.609609375,1.0155828313009176,6.423046875,10.700518066821088,18.748757148122003,392072,,,0.2237655907729493,Information
424880,7693.0,29370.76612,CHN,China,Nei Mongol,2.380203723,0.0,0.59,0.57,7693.0,,,,,,,,,,,,,,,,,,,,,,,,,6.160318607903667,47.60407446000001,0.0,,0.0,0.0,0.0,0.0,0.0,0.0,4.625,0.016,0.0,0.0,0.0,0.0,0.115625,0.04,0.155625,7.453125,0.0253759979249982,128.109375,0.4361798888617627,0.111796875,0.0380639968874973,4.483828125,1.5266296110161697,6.160318607903667,900670,,,0.0161491058196758,Information
424901,7695.0,416.492473,CHN,China,Liaoning,4.026617313,3.050236313,0.59,0.57,7695.0,,,,,,,,,,,,,,,,,,,,,,,,,43.749064665056814,80.53234626,61.00472626,3.0,5.938,1.426,5.938,1.426,0.0,0.0,0.0,0.0,0.0593799999999999,1.426,0.0,0.0,0.0,0.0,1.48538,5.203125,1.249272276704541,194.203125,46.62824362510733,0.078046875,1.8739084150568115,6.797109375,35.0,43.749064665056814,41121,20485.0,49.82,0.7909482692187237,Watch
424903,7697.0,526.8939949,CHN,China,Liaoning,4.028494072,3.79682038,0.59,0.57,7697.0,,,,,,,,,,,,,,,,,,,,,,,,,46.0606811588486,80.56988144,75.93640760000001,3.0,0.562,0.107,0.062,0.012,0.562,0.107,0.0,0.0,0.00062,0.012,0.00843,0.1605,0.0,0.0,0.18155,9.5625,1.8148811892323973,234.140625,44.43789970694033,0.1434375,2.722321783848596,8.194921875,35.0,46.0606811588486,81775,17703.0,21.65,0.8059684640644109,Warning
424909,7703.0,1935.926969,CHN,China,Liaoning,4.021118716,2.471343775,0.59,0.57,7703.0,,,,,,,,,,,,,,,,,,,,,,,,,8.791595000193883,80.42237432,49.4268755,,0.375,0.019,0.125,0.006,0.188,0.01,0.562,0.029,0.00125,0.006,0.00282,0.015,0.01405,0.0725,0.11162,5.484375,0.2832945192382263,38.390625,1.983061634667584,0.082265625,0.4249417788573394,1.343671875,6.940715721336544,8.791595000193883,486842,,,0.2116841688731506,Information
431000,7704.0,18606.86195,CHN,China,Hebei,0.565458123,0.0,0.59,0.57,7704.0,,,,,,,,,,,,,,,,,,,,,,,,,1.4842264329095871,11.30916246,0.0,,103.938,0.559,30.812,0.166,0.0,0.0,0.062,0.0,0.30812,0.166,0.0,0.0,0.00155,0.0,0.47567,0.703125,0.0037788478361951,27.28125,0.1466192960443699,0.010546875,0.0056682717542926,0.95484375,0.5131675361552946,1.4842264329095871,1155807,,,2.154422748763931e-05,Information
431100,7705.0,3752.105788,CHN,China,Hebei,4.028367198,3.001837208,0.59,0.57,7705.0,,,,,,,,,,,,,,,,,,,,,,,,,10.300559569505062,80.56734395999999,60.03674416,,4.0,0.107,4.0,0.107,0.688,0.018,1.375,0.037,0.04,0.107,0.01032,0.0269999999999999,0.034375,0.0925,0.311195,12.796875,0.341058480835607,74.8125,1.993880349500472,0.191953125,0.5115877212534106,2.6184375,6.978581223251652,10.300559569505062,2321062,,,0.2627935436465182,Information
431201,7706.0,1022.46598,CHN,China,Hebei,1.955438162,2.212228266,0.59,0.57,7706.0,,,,,,,,,,,,,,,,,,,,,,,,,16.827337856894644,39.10876324,44.24456532,,3.25,0.318,1.438,0.141,0.5,0.049,0.875,0.086,0.0143799999999999,0.141,0.0075,0.0735,0.021875,0.2149999999999999,0.473255,8.578125,0.8389643439374533,40.921875,4.0022725259967045,0.128671875,1.25844651590618,1.432265625,14.007953840988463,16.827337856894644,517947,,,0.1154643342692617,Information
431300,7715.0,10055.2817,CHN,China,Hebei,3.640064524,3.153469387,0.59,0.57,7715.0,,,,,,,,,,,,,,,,,,,,,,,,,94.38465951310847,72.80129048,63.06938774,3.0,43.625,0.434,37.688,0.375,64.5,0.641,63.125,0.628,0.37688,0.375,0.9675,0.9615,1.578125,1.57,5.829005,815.0625,8.105814675405654,1710.421875,17.01018355710127,12.2259375,12.15872201310848,35.0,35.0,94.38465951310847,7464164,268069.0,3.59,0.8932886787987262,Warning
431400,7716.0,9846.982436,CHN,China,Hebei,3.127849901,3.411627534,0.59,0.57,7716.0,,,,,,,,,,,,,,,,,,,,,,,,,39.70927819145097,62.55699802,68.23255068,,0.562,0.006,0.5,0.005,4.375,0.044,0.312,0.003,0.005,0.005,0.065625,0.066,0.0078,0.0075,0.156925,238.5,2.42206179962176,460.6875,4.678463712005238,3.5775,3.6330926994326393,16.1240625,16.37462299201833,39.70927819145097,5742309,,,0.5882877802642925,Advisory
431610,7719.0,1077.099554,CHN,China,Tianjin,4.022847467,3.053104674,0.59,0.57,7719.0,,,,,,,,,,,,,,,,,,,,,,,,,44.42048211005901,80.45694934,61.06209348,3.0,2.25,0.209,2.25,0.209,0.75,0.07,0.562,0.052,0.0225,0.209,0.01125,0.105,0.01405,0.13,0.4918,54.984375,5.104855421425387,99.84375,9.269686315120268,0.824765625,7.65728313213808,3.49453125,32.44390210292094,44.42048211005901,6082094,52721.0,0.87,0.7941999095221739,Watch
431622,7721.0,21055.41993,CHN,China,Beijing,2.560833629,0.0,0.59,0.57,7721.0,,,,,,,,,,,,,,,,,,,,,,,,,7.615169364979796,51.21667258,0.0,,5.938,0.028,4.188,0.02,0.562,0.003,1.0,0.005,0.04188,0.02,0.00843,0.0045,0.025,0.0125,0.11231,48.234375,0.2290829399599809,126.84375,0.6024280228685213,0.723515625,0.3436244099399713,4.43953125,2.1084980800398245,7.615169364979796,15834069,,,0.0316380548566278,Information
431627,7726.0,3558.514097,CHN,China,Hebei,0.572442308,0.0,0.59,0.57,7726.0,,,,,,,,,,,,,,,,,,,,,,,,,1.6770664826313877,11.44884616,0.0,,3.25,0.091,3.25,0.091,3.375,0.095,3.312,0.093,0.0325,0.091,0.050625,0.1425,0.0828,0.2324999999999999,0.6319250000000001,5.0625,0.1422644357020126,10.40625,0.2924324511652482,0.0759375,0.2133966535530189,0.36421875,1.0235135790783687,1.6770664826313877,420522,,,3.646264730168783e-05,Information
431644,7733.0,3006.783631,CHN,China,Hebei,1.797626742,0.0,0.59,0.57,7733.0,,,,,,,,,,,,,,,,,,,,,,,,,10.061570607693922,35.95253484,0.0,,2.438,0.081,1.062,0.035,1.25,0.042,2.875,0.096,0.01062,0.035,0.01875,0.063,0.071875,0.24,0.439245,2.8125,0.0935384898149204,65.25,2.170092963706155,0.0421875,0.1403077347223806,2.28375,7.595325372971541,10.061570607693922,2581845,,,0.0320918858402165,Information
431647,7736.0,2346.443344,CHN,China,Hebei,2.683937543,0.0,0.59,0.57,7736.0,,,,,,,,,,,,,,,,,,,,,,,,,2.563879263237333,53.67875086,0.0,,1.312,0.056,1.312,0.056,0.562,0.024,3.062,0.131,0.01312,0.056,0.00843,0.036,0.0765499999999999,0.3275,0.5176000000000001,0.0,0.0,13.921875,0.5933181823535236,0.0,0.0,0.487265625,2.076613638237333,2.563879263237333,1908476,,,0.0019013602390746,Information
431690,7751.0,19956.97711,CHN,China,Shanxi,2.082386689,0.0,0.59,0.57,7751.0,,,,,,,,,,,,,,,,,,,,,,,,,0.8791860115326424,41.64773378,0.0,,19.562,0.098,10.438,0.052,1.062,0.005,0.0,0.0,0.10438,0.052,0.01593,0.0075,0.0,0.0,0.17981,10.828125,0.0542573403673793,12.09375,0.0605991074233067,0.162421875,0.0813860105510689,0.42328125,0.2120968759815734,0.8791860115326424,6088136,,,1.3628119107775376e-05,Information
431700,7752.0,20381.12193,CHN,China,Shandong,3.471542541,2.427553703,0.59,0.57,7752.0,,,,,,,,,,,,,,,,,,,,,,,,,27.870382577055647,69.43085081999999,48.551074060000005,,64.312,0.316,57.562,0.282,8.812,0.043,15.688,0.077,0.57562,0.282,0.13218,0.0645,0.3922,0.1925,1.6389999999999998,208.265625,1.0218555469703592,444.9375,2.183086394742888,3.123984375,1.5327833204555388,15.5728125,7.640802381600108,27.870382577055647,11077579,,,0.4631794994179461,Advisory
431900,7754.0,3792.339562,CHN,China,Shandong,4.077040918,4.002716076,0.59,0.57,7754.0,,,,,,,,,,,,,,,,,,,,,,,,,34.407012560315906,81.54081836,80.05432151999999,3.0,39.5,1.042,39.188,1.033,22.562,0.595,25.625,0.676,0.39188,1.033,0.33843,0.8925,0.640625,1.6900000000000002,4.986435,97.171875,2.5623199982985194,228.65625,6.029424482248035,1.457578125,3.843479997447779,8.00296875,21.102985687868124,34.407012560315906,850803,24754.0,2.91,0.7332586658667246,Watch
432010,7755.0,17772.37981,CHN,China,Nei Mongol,2.043534682,0.0,0.59,0.57,7755.0,,,,,,,,,,,,,,,,,,,,,,,,,0.4768587756229937,40.870693640000006,0.0,,39.375,0.222,14.875,0.084,0.0,0.0,0.0,0.0,0.14875,0.084,0.0,0.0,0.0,0.0,0.23275,0.0,0.0,8.71875,0.0490578644637125,0.0,0.0,0.30515625,0.1717025256229937,0.4768587756229937,393255,,,7.168505452167265e-07,Information
432020,7756.0,23002.83444,CHN,China,Gansu,1.724264577,0.0,0.59,0.57,7756.0,,,,,,,,,,,,,,,,,,,,,,,,,0.30893,34.48529154,0.0,,63.812,0.277,20.75,0.09,0.562,0.002,0.0,0.0,0.2075,0.09,0.00843,0.003,0.0,0.0,0.30893,0.0,0.0,6.046875,0.0262875212839054,0.0,0.0,0.211640625,0.0920063244936689,0.3036469494936689,1694200,,,4.2327404435721764e-08,Information
432030,7757.0,21751.80363,CHN,China,Nei Mongol,1.921439199,0.0,0.59,0.57,7757.0,,,,,,,,,,,,,,,,,,,,,,,,,0.25088,38.42878398,0.0,,89.0,0.409,17.188,0.079,0.0,0.0,0.0,0.0,0.1718799999999999,0.079,0.0,0.0,0.0,0.0,0.25088,0.0,0.0,3.09375,0.0142229584877878,0.0,0.0,0.10828125,0.0497803547072573,0.1580616047072573,71535,,,1.8671766350290824e-08,Information
432060,7760.0,6863.919775,CHN,China,Nei Mongol,0.423440271,0.0,0.59,0.57,7760.0,,,,,,,,,,,,,,,,,,,,,,,,,0.3264981107533334,8.468805419999999,0.0,,19.062,0.278,5.562,0.081,0.0,0.0,0.0,0.0,0.05562,0.081,0.0,0.0,0.0,0.0,0.13662,1.96875,0.0286825904819753,2.953125,0.043023885722963,0.02953125,0.0430238857229629,0.103359375,0.1505836000303705,0.3264981107533334,950,,,8.701715644461738e-09,Information
432070,7761.0,7013.070366,CHN,China,Nei Mongol,0.610502259,0.0,0.59,0.57,7761.0,,,,,,,,,,,,,,,,,,,,,,,,,1.2690536342358778,12.21004518,0.0,,56.062,0.799,8.375,0.119,0.0,0.0,0.0,0.0,0.08375,0.119,0.0,0.0,0.0,0.0,0.2027499999999999,0.421875,0.0060155535019022,14.765625,0.2105443725665784,0.006328125,0.0090233302528533,0.516796875,0.7369053039830245,1.2690536342358778,379,,,1.1342674339331734e-05,Information
432080,7762.0,18970.24686,CHN,China,Nei Mongol,1.694046597,0.0,0.59,0.57,7762.0,,,,,,,,,,,,,,,,,,,,,,,,,1.533345280315027,33.88093194,0.0,,239.625,1.263,51.312,0.27,0.0,0.0,0.0,0.0,0.51312,0.27,0.0,0.0,0.0,0.0,0.78312,0.0,0.0,28.6875,0.1512236515185791,0.0,0.0,1.0040625,0.5292827803150268,1.533345280315027,93303,,,8.360664438487932e-05,Information
432090,7763.0,5873.015342,CHN,China,Nei Mongol,4.004925894,0.0,0.59,0.57,7763.0,,,,,,,,,,,,,,,,,,,,,,,,,1.942145380924179,80.09851788,0.0,,39.062,0.665,5.812,0.099,0.0,0.0,0.438,0.007,0.05812,0.099,0.0,0.0,0.01095,0.0175,0.18557,0.984375,0.0167609812455367,20.109375,0.3424029025873926,0.014765625,0.025141471868305,0.703828125,1.198410159055874,1.942145380924179,52892,,,0.0099826065759979,Information
432101,7764.0,6585.752678,CHN,China,Shandong,4.009325483,0.324468259,0.59,0.57,7764.0,,,,,,,,,,,,,,,,,,,,,,,,,32.231566821987684,80.18650965999998,6.48936518,3.0,0.625,0.009,0.625,0.009,8.375,0.127,3.0,0.046,0.00625,0.009,0.125625,0.1905,0.075,0.1149999999999999,0.5213749999999999,187.453125,2.8463432224436422,285.328125,4.332505925234921,2.811796875,4.269514833665463,9.986484375,15.163770738322224,32.231566821987684,5814934,28340.0,0.49,0.6867231599357696,Watch
432105,7768.0,7990.41956,CHN,China,Henan,4.004521049,0.0,0.59,0.57,7768.0,7768.0,0.0,29.0,-9999.0,-9999.0,-9999.0,0.0,1.0,-999.9,-999.9,-999.9,-5997.4,0.0,0.0,0.0,0.0,0.0,0.0,0.0,0.0,0.0,0.0,0.0,-5997.4,9.878450715305412,80.09042098,0.0,,2.375,0.03,1.562,0.02,1.812,0.023,2.375,0.03,0.01562,0.02,0.02718,0.0345,0.059375,0.075,0.231675,68.0625,0.8518013289127626,96.1875,1.203785349124648,1.0209375,1.2777019933691438,3.3665625,4.213248721936268,9.878450715305412,5671432,,,0.2416997869379557,Information
432107,7770.0,739.3992507,CHN,China,Henan,1.643781796,0.0,0.59,0.57,7770.0,,,,,,,,,,,,,,,,,,,,,,,,,5.249242552693197,32.87563592,0.0,,2.062,0.279,1.875,0.254,1.688,0.228,0.0,0.0,0.01875,0.254,0.02532,0.342,0.0,0.0,0.64007,3.09375,0.4184140025651764,9.0,1.217204371098695,0.04640625,0.6276210038477646,0.315,4.2602152988454325,5.249242552693197,290520,,,0.0054099337096809,Information
432108,7771.0,18953.17168,CHN,China,Henan,1.374384182,0.0,0.59,0.57,7771.0,7771.0,0.0,30.0,2.0,2.0,-9999.0,0.0,1.0,0.2,0.2,-999.9,-1997.0,0.0,0.0,0.0,0.0,0.0,0.0,0.0,0.0,0.0,0.0,0.0,-1997.0,-1997.0,27.48768364,0.0,,,,,,,,,,,,,,,,,,,,,,,,,,8167004,,,,
432109,7772.0,13198.3362,CHN,China,Henan,1.099315083,0.0,0.59,0.57,7772.0,,,,,,,,,,,,,,,,,,,,,,,,,1.18968,21.98630166,0.0,,52.688,0.399,41.438,0.314,15.75,0.119,1.062,0.008,0.41438,0.314,0.23625,0.1785,0.02655,0.02,1.18968,0.703125,0.0053273760358584,3.09375,0.0234404545577772,0.010546875,0.0079910640537875,0.10828125,0.0820415909522201,0.2088607800060077,3251364,,,1.437171134643295e-05,Information
432250,7777.0,995.0233182,CHN,China,Shaanxi,0.699681725,0.0,0.59,0.57,7777.0,,,,,,,,,,,,,,,,,,,,,,,,,0.15838,13.9936345,0.0,,1.875,0.188,1.438,0.144,0.0,0.0,0.0,0.0,0.0143799999999999,0.144,0.0,0.0,0.0,0.0,0.15838,,,,,,,,,,972966,,,1.515552222949285e-10,Information
432261,7778.0,6455.01829,CHN,China,Shaanxi,0.970022116,0.0,0.59,0.57,7778.0,,,,,,,,,,,,,,,,,,,,,,,,,0.1845,19.40044232,0.0,,13.688,0.212,7.25,0.112,0.0,0.0,0.0,0.0,0.0725,0.112,0.0,0.0,0.0,0.0,0.1845,,,,,,,,,,2316520,,,6.024174625264671e-10,Information
432270,7787.0,28490.51959,CHN,China,Shaanxi,1.348587499,0.0,0.59,0.57,7787.0,,,,,,,,,,,,,,,,,,,,,,,,,0.3324711673037902,26.97174998,0.0,,57.625,0.202,20.375,0.072,0.188,0.001,0.062,0.0,0.20375,0.072,0.00282,0.0015,0.00155,0.0,0.28162,0.0,0.0,7.03125,0.0246792620867972,0.0,0.0,0.24609375,0.0863774173037902,0.3324711673037902,15789134,,,3.4829481515082646e-08,Information
432300,7790.0,7794.413551,CHN,China,Shanxi,1.066494635,0.0,0.59,0.57,7790.0,,,,,,,,,,,,,,,,,,,,,,,,,4.000191777042405,21.3298927,0.0,,64.438,0.827,55.188,0.708,39.188,0.503,13.5,0.173,0.55188,0.708,0.58782,0.7545,0.3375,0.4325,3.3722,0.0,0.0,50.0625,0.64228693629783,0.0,0.0,1.7521875,2.248004277042405,4.000191777042405,3349600,,,0.0014463269813424,Information
432401,7791.0,3121.932039,CHN,China,Shanxi,1.558248473,0.0,0.59,0.57,7791.0,,,,,,,,,,,,,,,,,,,,,,,,,3.165164966170079,31.16496946,0.0,,13.875,0.444,9.875,0.316,11.938,0.382,1.688,0.054,0.09875,0.316,0.17907,0.573,0.0421999999999999,0.135,1.34402,0.0,0.0,21.515625,0.6891765974771654,0.0,0.0,0.753046875,2.412118091170079,3.165164966170079,1350027,,,0.0010367153873407,Information
432404,7794.0,4050.774087,CHN,China,Shanxi,1.367848886,0.0,0.59,0.57,7794.0,,,,,,,,,,,,,,,,,,,,,,,,,0.44381,27.35697772,0.0,,15.312,0.378,12.688,0.313,0.062,0.002,0.0,0.0,0.12688,0.313,0.0009299999999999,0.003,0.0,0.0,0.44381,0.140625,0.0034715586945086,0.984375,0.0243009108615603,0.002109375,0.0052073380417629,0.034453125,0.085053188015461,0.1268230260572239,1171318,,,1.7170649821154642e-07,Information
432405,7795.0,3683.985235,CHN,China,Shanxi,2.05273944,0.0,0.59,0.57,7795.0,,,,,,,,,,,,,,,,,,,,,,,,,0.4972499999999999,41.0547888,0.0,,17.812,0.484,13.0,0.353,0.25,0.007,0.0,0.0,0.13,0.353,0.00375,0.0105,0.0,0.0,0.4972499999999999,0.84375,0.0229031862550173,0.984375,0.0267203839641868,0.01265625,0.0343547793825259,0.034453125,0.0935213438746538,0.1749854982571797,1584753,,,8.973281655932229e-07,Information
432407,7797.0,296.3852951,CHN,China,Shanxi,2.528306664,0.0,0.59,0.57,7797.0,,,,,,,,,,,,,,,,,,,,,,,,,0.1622,50.56613328,0.0,,0.188,0.063,0.188,0.063,0.188,0.063,0.0,0.0,0.00188,0.063,0.00282,0.0945,0.0,0.0,0.1622,,,,,,,,,,169731,,,5.3399849326818244e-09,Information
432409,7799.0,9899.29505,CHN,China,Shanxi,1.497998626,0.0,0.59,0.57,7799.0,,,,,,,,,,,,,,,,,,,,,,,,,0.6911539934125357,29.95997252,0.0,,6.312,0.064,6.25,0.063,0.5,0.005,0.125,0.001,0.0625,0.063,0.0075,0.0075,0.003125,0.0025,0.146125,5.203125,0.0525605608640647,7.59375,0.0767100077475539,0.078046875,0.078840841296097,0.26578125,0.2684850271164387,0.6911539934125357,4399551,,,1.9329968485330984e-06,Information
432500,7800.0,28547.39998,CHN,China,Shaanxi,2.149946071,0.0,0.59,0.57,7800.0,7800.0,0.0,28.0,21.0,3.0,-9999.0,0.0,1.0,2.1,0.3,-999.9,-1993.0,0.0,0.0,0.0,0.0,0.0,0.0,0.0,0.0,0.0,0.0,0.0,-1993.0,1.6149734374990623,42.99892142,0.0,,11.5,0.04,9.938,0.035,7.0,0.025,1.125,0.004,0.09938,0.035,0.105,0.0375,0.028125,0.01,0.315005,0.0,0.0,34.171875,0.1197022321425893,0.0,0.0,1.196015625,0.4189578124990625,1.6149734374990623,2512023,,,0.0001827959132142,Information
432600,7801.0,8267.41239,CHN,China,Nei Mongol,0.956694276,0.0,0.59,0.57,7801.0,,,,,,,,,,,,,,,,,,,,,,,,,1.67188,19.13388552,0.0,,241.875,2.926,75.688,0.915,0.0,0.0,0.0,0.0,0.75688,0.915,0.0,0.0,0.0,0.0,1.67188,1.546875,0.0187105097350687,13.078125,0.1581888550328538,0.023203125,0.028065764602603,0.457734375,0.5536609926149882,1.0626642572175913,406709,,,5.247655431992875e-05,Information
432604,7805.0,12796.99625,CHN,China,Nei Mongol,1.838000433,0.0,0.59,0.57,7805.0,,,,,,,,,,,,,,,,,,,,,,,,,2.27192,36.76000866,0.0,,368.562,2.88,110.062,0.86,9.5,0.074,1.312,0.01,1.10062,0.86,0.1425,0.1109999999999999,0.0328,0.025,2.27192,7.171875,0.0560434250293972,18.0,0.1406580079169185,0.107578125,0.0840651375440958,0.63,0.4923030277092147,1.3139462902533106,692182,,,0.0004400174665936,Information
432605,7806.0,2248.878678,CHN,China,Shaanxi,1.501170613,0.0,0.59,0.57,7806.0,,,,,,,,,,,,,,,,,,,,,,,,,3.3969289698760416,30.02341226,0.0,,30.812,1.37,5.125,0.228,2.0,0.089,0.0,0.0,0.05125,0.228,0.03,0.1335,0.0,0.0,0.44275,9.421875,0.4189587944908564,13.78125,0.6128054008970735,0.141328125,0.6284381917362846,0.48234375,2.144818903139757,3.3969289698760416,94199,,,0.0012419784912429,Information
432606,7807.0,2754.322446,CHN,China,Shaanxi,2.984401727,0.0,0.59,0.57,7807.0,,,,,,,,,,,,,,,,,,,,,,,,,0.2962896924234404,59.68803454,0.0,,17.375,0.631,5.875,0.213,0.312,0.011,0.0,0.0,0.05875,0.213,0.00468,0.0165,0.0,0.0,0.29293,0.0,0.0,1.828125,0.0663729478352687,0.0,0.0,0.063984375,0.2323053174234404,0.2962896924234404,411717,,,4.483155054102764e-07,Information
432607,7808.0,3523.019085,CHN,China,Shaanxi,0.747450461,0.0,0.59,0.57,7808.0,,,,,,,,,,,,,,,,,,,,,,,,,2.13687,14.94900922,0.0,,122.125,3.466,33.312,0.946,7.625,0.216,4.375,0.124,0.3331199999999999,0.946,0.114375,0.324,0.109375,0.31,2.13687,2.25,0.0638656773014841,4.640625,0.131722959434311,0.03375,0.0957985159522261,0.162421875,0.4610303580200885,0.7530007489723147,160294,,,0.0001148422121718,Information
432608,7809.0,4682.888245,CHN,China,Nei Mongol,1.653566385,0.0,0.59,0.57,7809.0,,,,,,,,,,,,,,,,,,,,,,,,,1.76693,33.0713277,0.0,,254.438,5.433,55.875,1.193,0.312,0.007,0.0,0.0,0.55875,1.193,0.00468,0.0105,0.0,0.0,1.76693,0.421875,0.009008863289399,3.375,0.0720709063151922,0.006328125,0.0135132949340985,0.118125,0.2522481721031727,0.3902145920372711,18613,,,0.0001393228584861,Information
432609,7810.0,9424.203756,CHN,China,Nei Mongol,0.267240316,0.0,0.59,0.57,7810.0,,,,,,,,,,,,,,,,,,,,,,,,,1.24538,5.34480632,0.0,,207.688,2.204,60.438,0.641,0.0,0.0,0.0,0.0,0.60438,0.641,0.0,0.0,0.0,0.0,1.24538,0.84375,0.0089530110111834,5.0625,0.0537180660671008,0.01265625,0.0134295165167751,0.1771875,0.1880132312348528,0.3912864977516279,88220,,,7.428427496543294e-06,Information
432700,7811.0,15277.5454,CHN,China,Nei Mongol,0.941744386,0.0,0.59,0.57,7811.0,,,,,,,,,,,,,,,,,,,,,,,,,1.40318,18.83488772,0.0,,308.062,2.016,81.375,0.533,1.812,0.012,0.25,0.002,0.81375,0.533,0.02718,0.018,0.00625,0.005,1.40318,0.703125,0.0046023427288989,4.21875,0.0276140563733936,0.010546875,0.0069035140933483,0.14765625,0.0966491973068776,0.2617558364002259,105962,,,2.477447527379051e-05,Information
432714,7816.0,5080.328975,CHN,China,Shaanxi,0.025303387,0.0,0.59,0.57,7816.0,,,,,,,,,,,,,,,,,,,,,,,,,2.357255,0.50606774,0.0,,80.375,1.582,30.688,0.604,15.375,0.303,10.25,0.202,0.30688,0.604,0.230625,0.4545,0.25625,0.505,2.357255,1.125,0.0221442352549436,7.734375,0.1522416173777377,0.016875,0.0332163528824153,0.270703125,0.532845660822082,0.8536401387044974,43280,,,9.106342451896136e-05,Information
432715,7817.0,1165.467264,CHN,China,Shanxi,0.42075262,0.0,0.59,0.57,7817.0,,,,,,,,,,,,,,,,,,,,,,,,,5.361945936953166,8.4150524,0.0,,10.562,0.906,5.375,0.461,2.438,0.209,0.062,0.005,0.05375,0.461,0.03657,0.3135,0.00155,0.0125,0.87887,7.453125,0.6394967265289391,12.796875,1.0980038134742165,0.111796875,0.9592450897934086,0.447890625,3.843013347159758,5.361945936953166,104405,,,0.0022702860386011,Information
432716,7818.0,8712.48785,CHN,China,Shaanxi,1.472936698,0.0,0.59,0.57,7818.0,,,,,,,,,,,,,,,,,,,,,,,,,1.0315,29.45873396,0.0,,62.688,0.72,25.188,0.289,12.188,0.14,1.812,0.021,0.25188,0.289,0.18282,0.21,0.0453,0.0525,1.0315,1.828125,0.0209828126186174,10.96875,0.1258968757117047,0.027421875,0.0314742189279261,0.38390625,0.4406390649909664,0.8834414089188924,1352151,,,1.1937290851261874e-05,Information
432720,7822.0,17659.85855,CHN,China,Nei Mongol,2.361986209,0.0,0.59,0.57,7822.0,,,,,,,,,,,,,,,,,,,,,,,,,15.709669552328704,47.23972418,0.0,,36.062,0.204,21.188,0.12,1.875,0.011,0.938,0.005,0.2118799999999999,0.12,0.028125,0.0165,0.02345,0.0125,0.4124549999999999,153.84375,0.8711493896246203,220.640625,1.24939066939765,2.30765625,1.3067240844369303,7.722421875,4.372867342891775,15.709669552328704,3791540,,,0.1128553381872736,Information
432730,7823.0,21030.11883,CHN,China,Nei Mongol,2.779839887,0.0,0.59,0.57,7823.0,,,,,,,,,,,,,,,,,,,,,,,,,18.333077685736903,55.59679774,0.0,,66.562,0.317,44.875,0.213,36.25,0.172,19.438,0.092,0.44875,0.213,0.54375,0.258,0.48595,0.2299999999999999,2.17945,135.0,0.6419364584129279,297.140625,1.4129288923192884,2.025,0.962904687619392,10.399921875,4.94525112311751,18.333077685736903,3393855,,,0.1881849522289645,Information
432740,7824.0,26629.35037,CHN,China,Nei Mongol,3.131289446,0.0,0.59,0.57,7824.0,,,,,,,,,,,,,,,,,,,,,,,,,21.43917679651065,62.62578892,0.0,,189.5,0.712,101.5,0.381,43.125,0.162,39.062,0.147,1.015,0.381,0.646875,0.243,0.97655,0.3675,3.629925,178.734375,0.6711931479442446,368.71875,1.3846329141697948,2.681015625,1.0067897219163668,12.90515625,4.8462151995942815,21.43917679651065,1471938,,,0.2891871305376295,Information
432750,7825.0,1205.133484,CHN,China,Ningxia Hui,1.244016497,0.0,0.59,0.57,7825.0,,,,,,,,,,,,,,,,,,,,,,,,,2.7457671913401653,24.880329940000003,0.0,,24.688,2.049,10.375,0.861,0.0,0.0,2.125,0.176,0.10375,0.861,0.0,0.0,0.053125,0.4399999999999999,1.457875,0.0,0.0,8.4375,0.7001299118114758,0.0,0.0,0.2953125,2.450454691340165,2.7457671913401653,54034,,,0.0004681125346678,Information
432751,7826.0,10416.7742,CHN,China,Nei Mongol,2.364532986,0.0,0.59,0.57,7826.0,,,,,,,,,,,,,,,,,,,,,,,,,23.454190782683007,47.29065972,0.0,,362.062,3.476,209.562,2.012,52.875,0.508,169.0,1.622,2.0956200000000003,2.012,0.793125,0.762,4.225,4.055000000000001,13.942745000000002,73.265625,0.7033427391036896,310.5,2.980769228293564,1.098984375,1.0550141086555345,10.8675,10.432692299027474,23.454190782683007,1004008,,,0.2090438101295033,Information
432752,7827.0,7558.160045,CHN,China,Ningxia Hui,1.194951306,0.0,0.59,0.57,7827.0,,,,,,,,,,,,,,,,,,,,,,,,,11.829162006308229,23.89902612,0.0,,156.375,2.069,49.375,0.653,0.125,0.002,0.938,0.012,0.49375,0.653,0.001875,0.003,0.02345,0.03,1.205075,23.484375,0.3107155029835609,135.421875,1.7917307148093964,0.352265625,0.4660732544753413,4.739765625,6.271057501832887,11.829162006308229,2184644,,,0.0313372783915247,Information
432753,7828.0,365.828054,CHN,China,Nei Mongol,3.388387414,0.0,0.59,0.57,7828.0,,,,,,,,,,,,,,,,,,,,,,,,,13.70717544932005,67.76774827999999,0.0,,4.188,1.145,2.688,0.735,0.0,0.0,0.188,0.051,0.02688,0.735,0.0,0.0,0.0046999999999999,0.1275,0.89408,1.40625,0.384401902596513,13.21875,3.613377884407223,0.02109375,0.5766028538947695,0.46265625,12.64682259542528,13.70717544932005,15719,,,0.1962622581928392,Information
432754,7829.0,10798.4517,CHN,China,Nei Mongol,0.29675866,0.0,0.59,0.57,7829.0,,,,,,,,,,,,,,,,,,,,,,,,,1.5316680759195294,5.9351732,0.0,,179.5,1.662,48.562,0.45,0.312,0.003,1.562,0.014,0.48562,0.45,0.00468,0.0045,0.03905,0.035,1.01885,4.78125,0.0442771809571423,20.671875,0.1914336941382331,0.07171875,0.0664157714357134,0.723515625,0.6700179294838159,1.5316680759195294,46563,,,1.9139695756848003e-05,Information
432755,7830.0,5727.200891,CHN,China,Nei Mongol,3.043106497,0.0,0.59,0.57,7830.0,7830.0,1.0,25.0,39.0,5.0,-9999.0,3.0,1.0,3.9,0.5,-999.9,-1983.0,0.0,0.0,0.0,0.0,0.0,0.0,0.0,0.0,0.0,0.0,0.0,-1983.0,28.27298218090891,60.86212994,0.0,,108.438,1.893,26.625,0.465,0.25,0.004,4.188,0.073,0.26625,0.465,0.00375,0.006,0.1046999999999999,0.1825,1.0282,109.546875,1.9127472056003607,247.21875,4.316571999288105,1.643203125,2.869120808400541,8.65265625,15.108001997508367,28.27298218090891,941159,,,0.3725209515885369,Advisory
432756,7831.0,2699.548046,CHN,China,Ningxia Hui,1.268678791,0.0,0.59,0.57,7831.0,,,,,,,,,,,,,,,,,,,,,,,,,1.1279351292898174,25.37357582,0.0,,33.062,1.225,7.375,0.273,0.0,0.0,0.0,0.0,0.07375,0.273,0.0,0.0,0.0,0.0,0.34675,0.5625,0.0208368212150103,6.609375,0.244832649276372,0.0084375,0.0312552318225154,0.231328125,0.856914272467302,1.1279351292898174,157273,,,1.3818839144161705e-05,Information
432758,7833.0,6754.234747,CHN,China,Ningxia Hui,3.043341995,0.0,0.59,0.57,7833.0,,,,,,,,,,,,,,,,,,,,,,,,,0.3301199999999999,60.8668399,0.0,,68.938,1.021,13.312,0.197,0.0,0.0,0.0,0.0,0.13312,0.197,0.0,0.0,0.0,0.0,0.3301199999999999,,,,,,,,,,637750,,,8.973348711623274e-07,Information
432759,7834.0,3816.100134,CHN,China,Ningxia Hui,1.300870342,0.0,0.59,0.57,7834.0,7834.0,1.0,24.0,41.0,5.0,-9999.0,3.0,1.0,4.1,0.5,-999.9,-1982.6,0.0,0.0,0.0,0.0,0.0,0.0,0.0,0.0,0.0,0.0,0.0,-1982.6,1.4790211428731312,26.01740684,0.0,,25.562,0.67,12.062,0.316,0.0,0.0,0.0,0.0,0.1206199999999999,0.316,0.0,0.0,0.0,0.0,0.43662,1.96875,0.0515906273673798,10.828125,0.283748450520589,0.02953125,0.0773859410510697,0.378984375,0.9931195768220616,1.4790211428731312,898340,,,4.568235075699103e-05,Information
432760,7835.0,14506.05545,CHN,China,Ningxia Hui,0.939179353,0.0,0.59,0.57,7835.0,,,,,,,,,,,,,,,,,,,,,,,,,0.48325,18.78358706,0.0,,41.062,0.283,19.625,0.135,0.375,0.003,3.375,0.023,0.19625,0.135,0.005625,0.0045,0.084375,0.0574999999999999,0.48325,0.0,0.0,4.359375,0.0300521048886403,0.0,0.0,0.152578125,0.105182367110241,0.257760492110241,797706,,,1.4929206000341893e-07,Information
432770,7836.0,19667.89788,CHN,China,Gansu,1.539166534,0.0,0.59,0.57,7836.0,,,,,,,,,,,,,,,,,,,,,,,,,0.7445579115371506,30.78333068,0.0,,56.938,0.289,22.188,0.113,0.5,0.003,0.75,0.004,0.22188,0.113,0.0075,0.0045,0.01875,0.01,0.37563,0.421875,0.0021449928336508,13.921875,0.0707847635104784,0.006328125,0.0032174892504762,0.487265625,0.2477466722866743,0.7445579115371506,1373956,,,2.918539191913498e-06,Information
432780,7837.0,10705.3014,CHN,China,Gansu,2.394606859,0.0,0.59,0.57,7837.0,,,,,,,,,,,,,,,,,,,,,,,,,0.145,47.89213718,0.0,,23.5,0.22,7.5,0.07,0.0,0.0,0.0,0.0,0.075,0.07,0.0,0.0,0.0,0.0,0.145,,,,,,,,,,1075121,,,1.998259186277679e-09,Information
432790,7838.0,15002.4747,CHN,China,Gansu,4.016301151,0.0,0.59,0.57,7838.0,,,,,,,,,,,,,,,,,,,,,,,,,0.3527111012107036,80.32602302000001,0.0,,42.0,0.28,19.625,0.131,0.062,0.0,0.0,0.0,0.19625,0.131,0.0009299999999999,0.0,0.0,0.0,0.32818,0.0,0.0,6.046875,0.0403058503459153,0.0,0.0,0.211640625,0.1410704762107035,0.3527111012107036,4187826,,,2.892629431304923e-05,Information
432800,7839.0,29670.92361,CHN,China,Qinghai,4.00739653,0.0,0.59,0.57,7839.0,,,,,,,,,,,,,,,,,,,,,,,,,6.711945,80.14793060000001,0.0,,225.375,0.76,219.625,0.74,2.688,0.009,111.375,0.375,2.19625,0.74,0.04032,0.0134999999999999,2.784375,0.9375,6.711945,0.0,0.0,109.96875,0.3706279974540136,0.0,0.0,3.84890625,1.2971979910890477,5.146104241089048,87573,,,0.1390894255093197,Information
432803,7842.0,975.3578678,CHN,China,Qinghai,3.548042489,0.0,0.59,0.57,7842.0,,,,,,,,,,,,,,,,,,,,,,,,,0.4785,70.96084978,0.0,,12.312,1.262,4.25,0.436,0.0,0.0,0.0,0.0,0.0425,0.436,0.0,0.0,0.0,0.0,0.4785,,,,,,,,,,256196,,,2.01507813923001e-05,Information
432804,7843.0,15599.64739,CHN,China,Qinghai,3.634898911,0.0,0.59,0.57,7843.0,7843.0,0.0,23.0,2.0,-9999.0,-9999.0,0.0,1.0,0.2,-999.9,-999.9,-3997.2,0.0,0.0,0.0,0.0,0.0,0.0,0.0,0.0,0.0,0.0,0.0,-3997.2,0.11212,72.69797822,0.0,,17.625,0.113,6.812,0.044,0.0,0.0,0.0,0.0,0.06812,0.044,0.0,0.0,0.0,0.0,0.11212,,,,,,,,,,3545263,,,1.9519330865995345e-08,Information
432807,7846.0,295.4905652,CHN,China,Qinghai,3.953262644,0.0,0.59,0.57,7846.0,,,,,,,,,,,,,,,,,,,,,,,,,0.13075,79.06525288,0.0,,0.375,0.127,0.375,0.127,0.0,0.0,0.0,0.0,0.00375,0.127,0.0,0.0,0.0,0.0,0.13075,,,,,,,,,,243,,,1.9285486147917185e-07,Information
432809,7848.0,661.179539,CHN,China,Qinghai,1.843076579,0.0,0.59,0.57,7848.0,,,,,,,,,,,,,,,,,,,,,,,,,2.539606382648567,36.861531580000005,0.0,,5.438,0.822,4.438,0.671,0.125,0.019,0.125,0.019,0.0443799999999999,0.671,0.001875,0.0284999999999999,0.003125,0.0475,0.79638,0.0,0.0,4.5,0.6806018236138762,0.0,0.0,0.1575,2.382106382648567,2.539606382648567,0,,,0.0006560474949077,Information
432900,7849.0,10857.46451,CHN,China,Qinghai,1.400502519,0.0,0.59,0.57,7849.0,7849.0,2.0,21.0,100.0,47.0,7.0,7.0,1.0,10.0,4.7,0.7,47.5,0.0,0.0,0.0,0.0,0.0,0.0,0.0,0.0,0.0,0.0,0.0,47.5,47.5,28.01005038,0.0,,53.688,0.494,38.75,0.357,11.25,0.104,8.375,0.077,0.3875,0.357,0.16875,0.156,0.209375,0.1925,1.4711249999999998,0.0,0.0,19.265625,0.1774412891746637,0.0,0.0,0.674296875,0.6210445121113229,1.295341387111323,44858,,,0.3387793468063513,Advisory
432910,7850.0,1247.126236,CHN,China,Gansu,3.10860799,0.0,0.59,0.57,7850.0,,,,,,,,,,,,,,,,,,,,,,,,,0.6214265001283477,62.1721598,0.0,,3.75,0.301,2.562,0.205,0.062,0.005,0.0,0.0,0.0256199999999999,0.205,0.0009299999999999,0.0075,0.0,0.0,0.2390499999999999,0.0,0.0,1.96875,0.1578629286080993,0.0,0.0,0.06890625,0.5525202501283476,0.6214265001283477,148688,,,1.9887480998349167e-05,Information
432930,7852.0,541.3076245,CHN,China,Gansu,0.364162911,0.0,0.59,0.57,7852.0,,,,,,,,,,,,,,,,,,,,,,,,,2.6837308235475112,7.28325822,0.0,,3.125,0.577,2.25,0.416,0.0,0.0,0.0,0.0,0.0225,0.416,0.0,0.0,0.0,0.0,0.4385,0.0,0.0,3.9375,0.7274052352992889,0.0,0.0,0.1378125,2.545918323547512,2.6837308235475112,47858,,,0.0001982961152367,Information
432951,7855.0,5003.597857,CHN,China,Qinghai,2.559450056,0.0,0.59,0.57,7855.0,,,,,,,,,,,,,,,,,,,,,,,,,0.5903418725129395,51.18900112,0.0,,5.75,0.115,4.625,0.092,0.0,0.0,0.0,0.0,0.04625,0.092,0.0,0.0,0.0,0.0,0.1382499999999999,0.0,0.0,5.625,0.1124191064322684,0.0,0.0,0.196875,0.3934668725129394,0.5903418725129395,525269,,,5.050286145421129e-06,Information
432953,7857.0,8970.72688,CHN,China,Qinghai,4.002214642,0.0,0.59,0.57,7857.0,7857.0,1.0,25.0,35.0,19.0,5.0,3.0,1.0,3.5,1.9,0.5,21.8,0.0,0.0,0.0,0.0,0.0,0.0,0.0,0.0,0.0,0.0,0.0,21.8,21.8,80.04429284,0.0,,16.188,0.18,14.062,0.157,0.5,0.006,0.0,0.0,0.14062,0.157,0.0075,0.009,0.0,0.0,0.31412,0.0,0.0,36.140625,0.4028728717657491,0.0,0.0,1.264921875,1.4100550511801218,2.674976926180122,303512,,,0.5352185506309571,Advisory
432954,7858.0,1913.86226,CHN,China,Qinghai,0.730497899,0.0,0.59,0.57,7858.0,,,,,,,,,,,,,,,,,,,,,,,,,1.012505,14.60995798,0.0,,24.125,1.261,15.688,0.82,0.375,0.02,0.0,0.0,0.15688,0.82,0.005625,0.03,0.0,0.0,1.012505,0.0,0.0,0.984375,0.0514339522068403,0.0,0.0,0.034453125,0.180018832723941,0.214471957723941,85402,,,4.60784676180294e-06,Information
432955,7859.0,1175.789889,CHN,China,Qinghai,0.311113613,0.0,0.59,0.57,7859.0,,,,,,,,,,,,,,,,,,,,,,,,,5.379933743693104,6.22227226,0.0,,14.062,1.196,13.875,1.18,0.375,0.032,0.0,0.0,0.13875,1.18,0.005625,0.048,0.0,0.0,1.372375,0.0,0.0,16.171875,1.3754051767694582,0.0,0.0,0.566015625,4.813918118693104,5.379933743693104,3190,,,0.0021299142573963,Information
432956,7860.0,2913.136635,CHN,China,Qinghai,2.011112149,0.0,0.59,0.57,7860.0,7860.0,1.0,4.0,60.0,25.0,7.0,3.0,7.0,6.0,2.5,0.7,38.4,0.0,0.0,0.0,0.0,0.0,0.0,0.0,0.0,0.0,0.0,0.0,38.4,38.4,40.22224298,0.0,,,,,,,,,,,,,,,,,,,,,,,,,,57951,,,0.3290361600476699,Advisory
432958,7862.0,4003.464085,CHN,China,Qinghai,2.472459013,0.0,0.59,0.57,7862.0,7862.0,2.0,19.0,100.0,43.0,2.0,7.0,1.0,10.0,4.3,0.2,41.8,0.0,0.0,0.0,0.0,0.0,0.0,0.0,0.0,0.0,0.0,0.0,41.8,41.8,49.44918026,0.0,,,,,,,,,,,,,,,,,,,,,,,,,,34104,,,0.4246221152787811,Advisory
432960,7864.0,6554.426462,CHN,China,Qinghai,2.285455968,0.0,0.59,0.57,7864.0,7864.0,2.0,17.0,100.0,39.0,2.0,7.0,1.0,10.0,3.9,0.2,-941.0,0.0,0.0,0.0,0.0,0.0,0.0,0.0,0.0,0.0,0.0,0.0,-941.0,0.4226578510250001,45.70911936,0.0,,8.875,0.135,4.438,0.068,0.062,0.001,0.062,0.001,0.0443799999999999,0.068,0.0009299999999999,0.0015,0.00155,0.0025,0.11886,0.0,0.0,4.78125,0.0729468860071429,0.0,0.0,0.16734375,0.2553141010250001,0.4226578510250001,2414,,,6.002696456839286e-07,Information
432970,7865.0,25994.82743,CHN,China,Qinghai,2.199683158,0.0,0.59,0.57,7865.0,7865.0,1.0,4.0,100.0,9.0,2.0,3.0,7.0,10.0,0.9,0.2,-864.9090909090908,0.0,0.0,0.0,0.0,0.0,0.0,0.0,0.0,0.0,0.0,0.0,-864.9090909090908,0.2044584158880122,43.99366316,0.0,,,,,,,,,,,,,,,,,0.0,0.0,4.21875,0.0162291902537178,0.0,0.0,0.14765625,0.0568021658880123,0.2044584158880122,280160,,,9.95073858287528e-09,Information
432992,7868.0,5504.298111,CHN,China,Sichuan,2.399549909,0.0,0.59,0.57,7868.0,7868.0,1.0,10.0,100.0,17.0,-9999.0,3.0,1.0,10.0,1.7,-999.9,-1308.5333333333335,0.0,0.0,0.0,0.0,0.0,0.0,0.0,0.0,0.0,0.0,0.0,-1308.5333333333335,0.5129587790723735,47.990998180000005,0.0,,,,,,,,,,,,,,,,,0.0,0.0,5.203125,0.0945284011635353,0.0,0.0,0.182109375,0.3308494040723735,0.5129587790723735,42745,,,1.928186647662698e-06,Information
432993,7869.0,40795.57871,CHN,China,Qinghai,2.478649123,0.0,0.59,0.57,7869.0,7869.0,1.0,9.0,100.0,3.0,-9999.0,3.0,2.0,10.0,0.3,-999.9,-1948.9894736842105,0.0,0.0,0.0,0.0,0.0,0.0,0.0,0.0,0.0,0.0,0.0,-1948.9894736842105,3.5982155494730192,49.57298246,0.0,,,,,,,,,,,,,,,,,1.6875,0.0041364776611563,81.84375,0.2006191665660814,0.0253125,0.0062047164917344,2.86453125,0.7021670829812848,3.5982155494730192,141798,,,0.0041442122486612,Information
432994,7870.0,6390.478454,CHN,China,Qinghai,0.026038935,0.0,0.59,0.57,7870.0,7870.0,1.0,3.0,100.0,9.0,-9999.0,3.0,8.0,10.0,0.9,-999.9,-1946.7428571428568,0.0,0.0,0.0,0.0,0.0,0.0,0.0,0.0,0.0,0.0,0.0,-1946.7428571428568,0.2019802097053117,0.5207786999999999,0.0,,,,,,,,,,,,,,,,,0.0,0.0,2.25,0.0352086313443748,0.0,0.0,0.07875,0.1232302097053117,0.2019802097053117,2333,,,2.8315228723762266e-10,Information
432995,7871.0,8005.332592,CHN,China,Qinghai,3.283967193,0.0,0.59,0.57,7871.0,7871.0,2.0,1.0,100.0,100.0,-9999.0,7.0,10.0,10.0,10.0,-999.9,-1275.0666666666666,0.0,0.0,0.0,0.0,0.0,0.0,0.0,0.0,0.0,0.0,0.0,-1275.0666666666666,9.025311090400914,65.67934386,0.0,,16.25,0.203,15.062,0.188,2.125,0.027,4.938,0.062,0.15062,0.188,0.031875,0.0405,0.1234499999999999,0.155,0.689445,1.40625,0.0175664156839001,114.046875,1.424636311964304,0.02109375,0.0263496235258501,3.991640625,4.986227091875064,9.025311090400914,4932,,,0.0908213172689447,Information
432996,7872.0,5659.935185,CHN,China,Qinghai,0.735293769,0.0,0.59,0.57,7872.0,7872.0,2.0,3.0,100.0,100.0,-9999.0,7.0,8.0,10.0,10.0,-999.9,-1947.6,0.0,0.0,0.0,0.0,0.0,0.0,0.0,0.0,0.0,0.0,0.0,-1947.6,0.626421873130143,14.70587538,0.0,,,,,,,,,,,,,,,,,0.0,0.0,6.46875,0.1142901780371837,0.0,0.0,0.22640625,0.400015623130143,0.626421873130143,239,,,4.465555321638846e-07,Information
432997,7873.0,3013.372845,CHN,China,Qinghai,3.03300386,0.0,0.59,0.57,7873.0,7873.0,2.0,12.0,100.0,100.0,3.0,7.0,1.0,10.0,10.0,0.3,-948.5,0.0,0.0,0.0,0.0,0.0,0.0,0.0,0.0,0.0,0.0,0.0,-948.5,6.355339723860044,60.6600772,0.0,,8.875,0.295,8.438,0.28,1.375,0.046,0.0,0.0,0.08438,0.28,0.020625,0.069,0.0,0.0,0.454005,5.90625,0.19600130162649,39.515625,1.311342041834374,0.08859375,0.294001952439735,1.383046875,4.589697146420309,6.355339723860044,13,,,0.0341558993652835,Information
432998,7874.0,3440.414221,CHN,China,Qinghai,1.188654311,0.0,0.59,0.57,7874.0,7874.0,2.0,9.0,100.0,66.0,-9999.0,7.0,2.0,10.0,6.6,-999.9,-1946.8,0.0,0.0,0.0,0.0,0.0,0.0,0.0,0.0,0.0,0.0,0.0,-1946.8,1.008092824162612,23.773086220000003,0.0,,2.5,0.073,2.5,0.073,0.312,0.009,0.062,0.002,0.025,0.073,0.00468,0.0134999999999999,0.00155,0.005,0.12273,0.140625,0.0040874438646463,7.3125,0.2125470809616122,0.002109375,0.0061311657969694,0.2559375,0.7439147833656428,1.008092824162612,1336,,,7.603986859044187e-06,Information
433010,7876.0,2738.083556,CHN,China,Shandong,1.138887015,2.007517466,0.59,0.57,7876.0,,,,,,,,,,,,,,,,,,,,,,,,,42.71364170710012,22.7777403,40.15034932,,54.062,1.974,50.938,1.86,27.875,1.018,24.188,0.883,0.50938,1.86,0.418125,1.527,0.6047,2.2075,7.126705000000001,104.484375,3.8159673678396975,217.546875,7.945224115811592,1.567265625,5.723951051759546,7.614140625,27.80828440534057,42.71364170710012,1121955,,,0.3679388793152127,Advisory
433030,7878.0,5921.423099,CHN,China,Shandong,1.492156758,1.345016861,0.59,0.57,7878.0,,,,,,,,,,,,,,,,,,,,,,,,,7.3618044463635535,29.84313516,26.90033722,,0.75,0.013,0.75,0.013,5.875,0.099,2.312,0.039,0.0075,0.013,0.088125,0.1485,0.0577999999999999,0.0975,0.412425,27.0,0.4559714708278388,66.65625,1.1256795686062273,0.405,0.6839572062417582,2.33296875,3.939878490121796,7.3618044463635535,4287512,,,0.0120846092146364,Information
433051,7880.0,140.1259646,CHN,China,Shandong,3.731771322,2.62510816,0.59,0.57,7880.0,,,,,,,,,,,,,,,,,,,,,,,,,10.074475959567431,74.63542644,52.5021632,,0.125,0.089,0.125,0.089,0.688,0.491,0.375,0.268,0.00125,0.089,0.01032,0.7364999999999999,0.009375,0.67,1.516445,1.40625,1.003561334299741,3.375,2.408547202319378,0.02109375,1.5053420014496113,0.118125,8.429915208117823,10.074475959567431,16903,,,0.1779128451808556,Information
433052,7881.0,3637.658689,CHN,China,Shandong,1.398518513,0.129454515,0.59,0.57,7881.0,,,,,,,,,,,,,,,,,,,,,,,,,2.833732643789217,27.97037026,2.5890903,,0.0,0.0,0.0,0.0,1.625,0.045,1.0,0.027,0.0,0.0,0.024375,0.0675,0.025,0.0675,0.184375,5.765625,0.1584982400378751,19.125,0.5257502596378298,0.086484375,0.2377473600568126,0.669375,1.8401259087324044,2.833732643789217,2036834,,,0.0006071860919715,Information
433053,7882.0,15728.80564,CHN,China,Shandong,0.752180757,2.155693913,0.59,0.57,7882.0,,,,,,,,,,,,,,,,,,,,,,,,,26.08781861340832,15.04361514,43.11387826,,48.438,0.308,46.5,0.296,4.312,0.027,0.375,0.002,0.465,0.296,0.06468,0.0405,0.009375,0.005,0.880555,107.71875,0.684850156103586,409.5,2.6035034655008387,1.61578125,1.027275234155379,14.3325,9.112262129252937,26.08781861340832,9006130,,,0.2178182063977453,Information
433055,7884.0,2093.67971,CHN,China,Shandong,0.764240045,2.540306795,0.59,0.57,7884.0,,,,,,,,,,,,,,,,,,,,,,,,,16.38387597999482,15.2848009,50.8061359,,5.125,0.245,5.125,0.245,0.25,0.012,0.0,0.0,0.05125,0.245,0.00375,0.018,0.0,0.0,0.318,32.90625,1.571694554694491,66.9375,3.1971222565580244,0.49359375,2.3575418320417363,2.3428125,11.189927897953083,16.38387597999482,4666940,,,0.1357812896573554,Information
433056,7885.0,6301.010178,CHN,China,Shandong,1.011974167,0.607849853,0.59,0.57,7885.0,,,,,,,,,,,,,,,,,,,,,,,,,7.914545142277873,20.23948334,12.156997060000002,,7.5,0.119,7.5,0.119,3.5,0.056,0.062,0.001,0.075,0.119,0.0525,0.084,0.00155,0.0025,0.33455,29.390625,0.4664430649786603,74.8125,1.1873096199456807,0.440859375,0.6996645974679905,2.6184375,4.155583669809882,7.914545142277873,3177968,,,0.0104350457725324,Information
433057,7886.0,6828.558576,CHN,China,Shandong,3.227718746,4.001858685,0.59,0.57,7886.0,,,,,,,,,,,,,,,,,,,,,,,,,11.483317956286092,64.55437492,80.03717370000001,,7.0,0.103,6.688,0.098,1.938,0.028,0.938,0.014,0.06688,0.098,0.02907,0.042,0.02345,0.035,0.2944,20.25,0.2965486753297714,124.453125,1.8225387337975536,0.30375,0.4448230129946571,4.355859375,6.378885568291437,11.483317956286092,4407563,,,0.290139754643725,Information
433058,7887.0,3959.904621,CHN,China,Jiangsu,3.012010666,2.877729648,0.59,0.57,7887.0,,,,,,,,,,,,,,,,,,,,,,,,,14.87737316250495,60.24021332,57.55459296,,0.562,0.014,0.562,0.014,1.312,0.033,0.688,0.017,0.00562,0.014,0.01968,0.0495,0.0171999999999999,0.0425,0.1485,23.765625,0.600156500570922,110.390625,2.787709189042448,0.356484375,0.9002347508563829,3.863671875,9.756982161648567,14.87737316250495,2130109,,,0.1628001419002475,Information
433059,7888.0,2016.381632,CHN,China,Jiangsu,3.791585949,4.004243578,0.59,0.57,7888.0,,,,,,,,,,,,,,,,,,,,,,,,,13.479835145044223,75.83171898,80.08487156,,1.375,0.068,1.312,0.065,3.812,0.189,2.75,0.136,0.01312,0.065,0.05718,0.2835,0.06875,0.34,0.82755,5.765625,0.2859391748969929,62.15625,3.082563787913924,0.086484375,0.4289087623454893,2.17546875,10.788973257698734,13.479835145044223,1125036,,,0.3481629844880423,Information
433067,7895.0,13592.93171,CHN,China,Shandong,1.987200543,0.0,0.59,0.57,7895.0,7895.0,0.0,29.0,11.0,5.0,2.0,0.0,1.0,1.1,0.5,0.2,5.6000000000000005,0.0,0.0,0.0,0.0,0.0,0.0,0.0,0.0,0.0,0.0,0.0,5.6000000000000005,23.97104803059903,39.74401086,0.0,,10.688,0.079,10.375,0.076,6.125,0.045,3.125,0.023,0.10375,0.076,0.091875,0.0675,0.078125,0.0574999999999999,0.47475,76.78125,0.5648615886576793,361.6875,2.660849827889288,1.15171875,0.847292382986519,12.6590625,9.312974397612509,23.97104803059903,9709875,,,0.1783281396491611,Information
433068,7896.0,8156.210267,CHN,China,Shandong,2.006168011,0.0,0.59,0.57,7896.0,,,,,,,,,,,,,,,,,,,,,,,,,2.2648417449319984,40.12336022,0.0,,1.875,0.023,1.875,0.023,1.0,0.012,0.625,0.008,0.01875,0.023,0.015,0.018,0.015625,0.02,0.110375,7.453125,0.091379755502966,25.875,0.3172429247650142,0.111796875,0.1370696332544489,0.905625,1.1103502366775495,2.2648417449319984,5504281,,,0.0005287185326232,Information
433070,7898.0,3313.151553,CHN,China,Jiangsu,3.700350054,4.014803789,0.59,0.57,7898.0,,,,,,,,,,,,,,,,,,,,,,,,,13.90354281225655,74.00700108,80.29607578,,3.562,0.108,3.562,0.108,0.5,0.015,0.688,0.021,0.03562,0.108,0.0075,0.0225,0.0171999999999999,0.0525,0.2433199999999999,41.34375,1.2478677577945236,81.140625,2.4490465858756467,0.62015625,1.8718016366917856,2.839921875,8.571663050564764,13.90354281225655,1195899,,,0.3636669845597986,Advisory
433080,7899.0,12161.63055,CHN,China,Jiangsu,4.004834897,4.00044793,0.59,0.57,7899.0,,,,,,,,,,,,,,,,,,,,,,,,,77.13798453446753,80.09669794000001,80.0089586,3.0,11.062,0.091,10.75,0.088,18.5,0.152,21.438,0.176,0.1075,0.088,0.2775,0.2279999999999999,0.53595,0.4399999999999999,1.6769500000000002,261.140625,2.14725010631169,1299.375,10.684217007172869,3.917109375,3.220875159467536,35.0,35.0,77.13798453446753,6829259,241107.0,3.53,0.9122450425132256,Warning
433090,7900.0,17571.2833,CHN,China,Jiangsu,3.020279516,4.010231324,0.59,0.57,7900.0,,,,,,,,,,,,,,,,,,,,,,,,,43.36996617893331,60.40559032,80.20462648,3.0,27.688,0.158,25.938,0.148,8.125,0.046,0.0,0.0,0.25938,0.148,0.121875,0.069,0.0,0.0,0.598255,275.203125,1.5662095951881196,671.765625,3.823088010328895,4.128046875,2.34931439278218,23.511796875,13.380808036151132,43.36996617893331,10214306,147596.0,1.44,0.7835735021877417,Watch
434210,7902.0,17607.67908,CHN,China,Jiangsu,4.006733249,1.047837284,0.59,0.57,7902.0,,,,,,,,,,,,,,,,,,,,,,,,,67.49686068696285,80.13466498,20.95674568,3.0,4.375,0.025,4.25,0.024,4.125,0.023,12.875,0.073,0.0425,0.024,0.061875,0.0345,0.321875,0.1825,0.66725,428.765625,2.4351058592427104,1127.53125,6.403633578028223,6.431484375,3.652658788864066,35.0,22.41271752309878,67.49686068696285,9824519,288606.0,2.94,0.8893549485613201,Warning
434230,7904.0,6121.721305,CHN,China,Anhui,1.849513264,0.0,0.59,0.57,7904.0,,,,,,,,,,,,,,,,,,,,,,,,,28.866135898162703,36.99026528,0.0,,6.625,0.108,6.438,0.105,5.312,0.087,4.125,0.067,0.0643799999999999,0.105,0.07968,0.1305,0.103125,0.1675,0.650185,137.8125,2.2512050635319065,254.109375,4.150946479389955,2.0671875,3.37680759529786,8.893828125,14.52831267786484,28.866135898162703,1550118,,,0.217512984945063,Information
434240,7905.0,13175.68039,CHN,China,Anhui,2.569665743,0.0,0.59,0.57,7905.0,,,,,,,,,,,,,,,,,,,,,,,,,3.784542685251932,51.39331486,0.0,,3.562,0.027,3.5,0.027,1.062,0.008,0.312,0.002,0.035,0.027,0.01593,0.012,0.0078,0.005,0.10273,14.484375,0.1099326529940843,55.265625,0.4194517730745158,0.217265625,0.1648989794911264,1.934296875,1.4680812057608053,3.784542685251932,7392106,,,0.0053424894181858,Information
434270,7908.0,16666.40692,CHN,China,Anhui,2.221501122,0.0,0.59,0.57,7908.0,,,,,,,,,,,,,,,,,,,,,,,,,6.080660537509488,44.43002244,0.0,,9.75,0.059,7.062,0.042,0.812,0.005,0.188,0.001,0.07062,0.042,0.01218,0.0075,0.0046999999999999,0.0025,0.1395,45.984375,0.2759105500057733,88.875,0.5332583107145221,0.689765625,0.41386582500866,3.110625,1.866404087500828,6.080660537509488,8379298,,,0.013465041392216,Information
434282,7910.0,6735.604863,CHN,China,Anhui,2.001922234,0.0,0.59,0.57,7910.0,7910.0,0.0,14.0,17.0,11.0,2.0,0.0,1.0,1.7,1.1,0.2,8.0,0.0,0.0,0.0,0.0,0.0,0.0,0.0,0.0,0.0,0.0,0.0,8.0,11.297964669675824,40.03844468,0.0,,3.812,0.057,3.562,0.053,0.875,0.013,0.0,0.0,0.03562,0.053,0.013125,0.0195,0.0,0.0,0.121245,37.6875,0.55952658697174,113.765625,1.6890186897766328,0.5653125,0.8392898804576099,3.981796875,5.911565414218215,11.297964669675824,1759762,,,0.0475506620730154,Information
434283,7911.0,7141.146954,CHN,China,Anhui,1.60015272,0.0,0.59,0.57,7911.0,,,,,,,,,,,,,,,,,,,,,,,,,37.40697498163486,32.0030544,0.0,,3.25,0.046,3.062,0.043,3.188,0.045,0.562,0.008,0.0306199999999999,0.043,0.04782,0.0675,0.01405,0.02,0.22299,218.953125,3.0660778500185426,351.421875,4.921084487602015,3.284296875,4.599116775027814,12.299765625,17.223795706607053,37.40697498163486,2920972,,,0.2750515624934157,Advisory
434298,7925.0,3583.042247,CHN,China,Henan,1.526058973,0.0,0.59,0.57,7925.0,,,,,,,,,,,,,,,,,,,,,,,,,0.8103100884352377,30.52117946,0.0,,3.062,0.085,2.688,0.075,0.625,0.017,0.25,0.007,0.02688,0.075,0.009375,0.0255,0.00625,0.0175,0.160505,0.140625,0.003924737423916,6.046875,0.1687637092283896,0.002109375,0.0058871061358739,0.211640625,0.5906729822993636,0.8103100884352377,2356828,,,4.266402873245056e-06,Information
434302,7928.0,8157.056368,CHN,China,Anhui,1.868334489,0.0,0.59,0.57,7928.0,,,,,,,,,,,,,,,,,,,,,,,,,35.178949271182574,37.36668978,0.0,,3.625,0.044,3.312,0.041,1.75,0.021,1.375,0.017,0.03312,0.041,0.02625,0.0315,0.034375,0.0425,0.2087449999999999,249.046875,3.053146426337086,344.8125,4.227168287621985,3.735703125,4.579719639505629,12.0684375,14.795089006676946,35.178949271182574,3479635,,,0.282020605216026,Advisory
434303,7929.0,4977.485509,CHN,China,Jiangsu,2.434281151,0.0,0.59,0.57,7929.0,7929.0,2.0,19.0,74.0,37.0,7.0,7.0,1.0,7.4,3.7,0.7,39.6,0.0,0.0,0.0,0.0,0.0,0.0,0.0,0.0,0.0,0.0,0.0,39.6,39.6,48.68562302,0.0,,,,,,,,,,,,,,,,,18.421875,0.3701040408169869,79.59375,1.5990754740642334,0.276328125,0.5551560612254803,2.78578125,5.596764159224817,9.214029595450295,9429500,,,0.397762898764169,Advisory
434304,7930.0,18871.09794,CHN,China,Anhui,3.251226564,0.0,0.59,0.57,7930.0,,,,,,,,,,,,,,,,,,,,,,,,,67.06450827419258,65.02453128,0.0,3.0,6.875,0.036,6.125,0.032,1.0,0.005,0.625,0.003,0.06125,0.032,0.015,0.0075,0.015625,0.0075,0.138875,405.84375,2.150610161987974,1226.671875,6.500267651774462,6.08765625,3.2259152429819613,35.0,22.750936781210616,67.06450827419258,5466042,229928.0,4.21,0.7424793529195147,Watch
434306,7932.0,12504.66118,CHN,China,Anhui,2.071956894,0.0,0.59,0.57,7932.0,,,,,,,,,,,,,,,,,,,,,,,,,70.76582122934437,41.43913788,0.0,3.0,3.5,0.028,3.5,0.028,2.5,0.02,0.25,0.002,0.035,0.028,0.0375,0.03,0.00625,0.005,0.14175,538.453125,4.306019310133026,892.6875,7.138837968327096,8.076796875,6.459028965199539,31.2440625,24.98593288914484,70.76582122934437,9053110,171410.0,1.89,0.5750748912870799,Watch
434307,7933.0,15015.09376,CHN,China,Anhui,2.385014137,0.0,0.59,0.57,7933.0,,,,,,,,,,,,,,,,,,,,,,,,,48.06621189014108,47.700282740000006,0.0,,25.812,0.172,23.812,0.159,3.812,0.025,0.25,0.002,0.23812,0.159,0.05718,0.0375,0.00625,0.005,0.50305,327.09375,2.1784329509281863,684.140625,4.5563526682139415,4.90640625,3.26764942639228,23.944921875,15.947234338748796,48.06621189014108,5753639,,,0.4663646360288483,Advisory
434308,7934.0,5651.256003,CHN,China,Anhui,2.281998449,0.0,0.59,0.57,7934.0,,,,,,,,,,,,,,,,,,,,,,,,,1.9823691547060656,45.63996898,0.0,,4.188,0.074,4.188,0.074,0.0,0.0,0.0,0.0,0.04188,0.074,0.0,0.0,0.0,0.0,0.11588,4.078125,0.0721631615647856,18.703125,0.3309551892453963,0.061171875,0.1082447423471784,0.654609375,1.1583431623588871,1.9823691547060656,1692860,,,0.0004642574277632,Information
434309,7935.0,9031.972118,CHN,China,Anhui,3.359230808,0.0,0.59,0.57,7935.0,7935.0,2.0,17.0,72.0,31.0,3.0,7.0,1.0,7.2,3.1,0.3,28.5,0.0,0.0,0.0,0.0,0.0,0.0,0.0,0.0,0.0,0.0,0.0,28.5,30.39373660473239,67.18461616,0.0,,66.875,0.74,66.25,0.734,0.188,0.002,0.0,0.0,0.6625,0.734,0.00282,0.003,0.0,0.0,1.40232,3.796875,0.0420381612145631,410.484375,4.544792317974441,0.056953125,0.0630572418218446,14.366953125,15.906773112910544,30.39373660473239,2841531,,,0.469446666856185,Advisory
434410,7936.0,1073.107589,CHN,China,Jiangxi,3.148464912,0.0,0.59,0.57,7936.0,7936.0,1.0,10.0,74.0,19.0,-9999.0,3.0,1.0,7.4,1.9,-999.9,-1973.2,0.0,0.0,0.0,0.0,0.0,0.0,0.0,0.0,0.0,0.0,0.0,-1973.2,6.2468624696326245,62.96929824,0.0,,,,,,,,,,,,,,,,,0.0,0.0,17.296875,1.6118490984664642,0.0,0.0,0.605390625,5.641471844632624,6.2468624696326245,285794,,,0.0375651541321457,Information
434421,7937.0,1845.703545,CHN,China,Jiangxi,3.474416895,0.0,0.59,0.57,7937.0,7937.0,1.0,9.0,72.0,19.0,-9999.0,3.0,2.0,7.2,1.9,-999.9,-1971.6,0.0,0.0,0.0,0.0,0.0,0.0,0.0,0.0,0.0,0.0,0.0,-1971.6,16.805100937413364,69.4883379,0.0,,2.375,0.129,2.375,0.129,0.0,0.0,0.0,0.0,0.02375,0.129,0.0,0.0,0.0,0.0,0.15275,0.0,0.0,74.8125,4.053332410689533,0.0,0.0,2.6184375,14.186663437413364,16.805100937413364,515704,,,0.2754451685075892,Information
434422,7938.0,21497.65181,CHN,China,Jiangxi,2.399474263,0.0,0.59,0.57,7938.0,7938.0,1.0,9.0,37.0,9.0,2.0,3.0,2.0,3.7,0.9,0.2,-980.1,0.0,0.0,0.0,0.0,0.0,0.0,0.0,0.0,0.0,0.0,0.0,-980.1,2.055240233587179,47.98948526,0.0,,,,,,,,,,,,,,,,,0.0,0.0,40.078125,0.1864302453106225,0.0,0.0,1.402734375,0.6525058585871787,2.055240233587179,5221403,,,0.0006166749917558,Information
434423,7939.0,534.3657493,CHN,China,Jiangxi,4.025157255,0.0,0.59,0.57,7939.0,7939.0,1.0,9.0,56.0,19.0,-9999.0,3.0,2.0,5.6,1.9,-999.9,-973.5,0.0,0.0,0.0,0.0,0.0,0.0,0.0,0.0,0.0,0.0,0.0,-973.5,10.285045659413257,80.5031451,0.0,,,,,,,,,,,,,,,,,0.0,0.0,14.90625,2.789521974118073,0.0,0.0,0.52171875,9.763326909413257,10.285045659413257,13406,,,0.2612286309538876,Information
434424,7940.0,21103.98821,CHN,China,Jiangxi,2.649188877,0.0,0.59,0.57,7940.0,7940.0,2.0,15.0,100.0,51.0,5.0,7.0,1.0,10.0,5.1,0.5,52.285714285714285,0.0,0.0,0.0,0.0,0.0,0.0,0.0,0.0,0.0,0.0,0.0,52.285714285714285,52.285714285714285,52.98377754,0.0,,,,,,,,,,,,,,,,,0.0,0.0,243.984375,1.156105530977264,0.0,0.0,8.539453125,4.046369358420424,12.585822483420424,6157138,,,0.5423002572637453,Advisory
434425,7941.0,1560.555963,CHN,China,Jiangxi,2.745131546,0.0,0.59,0.57,7941.0,7941.0,1.0,5.0,78.0,19.0,3.0,3.0,6.0,7.8,1.9,0.3,38.0,0.0,0.0,0.0,0.0,0.0,0.0,0.0,0.0,0.0,0.0,0.0,38.0,38.0,54.90263092,0.0,,,,,,,,,,,,,,,,,0.0,0.0,34.453125,2.2077468422798856,0.0,0.0,1.205859375,7.7271139479796,8.9329733229796,592757,,,0.4320184128846111,Advisory
434426,7942.0,2810.063116,CHN,China,Jiangxi,1.405712386,0.0,0.59,0.57,7942.0,7942.0,2.0,5.0,84.0,35.0,3.0,7.0,6.0,8.4,3.5,0.3,-955.4,0.0,0.0,0.0,0.0,0.0,0.0,0.0,0.0,0.0,0.0,0.0,-955.4,1.2116007532488051,28.11424772,0.0,,,,,,,,,,,,,,,,,0.0,0.0,7.59375,0.2702341437853729,0.0,0.0,0.26578125,0.9458195032488051,1.2116007532488051,510283,,,2.221603332214019e-05,Information
434427,7943.0,7589.148304,CHN,China,Jiangxi,2.230239895,0.0,0.59,0.57,7943.0,7943.0,2.0,4.0,76.0,33.0,5.0,7.0,7.0,7.6,3.3,0.5,41.9,0.0,0.0,0.0,0.0,0.0,0.0,0.0,0.0,0.0,0.0,0.0,41.9,41.9,44.6047979,0.0,,,,,,,,,,,,,,,,,0.0,0.0,21.234375,0.2797991836560012,0.0,0.0,0.743203125,0.9792971427960042,1.7225002677960042,2541906,,,0.3900429252071025,Advisory
434429,7945.0,2261.781892,CHN,China,Jiangxi,0.241503807,0.0,0.59,0.57,7945.0,7945.0,1.0,4.0,64.0,15.0,3.0,3.0,7.0,6.4,1.5,0.3,36.4,0.0,0.0,0.0,0.0,0.0,0.0,0.0,0.0,0.0,0.0,0.0,36.4,36.4,4.83007614,0.0,,,,,,,,,,,,,,,,,0.0,0.0,0.984375,0.0435221010197428,0.0,0.0,0.034453125,0.1523273535690998,0.1867804785690998,947696,,,0.1682521536331033,Advisory
434430,7946.0,2035.28087,CHN,China,Jiangxi,2.199605832,0.0,0.59,0.57,7946.0,,,,,,,,,,,,,,,,,,,,,,,,,0.4947791391176918,43.99211664,0.0,,2.312,0.114,2.312,0.114,0.0,0.0,0.0,0.0,0.0231199999999999,0.114,0.0,0.0,0.0,0.0,0.13712,0.0,0.0,2.390625,0.1174592183193405,0.0,0.0,0.083671875,0.4111072641176918,0.4947791391176918,535586,,,1.1273851520417665e-06,Information
434440,7947.0,14826.79597,CHN,China,Jiangxi,3.085035463,0.0,0.59,0.57,7947.0,7947.0,0.0,13.0,21.0,5.0,3.0,0.0,1.0,2.1,0.5,0.3,7.8,0.0,0.0,0.0,0.0,0.0,0.0,0.0,0.0,0.0,0.0,0.0,7.8,7.8,61.70070926,0.0,,13.0,0.088,11.562,0.078,0.0,0.0,0.0,0.0,0.11562,0.078,0.0,0.0,0.0,0.0,0.19362,0.0,0.0,48.9375,0.3300611952512035,0.0,0.0,1.7128125,1.1552141833792122,2.8680266833792123,2443167,,,0.0557701787100388,Information
434450,7948.0,1729.626124,CHN,China,Jiangxi,1.351035571,0.0,0.59,0.57,7948.0,7948.0,1.0,8.0,82.0,29.0,2.0,3.0,3.0,8.2,2.9,0.2,34.599999999999994,0.0,0.0,0.0,0.0,0.0,0.0,0.0,0.0,0.0,0.0,0.0,34.599999999999994,34.599999999999994,27.02071142,0.0,,3.25,0.188,3.25,0.188,0.0,0.0,0.0,0.0,0.0325,0.188,0.0,0.0,0.0,0.0,0.2205,0.0,0.0,50.765625,2.935063497062098,0.0,0.0,1.776796875,10.272722239717345,12.049519114717343,3846152,,,0.2277364621645821,Information
434460,7949.0,7873.510474,CHN,China,Jiangxi,1.641190887,0.0,0.59,0.57,7949.0,7949.0,1.0,8.0,39.0,17.0,3.0,3.0,3.0,3.9,1.7,0.3,23.8,0.0,0.0,0.0,0.0,0.0,0.0,0.0,0.0,0.0,0.0,0.0,23.8,23.8,32.82381774,0.0,,,,,,,,,,,,,,,,,0.0,0.0,6.328125,0.0803723449751156,0.0,0.0,0.221484375,0.2813032074129046,0.5027875824129047,2289236,,,0.1497204337833612,Information
434470,7950.0,16981.05911,CHN,China,Jiangxi,1.567403631,0.0,0.59,0.57,7950.0,7950.0,2.0,5.0,94.0,49.0,9.0,7.0,6.0,9.4,4.9,0.9,40.4,0.0,0.0,0.0,0.0,0.0,0.0,0.0,0.0,0.0,0.0,0.0,40.4,40.4,31.34807262,0.0,,,,,,,,,,,,,,,,,0.0,0.0,57.375,0.3378764518341652,0.0,0.0,2.008125,1.1825675814195782,3.1906925814195786,6039012,,,0.2979799031868391,Advisory
434480,7951.0,9115.585978,CHN,China,Jiangxi,2.471678221,0.0,0.59,0.57,7951.0,7951.0,1.0,5.0,39.0,7.0,2.0,3.0,6.0,3.9,0.7,0.2,27.6,0.0,0.0,0.0,0.0,0.0,0.0,0.0,0.0,0.0,0.0,0.0,27.6,27.6,49.43356442,0.0,,,,,,,,,,,,,,,,,0.0,0.0,2.953125,0.0323964362472795,0.0,0.0,0.103359375,0.1133875268654782,0.2167469018654782,1889247,,,0.2724326271322648,Information
434492,7953.0,3081.584082,CHN,China,Jiangxi,2.105918148,0.0,0.59,0.57,7953.0,7953.0,2.0,5.0,78.0,43.0,9.0,7.0,6.0,7.8,4.3,0.9,52.0,0.0,0.0,0.0,0.0,0.0,0.0,0.0,0.0,0.0,0.0,0.0,52.0,52.0,42.118362960000006,0.0,,,,,,,,,,,,,,,,,,,,,,,,,,189234,,,0.4573324257521798,Advisory
434493,7954.0,9187.669537,CHN,China,Jiangxi,2.7367646,0.0,0.59,0.57,7954.0,7954.0,0.0,6.0,25.0,5.0,-9999.0,0.0,5.0,2.5,0.5,-999.9,-976.0,0.0,0.0,0.0,0.0,0.0,0.0,0.0,0.0,0.0,0.0,0.0,-976.0,-976.0,54.735292,0.0,,,,,,,,,,,,,,,,,,,,,,,,,,1611777,,,,
434497,7958.0,4096.781195,CHN,China,Jiangxi,1.371977986,0.0,0.59,0.57,7958.0,7958.0,1.0,6.0,43.0,11.0,2.0,3.0,5.0,4.3,1.1,0.2,27.2,0.0,0.0,0.0,0.0,0.0,0.0,0.0,0.0,0.0,0.0,0.0,27.2,27.2,27.43955972,0.0,,,,,,,,,,,,,,,,,,,,,,,,,,1492116,,,0.1632463471136938,Information
434499,7960.0,7149.472103,CHN,China,Jiangxi,2.269720505,0.0,0.59,0.57,7960.0,7960.0,1.0,6.0,64.0,17.0,2.0,3.0,5.0,6.4,1.7,0.2,32.599999999999994,0.0,0.0,0.0,0.0,0.0,0.0,0.0,0.0,0.0,0.0,0.0,32.599999999999994,32.599999999999994,45.3944101,0.0,,,,,,,,,,,,,,,,,,,,,,,,,,1500502,,,0.3029886803851211,Information
434503,7963.0,7635.14459,CHN,China,Hubei,1.391238933,0.0,0.59,0.57,7963.0,7963.0,1.0,12.0,31.0,11.0,2.0,3.0,1.0,3.1,1.1,0.2,16.799999999999997,0.0,0.0,0.0,0.0,0.0,0.0,0.0,0.0,0.0,0.0,0.0,16.799999999999997,16.799999999999997,27.82477866,0.0,,,,,,,,,,,,,,,,,2.390625,0.0313108019341294,63.703125,0.8343407809506244,0.035859375,0.0469662029011941,2.229609375,2.9201927333271853,5.23262768622838,3309700,,,0.0724591571854645,Information
434506,7966.0,3239.509586,CHN,China,Hubei,0.429168355,0.0,0.59,0.57,7966.0,7966.0,1.0,30.0,39.0,13.0,-9999.0,3.0,1.0,3.9,1.3,-999.9,-981.4000000000002,0.0,0.0,0.0,0.0,0.0,0.0,0.0,0.0,0.0,0.0,0.0,-981.4000000000002,20.879522493257905,8.5833671,0.0,,2.688,0.083,2.688,0.083,0.0,0.0,0.0,0.0,0.02688,0.083,0.0,0.0,0.0,0.0,0.10988,0.0,0.0,145.96875,4.505890355216544,0.0,0.0,5.10890625,15.770616243257903,20.879522493257905,1276073,,,0.0698835945414372,Information
434508,7968.0,4541.04922,CHN,China,Hubei,2.537178601,0.0,0.59,0.57,7968.0,7968.0,0.0,13.0,23.0,15.0,9.0,0.0,1.0,2.3,1.5,0.9,11.4,0.0,0.0,0.0,0.0,0.0,0.0,0.0,0.0,0.0,0.0,0.0,11.4,11.4,50.74357202,0.0,,,,,,,,,,,,,,,,,1.828125,0.0402577666845043,27.421875,0.6038665002675647,0.027421875,0.0603866500267564,0.959765625,2.1135327509364767,3.161106900963233,1364757,,,0.0716753530484162,Information
434610,7970.0,509.353688,CHN,China,Hubei,3.178988188,0.0,0.59,0.57,7970.0,7970.0,0.0,25.0,7.0,2.0,-9999.0,0.0,1.0,0.7,0.2,-999.9,-1996.0,0.0,0.0,0.0,0.0,0.0,0.0,0.0,0.0,0.0,0.0,0.0,-1996.0,-1996.0,63.57976376,0.0,,,,,,,,,,,,,,,,,,,,,,,,,,2136641,,,,
434630,7972.0,14994.85656,CHN,China,Hubei,3.102611413,0.0,0.59,0.57,7972.0,,,,,,,,,,,,,,,,,,,,,,,,,30.88197096736465,62.05222826,0.0,,48.312,0.322,42.312,0.282,15.062,0.1,9.375,0.063,0.42312,0.282,0.22593,0.15,0.234375,0.1575,1.4729249999999998,162.140625,1.08130827619617,459.84375,3.0666765508772555,2.432109375,1.6219624142942553,16.09453125,10.733367928070397,30.88197096736465,4880602,,,0.4183805217470365,Advisory
434640,7973.0,24105.24285,CHN,China,Henan,1.033001782,0.0,0.59,0.57,7973.0,,,,,,,,,,,,,,,,,,,,,,,,,10.259523549639884,20.66003564,0.0,,15.312,0.064,15.312,0.064,0.625,0.003,0.0,0.0,0.15312,0.064,0.009375,0.0045,0.0,0.0,0.230995,62.4375,0.2590204147270646,180.421875,0.7484756578712249,0.9365625,0.3885306220905969,6.314765625,2.6196648025492872,10.259523549639884,11036124,,,0.0204010433213075,Information
434650,7974.0,11746.7646,CHN,China,Hubei,3.625017643,0.0,0.59,0.57,7974.0,,,,,,,,,,,,,,,,,,,,,,,,,6.1361858617294125,72.50035286,0.0,,1.375,0.012,1.25,0.011,3.5,0.03,0.062,0.001,0.0125,0.011,0.0525,0.045,0.00155,0.0025,0.12505,16.875,0.1436565776018368,87.46875,0.7446199272361878,0.253125,0.2154848664027552,3.06140625,2.606169745326657,6.1361858617294125,3320313,,,0.0668111102840971,Information
434700,7987.0,22284.47383,CHN,China,Hubei,3.354950543,0.0,0.59,0.57,7987.0,7987.0,2.0,16.0,70.0,33.0,11.0,7.0,1.0,7.0,3.3,1.1,28.666666666666668,0.0,0.0,0.0,0.0,0.0,0.0,0.0,0.0,0.0,0.0,0.0,28.666666666666668,44.43441693379037,67.09901086,0.0,3.0,81.0,0.363,70.0,0.314,0.062,0.0,0.0,0.0,0.7,0.314,0.0009299999999999,0.0,0.0,0.0,1.01493,49.078125,0.2202346143723362,855.28125,3.8380141106376766,0.736171875,0.3303519215585043,29.93484375,13.433049387231868,44.43441693379037,9245698,104854.0,1.13,0.618106526343464,Watch
434810,7988.0,7009.156956,CHN,China,Hunan,2.77415213,0.0,0.59,0.57,7988.0,7988.0,2.0,16.0,66.0,37.0,9.0,7.0,1.0,6.6,3.7,0.9,28.7,0.0,0.0,0.0,0.0,0.0,0.0,0.0,0.0,0.0,0.0,0.0,28.7,28.7,55.483042600000005,0.0,,58.5,0.835,43.0,0.613,0.188,0.003,0.0,0.0,0.43,0.613,0.00282,0.0045,0.0,0.0,1.05032,0.0,0.0,272.25,3.8842046441120943,0.0,0.0,9.52875,13.59471625439233,23.12346625439233,2878756,,,0.3303405287906537,Information
434821,7989.0,19265.94276,CHN,China,Hunan,1.65232174,0.0,0.59,0.57,7989.0,7989.0,2.0,15.0,62.0,35.0,9.0,7.0,1.0,6.2,3.5,0.9,30.1,0.0,0.0,0.0,0.0,0.0,0.0,0.0,0.0,0.0,0.0,0.0,30.1,30.1,33.0464348,0.0,,43.0,0.223,37.75,0.196,0.0,0.0,0.0,0.0,0.3775,0.196,0.0,0.0,0.0,0.0,0.5735,0.0,0.0,41.484375,0.2153249156536306,0.0,0.0,1.451953125,0.7536372047877071,2.205590329787708,11380040,,,0.2120077647389867,Information
434822,7990.0,7209.467613,CHN,China,Hunan,1.360862465,0.0,0.59,0.57,7990.0,,,,,,,,,,,,,,,,,,,,,,,,,0.45788,27.2172493,0.0,,24.375,0.338,19.188,0.266,0.0,0.0,0.0,0.0,0.19188,0.266,0.0,0.0,0.0,0.0,0.45788,,,,,,,,,,3629888,,,2.003476618621696e-07,Information
434823,7991.0,10690.72747,CHN,China,Hunan,1.409582259,0.0,0.59,0.57,7991.0,7991.0,1.0,7.0,49.0,19.0,3.0,3.0,4.0,4.9,1.9,0.3,28.2,0.0,0.0,0.0,0.0,0.0,0.0,0.0,0.0,0.0,0.0,0.0,28.2,28.2,28.19164518,0.0,,,,,,,,,,,,,,,,,0.0,0.0,5.765625,0.053931082001308,0.0,0.0,0.201796875,0.188758787004578,0.390555662004578,5646254,,,0.174976913926357,Information
434824,7992.0,10356.44778,CHN,China,Hunan,2.125346169,0.0,0.59,0.57,7992.0,7992.0,1.0,5.0,52.0,7.0,-9999.0,3.0,6.0,5.2,0.7,-999.9,-1970.0,0.0,0.0,0.0,0.0,0.0,0.0,0.0,0.0,0.0,0.0,0.0,-1970.0,0.3095791717558173,42.50692338,0.0,,,,,,,,,,,,,,,,,0.0,0.0,4.5,0.0434511919302335,0.0,0.0,0.1575,0.1520791717558172,0.3095791717558173,2282145,,,8.745201417938333e-08,Information
434830,7998.0,1136.831401,CHN,China,Hunan,3.705171293,0.0,0.59,0.57,7998.0,,,,,,,,,,,,,,,,,,,,,,,,,30.376428703645537,74.10342586,0.0,,18.875,1.66,16.75,1.473,0.438,0.038,0.0,0.0,0.1675,1.473,0.00657,0.0569999999999999,0.0,0.0,1.70407,0.0,0.0,88.59375,7.793042129613011,0.0,0.0,3.10078125,27.275647453645536,30.376428703645537,278610,,,0.5633846770931648,Advisory
434840,7999.0,29586.69165,CHN,China,Hunan,1.878270793,0.0,0.59,0.57,7999.0,7999.0,1.0,15.0,35.0,11.0,5.0,3.0,1.0,3.5,1.1,0.5,18.4,0.0,0.0,0.0,0.0,0.0,0.0,0.0,0.0,0.0,0.0,0.0,18.4,18.4,37.56541586,0.0,,26.812,0.091,20.188,0.068,0.125,0.0,0.0,0.0,0.2018799999999999,0.068,0.001875,0.0,0.0,0.0,0.271755,0.0,0.0,37.828125,0.1278552041176497,0.0,0.0,1.323984375,0.4474932144117739,1.771477589411774,10855177,,,0.1108975559221748,Information
434850,8000.0,563.5374326,CHN,China,Hunan,2.375701168,0.0,0.59,0.57,8000.0,,,,,,,,,,,,,,,,,,,,,,,,,5.443386827024848,47.51402336,0.0,,4.438,0.787,4.188,0.743,0.0,0.0,0.0,0.0,0.04188,0.743,0.0,0.0,0.0,0.0,0.78488,0.0,0.0,8.296875,1.4722846291499567,0.0,0.0,0.290390625,5.152996202024848,5.443386827024848,231340,,,0.0117212663613354,Information
434860,8001.0,26966.70845,CHN,China,Hunan,3.270719206,0.0,0.59,0.57,8001.0,8001.0,1.0,15.0,33.0,15.0,5.0,3.0,1.0,3.3,1.5,0.5,18.5,0.0,0.0,0.0,0.0,0.0,0.0,0.0,0.0,0.0,0.0,0.0,18.5,18.5,65.41438412,0.0,,35.5,0.132,29.188,0.108,2.0,0.007,0.0,0.0,0.29188,0.108,0.03,0.0105,0.0,0.0,0.4403799999999999,11.53125,0.04276105859106,267.328125,0.9913264924586002,0.17296875,0.06414158788659,9.356484375,3.4696427236051006,13.06323743649169,5989376,,,0.2657666462029669,Information
434870,8002.0,14101.77015,CHN,China,Hunan,2.353494669,0.0,0.59,0.57,8002.0,8002.0,2.0,13.0,60.0,43.0,19.0,7.0,1.0,6.0,4.3,1.9,32.160000000000004,0.0,0.0,0.0,0.0,0.0,0.0,0.0,0.0,0.0,0.0,0.0,32.160000000000004,32.160000000000004,47.06989338,0.0,,66.625,0.472,57.125,0.405,0.375,0.003,0.0,0.0,0.57125,0.405,0.005625,0.0045,0.0,0.0,0.986375,0.0,0.0,77.484375,0.5494655933377618,0.0,0.0,2.711953125,1.9231295766821663,4.635082701682166,3474970,,,0.3091543255063069,Information
434880,8003.0,19436.96876,CHN,China,Hunan,2.037234396,0.0,0.59,0.57,8003.0,8003.0,1.0,15.0,35.0,13.0,5.0,3.0,1.0,3.5,1.3,0.5,18.2,0.0,0.0,0.0,0.0,0.0,0.0,0.0,0.0,0.0,0.0,0.0,18.2,18.2,40.74468792,0.0,,,,,,,,,,,,,,,,,1.40625,0.0072349244224304,2.671875,0.0137463564026179,0.02109375,0.0108523866336456,0.093515625,0.0481122474091626,0.1735740090428082,3198099,,,0.1189138553039514,Information
434891,8004.0,5903.350578,CHN,China,Hunan,1.687250649,0.0,0.59,0.57,8004.0,8004.0,1.0,13.0,41.0,19.0,9.0,3.0,1.0,4.1,1.9,0.9,30.3,0.0,0.0,0.0,0.0,0.0,0.0,0.0,0.0,0.0,0.0,0.0,30.3,30.3,33.74501298,0.0,,,,,,,,,,,,,,,,,0.0,0.0,3.9375,0.0666994099056327,0.0,0.0,0.1378125,0.2334479346697144,0.3712604346697144,1159928,,,0.2170006285225884,Information
434892,8005.0,7603.939609,CHN,China,Hunan,3.464758768,0.0,0.59,0.57,8005.0,8005.0,2.0,15.0,43.0,31.0,11.0,7.0,1.0,4.3,3.1,1.1,27.8,0.0,0.0,0.0,0.0,0.0,0.0,0.0,0.0,0.0,0.0,0.0,27.8,27.8,69.29517536,0.0,,,,,,,,,,,,,,,,,0.0,0.0,2.25,0.0295899246392884,0.0,0.0,0.07875,0.1035647362375094,0.1823147362375094,1297074,,,0.4604167819522801,Advisory
434893,8006.0,6923.789451,CHN,China,Hunan,2.179432945,0.0,0.59,0.57,8006.0,,,,,,,,,,,,,,,,,,,,,,,,,0.4210681430663662,43.5886589,0.0,,13.75,0.199,11.562,0.167,0.125,0.002,0.0,0.0,0.11562,0.167,0.001875,0.003,0.0,0.0,0.287495,0.0,0.0,4.921875,0.0710864337332475,0.0,0.0,0.172265625,0.2488025180663662,0.4210681430663662,1285512,,,4.849952786165149e-07,Information
434895,8008.0,235.9799608,CHN,China,Hunan,3.877939796,0.0,0.59,0.57,8008.0,8008.0,2.0,15.0,58.0,39.0,17.0,7.0,1.0,5.8,3.9,1.7,38.8,0.0,0.0,0.0,0.0,0.0,0.0,0.0,0.0,0.0,0.0,0.0,38.8,38.8,77.55879592000001,0.0,,,,,,,,,,,,,,,,,,,,,,,,,,31217,,,0.7079897514521433,Watch
434896,8009.0,10410.11962,CHN,China,Guizhou,2.78046132,0.0,0.59,0.57,8009.0,8009.0,2.0,12.0,54.0,39.0,19.0,7.0,1.0,5.4,3.9,1.9,38.66666666666666,0.0,0.0,0.0,0.0,0.0,0.0,0.0,0.0,0.0,0.0,0.0,38.66666666666666,38.66666666666666,55.6092264,0.0,,,,,,,,,,,,,,,,,,,,,,,,,,2055486,,,0.4450989714448632,Advisory
434897,8010.0,704.5068529,CHN,China,Hunan,2.882594554,0.0,0.59,0.57,8010.0,8010.0,1.0,15.0,52.0,29.0,13.0,3.0,1.0,5.2,2.9,1.3,26.8,0.0,0.0,0.0,0.0,0.0,0.0,0.0,0.0,0.0,0.0,0.0,26.8,26.8,57.651891080000006,0.0,,2.0,0.284,2.0,0.284,0.0,0.0,0.0,0.0,0.02,0.284,0.0,0.0,0.0,0.0,0.304,,,,,,,,,,104750,,,0.3236479900191816,Information
434898,8011.0,6807.293026,CHN,China,Hunan,2.2263588,0.0,0.59,0.57,8011.0,8011.0,1.0,10.0,31.0,13.0,7.0,3.0,1.0,3.1,1.3,0.7,18.2,0.0,0.0,0.0,0.0,0.0,0.0,0.0,0.0,0.0,0.0,0.0,18.2,18.2,44.527176,0.0,,,,,,,,,,,,,,,,,,,,,,,,,,742958,,,0.1325384502622562,Information
434899,8012.0,17774.0525,CHN,China,Guizhou,1.965087844,0.0,0.59,0.57,8012.0,8012.0,2.0,12.0,54.0,41.0,27.0,7.0,1.0,5.4,4.1,2.7,37.32000000000001,0.0,0.0,0.0,0.0,0.0,0.0,0.0,0.0,0.0,0.0,0.0,37.32000000000001,37.32000000000001,39.30175688,0.0,,,,,,,,,,,,,,,,,,,,,,,,,,2650363,,,0.3133469778419617,Advisory
434911,8013.0,3934.069357,CHN,China,Hubei,3.58069405,0.0,0.59,0.57,8013.0,8013.0,0.0,20.0,15.0,3.0,-9999.0,0.0,1.0,1.5,0.3,-999.9,-1994.2,0.0,0.0,0.0,0.0,0.0,0.0,0.0,0.0,0.0,0.0,0.0,-1994.2,29.448938489358195,71.61388099999999,0.0,,,,,,,,,,,,,,,,,11.25,0.2859634383338106,232.734375,5.915868630530708,0.16875,0.4289451575007159,8.145703125,20.70554020685748,29.448938489358195,2265246,,,0.5146608619971171,Advisory
434912,8014.0,7341.188709,CHN,China,Hubei,3.373286552,0.0,0.59,0.57,8014.0,,,,,,,,,,,,,,,,,,,,,,,,,1.5994523385757191,67.46573104000001,0.0,,4.625,0.063,4.5,0.061,0.0,0.0,0.0,0.0,0.045,0.061,0.0,0.0,0.0,0.0,0.106,8.71875,0.1187648260471331,15.609375,0.2126273498585771,0.13078125,0.1781472390706996,0.546328125,0.7441957245050198,1.5994523385757191,715003,,,0.0012949609579303,Information
434913,8015.0,2080.218855,CHN,China,Hubei,2.932944883,0.0,0.59,0.57,8015.0,,,,,,,,,,,,,,,,,,,,,,,,,6.647413798981422,58.65889766,0.0,,1.938,0.093,1.938,0.093,0.0,0.0,0.0,0.0,0.0193799999999999,0.093,0.0,0.0,0.0,0.0,0.11238,7.734375,0.3718058310122581,29.390625,1.4128621578465812,0.116015625,0.5577087465183872,1.028671875,4.945017552463034,6.647413798981422,798072,,,0.0338025994823255,Information
434921,8022.0,4300.273008,CHN,China,Chongqing,1.461022596,0.0,0.59,0.57,8022.0,8022.0,1.0,13.0,45.0,27.0,7.0,3.0,1.0,4.5,2.7,0.7,23.8,0.0,0.0,0.0,0.0,0.0,0.0,0.0,0.0,0.0,0.0,0.0,23.8,23.8,29.22045192,0.0,,,,,,,,,,,,,,,,,1.828125,0.0425118357996534,2.109375,0.0490521182303693,0.027421875,0.0637677536994801,0.073828125,0.1716824138062925,0.3367001675057726,956372,,,0.1378820105340032,Information
434925,8026.0,17275.23264,CHN,China,Guizhou,1.814883614,0.0,0.59,0.57,8026.0,8026.0,2.0,12.0,56.0,41.0,17.0,7.0,1.0,5.6,4.1,1.7,37.8,0.0,0.0,0.0,0.0,0.0,0.0,0.0,0.0,0.0,0.0,0.0,37.8,37.8,36.29767228,0.0,,,,,,,,,,,,,,,,,0.0,0.0,3.796875,0.0219787199286423,0.0,0.0,0.132890625,0.076925519750248,0.209816144750248,2637643,,,0.3008658009805148,Advisory
434926,8027.0,6569.921034,CHN,China,Guizhou,0.309005766,0.0,0.59,0.57,8027.0,8027.0,2.0,13.0,58.0,39.0,17.0,7.0,1.0,5.8,3.9,1.7,38.36,0.0,0.0,0.0,0.0,0.0,0.0,0.0,0.0,0.0,0.0,0.0,38.36,38.36,6.1801153200000005,0.0,,,,,,,,,,,,,,,,,,,,,,,,,,3539632,,,0.1855642325835982,Advisory
434927,8028.0,16499.52626,CHN,China,Guizhou,0.567114111,0.0,0.59,0.57,8028.0,8028.0,2.0,13.0,51.0,33.0,15.0,7.0,1.0,5.1,3.3,1.5,36.3,0.0,0.0,0.0,0.0,0.0,0.0,0.0,0.0,0.0,0.0,0.0,36.3,36.3,11.34228222,0.0,,,,,,,,,,,,,,,,,,,,,,,,,,5813027,,,0.1859378653206989,Advisory
434928,8029.0,10650.47636,CHN,China,Guizhou,1.890580085,0.0,0.59,0.57,8029.0,8029.0,1.0,13.0,31.0,19.0,5.0,3.0,1.0,3.1,1.9,0.5,19.0,0.0,0.0,0.0,0.0,0.0,0.0,0.0,0.0,0.0,0.0,0.0,19.0,19.0,37.8116017,0.0,,,,,,,,,,,,,,,,,0.0,0.0,3.09375,0.0290479964899495,0.0,0.0,0.10828125,0.1016679877148232,0.2099492377148232,3697432,,,0.1178645741540089,Information
434945,8036.0,21408.74468,CHN,China,Sichuan,1.898808048,0.0,0.59,0.57,8036.0,,,,,,,,,,,,,,,,,,,,,,,,,0.9490295679747732,37.97616096,0.0,,27.312,0.128,23.062,0.108,0.188,0.001,0.0,0.0,0.23062,0.108,0.00282,0.0015,0.0,0.0,0.34294,1.125,0.0052548620517351,18.0,0.084077792827763,0.016875,0.0078822930776026,0.63,0.2942722748971705,0.9490295679747732,6376835,,,1.4586089611780984e-05,Information
434947,8038.0,7003.523707,CHN,China,Sichuan,3.321376611,0.0,0.59,0.57,8038.0,,,,,,,,,,,,,,,,,,,,,,,,,0.9081686380996346,66.42753221999999,0.0,,8.375,0.12,6.438,0.092,0.438,0.006,0.0,0.0,0.0643799999999999,0.092,0.00657,0.009,0.0,0.0,0.17195,0.0,0.0,10.6875,0.1526017537427527,0.0,0.0,0.3740625,0.5341061380996345,0.9081686380996346,637324,,,0.0001530799037658,Information
434962,8051.0,34022.22173,CHN,China,Sichuan,1.313318821,0.0,0.59,0.57,8051.0,8051.0,1.0,14.0,54.0,23.0,3.0,3.0,1.0,5.4,2.3,0.3,-308.7,0.0,0.0,0.0,0.0,0.0,0.0,0.0,0.0,0.0,0.0,0.0,-308.7,0.17212,26.26637642,0.0,,18.688,0.055,13.312,0.039,0.0,0.0,0.0,0.0,0.13312,0.039,0.0,0.0,0.0,0.0,0.17212,,,,,,,,,,15186912,,,6.80513438620336e-10,Information
434963,8052.0,21.79510485,CHN,China,Sichuan,3.726264389,0.0,0.59,0.57,8052.0,,,,,,,,,,,,,,,,,,,,,,,,,4.31038,74.52528778,0.0,,1.312,6.022,0.938,4.301,0.0,0.0,0.0,0.0,0.00938,4.301,0.0,0.0,0.0,0.0,4.31038,,,,,,,,,,56431,,,0.0378120809340789,Information
434965,8054.0,24616.58093,CHN,China,Sichuan,3.045320286,0.0,0.59,0.57,8054.0,8054.0,1.0,14.0,35.0,5.0,-9999.0,3.0,1.0,3.5,0.5,-999.9,-415.2,0.0,0.0,0.0,0.0,0.0,0.0,0.0,0.0,0.0,0.0,0.0,-415.2,0.2659752697134155,60.90640572,0.0,,,,,,,,,,,,,,,,,0.140625,0.0005712612989845,5.34375,0.0217079293614111,0.002109375,0.0008568919484767,0.18703125,0.0759777527649388,0.2659752697134155,2113466,,,3.014114588994463e-07,Information
434966,8055.0,5270.10083,CHN,China,Sichuan,2.096199893,0.0,0.59,0.57,8055.0,8055.0,1.0,17.0,82.0,27.0,5.0,3.0,1.0,8.2,2.7,0.5,34.06666666666667,0.0,0.0,0.0,0.0,0.0,0.0,0.0,0.0,0.0,0.0,0.0,34.06666666666667,34.06666666666667,41.92399786,0.0,,,,,,,,,,,,,,,,,,,,,,,,,,72343,,,0.2968668891799803,Information
434967,8056.0,8200.608699,CHN,China,Sichuan,3.124295303,0.0,0.59,0.57,8056.0,8056.0,2.0,13.0,76.0,31.0,5.0,7.0,1.0,7.6,3.1,0.5,23.0,0.0,0.0,0.0,0.0,0.0,0.0,0.0,0.0,0.0,0.0,0.0,23.0,23.0,62.48590606,0.0,,,,,,,,,,,,,,,,,,,,,,,,,,96138,,,0.3123420962820903,Information
434968,8057.0,23252.69976,CHN,China,Sichuan,3.312577274,0.0,0.59,0.57,8057.0,8057.0,1.0,12.0,51.0,13.0,2.0,3.0,1.0,5.1,1.3,0.2,-1396.0,0.0,0.0,0.0,0.0,0.0,0.0,0.0,0.0,0.0,0.0,0.0,-1396.0,-1396.0,66.25154548,0.0,,,,,,,,,,,,,,,,,,,,,,,,,,167040,,,,
434969,8058.0,16061.23903,CHN,China,Sichuan,2.127252515,0.0,0.59,0.57,8058.0,8058.0,1.0,1.0,100.0,23.0,-9999.0,3.0,10.0,10.0,2.3,-999.9,-2234.542857142857,0.0,0.0,0.0,0.0,0.0,0.0,0.0,0.0,0.0,0.0,0.0,-2234.542857142857,-2234.542857142857,42.5450503,0.0,,,,,,,,,,,,,,,,,,,,,,,,,,140945,,,,
434974,8062.0,13433.06763,CHN,China,Yunnan,1.735678393,0.0,0.59,0.57,8062.0,8062.0,1.0,14.0,35.0,7.0,2.0,3.0,1.0,3.5,0.7,0.2,21.666666666666668,0.0,0.0,0.0,0.0,0.0,0.0,0.0,0.0,0.0,0.0,0.0,21.666666666666668,21.666666666666668,34.71356786,0.0,,,,,,,,,,,,,,,,,0.5625,0.004187427739381,2.953125,0.0219839956317504,0.0084375,0.0062811416090714,0.103359375,0.0769439847111264,0.1950220013201979,2247241,,,0.1350115727706843,Information
434975,8063.0,16444.70759,CHN,China,Yunnan,1.958229901,0.0,0.59,0.57,8063.0,8063.0,1.0,14.0,41.0,19.0,5.0,3.0,1.0,4.1,1.9,0.5,26.6,0.0,0.0,0.0,0.0,0.0,0.0,0.0,0.0,0.0,0.0,0.0,26.6,26.6,39.16459802,0.0,,,,,,,,,,,,,,,,,14.90625,0.0906446643581664,71.015625,0.4318448632157929,0.22359375,0.1359669965372495,2.485546875,1.5114570212552751,4.356564642792525,2448528,,,0.2040446644590423,Information
434976,8064.0,11712.15426,CHN,China,Yunnan,1.016030403,0.0,0.59,0.57,8064.0,,,,,,,,,,,,,,,,,,,,,,,,,0.19562,20.32060806,0.0,,10.75,0.092,10.562,0.09,0.0,0.0,0.0,0.0,0.1056199999999999,0.09,0.0,0.0,0.0,0.0,0.19562,0.0,0.0,2.390625,0.0204114883386086,0.0,0.0,0.083671875,0.0714402091851301,0.1551120841851301,5522106,,,9.299524929818919e-10,Information
434977,8065.0,8368.571449,CHN,China,Sichuan,2.076606646,0.0,0.59,0.57,8065.0,,,,,,,,,,,,,,,,,,,,,,,,,3.72557970442066,41.53213292,0.0,,21.938,0.262,5.75,0.069,2.0,0.024,0.188,0.002,0.0575,0.069,0.03,0.036,0.0046999999999999,0.005,0.2022,4.21875,0.0504118298530404,46.6875,0.5578909170403141,0.06328125,0.0756177447795606,1.6340625,1.9526182096411,3.72557970442066,611651,,,0.0029502971067233,Information
434978,8066.0,9307.709981,CHN,China,Yunnan,3.311682972,0.0,0.59,0.57,8066.0,,,,,,,,,,,,,,,,,,,,,,,,,0.8678355360278243,66.23365944,0.0,,8.688,0.093,7.75,0.083,0.25,0.003,0.0,0.0,0.0775,0.083,0.00375,0.0045,0.0,0.0,0.16875,0.0,0.0,11.953125,0.1284217602936641,0.0,0.0,0.418359375,0.4494761610278243,0.8678355360278243,1798017,,,0.0001255097609114,Information
434979,8067.0,1198.074377,CHN,China,Sichuan,3.450175758,0.0,0.59,0.57,8067.0,,,,,,,,,,,,,,,,,,,,,,,,,8.740650365438936,69.00351515999999,0.0,,6.625,0.553,5.25,0.438,0.125,0.01,0.0,0.0,0.0525,0.438,0.001875,0.015,0.0,0.0,0.507375,0.0,0.0,26.71875,2.2301411758396963,0.0,0.0,0.93515625,7.805494115438937,8.740650365438936,247887,,,0.1027763756265345,Information
434982,8069.0,11088.18452,CHN,China,Sichuan,3.022107525,0.0,0.59,0.57,8069.0,8069.0,1.0,19.0,49.0,27.0,15.0,3.0,1.0,4.9,2.7,1.5,26.2,0.0,0.0,0.0,0.0,0.0,0.0,0.0,0.0,0.0,0.0,0.0,26.2,26.2,60.4421505,0.0,,,,,,,,,,,,,,,,,0.0,0.0,7.875,0.0710215453904311,0.0,0.0,0.275625,0.2485754088665088,0.5242004088665089,1721111,,,0.340167976682548,Information
434983,8070.0,14876.70625,CHN,China,Sichuan,2.488166866,0.0,0.59,0.57,8070.0,8070.0,3.0,19.0,84.0,60.0,37.0,10.0,1.0,8.4,6.0,3.7,47.75,0.0,0.0,0.0,0.0,0.0,0.0,0.0,0.0,0.0,0.0,0.0,47.75,47.75,49.76333732,0.0,,,,,,,,,,,,,,,,,0.140625,0.0009452697231992,22.78125,0.1531336951582859,0.002109375,0.0014179045847987,0.79734375,0.5359679330540006,1.3368389626387995,604089,,,0.4797559818463653,Advisory
434984,8071.0,19155.95338,CHN,China,Sichuan,3.429748132,0.0,0.59,0.57,8071.0,8071.0,1.0,25.0,31.0,7.0,2.0,3.0,1.0,3.1,0.7,0.2,16.0,0.0,0.0,0.0,0.0,0.0,0.0,0.0,0.0,0.0,0.0,0.0,16.0,16.0,68.59496263999999,0.0,,9.688,0.051,7.875,0.041,0.562,0.003,0.125,0.001,0.07875,0.041,0.00843,0.0045,0.003125,0.0025,0.1383049999999999,0.421875,0.0022023179507044,12.234375,0.0638672205704284,0.006328125,0.0033034769260566,0.428203125,0.2235352719964994,0.6613699989225561,483585,,,0.2500350097639566,Information
434985,8072.0,5755.982673,CHN,China,Sichuan,1.221605504,0.0,0.59,0.57,8072.0,8072.0,1.0,22.0,43.0,11.0,3.0,3.0,1.0,4.3,1.1,0.3,19.4,0.0,0.0,0.0,0.0,0.0,0.0,0.0,0.0,0.0,0.0,0.0,19.4,19.4,24.43211008,0.0,,,,,,,,,,,,,,,,,0.0,0.0,3.515625,0.061077755089662,0.0,0.0,0.123046875,0.2137721428138169,0.3368190178138169,42794,,,0.0869531968592891,Information
434986,8073.0,5882.18523,CHN,China,Sichuan,2.413339184,0.0,0.59,0.57,8073.0,8073.0,1.0,23.0,33.0,11.0,3.0,3.0,1.0,3.3,1.1,0.3,20.7,0.0,0.0,0.0,0.0,0.0,0.0,0.0,0.0,0.0,0.0,0.0,20.7,20.7,48.26678368,0.0,,,,,,,,,,,,,,,,,,,,,,,,,,46767,,,0.1798422703945267,Information
434988,8075.0,19259.91081,CHN,China,Sichuan,3.552639008,0.0,0.59,0.57,8075.0,8075.0,1.0,1.0,100.0,3.0,-9999.0,3.0,10.0,10.0,0.3,-999.9,-1939.5,0.0,0.0,0.0,0.0,0.0,0.0,0.0,0.0,0.0,0.0,0.0,-1939.5,0.413392155446873,71.05278016,0.0,,,,,,,,,,,,,,,,,0.421875,0.0021904307046026,7.59375,0.0394277526828483,0.006328125,0.0032856460569038,0.26578125,0.137997134389969,0.413392155446873,163412,,,1.07443625829155e-05,Information
434989,8076.0,44357.22602,CHN,China,Sichuan,2.599271742,0.0,0.59,0.57,8076.0,8076.0,1.0,7.0,78.0,-9999.0,-9999.0,3.0,4.0,7.8,-999.9,-999.9,-1956.6888888888889,0.0,0.0,0.0,0.0,0.0,0.0,0.0,0.0,0.0,0.0,0.0,-1956.6888888888889,1.6991524936221285,51.98543484,0.0,,,,,,,,,,,,,,,,,1.546875,0.0034873123020724,38.953125,0.0878168643340057,0.023203125,0.0052309684531086,1.363359375,0.30735902516902,1.6991524936221285,333175,,,0.0004168230051918,Information
434990,8077.0,9227.359126,CHN,China,Qinghai,1.388524069,0.0,0.59,0.57,8077.0,8077.0,1.0,25.0,33.0,2.0,-9999.0,3.0,1.0,3.3,0.2,-999.9,-1983.3,0.0,0.0,0.0,0.0,0.0,0.0,0.0,0.0,0.0,0.0,0.0,-1983.3,17.279687248332984,27.77048138,0.0,,48.812,0.529,45.312,0.491,14.938,0.162,4.438,0.048,0.4531199999999999,0.491,0.22407,0.243,0.11095,0.12,1.64214,10.125,0.1097280366084406,232.59375,2.5206968409772346,0.151875,0.1645920549126609,8.14078125,8.822438943420321,17.279687248332984,0,,,0.0763130083436388,Information
434992,8079.0,13886.89279,CHN,China,Sichuan,1.581548093,0.0,0.59,0.57,8079.0,,,,,,,,,,,,,,,,,,,,,,,,,0.1693226875792361,31.630961860000003,0.0,,11.688,0.084,9.0,0.065,0.25,0.002,0.188,0.001,0.09,0.065,0.00375,0.003,0.0046999999999999,0.0025,0.16895,0.0,0.0,2.8125,0.0202529107369246,0.0,0.0,0.0984375,0.0708851875792361,0.1693226875792361,43080,,,9.813211177250594e-10,Information
434994,8081.0,12234.48146,CHN,China,Sichuan,2.426259316,0.0,0.59,0.57,8081.0,,,,,,,,,,,,,,,,,,,,,,,,,0.330958654430244,48.52518632,0.0,,7.0,0.057,7.0,0.057,0.0,0.0,0.0,0.0,0.07,0.057,0.0,0.0,0.0,0.0,0.127,0.0,0.0,5.203125,0.0425283655514983,0.0,0.0,0.182109375,0.148849279430244,0.330958654430244,65797,,,2.2457161576281306e-07,Information
434995,8082.0,86383.62364,CHN,China,Xizang,2.712028707,0.0,0.59,0.57,8082.0,8082.0,1.0,7.0,86.0,2.0,-9999.0,3.0,4.0,8.6,0.2,-999.9,-1967.6380952380955,0.0,0.0,0.0,0.0,0.0,0.0,0.0,0.0,0.0,0.0,0.0,-1967.6380952380955,2.1856744923530447,54.24057414,0.0,,14.938,0.017,12.688,0.015,5.125,0.006,0.25,0.0,0.12688,0.015,0.076875,0.009,0.00625,0.0,0.234005,6.890625,0.0079767723440769,53.015625,0.0613723096676941,0.103359375,0.0119651585161153,1.855546875,0.2148030838369293,2.1856744923530447,651069,,,0.0011771171132003,Information
434996,8083.0,22354.91601,CHN,China,Qinghai,1.417131526,0.0,0.59,0.57,8083.0,,,,,,,,,,,,,,,,,,,,,,,,,6.77248160160628,28.34263052,0.0,,33.375,0.149,28.375,0.127,9.812,0.044,1.062,0.005,0.28375,0.127,0.14718,0.066,0.02655,0.0125,0.66298,12.375,0.0553569514474387,128.390625,0.5743283712671776,0.185625,0.083035427171158,4.493671875,2.0101492994351218,6.77248160160628,11073,,,0.0091614261212212,Information
434997,8084.0,34690.106,CHN,China,Qinghai,1.000253435,0.0,0.59,0.57,8084.0,8084.0,1.0,3.0,100.0,2.0,-9999.0,3.0,8.0,10.0,0.2,-999.9,-1544.014285714286,0.0,0.0,0.0,0.0,0.0,0.0,0.0,0.0,0.0,0.0,0.0,-1544.014285714286,7.088888430991515,20.0050687,0.0,,14.438,0.042,10.438,0.03,1.25,0.004,0.125,0.0,0.10438,0.03,0.01875,0.006,0.003125,0.0,0.1622549999999999,27.5625,0.0794534902822226,145.40625,0.4191576987337663,0.4134375,0.1191802354233338,5.08921875,1.467051945568182,7.088888430991515,10948,,,0.0076872579879444,Information
434998,8085.0,31087.90753,CHN,China,Qinghai,1.491591326,0.0,0.59,0.57,8085.0,8085.0,2.0,12.0,100.0,49.0,3.0,7.0,1.0,10.0,4.9,0.3,-209.8375,0.0,0.0,0.0,0.0,0.0,0.0,0.0,0.0,0.0,0.0,0.0,-209.8375,6.187267088561841,29.83182652,0.0,,9.375,0.03,9.312,0.03,1.188,0.004,0.625,0.002,0.09312,0.03,0.01782,0.006,0.015625,0.005,0.167565,31.21875,0.1004208789909068,120.375,0.3872084343072804,0.46828125,0.1506313184863602,4.213125,1.3552295200754814,6.187267088561841,3099,,,0.0075827750429457,Information
434999,8086.0,19248.6739,CHN,China,Qinghai,2.060854388,0.0,0.59,0.57,8086.0,,,,,,,,,,,,,,,,,,,,,,,,,14.320966355435909,41.21708776,0.0,,32.812,0.17,31.438,0.163,8.438,0.044,0.875,0.005,0.31438,0.163,0.12657,0.066,0.021875,0.0125,0.704325,54.421875,0.2827305158241863,245.953125,1.2777665947713228,0.816328125,0.4240957737362794,8.608359375,4.4721830816996295,14.320966355435909,1646,,,0.0789563494391303,Information
435043,8092.0,2784.68451,CHN,China,Zhejiang,3.447192576,0.0,0.59,0.57,8092.0,8092.0,0.0,9.0,15.0,3.0,-9999.0,0.0,2.0,1.5,0.3,-999.9,-1992.2,0.0,0.0,0.0,0.0,0.0,0.0,0.0,0.0,0.0,0.0,0.0,-1992.2,0.1807734236392584,68.94385152,0.0,,,,,,,,,,,,,,,,,0.0,0.0,1.125,0.0403995496112167,0.0,0.0,0.039375,0.1413984236392584,0.1807734236392584,1261892,,,1.3283180520474418e-07,Information
435046,8095.0,19540.13573,CHN,China,Zhejiang,2.812779332,0.0,0.59,0.57,8095.0,8095.0,0.0,5.0,19.0,5.0,2.0,0.0,6.0,1.9,0.5,0.2,24.6,0.0,0.0,0.0,0.0,0.0,0.0,0.0,0.0,0.0,0.0,0.0,24.6,24.6,56.25558664,0.0,,,,,,,,,,,,,,,,,0.0,0.0,5.90625,0.0302262485881493,0.0,0.0,0.20671875,0.1057918700585225,0.3125106200585226,7655354,,,0.2824368860170589,Information
435060,8100.0,17244.61564,CHN,China,Zhejiang,3.308293404,0.0,0.59,0.57,8100.0,8100.0,1.0,5.0,37.0,7.0,2.0,3.0,6.0,3.7,0.7,0.2,29.133333333333336,0.0,0.0,0.0,0.0,0.0,0.0,0.0,0.0,0.0,0.0,0.0,29.133333333333336,29.133333333333336,66.16586808,0.0,,,,,,,,,,,,,,,,,0.0,0.0,4.78125,0.0277260456172349,0.0,0.0,0.16734375,0.0970411596603221,0.2643849096603221,3318385,,,0.4405451856544471,Advisory
435083,8104.0,6041.909574,CHN,China,Fujian,2.633497668,0.0,0.59,0.57,8104.0,8104.0,1.0,7.0,90.0,17.0,2.0,3.0,4.0,9.0,1.7,0.2,35.8,0.0,0.0,0.0,0.0,0.0,0.0,0.0,0.0,0.0,0.0,0.0,35.8,35.8,52.66995336,0.0,,,,,,,,,,,,,,,,,0.0,0.0,2.8125,0.0465498525861219,0.0,0.0,0.0984375,0.1629244840514266,0.2613619840514266,1395356,,,0.3900466556316795,Advisory
435085,8106.0,1250.55414,CHN,China,Fujian,1.212940447,0.0,0.59,0.57,8106.0,8106.0,1.0,6.0,88.0,23.0,2.0,3.0,5.0,8.8,2.3,0.2,38.6,0.0,0.0,0.0,0.0,0.0,0.0,0.0,0.0,0.0,0.0,0.0,38.6,38.6,24.25880894,0.0,,,,,,,,,,,,,,,,,,,,,,,,,,118509,,,0.2501334464982355,Advisory
435086,8107.0,16520.06225,CHN,China,Fujian,2.73923659,0.0,0.59,0.57,8107.0,8107.0,2.0,5.0,94.0,35.0,3.0,7.0,6.0,9.4,3.5,0.3,50.7,0.0,0.0,0.0,0.0,0.0,0.0,0.0,0.0,0.0,0.0,0.0,50.7,50.7,54.7847318,0.0,,,,,,,,,,,,,,,,,,,,,,,,,,1701697,,,0.5455757449567912,Advisory
435087,8108.0,390.0088872,CHN,China,Fujian,0.395785623,0.0,0.59,0.57,8108.0,8108.0,1.0,6.0,47.0,7.0,-9999.0,3.0,5.0,4.7,0.7,-999.9,-1973.0,0.0,0.0,0.0,0.0,0.0,0.0,0.0,0.0,0.0,0.0,0.0,-1973.0,-1973.0,7.91571246,0.0,,,,,,,,,,,,,,,,,,,,,,,,,,135329,,,,
435088,8109.0,13725.73097,CHN,China,Fujian,2.775671044,0.0,0.59,0.57,8109.0,8109.0,1.0,6.0,66.0,15.0,-9999.0,3.0,5.0,6.6,1.5,-999.9,-301.3333333333333,0.0,0.0,0.0,0.0,0.0,0.0,0.0,0.0,0.0,0.0,0.0,-301.3333333333333,-301.3333333333333,55.51342088,0.0,,,,,,,,,,,,,,,,,,,,,,,,,,989175,,,,
435089,8110.0,11882.01709,CHN,China,Fujian,3.075941137,0.0,0.59,0.57,8110.0,8110.0,1.0,6.0,31.0,9.0,-9999.0,3.0,5.0,3.1,0.9,-999.9,-1975.8,0.0,0.0,0.0,0.0,0.0,0.0,0.0,0.0,0.0,0.0,0.0,-1975.8,-1975.8,61.518822740000005,0.0,,,,,,,,,,,,,,,,,,,,,,,,,,1566585,,,,
436103,8114.0,2336.092126,CHN,China,Fujian,1.408299077,3.087656758,0.59,0.57,8114.0,,,,,,,,,,,,,,,,,,,,,,,,,0.7537307197615418,28.16598154,61.75313516,,4.125,0.177,3.938,0.169,0.188,0.008,0.062,0.003,0.03938,0.169,0.00282,0.012,0.00155,0.0075,0.23225,0.0,0.0,4.078125,0.1745703842175834,0.0,0.0,0.142734375,0.6109963447615419,0.7537307197615418,2892820,,,4.304502487693754e-05,Information
436105,8116.0,2806.671083,CHN,China,Fujian,1.430690501,3.041224033,0.59,0.57,8116.0,,,,,,,,,,,,,,,,,,,,,,,,,0.8117042061393477,28.61381002,60.824480660000006,,4.375,0.156,4.0,0.143,0.062,0.002,0.0,0.0,0.04,0.143,0.0009299999999999,0.003,0.0,0.0,0.1869299999999999,0.703125,0.0250519202031362,4.78125,0.1703530573813267,0.010546875,0.0375778803047043,0.16734375,0.5962357008346434,0.8117042061393477,8827856,,,5.294762557766016e-05,Information
436107,8118.0,5725.747971,CHN,China,Fujian,1.209575325,2.788927738,0.59,0.57,8118.0,,,,,,,,,,,,,,,,,,,,,,,,,3.740599778665549,24.191506500000003,55.77855476,,4.75,0.083,4.688,0.082,0.938,0.016,0.125,0.002,0.04688,0.082,0.01407,0.024,0.003125,0.005,0.1750749999999999,4.5,0.0785923520054698,36.984375,0.6459308930449555,0.0675,0.1178885280082047,1.294453125,2.260758125657345,3.740599778665549,2557888,,,0.0067563345618352,Information
436108,8119.0,1340.801918,CHN,China,Guangdong,0.055796595,3.1544224,0.59,0.57,8119.0,,,,,,,,,,,,,,,,,,,,,,,,,0.237887528066394,1.1159319,63.088448,,1.812,0.135,1.812,0.135,0.188,0.014,0.0,0.0,0.01812,0.135,0.00282,0.021,0.0,0.0,0.17694,0.5625,0.0419525056132788,0.5625,0.0419525056132788,0.0084375,0.0629287584199182,0.0196875,0.1468337696464758,0.237887528066394,535338,,,2.273759943203423e-07,Information
436109,8120.0,893.4501677,CHN,China,Guangdong,2.903787699,4.012805763,0.59,0.57,8120.0,,,,,,,,,,,,,,,,,,,,,,,,,6.909755781823156,58.07575398,80.25611526,,3.5,0.392,3.438,0.385,0.812,0.091,0.125,0.014,0.03438,0.385,0.01218,0.1365,0.003125,0.035,0.6061850000000001,8.578125,0.9601123050650436,12.515625,1.400819592635883,0.128671875,1.4401684575975655,0.438046875,4.90286857422559,6.909755781823156,885251,,,0.146879858124143,Information
436401,8122.0,442.2668855,CHN,China,Guangdong,2.584954405,4.00945539,0.59,0.57,8122.0,,,,,,,,,,,,,,,,,,,,,,,,,0.66412,51.6990881,80.1891078,,2.812,0.636,2.812,0.636,0.0,0.0,0.0,0.0,0.02812,0.636,0.0,0.0,0.0,0.0,0.66412,,,,,,,,,,1721688,,,0.0003424864406584,Information
436403,8124.0,4060.924896,CHN,China,Guangdong,2.296184393,2.318525094,0.59,0.57,8124.0,,,,,,,,,,,,,,,,,,,,,,,,,0.13394,45.92368786,46.37050188,,3.562,0.088,3.562,0.088,0.188,0.005,0.0,0.0,0.03562,0.088,0.00282,0.0075,0.0,0.0,0.13394,,,,,,,,,,10346116,,,1.0334349313277035e-09,Information
436406,8127.0,5833.747072,CHN,China,Guangdong,2.611069822,0.0,0.59,0.57,8127.0,,,,,,,,,,,,,,,,,,,,,,,,,0.1393129559682343,52.22139644000001,0.0,,5.438,0.093,5.062,0.087,0.0,0.0,0.0,0.0,0.05062,0.087,0.0,0.0,0.0,0.0,0.13762,0.140625,0.0024105433141982,1.40625,0.024105433141982,0.002109375,0.0036158149712972,0.04921875,0.084369015996937,0.1393129559682343,1069496,,,2.647741714082682e-09,Information
436500,8131.0,8141.378696,CHN,China,Guangdong,2.066375494,4.004380635,0.59,0.57,8131.0,,,,,,,,,,,,,,,,,,,,,,,,,0.49162,41.32750988,80.08761270000001,,25.188,0.309,22.062,0.271,0.0,0.0,0.0,0.0,0.22062,0.271,0.0,0.0,0.0,0.0,0.49162,2.53125,0.0310911713437268,0.5625,0.0069091491874948,0.03796875,0.0466367570155902,0.0196875,0.0241820221562318,0.128475029171822,24634952,,,0.0001072102832914,Information
436610,8132.0,2893.201986,CHN,China,Guangdong,1.935357618,4.007802538,0.59,0.57,8132.0,8132.0,1.0,6.0,72.0,21.0,3.0,3.0,5.0,7.2,2.1,0.3,35.2,0.0,0.0,0.0,0.0,0.0,0.0,0.0,0.0,0.0,0.0,0.0,35.2,35.2,38.70715236,80.15605076,,2.688,0.093,2.375,0.082,0.0,0.0,0.0,0.0,0.02375,0.082,0.0,0.0,0.0,0.0,0.10575,,,,,,,,,,3508156,,,0.7167273985531559,Watch
436622,8134.0,7355.725744,CHN,China,Guangdong,1.952488257,0.0,0.59,0.57,8134.0,,,,,,,,,,,,,,,,,,,,,,,,,0.1235,39.04976514,0.0,,7.125,0.097,5.25,0.071,0.0,0.0,0.0,0.0,0.0525,0.071,0.0,0.0,0.0,0.0,0.1235,,,,,,,,,,1903792,,,2.795099717609885e-10,Information
436623,8135.0,6192.769213,CHN,China,Guangdong,2.027196896,0.0,0.59,0.57,8135.0,,,,,,,,,,,,,,,,,,,,,,,,,0.27012,40.54393792,0.0,,12.438,0.201,10.312,0.167,0.0,0.0,0.0,0.0,0.1031199999999999,0.167,0.0,0.0,0.0,0.0,0.27012,2.53125,0.0408742827791144,0.28125,0.0045415869754571,0.03796875,0.0613114241686716,0.00984375,0.0158955544140998,0.1250194785827714,2455308,,,3.4428836418989345e-08,Information
436631,8142.0,6917.910626,CHN,China,Guangdong,2.149587399,0.021316009,0.59,0.57,8142.0,8142.0,2.0,6.0,86.0,31.0,7.0,7.0,5.0,8.6,3.1,0.7,48.8,0.0,0.0,0.0,0.0,0.0,0.0,0.0,0.0,0.0,0.0,0.0,48.8,48.8,42.99174798,0.42632018,,12.75,0.184,8.75,0.126,0.0,0.0,0.0,0.0,0.0875,0.126,0.0,0.0,0.0,0.0,0.2135,,,,,,,,,,2643960,,,0.438227089671976,Advisory
436633,8144.0,1814.125982,CHN,China,Guangdong,2.669296156,0.0,0.59,0.57,8144.0,,,,,,,,,,,,,,,,,,,,,,,,,0.40468,53.38592312,0.0,,6.375,0.351,6.125,0.338,0.062,0.003,0.0,0.0,0.06125,0.338,0.0009299999999999,0.0045,0.0,0.0,0.40468,,,,,,,,,,477024,,,1.03452059153791e-06,Information
436635,8146.0,200.9223833,CHN,China,Guangxi,3.657305147,0.0,0.59,0.57,8146.0,,,,,,,,,,,,,,,,,,,,,,,,,0.1265,73.14610294,0.0,,0.25,0.124,0.25,0.124,0.0,0.0,0.0,0.0,0.0025,0.124,0.0,0.0,0.0,0.0,0.1265,0.140625,0.069989713279497,0.0,0.0,0.002109375,0.1049845699192455,0.0,0.0,0.1070939449192455,85850,,,4.2091835685673853e-08,Information
436636,8147.0,18833.77631,CHN,China,Guangxi,2.654978053,0.0,0.59,0.57,8147.0,8147.0,1.0,5.0,37.0,13.0,3.0,3.0,6.0,3.7,1.3,0.3,28.6,0.0,0.0,0.0,0.0,0.0,0.0,0.0,0.0,0.0,0.0,0.0,28.6,28.6,53.09956106,0.0,,10.188,0.054,8.5,0.045,0.0,0.0,0.0,0.0,0.085,0.045,0.0,0.0,0.0,0.0,0.13,0.0,0.0,3.9375,0.0209065879005725,0.0,0.0,0.1378125,0.0731730576520037,0.2109855576520037,3794205,,,0.3104340791158281,Information
436637,8148.0,2236.26021,CHN,China,Guangxi,2.284992612,0.0,0.59,0.57,8148.0,,,,,,,,,,,,,,,,,,,,,,,,,0.33162,45.69985224,0.0,,6.938,0.31,6.062,0.271,0.0,0.0,0.0,0.0,0.06062,0.271,0.0,0.0,0.0,0.0,0.33162,1.546875,0.0691724063659682,0.0,0.0,0.023203125,0.1037586095489523,0.0,0.0,0.1269617345489523,906902,,,1.713654806023119e-07,Information
436638,8149.0,9339.922636,CHN,China,Guangxi,2.353800225,0.0,0.59,0.57,8149.0,,,,,,,,,,,,,,,,,,,,,,,,,0.2125,47.0760045,0.0,,10.938,0.117,10.25,0.11,0.0,0.0,0.0,0.0,0.1025,0.11,0.0,0.0,0.0,0.0,0.2125,,,,,,,,,,2730316,,,1.7176173546012992e-08,Information
436639,8150.0,8362.761595,CHN,China,Guangxi,2.059116306,0.0,0.59,0.57,8150.0,8150.0,2.0,11.0,86.0,39.0,11.0,7.0,1.0,8.6,3.9,1.1,46.8,0.0,0.0,0.0,0.0,0.0,0.0,0.0,0.0,0.0,0.0,0.0,46.8,46.8,41.18232612,0.0,,,,,,,,,,,,,,,,,,,,,,,,,,2372283,,,0.4096057760175502,Advisory
436642,8153.0,34288.65084,CHN,China,Guangxi,3.058892803,0.0,0.59,0.57,8153.0,,,,,,,,,,,,,,,,,,,,,,,,,0.27925,61.17785606,0.0,,38.438,0.112,21.625,0.063,0.0,0.0,0.0,0.0,0.21625,0.063,0.0,0.0,0.0,0.0,0.27925,,,,,,,,,,3702690,,,4.014964396849763e-07,Information
436644,8155.0,3938.284292,CHN,China,Guangxi,1.462457675,0.0,0.59,0.57,8155.0,8155.0,1.0,5.0,31.0,7.0,2.0,3.0,6.0,3.1,0.7,0.2,26.0,0.0,0.0,0.0,0.0,0.0,0.0,0.0,0.0,0.0,0.0,0.0,26.0,26.0,29.2491535,0.0,,,,,,,,,,,,,,,,,,,,,,,,,,684355,,,0.1583969761169414,Information
436645,8156.0,16712.09719,CHN,China,Guangxi,2.584409798,0.0,0.59,0.57,8156.0,8156.0,1.0,4.0,58.0,23.0,5.0,3.0,7.0,5.8,2.3,0.5,32.6,0.0,0.0,0.0,0.0,0.0,0.0,0.0,0.0,0.0,0.0,0.0,32.6,32.6,51.68819596,0.0,,,,,,,,,,,,,,,,,,,,,,,,,,2376346,,,0.3470254631056382,Information
436646,8157.0,3368.838569,CHN,China,Yunnan,2.695373923,0.0,0.59,0.57,8157.0,8157.0,1.0,1.0,100.0,7.0,2.0,3.0,10.0,10.0,0.7,0.2,47.8,0.0,0.0,0.0,0.0,0.0,0.0,0.0,0.0,0.0,0.0,0.0,47.8,47.8,53.90747846,0.0,,,,,,,,,,,,,,,,,,,,,,,,,,385861,,,0.5145082961375795,Advisory
436662,8163.0,7635.184349,CHN,China,Guangxi,1.793998794,0.0,0.59,0.57,8163.0,8163.0,1.0,5.0,45.0,13.0,2.0,3.0,6.0,4.5,1.3,0.2,30.666666666666668,0.0,0.0,0.0,0.0,0.0,0.0,0.0,0.0,0.0,0.0,0.0,30.666666666666668,30.666666666666668,35.87997588,0.0,,,,,,,,,,,,,,,,,0.0,0.0,8.71875,0.1141917418259939,0.0,0.0,0.30515625,0.3996710963909786,0.7048273463909787,983833,,,0.2303847300180874,Information
436663,8164.0,2199.366522,CHN,China,Guangxi,1.102927616,0.0,0.59,0.57,8164.0,8164.0,2.0,10.0,54.0,39.0,15.0,7.0,1.0,5.4,3.9,1.5,37.6,0.0,0.0,0.0,0.0,0.0,0.0,0.0,0.0,0.0,0.0,0.0,37.6,37.6,22.058552320000004,0.0,,10.688,0.486,9.562,0.435,0.0,0.0,0.0,0.0,0.09562,0.435,0.0,0.0,0.0,0.0,0.53062,0.140625,0.0063938865402871,7.03125,0.3196943270143565,0.002109375,0.0095908298104306,0.24609375,1.1189301445502478,1.3767240993606784,2149688,,,0.2330149545421694,Advisory
436664,8165.0,16738.76254,CHN,China,Guangxi,2.474995067,0.0,0.59,0.57,8165.0,8165.0,2.0,9.0,54.0,31.0,11.0,7.0,2.0,5.4,3.1,1.1,39.6,0.0,0.0,0.0,0.0,0.0,0.0,0.0,0.0,0.0,0.0,0.0,39.6,39.6,49.49990134,0.0,,,,,,,,,,,,,,,,,,,,,,,,,,1570688,,,0.4039460821928959,Advisory
436665,8166.0,9150.509507,CHN,China,Guangxi,1.931442361,0.0,0.59,0.57,8166.0,8166.0,1.0,8.0,49.0,23.0,9.0,3.0,3.0,4.9,2.3,0.9,27.4,0.0,0.0,0.0,0.0,0.0,0.0,0.0,0.0,0.0,0.0,0.0,27.4,27.4,38.62884722,0.0,,23.312,0.255,21.062,0.23,0.0,0.0,0.0,0.0,0.21062,0.23,0.0,0.0,0.0,0.0,0.44062,0.0,0.0,8.15625,0.0891343809167739,0.0,0.0,0.28546875,0.3119703332087086,0.5974390832087086,1161499,,,0.210007020678476,Information
436667,8168.0,7272.607269,CHN,China,Guizhou,2.116485369,0.0,0.59,0.57,8168.0,8168.0,1.0,10.0,51.0,29.0,15.0,3.0,1.0,5.1,2.9,1.5,32.5,0.0,0.0,0.0,0.0,0.0,0.0,0.0,0.0,0.0,0.0,0.0,32.5,32.5,42.32970738,0.0,,,,,,,,,,,,,,,,,,,,,,,,,,364403,,,0.2831523914127101,Information
436669,8170.0,4227.660428,CHN,China,Guizhou,2.241075823,0.0,0.59,0.57,8170.0,8170.0,2.0,10.0,56.0,31.0,15.0,7.0,1.0,5.6,3.1,1.5,36.4,0.0,0.0,0.0,0.0,0.0,0.0,0.0,0.0,0.0,0.0,0.0,36.4,36.4,44.82151646,0.0,,,,,,,,,,,,,,,,,,,,,,,,,,485560,,,0.3387034240670641,Advisory
436671,8172.0,4282.909288,CHN,China,Guangxi,0.890221714,0.0,0.59,0.57,8172.0,8172.0,2.0,13.0,86.0,49.0,19.0,7.0,1.0,8.6,4.9,1.9,36.8,0.0,0.0,0.0,0.0,0.0,0.0,0.0,0.0,0.0,0.0,0.0,36.8,36.8,17.804434280000002,0.0,,,,,,,,,,,,,,,,,0.84375,0.019700393895091,0.984375,0.0229837928776061,0.01265625,0.0295505908426365,0.034453125,0.0804432750716213,0.1571032409142578,809485,,,0.2108129975551405,Advisory
436673,8174.0,3995.539274,CHN,China,Guangxi,1.072505889,0.0,0.59,0.57,8174.0,8174.0,2.0,12.0,78.0,49.0,21.0,7.0,1.0,7.8,4.9,2.1,45.60000000000001,0.0,0.0,0.0,0.0,0.0,0.0,0.0,0.0,0.0,0.0,0.0,45.60000000000001,45.60000000000001,21.450117780000003,0.0,,,,,,,,,,,,,,,,,0.5625,0.0140781997492863,2.25,0.0563127989971453,0.0084375,0.0211172996239294,0.07875,0.1970947964900085,0.3053995961139379,532188,,,0.2932805564673774,Advisory
436674,8175.0,4074.187271,CHN,China,Guangxi,3.297006361,0.0,0.59,0.57,8175.0,8175.0,2.0,8.0,72.0,45.0,21.0,7.0,3.0,7.2,4.5,2.1,43.0,0.0,0.0,0.0,0.0,0.0,0.0,0.0,0.0,0.0,0.0,0.0,43.0,43.0,65.94012722000001,0.0,,,,,,,,,,,,,,,,,,,,,,,,,,268007,,,0.5921504257262313,Advisory
436675,8176.0,17578.39687,CHN,China,Guangxi,2.679225151,0.0,0.59,0.57,8176.0,8176.0,2.0,12.0,64.0,43.0,15.0,7.0,1.0,6.4,4.3,1.5,42.2,0.0,0.0,0.0,0.0,0.0,0.0,0.0,0.0,0.0,0.0,0.0,42.2,42.2,53.58450302,0.0,,,,,,,,,,,,,,,,,,,,,,,,,,1800197,,,0.4620727550531455,Advisory
436676,8177.0,5813.257666,CHN,China,Guizhou,1.519902815,0.0,0.59,0.57,8177.0,8177.0,3.0,11.0,84.0,52.0,31.0,10.0,1.0,8.4,5.2,3.1,49.3,0.0,0.0,0.0,0.0,0.0,0.0,0.0,0.0,0.0,0.0,0.0,49.3,49.3,30.3980563,0.0,,,,,,,,,,,,,,,,,,,,,,,,,,332827,,,0.3650966492472453,Advisory
436678,8179.0,8863.651709,CHN,China,Guizhou,1.464301441,0.0,0.59,0.57,8179.0,8179.0,2.0,10.0,62.0,35.0,15.0,7.0,1.0,6.2,3.5,1.5,39.333333333333336,0.0,0.0,0.0,0.0,0.0,0.0,0.0,0.0,0.0,0.0,0.0,39.333333333333336,39.333333333333336,29.28602882,0.0,,,,,,,,,,,,,,,,,,,,,,,,,,1032135,,,0.2787459892574875,Advisory
436679,8180.0,3543.094064,CHN,China,Guizhou,2.126293658,0.0,0.59,0.57,8180.0,,,,,,,,,,,,,,,,,,,,,,,,,0.14612,42.52587316,0.0,,10.562,0.298,3.812,0.108,0.0,0.0,0.0,0.0,0.03812,0.108,0.0,0.0,0.0,0.0,0.14612,,,,,,,,,,283673,,,1.1528388936734402e-09,Information
436680,8181.0,26827.99469,CHN,China,Guizhou,0.71774545,0.0,0.59,0.57,8181.0,8181.0,2.0,4.0,76.0,41.0,19.0,7.0,7.0,7.6,4.1,1.9,37.18,0.0,0.0,0.0,0.0,0.0,0.0,0.0,0.0,0.0,0.0,0.0,37.18,37.18,14.354909,0.0,,,,,,,,,,,,,,,,,0.0,0.0,4.21875,0.0157251783038938,0.0,0.0,0.14765625,0.0550381240636282,0.2026943740636282,5509356,,,0.2020162815055429,Advisory
436691,8183.0,11931.33596,CHN,China,Guangxi,1.525072527,0.0,0.59,0.57,8183.0,8183.0,1.0,12.0,51.0,19.0,3.0,3.0,1.0,5.1,1.9,0.3,26.55,0.0,0.0,0.0,0.0,0.0,0.0,0.0,0.0,0.0,0.0,0.0,26.55,26.55,30.50145054,0.0,,8.062,0.068,7.5,0.063,0.25,0.002,0.0,0.0,0.075,0.063,0.00375,0.003,0.0,0.0,0.14475,,,,,,,,,,1628368,,,0.1679554571517871,Information
436699,8191.0,10415.72244,CHN,China,Yunnan,3.340195909,0.0,0.59,0.57,8191.0,8191.0,1.0,16.0,33.0,15.0,7.0,3.0,1.0,3.3,1.5,0.7,19.53333333333333,0.0,0.0,0.0,0.0,0.0,0.0,0.0,0.0,0.0,0.0,0.0,19.53333333333333,19.53333333333333,66.80391818000001,0.0,,9.438,0.091,9.438,0.091,0.0,0.0,0.0,0.0,0.09438,0.091,0.0,0.0,0.0,0.0,0.18538,0.0,0.0,6.1875,0.0594053848639381,0.0,0.0,0.2165625,0.2079188470237833,0.4244813470237834,2930576,,,0.2979487000944892,Information
436704,8194.0,8978.781597,CHN,China,Guangdong,1.435396908,3.086983269,0.59,0.57,8194.0,,,,,,,,,,,,,,,,,,,,,,,,,0.391,28.70793816,61.739665380000005,,21.625,0.241,18.5,0.206,0.0,0.0,0.0,0.0,0.185,0.206,0.0,0.0,0.0,0.0,0.391,,,,,,,,,,5837709,,,2.28670638797476e-06,Information
436706,8195.0,9286.6422,CHN,China,Guangxi,1.165687241,2.055120913,0.59,0.57,8195.0,,,,,,,,,,,,,,,,,,,,,,,,,0.12175,23.313744820000004,41.10241826,,8.125,0.087,5.875,0.063,0.0,0.0,0.0,0.0,0.05875,0.063,0.0,0.0,0.0,0.0,0.12175,,,,,,,,,,4474087,,,3.1730476827600287e-10,Information
436707,8196.0,19246.07756,CHN,China,Guangxi,3.305264706,4.014458347,0.59,0.57,8196.0,,,,,,,,,,,,,,,,,,,,,,,,,0.59138,66.10529412,80.28916694,,41.375,0.215,38.938,0.202,0.0,0.0,0.0,0.0,0.38938,0.202,0.0,0.0,0.0,0.0,0.59138,,,,,,,,,,6357471,,,0.0002270506818082,Information
436842,8211.0,3821.824625,CHN,China,Yunnan,0.827874888,0.0,0.59,0.57,8211.0,8211.0,0.0,17.0,5.0,3.0,-9999.0,0.0,1.0,0.5,0.3,-999.9,-996.4,0.0,0.0,0.0,0.0,0.0,0.0,0.0,0.0,0.0,0.0,0.0,-996.4,-996.4,16.55749776,0.0,,,,,,,,,,,,,,,,,,,,,,,,,,168990,,,,
436845,8214.0,5036.154058,CHN,China,Yunnan,3.302119637,0.0,0.59,0.57,8214.0,8214.0,0.0,28.0,7.0,3.0,2.0,0.0,1.0,0.7,0.3,0.2,4.4,0.0,0.0,0.0,0.0,0.0,0.0,0.0,0.0,0.0,0.0,0.0,4.4,4.4,66.04239274,0.0,,,,,,,,,,,,,,,,,,,,,,,,,,562775,,,0.0205010703043339,Information
436849,8218.0,4879.385259,CHN,China,Yunnan,3.256177434,0.0,0.59,0.57,8218.0,8218.0,0.0,29.0,5.0,2.0,-9999.0,0.0,1.0,0.5,0.2,-999.9,-1996.2,0.0,0.0,0.0,0.0,0.0,0.0,0.0,0.0,0.0,0.0,0.0,-1996.2,-1996.2,65.12354868,0.0,,,,,,,,,,,,,,,,,,,,,,,,,,552873,,,,
436890,8223.0,8996.541936,CHN,China,Yunnan,3.470369029,0.0,0.59,0.57,8223.0,8223.0,0.0,28.0,-9999.0,-9999.0,-9999.0,0.0,1.0,-999.9,-999.9,-999.9,-5997.4,0.0,0.0,0.0,0.0,0.0,0.0,0.0,0.0,0.0,0.0,0.0,-5997.4,0.2078545412426472,69.40738058,0.0,,,,,,,,,,,,,,,,,0.0,0.0,2.8125,0.0312620117836135,0.0,0.0,0.0984375,0.1094170412426472,0.2078545412426472,590511,,,2.992887196865751e-07,Information
439001,8229.0,34604.85792,CHN,China,Hainan,4.002072028,3.152460182,0.59,0.57,8229.0,,,,,,,,,,,,,,,,,,,,,,,,,5.727890512910605,80.04144056,63.04920364,,99.188,0.287,97.938,0.283,3.062,0.009,0.0,0.0,0.97938,0.283,0.04593,0.0134999999999999,0.0,0.0,1.3218100000000002,76.078125,0.219848106798936,94.359375,0.2726766722034862,1.141171875,0.329772160198404,3.302578125,0.9543683527122016,5.727890512910605,10040810,,,0.1059586338255164,Information
442934,8317.0,7662.861187,CHN,China,Yunnan,2.830380271,0.0,0.59,0.57,8317.0,8317.0,0.0,30.0,2.0,-9999.0,-9999.0,0.0,1.0,0.2,-999.9,-999.9,-3997.2,0.0,0.0,0.0,0.0,0.0,0.0,0.0,0.0,0.0,0.0,0.0,-3997.2,-3997.2,56.60760542,0.0,,,,,,,,,,,,,,,,,,,,,,,,,,156093,,,,
442935,8318.0,10352.25584,CHN,China,Yunnan,3.411248816,0.0,0.59,0.57,8318.0,8318.0,0.0,1.0,-9999.0,-9999.0,-9999.0,0.0,10.0,-999.9,-999.9,-999.9,-5979.4,0.0,0.0,0.0,0.0,0.0,0.0,0.0,0.0,0.0,0.0,0.0,-5979.4,0.7353967885055663,68.22497632,0.0,,,,,,,,,,,,,,,,,0.0,0.0,10.6875,0.1032383681444475,0.0,0.0,0.3740625,0.3613342885055662,0.7353967885055663,940040,,,8.293338319600535e-05,Information
442936,8319.0,8834.797066,CHN,China,Yunnan,2.511314011,0.0,0.59,0.57,8319.0,8319.0,0.0,30.0,-9999.0,-9999.0,-9999.0,0.0,1.0,-999.9,-999.9,-999.9,-5997.4,0.0,0.0,0.0,0.0,0.0,0.0,0.0,0.0,0.0,0.0,0.0,-5997.4,0.5456300623609349,50.22628022,0.0,,,,,,,,,,,,,,,,,0.0,0.0,7.3125,0.0827693035316957,0.0,0.0,0.2559375,0.289692562360935,0.5456300623609349,704941,,,3.1913137705374268e-06,Information
442938,8321.0,5821.163421,CHN,China,Yunnan,2.819443399,0.0,0.59,0.57,8321.0,8321.0,0.0,30.0,-9999.0,-9999.0,-9999.0,0.0,1.0,-999.9,-999.9,-999.9,-5997.4,0.0,0.0,0.0,0.0,0.0,0.0,0.0,0.0,0.0,0.0,0.0,-5997.4,0.3248703572299182,56.38886798,0.0,,,,,,,,,,,,,,,,,0.421875,0.0072472626081147,3.234375,0.0555623466622132,0.006328125,0.010870893912172,0.113203125,0.1944682133177462,0.3248703572299182,500359,,,4.80058372379994e-07,Information
442939,8322.0,11476.2411,CHN,China,Yunnan,1.064469858,0.0,0.59,0.57,8322.0,8322.0,0.0,30.0,-9999.0,-9999.0,-9999.0,0.0,1.0,-999.9,-999.9,-999.9,-5997.4,0.0,0.0,0.0,0.0,0.0,0.0,0.0,0.0,0.0,0.0,0.0,-5997.4,1.2631716792269296,21.28939716,0.0,,,,,,,,,,,,,,,,,0.703125,0.0061267883252805,18.984375,0.165423284782574,0.010546875,0.0091901824879207,0.664453125,0.578981496739009,1.2631716792269296,1326789,,,1.796912297490648e-05,Information
442940,8323.0,12088.07658,CHN,China,Yunnan,3.14738543,0.0,0.59,0.57,8323.0,8323.0,0.0,29.0,-9999.0,-9999.0,-9999.0,0.0,1.0,-999.9,-999.9,-999.9,-4997.3,0.0,0.0,0.0,0.0,0.0,0.0,0.0,0.0,0.0,0.0,0.0,-4997.3,1.997853458668996,62.9477086,0.0,,,,,,,,,,,,,,,,,11.53125,0.0953935882454761,26.296875,0.2175439146573662,0.17296875,0.1430903823682141,0.920390625,0.7614037013007817,1.997853458668996,1352681,,,0.001748714934193,Information
442951,8324.0,843.2676643,CHN,China,Yunnan,1.77712037,0.0,0.59,0.57,8324.0,,,,,,,,,,,,,,,,,,,,,,,,,3.941974042367842,35.5424074,0.0,,1.875,0.222,1.562,0.185,0.188,0.022,0.125,0.015,0.01562,0.185,0.00282,0.033,0.003125,0.0375,0.2770649999999999,0.421875,0.0500285992068969,8.578125,1.0172481838735707,0.006328125,0.0750428988103453,0.300234375,3.560368643557497,3.941974042367842,9809,,,0.00260040178741,Information
442954,8327.0,2718.943486,CHN,China,Yunnan,2.703826294,0.0,0.59,0.57,8327.0,8327.0,0.0,30.0,-9999.0,-9999.0,-9999.0,0.0,1.0,-999.9,-999.9,-999.9,-5997.4,0.0,0.0,0.0,0.0,0.0,0.0,0.0,0.0,0.0,0.0,0.0,-5997.4,-5997.4,54.076525880000005,0.0,,,,,,,,,,,,,,,,,,,,,,,,,,284905,,,,
442960,8333.0,16941.51977,CHN,China,Qinghai,3.904574456,0.0,0.59,0.57,8333.0,8333.0,1.0,26.0,70.0,25.0,3.0,3.0,1.0,7.0,2.5,0.3,39.66666666666666,0.0,0.0,0.0,0.0,0.0,0.0,0.0,0.0,0.0,0.0,0.0,39.66666666666666,39.66666666666666,78.09148912,0.0,,,,,,,,,,,,,,,,,,,,,,,,,,92148,,,0.7236222075201536,Watch
442980,8335.0,12907.31904,CHN,China,Qinghai,3.167840113,0.0,0.59,0.57,8335.0,8335.0,1.0,11.0,100.0,21.0,-9999.0,3.0,1.0,10.0,2.1,-999.9,-953.1,0.0,0.0,0.0,0.0,0.0,0.0,0.0,0.0,0.0,0.0,0.0,-953.1,-953.1,63.35680226,0.0,,,,,,,,,,,,,,,,,,,,,,,,,,28260,,,,
442990,8336.0,19154.65839,CHN,China,Qinghai,3.597942264,0.0,0.59,0.57,8336.0,8336.0,1.0,24.0,56.0,11.0,-9999.0,3.0,1.0,5.6,1.1,-999.9,-1216.125,0.0,0.0,0.0,0.0,0.0,0.0,0.0,0.0,0.0,0.0,0.0,-1216.125,0.5961029636195152,71.95884527999999,0.0,,,,,,,,,,,,,,,,,3.796875,0.0198222015896837,9.5625,0.0499225817814256,0.056953125,0.0297333023845255,0.3346875,0.1747290362349896,0.5961029636195152,193290,,,5.881461975901048e-05,Information
445476,8404.0,8863.086843,CHN,China,Yunnan,4.007202753,0.0,0.59,0.57,8404.0,8404.0,0.0,1.0,-9999.0,-9999.0,-9999.0,0.0,10.0,-999.9,-999.9,-999.9,-3988.1,0.0,0.0,0.0,0.0,0.0,0.0,0.0,0.0,0.0,0.0,0.0,-3988.1,-3988.1,80.14405506,0.0,,,,,,,,,,,,,,,,,,,,,,,,,,929930,,,,
445477,8405.0,29215.46832,CHN,China,Yunnan,2.084336795,0.0,0.59,0.57,8405.0,8405.0,0.0,1.0,-9999.0,-9999.0,-9999.0,0.0,10.0,-999.9,-999.9,-999.9,-5979.4,0.0,0.0,0.0,0.0,0.0,0.0,0.0,0.0,0.0,0.0,0.0,-5979.4,0.3765737029658806,41.6867359,0.0,,,,,,,,,,,,,,,,,0.0,0.0,8.015625,0.0274362365616802,0.0,0.0,0.280546875,0.0960268279658807,0.3765737029658806,2429879,,,2.2977912017606797e-07,Information
445479,8407.0,49306.64656,CHN,China,Xizang,2.89144593,0.0,0.59,0.57,8407.0,8407.0,1.0,16.0,35.0,9.0,-9999.0,3.0,1.0,3.5,0.9,-999.9,-1246.4,0.0,0.0,0.0,0.0,0.0,0.0,0.0,0.0,0.0,0.0,0.0,-1246.4,1.2762027648883394,57.8289186,0.0,,,,,,,,,,,,,,,,,0.84375,0.0017112297406627,29.953125,0.0607486557935272,0.01265625,0.002566844610994,1.048359375,0.2126202952773452,1.2762027648883394,346658,,,0.0002345162630003,Information
445480,8408.0,13969.27332,CHN,China,Xizang,3.51188245,0.0,0.59,0.57,8408.0,8408.0,2.0,13.0,100.0,33.0,3.0,7.0,1.0,10.0,3.3,0.3,43.633333333333326,0.0,0.0,0.0,0.0,0.0,0.0,0.0,0.0,0.0,0.0,0.0,43.633333333333326,43.633333333333326,70.237649,0.0,,,,,,,,,,,,,,,,,0.28125,0.0020133473913578,8.015625,0.0573804006536984,0.00421875,0.0030200210870367,0.280546875,0.2008314022879443,0.488617048374981,80188,,,0.6489833530305467,Watch
445490,8409.0,29308.45851,CHN,China,Xizang,2.464792041,0.0,0.59,0.57,8409.0,8409.0,1.0,5.0,100.0,-9999.0,-9999.0,3.0,6.0,10.0,-999.9,-999.9,-1957.5,0.0,0.0,0.0,0.0,0.0,0.0,0.0,0.0,0.0,0.0,0.0,-1957.5,3.068620093120553,49.29584082,0.0,,5.25,0.018,5.0,0.017,7.812,0.027,0.75,0.003,0.05,0.017,0.11718,0.0405,0.01875,0.0075,0.25093,12.09375,0.0412636850082161,60.1875,0.2053588044594941,0.18140625,0.0618955275123241,2.1065625,0.7187558156082293,3.068620093120553,209650,,,0.0025175469763321,Information
452400,8481.0,2386.400709,CHN,China,Xizang,0.140189301,0.0,0.59,0.57,8481.0,,,,,,,,,,,,,,,,,,,,,,,,,14.707516428894513,2.8037860199999995,0.0,,6.875,0.288,4.562,0.191,0.25,0.01,0.0,0.0,0.04562,0.191,0.00375,0.015,0.0,0.0,0.25537,39.9375,1.6735454296804175,63.84375,2.6753155812496816,0.5990625,2.5103181445206264,2.23453125,9.363604534373886,14.707516428894513,56,,,0.0294879416722623,Information
452420,8491.0,1069.361593,CHN,China,Xizang,2.762993059,0.0,0.59,0.57,8491.0,,,,,,,,,,,,,,,,,,,,,,,,,0.1528445040191902,55.25986118,0.0,,3.688,0.345,1.438,0.134,0.0,0.0,0.0,0.0,0.0143799999999999,0.134,0.0,0.0,0.0,0.0,0.14838,0.0,0.0,0.421875,0.0394511082911972,0.0,0.0,0.014765625,0.1380788790191902,0.1528445040191902,2298,,,6.766101122873758e-09,Information
452427,8498.0,11564.73766,CHN,China,Xizang,4.000118441,0.0,0.59,0.57,8498.0,8498.0,0.0,15.0,3.0,3.0,-9999.0,0.0,1.0,0.3,0.3,-999.9,-1996.7,0.0,0.0,0.0,0.0,0.0,0.0,0.0,0.0,0.0,0.0,0.0,-1996.7,4.0382355710098174,80.00236881999999,0.0,,,,,,,,,,,,,,,,,47.25,0.4085695791294148,41.625,0.3599303435187701,0.70875,0.6128543686941221,1.456875,1.2597562023156954,4.0382355710098174,154521,,,0.0548208171416491,Information
452428,8499.0,8687.574228,CHN,China,Xizang,2.472845794,0.0,0.59,0.57,8499.0,,,,,,,,,,,,,,,,,,,,,,,,,6.927115360562961,49.45691588,0.0,,30.312,0.349,16.0,0.184,0.0,0.0,0.0,0.0,0.16,0.184,0.0,0.0,0.0,0.0,0.344,27.984375,0.3221195498917158,80.015625,0.9210352959215392,0.419765625,0.4831793248375737,2.800546875,3.223623535725387,6.927115360562961,33022,,,0.0234400043916633,Information
452429,8500.0,9882.241101,CHN,China,Xizang,3.372280115,0.0,0.59,0.57,8500.0,,,,,,,,,,,,,,,,,,,,,,,,,12.071025740805483,67.4456023,0.0,,34.812,0.352,22.688,0.23,0.0,0.0,0.0,0.0,0.22688,0.23,0.0,0.0,0.0,0.0,0.45688,82.6875,0.8367282194055137,135.984375,1.3760479390563467,1.2403125,1.2550923291082705,4.759453125,4.816167786697213,12.071025740805483,45005,,,0.1605732876694659,Information
452809,8608.0,6835.133661,CHN,China,Xizang,1.530790791,0.0,0.59,0.57,8608.0,8608.0,1.0,12.0,86.0,25.0,-9999.0,3.0,1.0,8.6,2.5,-999.9,-1471.9499999999998,0.0,0.0,0.0,0.0,0.0,0.0,0.0,0.0,0.0,0.0,0.0,-1471.9499999999998,-1471.9499999999998,30.61581582,0.0,,,,,,,,,,,,,,,,,,,,,,,,,,634,,,,
452920,8610.0,28973.72641,CHN,China,Xizang,3.974411024,0.0,0.59,0.57,8610.0,8610.0,3.0,21.0,96.0,80.0,45.0,10.0,1.0,9.6,8.0,4.5,-957.0,0.0,0.0,0.0,0.0,0.0,0.0,0.0,0.0,0.0,0.0,0.0,-957.0,2.5319113069662675,79.48822048,0.0,,,,,,,,,,,,,,,,,1.125,0.003882828132783,53.296875,0.183948982790598,0.016875,0.0058242421991745,1.865390625,0.6438214397670929,2.5319113069662675,84394,,,0.0182181460895873,Information
452950,8613.0,27697.22898,CHN,China,Xizang,3.370014778,0.0,0.59,0.57,8613.0,,,,,,,,,,,,,,,,,,,,,,,,,7.371664201896149,67.40029555999999,0.0,,2.688,0.01,2.688,0.01,1.5,0.005,1.0,0.004,0.02688,0.01,0.0225,0.0075,0.025,0.01,0.1018799999999999,37.546875,0.135561846366681,138.65625,0.5006141592417509,0.563203125,0.2033427695500215,4.85296875,1.752149557346128,7.371664201896149,268103,,,0.0685523513157476,Information
452963,8616.0,10838.42331,CHN,China,Xizang,3.54176028,0.0,0.59,0.57,8616.0,,,,,,,,,,,,,,,,,,,,,,,,,4.462485428890621,70.8352056,0.0,,3.875,0.036,3.875,0.036,2.812,0.026,1.25,0.012,0.03875,0.036,0.04218,0.039,0.03125,0.03,0.21718,2.8125,0.0259493463058542,65.109375,0.6007273669805256,0.0421875,0.0389240194587813,2.278828125,2.10254578443184,4.462485428890621,523669,,,0.0302414784366562,Information
452964,8617.0,3918.044364,CHN,China,Xizang,2.112050693,0.0,0.59,0.57,8617.0,8617.0,1.0,1.0,90.0,5.0,-9999.0,3.0,10.0,9.0,0.5,-999.9,-1954.8,0.0,0.0,0.0,0.0,0.0,0.0,0.0,0.0,0.0,0.0,0.0,-1954.8,1.2763280304023743,42.24101386,0.0,,,,,,,,,,,,,,,,,0.0,0.0,10.265625,0.2620089015435355,0.0,0.0,0.359296875,0.9170311554023742,1.2763280304023743,26518,,,6.884212115761774e-05,Information
452969,8622.0,4808.719523,CHN,China,Xizang,3.06297478,0.0,0.59,0.57,8622.0,,,,,,,,,,,,,,,,,,,,,,,,,4.813489882616101,61.2594956,0.0,,6.5,0.135,6.438,0.134,2.312,0.048,0.0,0.0,0.0643799999999999,0.134,0.03468,0.072,0.0,0.0,0.30506,4.78125,0.0994287559684637,42.609375,0.8860856781895443,0.07171875,0.1491431339526955,1.491328125,3.101299873663405,4.813489882616101,4620,,,0.0185136326361142,Information
452972,8624.0,11462.93663,CHN,China,Xizang,2.234961463,0.0,0.59,0.57,8624.0,,,,,,,,,,,,,,,,,,,,,,,,,11.539253442264709,44.69922926,0.0,,4.125,0.036,3.562,0.031,1.0,0.009,0.312,0.003,0.03562,0.031,0.015,0.0134999999999999,0.0078,0.0075,0.1104199999999999,10.546875,0.0920084908830241,171.5625,1.4966714516971922,0.158203125,0.1380127363245361,6.0046875,5.238350080940172,11.539253442264709,29181,,,0.0585535733105641,Information
452976,8628.0,14263.87897,CHN,China,Xizang,2.677336485,0.0,0.59,0.57,8628.0,,,,,,,,,,,,,,,,,,,,,,,,,3.078673746177746,53.5467297,0.0,,16.0,0.112,14.312,0.1,0.062,0.0,0.062,0.0,0.14312,0.1,0.0009299999999999,0.0,0.00155,0.0,0.2455999999999999,2.53125,0.017745874072416,50.625,0.3549174814483206,0.03796875,0.0266188111086239,1.771875,1.242211185069122,3.078673746177746,257313,,,0.0033243304333197,Information
452977,8629.0,3666.596102,CHN,China,Xizang,3.84573908,0.0,0.59,0.57,8629.0,,,,,,,,,,,,,,,,,,,,,,,,,0.9146506639887994,76.9147816,0.0,,10.625,0.29,7.688,0.21,0.0,0.0,0.0,0.0,0.07688,0.21,0.0,0.0,0.0,0.0,0.28688,1.265625,0.0345177097472733,6.46875,0.176423849819397,0.018984375,0.0517765646209099,0.22640625,0.6174834743678894,0.9146506639887994,22185,,,0.0006224117022286,Information
452978,8630.0,5479.907792,CHN,China,Xizang,3.587322496,0.0,0.59,0.57,8630.0,,,,,,,,,,,,,,,,,,,,,,,,,5.676620781972917,71.74644992,0.0,,14.875,0.271,11.0,0.201,0.125,0.002,0.0,0.0,0.11,0.201,0.001875,0.003,0.0,0.0,0.315875,12.234375,0.2232587748646913,52.171875,0.9520575341931088,0.183515625,0.334888162297037,1.826015625,3.3322013696758805,5.676620781972917,44632,,,0.0542619796116866,Information
452980,8632.0,20302.01248,CHN,China,Xizang,3.403831581,0.0,0.59,0.57,8632.0,,,,,,,,,,,,,,,,,,,,,,,,,9.71482956508163,68.07663162,0.0,,32.562,0.16,18.938,0.093,0.0,0.0,0.0,0.0,0.18938,0.093,0.0,0.0,0.0,0.0,0.2823799999999999,95.625,0.4710124185493157,144.984375,0.71413794635933,1.434375,0.7065186278239736,5.074453125,2.499482812257656,9.71482956508163,59924,,,0.1170851600417414,Information
452991,8634.0,12314.04963,CHN,China,Xizang,3.517073764,0.0,0.59,0.57,8634.0,,,,,,,,,,,,,,,,,,,,,,,,,19.92467488229985,70.34147528,0.0,,80.812,0.656,32.375,0.263,1.75,0.014,0.0,0.0,0.32375,0.263,0.02625,0.021,0.0,0.0,0.634,140.765625,1.1431302389605,253.828125,2.061288792531171,2.111484375,1.71469535844075,8.883984375,7.214510773859099,19.92467488229985,78139,,,0.3453922408774617,Information
452992,8635.0,5784.620577,CHN,China,Xizang,3.186528878,0.0,0.59,0.57,8635.0,,,,,,,,,,,,,,,,,,,,,,,,,6.197183144666424,63.73057756,0.0,,18.75,0.324,12.875,0.223,0.0,0.0,0.0,0.0,0.12875,0.223,0.0,0.0,0.0,0.0,0.35175,46.40625,0.802234984668681,45.0,0.7779248336181149,0.69609375,1.2033524770030215,1.575,2.7227369176634024,6.197183144666424,10577,,,0.0386241491666626,Information
452993,8636.0,8851.9218,CHN,China,Xizang,3.371320774,0.0,0.59,0.57,8636.0,,,,,,,,,,,,,,,,,,,,,,,,,39.40673727817108,67.42641548,0.0,,85.438,0.965,35.5,0.401,0.812,0.009,0.0,0.0,0.355,0.401,0.01218,0.0134999999999999,0.0,0.0,0.7816799999999999,314.15625,3.54901745739734,394.03125,4.45136388345002,4.71234375,5.32352618609601,13.79109375,15.579773592075073,39.40673727817108,524,,,0.5755159140112142,Advisory
452995,8638.0,2232.022181,CHN,China,Xizang,1.674014212,0.0,0.59,0.57,8638.0,,,,,,,,,,,,,,,,,,,,,,,,,10.138019954385468,33.48028424,0.0,,11.438,0.512,5.938,0.266,0.062,0.003,0.0,0.0,0.0593799999999999,0.266,0.0009299999999999,0.0045,0.0,0.0,0.33081,12.09375,0.5418292929130749,47.671875,2.135815468575958,0.18140625,0.8127439393696123,1.668515625,7.475354140015853,10.138019954385468,497,,,0.0299719731669502,Information
452996,8639.0,3029.863235,CHN,China,Xizang,4.037621234,0.0,0.59,0.57,8639.0,,,,,,,,,,,,,,,,,,,,,,,,,4.175832310185804,80.75242468,0.0,,10.312,0.34,5.0,0.165,0.0,0.0,0.0,0.0,0.05,0.165,0.0,0.0,0.0,0.0,0.215,3.375,0.1113911664655457,26.296875,0.8679228387107102,0.050625,0.1670867496983185,0.920390625,3.037729935487486,4.175832310185804,0,,,0.0632474055820405,Information
452997,8640.0,221.264754,CHN,China,Xizang,2.303771173,0.0,0.59,0.57,8640.0,,,,,,,,,,,,,,,,,,,,,,,,,11.465675427412943,46.07542346,0.0,,3.5,1.582,1.375,0.621,0.0,0.0,0.0,0.0,0.01375,0.621,0.0,0.0,0.0,0.0,0.63475,2.109375,0.9533262579954344,6.1875,2.796423690119941,0.031640625,1.4299893869931517,0.2165625,9.787482915419794,11.465675427412943,1169,,,0.0607836444385887,Information
452998,8641.0,3704.757547,CHN,China,Xizang,2.714460127,0.0,0.59,0.57,8641.0,,,,,,,,,,,,,,,,,,,,,,,,,4.765073177291262,54.289202540000005,0.0,,10.188,0.275,2.812,0.076,0.125,0.003,0.0,0.0,0.02812,0.076,0.001875,0.0045,0.0,0.0,0.110495,12.375,0.3340299558969771,31.5,0.8502580695559416,0.185625,0.5010449338454657,1.1025,2.975903243445796,4.765073177291262,8128,,,0.0118789584081485,Information
452999,8642.0,11318.91137,CHN,China,Xizang,3.580208757,0.0,0.59,0.57,8642.0,,,,,,,,,,,,,,,,,,,,,,,,,8.853078520157421,71.60417514,0.0,,56.625,0.5,17.5,0.155,0.0,0.0,0.0,0.0,0.175,0.155,0.0,0.0,0.0,0.0,0.3299999999999999,11.8125,0.1043607429149509,129.234375,1.141756223081427,0.1771875,0.1565411143724263,4.523203125,3.996146780784995,8.853078520157421,1808,,,0.1219130090725711,Information
456496,8950.0,2619.117503,CHN,China,Xizang,0.869896497,0.0,0.59,0.57,8950.0,,,,,,,,,,,,,,,,,,,,,,,,,1.416063807347888,17.39792994,0.0,,21.062,0.804,11.438,0.437,1.062,0.041,0.188,0.007,0.11438,0.437,0.01593,0.0615,0.0046999999999999,0.0175,0.65101,1.546875,0.0590609240709414,7.734375,0.2953046203547074,0.023203125,0.0885913861064121,0.270703125,1.033566171241476,1.416063807347888,26,,,2.3897711554805652e-05,Information
456497,8951.0,5944.938777,CHN,China,Xizang,0.660607265,0.0,0.59,0.57,8951.0,,,,,,,,,,,,,,,,,,,,,,,,,2.52138646173986,13.2121453,0.0,,17.938,0.302,8.938,0.15,0.438,0.007,0.0,0.0,0.08938,0.15,0.00657,0.0105,0.0,0.0,0.2564499999999999,5.90625,0.0993492148737084,24.328125,0.4092241469797992,0.08859375,0.1490238223105626,0.851484375,1.4322845144292973,2.52138646173986,7969,,,0.0002010834483469,Information
456800,8989.0,3420.501612,CHN,China,Xizang,3.955601453,0.0,0.59,0.57,8989.0,,,,,,,,,,,,,,,,,,,,,,,,,1.961467378401042,79.11202906,0.0,,29.875,0.873,8.5,0.249,2.125,0.062,0.25,0.007,0.085,0.249,0.031875,0.093,0.00625,0.0175,0.482625,3.796875,0.1110034559545095,12.65625,0.3700115198483651,0.056953125,0.1665051839317642,0.44296875,1.295040319469278,1.961467378401042,656,,,0.0090033437099948,Information
456806,8995.0,14299.65064,CHN,China,Xinjiang Uygur,4.073038301,0.0,0.59,0.57,8995.0,,,,,,,,,,,,,,,,,,,,,,,,,10.70211754334244,81.46076602000001,0.0,,41.938,0.293,23.938,0.167,1.062,0.007,0.312,0.002,0.2393799999999999,0.167,0.01593,0.0105,0.0078,0.005,0.4456099999999999,4.78125,0.0334361315671861,177.890625,1.244020777426189,0.07171875,0.0501541973507791,6.226171875,4.354072720991661,10.70211754334244,1337,,,0.2913491512283891,Information
456807,8996.0,11747.72127,CHN,China,Xizang,2.925816643,0.0,0.59,0.57,8996.0,,,,,,,,,,,,,,,,,,,,,,,,,13.291100454055265,58.516332860000006,0.0,,58.625,0.499,39.312,0.335,2.75,0.023,0.312,0.003,0.3931199999999999,0.335,0.04125,0.0345,0.0078,0.0075,0.81917,5.484375,0.0466845856592214,202.78125,1.726132628733266,0.082265625,0.0700268784888321,7.09734375,6.041464200566431,13.291100454055265,1611,,,0.1275174217916772,Information
456808,8997.0,10441.05624,CHN,China,Xizang,3.568202783,0.0,0.59,0.57,8997.0,,,,,,,,,,,,,,,,,,,,,,,,,2.8948809640042934,71.36405565999999,0.0,,75.188,0.72,40.312,0.386,3.875,0.037,3.0,0.029,0.40312,0.386,0.058125,0.0554999999999999,0.075,0.0725,1.050245,2.109375,0.0202026974180355,41.34375,0.3959728693934972,0.031640625,0.0303040461270532,1.44703125,1.38590504287724,2.8948809640042934,8536,,,0.0109609394100338,Information
456809,8998.0,9691.014159,CHN,China,Xizang,3.087017529,0.0,0.59,0.57,8998.0,,,,,,,,,,,,,,,,,,,,,,,,,26.05605171471675,61.740350580000005,0.0,,91.875,0.948,48.375,0.499,11.875,0.123,10.438,0.108,0.48375,0.499,0.178125,0.1845,0.26095,0.27,1.876325,4.078125,0.0420815090444989,364.640625,3.7626673431857154,0.061171875,0.0631222635667483,12.762421875,13.169335701150004,26.05605171471675,2395,,,0.3504352128632541,Advisory
456906,9005.0,6350.812043,CHN,China,Xizang,3.016604745,0.0,0.59,0.57,9005.0,,,,,,,,,,,,,,,,,,,,,,,,,2.141545721924524,60.3320949,0.0,,75.375,1.187,22.0,0.346,1.812,0.029,0.188,0.003,0.22,0.346,0.02718,0.0435,0.0046999999999999,0.0075,0.6488799999999999,0.0,0.0,23.765625,0.3742139562641497,0.0,0.0,0.831796875,1.309748846924524,2.141545721924524,2583,,,0.001755699131197,Information
456907,9006.0,6558.063771,CHN,China,Xizang,4.029304144,0.0,0.59,0.57,9006.0,,,,,,,,,,,,,,,,,,,,,,,,,2.361120197156455,80.58608288,0.0,,37.438,0.571,14.188,0.216,2.375,0.036,1.688,0.026,0.14188,0.216,0.035625,0.0539999999999999,0.0421999999999999,0.065,0.554705,0.0,0.0,26.71875,0.4074182706161299,0.0,0.0,0.93515625,1.4259639471564547,2.361120197156455,17843,,,0.0175651176366525,Information
456908,9007.0,3438.499087,CHN,China,Xizang,0.715275439,0.0,0.59,0.57,9007.0,,,,,,,,,,,,,,,,,,,,,,,,,0.5356799999999999,14.30550878,0.0,,17.062,0.496,12.938,0.376,0.0,0.0,0.312,0.009,0.12938,0.376,0.0,0.0,0.0078,0.0225,0.5356799999999999,0.0,0.0,3.65625,0.1063327314532461,0.0,0.0,0.12796875,0.3721645600863613,0.5001333100863613,0,,,1.9374101624514914e-07,Information
456909,9008.0,8814.406852,CHN,China,Xizang,4.004260471,0.0,0.59,0.57,9008.0,,,,,,,,,,,,,,,,,,,,,,,,,2.017108442351918,80.08520942000001,0.0,,51.188,0.581,17.562,0.199,0.562,0.006,0.125,0.001,0.17562,0.199,0.00843,0.009,0.003125,0.0025,0.397675,1.96875,0.0223355925489982,26.15625,0.2967443010081202,0.02953125,0.0335033888234973,0.91546875,1.0386050535284208,2.017108442351918,15192,,,0.0110165238833878,Information
463009,9263.0,7287.971269,CHN,China,Xinjiang Uygur,1.56990771,0.0,0.59,0.57,9263.0,,,,,,,,,,,,,,,,,,,,,,,,,2.673643154321349,31.3981542,0.0,,3.0,0.041,3.0,0.041,2.75,0.038,2.0,0.027,0.03,0.041,0.04125,0.0569999999999999,0.05,0.0675,0.28675,12.796875,0.1755889880452187,26.71875,0.3666143706438632,0.191953125,0.263383482067828,0.93515625,1.2831502972535211,2.673643154321349,266053,,,0.0005875059578672,Information
463950,9301.0,29361.10462,CHN,China,Xinjiang Uygur,0.841403787,0.0,0.59,0.57,9301.0,9301.0,1.0,19.0,33.0,3.0,-9999.0,3.0,1.0,3.3,0.3,-999.9,-1315.0,0.0,0.0,0.0,0.0,0.0,0.0,0.0,0.0,0.0,0.0,0.0,-1315.0,14.711157918594823,16.82807574,0.0,,22.625,0.077,12.938,0.044,0.188,0.001,0.938,0.003,0.12938,0.044,0.00282,0.0015,0.02345,0.0075,0.2086499999999999,73.6875,0.2509697811038237,281.953125,0.9602946776968826,1.1053125,0.3764546716557355,9.868359375,3.361031371939089,14.711157918594823,1615506,,,0.0416097611940338,Information
463960,9302.0,9616.472893,CHN,China,Xinjiang Uygur,3.174732074,0.0,0.59,0.57,9302.0,9302.0,1.0,18.0,41.0,-9999.0,-9999.0,3.0,1.0,4.1,-999.9,-999.9,-3983.4,0.0,0.0,0.0,0.0,0.0,0.0,0.0,0.0,0.0,0.0,0.0,-3983.4,4.900976603954231,63.49464148,0.0,,8.938,0.093,8.0,0.083,2.062,0.021,7.188,0.075,0.08,0.083,0.03093,0.0315,0.1797,0.1875,0.59263,18.421875,0.1915658184038654,60.75,0.6317285003852663,0.276328125,0.2873487276057981,2.12625,2.211049751348432,4.900976603954231,176033,,,0.0223203405983366,Information
463990,9305.0,27639.59769,CHN,China,Xinjiang Uygur,2.581853247,0.0,0.59,0.57,9305.0,,,,,,,,,,,,,,,,,,,,,,,,,2.136216993696792,51.63706494,0.0,,19.938,0.072,11.938,0.043,3.0,0.011,8.938,0.032,0.11938,0.043,0.045,0.0165,0.22345,0.08,0.5273300000000001,10.40625,0.0376497882416518,40.359375,0.146020124666947,0.15609375,0.0564746823624777,1.412578125,0.5110704363343145,2.136216993696792,355336,,,0.0009051851445405,Information
471101,9307.0,3599.350249,CHN,China,Xinjiang Uygur,4.081560523,0.0,0.59,0.57,9307.0,,,,,,,,,,,,,,,,,,,,,,,,,1.00625,81.63121046,0.0,,28.625,0.795,26.625,0.74,0.0,0.0,0.0,0.0,0.26625,0.74,0.0,0.0,0.0,0.0,1.00625,0.0,0.0,6.1875,0.1719060267113598,0.0,0.0,0.2165625,0.6016710934897593,0.8182335934897593,16185,,,0.0018396566745185,Information
471102,9308.0,19315.85139,CHN,China,Xinjiang Uygur,2.591901573,0.0,0.59,0.57,9308.0,9308.0,2.0,19.0,86.0,31.0,5.0,7.0,1.0,8.6,3.1,0.5,-773.36,0.0,0.0,0.0,0.0,0.0,0.0,0.0,0.0,0.0,0.0,0.0,-773.36,3.069093203907559,51.83803146,0.0,,42.0,0.217,20.688,0.107,1.938,0.01,5.0,0.026,0.2068799999999999,0.107,0.02907,0.015,0.125,0.065,0.5479499999999999,18.984375,0.0982839151790824,49.640625,0.2569942374682673,0.284765625,0.1474258727686236,1.737421875,0.8994798311389355,3.069093203907559,409219,,,0.0029509039468954,Information
471103,9309.0,480.1696406,CHN,China,Xinjiang Uygur,0.24321247,0.0,0.59,0.57,9309.0,,,,,,,,,,,,,,,,,,,,,,,,,1.37812,4.864249399999999,0.0,,6.312,1.315,6.312,1.315,0.0,0.0,0.0,0.0,0.06312,1.315,0.0,0.0,0.0,0.0,1.37812,,,,,,,,,,124,,,1.1448729989227384e-05,Information
471104,9310.0,2674.594373,CHN,China,Xinjiang Uygur,1.723935085,0.0,0.59,0.57,9310.0,,,,,,,,,,,,,,,,,,,,,,,,,16.656809521183302,34.4787017,0.0,,3.5,0.131,2.625,0.098,0.0,0.0,0.062,0.002,0.02625,0.098,0.0,0.0,0.00155,0.005,0.1308,32.203125,1.204037715933577,86.625,3.2388088777951243,0.483046875,1.806056573900365,3.031875,11.335831072282936,16.656809521183302,48588,,,0.0854127491705568,Information
471105,9311.0,5154.265878,CHN,China,Xinjiang Uygur,3.812537873,0.0,0.59,0.57,9311.0,9311.0,1.0,25.0,39.0,11.0,-9999.0,3.0,1.0,3.9,1.1,-999.9,-1981.8,0.0,0.0,0.0,0.0,0.0,0.0,0.0,0.0,0.0,0.0,0.0,-1981.8,1.6228197392942918,76.25075746,0.0,,,,,,,,,,,,,,,,,0.703125,0.0136416129209463,15.46875,0.3001154842608207,0.010546875,0.0204624193814194,0.54140625,1.0504041949128724,1.6228197392942918,2043,,,0.0036440472000935,Information
471106,9312.0,3574.598594,CHN,China,Xinjiang Uygur,1.131808623,0.0,0.59,0.57,9312.0,9312.0,1.0,25.0,33.0,9.0,-9999.0,3.0,1.0,3.3,0.9,-999.9,-1983.4,0.0,0.0,0.0,0.0,0.0,0.0,0.0,0.0,0.0,0.0,0.0,-1983.4,0.5340258149481557,22.63617246,0.0,,,,,,,,,,,,,,,,,0.84375,0.0236040488968893,3.65625,0.1022842118865205,0.01265625,0.0354060733453339,0.12796875,0.3579947416028217,0.5340258149481557,46282,,,3.2484252565719226e-07,Information
471107,9313.0,2840.757905,CHN,China,Xinjiang Uygur,1.07708896,0.0,0.59,0.57,9313.0,,,,,,,,,,,,,,,,,,,,,,,,,0.889911881621831,21.5417792,0.0,,42.75,1.505,7.438,0.262,0.812,0.029,0.312,0.011,0.07438,0.262,0.01218,0.0435,0.0078,0.0274999999999999,0.4273599999999999,1.96875,0.0693036881621831,4.78125,0.1683089569653018,0.02953125,0.1039555322432746,0.16734375,0.5890813493785563,0.889911881621831,1043,,,3.74618134574977e-06,Information
471108,9314.0,7982.473787,CHN,China,Xinjiang Uygur,0.497900263,0.0,0.59,0.57,9314.0,,,,,,,,,,,,,,,,,,,,,,,,,1.5522817455713445,9.95800526,0.0,,7.375,0.092,4.062,0.051,0.688,0.009,0.562,0.007,0.04062,0.051,0.01032,0.0134999999999999,0.01405,0.0175,0.14699,4.921875,0.0616585175408103,17.578125,0.2202089912171797,0.073828125,0.0924877763112154,0.615234375,0.770731469260129,1.5522817455713445,178253,,,2.4478601721042125e-05,Information
471109,9315.0,6195.837424,CHN,China,Xinjiang Uygur,1.595512325,0.0,0.59,0.57,9315.0,,,,,,,,,,,,,,,,,,,,,,,,,5.769354837333902,31.9102465,0.0,,34.75,0.561,7.625,0.123,6.0,0.097,5.375,0.087,0.07625,0.123,0.09,0.1455,0.134375,0.2174999999999999,0.7866249999999999,14.90625,0.2405849117600468,56.671875,0.914676598483952,0.22359375,0.3608773676400701,1.983515625,3.201368094693832,5.769354837333902,513622,,,0.0067884602962715,Information
471200,9316.0,5879.040164,CHN,China,Xinjiang Uygur,0.849313817,0.0,0.59,0.57,9316.0,,,,,,,,,,,,,,,,,,,,,,,,,0.3575,16.98627634,0.0,,14.188,0.241,13.25,0.225,0.0,0.0,0.0,0.0,0.1325,0.225,0.0,0.0,0.0,0.0,0.3575,,,,,,,,,,2000,,,2.552329688603011e-08,Information
471202,9318.0,12632.26505,CHN,China,Xinjiang Uygur,2.060807166,0.0,0.59,0.57,9318.0,,,,,,,,,,,,,,,,,,,,,,,,,3.41136344076201,41.21614332,0.0,,114.688,0.908,48.438,0.383,3.5,0.028,2.938,0.023,0.48438,0.383,0.0525,0.042,0.07345,0.0574999999999999,1.0928300000000002,16.03125,0.1269071693108339,47.53125,0.3762686247987884,0.24046875,0.1903607539662508,1.66359375,1.3169401867957595,3.41136344076201,64140,,,0.0022083654390911,Information
471204,9320.0,14947.79604,CHN,China,Xinjiang Uygur,1.312622873,0.0,0.59,0.57,9320.0,,,,,,,,,,,,,,,,,,,,,,,,,7.525732912601549,26.25245746,0.0,,91.688,0.613,61.938,0.414,6.5,0.043,3.188,0.021,0.61938,0.414,0.0975,0.0645,0.0797,0.0525,1.32758,39.09375,0.2615352115868488,112.078125,0.749796991491793,0.58640625,0.3923028173802731,3.922734375,2.624289470221276,7.525732912601549,440204,,,0.0112352429277901,Information
471206,9322.0,20877.91036,CHN,China,Xinjiang Uygur,1.559994864,0.0,0.59,0.57,9322.0,,,,,,,,,,,,,,,,,,,,,,,,,5.329510019794698,31.19989728,0.0,,37.562,0.18,27.25,0.131,14.875,0.071,12.938,0.062,0.2725,0.131,0.223125,0.1064999999999999,0.32345,0.155,1.211575,21.375,0.1023809358083099,93.796875,0.4492637117377812,0.320625,0.1535714037124648,3.282890625,1.572422991082234,5.329510019794698,1081521,,,0.0052646230795597,Information
471207,9323.0,11911.19634,CHN,China,Xinjiang Uygur,3.186604694,0.0,0.59,0.57,9323.0,,,,,,,,,,,,,,,,,,,,,,,,,3.109407988874154,63.73209388,0.0,,17.125,0.144,15.5,0.13,1.625,0.014,1.688,0.014,0.155,0.13,0.024375,0.021,0.0421999999999999,0.035,0.407575,15.890625,0.1334091432968215,41.484375,0.3482805068368349,0.238359375,0.2001137149452322,1.451953125,1.2189817739289222,3.109407988874154,278573,,,0.0070148731127457,Information
471208,9324.0,4522.741382,CHN,China,Xinjiang Uygur,1.862688715,0.0,0.59,0.57,9324.0,,,,,,,,,,,,,,,,,,,,,,,,,1.343372192908401,37.2537743,0.0,,4.188,0.093,4.188,0.093,4.312,0.095,3.625,0.08,0.04188,0.093,0.06468,0.1425,0.090625,0.2,0.632685,2.953125,0.065295022440593,10.6875,0.236305795499289,0.044296875,0.0979425336608895,0.3740625,0.8270702842475115,1.343372192908401,239781,,,6.054337828284479e-05,Information
471209,9325.0,8041.000431,CHN,China,Xinjiang Uygur,3.762502834,0.0,0.59,0.57,9325.0,,,,,,,,,,,,,,,,,,,,,,,,,3.013120072038989,75.25005668,0.0,,5.438,0.068,3.188,0.04,1.312,0.016,0.812,0.01,0.03188,0.04,0.01968,0.024,0.0203,0.025,0.16086,5.203125,0.0647074334193116,36.140625,0.4494543348314348,0.078046875,0.0970611501289673,1.264921875,1.573090171910022,3.013120072038989,3831335,,,0.0176088185227224,Information
471301,9326.0,20494.55084,CHN,China,Xinjiang Uygur,0.890808563,0.0,0.59,0.57,9326.0,,,,,,,,,,,,,,,,,,,,,,,,,9.134407121039104,17.81617126,0.0,,90.125,0.44,81.625,0.398,14.438,0.07,7.812,0.038,0.81625,0.398,0.21657,0.105,0.1953,0.095,1.82612,54.5625,0.2662293037368395,152.015625,0.7417367972668131,0.8184375,0.3993439556052592,5.320546875,2.596078790433846,9.134407121039104,1112011,,,0.0140134277531463,Information
471302,9327.0,12487.62639,CHN,China,Xinjiang Uygur,4.053105579,0.0,0.59,0.57,9327.0,,,,,,,,,,,,,,,,,,,,,,,,,0.54,81.06211158,0.0,,36.812,0.295,30.0,0.24,0.0,0.0,0.0,0.0,0.3,0.24,0.0,0.0,0.0,0.0,0.54,2.390625,0.0191439503770119,4.78125,0.0382879007540239,0.035859375,0.0287159255655178,0.16734375,0.1340076526390836,0.3659267032046015,104,,,0.0001873069197636,Information
471304,9329.0,11290.60944,CHN,China,Xinjiang Uygur,0.498175064,0.0,0.59,0.57,9329.0,,,,,,,,,,,,,,,,,,,,,,,,,0.848505,9.96350128,0.0,,61.188,0.542,44.438,0.394,0.375,0.003,0.0,0.0,0.44438,0.394,0.005625,0.0045,0.0,0.0,0.848505,4.078125,0.0361196179977849,9.0,0.0797122604089047,0.061171875,0.0541794269966773,0.315,0.2789929114311664,0.7093442134278438,225850,,,1.5468835492434736e-06,Information
471305,9330.0,6551.532196,CHN,China,Xinjiang Uygur,0.030108364,0.0,0.59,0.57,9330.0,,,,,,,,,,,,,,,,,,,,,,,,,0.30462,0.60216728,0.0,,17.375,0.265,12.062,0.184,0.0,0.0,0.0,0.0,0.1206199999999999,0.184,0.0,0.0,0.0,0.0,0.30462,0.0,0.0,3.375,0.0515146670921749,0.0,0.0,0.118125,0.1803013348226121,0.2984263348226121,75124,,,3.565277592666709e-09,Information
471306,9331.0,17532.04956,CHN,China,Xinjiang Uygur,0.579011791,0.0,0.59,0.57,9331.0,,,,,,,,,,,,,,,,,,,,,,,,,0.4328370812993147,11.58023582,0.0,,22.5,0.128,16.688,0.095,0.188,0.001,0.0,0.0,0.16688,0.095,0.00282,0.0015,0.0,0.0,0.2662,2.953125,0.0168441515677837,6.609375,0.0376988154136112,0.044296875,0.0252662273516755,0.231328125,0.1319458539476392,0.4328370812993147,3701,,,5.2029438198854394e-08,Information
471402,9334.0,2206.719809,CHN,China,Xinjiang Uygur,1.526085639,0.0,0.59,0.57,9334.0,,,,,,,,,,,,,,,,,,,,,,,,,0.11132,30.52171278,0.0,,2.75,0.125,1.75,0.079,0.188,0.008,0.0,0.0,0.0175,0.079,0.00282,0.012,0.0,0.0,0.11132,,,,,,,,,,334,,,6.118604538757383e-11,Information
473203,9369.0,17645.03715,CHN,China,Nei Mongol,1.76334518,0.0,0.59,0.57,9369.0,,,,,,,,,,,,,,,,,,,,,,,,,0.2390489687084913,35.2669036,0.0,,17.25,0.098,12.312,0.07,0.625,0.004,0.062,0.0,0.12312,0.07,0.009375,0.006,0.00155,0.0,0.210045,0.984375,0.0055787641102252,3.9375,0.022315056440901,0.014765625,0.0083681461653377,0.1378125,0.0781026975431535,0.2390489687084913,494,,,1.06338588454995e-08,Information
473205,9371.0,28712.569,CHN,China,Nei Mongol,0.371756501,0.0,0.59,0.57,9371.0,,,,,,,,,,,,,,,,,,,,,,,,,1.56225,7.435130020000001,0.0,,274.75,0.957,115.5,0.402,0.25,0.001,0.0,0.0,1.155,0.402,0.00375,0.0015,0.0,0.0,1.56225,0.0,0.0,3.796875,0.0132237383556153,0.0,0.0,0.132890625,0.0462830842446535,0.1791737092446535,1041,,,2.234579550598033e-05,Information
473209,9375.0,4985.58826,CHN,China,Nei Mongol,2.153447354,0.0,0.59,0.57,9375.0,,,,,,,,,,,,,,,,,,,,,,,,,0.65938,43.06894708,0.0,,73.125,1.467,21.938,0.44,0.0,0.0,0.0,0.0,0.21938,0.44,0.0,0.0,0.0,0.0,0.65938,1.6875,0.0338475604463295,2.671875,0.0535919707066885,0.0253125,0.0507713406694942,0.093515625,0.1875718974734097,0.357171363142904,528,,,4.130684257570227e-06,Information
473300,9376.0,19334.38874,CHN,China,Gansu,1.088292479,0.0,0.59,0.57,9376.0,,,,,,,,,,,,,,,,,,,,,,,,,0.48538,21.76584958,0.0,,21.625,0.112,19.438,0.101,0.0,0.0,5.0,0.026,0.19438,0.101,0.0,0.0,0.125,0.065,0.48538,0.0,0.0,6.046875,0.0312752323360332,0.0,0.0,0.211640625,0.1094633131761162,0.3211039381761162,421226,,,1.862207733735675e-07,Information
473403,9379.0,1805.281051,CHN,China,Nei Mongol,3.436416756,0.0,0.59,0.57,9379.0,,,,,,,,,,,,,,,,,,,,,,,,,1.19712,68.72833512,0.0,,56.062,3.105,18.312,1.014,0.0,0.0,0.0,0.0,0.18312,1.014,0.0,0.0,0.0,0.0,1.19712,,,,,,,,,,18957,,,0.0005515988982225,Information
473404,9380.0,4250.69846,CHN,China,Gansu,4.036777991,0.0,0.59,0.57,9380.0,,,,,,,,,,,,,,,,,,,,,,,,,0.33761,80.73555982,0.0,,10.312,0.243,5.938,0.14,0.562,0.013,1.312,0.031,0.0593799999999999,0.14,0.00843,0.0195,0.0328,0.0775,0.33761,,,,,,,,,,1006,,,2.6259468318432615e-05,Information
473405,9381.0,2405.002316,CHN,China,Gansu,1.332760678,0.0,0.59,0.57,9381.0,,,,,,,,,,,,,,,,,,,,,,,,,0.74225,26.65521356,0.0,,20.75,0.863,13.812,0.574,0.062,0.003,0.188,0.008,0.13812,0.574,0.0009299999999999,0.0045,0.0046999999999999,0.02,0.74225,0.0,0.0,0.703125,0.0292359385808461,0.0,0.0,0.024609375,0.1023257850329613,0.1269351600329613,35642,,,2.182077144040991e-06,Information
473406,9382.0,16335.78377,CHN,China,Gansu,3.009361837,0.0,0.59,0.57,9382.0,,,,,,,,,,,,,,,,,,,,,,,,,0.91182,60.18723674,0.0,,122.312,0.749,47.25,0.289,2.438,0.015,2.25,0.014,0.4725,0.289,0.03657,0.0225,0.05625,0.035,0.91182,0.0,0.0,9.703125,0.0593979764760988,0.0,0.0,0.339609375,0.2078929176663458,0.5475022926663458,579068,,,7.952370874991316e-05,Information
473407,9383.0,15497.21808,CHN,China,Gansu,1.143257465,0.0,0.59,0.57,9383.0,,,,,,,,,,,,,,,,,,,,,,,,,1.530493318482629,22.8651493,0.0,,46.438,0.3,39.875,0.257,1.5,0.01,5.125,0.033,0.39875,0.257,0.0225,0.015,0.128125,0.0825,0.903875,0.0,0.0,26.578125,0.1715025552807512,0.0,0.0,0.930234375,0.6002589434826292,1.530493318482629,335009,,,4.428089924215633e-05,Information
473408,9384.0,8951.29633,CHN,China,Gansu,1.368700176,0.0,0.59,0.57,9384.0,,,,,,,,,,,,,,,,,,,,,,,,,0.2605095066264939,27.37400352,0.0,,12.0,0.134,6.125,0.068,0.0,0.0,0.062,0.001,0.06125,0.068,0.0,0.0,0.00155,0.0025,0.1333,0.0,0.0,3.515625,0.0392750376075697,0.0,0.0,0.123046875,0.1374626316264939,0.2605095066264939,393075,,,8.987582640071392e-09,Information
473409,9385.0,11542.88001,CHN,China,Gansu,2.407730477,0.0,0.59,0.57,9385.0,,,,,,,,,,,,,,,,,,,,,,,,,0.6855,48.15460954,0.0,,57.062,0.494,36.75,0.318,0.0,0.0,0.0,0.0,0.3675,0.318,0.0,0.0,0.0,0.0,0.6855,0.140625,0.0012182834778338,5.625,0.0487313391133554,0.002109375,0.0018274252167507,0.196875,0.1705596868967439,0.3713714871134945,441466,,,7.596453686490977e-06,Information
473501,9386.0,10846.97424,CHN,China,Nei Mongol,1.315044121,0.0,0.59,0.57,9386.0,,,,,,,,,,,,,,,,,,,,,,,,,2.3307,26.30088242,0.0,,333.0,3.07,118.875,1.096,0.0,0.0,0.938,0.009,1.18875,1.096,0.0,0.0,0.02345,0.0225,2.3307,1.6875,0.0155573338922206,2.25,0.0207431118562942,0.0253125,0.0233360008383309,0.07875,0.0726008914970297,0.1999993923353606,7501,,,0.0002763508448829,Information
473502,9387.0,40820.63683,CHN,China,Nei Mongol,0.853170293,0.0,0.59,0.57,9387.0,,,,,,,,,,,,,,,,,,,,,,,,,1.7529499999999998,17.06340586,0.0,,277.875,0.681,140.0,0.343,0.25,0.001,0.188,0.0,1.4,0.343,0.00375,0.0015,0.0046999999999999,0.0,1.7529499999999998,0.5625,0.0013779794820275,9.703125,0.0237701460649757,0.0084375,0.0020669692230412,0.339609375,0.0831955112274149,0.4333093554504562,3007,,,5.7446106692057457e-05,Information
473505,9390.0,17068.42339,CHN,China,Nei Mongol,0.579650804,0.0,0.59,0.57,9390.0,,,,,,,,,,,,,,,,,,,,,,,,,0.2322499999999999,11.59301608,0.0,,26.062,0.153,14.625,0.086,0.0,0.0,0.0,0.0,0.14625,0.086,0.0,0.0,0.0,0.0,0.2322499999999999,,,,,,,,,,935,,,1.4087562672985515e-09,Information
473700,9395.0,12795.5775,CHN,China,Nei Mongol,0.295289569,0.0,0.59,0.57,9395.0,,,,,,,,,,,,,,,,,,,,,,,,,0.4296525238539289,5.905791379999999,0.0,,99.0,0.774,15.5,0.121,2.188,0.017,0.5,0.004,0.155,0.121,0.03282,0.0255,0.0125,0.01,0.3568200000000001,0.0,0.0,6.890625,0.0538516139582654,0.0,0.0,0.241171875,0.1884806488539289,0.4296525238539289,3984,,,3.5410627894962044e-08,Information
475202,9421.0,5950.113634,CHN,China,Nei Mongol,0.090245219,0.0,0.59,0.57,9421.0,,,,,,,,,,,,,,,,,,,,,,,,,0.14375,1.80490438,0.0,,10.75,0.181,5.375,0.09,0.0,0.0,0.0,0.0,0.05375,0.09,0.0,0.0,0.0,0.0,0.14375,,,,,,,,,,151,,,3.36316505020379e-11,Information
475208,9427.0,4024.2463,CHN,China,Nei Mongol,1.837785127,0.0,0.59,0.57,9427.0,,,,,,,,,,,,,,,,,,,,,,,,,0.42062,36.75570254,0.0,,12.062,0.3,12.062,0.3,0.0,0.0,0.0,0.0,0.1206199999999999,0.3,0.0,0.0,0.0,0.0,0.42062,,,,,,,,,,946,,,2.6789709664926453e-07,Information
475401,9438.0,2961.238288,CHN,China,Nei Mongol,0.504835815,0.0,0.59,0.57,9438.0,,,,,,,,,,,,,,,,,,,,,,,,,0.175,10.0967163,0.0,,8.812,0.298,4.0,0.135,0.0,0.0,0.0,0.0,0.04,0.135,0.0,0.0,0.0,0.0,0.175,,,,,,,,,,12,,,2.1641504285161479e-10,Information
475402,9439.0,6394.718437,CHN,China,Nei Mongol,0.030887101,0.0,0.59,0.57,9439.0,,,,,,,,,,,,,,,,,,,,,,,,,0.3407037231310282,0.61774202,0.0,,17.438,0.273,11.5,0.18,0.375,0.006,0.0,0.0,0.115,0.18,0.005625,0.009,0.0,0.0,0.309625,0.0,0.0,3.796875,0.0593751708945795,0.0,0.0,0.132890625,0.2078130981310282,0.3407037231310282,35129,,,6.905502265520826e-09,Information
475405,9442.0,12023.13142,CHN,China,Nei Mongol,1.632859392,0.0,0.59,0.57,9442.0,,,,,,,,,,,,,,,,,,,,,,,,,1.266040310707792,32.65718784,0.0,,36.875,0.307,25.625,0.213,0.375,0.003,0.0,0.0,0.25625,0.213,0.005625,0.0045,0.0,0.0,0.4793749999999999,0.140625,0.0011696204185306,19.6875,0.1637468585942846,0.002109375,0.0017544306277959,0.6890625,0.5731140050799961,1.266040310707792,111449,,,3.53523307126603e-05,Information
475406,9443.0,2828.251783,CHN,China,Nei Mongol,0.940648026,0.0,0.59,0.57,9443.0,,,,,,,,,,,,,,,,,,,,,,,,,0.22205,18.81296052,0.0,,5.688,0.201,4.812,0.17,0.062,0.002,0.0,0.0,0.04812,0.17,0.0009299999999999,0.003,0.0,0.0,0.22205,,,,,,,,,,484,,,1.799874797980197e-09,Information
475407,9444.0,2517.010258,CHN,China,Nei Mongol,0.16978383,0.0,0.59,0.57,9444.0,,,,,,,,,,,,,,,,,,,,,,,,,0.19538,3.3956766,0.0,,4.062,0.161,3.938,0.156,0.0,0.0,0.0,0.0,0.03938,0.156,0.0,0.0,0.0,0.0,0.19538,,,,,,,,,,335,,,2.7622389183479063e-10,Information
475408,9445.0,12048.85542,CHN,China,Nei Mongol,0.578891373,0.0,0.59,0.57,9445.0,,,,,,,,,,,,,,,,,,,,,,,,,0.3872926829726349,11.577827460000002,0.0,,33.25,0.276,18.5,0.154,0.0,0.0,0.0,0.0,0.185,0.154,0.0,0.0,0.0,0.0,0.3389999999999999,0.0,0.0,6.046875,0.0501863022778957,0.0,0.0,0.211640625,0.1756520579726349,0.3872926829726349,191168,,,2.8067132902681432e-08,Information
475502,9448.0,6174.799768,CHN,China,Nei Mongol,1.346741352,0.0,0.59,0.57,9448.0,,,,,,,,,,,,,,,,,,,,,,,,,0.43038,26.93482704,0.0,,16.75,0.271,16.438,0.266,0.0,0.0,0.0,0.0,0.16438,0.266,0.0,0.0,0.0,0.0,0.43038,0.84375,0.0136644106977881,1.6875,0.0273288213955762,0.01265625,0.0204966160466821,0.0590625,0.0956508748845167,0.1878662409311988,19,,,1.414937572389223e-07,Information
475503,9449.0,14500.30343,CHN,China,Nei Mongol,0.670786887,0.0,0.59,0.57,9449.0,,,,,,,,,,,,,,,,,,,,,,,,,1.0228926640992255,13.41573774,0.0,,21.938,0.151,21.438,0.148,0.125,0.001,0.062,0.0,0.21438,0.148,0.001875,0.0015,0.00155,0.0,0.367305,0.0,0.0,17.296875,0.119286296885493,0.0,0.0,0.605390625,0.4175020390992255,1.0228926640992255,109879,,,4.529746163256382e-06,Information
475504,9450.0,6510.270949,CHN,China,Nei Mongol,4.003319801,0.0,0.59,0.57,9450.0,,,,,,,,,,,,,,,,,,,,,,,,,1.3480607751153264,80.06639602,0.0,,15.25,0.234,14.938,0.229,0.0,0.0,0.0,0.0,0.14938,0.229,0.0,0.0,0.0,0.0,0.37838,0.0,0.0,15.1875,0.2332852214615218,0.0,0.0,0.5315625,0.8164982751153264,1.3480607751153264,85,,,0.0035327644029364,Information
475505,9451.0,10824.27775,CHN,China,Nei Mongol,0.518360985,0.0,0.59,0.57,9451.0,,,,,,,,,,,,,,,,,,,,,,,,,0.55862,10.3672197,0.0,,31.938,0.295,29.062,0.268,0.0,0.0,0.0,0.0,0.29062,0.268,0.0,0.0,0.0,0.0,0.55862,0.0,0.0,6.328125,0.0584623301927144,0.0,0.0,0.221484375,0.2046181556745004,0.4261025306745004,31357,,,1.9070739653066413e-07,Information
475509,9455.0,6659.315384,CHN,China,Nei Mongol,3.310852873,0.0,0.59,0.57,9455.0,,,,,,,,,,,,,,,,,,,,,,,,,0.6307,66.21705746,0.0,,42.25,0.634,24.938,0.374,0.188,0.003,0.0,0.0,0.24938,0.374,0.00282,0.0045,0.0,0.0,0.6307,,,,,,,,,,916,,,3.433016157284741e-05,Information
475601,9456.0,11058.73037,CHN,China,Nei Mongol,0.938716998,0.0,0.59,0.57,9456.0,,,,,,,,,,,,,,,,,,,,,,,,,0.16425,18.77433996,0.0,,12.125,0.11,8.625,0.078,0.0,0.0,0.0,0.0,0.08625,0.078,0.0,0.0,0.0,0.0,0.16425,,,,,,,,,,125768,,,2.759352914034011e-10,Information
475605,9460.0,10404.56364,CHN,China,Nei Mongol,4.035279597,0.0,0.59,0.57,9460.0,,,,,,,,,,,,,,,,,,,,,,,,,1.3127224994790865,80.70559193999999,0.0,,14.312,0.138,14.062,0.135,0.0,0.0,0.0,0.0,0.14062,0.135,0.0,0.0,0.0,0.0,0.27562,0.984375,0.0094609926393983,18.703125,0.1797588601485682,0.014765625,0.0141914889590974,0.654609375,0.6291560105199887,1.3127224994790865,7826,,,0.0035971698848256,Information
475606,9461.0,6078.779239,CHN,China,Nei Mongol,1.021949384,0.0,0.59,0.57,9461.0,,,,,,,,,,,,,,,,,,,,,,,,,0.1785,20.43898768,0.0,,7.75,0.127,6.75,0.111,0.0,0.0,0.0,0.0,0.0675,0.111,0.0,0.0,0.0,0.0,0.1785,,,,,,,,,,32244,,,5.313689991847747e-10,Information
481028,9476.0,10897.27887,CHN,China,Gansu,1.121716709,0.0,0.59,0.57,9476.0,,,,,,,,,,,,,,,,,,,,,,,,,0.329175,22.43433418,0.0,,18.875,0.173,15.25,0.14,0.375,0.003,0.562,0.005,0.1525,0.14,0.005625,0.0045,0.01405,0.0125,0.329175,,,,,,,,,,3350,,,2.3501486270812956e-08,Information
482012,9479.0,10289.9177,CHN,China,Gansu,2.011787011,0.0,0.59,0.57,9479.0,9479.0,1.0,29.0,51.0,19.0,2.0,3.0,1.0,5.1,1.9,0.2,33.86666666666667,0.0,0.0,0.0,0.0,0.0,0.0,0.0,0.0,0.0,0.0,0.0,33.86666666666667,33.86666666666667,40.23574022,0.0,,,,,,,,,,,,,,,,,,,,,,,,,,1260,,,0.2850254376425564,Information
482019,9485.0,13647.62883,CHN,China,Qinghai,3.402366466,0.0,0.59,0.57,9485.0,,,,,,,,,,,,,,,,,,,,,,,,,2.10648286418226,68.04732932,0.0,,6.938,0.051,6.625,0.049,0.0,0.0,1.0,0.007,0.06625,0.049,0.0,0.0,0.025,0.0175,0.15775,0.0,0.0,34.734375,0.254508496909217,0.0,0.0,1.215703125,0.8907797391822595,2.10648286418226,2174,,,0.0032716442386064,Information
482020,9486.0,4748.336374,CHN,China,Qinghai,0.180880426,0.0,0.59,0.57,9486.0,,,,,,,,,,,,,,,,,,,,,,,,,2.69057315601087,3.61760852,0.0,,6.812,0.143,5.875,0.124,0.875,0.018,12.875,0.271,0.05875,0.124,0.013125,0.0269999999999999,0.321875,0.6775,1.22225,0.0,0.0,24.75,0.5212351874316772,0.0,0.0,0.86625,1.82432315601087,2.69057315601087,425,,,0.0001727401439045,Information
482100,9489.0,23186.44811,CHN,China,Xinjiang Uygur,1.327777764,0.0,0.59,0.57,9489.0,,,,,,,,,,,,,,,,,,,,,,,,,0.25382,26.55555528,0.0,,18.5,0.08,15.625,0.067,1.438,0.006,0.0,0.0,0.15625,0.067,0.02157,0.009,0.0,0.0,0.25382,,,,,,,,,,103,,,7.238076996435581e-09,Information
482201,9494.0,27873.01161,CHN,China,Xinjiang Uygur,4.019396104,0.0,0.59,0.57,9494.0,9494.0,1.0,9.0,41.0,13.0,3.0,3.0,2.0,4.1,1.3,0.3,21.4,0.0,0.0,0.0,0.0,0.0,0.0,0.0,0.0,0.0,0.0,0.0,21.4,21.4,80.38792208000001,0.0,,81.5,0.292,30.5,0.109,2.188,0.008,1.688,0.006,0.305,0.109,0.03282,0.012,0.0421999999999999,0.015,0.51602,9.703125,0.0348119002518192,24.609375,0.0882910513633097,0.145546875,0.0522178503777287,0.861328125,0.3090186797715839,1.3681115301493127,218770,,,0.5347617437953821,Advisory
482202,9495.0,4394.899331,CHN,China,Xinjiang Uygur,0.465610327,0.0,0.59,0.57,9495.0,,,,,,,,,,,,,,,,,,,,,,,,,0.4015,9.31220654,0.0,,16.75,0.381,12.25,0.279,0.0,0.0,0.0,0.0,0.1225,0.279,0.0,0.0,0.0,0.0,0.4015,,,,,,,,,,71816,,,2.980443338594838e-08,Information
482204,9497.0,7036.05735,CHN,China,Xinjiang Uygur,0.939246814,0.0,0.59,0.57,9497.0,9497.0,2.0,7.0,60.0,41.0,25.0,7.0,4.0,6.0,4.1,2.5,32.6,0.0,0.0,0.0,0.0,0.0,0.0,0.0,0.0,0.0,0.0,0.0,32.6,32.6,18.78493628,0.0,,60.438,0.859,38.812,0.552,0.25,0.004,0.0,0.0,0.3881199999999999,0.552,0.00375,0.006,0.0,0.0,0.94987,0.5625,0.0079945340412325,1.546875,0.0219849686133895,0.0084375,0.0119918010618487,0.054140625,0.0769473901468632,0.151517316208712,13191,,,0.1806769056013538,Information
482205,9498.0,4025.435937,CHN,China,Xinjiang Uygur,3.787675338,0.0,0.59,0.57,9498.0,,,,,,,,,,,,,,,,,,,,,,,,,14.373153953433572,75.75350676000001,0.0,,6.938,0.172,4.188,0.104,1.5,0.037,0.625,0.016,0.04188,0.104,0.0225,0.0554999999999999,0.015625,0.04,0.279505,24.328125,0.6043600092275467,107.4375,2.6689655898835007,0.364921875,0.90654001384132,3.7603125,9.341379564592252,14.373153953433572,609273,,,0.3005184981695895,Information
482207,9500.0,6670.609844,CHN,China,Xinjiang Uygur,4.040755007,0.0,0.59,0.57,9500.0,,,,,,,,,,,,,,,,,,,,,,,,,4.6161356231863415,80.81510014,0.0,,4.625,0.069,2.875,0.043,3.875,0.058,2.0,0.03,0.02875,0.043,0.058125,0.087,0.05,0.075,0.341875,13.21875,0.1981640406010781,47.109375,0.7062229106527783,0.19828125,0.2972460609016171,1.648828125,2.471780187284724,4.6161356231863415,306376,,,0.0771414057482287,Information
482209,9502.0,19279.73058,CHN,China,Xinjiang Uygur,2.661389951,0.0,0.59,0.57,9502.0,,,,,,,,,,,,,,,,,,,,,,,,,3.000578376721935,53.22779902,0.0,,74.438,0.386,43.562,0.226,1.375,0.007,1.25,0.006,0.4356199999999999,0.226,0.020625,0.0105,0.03125,0.015,0.738995,0.140625,0.0007293929727558,56.390625,0.2924865820750861,0.002109375,0.0010940894591337,1.973671875,1.023703037262801,3.000578376721935,22222,,,0.0030118915013639,Information
482320,9504.0,22789.27625,CHN,China,Xinjiang Uygur,1.279288818,0.0,0.59,0.57,9504.0,9504.0,1.0,28.0,41.0,13.0,-9999.0,3.0,1.0,4.1,1.3,-999.9,-979.5,0.0,0.0,0.0,0.0,0.0,0.0,0.0,0.0,0.0,0.0,0.0,-979.5,0.33644,25.58577636,0.0,,31.875,0.14,20.062,0.088,2.188,0.01,0.0,0.0,0.20062,0.088,0.03282,0.015,0.0,0.0,0.33644,,,,,,,,,,36547,,,3.350994519077789e-08,Information
482342,9507.0,3450.538976,CHN,China,Xinjiang Uygur,4.069494473,0.0,0.59,0.57,9507.0,,,,,,,,,,,,,,,,,,,,,,,,,12.087149094699509,81.38988945999999,0.0,,3.562,0.103,3.562,0.103,0.562,0.016,0.0,0.0,0.03562,0.103,0.00843,0.024,0.0,0.0,0.1710499999999999,0.0,0.0,88.59375,2.5675336699141456,0.0,0.0,3.10078125,8.98636784469951,12.087149094699509,14,,,0.3330298253169712,Information
482370,9517.0,27898.33423,CHN,China,Xinjiang Uygur,4.063081033,0.0,0.59,0.57,9517.0,9517.0,1.0,30.0,33.0,5.0,-9999.0,3.0,1.0,3.3,0.5,-999.9,-1984.2,0.0,0.0,0.0,0.0,0.0,0.0,0.0,0.0,0.0,0.0,0.0,-1984.2,5.749085026768881,81.26162065999999,0.0,,25.062,0.09,15.812,0.057,5.188,0.019,4.25,0.015,0.1581199999999999,0.057,0.07782,0.0284999999999999,0.10625,0.0375,0.4651899999999999,42.609375,0.1527308930008211,102.65625,0.3679655177907573,0.639140625,0.2290963395012316,3.59296875,1.2878793122676506,5.749085026768881,5009,,,0.1186955110173834,Information
482381,9518.0,13002.10508,CHN,China,Xinjiang Uygur,3.197320372,0.0,0.59,0.57,9518.0,,,,,,,,,,,,,,,,,,,,,,,,,0.831,63.94640744,0.0,,85.375,0.657,47.0,0.361,0.0,0.0,0.0,0.0,0.47,0.361,0.0,0.0,0.0,0.0,0.831,0.421875,0.0032446669003285,10.40625,0.080035116874772,0.006328125,0.0048670003504927,0.36421875,0.280122909061702,0.6555367844121948,71175,,,8.158061416989101e-05,Information
482384,9521.0,3867.825209,CHN,China,Xinjiang Uygur,3.236720341,0.0,0.59,0.57,9521.0,,,,,,,,,,,,,,,,,,,,,,,,,0.4235291835645979,64.73440682,0.0,,10.0,0.259,3.125,0.081,0.25,0.006,0.562,0.015,0.03125,0.081,0.00375,0.009,0.01405,0.0375,0.17655,0.0,0.0,3.375,0.0872583381613137,0.0,0.0,0.118125,0.305404183564598,0.4235291835645979,252235,,,4.888652818273876e-06,Information
482386,9523.0,4495.319614,CHN,China,Xinjiang Uygur,2.805110082,0.0,0.59,0.57,9523.0,,,,,,,,,,,,,,,,,,,,,,,,,0.1288,56.10220164,0.0,,7.812,0.174,3.875,0.086,0.0,0.0,0.062,0.001,0.03875,0.086,0.0,0.0,0.00155,0.0025,0.1288,,,,,,,,,,10588,,,2.748893915990161e-09,Information
482389,9526.0,5407.783724,CHN,China,Xinjiang Uygur,1.822251574,0.0,0.59,0.57,9526.0,,,,,,,,,,,,,,,,,,,,,,,,,0.9676104052261264,36.44503148,0.0,,59.875,1.107,15.125,0.28,0.0,0.0,0.0,0.0,0.15125,0.28,0.0,0.0,0.0,0.0,0.43125,0.0,0.0,9.703125,0.1794288657788933,0.0,0.0,0.339609375,0.6280010302261265,0.9676104052261264,27523,,,1.4268921524584644e-05,Information
482390,9527.0,515.2571635,CHN,China,Xinjiang Uygur,4.099075507,0.0,0.59,0.57,9527.0,9527.0,1.0,30.0,35.0,7.0,-9999.0,3.0,1.0,3.5,0.7,-999.9,-1983.4,0.0,0.0,0.0,0.0,0.0,0.0,0.0,0.0,0.0,0.0,0.0,-1983.4,2.912892368424012,81.98151014000001,0.0,,0.562,0.109,0.562,0.109,0.0,0.0,0.0,0.0,0.00562,0.109,0.0,0.0,0.0,0.0,0.11462,0.984375,0.1910453788568284,3.65625,0.7095971214682197,0.014765625,0.2865680682852426,0.12796875,2.483589925138769,2.912892368424012,948,,,0.034208385194774,Information
482410,9529.0,6422.966258,CHN,China,Xinjiang Uygur,2.875743975,0.0,0.59,0.57,9529.0,9529.0,1.0,30.0,39.0,15.0,5.0,3.0,1.0,3.9,1.5,0.5,19.8,0.0,0.0,0.0,0.0,0.0,0.0,0.0,0.0,0.0,0.0,0.0,19.8,19.8,57.51487949999999,0.0,,16.312,0.254,5.062,0.079,0.0,0.0,0.0,0.0,0.05062,0.079,0.0,0.0,0.0,0.0,0.12962,,,,,,,,,,238,,,0.2225909860327735,Information
482460,9543.0,22376.41492,CHN,China,Xinjiang Uygur,1.964596914,0.0,0.59,0.57,9543.0,,,,,,,,,,,,,,,,,,,,,,,,,0.75712,39.29193828,0.0,,100.0,0.447,52.312,0.234,0.0,0.0,0.0,0.0,0.52312,0.234,0.0,0.0,0.0,0.0,0.75712,1.40625,0.0062845187894391,1.40625,0.0062845187894391,0.02109375,0.0094267781841586,0.04921875,0.0219958157630368,0.1017350939471955,4379,,,5.8176986799575294e-06,Information
482480,9545.0,15053.05288,CHN,China,Xinjiang Uygur,0.676230818,0.0,0.59,0.57,9545.0,9545.0,1.0,29.0,39.0,17.0,3.0,3.0,1.0,3.9,1.7,0.3,19.8,0.0,0.0,0.0,0.0,0.0,0.0,0.0,0.0,0.0,0.0,0.0,19.8,19.8,13.52461636,0.0,,21.25,0.141,13.625,0.091,0.0,0.0,0.0,0.0,0.13625,0.091,0.0,0.0,0.0,0.0,0.22725,,,,,,,,,,7,,,0.0702168555331907,Information
482497,9553.0,8228.836638,CHN,China,Xinjiang Uygur,4.052717152,0.0,0.59,0.57,9553.0,9553.0,1.0,28.0,37.0,17.0,7.0,3.0,1.0,3.7,1.7,0.7,18.2,0.0,0.0,0.0,0.0,0.0,0.0,0.0,0.0,0.0,0.0,0.0,18.2,18.2,81.05434303999999,0.0,,,,,,,,,,,,,,,,,,,,,,,,,,721,,,0.4839855233472658,Advisory
482499,9555.0,13802.96756,CHN,China,Xinjiang Uygur,2.465299309,0.0,0.59,0.57,9555.0,9555.0,1.0,28.0,41.0,19.0,7.0,3.0,1.0,4.1,1.9,0.7,20.2,0.0,0.0,0.0,0.0,0.0,0.0,0.0,0.0,0.0,0.0,0.0,20.2,20.2,49.305986180000005,0.0,,10.25,0.074,6.312,0.046,0.25,0.002,0.062,0.0,0.06312,0.046,0.00375,0.003,0.00155,0.0,0.11742,0.0,0.0,128.8125,0.9332232321515874,0.0,0.0,4.5084375,3.266281312530556,7.774718812530557,293726,,,0.1787536609795508,Information
482502,9557.0,4652.532189,CHN,China,Xinjiang Uygur,4.009625435,0.0,0.59,0.57,9557.0,9557.0,1.0,30.0,35.0,5.0,-9999.0,3.0,1.0,3.5,0.5,-999.9,-1983.8,0.0,0.0,0.0,0.0,0.0,0.0,0.0,0.0,0.0,0.0,0.0,-1983.8,1.259992917094563,80.1925087,0.0,,9.25,0.199,3.688,0.079,0.0,0.0,0.0,0.0,0.03688,0.079,0.0,0.0,0.0,0.0,0.11588,0.421875,0.0090676427988881,11.25,0.2418038079703517,0.006328125,0.0136014641983321,0.39375,0.8463133278962309,1.259992917094563,1863,,,0.0029350183540956,Information
482503,9558.0,4711.255985,CHN,China,Xinjiang Uygur,2.311207905,0.0,0.59,0.57,9558.0,9558.0,1.0,30.0,35.0,7.0,2.0,3.0,1.0,3.5,0.7,0.2,16.666666666666664,0.0,0.0,0.0,0.0,0.0,0.0,0.0,0.0,0.0,0.0,0.0,16.666666666666664,16.666666666666664,46.2241581,0.0,,127.688,2.71,17.562,0.373,0.0,0.0,0.0,0.0,0.17562,0.373,0.0,0.0,0.0,0.0,0.54862,3.09375,0.0656672023327844,43.734375,0.9282954511589074,0.04640625,0.0985008034991766,1.530703125,3.249034079056176,4.924644257555352,327159,,,0.1207162812760302,Information
482504,9559.0,14620.71075,CHN,China,Xinjiang Uygur,0.269544404,0.0,0.59,0.57,9559.0,9559.0,1.0,30.0,39.0,17.0,3.0,3.0,1.0,3.9,1.7,0.3,18.5,0.0,0.0,0.0,0.0,0.0,0.0,0.0,0.0,0.0,0.0,0.0,18.5,18.5,5.39088808,0.0,,318.438,2.178,156.188,1.068,0.0,0.0,0.0,0.0,1.56188,1.068,0.0,0.0,0.0,0.0,2.62988,6.609375,0.045205565665608,10.6875,0.0730983615018342,0.099140625,0.067808348498412,0.3740625,0.2558442652564197,0.7968557387548316,123265,,,0.0513415274378451,Information
482505,9560.0,3371.153887,CHN,China,Xinjiang Uygur,2.0958602,0.0,0.59,0.57,9560.0,9560.0,1.0,29.0,35.0,5.0,2.0,3.0,1.0,3.5,0.5,0.2,17.933333333333334,0.0,0.0,0.0,0.0,0.0,0.0,0.0,0.0,0.0,0.0,0.0,17.933333333333334,17.933333333333334,41.917204000000005,0.0,,56.75,1.683,32.125,0.953,0.0,0.0,0.0,0.0,0.32125,0.953,0.0,0.0,0.0,0.0,1.27425,4.640625,0.1376568722808783,14.765625,0.4379991390755219,0.069609375,0.2064853084213174,0.516796875,1.5329969867643267,2.325888545185644,56283,,,0.1199556889414796,Information
482506,9561.0,1274.464604,CHN,China,Xinjiang Uygur,2.058772672,0.0,0.59,0.57,9561.0,,,,,,,,,,,,,,,,,,,,,,,,,2.0125,41.17545344,0.0,,55.25,4.335,22.75,1.785,0.0,0.0,0.0,0.0,0.2275,1.785,0.0,0.0,0.0,0.0,2.0125,,,,,,,,,,6,,,0.0003688351211186,Information
482507,9562.0,604.2675026,CHN,China,Xinjiang Uygur,3.843586674,0.0,0.59,0.57,9562.0,9562.0,1.0,29.0,39.0,19.0,3.0,3.0,1.0,3.9,1.9,0.3,20.2,0.0,0.0,0.0,0.0,0.0,0.0,0.0,0.0,0.0,0.0,0.0,20.2,20.2,76.87173348,0.0,,,,,,,,,,,,,,,,,2.390625,0.3956236252196066,0.0,0.0,0.035859375,0.5934354378294099,0.0,0.0,0.6292948128294099,6413,,,0.4461585153101702,Advisory
482508,9563.0,3437.40105,CHN,China,Xinjiang Uygur,2.545667662,0.0,0.59,0.57,9563.0,9563.0,1.0,28.0,52.0,25.0,9.0,3.0,1.0,5.2,2.5,0.9,25.2,0.0,0.0,0.0,0.0,0.0,0.0,0.0,0.0,0.0,0.0,0.0,25.2,25.2,50.91335324,0.0,,,,,,,,,,,,,,,,,4.5,0.1309128592838261,6.75,0.1963692889257391,0.0675,0.1963692889257391,0.23625,0.6872925112400868,1.187411800165826,27658,,,0.2524681398324451,Information
482600,9565.0,26076.78135,CHN,China,Xinjiang Uygur,0.163242652,0.0,0.59,0.57,9565.0,9565.0,1.0,26.0,41.0,11.0,2.0,3.0,1.0,4.1,1.1,0.2,19.9,0.0,0.0,0.0,0.0,0.0,0.0,0.0,0.0,0.0,0.0,0.0,19.9,21.56125690103008,3.26485304,0.0,,239.438,0.918,157.312,0.603,17.812,0.068,19.125,0.073,1.57312,0.603,0.26718,0.102,0.478125,0.1825,3.205925,6.046875,0.0231887322237124,442.6875,1.6976309079127163,0.090703125,0.0347830983355686,15.4940625,5.941708177694507,21.56125690103008,1445,,,0.0666675961123012,Information
482610,9566.0,6278.454893,CHN,China,Xinjiang Uygur,4.01957637,0.0,0.59,0.57,9566.0,,,,,,,,,,,,,,,,,,,,,,,,,0.28988,80.3915274,0.0,,22.5,0.358,11.188,0.178,0.0,0.0,0.0,0.0,0.11188,0.178,0.0,0.0,0.0,0.0,0.28988,,,,,,,,,,21780,,,1.2530479552827333e-05,Information
482620,9567.0,7017.401573,CHN,China,Xinjiang Uygur,0.125507761,0.0,0.59,0.57,9567.0,,,,,,,,,,,,,,,,,,,,,,,,,0.3120330146829924,2.51015522,0.0,,23.625,0.337,12.5,0.178,0.0,0.0,0.0,0.0,0.125,0.178,0.0,0.0,0.0,0.0,0.303,2.671875,0.0380749907538454,2.53125,0.0360710438720641,0.040078125,0.057112486130768,0.08859375,0.1262486535522243,0.3120330146829924,274583,,,4.6125245624719186e-09,Information
482640,9569.0,4925.593406,CHN,China,Xinjiang Uygur,2.017801194,0.0,0.59,0.57,9569.0,9569.0,1.0,29.0,37.0,21.0,9.0,3.0,1.0,3.7,2.1,0.9,19.1,0.0,0.0,0.0,0.0,0.0,0.0,0.0,0.0,0.0,0.0,0.0,19.1,19.1,40.35602388,0.0,,,,,,,,,,,,,,,,,,,,,,,,,,14729,,,0.1274131455752323,Information
482680,9573.0,18680.67145,CHN,China,Xinjiang Uygur,2.271415086,0.0,0.59,0.57,9573.0,9573.0,2.0,28.0,56.0,31.0,21.0,7.0,1.0,5.6,3.1,2.1,30.1,0.0,0.0,0.0,0.0,0.0,0.0,0.0,0.0,0.0,0.0,0.0,30.1,30.1,45.42830172000001,0.0,,,,,,,,,,,,,,,,,4.5,0.0240890698768781,223.453125,1.196172876073731,0.0675,0.0361336048153171,7.820859375,4.186605066258058,12.111098046073376,665079,,,0.2759250008174718,Information
482690,9574.0,24629.41381,CHN,China,Xinjiang Uygur,3.092360352,0.0,0.59,0.57,9574.0,,,,,,,,,,,,,,,,,,,,,,,,,6.868840219353802,61.84720704,0.0,,56.062,0.228,35.375,0.144,2.875,0.012,0.938,0.004,0.35375,0.144,0.043125,0.018,0.02345,0.01,0.592325,1.828125,0.0074225274472076,138.796875,0.5635411223379975,0.027421875,0.0111337911708114,4.857890625,1.9723939281829912,6.868840219353802,379353,,,0.043208955772398,Information
482700,9575.0,10232.96671,CHN,China,Xinjiang Uygur,2.858129441,0.0,0.59,0.57,9575.0,,,,,,,,,,,,,,,,,,,,,,,,,1.8949004606646915,57.16258882,0.0,,41.25,0.403,30.188,0.295,4.375,0.043,4.375,0.043,0.30188,0.295,0.065625,0.0645,0.109375,0.1074999999999999,0.94388,24.1875,0.2363684031318076,17.015625,0.1662824231334228,0.3628125,0.3545526046977114,0.595546875,0.5819884809669799,1.8949004606646915,6539,,,0.0009096559406887,Information
482704,9579.0,9238.412896,CHN,China,Xinjiang Uygur,4.022097467,0.0,0.59,0.57,9579.0,,,,,,,,,,,,,,,,,,,,,,,,,1.1505,80.44194934000001,0.0,,90.875,0.984,55.25,0.598,0.0,0.0,0.0,0.0,0.5525,0.598,0.0,0.0,0.0,0.0,1.1505,,,,,,,,,,1560,,,0.0023042965510234,Information
482705,9580.0,9996.265274,CHN,China,Xinjiang Uygur,1.299242128,0.0,0.59,0.57,9580.0,,,,,,,,,,,,,,,,,,,,,,,,,1.0408193950712274,25.98484256,0.0,,46.0,0.46,30.312,0.303,0.0,0.0,0.0,0.0,0.30312,0.303,0.0,0.0,0.0,0.0,0.60612,6.46875,0.0647116680358823,12.09375,0.1209826837192583,0.09703125,0.0970675020538234,0.42328125,0.4234393930174041,1.0408193950712274,184062,,,1.0028216873333836e-05,Information
482706,9581.0,13964.22768,CHN,China,Xinjiang Uygur,3.033917969,0.0,0.59,0.57,9581.0,,,,,,,,,,,,,,,,,,,,,,,,,0.37638,60.67835938,0.0,,33.0,0.236,21.938,0.157,0.0,0.0,0.0,0.0,0.21938,0.157,0.0,0.0,0.0,0.0,0.37638,,,,,,,,,,159960,,,1.668298779605345e-06,Information
482707,9582.0,2566.149761,CHN,China,Xinjiang Uygur,4.047452909,0.0,0.59,0.57,9582.0,,,,,,,,,,,,,,,,,,,,,,,,,0.79288,80.94905818000001,0.0,,31.375,1.223,16.188,0.631,0.0,0.0,0.0,0.0,0.16188,0.631,0.0,0.0,0.0,0.0,0.79288,,,,,,,,,,231,,,0.0007384109411267,Information
482708,9583.0,5666.967154,CHN,China,Xinjiang Uygur,4.016757933,0.0,0.59,0.57,9583.0,,,,,,,,,,,,,,,,,,,,,,,,,0.48807,80.33515866,0.0,,29.875,0.527,15.875,0.28,1.188,0.021,0.0,0.0,0.15875,0.28,0.01782,0.0315,0.0,0.0,0.48807,,,,,,,,,,0,,,0.0001094559812019,Information
482709,9584.0,546.7774062,CHN,China,Xinjiang Uygur,4.011258146,0.0,0.59,0.57,9584.0,,,,,,,,,,,,,,,,,,,,,,,,,0.51888,80.22516292,0.0,,7.5,1.372,2.688,0.492,0.0,0.0,0.0,0.0,0.02688,0.492,0.0,0.0,0.0,0.0,0.51888,,,,,,,,,,680,,,0.0001360582999081,Information
482801,9585.0,3624.462298,CHN,China,Xinjiang Uygur,4.011300226,0.0,0.59,0.57,9585.0,9585.0,1.0,29.0,33.0,15.0,3.0,3.0,1.0,3.3,1.5,0.3,18.2,0.0,0.0,0.0,0.0,0.0,0.0,0.0,0.0,0.0,0.0,0.0,18.2,18.2,80.22600452,0.0,,51.875,1.431,23.25,0.641,0.25,0.007,0.0,0.0,0.2325,0.641,0.00375,0.0105,0.0,0.0,0.88775,17.296875,0.4772259601053336,1.40625,0.038798858545149,0.259453125,0.7158389401580003,0.04921875,0.1357960049080215,1.160306820066022,352687,,,0.4669471906316352,Advisory
482802,9586.0,9524.385566,CHN,China,Xinjiang Uygur,3.22077248,0.0,0.59,0.57,9586.0,,,,,,,,,,,,,,,,,,,,,,,,,1.1285861314005503,64.4154496,0.0,,15.0,0.157,14.375,0.151,0.812,0.009,1.438,0.015,0.14375,0.151,0.01218,0.0134999999999999,0.0359499999999999,0.0375,0.3938799999999999,6.1875,0.0649648206427183,13.078125,0.1373120072675637,0.0928125,0.0974472309640774,0.457734375,0.4805920254364729,1.1285861314005503,290889,,,0.0002793127384754,Information
482804,9588.0,26709.3982,CHN,China,Xinjiang Uygur,2.949096618,0.0,0.59,0.57,9588.0,9588.0,1.0,26.0,39.0,17.0,11.0,3.0,1.0,3.9,1.7,1.1,20.0,0.0,0.0,0.0,0.0,0.0,0.0,0.0,0.0,0.0,0.0,0.0,20.0,20.0,58.98193236,0.0,,26.5,0.099,15.625,0.059,0.375,0.001,0.0,0.0,0.15625,0.059,0.005625,0.0015,0.0,0.0,0.222375,9.703125,0.0363285047691944,14.0625,0.052650006911876,0.145546875,0.0544927571537916,0.4921875,0.184275024191566,0.8765021563453577,1615625,,,0.2362922155739968,Information
482805,9589.0,6850.765328,CHN,China,Xinjiang Uygur,1.598874648,0.0,0.59,0.57,9589.0,,,,,,,,,,,,,,,,,,,,,,,,,0.7108122455668243,31.97749296,0.0,,19.188,0.28,14.0,0.204,2.5,0.036,3.812,0.056,0.14,0.204,0.0375,0.0539999999999999,0.0953,0.14,0.6708,8.4375,0.1231614220633064,4.640625,0.0677387821348185,0.1265625,0.1847421330949596,0.162421875,0.2370857374718647,0.7108122455668243,380458,,,2.543279840257616e-06,Information
482809,9593.0,18364.67292,CHN,China,Xinjiang Uygur,3.631304846,0.0,0.59,0.57,9593.0,,,,,,,,,,,,,,,,,,,,,,,,,1.15462,72.62609692,0.0,,78.75,0.429,64.312,0.35,2.0,0.011,3.0,0.016,0.64312,0.35,0.03,0.0165,0.075,0.04,1.15462,7.875,0.0428812428885587,8.4375,0.04594418880917,0.118125,0.064321864332838,0.2953125,0.160804660832095,0.6385640251649329,200957,,,0.0007732353942266,Information
482920,9595.0,23123.572,CHN,China,Xinjiang Uygur,1.156481378,0.0,0.59,0.57,9595.0,9595.0,1.0,29.0,33.0,13.0,3.0,3.0,1.0,3.3,1.3,0.3,18.9,0.0,0.0,0.0,0.0,0.0,0.0,0.0,0.0,0.0,0.0,0.0,18.9,18.9,23.129627560000003,0.0,,37.562,0.162,15.062,0.065,0.812,0.004,0.0,0.0,0.15062,0.065,0.01218,0.006,0.0,0.0,0.2338,3.65625,0.0158117872094912,0.703125,0.0030407283095175,0.05484375,0.0237176808142368,0.024609375,0.0106425490833112,0.113813354897548,128191,,,0.0803145914145369,Information
482940,9597.0,28084.65526,CHN,China,Xinjiang Uygur,0.697798215,0.0,0.59,0.57,9597.0,,,,,,,,,,,,,,,,,,,,,,,,,0.2126269621275017,13.955964300000002,0.0,,17.875,0.064,10.875,0.039,0.125,0.0,0.0,0.0,0.10875,0.039,0.001875,0.0,0.0,0.0,0.1496249999999999,3.234375,0.0115165202146416,3.09375,0.0110158019444398,0.048515625,0.0172747803219624,0.10828125,0.0385553068055393,0.2126269621275017,289662,,,9.680743898196211e-10,Information
482950,9598.0,2625.21063,CHN,China,Xinjiang Uygur,0.893789024,0.0,0.59,0.57,9598.0,9598.0,1.0,30.0,35.0,15.0,3.0,3.0,1.0,3.5,1.5,0.3,18.6,0.0,0.0,0.0,0.0,0.0,0.0,0.0,0.0,0.0,0.0,0.0,18.6,18.6,17.87578048,0.0,,,,,,,,,,,,,,,,,0.84375,0.0321402782112188,2.390625,0.0910641215984533,0.01265625,0.0482104173168282,0.083671875,0.3187244255945865,0.4632629679114147,243872,,,0.0687624566299503,Information
482970,9600.0,7730.9841,CHN,China,Xinjiang Uygur,3.594175888,0.0,0.59,0.57,9600.0,9600.0,1.0,30.0,33.0,15.0,3.0,3.0,1.0,3.3,1.5,0.3,18.4,0.0,0.0,0.0,0.0,0.0,0.0,0.0,0.0,0.0,0.0,0.0,18.4,18.4,71.88351776,0.0,,15.0,0.194,14.438,0.187,0.312,0.004,0.062,0.001,0.14438,0.187,0.00468,0.006,0.00155,0.0025,0.34611,7.59375,0.0982248818769053,17.4375,0.225553432458079,0.11390625,0.1473373228153579,0.6103125,0.7894370136032764,1.6609930864186344,1117696,,,0.3357809753500849,Information
482980,9601.0,11578.47091,CHN,China,Xinjiang Uygur,3.639182216,0.0,0.59,0.57,9601.0,,,,,,,,,,,,,,,,,,,,,,,,,0.5962294094229779,72.78364432000001,0.0,,10.75,0.093,10.062,0.087,0.062,0.001,0.062,0.001,0.1006199999999999,0.087,0.0009299999999999,0.0015,0.00155,0.0025,0.1940999999999999,10.828125,0.0935194731893157,4.5,0.0388652356111441,0.162421875,0.1402792097839735,0.1575,0.1360283246390043,0.5962294094229779,90243,,,6.646987489098067e-05,Information
482990,9602.0,29652.66973,CHN,China,Xinjiang Uygur,3.513750385,0.0,0.59,0.57,9602.0,9602.0,2.0,30.0,74.0,47.0,29.0,7.0,1.0,7.4,4.7,2.9,40.7,0.0,0.0,0.0,0.0,0.0,0.0,0.0,0.0,0.0,0.0,0.0,40.7,40.7,70.2750077,0.0,,14.0,0.047,9.0,0.03,0.0,0.0,0.0,0.0,0.09,0.03,0.0,0.0,0.0,0.0,0.12,3.09375,0.0104332932855518,123.75,0.4173317314220754,0.04640625,0.0156499399283277,4.33125,1.460661059977264,5.853967249905591,774,,,0.6233305831052532,Watch
483013,9605.0,4853.34007,CHN,China,Xinjiang Uygur,3.623432162,0.0,0.59,0.57,9605.0,,,,,,,,,,,,,,,,,,,,,,,,,6.7633260116715,72.46864323999999,0.0,,0.375,0.008,0.375,0.008,1.938,0.04,0.5,0.01,0.00375,0.008,0.02907,0.06,0.0125,0.025,0.13832,6.890625,0.1419769663995568,60.1875,1.240125339163476,0.103359375,0.2129654495993351,2.1065625,4.340438687072165,6.7633260116715,0,,,0.0801875958166879,Information
483022,9613.0,7055.608777,CHN,China,Qinghai,0.700063238,0.0,0.59,0.57,9613.0,,,,,,,,,,,,,,,,,,,,,,,,,12.200249929922258,14.001264760000002,0.0,,82.75,1.173,73.312,1.039,1.875,0.027,0.438,0.006,0.73312,1.039,0.028125,0.0405,0.01095,0.015,1.866695,1.125,0.0159447616158757,143.71875,2.036943296428127,0.016875,0.0239171424238135,5.03015625,7.129301537498444,12.200249929922258,1612,,,0.0254171360816742,Information
483033,9619.0,14010.69314,CHN,China,Qinghai,3.113106071,0.0,0.59,0.57,9619.0,,,,,,,,,,,,,,,,,,,,,,,,,2.665402117998061,62.26212142,0.0,,18.75,0.134,17.75,0.127,2.062,0.015,1.938,0.014,0.1775,0.127,0.03093,0.0225,0.04845,0.035,0.44138,0.0,0.0,44.4375,0.3171684622851602,0.0,0.0,1.5553125,1.1100896179980608,2.665402117998061,1967,,,0.0040209044989276,Information
483034,9620.0,1735.149488,CHN,China,Qinghai,2.364082428,0.0,0.59,0.57,9620.0,,,,,,,,,,,,,,,,,,,,,,,,,7.223406295598222,47.28164856,0.0,,4.562,0.263,4.562,0.263,0.0,0.0,0.0,0.0,0.04562,0.263,0.0,0.0,0.0,0.0,0.30862,0.0,0.0,30.515625,1.7586741201709204,0.0,0.0,1.068046875,6.155359420598222,7.223406295598222,15217,,,0.0234259260159645,Information
483035,9621.0,20126.21199,CHN,China,Qinghai,1.635429818,0.0,0.59,0.57,9621.0,,,,,,,,,,,,,,,,,,,,,,,,,2.830545,32.70859636,0.0,,62.938,0.313,62.812,0.312,11.625,0.058,43.562,0.216,0.62812,0.312,0.174375,0.087,1.08905,0.54,2.830545,2.109375,0.0104807352786581,42.890625,0.2131082839993827,0.031640625,0.0157211029179871,1.501171875,0.7458789939978394,2.2944125969158264,364,,,0.0007659721272744,Information
483040,9622.0,26650.03893,CHN,China,Qinghai,4.019567878,0.0,0.59,0.57,9622.0,9622.0,1.0,15.0,58.0,13.0,-9999.0,3.0,1.0,5.8,1.3,-999.9,-1977.6,0.0,0.0,0.0,0.0,0.0,0.0,0.0,0.0,0.0,0.0,0.0,-1977.6,1.976469076138704,80.39135756,0.0,,52.625,0.197,49.312,0.185,13.688,0.051,17.875,0.067,0.49312,0.185,0.20532,0.0765,0.446875,0.1675,1.574315,0.0,0.0,41.0625,0.154080450325344,0.0,0.0,1.4371875,0.539281576138704,1.976469076138704,164034,,,0.0108763528107358,Information
483052,9624.0,44951.35228,CHN,China,Qinghai,2.098284234,0.0,0.59,0.57,9624.0,9624.0,1.0,24.0,37.0,7.0,3.0,3.0,1.0,3.7,0.7,0.3,-1750.4,0.0,0.0,0.0,0.0,0.0,0.0,0.0,0.0,0.0,0.0,0.0,-1750.4,26.78941091779131,41.96568468,0.0,,502.125,1.117,489.938,1.09,323.688,0.72,214.812,0.478,4.89938,1.09,4.85532,1.08,5.370299999999999,1.1949999999999998,18.49,134.015625,0.2981348017313261,568.6875,1.2651176686269496,2.010234375,0.4472022025969892,19.9040625,4.427911840194324,26.78941091779131,36776,,,0.219752968689239,Information
483053,9625.0,12673.68827,CHN,China,Qinghai,4.127689668,0.0,0.59,0.57,9625.0,9625.0,1.0,20.0,100.0,21.0,-9999.0,3.0,1.0,10.0,2.1,-999.9,-1967.8,0.0,0.0,0.0,0.0,0.0,0.0,0.0,0.0,0.0,0.0,0.0,-1967.8,31.372428604767627,82.55379336000001,0.0,3.0,264.812,2.089,259.625,2.049,108.25,0.854,73.688,0.581,2.59625,2.049,1.62375,1.281,1.8422,1.4525,10.8447,45.5625,0.3595046606210675,481.5,3.799209746810294,0.6834375,0.5392569909316013,16.8525,13.297234113836028,31.372428604767627,297582,15820.0,5.32,0.7213333985901977,Watch
483054,9626.0,7792.017678,CHN,China,Qinghai,2.371110383,0.0,0.59,0.57,9626.0,9626.0,1.0,16.0,56.0,2.0,-9999.0,3.0,1.0,5.6,0.2,-999.9,-1979.1,0.0,0.0,0.0,0.0,0.0,0.0,0.0,0.0,0.0,0.0,0.0,-1979.1,4.641473804288683,47.42220766,0.0,,31.75,0.407,30.5,0.391,13.25,0.17,11.75,0.151,0.305,0.391,0.19875,0.255,0.29375,0.3775,1.821,10.828125,0.1389643279524238,53.4375,0.6857979821028707,0.162421875,0.2084464919286357,1.8703125,2.4002929373600472,4.641473804288683,4523,,,0.0076066348572738,Information
483056,9628.0,15365.77259,CHN,China,Qinghai,3.163069189,0.0,0.59,0.57,9628.0,9628.0,2.0,18.0,100.0,33.0,3.0,7.0,1.0,10.0,3.3,0.3,41.15,0.0,0.0,0.0,0.0,0.0,0.0,0.0,0.0,0.0,0.0,0.0,41.15,41.15,63.26138378,0.0,,91.25,0.594,90.25,0.587,23.312,0.152,21.812,0.142,0.9025,0.587,0.34968,0.2279999999999999,0.5453,0.355,2.96748,0.0,0.0,64.546875,0.4200691805131011,0.0,0.0,2.259140625,1.4702421317958538,3.7293827567958537,1034,,,0.5451415012338314,Advisory
483057,9629.0,7941.820069,CHN,China,Qinghai,3.366391508,0.0,0.59,0.57,9629.0,9629.0,1.0,18.0,96.0,9.0,-9999.0,3.0,1.0,9.6,0.9,-999.9,-1970.2666666666664,0.0,0.0,0.0,0.0,0.0,0.0,0.0,0.0,0.0,0.0,0.0,-1970.2666666666664,5.880515618789363,67.32783016,0.0,,79.688,1.003,79.438,1.0,34.125,0.43,21.375,0.269,0.79438,1.0,0.511875,0.645,0.534375,0.6725000000000001,4.15813,3.234375,0.0407258660087279,72.984375,0.9189880199360774,0.048515625,0.0610887990130918,2.554453125,3.216458069776271,5.880515618789363,16529,,,0.0431836891845963,Information
483058,9630.0,6853.839974,CHN,China,Qinghai,3.106846431,0.0,0.59,0.57,9630.0,9630.0,1.0,15.0,100.0,27.0,-9999.0,3.0,1.0,10.0,2.7,-999.9,-1295.0,0.0,0.0,0.0,0.0,0.0,0.0,0.0,0.0,0.0,0.0,0.0,-1295.0,0.2541644352216543,62.136928620000006,0.0,,4.688,0.068,4.188,0.061,0.0,0.0,0.0,0.0,0.04188,0.061,0.0,0.0,0.0,0.0,0.10288,0.0,0.0,2.953125,0.0430871600633298,0.0,0.0,0.103359375,0.1508050602216543,0.2541644352216543,29895,,,2.81128174513705e-07,Information
483059,9631.0,14694.40564,CHN,China,Qinghai,4.009286826,0.0,0.59,0.57,9631.0,9631.0,2.0,1.0,100.0,100.0,-9999.0,7.0,10.0,10.0,10.0,-999.9,-1961.685714285714,0.0,0.0,0.0,0.0,0.0,0.0,0.0,0.0,0.0,0.0,0.0,-1961.685714285714,2.391605818153967,80.18573652,0.0,,14.375,0.098,12.812,0.087,1.875,0.013,8.438,0.057,0.1281199999999999,0.087,0.028125,0.0195,0.21095,0.1425,0.616195,1.6875,0.0114839622706004,39.9375,0.2717871070708761,0.0253125,0.0172259434059006,1.3978125,0.9512548747480664,2.391605818153967,49940,,,0.0172389790596012,Information
491101,9632.0,19284.42936,CHN,China,Xizang,2.275383935,0.0,0.59,0.57,9632.0,,,,,,,,,,,,,,,,,,,,,,,,,7.071593178785129,45.5076787,0.0,,139.062,0.721,49.812,0.258,3.625,0.019,1.25,0.006,0.4981199999999999,0.258,0.054375,0.0284999999999999,0.03125,0.015,0.8852449999999998,33.1875,0.1720947992430289,118.828125,0.6161868871201672,0.4978125,0.2581421988645433,4.158984375,2.156654104920585,7.071593178785129,2013,,,0.0205770552216336,Information
491102,9633.0,7501.597754,CHN,China,Xizang,3.270513459,0.0,0.59,0.57,9633.0,,,,,,,,,,,,,,,,,,,,,,,,,1.2992168560400597,65.41026918,0.0,,86.312,1.151,38.188,0.509,4.188,0.056,0.688,0.009,0.38188,0.509,0.06282,0.084,0.0171999999999999,0.0225,1.0774,2.671875,0.0356174122847503,14.765625,0.1968330678894098,0.040078125,0.0534261184271254,0.516796875,0.6889157376129342,1.2992168560400597,660,,,0.0005157425061577,Information
491103,9634.0,7406.850116,CHN,China,Xizang,0.690208471,0.0,0.59,0.57,9634.0,,,,,,,,,,,,,,,,,,,,,,,,,3.222209580065204,13.80416942,0.0,,32.75,0.442,24.125,0.326,2.5,0.034,1.188,0.016,0.24125,0.326,0.0375,0.051,0.0296999999999999,0.04,0.72545,4.78125,0.064551731509966,37.125,0.5012252093715013,0.07171875,0.096827597264949,1.299375,1.7542882328002545,3.222209580065204,1190,,,0.0005071057695817,Information
491104,9635.0,6913.273513,CHN,China,Xizang,3.28074244,0.0,0.59,0.57,9635.0,,,,,,,,,,,,,,,,,,,,,,,,,1.899089995457392,65.6148488,0.0,,37.375,0.541,22.5,0.325,3.125,0.045,2.375,0.034,0.225,0.325,0.046875,0.0675,0.059375,0.085,0.80875,2.53125,0.0366143476779584,21.09375,0.3051195639829869,0.03796875,0.0549215215169376,0.73828125,1.067918473940454,1.899089995457392,0,,,0.0018882570711943,Information
491105,9636.0,6144.765914,CHN,China,Xizang,1.754857031,0.0,0.59,0.57,9636.0,,,,,,,,,,,,,,,,,,,,,,,,,3.9349439690945855,35.09714062,0.0,,69.438,1.13,26.125,0.425,2.0,0.033,0.5,0.008,0.26125,0.425,0.03,0.0495,0.0125,0.02,0.79825,10.265625,0.1670629140787838,38.390625,0.62476952799326,0.153984375,0.2505943711181757,1.343671875,2.18669334797641,3.9349439690945855,1172,,,0.002531522412553,Information
491106,9637.0,6004.586942,CHN,China,Xizang,0.934887401,0.0,0.59,0.57,9637.0,,,,,,,,,,,,,,,,,,,,,,,,,7.239666831810019,18.69774802,0.0,,90.438,1.506,40.375,0.672,0.062,0.001,0.0,0.0,0.40375,0.672,0.0009299999999999,0.0015,0.0,0.0,1.07818,5.203125,0.0866525049971373,75.375,1.2552903426612323,0.078046875,0.1299787574957059,2.638125,4.393516199314313,7.239666831810019,0,,,0.0077902127270405,Information
491107,9638.0,8770.860726,CHN,China,Xizang,1.7826622,0.0,0.59,0.57,9638.0,,,,,,,,,,,,,,,,,,,,,,,,,5.552657403074035,35.653244,0.0,,46.25,0.527,21.812,0.249,1.812,0.021,0.688,0.008,0.21812,0.249,0.02718,0.0315,0.0171999999999999,0.02,0.563,9.5625,0.1090257877555741,70.03125,0.7984535632687639,0.1434375,0.1635386816333611,2.45109375,2.794587471440674,5.552657403074035,25,,,0.0071426144186314,Information
491108,9639.0,11049.31006,CHN,China,Xizang,0.525645026,0.0,0.59,0.57,9639.0,,,,,,,,,,,,,,,,,,,,,,,,,15.42809550641442,10.51290052,0.0,,90.0,0.815,63.312,0.573,7.25,0.066,3.5,0.032,0.63312,0.573,0.10875,0.099,0.0875,0.08,1.5813699999999995,11.953125,0.1081798314456026,226.265625,2.047780574070291,0.179296875,0.1622697471684039,7.919296875,7.1672320092460176,15.42809550641442,161,,,0.039381901781397,Information
491201,9640.0,9243.670213,CHN,China,Xizang,2.165076086,0.0,0.59,0.57,9640.0,,,,,,,,,,,,,,,,,,,,,,,,,3.715075296829233,43.30152172,0.0,,38.688,0.419,20.375,0.22,3.625,0.039,2.438,0.026,0.20375,0.22,0.054375,0.0584999999999999,0.06095,0.065,0.6625749999999999,25.453125,0.2753573463168567,40.078125,0.433573722101128,0.381796875,0.413036019475285,1.402734375,1.517508027353948,3.715075296829233,1144,,,0.0032116830982906,Information
491202,9641.0,12605.30034,CHN,China,Xizang,2.284390448,0.0,0.59,0.57,9641.0,,,,,,,,,,,,,,,,,,,,,,,,,2.960654408727944,45.68780896,0.0,,132.188,1.049,76.125,0.604,9.188,0.073,7.688,0.061,0.76125,0.604,0.13782,0.1094999999999999,0.1921999999999999,0.1525,1.95727,27.703125,0.2197736209705323,35.296875,0.2800161363634701,0.415546875,0.3296604314557984,1.235390625,0.9800564772721454,2.960654408727944,803,,,0.0018109729800929,Information
491203,9642.0,8235.625405,CHN,China,Xizang,1.722007142,0.0,0.59,0.57,9642.0,,,,,,,,,,,,,,,,,,,,,,,,,8.021073055473682,34.44014284,0.0,,72.5,0.88,45.062,0.547,8.188,0.099,3.375,0.041,0.4506199999999999,0.547,0.12282,0.1485,0.084375,0.1025,1.455815,46.265625,0.5617742761066933,83.671875,1.015974754661041,0.693984375,0.8426614141600399,2.928515625,3.555911641313643,8.021073055473682,4,,,0.0178252518123148,Information
491204,9643.0,8300.391221,CHN,China,Xizang,0.29256594,0.0,0.59,0.57,9643.0,,,,,,,,,,,,,,,,,,,,,,,,,2.432300869388755,5.8513188000000005,0.0,,21.312,0.257,11.375,0.137,1.312,0.016,0.375,0.005,0.11375,0.137,0.01968,0.024,0.009375,0.0125,0.316305,7.59375,0.0914866516214057,28.265625,0.340533647701899,0.11390625,0.1372299774321085,0.989296875,1.1918677669566464,2.432300869388755,4370,,,0.0001280719114222,Information
491205,9644.0,7266.788258,CHN,China,Xizang,2.23063416,0.0,0.59,0.57,9644.0,,,,,,,,,,,,,,,,,,,,,,,,,3.782492014808549,44.612683200000006,0.0,,17.625,0.243,7.875,0.108,2.312,0.032,1.125,0.015,0.07875,0.108,0.03468,0.048,0.028125,0.0375,0.335055,12.9375,0.1780360118042283,39.9375,0.5495894277434876,0.1940625,0.2670540177063424,1.3978125,1.9235629971022064,3.782492014808549,854,,,0.0036377081174435,Information
491206,9645.0,5573.81406,CHN,China,Xizang,0.343392985,0.0,0.59,0.57,9645.0,,,,,,,,,,,,,,,,,,,,,,,,,5.605015525995615,6.8678597,0.0,,10.438,0.187,7.125,0.128,1.0,0.018,0.188,0.003,0.07125,0.128,0.015,0.0269999999999999,0.0046999999999999,0.0075,0.25345,10.6875,0.1917448247288235,52.734375,0.9461093325435372,0.1603125,0.2876172370932353,1.845703125,3.31138266390238,5.605015525995615,20,,,0.002474324712847,Information
491207,9646.0,5495.430432,CHN,China,Xizang,1.273424959,0.0,0.59,0.57,9646.0,,,,,,,,,,,,,,,,,,,,,,,,,5.797113965236152,25.46849918,0.0,,11.125,0.202,9.25,0.168,6.875,0.125,8.438,0.154,0.0925,0.168,0.103125,0.1875,0.21095,0.385,1.147075,15.328125,0.2789249211427774,52.171875,0.9493683095777103,0.229921875,0.4183873817141661,1.826015625,3.322789083521986,5.797113965236152,72,,,0.0053267786913013,Information
491208,9647.0,7966.569222,CHN,China,Xizang,3.064756632,0.0,0.59,0.57,9647.0,,,,,,,,,,,,,,,,,,,,,,,,,6.552192880863749,61.29513264,0.0,,41.875,0.526,28.562,0.359,8.0,0.1,2.375,0.03,0.28562,0.359,0.12,0.15,0.059375,0.075,1.048995,6.328125,0.0794335029713788,80.296875,1.0079228932590516,0.094921875,0.1191502544570682,2.810390625,3.5277301264066807,6.552192880863749,3655,,,0.0378528149047108,Information
491209,9648.0,5678.471302,CHN,China,Xizang,0.432653829,0.0,0.59,0.57,9648.0,,,,,,,,,,,,,,,,,,,,,,,,,3.754579371149528,8.65307658,0.0,,14.625,0.258,8.188,0.144,5.688,0.1,2.5,0.044,0.08188,0.144,0.08532,0.15,0.0625,0.1099999999999999,0.6337,18.140625,0.3194631800706195,31.078125,0.5472973860124567,0.272109375,0.4791947701059292,1.087734375,1.9155408510435985,3.754579371149528,7589,,,0.0007072193038336,Information
491301,9649.0,2635.016723,CHN,China,Xizang,4.01844278,0.0,0.59,0.57,9649.0,,,,,,,,,,,,,,,,,,,,,,,,,1.0856275522215793,80.3688556,0.0,,5.0,0.19,3.562,0.135,0.0,0.0,0.25,0.009,0.03562,0.135,0.0,0.0,0.00625,0.0225,0.19937,0.984375,0.0373574479226773,6.046875,0.2294814658107324,0.014765625,0.0560361718840159,0.211640625,0.8031851303375633,1.0856275522215793,191,,,0.0018960397122086,Information
491302,9650.0,6652.857316,CHN,China,Xizang,1.012841212,0.0,0.59,0.57,9650.0,,,,,,,,,,,,,,,,,,,,,,,,,0.6969606799893789,20.25682424,0.0,,17.0,0.256,5.125,0.077,0.0,0.0,0.0,0.0,0.05125,0.077,0.0,0.0,0.0,0.0,0.12825,5.765625,0.0866638908058815,5.484375,0.0824363839373019,0.086484375,0.1299958362088222,0.191953125,0.2885273437805566,0.6969606799893789,20030,,,1.0694486956667725e-06,Information
491303,9651.0,8387.555029,CHN,China,Xizang,2.4429697,0.0,0.59,0.57,9651.0,,,,,,,,,,,,,,,,,,,,,,,,,2.27667814247874,48.859394,0.0,,87.75,1.046,22.312,0.266,7.312,0.087,5.688,0.068,0.22312,0.266,0.10968,0.1305,0.1422,0.17,1.0415,4.921875,0.0586806880321677,27.5625,0.3286118529801395,0.073828125,0.0880210320482515,0.9646875,1.1501414854304883,2.27667814247874,2184,,,0.000929558823848,Information
491304,9652.0,17376.24381,CHN,China,Xizang,4.002855342,0.0,0.59,0.57,9652.0,,,,,,,,,,,,,,,,,,,,,,,,,11.106524998205394,80.05710684,0.0,,75.562,0.435,53.562,0.308,29.438,0.169,30.625,0.176,0.53562,0.308,0.4415699999999999,0.2535,0.765625,0.4399999999999999,2.744315,59.484375,0.3423316089149974,175.921875,1.0124275242379712,0.892265625,0.5134974133724961,6.157265625,3.5434963348328994,11.106524998205394,3838,,,0.2791595371023253,Information
491305,9653.0,6235.932178,CHN,China,Xizang,0.051765615,0.0,0.59,0.57,9653.0,,,,,,,,,,,,,,,,,,,,,,,,,5.435238210814022,1.0353123,0.0,,24.5,0.393,12.75,0.204,11.312,0.181,14.062,0.226,0.1275,0.204,0.16968,0.2714999999999999,0.35155,0.5650000000000001,1.6892299999999998,10.546875,0.1691306880673975,55.125,0.8839897296322646,0.158203125,0.2536960321010962,1.929375,3.0939640537129263,5.435238210814022,170,,,0.0018547728954469,Information
491402,9655.0,16805.61595,CHN,China,Xizang,3.340758855,0.0,0.59,0.57,9655.0,,,,,,,,,,,,,,,,,,,,,,,,,8.153391703795892,66.8151771,0.0,,162.375,0.966,72.312,0.43,6.0,0.036,0.375,0.002,0.72312,0.43,0.09,0.0539999999999999,0.009375,0.005,1.311495,92.390625,0.5497604210849796,106.453125,0.633437806333835,1.385859375,0.8246406316274694,3.725859375,2.2170323221684223,8.153391703795892,5201,,,0.0802102637153866,Information
491403,9656.0,7271.203771,CHN,China,Xizang,3.00317926,0.0,0.59,0.57,9656.0,,,,,,,,,,,,,,,,,,,,,,,,,3.562375437827608,60.0635852,0.0,,25.375,0.349,15.25,0.21,3.562,0.049,1.375,0.019,0.1525,0.21,0.05343,0.0735,0.034375,0.0475,0.571305,13.359375,0.1837298942509355,37.125,0.5105757061289155,0.200390625,0.2755948413764032,1.299375,1.787014971451204,3.562375437827608,896,,,0.0078274974729176,Information
491404,9657.0,3519.407698,CHN,China,Xizang,4.020904212,0.0,0.59,0.57,9657.0,,,,,,,,,,,,,,,,,,,,,,,,,6.093400453200107,80.41808423999998,0.0,,44.5,1.264,23.812,0.677,8.0,0.227,6.25,0.178,0.23812,0.677,0.12,0.3405,0.15625,0.4449999999999999,1.97687,4.359375,0.1238667234478752,43.453125,1.2346715337223697,0.065390625,0.1858000851718128,1.520859375,4.321350368028294,6.093400453200107,1459,,,0.1215243987508254,Information
491406,9659.0,22033.7538,CHN,China,Xizang,3.018486793,0.0,0.59,0.57,9659.0,,,,,,,,,,,,,,,,,,,,,,,,,12.79330443790712,60.369735860000006,0.0,,232.75,1.056,129.938,0.59,31.875,0.145,26.812,0.122,1.29938,0.59,0.478125,0.2174999999999999,0.6703,0.305,3.560305,89.859375,0.4078259920411746,212.90625,0.966273164241531,1.347890625,0.6117389880617619,7.45171875,3.3819560748453585,12.79330443790712,20578,,,0.1290967686578508,Information
491407,9660.0,11897.57831,CHN,China,Xizang,1.954691075,0.0,0.59,0.57,9660.0,,,,,,,,,,,,,,,,,,,,,,,,,7.896638543074552,39.0938215,0.0,,65.062,0.547,35.625,0.299,14.688,0.123,12.0,0.101,0.35625,0.299,0.22032,0.1845,0.3,0.2525,1.61257,39.9375,0.3356775553042191,105.46875,0.8864724171766352,0.5990625,0.5035163329563287,3.69140625,3.102653460118223,7.896638543074552,2525,,,0.0205312951740658,Information
491501,9661.0,8935.112625,CHN,China,Xizang,3.449213341,0.0,0.59,0.57,9661.0,,,,,,,,,,,,,,,,,,,,,,,,,4.87990880096396,68.98426682,0.0,,69.375,0.776,43.438,0.486,7.125,0.08,7.812,0.087,0.43438,0.486,0.106875,0.12,0.1953,0.2174999999999999,1.560055,13.078125,0.1463677689249761,60.1875,0.6736065064504276,0.196171875,0.2195516533874641,2.1065625,2.3576227725764967,4.87990880096396,2933,,,0.0322023416448231,Information
491502,9662.0,15929.41236,CHN,China,Xizang,2.513678573,0.0,0.59,0.57,9662.0,,,,,,,,,,,,,,,,,,,,,,,,,5.680279875597466,50.27357146,0.0,,26.625,0.167,13.5,0.085,0.25,0.002,0.062,0.0,0.135,0.085,0.00375,0.003,0.00155,0.0,0.2283,29.53125,0.1853881946908998,87.046875,0.5464537738746047,0.44296875,0.2780822920363497,3.046640625,1.9125882085611163,5.680279875597466,33940,,,0.0150210053405061,Information
491503,9663.0,29143.01731,CHN,China,Xizang,1.947398596,0.0,0.59,0.57,9663.0,,,,,,,,,,,,,,,,,,,,,,,,,28.313818241330885,38.94797192,0.0,,49.438,0.17,45.312,0.155,24.625,0.084,21.875,0.075,0.4531199999999999,0.155,0.369375,0.126,0.546875,0.1875,1.83787,192.9375,0.6620368026153883,519.609375,1.7829635464022302,2.8940625,0.9930552039230824,18.186328125,6.2403724124078055,28.313818241330885,16158,,,0.2211317814570843,Information
491504,9664.0,1420.560956,CHN,China,Xizang,3.423067273,0.0,0.59,0.57,9664.0,,,,,,,,,,,,,,,,,,,,,,,,,8.86917135365579,68.46134546,0.0,,6.938,0.488,6.938,0.488,1.0,0.07,1.312,0.092,0.06938,0.488,0.015,0.105,0.0328,0.2299999999999999,0.94018,9.5625,0.6731495724010117,27.421875,1.9303553914440776,0.1434375,1.0097243586015177,0.959765625,6.756243870054272,8.86917135365579,2759,,,0.1022860745080256,Information
491505,9665.0,4112.365485,CHN,China,Xizang,2.534399692,0.0,0.59,0.57,9665.0,,,,,,,,,,,,,,,,,,,,,,,,,7.31593514198221,50.68799384,0.0,,12.5,0.304,12.5,0.304,4.688,0.114,5.562,0.135,0.125,0.304,0.07032,0.171,0.13905,0.3375,1.14687,16.453125,0.4000890742822682,53.859375,1.3096932944453736,0.246796875,0.6001336114234023,1.885078125,4.583926530558808,7.31593514198221,162,,,0.0281883245903354,Information
491506,9666.0,5054.296406,CHN,China,Xizang,3.054631508,0.0,0.59,0.57,9666.0,,,,,,,,,,,,,,,,,,,,,,,,,6.492231373604816,61.09263016,0.0,,6.75,0.134,6.75,0.134,1.625,0.032,2.125,0.042,0.0675,0.134,0.024375,0.048,0.053125,0.105,0.432,23.90625,0.4729886829114958,52.03125,1.0294459569250205,0.35859375,0.7094830243672438,1.82109375,3.603060849237572,6.492231373604816,3681,,,0.036680568210287,Information
491601,9667.0,10765.26374,CHN,China,Xizang,0.414353058,0.0,0.59,0.57,9667.0,,,,,,,,,,,,,,,,,,,,,,,,,7.258743028800104,8.28706116,0.0,,22.375,0.208,21.938,0.204,5.125,0.048,2.812,0.026,0.21938,0.204,0.076875,0.072,0.0702999999999999,0.065,0.7075549999999999,21.515625,0.1998615689112167,98.296875,0.913093050123794,0.322734375,0.2997923533668251,3.440390625,3.1958256754332792,7.258743028800104,5967,,,0.0055990280323092,Information
491603,9669.0,4813.356848,CHN,China,Xizang,1.811072188,0.0,0.59,0.57,9669.0,,,,,,,,,,,,,,,,,,,,,,,,,3.32159244753572,36.22144376,0.0,,4.688,0.097,4.688,0.097,1.062,0.022,1.25,0.026,0.04688,0.097,0.01593,0.033,0.03125,0.065,0.28906,5.34375,0.1110191944708239,28.546875,0.5930762230941383,0.08015625,0.1665287917062358,0.999140625,2.075766780829484,3.32159244753572,14252,,,0.0015634835769214,Information
491604,9670.0,5473.473638,CHN,China,Xizang,2.394475845,0.0,0.59,0.57,9670.0,,,,,,,,,,,,,,,,,,,,,,,,,7.897250127064073,47.8895169,0.0,,29.438,0.538,27.188,0.497,7.25,0.132,6.25,0.114,0.27188,0.497,0.10875,0.198,0.15625,0.285,1.51688,23.484375,0.4290579722349358,69.75,1.2743278696319054,0.352265625,0.6435869583524036,2.44125,4.460147543711669,7.897250127064073,1296,,,0.0295901492555444,Information
491605,9671.0,2233.612252,CHN,China,Xizang,3.054274411,0.0,0.59,0.57,9671.0,,,,,,,,,,,,,,,,,,,,,,,,,4.109073288624661,61.08548822,0.0,,6.875,0.308,6.875,0.308,2.625,0.118,2.562,0.115,0.06875,0.308,0.039375,0.177,0.06405,0.2875,0.9446750000000002,9.0,0.4029347525247952,17.578125,0.7869819385249909,0.135,0.6044021287871928,0.615234375,2.754436784837468,4.109073288624661,302,,,0.0122826852142662,Information
491606,9672.0,3105.543063,CHN,China,Xizang,4.031482087,0.0,0.59,0.57,9672.0,,,,,,,,,,,,,,,,,,,,,,,,,5.82762354478894,80.62964174,0.0,,5.625,0.181,5.625,0.181,2.062,0.066,3.562,0.115,0.05625,0.181,0.03093,0.099,0.0890499999999999,0.2875,0.74373,10.6875,0.3441427081506715,34.875,1.1229919950179807,0.1603125,0.5162140622260072,1.220625,3.9304719825629326,5.82762354478894,17075,,,0.1148494810118316,Information
491607,9673.0,3514.511448,CHN,China,Xizang,4.031274968,0.0,0.59,0.57,9673.0,,,,,,,,,,,,,,,,,,,,,,,,,3.9069313041063087,80.62549935999999,0.0,,3.875,0.11,3.812,0.108,1.188,0.034,1.25,0.036,0.03812,0.108,0.01782,0.051,0.03125,0.09,0.33619,7.03125,0.2000633687962843,26.015625,0.7402344645462521,0.10546875,0.3000950531944265,0.910546875,2.5908206259118822,3.9069313041063087,18928,,,0.0546656979716433,Information
491701,9674.0,4886.034297,CHN,China,Xizang,2.777710838,0.0,0.59,0.57,9674.0,,,,,,,,,,,,,,,,,,,,,,,,,9.288472881555832,55.55421676,0.0,,14.812,0.303,12.625,0.258,3.625,0.074,4.062,0.083,0.12625,0.258,0.054375,0.1109999999999999,0.10155,0.2075,0.8586750000000001,18.84375,0.3856655286570487,79.03125,1.6174927395915024,0.28265625,0.578498292985573,2.76609375,5.661224588570258,9.288472881555832,0,,,0.0587333347819279,Information
491702,9675.0,4505.872652,CHN,China,Xizang,0.067113209,0.0,0.59,0.57,9675.0,,,,,,,,,,,,,,,,,,,,,,,,,7.974622434250802,1.34226418,0.0,,11.188,0.248,8.375,0.186,7.438,0.165,10.125,0.225,0.08375,0.186,0.11157,0.2475,0.253125,0.5625,1.444445,18.140625,0.4025995938934734,63.0,1.3981753338315976,0.272109375,0.60389939084021,2.205,4.893613668410592,7.974622434250802,318,,,0.0059449992225363,Information
491703,9676.0,8074.922424,CHN,China,Xizang,0.664800498,0.0,0.59,0.57,9676.0,,,,,,,,,,,,,,,,,,,,,,,,,9.073397441773285,13.29600996,0.0,,14.625,0.181,13.938,0.173,5.812,0.072,10.875,0.135,0.13938,0.173,0.08718,0.1079999999999999,0.271875,0.3375,1.116935,34.3125,0.4249266828422137,101.109375,1.2521405121457037,0.5146875,0.6373900242633206,3.538828125,4.3824917925099625,9.073397441773285,9276,,,0.011999253990247,Information
491704,9677.0,4403.35905,CHN,China,Xizang,3.789041025,0.0,0.59,0.57,9677.0,,,,,,,,,,,,,,,,,,,,,,,,,8.659188784062106,75.7808205,0.0,,13.312,0.302,10.875,0.247,6.75,0.153,4.0,0.091,0.10875,0.247,0.10125,0.2294999999999999,0.1,0.2274999999999999,1.014,11.109375,0.2522931896764443,70.875,1.609566678442126,0.166640625,0.3784397845146665,2.480625,5.633483374547441,8.659188784062106,83,,,0.1518517468351279,Information
491705,9678.0,4914.112746,CHN,China,Xizang,1.353245031,0.0,0.59,0.57,9678.0,,,,,,,,,,,,,,,,,,,,,,,,,13.18356149347575,27.06490062,0.0,,11.562,0.235,6.938,0.141,1.688,0.034,1.0,0.02,0.06938,0.141,0.02532,0.051,0.025,0.05,0.3617,16.59375,0.3376754026319645,117.0,2.380897754150801,0.24890625,0.5065131039479467,4.095,8.333142139527803,13.18356149347575,105,,,0.0435775556281545,Information
491706,9679.0,5418.05324,CHN,China,Xizang,2.113221555,0.0,0.59,0.57,9679.0,,,,,,,,,,,,,,,,,,,,,,,,,10.602608661604831,42.2644311,0.0,,13.312,0.246,10.375,0.191,2.0,0.037,7.812,0.144,0.10375,0.191,0.03,0.0554999999999999,0.1953,0.36,0.93555,29.53125,0.5450527836146498,93.796875,1.7311914603379597,0.44296875,0.8175791754219748,3.282890625,6.059170111182858,10.602608661604831,4783,,,0.0450592116760302,Information
491707,9680.0,8193.396541,CHN,China,Xizang,3.028387876,0.0,0.59,0.57,9680.0,,,,,,,,,,,,,,,,,,,,,,,,,11.945396040358096,60.56775752,0.0,,23.938,0.292,23.375,0.285,5.625,0.069,7.75,0.095,0.23375,0.285,0.084375,0.1035,0.19375,0.2375,1.137875,29.53125,0.360427447320664,141.046875,1.7214701412506002,0.44296875,0.540641170980996,4.936640625,6.0251454943771,11.945396040358096,371,,,0.1161924640866858,Information
491708,9681.0,5195.073687,CHN,China,Xizang,2.289422047,0.0,0.59,0.57,9681.0,,,,,,,,,,,,,,,,,,,,,,,,,12.528628536422907,45.78844094,0.0,,25.688,0.494,25.5,0.491,9.312,0.179,18.312,0.352,0.255,0.491,0.13968,0.2684999999999999,0.4578,0.8799999999999999,2.49198,9.28125,0.1786548287603124,118.40625,2.279202512366411,0.13921875,0.2679822431404686,4.14421875,7.977208793282438,12.528628536422907,9,,,0.0714771243246954,Information
491709,9682.0,10191.66499,CHN,China,Qinghai,1.654593795,0.0,0.59,0.57,9682.0,,,,,,,,,,,,,,,,,,,,,,,,,15.1491685631856,33.0918759,0.0,,58.25,0.572,57.062,0.56,33.812,0.332,27.938,0.274,0.57062,0.56,0.50718,0.498,0.69845,0.685,3.51925,35.296875,0.3463308011465906,203.34375,1.9951965675616328,0.529453125,0.5194962017198859,7.11703125,6.9831879864657145,15.1491685631856,111,,,0.068722290789787,Information
492010,9683.0,21684.58717,CHN,China,Xizang,1.629102161,0.0,0.59,0.57,9683.0,9683.0,1.0,18.0,62.0,23.0,7.0,3.0,1.0,6.2,2.3,0.7,-306.8666666666666,0.0,0.0,0.0,0.0,0.0,0.0,0.0,0.0,0.0,0.0,0.0,-306.8666666666666,19.11638602604381,32.58204322,0.0,,237.438,1.095,181.688,0.838,14.062,0.065,17.938,0.083,1.81688,0.838,0.21093,0.0975,0.44845,0.2075,3.61926,63.703125,0.2937714446630673,346.5,1.5979091382997743,0.955546875,0.440657166994601,12.1275,5.59268198404921,19.11638602604381,124,,,0.103768765390769,Information
492020,9684.0,10418.00982,CHN,China,Xizang,0.161071755,0.0,0.59,0.57,9684.0,9684.0,2.0,20.0,98.0,56.0,19.0,7.0,1.0,9.8,5.6,1.9,54.0,0.0,0.0,0.0,0.0,0.0,0.0,0.0,0.0,0.0,0.0,0.0,54.0,54.0,3.2214351000000003,0.0,,38.938,0.374,31.438,0.302,3.812,0.037,6.75,0.065,0.31438,0.302,0.05718,0.0554999999999999,0.16875,0.1625,1.06031,5.765625,0.0553428639416533,295.171875,2.8332846686226927,0.086484375,0.0830142959124799,10.331015625,9.916496340179425,20.417010636091906,60,,,0.2797980684025599,Advisory
492031,9685.0,11555.94811,CHN,China,Xizang,0.332502897,0.0,0.59,0.57,9685.0,9685.0,2.0,19.0,84.0,39.0,17.0,7.0,1.0,8.4,3.9,1.7,44.53333333333333,0.0,0.0,0.0,0.0,0.0,0.0,0.0,0.0,0.0,0.0,0.0,44.53333333333333,44.53333333333333,6.65005794,0.0,,7.938,0.069,5.0,0.043,5.188,0.045,15.75,0.136,0.05,0.043,0.07782,0.0675,0.39375,0.34,0.97207,9.28125,0.080315781172767,304.03125,2.6309502862957923,0.13921875,0.1204736717591505,10.64109375,9.208326002035273,20.109112173794426,100,,,0.2296144181606689,Advisory
492034,9688.0,9519.350991,CHN,China,Xizang,1.042949819,0.0,0.59,0.57,9688.0,9688.0,1.0,16.0,78.0,21.0,11.0,3.0,1.0,7.8,2.1,1.1,31.75,0.0,0.0,0.0,0.0,0.0,0.0,0.0,0.0,0.0,0.0,0.0,31.75,31.75,20.85899638,0.0,,120.25,1.263,88.875,0.934,56.25,0.591,22.188,0.233,0.88875,0.934,0.84375,0.8865,0.5547,0.5825,4.690199999999999,27.28125,0.28658728967725,61.03125,0.6411282665975593,0.40921875,0.429880934515875,2.13609375,2.243948933091457,5.219142367607333,6,,,0.1805322982284375,Information
492036,9690.0,1714.491032,CHN,China,Xizang,1.285505998,0.0,0.59,0.57,9690.0,,,,,,,,,,,,,,,,,,,,,,,,,6.867495,25.71011996,0.0,,42.562,2.483,27.062,1.578,20.625,1.203,17.0,0.992,0.27062,1.578,0.309375,1.8045,0.425,2.48,6.867495,3.09375,0.180447138116337,18.0,1.0498742581314155,0.04640625,0.2706707071745055,0.63,3.6745599034599534,4.62163686063446,0,,,0.0086287480109188,Information
492037,9691.0,6498.471619,CHN,China,Xinjiang Uygur,1.479187112,0.0,0.59,0.57,9691.0,9691.0,2.0,19.0,98.0,49.0,27.0,7.0,1.0,9.8,4.9,2.7,43.5,0.0,0.0,0.0,0.0,0.0,0.0,0.0,0.0,0.0,0.0,0.0,43.5,43.5,29.58374224,0.0,,,,,,,,,,,,,,,,,14.625,0.2250529179487387,17.4375,0.2683323252465732,0.219375,0.337579376923108,0.6103125,0.939163138363006,2.106430015286114,3,,,0.3150225995159231,Advisory
492042,9695.0,5412.030134,CHN,China,Xizang,1.368978979,0.0,0.59,0.57,9695.0,9695.0,1.0,18.0,68.0,19.0,3.0,3.0,1.0,6.8,1.9,0.3,28.2,0.0,0.0,0.0,0.0,0.0,0.0,0.0,0.0,0.0,0.0,0.0,28.2,28.2,27.37957958,0.0,,60.875,1.125,48.25,0.892,17.312,0.32,0.75,0.014,0.4825,0.892,0.25968,0.48,0.01875,0.035,2.16793,10.125,0.1870832155426274,54.703125,1.0107690395289175,0.151875,0.2806248233139411,1.914609375,3.537691638351211,5.884800836665152,20,,,0.1720936304262236,Information
492043,9696.0,4885.945513,CHN,China,Xizang,1.015630686,0.0,0.59,0.57,9696.0,,,,,,,,,,,,,,,,,,,,,,,,,9.267164249020585,20.31261372,0.0,,78.375,1.604,67.438,1.38,11.938,0.244,3.688,0.075,0.67438,1.38,0.17907,0.366,0.0922,0.1875,2.87915,27.5625,0.5641180387462018,75.09375,1.536933840257509,0.4134375,0.8461770581193027,2.62828125,5.379268440901281,9.267164249020585,30,,,0.0157131006959101,Information
492044,9697.0,6322.742568,CHN,China,Xizang,1.145989821,0.0,0.59,0.57,9697.0,,,,,,,,,,,,,,,,,,,,,,,,,10.54257693463578,22.91979642,0.0,,138.75,2.194,111.438,1.762,68.0,1.075,27.812,0.44,1.11438,1.762,1.02,1.6124999999999998,0.6953,1.1,7.304179999999999,38.953125,0.6160795664235919,99.984375,1.5813450242858258,0.584296875,0.9241193496353878,3.499453125,5.53470758500039,10.54257693463578,52,,,0.0233271848892281,Information
492045,9698.0,4319.829819,CHN,China,Xizang,2.393387049,0.0,0.59,0.57,9698.0,,,,,,,,,,,,,,,,,,,,,,,,,5.318870280179679,47.86774098000001,0.0,,54.625,1.265,41.438,0.959,9.312,0.216,0.375,0.009,0.41438,0.959,0.13968,0.324,0.009375,0.0225,1.868935,2.953125,0.0683620680401168,44.578125,1.0319416937484298,0.044296875,0.1025431020601752,1.560234375,3.611795928119504,5.318870280179679,31,,,0.0112292404426272,Information
492047,9700.0,5260.304945,CHN,China,Xizang,0.314865219,0.0,0.59,0.57,9700.0,,,,,,,,,,,,,,,,,,,,,,,,,7.443182951715554,6.29730438,0.0,,27.375,0.52,22.25,0.423,14.188,0.27,5.438,0.103,0.2225,0.423,0.21282,0.405,0.13595,0.2575,1.65677,12.234375,0.2325791969987685,68.0625,1.2938888660621146,0.183515625,0.3488687954981527,2.3821875,4.528611031217401,7.443182951715554,121,,,0.0056573166645932,Information
492050,9701.0,28493.31935,CHN,China,Xizang,0.137685917,0.0,0.59,0.57,9701.0,9701.0,1.0,18.0,52.0,11.0,2.0,3.0,1.0,5.2,1.1,0.2,-577.54,0.0,0.0,0.0,0.0,0.0,0.0,0.0,0.0,0.0,0.0,0.0,-577.54,11.300881434266763,2.75371834,0.0,,63.75,0.224,53.25,0.187,30.312,0.106,10.5,0.037,0.5325,0.187,0.45468,0.159,0.2625,0.0925,1.68818,91.40625,0.320798882243153,199.828125,0.7013157102577239,1.37109375,0.4811983233647295,6.993984375,2.4546049859020336,11.300881434266763,432,,,0.0156842688467384,Information
492060,9702.0,24275.56555,CHN,China,Xizang,3.043681495,0.0,0.59,0.57,9702.0,9702.0,1.0,16.0,52.0,11.0,2.0,3.0,1.0,5.2,1.1,0.2,21.0,0.0,0.0,0.0,0.0,0.0,0.0,0.0,0.0,0.0,0.0,0.0,21.0,23.20496151111633,60.8736299,0.0,,169.938,0.7,133.062,0.548,51.938,0.214,46.0,0.189,1.33062,0.548,0.7790700000000002,0.321,1.15,0.4725,4.601190000000001,147.375,0.6070919323735707,406.40625,1.6741371035874228,2.210625,0.910637898560356,14.22421875,5.85947986255598,23.20496151111633,229,,,0.3006852940007042,Information
492070,9703.0,27299.03727,CHN,China,Qinghai,2.013461559,0.0,0.59,0.57,9703.0,,,,,,,,,,,,,,,,,,,,,,,,,38.45638178968477,40.26923118,0.0,,126.75,0.464,119.75,0.439,41.188,0.151,41.062,0.15,1.1975,0.439,0.61782,0.2264999999999999,1.02655,0.375,3.88237,50.0625,0.1833855879154523,782.71875,2.867202759374741,0.7509375,0.2750783818731784,27.39515625,10.035209657811594,38.45638178968477,1222,,,0.3298517300906054,Advisory
436300,16144.0,18117.34422,CHN,China,Guangdong,1.261131112,4.00210769,0.59,0.57,16144.0,16144.0,0.0,5.0,2.0,2.0,-9999.0,0.0,6.0,0.2,0.2,-999.9,-1987.0,0.0,0.0,0.0,0.0,0.0,0.0,0.0,0.0,0.0,0.0,0.0,-1987.0,1.000555,25.22262224,80.0421538,,60.938,0.336,59.875,0.33,2.812,0.016,0.125,0.001,0.59875,0.33,0.04218,0.024,0.003125,0.0025,1.000555,1.265625,0.0069857092986188,3.09375,0.0170761782855128,0.018984375,0.0104785639479282,0.10828125,0.0597666239992947,0.197510812947223,39224036,,,0.0013809432264542,Information
436703,16145.0,12583.17025,CHN,China,Guangdong,2.233659019,4.006780867,0.59,0.57,16145.0,,,,,,,,,,,,,,,,,,,,,,,,,0.541358135701653,44.673180380000005,80.13561734,,6.938,0.055,6.875,0.055,9.375,0.075,0.0,0.0,0.06875,0.055,0.140625,0.1124999999999999,0.0,0.0,0.376875,7.3125,0.0581133359276735,5.484375,0.0435850019457551,0.1096875,0.0871700038915102,0.191953125,0.1525475068101428,0.541358135701653,4333605,,,0.0001575235279229,Information
436705,16146.0,16727.87168,CHN,China,Guangdong,2.273564701,4.002875704,0.59,0.57,16146.0,,,,,,,,,,,,,,,,,,,,,,,,,3.94875,45.47129402,80.05751408,,287.812,1.721,223.875,1.338,15.5,0.093,0.0,0.0,2.23875,1.338,0.2325,0.1395,0.0,0.0,3.94875,32.90625,0.1967151029429439,15.046875,0.0899509231405769,0.49359375,0.2950726544144158,0.526640625,0.3148282309920192,1.630135260406435,9720028,,,0.0526748775963348,Information
482017,16166.0,16058.27183,CHN,China,Gansu,0.585655102,0.0,0.59,0.57,16166.0,,,,,,,,,,,,,,,,,,,,,,,,,0.6070031949914976,11.71310204,0.0,,12.25,0.076,12.062,0.075,0.938,0.006,0.25,0.002,0.1206199999999999,0.075,0.01407,0.009,0.00625,0.005,0.22994,0.0,0.0,10.6875,0.066554484283285,0.0,0.0,0.3740625,0.2329406949914975,0.6070031949914976,79926,,,3.182288023075303e-07,Information
322798,6411.0,348.6862614,MNG,Mongolia,Selenge,0.267180658,0.0,0.62,0.53,6411.0,,,,,,,,,,,,,,,,,,,,,,,,,0.12938,5.34361316,0.0,,0.438,0.125,0.438,0.125,0.0,0.0,0.0,0.0,0.00438,0.125,0.0,0.0,0.0,0.0,0.12938,,,,,,,,,,401,,,2.1226303030843635e-11,Information
322799,6412.0,297.7007394,MNG,Mongolia,Selenge,1.673987286,0.0,0.62,0.53,6412.0,,,,,,,,,,,,,,,,,,,,,,,,,0.2595,33.47974572,0.0,,0.75,0.252,0.75,0.252,0.0,0.0,0.0,0.0,0.0075,0.252,0.0,0.0,0.0,0.0,0.2595,,,,,,,,,,7204,,,1.4571810435584276e-08,Information
322800,6413.0,5155.942824,MNG,Mongolia,Töv,1.920287948,0.0,0.62,0.53,6413.0,,,,,,,,,,,,,,,,,,,,,,,,,0.50488,38.40575896,0.0,,31.312,0.607,17.188,0.333,0.0,0.0,0.0,0.0,0.1718799999999999,0.333,0.0,0.0,0.0,0.0,0.50488,0.421875,0.0081823056304512,1.96875,0.0381840929421058,0.006328125,0.0122734584456768,0.06890625,0.1336443252973703,0.2211521587430471,3184,,,7.776229575955711e-07,Information
322810,6414.0,1638.830748,MNG,Mongolia,Selenge,1.657343057,0.0,0.62,0.53,6414.0,,,,,,,,,,,,,,,,,,,,,,,,,4.394307670351569,33.14686114,0.0,,3.5,0.214,3.5,0.214,0.0,0.0,0.0,0.0,0.035,0.214,0.0,0.0,0.0,0.0,0.249,0.5625,0.0343232515486506,17.4375,1.0640207980081695,0.0084375,0.0514848773229759,0.6103125,3.7240727930285935,4.394307670351569,43790,,,0.0032425592982478,Information
322830,6416.0,3539.820162,MNG,Mongolia,Darhan-Uul,3.593310742,0.0,0.62,0.53,6416.0,,,,,,,,,,,,,,,,,,,,,,,,,0.3415607497237933,71.86621484,0.0,,5.812,0.164,3.375,0.095,0.0,0.0,0.0,0.0,0.03375,0.095,0.0,0.0,0.0,0.0,0.12875,0.703125,0.0198632972223459,2.25,0.063562551111507,0.010546875,0.0297949458335188,0.07875,0.2224689288902745,0.3415607497237933,16294,,,5.139944172618384e-06,Information
322840,6417.0,14508.43766,MNG,Mongolia,Selenge,3.865514189,0.0,0.62,0.53,6417.0,,,,,,,,,,,,,,,,,,,,,,,,,0.971585047929404,77.31028378,0.0,,43.062,0.297,33.625,0.232,0.0,0.0,0.0,0.0,0.33625,0.232,0.0,0.0,0.0,0.0,0.56825,0.28125,0.0019385271292391,16.3125,0.1124345734958701,0.00421875,0.0029077906938586,0.5709375,0.3935210072355454,0.971585047929404,144538,,,0.0008142918122861,Information
322850,6418.0,8645.175643,MNG,Mongolia,Selenge,4.022231405,0.0,0.62,0.53,6418.0,,,,,,,,,,,,,,,,,,,,,,,,,0.1619999999999999,80.4446281,0.0,,11.375,0.132,7.5,0.087,0.0,0.0,0.0,0.0,0.075,0.087,0.0,0.0,0.0,0.0,0.1619999999999999,,,,,,,,,,14138,,,8.198543950405108e-07,Information
322862,6420.0,1453.445628,MNG,Mongolia,Bulgan,0.725509821,0.0,0.62,0.53,6420.0,,,,,,,,,,,,,,,,,,,,,,,,,0.39862,14.510196420000002,0.0,,16.0,1.101,5.062,0.348,0.0,0.0,0.0,0.0,0.05062,0.348,0.0,0.0,0.0,0.0,0.39862,,,,,,,,,,2178,,,3.977555635586081e-08,Information
322863,6421.0,7727.937975,MNG,Mongolia,Bulgan,4.015384894,0.0,0.62,0.53,6421.0,,,,,,,,,,,,,,,,,,,,,,,,,0.22188,80.30769788,0.0,,31.125,0.403,9.688,0.125,0.0,0.0,0.0,0.0,0.09688,0.125,0.0,0.0,0.0,0.0,0.22188,,,,,,,,,,6010,,,3.6312526546161058e-06,Information
322864,6422.0,12780.78888,MNG,Mongolia,Arhangay,3.234668135,0.0,0.62,0.53,6422.0,,,,,,,,,,,,,,,,,,,,,,,,,0.1842302633027335,64.69336270000001,0.0,,19.0,0.149,9.625,0.075,0.0,0.0,0.0,0.0,0.09625,0.075,0.0,0.0,0.0,0.0,0.17125,0.0,0.0,2.953125,0.0231059680864953,0.0,0.0,0.103359375,0.0808708883027335,0.1842302633027335,33251,,,7.375535698602922e-08,Information
322865,6423.0,297.3868336,MNG,Mongolia,Arhangay,4.001431537,0.0,0.62,0.53,6423.0,,,,,,,,,,,,,,,,,,,,,,,,,4.942354226350387,80.02863074000001,0.0,,10.438,3.51,3.562,1.198,0.125,0.042,0.062,0.021,0.03562,1.198,0.001875,0.063,0.00155,0.0525,1.352545,1.96875,0.6620165312207429,3.234375,1.0875985870055065,0.02953125,0.9930247968311144,0.113203125,3.806595054519273,4.942354226350387,0,,,0.0812883205440921,Information
322866,6424.0,4361.125496,MNG,Mongolia,Övörhangay,4.01868581,0.0,0.62,0.53,6424.0,,,,,,,,,,,,,,,,,,,,,,,,,0.77825,80.3737162,0.0,,59.875,1.373,23.625,0.542,0.0,0.0,0.0,0.0,0.23625,0.542,0.0,0.0,0.0,0.0,0.77825,0.28125,0.0064490233147505,1.265625,0.0290206049163775,0.00421875,0.0096735349721257,0.044296875,0.1015721172073212,0.159761277179447,2690,,,0.0006242168567107,Information
322867,6425.0,242.0556424,MNG,Mongolia,Arhangay,4.214844209,0.0,0.62,0.53,6425.0,,,,,,,,,,,,,,,,,,,,,,,,,1.1102500000000002,84.29688417999999,0.0,,4.0,1.653,2.625,1.084,0.0,0.0,0.0,0.0,0.02625,1.084,0.0,0.0,0.0,0.0,1.1102500000000002,,,,,,,,,,1810,,,0.0040332459031997,Information
322869,6427.0,6929.059237,MNG,Mongolia,Övörhangay,3.765802665,0.0,0.62,0.53,6427.0,,,,,,,,,,,,,,,,,,,,,,,,,0.18625,75.3160533,0.0,,17.625,0.254,7.625,0.11,0.0,0.0,0.0,0.0,0.07625,0.11,0.0,0.0,0.0,0.0,0.18625,,,,,,,,,,19240,,,5.123923664633105e-07,Information
322870,6428.0,2793.920881,MNG,Mongolia,Töv,4.129244342,0.0,0.62,0.53,6428.0,,,,,,,,,,,,,,,,,,,,,,,,,0.3831502015993411,82.58488684,0.0,,6.438,0.23,2.562,0.092,0.0,0.0,0.0,0.0,0.0256199999999999,0.092,0.0,0.0,0.0,0.0,0.11762,0.984375,0.0352327443058048,1.96875,0.0704654886116097,0.014765625,0.0528491164587072,0.06890625,0.2466292101406339,0.3831502015993411,5222,,,6.763337682137191e-05,Information
322880,6429.0,12573.93363,MNG,Mongolia,Bulgan,3.83720649,0.0,0.62,0.53,6429.0,,,,,,,,,,,,,,,,,,,,,,,,,2.27938,76.7441298,0.0,,292.438,2.326,126.938,1.01,0.0,0.0,0.0,0.0,1.26938,1.01,0.0,0.0,0.0,0.0,2.27938,,,,,,,,,,7473,,,0.0100988708036505,Information
322890,6430.0,2531.050699,MNG,Mongolia,Dundgovi,1.145352199,0.0,0.62,0.53,6430.0,,,,,,,,,,,,,,,,,,,,,,,,,0.69662,22.90704398,0.0,,32.562,1.287,14.062,0.556,0.0,0.0,0.0,0.0,0.14062,0.556,0.0,0.0,0.0,0.0,0.69662,0.5625,0.0222239720523976,2.109375,0.0833398951964912,0.0084375,0.0333359580785964,0.073828125,0.2916896331877192,0.4072912162663156,36,,,1.2598623568397218e-06,Information
322891,6431.0,1761.851812,MNG,Mongolia,Töv,3.464312485,0.0,0.62,0.53,6431.0,,,,,,,,,,,,,,,,,,,,,,,,,0.7134810679189931,69.2862497,0.0,,8.5,0.482,4.438,0.252,0.0,0.0,0.0,0.0,0.0443799999999999,0.252,0.0,0.0,0.0,0.0,0.29638,0.5625,0.0319266351536312,2.8125,0.1596331757681561,0.0084375,0.0478899527304468,0.0984375,0.5587161151885464,0.7134810679189931,3518,,,8.417565685585955e-05,Information
322892,6432.0,5461.391304,MNG,Mongolia,Töv,4.006817486,0.0,0.62,0.53,6432.0,,,,,,,,,,,,,,,,,,,,,,,,,1.2433600000000002,80.13634972,0.0,,84.375,1.545,43.688,0.8,0.062,0.001,0.062,0.001,0.43688,0.8,0.0009299999999999,0.0015,0.00155,0.0025,1.2433600000000002,0.0,0.0,1.828125,0.0334736131904222,0.0,0.0,0.063984375,0.1171576461664777,0.1811420211664777,9009,,,0.0027935859550693,Information
322893,6433.0,3017.039697,MNG,Mongolia,Töv,2.318029453,0.0,0.62,0.53,6433.0,,,,,,,,,,,,,,,,,,,,,,,,,0.77438,46.36058906,0.0,,31.312,1.038,17.938,0.595,0.0,0.0,0.0,0.0,0.1793799999999999,0.595,0.0,0.0,0.0,0.0,0.77438,,,,,,,,,,3931,,,1.1277161150019983e-05,Information
322894,6434.0,3118.44632,MNG,Mongolia,Töv,4.003289261,0.0,0.62,0.53,6434.0,,,,,,,,,,,,,,,,,,,,,,,,,0.6651199999999999,80.06578522,0.0,,29.25,0.938,15.812,0.507,0.0,0.0,0.0,0.0,0.1581199999999999,0.507,0.0,0.0,0.0,0.0,0.6651199999999999,,,,,,,,,,3957,,,0.0003366516366228,Information
322895,6435.0,5083.161605,MNG,Mongolia,Töv,3.101171134,0.0,0.62,0.53,6435.0,,,,,,,,,,,,,,,,,,,,,,,,,0.2005,62.02342268,0.0,,9.812,0.193,6.75,0.133,0.0,0.0,0.0,0.0,0.0675,0.133,0.0,0.0,0.0,0.0,0.2005,,,,,,,,,,1706,,,7.860419073293235e-08,Information
322896,6436.0,3504.876824,MNG,Mongolia,Töv,2.724310065,0.0,0.62,0.53,6436.0,,,,,,,,,,,,,,,,,,,,,,,,,0.21625,54.486201300000005,0.0,,7.312,0.209,5.625,0.16,0.0,0.0,0.0,0.0,0.05625,0.16,0.0,0.0,0.0,0.0,0.21625,,,,,,,,,,0,,,4.4138835150204464e-08,Information
322897,6437.0,3744.016175,MNG,Mongolia,Töv,3.992074104,0.0,0.62,0.53,6437.0,,,,,,,,,,,,,,,,,,,,,,,,,0.37388,79.84148207999999,0.0,,14.312,0.382,10.188,0.272,0.0,0.0,0.0,0.0,0.10188,0.272,0.0,0.0,0.0,0.0,0.37388,,,,,,,,,,15717,,,3.3394014993045683e-05,Information
322898,6438.0,1547.186235,MNG,Mongolia,Töv,1.822273077,0.0,0.62,0.53,6438.0,,,,,,,,,,,,,,,,,,,,,,,,,0.66275,36.44546154,0.0,,18.938,1.224,8.875,0.574,0.0,0.0,0.0,0.0,0.08875,0.574,0.0,0.0,0.0,0.0,0.66275,,,,,,,,,,15113,,,2.5183187670099574e-06,Information
322899,6439.0,7500.935421,MNG,Mongolia,Töv,3.942771878,0.0,0.62,0.53,6439.0,,,,,,,,,,,,,,,,,,,,,,,,,0.885875,78.85543756,0.0,,61.75,0.823,37.25,0.497,0.25,0.003,0.125,0.002,0.3725,0.497,0.00375,0.0045,0.003125,0.005,0.885875,1.40625,0.0187476617388595,3.09375,0.0412448558254909,0.02109375,0.0281214926082892,0.10828125,0.1443569953892181,0.3018534879975074,1690505,,,0.0007555009445278,Information
322910,6441.0,10651.71132,MNG,Mongolia,Selenge,4.090505965,0.0,0.62,0.53,6441.0,,,,,,,,,,,,,,,,,,,,,,,,,0.2658298884403435,81.8101193,0.0,,8.5,0.08,7.312,0.069,0.0,0.0,0.0,0.0,0.07312,0.069,0.0,0.0,0.0,0.0,0.14212,1.265625,0.0118818935483394,3.375,0.0316850494622384,0.018984375,0.0178228403225091,0.118125,0.1108976731178344,0.2658298884403435,11726,,,1.19065663939576e-05,Information
322928,6449.0,3188.734431,MNG,Mongolia,Hövsgöl,2.368617646,0.0,0.62,0.53,6449.0,,,,,,,,,,,,,,,,,,,,,,,,,1.212699970390305,47.37235292,0.0,,0.938,0.029,0.75,0.024,0.062,0.002,0.812,0.025,0.0075,0.024,0.0009299999999999,0.003,0.0203,0.0625,0.11823,1.828125,0.0573307385615058,7.59375,0.2381430678708704,0.027421875,0.0859961078422587,0.26578125,0.8335007375480463,1.212699970390305,1978,,,8.149555349790607e-05,Information
322929,6450.0,858.3383541,MNG,Mongolia,Hövsgöl,4.037049789,0.0,0.62,0.53,6450.0,,,,,,,,,,,,,,,,,,,,,,,,,1.334223698327656,80.74099578,0.0,,0.188,0.022,0.188,0.022,0.0,0.0,0.25,0.029,0.00188,0.022,0.0,0.0,0.00625,0.0725,0.10263,0.140625,0.0163833993110354,2.953125,0.3440513855317437,0.002109375,0.024575098966553,0.103359375,1.204179849361103,1.334223698327656,0,,,0.0037967539950057,Information
322940,6452.0,15393.63603,MNG,Mongolia,Arhangay,4.018698268,0.0,0.62,0.53,6452.0,,,,,,,,,,,,,,,,,,,,,,,,,0.7678461409784538,80.37396536,0.0,,20.375,0.132,7.5,0.049,0.0,0.0,0.0,0.0,0.075,0.049,0.0,0.0,0.0,0.0,0.124,1.828125,0.0118758491925072,12.515625,0.0813038906256266,0.027421875,0.0178137737887608,0.438046875,0.2845636171896931,0.7678461409784538,17035,,,0.0005955081081402,Information
322950,6453.0,8535.743691,MNG,Mongolia,Hövsgöl,4.015673576,0.0,0.62,0.53,6453.0,,,,,,,,,,,,,,,,,,,,,,,,,0.24838,80.31347152000001,0.0,,34.375,0.403,11.438,0.134,0.0,0.0,0.0,0.0,0.11438,0.134,0.0,0.0,0.0,0.0,0.24838,0.28125,0.0032949677283302,1.6875,0.0197698063699813,0.00421875,0.0049424515924953,0.0590625,0.0691943222949345,0.1374180238874298,14023,,,6.1351214562502295e-06,Information
322980,6456.0,20046.99619,MNG,Mongolia,Arhangay,4.04543847,0.0,0.62,0.53,6456.0,,,,,,,,,,,,,,,,,,,,,,,,,0.4668614559288522,80.9087694,0.0,,39.875,0.199,19.938,0.099,2.0,0.01,0.688,0.003,0.19938,0.099,0.03,0.015,0.0171999999999999,0.0075,0.36808,1.40625,0.0070147666333567,8.296875,0.0413871231368049,0.02109375,0.010522149950035,0.290390625,0.1448549309788171,0.4668614559288522,16320,,,0.0001032406971918,Information
322990,6457.0,23012.87581,MNG,Mongolia,Dzavhan,4.039832848,0.0,0.62,0.53,6457.0,,,,,,,,,,,,,,,,,,,,,,,,,0.1795,80.79665695999999,0.0,,20.25,0.088,12.125,0.053,0.25,0.001,0.0,0.0,0.12125,0.053,0.00375,0.0015,0.0,0.0,0.1795,0.5625,0.0024442838203434,3.234375,0.0140546319669746,0.0084375,0.0036664257305151,0.113203125,0.0491912118844111,0.1744982626149262,27223,,,1.486586432473298e-06,Information
361024,7243.0,49137.33858,MNG,Mongolia,Dzavhan,3.943158881,0.0,0.62,0.53,7243.0,,,,,,,,,,,,,,,,,,,,,,,,,2.8458339271425257,78.86317762,0.0,,62.188,0.127,33.25,0.068,2.812,0.006,3.062,0.006,0.3325,0.068,0.04218,0.009,0.0765499999999999,0.015,0.54323,13.921875,0.0283325784490693,61.59375,0.1253501955625491,0.208828125,0.0424988676736039,2.15578125,0.4387256844689218,2.8458339271425257,40998,,,0.0224729450857993,Information
361025,7244.0,13364.78571,MNG,Mongolia,Hovd,0.936481044,0.0,0.62,0.53,7244.0,,,,,,,,,,,,,,,,,,,,,,,,,12.13739442473836,18.72962088,0.0,,7.125,0.053,4.312,0.032,4.25,0.032,3.125,0.023,0.04312,0.032,0.06375,0.048,0.078125,0.0574999999999999,0.322495,42.1875,0.3156616269843039,180.28125,1.3489273526462588,0.6328125,0.4734924404764558,6.30984375,4.721245734261906,12.13739442473836,3718,,,0.0286188995081691,Information
361026,7245.0,11092.98303,MNG,Mongolia,Hovd,4.069167315,0.0,0.62,0.53,7245.0,,,,,,,,,,,,,,,,,,,,,,,,,18.21490159653721,81.3833463,0.0,,5.625,0.051,5.125,0.046,8.688,0.078,2.25,0.02,0.05125,0.046,0.13032,0.1169999999999999,0.05625,0.05,0.45082,52.59375,0.4741172852473453,251.15625,2.264100191047483,0.78890625,0.7111759278710179,8.79046875,7.924350668666191,18.21490159653721,5208,,,0.4912971612360681,Advisory
361028,7247.0,10545.12405,MNG,Mongolia,Bayan-Ölgiy,2.301877505,0.0,0.62,0.53,7247.0,,,,,,,,,,,,,,,,,,,,,,,,,4.371358439112559,46.0375501,0.0,,9.625,0.091,6.312,0.06,0.188,0.002,0.0,0.0,0.06312,0.06,0.00282,0.003,0.0,0.0,0.12894,0.28125,0.0026671094504701,63.984375,0.6067673999819582,0.00421875,0.0040006641757051,2.239453125,2.123685899936853,4.371358439112559,7294,,,0.0059818264762843,Information
361029,7248.0,27133.88633,MNG,Mongolia,Bayan-Ölgiy,4.06390447,0.0,0.62,0.53,7248.0,7248.0,1.0,10.0,76.0,19.0,2.0,3.0,1.0,7.6,1.9,0.2,-1743.822222222222,0.0,0.0,0.0,0.0,0.0,0.0,0.0,0.0,0.0,0.0,0.0,-1743.822222222222,6.380724155346384,81.2780894,0.0,,132.062,0.487,68.375,0.252,10.438,0.038,4.625,0.017,0.68375,0.252,0.15657,0.0569999999999999,0.115625,0.0425,1.307445,19.125,0.0704838214830668,125.015625,0.4607361566062238,0.286875,0.1057257322246001,4.375546875,1.6125765481217833,6.380724155346384,63697,,,0.1408713104492218,Information
361034,7252.0,3464.395459,MNG,Mongolia,Govi-Altay,4.002159173,0.0,0.62,0.53,7252.0,,,,,,,,,,,,,,,,,,,,,,,,,1.46077,80.04318346,0.0,,81.125,2.342,31.625,0.913,3.688,0.106,0.188,0.005,0.31625,0.913,0.05532,0.159,0.0046999999999999,0.0125,1.46077,0.28125,0.0081182995232783,1.125,0.0324731980931133,0.00421875,0.0121774492849174,0.039375,0.1136561933258965,0.169427392610814,1637,,,0.0044665078190372,Information
422010,7304.0,5623.945028,MNG,Mongolia,Dornod,2.416138592,0.0,0.62,0.53,7304.0,,,,,,,,,,,,,,,,,,,,,,,,,0.4863865110660134,48.32277184,0.0,,4.312,0.077,4.188,0.074,0.0,0.0,0.0,0.0,0.04188,0.074,0.0,0.0,0.0,0.0,0.11588,1.828125,0.0325060965370134,4.21875,0.0750140689315695,0.027421875,0.0487591448055201,0.14765625,0.2625492412604933,0.4863865110660134,100,,,1.5373255384105382e-06,Information
422020,7305.0,12090.64977,MNG,Mongolia,Dornod,2.729583985,0.0,0.62,0.53,7305.0,,,,,,,,,,,,,,,,,,,,,,,,,1.80737,54.5916797,0.0,,149.688,1.238,98.562,0.815,0.25,0.002,0.0,0.0,0.98562,0.815,0.00375,0.003,0.0,0.0,1.80737,0.28125,0.0023261777099444,2.109375,0.0174463328245835,0.00421875,0.0034892665649166,0.073828125,0.0610621648860422,0.1425983064509588,33,,,0.0006324586583778,Information
422040,7307.0,11206.43035,MNG,Mongolia,Sühbaatar,1.014667657,0.0,0.62,0.53,7307.0,,,,,,,,,,,,,,,,,,,,,,,,,1.22856,20.29335314,0.0,,90.562,0.808,64.438,0.575,0.312,0.003,0.0,0.0,0.6443800000000001,0.575,0.00468,0.0045,0.0,0.0,1.22856,0.984375,0.0087840192573791,6.1875,0.0552138353320976,0.014765625,0.0131760288860686,0.2165625,0.1932484236623416,0.4377525775484102,18869,,,1.506310350007175e-05,Information
422048,7315.0,5164.242808,MNG,Mongolia,Sühbaatar,3.149178571,0.0,0.62,0.53,7315.0,,,,,,,,,,,,,,,,,,,,,,,,,1.16162,62.98357142,0.0,,48.75,0.944,39.562,0.766,0.0,0.0,0.0,0.0,0.3956199999999999,0.766,0.0,0.0,0.0,0.0,1.16162,0.0,0.0,1.40625,0.0272305166971081,0.0,0.0,0.04921875,0.0953068084398783,0.1445255584398783,0,,,0.0002685409170293,Information
422801,7529.0,27377.75965,MNG,Mongolia,Dornod,3.974740274,0.0,0.62,0.53,7529.0,,,,,,,,,,,,,,,,,,,,,,,,,0.6959626080356898,79.49480548,0.0,,88.438,0.323,46.75,0.171,0.375,0.001,0.0,0.0,0.4675,0.171,0.005625,0.0015,0.0,0.0,0.645625,3.796875,0.0138684649433479,12.9375,0.0472555101773337,0.056953125,0.0208026974150218,0.4528125,0.1653942856206679,0.6959626080356898,13108,,,0.0003583136006847,Information
422897,7560.0,7386.768121,MNG,Mongolia,Hentiy,4.01659726,0.0,0.62,0.53,7560.0,,,,,,,,,,,,,,,,,,,,,,,,,0.46388,80.3319452,0.0,,38.875,0.526,19.688,0.267,0.0,0.0,0.0,0.0,0.19688,0.267,0.0,0.0,0.0,0.0,0.46388,0.984375,0.0133261933217606,1.546875,0.0209411609341953,0.014765625,0.0199892899826409,0.054140625,0.0732940632696835,0.1621896032523244,1845,,,8.943643902480792e-05,Information
422898,7561.0,5837.449494,MNG,Mongolia,Hentiy,3.386144137,0.0,0.62,0.53,7561.0,,,,,,,,,,,,,,,,,,,,,,,,,0.8717879196848564,67.72288274,0.0,,23.062,0.395,11.375,0.195,1.562,0.027,0.0,0.0,0.11375,0.195,0.02343,0.0405,0.0,0.0,0.37268,2.390625,0.0409532451187858,8.15625,0.1397228362876222,0.035859375,0.0614298676781787,0.28546875,0.4890299270066777,0.8717879196848564,1122,,,0.0001521758441612,Information
422900,7563.0,14982.91823,MNG,Mongolia,Dornod,4.012467517,0.0,0.62,0.53,7563.0,,,,,,,,,,,,,,,,,,,,,,,,,4.8262,80.24935034,0.0,,467.625,3.121,284.688,1.9,3.188,0.021,0.0,0.0,2.84688,1.9,0.04782,0.0315,0.0,0.0,4.8262,6.75,0.045051303737213,9.84375,0.0656998179501023,0.10125,0.0675769556058195,0.34453125,0.229949362825358,0.7433075684311775,5726,,,0.0793988126909295,Information
422987,7602.0,6385.739934,MNG,Mongolia,Dornod,1.438074465,0.0,0.62,0.53,7602.0,,,,,,,,,,,,,,,,,,,,,,,,,3.738325568053013,28.7614893,0.0,,4.0,0.063,2.375,0.037,0.875,0.014,0.5,0.008,0.02375,0.037,0.013125,0.021,0.0125,0.02,0.127375,20.671875,0.3237193373588735,32.765625,0.5131061605756294,0.310078125,0.4855790060383102,1.146796875,1.795871562014703,3.738325568053013,186,,,0.0016023139281024,Information
422991,7606.0,42834.38118,MNG,Mongolia,Dornod,3.121779944,0.0,0.62,0.53,7606.0,,,,,,,,,,,,,,,,,,,,,,,,,4.602626731278372,62.43559888,0.0,,224.125,0.523,153.0,0.357,7.875,0.018,3.25,0.008,1.53,0.357,0.118125,0.0269999999999999,0.08125,0.02,2.133375,20.390625,0.0476034074469055,97.875,0.2284963557451466,0.305859375,0.0714051111703582,3.425625,0.7997372451080131,4.602626731278372,73617,,,0.0178895214525353,Information
422992,7607.0,2549.319735,MNG,Mongolia,Hentiy,2.004495279,0.0,0.62,0.53,7607.0,,,,,,,,,,,,,,,,,,,,,,,,,0.16938,40.08990558,0.0,,11.375,0.446,3.438,0.135,0.0,0.0,0.0,0.0,0.03438,0.135,0.0,0.0,0.0,0.0,0.16938,,,,,,,,,,857,,,2.1993660489985597e-09,Information
422993,7608.0,6716.652562,MNG,Mongolia,Hentiy,3.319557141,0.0,0.62,0.53,7608.0,,,,,,,,,,,,,,,,,,,,,,,,,0.34982,66.39114282,0.0,,27.812,0.414,13.75,0.205,0.188,0.003,0.0,0.0,0.1375,0.205,0.00282,0.0045,0.0,0.0,0.34982,0.28125,0.0041873537065234,1.40625,0.0209367685326174,0.00421875,0.0062810305597851,0.04921875,0.0732786898641609,0.132997220423946,3728,,,2.495969944429852e-06,Information
422994,7609.0,6212.982161,MNG,Mongolia,Hentiy,3.078822617,0.0,0.62,0.53,7609.0,,,,,,,,,,,,,,,,,,,,,,,,,1.0756899999999998,61.57645234,0.0,,75.125,1.209,40.562,0.653,0.438,0.007,0.0,0.0,0.40562,0.653,0.00657,0.0105,0.0,0.0,1.0756899999999998,,,,,,,,,,21625,,,0.0001746405526675,Information
422995,7610.0,4869.505883,MNG,Mongolia,Hentiy,3.98739946,0.0,0.62,0.53,7610.0,,,,,,,,,,,,,,,,,,,,,,,,,0.90343,79.74798919999999,0.0,,36.062,0.741,29.5,0.606,0.062,0.001,0.0,0.0,0.295,0.606,0.0009299999999999,0.0015,0.0,0.0,0.90343,0.421875,0.0086636100273122,1.40625,0.0288787000910407,0.006328125,0.0129954150409683,0.04921875,0.1010754503186424,0.1696177403596107,101,,,0.0009360362848051,Information
422996,7611.0,2642.955053,MNG,Mongolia,Hentiy,3.338162193,0.0,0.62,0.53,7611.0,,,,,,,,,,,,,,,,,,,,,,,,,0.94843,66.76324386,0.0,,34.438,1.303,19.75,0.747,0.062,0.002,0.0,0.0,0.1975,0.747,0.0009299999999999,0.003,0.0,0.0,0.94843,,,,,,,,,,1853,,,0.0001878401345343,Information
422997,7612.0,11383.57805,MNG,Mongolia,Hentiy,3.137477891,0.0,0.62,0.53,7612.0,,,,,,,,,,,,,,,,,,,,,,,,,1.2622,62.74955782,0.0,,101.438,0.891,66.188,0.581,0.688,0.006,0.0,0.0,0.66188,0.581,0.01032,0.009,0.0,0.0,1.2622,5.34375,0.0469426218865655,9.0,0.0790612579142155,0.08015625,0.0704139328298482,0.315,0.2767144026997543,0.7422845855296025,5229,,,0.0003561408286131,Information
422998,7613.0,2797.815254,MNG,Mongolia,Töv,1.827381976,0.0,0.62,0.53,7613.0,,,,,,,,,,,,,,,,,,,,,,,,,1.93745,36.54763952,0.0,,78.438,2.804,40.938,1.463,0.938,0.034,0.0,0.0,0.40938,1.463,0.01407,0.051,0.0,0.0,1.93745,0.0,0.0,2.390625,0.085446135051299,0.0,0.0,0.083671875,0.2990614726795465,0.3827333476795465,2029,,,0.0002424911103099,Information
422999,7614.0,9783.616146,MNG,Mongolia,Töv,2.250730618,0.0,0.62,0.53,7614.0,,,,,,,,,,,,,,,,,,,,,,,,,0.7393200000000001,45.01461236,0.0,,80.188,0.82,35.125,0.359,0.938,0.01,0.0,0.0,0.35125,0.359,0.01407,0.015,0.0,0.0,0.7393200000000001,,,,,,,,,,38510,,,8.196312095896404e-06,Information
472012,9348.0,4006.167732,MNG,Mongolia,Govi-Altay,3.721328441,0.0,0.62,0.53,9348.0,,,,,,,,,,,,,,,,,,,,,,,,,0.518686792417614,74.42656882,0.0,,15.875,0.396,12.062,0.301,0.0,0.0,0.0,0.0,0.1206199999999999,0.301,0.0,0.0,0.0,0.0,0.42162,1.6875,0.042122549848449,3.515625,0.0877553121842687,0.0253125,0.0631838247726735,0.123046875,0.3071435926449404,0.518686792417614,54,,,4.849340060845158e-05,Information
472013,9349.0,34682.18792,MNG,Mongolia,Bayanhongor,3.261257498,0.0,0.62,0.53,9349.0,,,,,,,,,,,,,,,,,,,,,,,,,2.7012500000000004,65.22514996,0.0,,417.5,1.204,168.375,0.485,22.5,0.065,3.0,0.009,1.68375,0.485,0.3375,0.0975,0.075,0.0225,2.7012500000000004,0.0,0.0,3.65625,0.0105421549783258,0.0,0.0,0.12796875,0.0368975424241403,0.1648662924241403,15066,,,0.0053066480132532,Information
472015,9351.0,10139.2223,MNG,Mongolia,Bayanhongor,2.062173062,0.0,0.62,0.53,9351.0,,,,,,,,,,,,,,,,,,,,,,,,,0.7978750000000001,41.24346124,0.0,,110.5,1.09,39.25,0.387,0.625,0.006,0.0,0.0,0.3925,0.387,0.009375,0.009,0.0,0.0,0.7978750000000001,0.0,0.0,3.09375,0.0305126952380604,0.0,0.0,0.10828125,0.1067944333332114,0.2150756833332114,6686,,,8.570563201451756e-06,Information
472020,9352.0,28680.58521,MNG,Mongolia,Bayanhongor,4.052129327,0.0,0.62,0.53,9352.0,,,,,,,,,,,,,,,,,,,,,,,,,0.438305,81.04258654,0.0,,80.0,0.279,31.438,0.11,0.625,0.002,0.062,0.0,0.31438,0.11,0.009375,0.003,0.00155,0.0,0.438305,0.28125,0.0009806285259218,2.53125,0.0088256567332965,0.00421875,0.0014709427888826,0.08859375,0.0308897985665377,0.1251732413554204,41632,,,8.259881488320248e-05,Information
472051,9355.0,7067.352573,MNG,Mongolia,Govi-Altay,1.454955265,0.0,0.62,0.53,9355.0,,,,,,,,,,,,,,,,,,,,,,,,,0.6813750000000001,29.0991053,0.0,,44.438,0.629,27.25,0.386,0.625,0.009,0.0,0.0,0.2725,0.386,0.009375,0.0134999999999999,0.0,0.0,0.6813750000000001,,,,,,,,,,980,,,1.700995856549916e-06,Information
472061,9361.0,22598.20599,MNG,Mongolia,Bayanhongor,2.927319971,0.0,0.62,0.53,9361.0,,,,,,,,,,,,,,,,,,,,,,,,,0.6969249999999999,58.54639942,0.0,,128.25,0.568,47.0,0.208,0.375,0.002,0.312,0.001,0.47,0.208,0.005625,0.003,0.0078,0.0025,0.6969249999999999,,,,,,,,,,6470,,,2.1976586464748564e-05,Information
473100,9366.0,23695.10197,MNG,Mongolia,Ömnögovi,1.486789979,0.0,0.62,0.53,9366.0,,,,,,,,,,,,,,,,,,,,,,,,,0.96487,29.73579958,0.0,,208.125,0.878,64.75,0.273,1.188,0.005,0.562,0.002,0.6475,0.273,0.01782,0.0075,0.01405,0.005,0.96487,3.234375,0.0136499729075913,5.0625,0.0213651749857952,0.048515625,0.0204749593613869,0.1771875,0.0747781124502832,0.3209561968116701,6158,,,9.013467554812233e-06,Information
473506,9391.0,8199.787907,MNG,Mongolia,Ömnögovi,1.003780867,0.0,0.62,0.53,9391.0,,,,,,,,,,,,,,,,,,,,,,,,,0.45662,20.07561734,0.0,,77.875,0.95,20.562,0.251,0.0,0.0,0.0,0.0,0.20562,0.251,0.0,0.0,0.0,0.0,0.45662,0.984375,0.0120048836777068,0.984375,0.0120048836777068,0.014765625,0.0180073255165602,0.034453125,0.0420170928719738,0.109243168388534,660,,,1.202292859892941e-07,Information
473602,9393.0,41013.10719,MNG,Mongolia,Ömnögovi,1.702634146,0.0,0.62,0.53,9393.0,,,,,,,,,,,,,,,,,,,,,,,,,1.35218,34.05268292,0.0,,426.062,1.039,108.625,0.265,0.062,0.0,0.0,0.0,1.08625,0.265,0.0009299999999999,0.0,0.0,0.0,1.35218,2.53125,0.0061718074384305,29.390625,0.0716615419239988,0.03796875,0.0092577111576457,1.028671875,0.2508153967339958,1.3267137328916416,14631,,,5.071652772664657e-05,Information
474011,9396.0,37386.65166,MNG,Mongolia,Ömnögovi,1.874520844,0.0,0.62,0.53,9396.0,,,,,,,,,,,,,,,,,,,,,,,,,2.131065,37.49041688,0.0,,521.812,1.396,167.562,0.448,0.188,0.001,0.125,0.0,1.67562,0.448,0.00282,0.0015,0.003125,0.0,2.131065,,,,,,,,,,74997,,,0.0003641498017177,Information
474012,9397.0,11565.96325,MNG,Mongolia,Övörhangay,4.009725016,0.0,0.62,0.53,9397.0,,,,,,,,,,,,,,,,,,,,,,,,,0.947125,80.19450032,0.0,,118.188,1.022,48.625,0.42,1.25,0.011,0.125,0.001,0.48625,0.42,0.01875,0.0165,0.003125,0.0025,0.947125,1.125,0.0097268163123189,1.6875,0.0145902244684784,0.016875,0.0145902244684783,0.0590625,0.0510657856396744,0.1415935101081527,5978,,,0.001181776350686,Information
474013,9398.0,6532.481688,MNG,Mongolia,Ömnögovi,2.222824472,0.0,0.62,0.53,9398.0,,,,,,,,,,,,,,,,,,,,,,,,,0.35075,44.45648944,0.0,,43.875,0.672,13.875,0.212,0.0,0.0,0.0,0.0,0.13875,0.212,0.0,0.0,0.0,0.0,0.35075,,,,,,,,,,1938,,,2.043629055902238e-07,Information
474014,9399.0,27254.94152,MNG,Mongolia,Dundgovi,1.537957253,0.0,0.62,0.53,9399.0,,,,,,,,,,,,,,,,,,,,,,,,,2.51799,30.75914506,0.0,,494.375,1.814,183.812,0.674,0.188,0.001,0.062,0.0,1.83812,0.674,0.00282,0.0015,0.00155,0.0,2.51799,0.84375,0.0030957688882037,3.65625,0.0134149985155497,0.01265625,0.0046436533323055,0.12796875,0.0469524948044239,0.1922211481367295,18171,,,0.0004596435930031,Information
474020,9400.0,4920.444216,MNG,Mongolia,Ömnögovi,2.232969329,0.0,0.62,0.53,9400.0,,,,,,,,,,,,,,,,,,,,,,,,,0.39957,44.65938658,0.0,,61.25,1.245,12.875,0.262,0.188,0.004,0.0,0.0,0.12875,0.262,0.00282,0.006,0.0,0.0,0.39957,,,,,,,,,,823,,,4.093139494589472e-07,Information
474030,9401.0,14294.89928,MNG,Mongolia,Ömnögovi,1.275881251,0.0,0.62,0.53,9401.0,,,,,,,,,,,,,,,,,,,,,,,,,1.2165061840233429,25.51762502,0.0,,139.375,0.975,59.5,0.416,0.0,0.0,0.0,0.0,0.595,0.416,0.0,0.0,0.0,0.0,1.011,9.984375,0.0698457177124898,16.171875,0.1131303878441737,0.149765625,0.1047685765687347,0.566015625,0.3959563574546079,1.2165061840233429,13330,,,1.9394288541113587e-05,Information
474041,9402.0,6157.981088,MNG,Mongolia,Dundgovi,0.881636377,0.0,0.62,0.53,9402.0,,,,,,,,,,,,,,,,,,,,,,,,,1.20538,17.632727539999998,0.0,,113.375,1.841,45.938,0.746,0.0,0.0,0.0,0.0,0.45938,0.746,0.0,0.0,0.0,0.0,1.20538,,,,,,,,,,1424,,,1.197926592486224e-05,Information
474042,9403.0,9523.359741,MNG,Mongolia,Dundgovi,4.249924867,0.0,0.62,0.53,9403.0,,,,,,,,,,,,,,,,,,,,,,,,,0.63662,84.99849734,0.0,,53.438,0.561,31.062,0.326,0.0,0.0,0.0,0.0,0.31062,0.326,0.0,0.0,0.0,0.0,0.63662,,,,,,,,,,1202,,,0.0007895696510756,Information
474043,9404.0,5519.462657,MNG,Mongolia,Dundgovi,4.000257254,0.0,0.62,0.53,9404.0,,,,,,,,,,,,,,,,,,,,,,,,,1.3578,80.00514508,0.0,,125.75,2.278,47.812,0.866,0.312,0.006,0.0,0.0,0.47812,0.866,0.00468,0.009,0.0,0.0,1.3578,,,,,,,,,,10222,,,0.0035767864327297,Information
474044,9405.0,7647.476456,MNG,Mongolia,Dundgovi,1.806531727,0.0,0.62,0.53,9405.0,,,,,,,,,,,,,,,,,,,,,,,,,0.900505,36.13063454,0.0,,89.125,1.165,38.438,0.503,0.375,0.005,0.0,0.0,0.38438,0.503,0.005625,0.0075,0.0,0.0,0.900505,,,,,,,,,,1312,,,1.0146635575857336e-05,Information
474045,9406.0,5973.876106,MNG,Mongolia,Dundgovi,4.043016133,0.0,0.62,0.53,9406.0,,,,,,,,,,,,,,,,,,,,,,,,,0.32506,80.86032266000001,0.0,,56.25,0.942,11.688,0.196,0.312,0.005,0.0,0.0,0.11688,0.196,0.00468,0.0075,0.0,0.0,0.32506,0.0,0.0,1.265625,0.0211859934396319,0.0,0.0,0.044296875,0.0741509770387116,0.1184478520387116,0,,,2.295690059017985e-05,Information
474046,9407.0,8527.278425,MNG,Mongolia,Dundgovi,3.579180772,0.0,0.62,0.53,9407.0,,,,,,,,,,,,,,,,,,,,,,,,,1.75338,71.58361544,0.0,,121.938,1.43,74.688,0.876,4.0,0.047,0.0,0.0,0.74688,0.876,0.06,0.0705,0.0,0.0,1.75338,,,,,,,,,,2105,,,0.0026729169747528,Information
474047,9408.0,5683.44574,MNG,Mongolia,Govisümber,3.263822895,0.0,0.62,0.53,9408.0,,,,,,,,,,,,,,,,,,,,,,,,,2.7045,65.2764579,0.0,,151.5,2.666,95.375,1.678,1.75,0.031,0.0,0.0,0.95375,1.678,0.02625,0.0465,0.0,0.0,2.7045,0.140625,0.0024742912387896,12.234375,0.2152633377747028,0.002109375,0.0037114368581844,0.428203125,0.7534216822114598,1.1874456190696443,13722,,,0.0053476324091477,Information
474050,9409.0,24558.03168,MNG,Mongolia,Töv,2.439393582,0.0,0.62,0.53,9409.0,,,,,,,,,,,,,,,,,,,,,,,,,4.25495,48.787871640000006,0.0,,489.312,1.992,275.75,1.123,15.75,0.064,1.188,0.005,2.7575,1.123,0.23625,0.096,0.0296999999999999,0.0125,4.25495,3.375,0.0137429580826707,29.109375,0.118533013463035,0.050625,0.020614437124006,1.018828125,0.4148655471206225,1.5049331092446283,13878,,,0.0064251126426895,Information
475102,9412.0,11804.15597,MNG,Mongolia,Ömnögovi,0.44163901,0.0,0.62,0.53,9412.0,,,,,,,,,,,,,,,,,,,,,,,,,1.20856,8.8327802,0.0,,153.75,1.303,64.188,0.544,0.812,0.007,0.0,0.0,0.64188,0.544,0.01218,0.0105,0.0,0.0,1.20856,4.640625,0.0393134842593386,5.0625,0.0428874373738239,0.069609375,0.0589702263890079,0.1771875,0.1501060308083836,0.4558731321973915,3553,,,7.686815202391311e-06,Information
475108,9418.0,1743.808778,MNG,Mongolia,Ömnögovi,3.637196551,0.0,0.62,0.53,9418.0,,,,,,,,,,,,,,,,,,,,,,,,,2.21838,72.74393102,0.0,,87.5,5.018,32.938,1.889,0.0,0.0,0.0,0.0,0.32938,1.889,0.0,0.0,0.0,0.0,2.21838,,,,,,,,,,10396,,,0.0060622653716712,Information
475109,9419.0,3853.594645,MNG,Mongolia,Ömnögovi,0.392967068,0.0,0.62,0.53,9419.0,,,,,,,,,,,,,,,,,,,,,,,,,0.8164536001011842,7.859341359999999,0.0,,30.438,0.79,7.938,0.206,0.062,0.002,0.0,0.0,0.0793799999999999,0.206,0.0009299999999999,0.003,0.0,0.0,0.2893099999999999,3.65625,0.0948789464559182,4.921875,0.1277216586906591,0.05484375,0.1423184196838773,0.172265625,0.4470258054173068,0.8164536001011842,38,,,1.1443563802914947e-06,Information
475201,9420.0,24036.1347,MNG,Mongolia,Ömnögovi,1.003285069,0.0,0.62,0.53,9420.0,,,,,,,,,,,,,,,,,,,,,,,,,0.9945,20.06570138,0.0,,148.25,0.617,70.25,0.292,0.0,0.0,0.0,0.0,0.7025,0.292,0.0,0.0,0.0,0.0,0.9945,6.609375,0.0274976616796041,12.65625,0.0526550968332846,0.099140625,0.0412464925194061,0.44296875,0.1842928389164961,0.7676487064359022,9089,,,5.753632850331505e-06,Information
475203,9422.0,8035.181924,MNG,Mongolia,Dornogovi,1.17005725,0.0,0.62,0.53,9422.0,,,,,,,,,,,,,,,,,,,,,,,,,1.01938,23.401145,0.0,,83.812,1.043,45.438,0.565,0.0,0.0,0.0,0.0,0.45438,0.565,0.0,0.0,0.0,0.0,1.01938,,,,,,,,,,502,,,7.823141133002894e-06,Information
475204,9423.0,15602.5261,MNG,Mongolia,Dornogovi,1.479736466,0.0,0.62,0.53,9423.0,,,,,,,,,,,,,,,,,,,,,,,,,0.7943800000000001,29.594729320000003,0.0,,89.688,0.575,48.438,0.31,0.0,0.0,0.0,0.0,0.48438,0.31,0.0,0.0,0.0,0.0,0.7943800000000001,,,,,,,,,,3356,,,3.6549156139065935e-06,Information
475205,9424.0,12561.02258,MNG,Mongolia,Dornogovi,0.732386976,0.0,0.62,0.53,9424.0,,,,,,,,,,,,,,,,,,,,,,,,,0.49238,14.64773952,0.0,,36.812,0.293,27.438,0.218,0.0,0.0,0.0,0.0,0.27438,0.218,0.0,0.0,0.0,0.0,0.49238,,,,,,,,,,7488,,,1.266183804315925e-07,Information
475207,9426.0,3319.908207,MNG,Mongolia,Dornogovi,0.149411489,0.0,0.62,0.53,9426.0,,,,,,,,,,,,,,,,,,,,,,,,,0.4915,2.98822978,0.0,,12.25,0.369,12.25,0.369,0.0,0.0,0.0,0.0,0.1225,0.369,0.0,0.0,0.0,0.0,0.4915,,,,,,,,,,85,,,6.280925157757612e-08,Information
475301,9429.0,6198.902878,MNG,Mongolia,Dornogovi,0.328545503,0.0,0.62,0.53,9429.0,,,,,,,,,,,,,,,,,,,,,,,,,1.946995,6.57091006,0.0,,93.375,1.506,74.312,1.199,0.125,0.002,0.0,0.0,0.74312,1.199,0.001875,0.003,0.0,0.0,1.946995,0.0,0.0,1.125,0.0181483727379914,0.0,0.0,0.039375,0.0635193045829699,0.1028943045829698,1136,,,5.421366676925568e-05,Information
475302,9430.0,21766.18864,MNG,Mongolia,Dornogovi,1.192022999,0.0,0.62,0.53,9430.0,,,,,,,,,,,,,,,,,,,,,,,,,5.308055,23.84045998,0.0,,491.5,2.258,333.5,1.532,19.062,0.088,0.625,0.003,3.335,1.532,0.28593,0.132,0.015625,0.0075,5.308055,3.796875,0.0174439129525149,12.796875,0.0587924473584762,0.056953125,0.0261658694287723,0.447890625,0.2057735657546666,0.736783185183439,18938,,,0.003865415506198,Information
475303,9431.0,7966.081022,MNG,Mongolia,Dornogovi,1.383053209,0.0,0.62,0.53,9431.0,,,,,,,,,,,,,,,,,,,,,,,,,0.8174999999999999,27.66106418,0.0,,38.188,0.479,35.5,0.446,0.5,0.006,0.0,0.0,0.355,0.446,0.0075,0.009,0.0,0.0,0.8174999999999999,,,,,,,,,,111,,,3.682343535481869e-06,Information
475304,9432.0,9145.106114,MNG,Mongolia,Sühbaatar,2.097706299,0.0,0.62,0.53,9432.0,,,,,,,,,,,,,,,,,,,,,,,,,1.70375,41.95412598,0.0,,119.125,1.303,80.25,0.878,0.75,0.008,0.0,0.0,0.8025,0.878,0.01125,0.012,0.0,0.0,1.70375,3.9375,0.0430558153264235,8.578125,0.093800169103994,0.0590625,0.0645837229896352,0.300234375,0.328300591863979,0.7521811898536142,5052,,,0.0002090384182046,Information
475305,9433.0,4857.459713,MNG,Mongolia,Sühbaatar,2.104211905,0.0,0.62,0.53,9433.0,,,,,,,,,,,,,,,,,,,,,,,,,1.40112,42.0842381,0.0,,68.875,1.418,45.812,0.943,0.0,0.0,0.0,0.0,0.4581199999999999,0.943,0.0,0.0,0.0,0.0,1.40112,0.421875,0.0086850951923192,1.265625,0.0260552855769576,0.006328125,0.0130276427884788,0.044296875,0.0911934995193516,0.1548461423078304,2108,,,9.893610079025268e-05,Information
475306,9434.0,9870.771214,MNG,Mongolia,Sühbaatar,0.417001432,0.0,0.62,0.53,9434.0,,,,,,,,,,,,,,,,,,,,,,,,,0.85131,8.34002864,0.0,,47.688,0.483,42.188,0.427,0.062,0.001,0.0,0.0,0.42188,0.427,0.0009299999999999,0.0015,0.0,0.0,0.85131,2.390625,0.0242192321983073,6.75,0.0683837144422797,0.035859375,0.0363288482974609,0.23625,0.2393430005479789,0.5477812238454399,4650,,,1.4409324610017766e-06,Information
475307,9435.0,5539.259327,MNG,Mongolia,Sühbaatar,0.188984055,0.0,0.62,0.53,9435.0,,,,,,,,,,,,,,,,,,,,,,,,,0.3855,3.7796811,0.0,,17.562,0.317,13.75,0.248,0.0,0.0,0.0,0.0,0.1375,0.248,0.0,0.0,0.0,0.0,0.3855,,,,,,,,,,3787,,,1.6964010508860332e-08,Information
475308,9436.0,6790.777607,MNG,Mongolia,Sühbaatar,0.78607439,0.0,0.62,0.53,9436.0,,,,,,,,,,,,,,,,,,,,,,,,,1.00375,15.7214878,0.0,,44.125,0.65,39.875,0.587,0.5,0.007,0.0,0.0,0.39875,0.587,0.0075,0.0105,0.0,0.0,1.00375,0.0,0.0,3.9375,0.057983050367456,0.0,0.0,0.1378125,0.202940676286096,0.340753176286096,0,,,4.703272908752413e-06,Information
475309,9437.0,10862.38039,MNG,Mongolia,Sühbaatar,1.156168433,0.0,0.62,0.53,9437.0,,,,,,,,,,,,,,,,,,,,,,,,,0.84144,23.12336866,0.0,,51.125,0.471,42.812,0.394,0.688,0.006,0.0,0.0,0.42812,0.394,0.01032,0.009,0.0,0.0,0.84144,0.0,0.0,2.390625,0.0220082975725349,0.0,0.0,0.083671875,0.0770290415038721,0.1607009165038721,6767,,,3.168191748247997e-06,Information
413011,7268.0,77086.49973,JPN,Japan,Hyogo,1.746852216,2.155650205,0.78,0.31,7268.0,,,,,,,,,,,,,,,,,,,,,,,,,18.95448069544356,34.93704432,43.113004100000005,,142.75,0.185,134.312,0.174,5.938,0.008,0.0,0.0,1.34312,0.174,0.08907,0.012,0.0,0.0,1.61819,34.734375,0.0450589598964511,464.484375,0.602549573028251,0.521015625,0.0675884398446766,16.256953125,2.108923505598878,18.95448069544356,31746368,,,0.1358782710324113,Information
413015,7271.0,17380.82653,JPN,Japan,Fukushima,1.427746773,2.664508368,0.78,0.31,7271.0,,,,,,,,,,,,,,,,,,,,,,,,,21.82655065412126,28.55493546,53.29016736,,5.75,0.033,5.375,0.031,1.375,0.008,0.0,0.0,0.05375,0.031,0.020625,0.012,0.0,0.0,0.117375,40.359375,0.2322063045783101,378.5625,2.1780465920725125,0.605390625,0.3483094568674652,13.2496875,7.623163072253794,21.82655065412126,4965029,,,0.2233800404881178,Information
413016,7272.0,15948.13668,JPN,Japan,Gunma,0.702085067,0.0,0.78,0.31,7272.0,7272.0,0.0,17.0,3.0,2.0,-9999.0,0.0,1.0,0.3,0.2,-999.9,-1996.8,0.0,0.0,0.0,0.0,0.0,0.0,0.0,0.0,0.0,0.0,0.0,-1996.8,17.177268499149807,14.04170134,0.0,,,,,,,,,,,,,,,,,0.0,0.0,301.640625,1.891384749757088,0.0,0.0,10.557421875,6.619846624149808,17.177268499149807,8268163,,,0.0536688770264572,Information
413030,7274.0,643.5484739,JPN,Japan,Hyogo,0.695808501,2.053132099,0.78,0.31,7274.0,,,,,,,,,,,,,,,,,,,,,,,,,6.919180866929467,13.91617002,41.06264198,,12.375,1.923,11.688,1.816,1.0,0.155,0.0,0.0,0.11688,1.816,0.015,0.2324999999999999,0.0,0.0,2.18038,0.0,0.0,11.953125,1.8573775691227048,0.0,0.0,0.418359375,6.500821491929467,6.919180866929467,143351,,,0.0160895901974141,Information
413040,7275.0,19004.18163,JPN,Japan,Kochi,2.774803898,2.173374169,0.78,0.31,7275.0,,,,,,,,,,,,,,,,,,,,,,,,,6.101699827355562,55.49607796,43.46748338,,36.562,0.192,32.0,0.168,0.062,0.0,0.0,0.0,0.32,0.168,0.0009299999999999,0.0,0.0,0.0,0.48893,0.421875,0.0022199061667487,114.046875,0.600114633744411,0.006328125,0.003329859250123,3.991640625,2.1004012181054383,6.101699827355562,3690909,,,0.0234606483090381,Information
413051,7276.0,1161.643996,JPN,Japan,Kagoshima,0.477575027,1.805718536,0.78,0.31,7276.0,,,,,,,,,,,,,,,,,,,,,,,,,0.13838,9.55150054,36.11437072,,1.438,0.124,1.438,0.124,0.0,0.0,0.0,0.0,0.0143799999999999,0.124,0.0,0.0,0.0,0.0,0.13838,,,,,,,,,,188067,,,4.26208108946047e-10,Information
413052,7277.0,1564.413226,JPN,Japan,Kagoshima,1.503553147,0.0,0.78,0.31,7277.0,,,,,,,,,,,,,,,,,,,,,,,,,0.444,30.07106294,0.0,,6.0,0.384,6.0,0.384,0.0,0.0,0.0,0.0,0.06,0.384,0.0,0.0,0.0,0.0,0.444,,,,,,,,,,159945,,,2.1027757441967898e-07,Information
413054,7279.0,1906.376963,JPN,Japan,Kumamoto,2.616313981,0.0,0.78,0.31,7279.0,,,,,,,,,,,,,,,,,,,,,,,,,0.17612,52.32627962,0.0,,2.812,0.148,2.812,0.148,0.0,0.0,0.0,0.0,0.02812,0.148,0.0,0.0,0.0,0.0,0.17612,,,,,,,,,,134712,,,1.0657780899337106e-08,Information
413058,7283.0,2156.908937,JPN,Japan,Miyazaki,1.390889649,0.0,0.78,0.31,7283.0,,,,,,,,,,,,,,,,,,,,,,,,,0.14825,27.81779298,0.0,,2.625,0.122,2.625,0.122,0.0,0.0,0.0,0.0,0.02625,0.122,0.0,0.0,0.0,0.0,0.14825,,,,,,,,,,414468,,,3.0456733429048483e-10,Information
413090,7284.0,909.1179741,JPN,Japan,Niigata,3.069334638,0.319181981,0.78,0.31,7284.0,,,,,,,,,,,,,,,,,,,,,,,,,15.473952708526337,61.38669276,6.38363962,,5.25,0.577,5.25,0.577,0.062,0.007,0.0,0.0,0.0525,0.577,0.0009299999999999,0.0105,0.0,0.0,0.6409299999999999,0.0,0.0,36.84375,4.052691845293239,0.0,0.0,1.28953125,14.184421458526336,15.473952708526337,59675,,,0.1802431546084434,Information
412001,16129.0,78805.6607,JPN,Japan,Hokkaido,1.226106063,1.043789969,0.78,0.31,16129.0,16129.0,0.0,27.0,3.0,2.0,-9999.0,0.0,1.0,0.3,0.2,-999.9,-1996.8,0.0,0.0,0.0,0.0,0.0,0.0,0.0,0.0,0.0,0.0,0.0,-1996.8,43.10441348239654,24.52212126,20.875799380000004,,,,,,,,,,,,,,,,,128.109375,0.1625636710080885,1337.203125,1.6968363859669742,1.921640625,0.2438455065121327,35.0,5.938927350884409,43.10441348239654,5268947,,,0.2876666631577213,Advisory
413013,16131.0,51084.82933,JPN,Japan,Akita,2.265058832,2.158289509,0.78,0.31,16131.0,,,,,,,,,,,,,,,,,,,,,,,,,52.41883148978079,45.30117664,43.16579018,,34.375,0.067,31.312,0.061,1.562,0.003,0.0,0.0,0.31312,0.061,0.02343,0.0045,0.0,0.0,0.40205,248.34375,0.4861399230767489,1892.25,3.7041329586187626,3.72515625,0.7292098846151234,35.0,12.964465355165668,52.41883148978079,5454352,,,0.4830196472685235,Advisory
413017,16132.0,33332.76152,JPN,Japan,Shizuoka,1.070751894,2.021057761,0.78,0.31,16132.0,,,,,,,,,,,,,,,,,,,,,,,,,8.926769713932075,21.41503788,40.42115522,,30.688,0.092,28.438,0.085,3.625,0.011,0.125,0.0,0.2843799999999999,0.085,0.054375,0.0165,0.003125,0.0,0.44338,12.515625,0.037547519105049,190.828125,0.5724941957927148,0.187734375,0.0563212786575735,6.678984375,2.003729685274502,8.926769713932075,47774856,,,0.0288318443579343,Information
413019,16133.0,7787.585162,JPN,Japan,Mie,1.286389157,3.236258297,0.78,0.31,16133.0,,,,,,,,,,,,,,,,,,,,,,,,,5.691679494288744,25.72778314,64.72516594,,45.375,0.583,44.562,0.572,2.438,0.031,0.0,0.0,0.4456199999999999,0.572,0.03657,0.0465,0.0,0.0,1.10069,1.40625,0.0180575874395527,70.59375,0.9064908894655472,0.02109375,0.027086381159329,2.47078125,3.172718113129416,5.691679494288744,1680066,,,0.0340636091891747,Information
413059,16135.0,5773.567053,JPN,Japan,Kagoshima,2.010144616,2.291393315,0.78,0.31,16135.0,,,,,,,,,,,,,,,,,,,,,,,,,1.3581184711823389,40.20289232,45.8278663,,16.125,0.279,15.875,0.275,0.312,0.005,0.0,0.0,0.15875,0.275,0.00468,0.0075,0.0,0.0,0.44593,0.0,0.0,14.203125,0.2460025989092397,0.0,0.0,0.497109375,0.8610090961823389,1.3581184711823389,1331015,,,0.0001138734885668,Information
413060,16136.0,1303.991376,JPN,Japan,Kagoshima,0.030165463,0.104177628,0.78,0.31,16136.0,,,,,,,,,,,,,,,,,,,,,,,,,2.7306601483329223,0.60330926,2.08355256,,1.688,0.129,1.688,0.129,0.0,0.0,0.0,0.0,0.01688,0.129,0.0,0.0,0.0,0.0,0.14588,0.0,0.0,9.0,0.6901886138094063,0.0,0.0,0.315,2.4156601483329223,2.7306601483329223,50523,,,0.0001720792717199,Information
413070,16137.0,1976.857233,JPN,Japan,Naoasaki,0.095951686,2.090413622,0.78,0.31,16137.0,,,,,,,,,,,,,,,,,,,,,,,,,5.840332342459685,1.91903372,41.80827244,,11.25,0.569,11.25,0.569,0.0,0.0,0.0,0.0,0.1125,0.569,0.0,0.0,0.0,0.0,0.6815,18.0,0.9105361631434568,19.828125,1.0030124922127142,0.27,1.3658042447151852,0.693984375,3.5105437227445,5.840332342459685,125722,,,0.0107537330814538,Information
413080,16138.0,418.0974646,JPN,Japan,Shimane,3.943302182,0.082723423,0.78,0.31,16138.0,,,,,,,,,,,,,,,,,,,,,,,,,20.76164554450829,78.86604364,1.65446846,,4.5,1.076,4.312,1.031,0.0,0.0,0.0,0.0,0.04312,1.031,0.0,0.0,0.0,0.0,1.07412,2.390625,0.5717865335555122,22.78125,5.448789319764292,0.035859375,0.8576798003332684,0.79734375,19.07076261917502,20.76164554450829,20235,,,0.4929096798228179,Advisory
424302,7650.0,8132.45747,PRK,North Korea,Kangwon-do,2.682567407,0.0,-9999.0,1.0,7650.0,,,,,,,,,,,,,,,,,,,,,,,,,12.745531543354648,53.65134814,0.0,,7.625,0.094,6.5,0.08,0.5,0.006,0.0,0.0,0.065,0.08,0.0075,0.009,0.0,0.0,0.1615,8.015625,0.0985633804972238,159.890625,1.966080063602518,0.120234375,0.1478450707458357,5.596171875,6.881280222608813,12.745531543354648,1424907,,,0.0983498514194369,Information
424303,7651.0,239.2739182,PRK,North Korea,Kaesong,2.778961997,0.0,-9999.0,1.0,7651.0,,,,,,,,,,,,,,,,,,,,,,,,,37.25775864785889,55.57923994,0.0,,3.0,1.254,2.125,0.888,0.562,0.235,0.0,0.0,0.02125,0.888,0.00843,0.3525,0.0,0.0,1.27018,1.125,0.4701724319059289,43.875,18.33672484433123,0.016875,0.7052586478588934,1.535625,35.0,37.25775864785889,25586,,,0.4302071820779369,Advisory
424304,7652.0,3942.091115,PRK,North Korea,Hwanghae-bukto,2.660458288,0.818668978,-9999.0,1.0,7652.0,,,,,,,,,,,,,,,,,,,,,,,,,17.407317007628237,53.209165760000005,16.37337956,,9.938,0.252,6.938,0.176,0.25,0.006,0.0,0.0,0.06938,0.176,0.00375,0.009,0.0,0.0,0.2581299999999999,1.96875,0.0499417680305129,139.78125,3.54586553016642,0.02953125,0.0749126520457693,4.89234375,12.410529355582469,17.407317007628237,676664,,,0.1613813099067678,Information
424305,7653.0,6355.13646,PRK,North Korea,Hwanghae-namdo,2.988675888,4.002164894,-9999.0,1.0,7653.0,,,,,,,,,,,,,,,,,,,,,,,,,71.72384793224106,59.77351776,80.04329788,3.0,76.188,1.199,68.125,1.072,7.938,0.125,0.0,0.0,0.68125,1.072,0.11907,0.1875,0.0,0.0,2.05982,102.9375,1.6197527881607068,935.71875,14.723818377624786,1.5440625,2.4296291822410603,32.75015625,35.0,71.72384793224106,1646840,158845.0,9.65,0.8995969382197512,Warning
424306,7654.0,19448.63757,PRK,North Korea,P'yongan-namdo,3.752575382,0.0,-9999.0,1.0,7654.0,,,,,,,,,,,,,,,,,,,,,,,,,57.82005203927608,75.05150764,0.0,3.0,144.25,0.742,133.375,0.686,17.312,0.089,0.0,0.0,1.33375,0.686,0.25968,0.1335,0.0,0.0,2.41293,102.09375,0.524940369975866,1139.203125,5.85749578123208,1.53140625,0.7874105549637991,35.0,20.50123523431228,57.82005203927608,7287464,456400.0,6.26,0.7996921821304643,Watch
424307,7655.0,1908.419143,PRK,North Korea,P'yongan-namdo,3.700225839,3.544647493,-9999.0,1.0,7655.0,,,,,,,,,,,,,,,,,,,,,,,,,82.74242187499999,74.00451677999999,70.89294986,3.0,186.5,9.772,178.312,9.343,65.125,3.413,0.0,0.0,1.78312,9.343,0.976875,5.1195,0.0,0.0,17.222495,337.78125,17.699531639713232,790.734375,41.43399933809638,5.06671875,15.0,27.675703125,35.0,82.74242187499999,1081811,250625.0,23.17,0.8765291338723398,Warning
424308,7656.0,5730.145584,PRK,North Korea,P'y?ngan-bukto,4.034380711,0.0,-9999.0,1.0,7656.0,,,,,,,,,,,,,,,,,,,,,,,,,17.902494297915062,80.68761422,0.0,,23.688,0.413,22.438,0.392,2.812,0.049,0.0,0.0,0.22438,0.392,0.04218,0.0735,0.0,0.0,0.73206,71.859375,1.2540584518834708,155.53125,2.7142634985971013,1.077890625,1.881087677825206,5.44359375,9.499922245089854,17.902494297915062,1305152,,,0.4697864862002542,Advisory
424309,7657.0,7740.795003,PRK,North Korea,P'y?ngan-bukto,2.495004622,4.005092986,-9999.0,1.0,7657.0,,,,,,,,,,,,,,,,,,,,,,,,,87.49072574416002,49.90009244,80.10185972000001,3.0,61.375,0.793,56.375,0.728,9.25,0.119,0.0,0.0,0.56375,0.728,0.13875,0.1785,0.0,0.0,1.609,579.234375,7.482879662773345,930.796875,12.024564333065497,8.688515625,11.224319494160016,32.577890625,35.0,87.49072574416002,1789658,203662.0,11.38,0.9306842576009664,Warning
424403,7660.0,7730.32539,PRK,North Korea,P'y?ngan-bukto,2.151940015,0.0,-9999.0,1.0,7660.0,,,,,,,,,,,,,,,,,,,,,,,,,19.20071268679412,43.038800300000005,0.0,,8.812,0.114,8.312,0.108,0.0,0.0,0.0,0.0,0.08312,0.108,0.0,0.0,0.0,0.0,0.19112,97.734375,1.264298332533498,197.296875,2.5522454108553925,1.466015625,1.896447498800247,6.905390625,8.932858937993874,19.20071268679412,811744,,,0.1384249706415681,Information
424408,7665.0,6882.909802,PRK,North Korea,Chagang-do,4.024714025,0.0,-9999.0,1.0,7665.0,,,,,,,,,,,,,,,,,,,,,,,,,1.1986504873049073,80.4942805,0.0,,13.562,0.197,12.25,0.178,1.062,0.015,0.0,0.0,0.1225,0.178,0.01593,0.0225,0.0,0.0,0.33893,5.34375,0.0776379489714718,11.671875,0.169577625385057,0.08015625,0.1164569234572077,0.408515625,0.5935216888476995,1.1986504873049073,168919,,,0.0026393818988964,Information
424409,7666.0,9033.033171,PRK,North Korea,Ryanggang,4.191469988,0.0,-9999.0,1.0,7666.0,,,,,,,,,,,,,,,,,,,,,,,,,0.9437269808792056,83.82939976,0.0,,15.438,0.171,15.438,0.171,1.938,0.021,0.0,0.0,0.15438,0.171,0.02907,0.0315,0.0,0.0,0.38595,6.890625,0.0762825162891085,9.84375,0.1089750232701551,0.103359375,0.1144237744336627,0.34453125,0.3814125814455428,0.9437269808792056,589355,,,0.0022478178274826,Information
424101,16143.0,31259.31718,PRK,North Korea,Hamgy?ng-namdo,4.003998833,1.734567166,-9999.0,1.0,16143.0,,,,,,,,,,,,,,,,,,,,,,,,,54.75371711103254,80.07997666,34.69134332,3.0,109.688,0.351,107.875,0.345,17.125,0.055,0.0,0.0,1.07875,0.345,0.256875,0.0825,0.0,0.0,1.763125,420.046875,1.3437493613429154,1021.5,3.267825698290907,6.300703125,2.015624042014373,35.0,11.437389944018175,54.75371711103254,9704423,531106.0,5.47,0.8440204609764623,Warning
424102,7640.0,23348.54509,KOR,South Korea,Gyeongsangbuk-do,1.093726737,0.0,0.76,0.33,7640.0,,,,,,,,,,,,,,,,,,,,,,,,,3.446647641849296,21.87453474,0.0,,27.688,0.119,26.375,0.113,1.125,0.005,0.0,0.0,0.26375,0.113,0.016875,0.0075,0.0,0.0,0.401125,18.140625,0.0776948839152442,61.171875,0.2619943759932655,0.272109375,0.1165423258728663,2.141015625,0.9169803159764294,3.446647641849296,5663364,,,0.000901453379294,Information
424103,7641.0,3301.919115,KOR,South Korea,Gyeongsangnam-do,1.989274873,2.435483331,0.76,0.33,7641.0,,,,,,,,,,,,,,,,,,,,,,,,,17.9471536366625,39.78549746,48.70966662,,18.312,0.555,17.812,0.539,0.625,0.019,0.0,0.0,0.17812,0.539,0.009375,0.0284999999999999,0.0,0.0,0.754995,77.484375,2.3466466710230542,94.078125,2.84919532289369,1.162265625,3.5199700065345816,3.292734375,9.972183630127915,17.9471536366625,2095970,,,0.146842788061314,Information
424104,7642.0,4843.911029,KOR,South Korea,Jeollabuk-do,1.569303414,0.0,0.76,0.33,7642.0,,,,,,,,,,,,,,,,,,,,,,,,,1.3596091669460235,31.38606828,0.0,,6.25,0.129,6.25,0.129,0.5,0.01,0.0,0.0,0.0625,0.129,0.0075,0.015,0.0,0.0,0.214,6.609375,0.1364470767716739,9.84375,0.2032190505110037,0.099140625,0.2046706151575108,0.34453125,0.711266676788513,1.3596091669460235,187720,,,4.403657284221874e-05,Information
424105,7643.0,7440.230295,KOR,South Korea,Jeollanam-do,2.520718546,2.147261366,0.76,0.33,7643.0,,,,,,,,,,,,,,,,,,,,,,,,,41.952168722419984,50.41437092,42.94522732,,130.75,1.757,113.938,1.531,1.188,0.016,0.0,0.0,1.13938,1.531,0.01782,0.024,0.0,0.0,2.7122,341.015625,4.583401473883747,365.203125,4.908492217598388,5.115234375,6.87510221082562,12.782109375,17.17972276159436,41.952168722419984,901097,,,0.4336177800502629,Advisory
424106,7644.0,2867.339249,KOR,South Korea,Gwangju,0.099244507,0.0,0.76,0.33,7644.0,,,,,,,,,,,,,,,,,,,,,,,,,2.312843176571076,1.98489014,0.0,,3.938,0.137,3.938,0.137,0.0,0.0,0.0,0.0,0.03938,0.137,0.0,0.0,0.0,0.0,0.17638,9.421875,0.3285929630430071,10.6875,0.37273231628759,0.141328125,0.4928894445645106,0.3740625,1.304563107006565,2.312843176571076,1838839,,,8.960804676638346e-05,Information
424107,7645.0,5382.427152,KOR,South Korea,Jeollabuk-do,1.879363612,2.159536632,0.76,0.33,7645.0,,,,,,,,,,,,,,,,,,,,,,,,,50.73684159231834,37.58727224,43.19073264,,91.562,1.701,87.125,1.619,0.75,0.014,0.0,0.0,0.87125,1.619,0.01125,0.021,0.0,0.0,2.5225,120.09375,2.231219236491732,455.765625,8.467659889308784,1.80140625,3.346828854737597,15.951796875,29.636809612580745,50.73684159231834,1829897,,,0.4549965813603444,Advisory
424108,7646.0,9798.750753,KOR,South Korea,Daejeon,1.035471844,0.0,0.76,0.33,7646.0,,,,,,,,,,,,,,,,,,,,,,,,,10.557154530694737,20.70943688,0.0,,30.688,0.313,28.188,0.288,1.562,0.016,0.0,0.0,0.2818799999999999,0.288,0.02343,0.024,0.0,0.0,0.6173099999999999,25.453125,0.2597588778578245,138.375,1.4121698111165708,0.381796875,0.3896383167867367,4.843125,4.942594338907998,10.557154530694737,3506884,,,0.0218835062055378,Information
424109,7647.0,9041.952738,KOR,South Korea,Chungcheongnam-do,1.065213948,2.07204142,0.76,0.33,7647.0,,,,,,,,,,,,,,,,,,,,,,,,,72.40082737443595,21.30427896,41.4408284,3.0,168.375,1.862,140.812,1.557,18.562,0.205,0.0,0.0,1.40812,1.557,0.27843,0.3075,0.0,0.0,3.55105,176.203125,1.948728666290629,909.5625,10.059359148896878,2.643046875,2.923092999435944,31.8346875,35.0,72.40082737443595,11323978,67912.0,0.6,0.5840166968714712,Watch
424200,7648.0,25302.1423,KOR,South Korea,Gangwon-do,0.562331192,0.0,0.76,0.33,7648.0,,,,,,,,,,,,,,,,,,,,,,,,,6.617937235209294,11.246623840000002,0.0,,38.25,0.151,34.562,0.137,4.0,0.016,0.0,0.0,0.34562,0.137,0.06,0.024,0.0,0.0,0.56662,31.078125,0.1228280381652102,122.203125,0.4829754079889939,0.466171875,0.1842420572478152,4.277109375,1.6904139279614787,6.617937235209294,17176528,,,0.0047147363532324,Information
424301,7649.0,389.0426713,KOR,South Korea,Gyeonggi-do,0.811719243,0.0,0.76,0.33,7649.0,,,,,,,,,,,,,,,,,,,,,,,,,3.9430304049810254,16.23438486,0.0,,2.312,0.594,1.812,0.466,0.312,0.08,0.0,0.0,0.01812,0.466,0.00468,0.12,0.0,0.0,0.6088,0.0,0.0,4.21875,1.0843926157088648,0.0,0.0,0.14765625,3.795374154981027,3.9430304049810254,1195362,,,0.0011212831080445,Information
424100,16142.0,1938.370321,KOR,South Korea,Jeju,1.291942327,2.45108988,0.76,0.33,16142.0,,,,,,,,,,,,,,,,,,,,,,,,,5.322218711585938,25.83884654,49.0217976,,15.375,0.793,13.562,0.7,0.0,0.0,0.0,0.0,0.13562,0.7,0.0,0.0,0.0,0.0,0.8356199999999999,15.609375,0.8052834297982736,18.0,0.928615126253865,0.234140625,1.2079251446974104,0.63,3.2501529418885275,5.322218711585938,575205,,,0.0119259056592946,Information
436708,8197.0,13685.09532,VNM,Vietnam,L?ng Son,4.025747732,4.010633967,0.56,0.61,8197.0,,,,,,,,,,,,,,,,,,,,,,,,,0.6393800000000001,80.51495464,80.21267934000001,,47.812,0.349,36.938,0.27,0.0,0.0,0.0,0.0,0.36938,0.27,0.0,0.0,0.0,0.0,0.6393800000000001,,,,,,,,,,6283288,,,0.000316688527995,Information
436709,8198.0,2835.096983,VNM,Vietnam,Thái Bình,4.170516416,4.115968585,0.56,0.61,8198.0,,,,,,,,,,,,,,,,,,,,,,,,,1.5835,83.41032831999999,82.3193717,,36.312,1.281,31.625,1.115,2.25,0.079,0.0,0.0,0.31625,1.115,0.03375,0.1185,0.0,0.0,1.5835,,,,,,,,,,3090159,,,0.009408346228173,Information
436810,8199.0,4017.247836,VNM,Vietnam,Hanoi,4.036940724,4.035185706,0.56,0.61,8199.0,,,,,,,,,,,,,,,,,,,,,,,,,0.94168,80.73881448,80.70371412,,28.938,0.72,26.875,0.669,0.062,0.002,0.0,0.0,0.26875,0.669,0.0009299999999999,0.003,0.0,0.0,0.94168,,,,,,,,,,4690478,,,0.0012714818245562,Information
436821,8200.0,719.5988219,VNM,Vietnam,Phú Th?,4.038812207,0.0,0.56,0.61,8200.0,,,,,,,,,,,,,,,,,,,,,,,,,0.1114999999999999,80.77624414,0.0,,0.75,0.104,0.75,0.104,0.0,0.0,0.0,0.0,0.0075,0.104,0.0,0.0,0.0,0.0,0.1114999999999999,,,,,,,,,,436275,,,1.3032833210254137e-07,Information
436824,8203.0,15512.86066,VNM,Vietnam,Hà Giang,4.035444444,0.0,0.56,0.61,8203.0,8203.0,1.0,1.0,100.0,3.0,-9999.0,3.0,10.0,10.0,0.3,-999.9,-1953.2,0.0,0.0,0.0,0.0,0.0,0.0,0.0,0.0,0.0,0.0,0.0,-1953.2,-1953.2,80.70888888,0.0,,,,,,,,,,,,,,,,,,,,,,,,,,1202722,,,,
436830,8209.0,100.5477979,VNM,Vietnam,Phú Th?,4.058000634,0.0,0.56,0.61,8209.0,,,,,,,,,,,,,,,,,,,,,,,,,1.94638,81.16001268,0.0,,3.312,3.294,1.938,1.927,0.0,0.0,0.0,0.0,0.0193799999999999,1.927,0.0,0.0,0.0,0.0,1.94638,0.0,0.0,0.421875,0.4195765684029626,0.0,0.0,0.014765625,1.468517989410369,1.483283614410369,156244,,,0.0116034772632872,Information
436850,8219.0,19271.4264,VNM,Vietnam,Son La,3.502079978,0.0,0.56,0.61,8219.0,,,,,,,,,,,,,,,,,,,,,,,,,1.66382,70.04159956,0.0,,115.875,0.601,107.0,0.555,1.688,0.009,0.0,0.0,1.07,0.555,0.02532,0.0134999999999999,0.0,0.0,1.66382,0.421875,0.0021891218183778,4.21875,0.0218912181837783,0.006328125,0.0032836827275667,0.14765625,0.076619263643224,0.2338873213707907,2107210,,,0.0019219634167413,Information
436870,8221.0,10271.36641,VNM,Vietnam,Lai Châu,3.350040605,0.0,0.56,0.61,8221.0,8221.0,0.0,16.0,17.0,5.0,-9999.0,0.0,1.0,1.7,0.5,-999.9,-1993.4,0.0,0.0,0.0,0.0,0.0,0.0,0.0,0.0,0.0,0.0,0.0,-1993.4,-1993.4,67.00081209999999,0.0,,,,,,,,,,,,,,,,,,,,,,,,,,272358,,,,
436900,8224.0,7191.715608,VNM,Vietnam,Hà N?i,4.054054151,4.040222523,0.56,0.61,8224.0,,,,,,,,,,,,,,,,,,,,,,,,,2.18344,81.08108302,80.80445046,,94.875,1.319,82.062,1.141,6.188,0.086,0.0,0.0,0.82062,1.141,0.09282,0.129,0.0,0.0,2.18344,0.0,0.0,9.0,0.1251439919205484,0.0,0.0,0.315,0.4380039717219194,0.7530039717219195,7848543,,,0.0154149734202119,Information
441010,8230.0,137.8442651,VNM,Vietnam,Thanh Hóa,2.344745087,4.047158663,0.56,0.61,8230.0,,,,,,,,,,,,,,,,,,,,,,,,,13.89613,46.89490174,80.94317326000001,,17.25,12.514,17.25,12.514,3.062,2.222,0.188,0.136,0.1725,10.0,0.04593,3.333,0.0046999999999999,0.34,13.89613,,,,,,,,,,163944,,,0.3760714613374601,Advisory
441030,8232.0,3935.311285,VNM,Vietnam,Ngh? An,4.045455582,4.001022334,0.56,0.61,8232.0,,,,,,,,,,,,,,,,,,,,,,,,,2.45675,80.90911163999999,80.02044667999999,,69.0,1.753,67.5,1.715,1.25,0.032,0.0,0.0,0.675,1.715,0.01875,0.048,0.0,0.0,2.45675,,,,,,,,,,2187813,,,0.020164079799615,Information
441040,8233.0,27389.39066,VNM,Vietnam,Ngh? An,4.023648214,4.002366466,0.56,0.61,8233.0,8233.0,0.0,1.0,7.0,2.0,-9999.0,0.0,10.0,0.7,0.2,-999.9,-978.3,0.0,0.0,0.0,0.0,0.0,0.0,0.0,0.0,0.0,0.0,0.0,-978.3,0.1391767077651345,80.47296427999999,80.04732931999999,,12.062,0.044,8.625,0.031,0.688,0.003,0.0,0.0,0.08625,0.031,0.01032,0.0045,0.0,0.0,0.13207,4.5,0.0164297192894387,0.984375,0.0035940010945647,0.0675,0.024644578934158,0.034453125,0.0125790038309764,0.1391767077651345,2383490,,,3.830502332435101e-07,Information
441051,8234.0,2587.50717,VNM,Vietnam,Hà Tinh,4.104615129,4.042667296,0.56,0.61,8234.0,,,,,,,,,,,,,,,,,,,,,,,,,0.7668050000000001,82.09230258,80.85334592000001,,16.688,0.645,14.688,0.568,0.625,0.024,0.062,0.002,0.14688,0.568,0.009375,0.036,0.00155,0.005,0.7668050000000001,0.0,0.0,1.6875,0.0652172105829834,0.0,0.0,0.0590625,0.2282602370404418,0.2873227370404418,848871,,,0.0008142496395966,Information
441053,8236.0,14678.78222,VNM,Vietnam,Qu?ng Bình,4.101240697,4.002309761,0.56,0.61,8236.0,8236.0,0.0,30.0,-9999.0,-9999.0,-9999.0,0.0,1.0,-999.9,-999.9,-999.9,-5997.4,0.0,0.0,0.0,0.0,0.0,0.0,0.0,0.0,0.0,0.0,0.0,-5997.4,0.9894450864987576,82.02481394,80.04619522,,37.875,0.258,29.688,0.202,2.938,0.02,0.188,0.001,0.29688,0.202,0.04407,0.03,0.0046999999999999,0.0025,0.58015,8.71875,0.0593969572590752,13.078125,0.0890954358886128,0.13078125,0.0890954358886128,0.457734375,0.3118340256101448,0.9894450864987576,3562372,,,0.0018681762296543,Information
441054,8237.0,9565.025748,VNM,Vietnam,Qu?ng Nam,4.03585564,0.0,0.56,0.61,8237.0,8237.0,0.0,1.0,2.0,-9999.0,-9999.0,0.0,10.0,0.2,-999.9,-999.9,-3979.2,0.0,0.0,0.0,0.0,0.0,0.0,0.0,0.0,0.0,0.0,0.0,-3979.2,0.8341704740929259,80.71711280000001,0.0,,5.25,0.055,2.375,0.025,3.375,0.035,0.438,0.005,0.02375,0.025,0.050625,0.0525,0.01095,0.0125,0.175325,3.234375,0.033814597945301,10.265625,0.1073245934785641,0.048515625,0.0507218969179514,0.359296875,0.3756360771749744,0.8341704740929259,762015,,,0.0008431962775348,Information
441055,8238.0,2472.083651,VNM,Vietnam,Qu?ng Nam,4.018937029,2.197614649,0.56,0.61,8238.0,,,,,,,,,,,,,,,,,,,,,,,,,6.704558685495764,80.37874058,43.95229298,,29.375,1.188,28.25,1.143,3.5,0.142,0.375,0.015,0.2825,1.143,0.0525,0.2129999999999999,0.009375,0.0375,1.7378749999999998,2.953125,0.1194589430110169,36.703125,1.4847040059940682,0.044296875,0.1791884145165253,1.284609375,5.196464020979239,6.704558685495764,902242,,,0.1414503492001148,Information
441057,8240.0,10793.85631,VNM,Vietnam,Bình ??nh,4.040968124,2.254449742,0.56,0.61,8240.0,8240.0,0.0,1.0,2.0,-9999.0,-9999.0,0.0,10.0,0.2,-999.9,-999.9,-3979.2,0.0,0.0,0.0,0.0,0.0,0.0,0.0,0.0,0.0,0.0,0.0,-3979.2,3.868558326860272,80.81936248,45.08899484,,41.312,0.383,26.438,0.245,0.375,0.003,0.062,0.001,0.26438,0.245,0.005625,0.0045,0.00155,0.0025,0.5235549999999999,2.953125,0.0273593136302981,56.109375,0.5198269589756643,0.044296875,0.0410389704454471,1.963828125,1.8193943564148247,3.868558326860272,2418745,,,0.0546863116908638,Information
441058,8241.0,13243.23882,VNM,Vietnam,Gia Lai,3.903013025,1.444160201,0.56,0.61,8241.0,8241.0,0.0,1.0,-9999.0,-9999.0,-9999.0,0.0,10.0,-999.9,-999.9,-999.9,-5979.4,0.0,0.0,0.0,0.0,0.0,0.0,0.0,0.0,0.0,0.0,0.0,-5979.4,1.420398801222167,78.0602605,28.88320402,,7.125,0.054,6.438,0.049,0.312,0.002,0.0,0.0,0.0643799999999999,0.049,0.00468,0.003,0.0,0.0,0.12106,0.140625,0.0010618625998647,23.0625,0.1741454663778201,0.002109375,0.001592793899797,0.8071875,0.6095091323223704,1.420398801222167,1431128,,,0.0030967058565249,Information
441059,8242.0,19941.15906,VNM,Vietnam,Bình Thu?n,4.031205704,4.000495029,0.56,0.61,8242.0,8242.0,0.0,17.0,2.0,-9999.0,-9999.0,0.0,1.0,0.2,-999.9,-999.9,-3997.2,0.0,0.0,0.0,0.0,0.0,0.0,0.0,0.0,0.0,0.0,0.0,-3997.2,9.227035323495556,80.62411408,80.00990058,,157.938,0.792,124.125,0.622,7.562,0.038,0.75,0.004,1.24125,0.622,0.11343,0.0569999999999999,0.01875,0.01,2.0624299999999995,6.75,0.0338495870772967,172.6875,0.8659852693941749,0.10125,0.050774380615945,6.0440625,3.030948442879612,9.227035323495556,5208298,,,0.2290765374319419,Information
441060,8243.0,29826.11163,VNM,Vietnam,V?ng Nai,3.795588092,3.025974392,0.56,0.61,8243.0,,,,,,,,,,,,,,,,,,,,,,,,,3.0822984668148727,75.91176184,60.51948784,,49.688,0.167,46.688,0.157,0.0,0.0,0.0,0.0,0.46688,0.157,0.0,0.0,0.0,0.0,0.62388,0.0,0.0,65.953125,0.2211254548042493,0.0,0.0,2.308359375,0.7739390918148725,3.0822984668148727,19718470,,,0.0198889398548167,Information
441070,8244.0,40.82084878,VNM,Vietnam,Long An,4.304580536,4.153555947,0.56,0.61,8244.0,,,,,,,,,,,,,,,,,,,,,,,,,3.22812,86.09161071999999,83.07111894,,1.312,3.215,1.312,3.215,0.0,0.0,0.0,0.0,0.01312,3.215,0.0,0.0,0.0,0.0,3.22812,0.0,0.0,0.140625,0.3444930818848586,0.0,0.0,0.004921875,1.205725786597005,1.210647661597005,15908,,,0.0720636832248409,Information
441090,8246.0,8250.058614,VNM,Vietnam,Vinh Long,3.338988533,4.031216344,0.56,0.61,8246.0,,,,,,,,,,,,,,,,,,,,,,,,,6.018930000000001,66.77977066,80.62432688,,270.5,3.279,265.625,3.22,4.312,0.052,0.0,0.0,2.65625,3.22,0.06468,0.078,0.0,0.0,6.018930000000001,0.0,0.0,49.5,0.5999957371604684,0.0,0.0,1.7325,2.09998508006164,3.8324850800616392,4828049,,,0.121179896678405,Information
442407,8264.0,8263.286024,VNM,Vietnam,??k Nông,3.370600292,0.0,0.56,0.61,8264.0,8264.0,0.0,30.0,2.0,-9999.0,-9999.0,0.0,1.0,0.2,-999.9,-999.9,-3997.2,0.0,0.0,0.0,0.0,0.0,0.0,0.0,0.0,0.0,0.0,0.0,-3997.2,-3997.2,67.41200584,0.0,,,,,,,,,,,,,,,,,,,,,,,,,,1149356,,,,
442408,8265.0,4051.021789,VNM,Vietnam,??k Nông,4.112134988,0.0,0.56,0.61,8265.0,8265.0,0.0,30.0,2.0,2.0,-9999.0,0.0,1.0,0.2,0.2,-999.9,-1997.0,0.0,0.0,0.0,0.0,0.0,0.0,0.0,0.0,0.0,0.0,0.0,-1997.0,-1997.0,82.24269976000001,0.0,,,,,,,,,,,,,,,,,,,,,,,,,,128732,,,,
442409,8266.0,3870.501673,VNM,Vietnam,??k L?k,3.89106066,0.0,0.56,0.61,8266.0,8266.0,0.0,16.0,-9999.0,-9999.0,-9999.0,0.0,1.0,-999.9,-999.9,-999.9,-5997.4,0.0,0.0,0.0,0.0,0.0,0.0,0.0,0.0,0.0,0.0,0.0,-5997.4,1.799101481377412,77.8212132,0.0,,3.375,0.087,2.875,0.074,0.0,0.0,0.0,0.0,0.02875,0.074,0.0,0.0,0.0,0.0,0.10275,0.0,0.0,14.34375,0.3705914946792605,0.0,0.0,0.50203125,1.2970702313774118,1.799101481377412,789613,,,0.0060050246598166,Information
443010,8337.0,2035.444381,VNM,Vietnam,Sóc Trang,4.072646203,4.303313729,0.56,0.61,8337.0,,,,,,,,,,,,,,,,,,,,,,,,,6.59018,81.45292405999999,86.06627458,,116.562,5.727,111.0,5.453,0.312,0.015,0.0,0.0,1.11,5.453,0.00468,0.0225,0.0,0.0,6.59018,13.921875,0.6839722634185534,23.625,1.1606802045890603,0.208828125,1.0259583951278302,0.826875,4.062380716061711,6.124042236189542,923527,,,0.2270095183121379,Information
443020,8338.0,6046.003109,VNM,Vietnam,H?u Giang,4.140580169,4.033238421,0.56,0.61,8338.0,,,,,,,,,,,,,,,,,,,,,,,,,4.80888,82.81160338,80.66476842,,299.0,4.945,181.188,2.997,0.0,0.0,0.0,0.0,1.81188,2.997,0.0,0.0,0.0,0.0,4.80888,0.0,0.0,21.796875,0.360517098755049,0.0,0.0,0.762890625,1.2618098456426714,2.024700470642672,2526950,,,0.1013724111486688,Information
443031,8339.0,11750.44937,VNM,Vietnam,Kien Giang,4.1015797,4.100665243,0.56,0.61,8339.0,,,,,,,,,,,,,,,,,,,,,,,,,46.43384278963643,82.03159400000001,82.01330486,3.0,2015.375,17.151,1111.875,9.462,0.062,0.001,0.0,0.0,10.0,9.462,0.0009299999999999,0.0015,0.0,0.0,19.46443,4.5,0.0382964077286972,714.796875,6.083145015155251,0.0675,0.0574446115930458,25.017890625,21.29100755304338,46.43384278963643,3392009,132066.0,3.89,0.8287948444328748,Warning
437001,8225.0,36526.05493,TWN,Taiwan,Taiwan,1.737014098,2.413248717,-9999.0,0.6,8225.0,,,,,,,,,,,,,,,,,,,,,,,,,4.395725407424284,34.74028196,48.26497434,,24.625,0.067,22.5,0.062,0.188,0.001,0.0,0.0,0.225,0.062,0.00282,0.0015,0.0,0.0,0.29132,26.296875,0.0719948405412962,87.328125,0.2390844704606684,0.394453125,0.1079922608119443,3.056484375,0.8367956466123394,4.395725407424284,23967984,,,0.0068410617714529,Information
437002,16147.0,250.362966,TWN,Taiwan,Taiwan,0.406049081,0.0,-9999.0,0.6,16147.0,,,,,,,,,,,,,,,,,,,,,,,,,16.52393920225338,8.12098162,0.0,,0.938,0.374,0.938,0.374,0.188,0.075,0.062,0.025,0.00938,0.374,0.00282,0.1124999999999999,0.00155,0.0625,0.56275,0.0,0.0,11.53125,4.605812986358109,0.0,0.0,0.40359375,16.120345452253382,16.52393920225338,90776,,,0.0431119156760771,Information
441020,8231.0,29662.16467,LAO,Laos,Houaphan,4.041464078,3.640691446,0.52,0.67,8231.0,,,,,,,,,,,,,,,,,,,,,,,,,1.046125,80.82928156,72.81382891999999,,82.375,0.278,78.125,0.263,0.125,0.0,0.0,0.0,0.78125,0.263,0.001875,0.0,0.0,0.0,1.046125,,,,,,,,,,2450737,,,0.0018170489941337,Information
442402,8259.0,28856.30142,LAO,Laos,Champasak,4.076548068,0.0,0.52,0.67,8259.0,8259.0,0.0,30.0,2.0,2.0,2.0,0.0,1.0,0.2,0.2,0.2,3.2,0.0,0.0,0.0,0.0,0.0,0.0,0.0,0.0,0.0,0.0,0.0,3.2,3.2,81.53096136,0.0,,21.5,0.075,18.312,0.063,2.5,0.009,0.188,0.001,0.18312,0.063,0.0375,0.0134999999999999,0.0046999999999999,0.0025,0.30432,0.140625,0.0004873285662705,42.75,0.1481478841462441,0.002109375,0.0007309928494057,1.49625,0.5185175945118544,2.0176079623612604,288839,,,0.0398057298822695,Information
442500,8267.0,19457.72059,LAO,Laos,Champasak,4.019443564,0.0,0.52,0.67,8267.0,8267.0,0.0,30.0,2.0,-9999.0,-9999.0,0.0,1.0,0.2,-999.9,-999.9,-3330.4,0.0,0.0,0.0,0.0,0.0,0.0,0.0,0.0,0.0,0.0,0.0,-3330.4,3.8332119815208494,80.38887128,0.0,,54.5,0.28,52.75,0.271,1.312,0.007,0.25,0.001,0.5275,0.271,0.01968,0.0105,0.00625,0.0025,0.8374299999999999,0.140625,0.0007227208311695,72.28125,0.3714785072211701,0.002109375,0.0010840812467542,2.52984375,1.3001747752740953,3.8332119815208494,900178,,,0.0512982448066867,Information
442710,8286.0,4930.403482,LAO,Laos,Saravan,2.08008577,0.0,0.52,0.67,8286.0,8286.0,0.0,30.0,2.0,-9999.0,-9999.0,0.0,1.0,0.2,-999.9,-999.9,-3997.2,0.0,0.0,0.0,0.0,0.0,0.0,0.0,0.0,0.0,0.0,0.0,-3997.2,0.3279006997821702,41.6017154,0.0,,,,,,,,,,,,,,,,,0.0,0.0,3.09375,0.0627484142234772,0.0,0.0,0.10828125,0.2196194497821701,0.3279006997821702,201975,,,1.095649579312371e-07,Information
442720,8287.0,20022.57329,LAO,Laos,Savannakhét,4.013647596,0.0,0.52,0.67,8287.0,8287.0,0.0,30.0,2.0,-9999.0,-9999.0,0.0,1.0,0.2,-999.9,-999.9,-3997.2,0.0,0.0,0.0,0.0,0.0,0.0,0.0,0.0,0.0,0.0,0.0,-3997.2,0.1107005708874103,80.27295192,0.0,,,,,,,,,,,,,,,,,0.0,0.0,2.109375,0.0105349845392601,0.0,0.0,0.073828125,0.0368724458874103,0.1107005708874103,514432,,,1.092211464991682e-07,Information
442730,8288.0,26152.8259,LAO,Laos,Savannakhét,3.80371542,0.0,0.52,0.67,8288.0,8288.0,0.0,30.0,2.0,-9999.0,-9999.0,0.0,1.0,0.2,-999.9,-999.9,-3997.2,0.0,0.0,0.0,0.0,0.0,0.0,0.0,0.0,0.0,0.0,0.0,-3997.2,0.4286420332527308,76.0743084,0.0,,,,,,,,,,,,,,,,,0.0,0.0,8.859375,0.0338754023579231,0.0,0.0,0.310078125,0.1185639082527308,0.4286420332527308,1666218,,,2.884249670854179e-05,Information
442760,8291.0,14840.6837,LAO,Laos,Bolikhamxai,4.2474993,0.0,0.52,0.67,8291.0,8291.0,0.0,29.0,5.0,2.0,2.0,0.0,1.0,0.5,0.2,0.2,3.8,0.0,0.0,0.0,0.0,0.0,0.0,0.0,0.0,0.0,0.0,0.0,3.8,3.8,84.94998600000001,0.0,,,,,,,,,,,,,,,,,,,,,,,,,,106662,,,0.084352340236581,Information
442780,8293.0,16845.42341,LAO,Laos,Xais,4.083756907,0.0,0.52,0.67,8293.0,8293.0,0.0,30.0,2.0,-9999.0,-9999.0,0.0,1.0,0.2,-999.9,-999.9,-3997.1333333333328,0.0,0.0,0.0,0.0,0.0,0.0,0.0,0.0,0.0,0.0,0.0,-3997.1333333333328,0.8471155656657775,81.67513814,0.0,,29.938,0.178,26.562,0.158,0.0,0.0,0.0,0.0,0.26562,0.158,0.0,0.0,0.0,0.0,0.42362,0.0,0.0,15.1875,0.0901580187616507,0.0,0.0,0.5315625,0.3155530656657774,0.8471155656657775,606744,,,0.001055421271925,Information
442795,8298.0,14547.6629,LAO,Laos,Xaignabouri,4.102638707,0.0,0.52,0.67,8298.0,8298.0,0.0,30.0,3.0,-9999.0,-9999.0,0.0,1.0,0.3,-999.9,-999.9,-3997.0,0.0,0.0,0.0,0.0,0.0,0.0,0.0,0.0,0.0,0.0,0.0,-3997.0,0.4793258230045997,82.05277414,0.0,,,,,,,,,,,,,,,,,0.5625,0.0038666004555366,7.875,0.0541324063775128,0.0084375,0.0057999006833049,0.275625,0.1894634223212948,0.4793258230045997,283710,,,0.000145709800071,Information
442800,8303.0,26116.11285,LAO,Laos,Phôngsali,4.056116441,0.0,0.52,0.67,8303.0,8303.0,0.0,18.0,9.0,5.0,2.0,0.0,1.0,0.9,0.5,0.2,5.2,0.0,0.0,0.0,0.0,0.0,0.0,0.0,0.0,0.0,0.0,0.0,5.2,5.2,81.12232882,0.0,,,,,,,,,,,,,,,,,0.0,0.0,2.25,0.0086153709518221,0.0,0.0,0.07875,0.0301537983313773,0.1089037983313773,405587,,,0.0986432255029489,Information
441080,8245.0,15622.45661,KHM,Cambodia,Svay Rieng,4.050440743,2.561941643,0.48,0.72,8245.0,,,,,,,,,,,,,,,,,,,,,,,,,27.123223108710604,81.00881486,51.23883286,3.0,108.625,0.695,86.25,0.552,10.938,0.07,2.375,0.015,0.8625,0.552,0.16407,0.105,0.059375,0.0375,1.780445,0.0,0.0,472.5,3.0244923167744577,0.0,0.0,16.5375,10.585723108710605,27.123223108710604,4781795,43187.0,0.9,0.6392352399772436,Watch
442100,8247.0,20414.71529,KHM,Cambodia,Takbv,4.072497564,1.808037565,0.48,0.72,8247.0,8247.0,0.0,30.0,2.0,-9999.0,-9999.0,0.0,1.0,0.2,-999.9,-999.9,-3997.2,0.0,0.0,0.0,0.0,0.0,0.0,0.0,0.0,0.0,0.0,0.0,-3997.2,4.824995374597187,81.44995128,36.1607513,,18.25,0.089,18.188,0.089,0.0,0.0,0.0,0.0,0.18188,0.089,0.0,0.0,0.0,0.0,0.27088,0.0,0.0,92.53125,0.4532576070277678,0.0,0.0,3.23859375,1.5864016245971873,4.824995374597187,8770895,,,0.0890444550491196,Information
442201,8248.0,5167.969499,KHM,Cambodia,Kandal,4.020526732,0.0,0.48,0.72,8248.0,8248.0,0.0,30.0,-9999.0,-9999.0,-9999.0,0.0,1.0,-999.9,-999.9,-999.9,-5997.4,0.0,0.0,0.0,0.0,0.0,0.0,0.0,0.0,0.0,0.0,0.0,-5997.4,2.816908213125071,80.41053464000001,0.0,,,,,,,,,,,,,,,,,0.0,0.0,27.421875,0.5306121680357345,0.0,0.0,0.959765625,1.857142588125071,2.816908213125071,2081009,,,0.0262292434014779,Information
442203,8250.0,13673.40567,KHM,Cambodia,Pouthisat,4.139352455,0.0,0.48,0.72,8250.0,,,,,,,,,,,,,,,,,,,,,,,,,1.5168220155501713,82.7870491,0.0,,6.938,0.051,6.938,0.051,0.0,0.0,0.0,0.0,0.06938,0.051,0.0,0.0,0.0,0.0,0.1203799999999999,0.0,0.0,25.03125,0.1830652187286204,0.0,0.0,0.87609375,0.6407282655501714,1.5168220155501713,683001,,,0.0075693330266848,Information
442300,8257.0,26611.39772,KHM,Cambodia,Krâchéh,4.060249261,0.0,0.48,0.72,8257.0,8257.0,0.0,30.0,2.0,2.0,-9999.0,0.0,1.0,0.2,0.2,-999.9,-1997.0,0.0,0.0,0.0,0.0,0.0,0.0,0.0,0.0,0.0,0.0,0.0,-1997.0,5.545785975678222,81.20498522,0.0,,26.312,0.099,26.0,0.098,0.375,0.001,0.0,0.0,0.26,0.098,0.005625,0.0015,0.0,0.0,0.365125,0.0,0.0,115.171875,0.4327915287652062,0.0,0.0,4.031015625,1.5147703506782215,5.545785975678222,1854999,,,0.1111275971537167,Information
442401,8258.0,21.45616063,KHM,Cambodia,Stœng Trêng,4.318972825,0.0,0.48,0.72,8258.0,,,,,,,,,,,,,,,,,,,,,,,,,1.1675,86.3794565,0.0,,0.25,1.165,0.25,1.165,0.0,0.0,0.0,0.0,0.0025,1.165,0.0,0.0,0.0,0.0,1.1675,,,,,,,,,,1391,,,0.0070107035312897,Information
442403,8260.0,420.5482276,KHM,Cambodia,Stœng Trêng,4.253086034,0.0,0.48,0.72,8260.0,,,,,,,,,,,,,,,,,,,,,,,,,1.585435918591085,85.06172068,0.0,,1.5,0.357,1.0,0.238,0.0,0.0,0.0,0.0,0.01,0.238,0.0,0.0,0.0,0.0,0.248,0.0,0.0,1.828125,0.4347004410260242,0.0,0.0,0.063984375,1.5214515435910847,1.585435918591085,5093,,,0.0124462277011704,Information
442405,8262.0,9565.36172,KHM,Cambodia,Rôtânôkiri,4.000183576,0.0,0.48,0.72,8262.0,,,,,,,,,,,,,,,,,,,,,,,,,1.0858403475531937,80.00367152000001,0.0,,10.25,0.107,9.375,0.098,0.5,0.005,0.062,0.001,0.09375,0.098,0.0075,0.0075,0.00155,0.0025,0.2108,0.28125,0.0029402965433281,15.046875,0.1573058650680576,0.00421875,0.0044104448149921,0.526640625,0.5505705277382016,1.0858403475531937,323363,,,0.0017887586012353,Information
443032,8340.0,2227.11033,KHM,Cambodia,Kâmpôt,4.00466636,0.15924357,0.48,0.72,8340.0,,,,,,,,,,,,,,,,,,,,,,,,,3.134517276075442,80.0933272,3.1848714,,11.75,0.528,9.688,0.435,0.0,0.0,0.0,0.0,0.09688,0.435,0.0,0.0,0.0,0.0,0.53188,0.0,0.0,16.3125,0.7324513645929834,0.0,0.0,0.5709375,2.563579776075442,3.134517276075442,380206,,,0.0322592552286464,Information
443033,8341.0,5491.251893,KHM,Cambodia,Kâmpôt,4.029822319,4.000998381,0.48,0.72,8341.0,,,,,,,,,,,,,,,,,,,,,,,,,7.261852416604085,80.59644638,80.01996761999999,,27.688,0.504,27.062,0.493,0.0,0.0,0.0,0.0,0.27062,0.493,0.0,0.0,0.0,0.0,0.76362,0.0,0.0,73.546875,1.3393462261725957,0.0,0.0,2.574140625,4.687711791604085,7.261852416604085,842268,,,0.1628477044032189,Information
442610,8268.0,3961.05774,THA,Thailand,Ubon Ratchathani,1.877994547,0.0,0.61,0.54,8268.0,8268.0,0.0,30.0,-9999.0,-9999.0,-9999.0,0.0,1.0,-999.9,-999.9,-999.9,-5997.4,0.0,0.0,0.0,0.0,0.0,0.0,0.0,0.0,0.0,0.0,0.0,-5997.4,-5997.4,37.55989094,0.0,,,,,,,,,,,,,,,,,,,,,,,,,,332765,,,,
442630,8270.0,8336.081645,THA,Thailand,Amnat Charoen,0.934238693,0.0,0.61,0.54,8270.0,8270.0,0.0,30.0,-9999.0,-9999.0,-9999.0,0.0,1.0,-999.9,-999.9,-999.9,-5997.4,0.0,0.0,0.0,0.0,0.0,0.0,0.0,0.0,0.0,0.0,0.0,-5997.4,0.2273497333016119,18.68477386,0.0,,,,,,,,,,,,,,,,,0.0,0.0,2.953125,0.0354258166576034,0.0,0.0,0.103359375,0.1239903583016119,0.2273497333016119,1061082,,,2.056307171470161e-09,Information
442641,8271.0,12720.53184,THA,Thailand,Si Sa Ket,1.873089549,0.0,0.61,0.54,8271.0,8271.0,0.0,22.0,-9999.0,-9999.0,-9999.0,0.0,1.0,-999.9,-999.9,-999.9,-5997.4,0.0,0.0,0.0,0.0,0.0,0.0,0.0,0.0,0.0,0.0,0.0,-5997.4,-5997.4,37.46179098,0.0,,,,,,,,,,,,,,,,,,,,,,,,,,1380497,,,,
442645,8275.0,8355.331469,THA,Thailand,Nakhon Ratchasima,1.700318757,0.0,0.61,0.54,8275.0,8275.0,0.0,30.0,-9999.0,-9999.0,-9999.0,0.0,1.0,-999.9,-999.9,-999.9,-5997.4,0.0,0.0,0.0,0.0,0.0,0.0,0.0,0.0,0.0,0.0,0.0,-5997.4,0.3027520963597609,34.00637514,0.0,,,,,,,,,,,,,,,,,0.0,0.0,3.9375,0.0471255989599317,0.0,0.0,0.1378125,0.1649395963597609,0.3027520963597609,1110432,,,3.6343528652703465e-08,Information
442650,8280.0,8833.835907,THA,Thailand,Roi Et,1.81513262,0.0,0.61,0.54,8280.0,8280.0,0.0,23.0,-9999.0,-9999.0,-9999.0,0.0,1.0,-999.9,-999.9,-999.9,-5997.4,0.0,0.0,0.0,0.0,0.0,0.0,0.0,0.0,0.0,0.0,0.0,-5997.4,3.148047589342709,36.3026524,0.0,,,,,,,,,,,,,,,,,0.0,0.0,42.1875,0.4775671683836311,0.0,0.0,1.4765625,1.671485089342709,3.148047589342709,1017328,,,0.0013176353291806,Information
442670,8282.0,3485.088196,THA,Thailand,Maha Sarakham,3.02355071,0.0,0.61,0.54,8282.0,8282.0,0.0,30.0,-9999.0,-9999.0,-9999.0,0.0,1.0,-999.9,-999.9,-999.9,-5997.4,0.0,0.0,0.0,0.0,0.0,0.0,0.0,0.0,0.0,0.0,0.0,-5997.4,0.7236927043371235,60.4710142,0.0,,,,,,,,,,,,,,,,,0.0,0.0,5.34375,0.153331844096321,0.0,0.0,0.18703125,0.5366614543371235,0.7236927043371235,527371,,,3.1614727780789104e-05,Information
442690,8284.0,13841.58898,THA,Thailand,Chaiyaphum,1.579379046,0.0,0.61,0.54,8284.0,8284.0,0.0,30.0,-9999.0,-9999.0,-9999.0,0.0,1.0,-999.9,-999.9,-999.9,-5997.4,0.0,0.0,0.0,0.0,0.0,0.0,0.0,0.0,0.0,0.0,0.0,-5997.4,0.2882429836719128,31.58758092,0.0,,,,,,,,,,,,,,,,,0.0,0.0,4.78125,0.0345426381919751,0.0,0.0,0.16734375,0.1208992336719128,0.2882429836719128,1386750,,,2.256460334699458e-08,Information
442793,8296.0,16143.56614,THA,Thailand,Udon Thani,3.697674461,0.0,0.61,0.54,8296.0,8296.0,0.0,30.0,2.0,-9999.0,-9999.0,0.0,1.0,0.2,-999.9,-999.9,-3997.2,0.0,0.0,0.0,0.0,0.0,0.0,0.0,0.0,0.0,0.0,0.0,-3997.2,2.4151191340570257,73.95348922,0.0,,,,,,,,,,,,,,,,,0.0,0.0,42.609375,0.2639402883020074,0.0,0.0,1.491328125,0.9237910090570258,2.4151191340570257,1758445,,,0.0087002223608573,Information
442914,8307.0,7253.098355,THA,Thailand,Phayao,4.085244573,0.0,0.61,0.54,8307.0,,,,,,,,,,,,,,,,,,,,,,,,,9.64720090536526,81.70489146,0.0,,6.312,0.087,6.312,0.087,0.0,0.0,0.0,0.0,0.06312,0.087,0.0,0.0,0.0,0.0,0.15012,0.0,0.0,115.875,1.5975931158186456,0.0,0.0,4.055625,5.59157590536526,9.64720090536526,676628,,,0.2610973780762647,Information
442916,8309.0,10656.89292,THA,Thailand,Chiang Rai,3.259172581,0.0,0.61,0.54,8309.0,8309.0,0.0,30.0,-9999.0,-9999.0,-9999.0,0.0,1.0,-999.9,-999.9,-999.9,-5997.4,0.0,0.0,0.0,0.0,0.0,0.0,0.0,0.0,0.0,0.0,0.0,-5997.4,3.4249909216427703,65.18345162,0.0,,,,,,,,,,,,,,,,,0.0,0.0,50.484375,0.4737250847550773,0.0,0.0,1.766953125,1.6580377966427706,3.4249909216427703,856441,,,0.0101976813504607,Information
443040,8345.0,22052.76929,THA,Thailand,Prachin Buri,3.743173236,0.058520131,0.61,0.54,8345.0,8345.0,1.0,27.0,35.0,7.0,-9999.0,3.0,1.0,3.5,0.7,-999.9,-1984.0,0.0,0.0,0.0,0.0,0.0,0.0,0.0,0.0,0.0,0.0,0.0,-1984.0,1.015830732799105,74.86346472,1.17040262,,,,,,,,,,,,,,,,,0.0,0.0,19.96875,0.0905498522283157,0.0,0.0,0.69890625,0.3169244827991049,1.015830732799105,8403832,,,0.000666878300561,Information
443050,8346.0,520.2472923,THA,Thailand,Samut Prakan,4.028266108,4.006526728,0.61,0.54,8346.0,,,,,,,,,,,,,,,,,,,,,,,,,15.924532169842118,80.56532216000001,80.13053456,,7.625,1.466,7.625,1.466,0.0,0.0,0.0,0.0,0.07625,1.466,0.0,0.0,0.0,0.0,1.54225,0.0,0.0,22.5,4.324866334240605,0.0,0.0,0.7875,15.13703216984212,15.924532169842118,1832727,,,0.4210538677994355,Advisory
443062,8348.0,19632.01071,THA,Thailand,Phetchabun,3.613756522,0.0,0.61,0.54,8348.0,8348.0,0.0,30.0,-9999.0,-9999.0,-9999.0,0.0,1.0,-999.9,-999.9,-999.9,-5997.4,0.0,0.0,0.0,0.0,0.0,0.0,0.0,0.0,0.0,0.0,0.0,-5997.4,0.1262919999660697,72.27513044,0.0,,,,,,,,,,,,,,,,,0.0,0.0,2.390625,0.0121771785617342,0.0,0.0,0.083671875,0.0426201249660697,0.1262919999660697,2686506,,,3.4938231166213906e-08,Information
443063,8349.0,16503.65311,THA,Thailand,Chai Nat,3.53395491,0.0,0.61,0.54,8349.0,8349.0,0.0,30.0,-9999.0,-9999.0,-9999.0,0.0,1.0,-999.9,-999.9,-999.9,-5997.4,0.0,0.0,0.0,0.0,0.0,0.0,0.0,0.0,0.0,0.0,0.0,-5997.4,0.2529334164643289,70.6790982,0.0,,,,,,,,,,,,,,,,,0.0,0.0,4.5,0.0272666904183797,0.0,0.0,0.1575,0.0954334164643289,0.2529334164643289,1833124,,,1.0024506925402533e-06,Information
443064,8350.0,46736.15419,THA,Thailand,Lamphun,3.212269807,0.0,0.61,0.54,8350.0,8350.0,0.0,3.0,-9999.0,-9999.0,-9999.0,0.0,8.0,-999.9,-999.9,-999.9,-5989.9,0.0,0.0,0.0,0.0,0.0,0.0,0.0,0.0,0.0,0.0,0.0,-5989.9,0.2987497193002889,64.24539614,0.0,,,,,,,,,,,,,,,,,0.0,0.0,7.03125,0.0150445626572254,0.0,0.0,0.24609375,0.0526559693002889,0.2987497193002889,3785991,,,8.55668429898669e-07,Information
443066,8352.0,24730.46396,THA,Thailand,Sukhothai,3.999824865,0.0,0.61,0.54,8352.0,8352.0,0.0,30.0,-9999.0,-9999.0,-9999.0,0.0,1.0,-999.9,-999.9,-999.9,-5997.4,0.0,0.0,0.0,0.0,0.0,0.0,0.0,0.0,0.0,0.0,0.0,-5997.4,1.472273530682381,79.9964973,0.0,,,,,,,,,,,,,,,,,0.0,0.0,29.953125,0.121118330194966,0.0,0.0,1.048359375,0.423914155682381,1.472273530682381,1948558,,,0.0045390411970263,Information
443067,8353.0,8073.317697,THA,Thailand,Phitsanulok,4.029518309,0.0,0.61,0.54,8353.0,8353.0,0.0,30.0,2.0,2.0,-9999.0,0.0,1.0,0.2,0.2,-999.9,-1997.0,0.0,0.0,0.0,0.0,0.0,0.0,0.0,0.0,0.0,0.0,0.0,-1997.0,2.2807976933978,80.59036618,0.0,,6.375,0.079,4.688,0.058,0.0,0.0,0.0,0.0,0.04688,0.058,0.0,0.0,0.0,0.0,0.10488,0.0,0.0,29.109375,0.3605627338279428,0.0,0.0,1.018828125,1.2619695683977998,2.2807976933978,1050308,,,0.0161271717861431,Information
443069,8355.0,20070.70667,THA,Thailand,Nan,4.004883933,0.0,0.61,0.54,8355.0,8355.0,0.0,30.0,-9999.0,-9999.0,-9999.0,0.0,1.0,-999.9,-999.9,-999.9,-5997.4,0.0,0.0,0.0,0.0,0.0,0.0,0.0,0.0,0.0,0.0,0.0,-5997.4,0.1653914911067986,80.09767866000001,0.0,,,,,,,,,,,,,,,,,0.140625,0.0007006479758827,3.09375,0.0154142554694213,0.002109375,0.001050971963824,0.10828125,0.0539498941429745,0.1653914911067986,944084,,,8.327589867940237e-07,Information
443070,8356.0,466.9434711,THA,Thailand,Bangkok Metropolis,4.024948604,3.719516034,0.61,0.54,8356.0,,,,,,,,,,,,,,,,,,,,,,,,,1.875577751932033,80.49897208000002,74.39032068,,1.25,0.268,1.25,0.268,0.0,0.0,0.0,0.0,0.0125,0.268,0.0,0.0,0.0,0.0,0.2805,0.0,0.0,2.390625,0.5119731076948665,0.0,0.0,0.083671875,1.7919058769320326,1.875577751932033,1229986,,,0.0096019156454074,Information
443090,8358.0,19.22232311,THA,Thailand,Samut Sakhon,1.030989817,3.455049544,0.61,0.54,8358.0,,,,,,,,,,,,,,,,,,,,,,,,,12.827107208963213,20.61979634,69.10099088,,0.312,1.626,0.312,1.626,0.0,0.0,0.0,0.0,0.00312,1.626,0.0,0.0,0.0,0.0,1.62912,0.0,0.0,0.703125,3.657856523989489,0.0,0.0,0.024609375,12.802497833963212,12.827107208963213,9107,,,0.1896563338426389,Information
444035,8365.0,8565.844302,THA,Thailand,Nakhon Si Thammarat,3.974175178,3.247446421,0.61,0.54,8365.0,,,,,,,,,,,,,,,,,,,,,,,,,22.13722134629444,79.48350356,64.94892842,,12.438,0.145,11.438,0.134,0.0,0.0,0.0,0.0,0.11438,0.134,0.0,0.0,0.0,0.0,0.24838,1.6875,0.0197003347315893,291.09375,3.39830774119916,0.0253125,0.0295505020973839,10.18828125,11.894077094197058,22.13722134629444,1475530,,,0.5303028415789138,Advisory
444036,8366.0,4636.305623,THA,Thailand,Phatthalung,4.003266357,3.022657339,0.61,0.54,8366.0,,,,,,,,,,,,,,,,,,,,,,,,,3.493789059704508,80.06532714000001,60.45314678,,8.688,0.187,6.375,0.138,0.062,0.001,0.0,0.0,0.06375,0.138,0.0009299999999999,0.0015,0.0,0.0,0.20418,6.1875,0.1334575522579394,28.96875,0.6248239946621711,0.0928125,0.200186328386909,1.01390625,2.186883981317598,3.493789059704508,560795,,,0.0408002868444925,Information
444037,8367.0,18565.21659,THA,Thailand,Yala,3.655798267,0.541536969,0.61,0.54,8367.0,,,,,,,,,,,,,,,,,,,,,,,,,4.82183866355939,73.11596534,10.83073938,,8.625,0.046,7.375,0.04,0.062,0.0,0.0,0.0,0.07375,0.04,0.0009299999999999,0.0,0.0,0.0,0.1146799999999999,4.5,0.0242388769279338,87.609375,0.4719006351907113,0.0675,0.0363583153919006,3.066328125,1.6516522231674895,4.82183866355939,3438047,,,0.0428639106234294,Information
444075,8384.0,5746.268103,THA,Thailand,Satun,3.030705708,3.183872154,0.61,0.54,8384.0,,,,,,,,,,,,,,,,,,,,,,,,,50.39980219007798,60.61411416,63.67744308,3.0,114.812,1.998,79.312,1.38,5.688,0.099,0.0,0.0,0.7931199999999999,1.38,0.08532,0.1485,0.0,0.0,2.40694,69.1875,1.204042323764689,495.84375,8.62896998698027,1.0378125,1.8060634856470328,17.35453125,30.201394954430945,50.39980219007798,813568,81055.0,9.96,0.6283733908620953,Watch
444077,8386.0,16606.06968,THA,Thailand,Surat Thani,4.042489383,3.900321069,0.61,0.54,8386.0,,,,,,,,,,,,,,,,,,,,,,,,,55.05173025843067,80.84978766,78.00642137999999,3.0,23.562,0.142,21.312,0.128,1.0,0.006,0.0,0.0,0.21312,0.128,0.015,0.009,0.0,0.0,0.36512,1.6875,0.0101619470042223,981.0,5.907478525121239,0.0253125,0.0152429205063334,34.335,20.676174837924336,55.05173025843067,2301563,73105.0,3.18,0.8545066383889026,Warning
442917,8310.0,7982.0815,MMR,Myanmar,Shan,4.049006635,0.0,0.42,0.81,8310.0,8310.0,0.0,30.0,-9999.0,-9999.0,-9999.0,0.0,1.0,-999.9,-999.9,-999.9,-5997.4,0.0,0.0,0.0,0.0,0.0,0.0,0.0,0.0,0.0,0.0,0.0,-5997.4,13.21693149842087,80.98013269999998,0.0,,,,,,,,,,,,,,,,,0.0,0.0,167.625,2.1000161424059627,0.0,0.0,5.866875,7.350056498420869,13.21693149842087,521107,,,0.3579344621349081,Advisory
442920,8313.0,15243.38269,MMR,Myanmar,Shan,4.251678314,0.0,0.42,0.81,8313.0,8313.0,0.0,28.0,-9999.0,-9999.0,-9999.0,0.0,1.0,-999.9,-999.9,-999.9,-5997.4,0.0,0.0,0.0,0.0,0.0,0.0,0.0,0.0,0.0,0.0,0.0,-5997.4,0.3260294035589622,85.03356628,0.0,,,,,,,,,,,,,,,,,0.0,0.0,5.625,0.0369012581597035,0.0,0.0,0.196875,0.1291544035589622,0.3260294035589622,828821,,,6.496858742930251e-05,Information
445440,8395.0,19434.10058,MMR,Myanmar,Shan,3.777593792,0.0,0.42,0.81,8395.0,,,,,,,,,,,,,,,,,,,,,,,,,10.126368111224284,75.55187584,0.0,,36.75,0.189,33.0,0.17,0.938,0.005,0.062,0.0,0.33,0.17,0.01407,0.0075,0.00155,0.0,0.52312,0.140625,0.0007235992188924,190.96875,0.9826477392559844,0.002109375,0.0010853988283386,6.68390625,3.439267087395945,10.126368111224284,1830108,,,0.1890477664459493,Information
445601,8411.0,14819.73225,MMR,Myanmar,Bago,4.132246309,0.0,0.42,0.81,8411.0,,,,,,,,,,,,,,,,,,,,,,,,,27.169054041938715,82.64492618,0.0,3.0,55.125,0.372,31.812,0.215,0.0,0.0,0.0,0.0,0.31812,0.215,0.0,0.0,0.0,0.0,0.53312,2.953125,0.0199269794452767,462.234375,3.119046735077372,0.044296875,0.029890469167915,16.178203125,10.9166635727708,27.169054041938715,1574210,26387.0,1.68,0.6729932968203964,Watch
445602,8412.0,2466.078834,MMR,Myanmar,Kayin,2.283899041,0.0,0.42,0.81,8412.0,8412.0,0.0,5.0,11.0,2.0,-9999.0,0.0,6.0,1.1,0.2,-999.9,-1985.2,0.0,0.0,0.0,0.0,0.0,0.0,0.0,0.0,0.0,0.0,0.0,-1985.2,0.6468846428166712,45.67798082,0.0,,,,,,,,,,,,,,,,,0.0,0.0,3.65625,0.1482616836619061,0.0,0.0,0.12796875,0.5189158928166713,0.6468846428166712,48994,,,4.700372860689421e-06,Information
445605,8415.0,4364.109388,MMR,Myanmar,Bago,4.106886914,0.0,0.42,0.81,8415.0,8415.0,0.0,30.0,13.0,-9999.0,-9999.0,0.0,1.0,1.3,-999.9,-999.9,-3995.0,0.0,0.0,0.0,0.0,0.0,0.0,0.0,0.0,0.0,0.0,0.0,-3995.0,21.82133172746776,82.13773828000001,0.0,,,,,,,,,,,,,,,,,0.0,0.0,189.421875,4.34044745784793,0.0,0.0,6.629765625,15.191566102467757,21.82133172746776,432240,,,0.5793370590770585,Advisory
445609,8419.0,4998.30368,MMR,Myanmar,Shan,4.084597459,0.0,0.42,0.81,8419.0,,,,,,,,,,,,,,,,,,,,,,,,,2.1415000355845573,81.69194918000001,0.0,,13.75,0.275,9.562,0.191,0.0,0.0,0.0,0.0,0.09562,0.191,0.0,0.0,0.0,0.0,0.28662,0.0,0.0,20.390625,0.4079509030241593,0.0,0.0,0.713671875,1.4278281605845575,2.1415000355845573,78121,,,0.0159430979635505,Information
445700,8420.0,30011.96108,MMR,Myanmar,Yangon,4.042366839,3.171489174,0.42,0.81,8420.0,8420.0,1.0,23.0,39.0,23.0,9.0,3.0,1.0,3.9,2.3,0.9,15.8,0.0,0.0,0.0,0.0,0.0,0.0,0.0,0.0,0.0,0.0,0.0,15.8,47.8344729841973,80.84733677999999,63.42978348,3.0,629.875,2.099,570.5,1.901,12.812,0.043,0.062,0.0,5.705,1.901,0.19218,0.0645,0.00155,0.0,7.864229999999999,9.84375,0.03279942278748,1083.65625,3.610747885718879,0.14765625,0.04919913418122,35.0,12.637617600016076,47.8344729841973,11294357,74888.0,0.66,0.8199841785114743,Warning
445811,8421.0,17613.3134,MMR,Myanmar,Ayeyarwady,4.031402248,0.0,0.42,0.81,8421.0,8421.0,0.0,28.0,-9999.0,-9999.0,-9999.0,0.0,1.0,-999.9,-999.9,-999.9,-5997.4,0.0,0.0,0.0,0.0,0.0,0.0,0.0,0.0,0.0,0.0,0.0,-5997.4,9.424886173497075,80.62804496,0.0,,,,,,,,,,,,,,,,,0.140625,0.0007984017364905,171.703125,0.9748485202549544,0.002109375,0.0011976026047357,6.009609375,3.4119698208923404,9.424886173497075,2594107,,,0.2356169866415928,Information
445815,8425.0,4039.263282,MMR,Myanmar,Magway,1.401812641,0.0,0.42,0.81,8425.0,8425.0,0.0,27.0,-9999.0,-9999.0,-9999.0,0.0,1.0,-999.9,-999.9,-999.9,-5997.4,0.0,0.0,0.0,0.0,0.0,0.0,0.0,0.0,0.0,0.0,0.0,-5997.4,4.775284555901102,28.03625282,0.0,,,,,,,,,,,,,,,,,17.4375,0.431700010165544,31.78125,0.786808083043653,0.2615625,0.647550015248316,1.11234375,2.753828290652786,4.775284555901102,438156,,,0.0033367849827642,Information
445817,8427.0,7584.784726,MMR,Myanmar,Magway,3.364634254,0.0,0.42,0.81,8427.0,,,,,,,,,,,,,,,,,,,,,,,,,8.183329794878798,67.29268508,0.0,,7.688,0.101,7.688,0.101,1.25,0.016,0.188,0.002,0.07688,0.101,0.01875,0.024,0.0046999999999999,0.005,0.23033,36.140625,0.4764884740174706,85.359375,1.1254027382435978,0.542109375,0.7147327110262058,2.987578125,3.938909583852592,8.183329794878798,794821,,,0.0829498746820515,Information
445819,8429.0,5767.094301,MMR,Myanmar,Mandalay,2.429437756,0.0,0.42,0.81,8429.0,,,,,,,,,,,,,,,,,,,,,,,,,10.988018251910912,48.58875512,0.0,,7.062,0.122,7.062,0.122,2.375,0.041,1.625,0.028,0.07062,0.122,0.035625,0.0615,0.040625,0.07,0.40037,48.09375,0.833933823356729,94.21875,1.633730004821662,0.72140625,1.2509007350350936,3.29765625,5.718055016875818,10.988018251910912,848352,,,0.0614091415402914,Information
445821,8430.0,16699.49875,MMR,Myanmar,Sagaing,3.798480672,0.0,0.42,0.81,8430.0,8430.0,0.0,24.0,-9999.0,-9999.0,-9999.0,0.0,1.0,-999.9,-999.9,-999.9,-5997.4,0.0,0.0,0.0,0.0,0.0,0.0,0.0,0.0,0.0,0.0,0.0,-5997.4,8.697707714539018,75.96961344,0.0,,,,,,,,,,,,,,,,,53.578125,0.3208367257630517,132.46875,0.7932498573984114,0.803671875,0.4812550886445775,4.63640625,2.77637450089444,8.697707714539018,1553550,,,0.154752884524619,Information
445822,8431.0,24521.40376,MMR,Myanmar,Chin,4.022285404,0.0,0.42,0.81,8431.0,,,,,,,,,,,,,,,,,,,,,,,,,17.468135193744995,80.44570808,0.0,,7.25,0.03,6.625,0.027,1.688,0.007,0.062,0.0,0.06625,0.027,0.02532,0.0105,0.00155,0.0,0.1306199999999999,91.546875,0.373334560605541,315.28125,1.2857389936676236,1.373203125,0.5600018409083115,11.03484375,4.500086477836683,17.468135193744995,3240446,,,0.4550880489843052,Advisory
445823,8432.0,18664.48828,MMR,Myanmar,Sagaing,4.197692684,0.0,0.42,0.81,8432.0,8432.0,0.0,23.0,2.0,-9999.0,-9999.0,0.0,1.0,0.2,-999.9,-999.9,-3997.2,0.0,0.0,0.0,0.0,0.0,0.0,0.0,0.0,0.0,0.0,0.0,-3997.2,5.194045166378105,83.95385368,0.0,,,,,,,,,,,,,,,,,8.578125,0.0459596045318355,92.953125,0.498021288451529,0.128671875,0.0689394067977532,3.253359375,1.7430745095803517,5.194045166378105,424349,,,0.129669270560957,Information
445825,8434.0,3873.210574,MMR,Myanmar,Sagaing,4.171527947,0.0,0.42,0.81,8434.0,8434.0,0.0,22.0,2.0,-9999.0,-9999.0,0.0,1.0,0.2,-999.9,-999.9,-3997.2,0.0,0.0,0.0,0.0,0.0,0.0,0.0,0.0,0.0,0.0,0.0,-3997.2,3.3495776506108035,83.43055894000001,0.0,,,,,,,,,,,,,,,,,0.0,0.0,26.71875,0.689834685888801,0.0,0.0,0.93515625,2.414421400610804,3.3495776506108035,117162,,,0.0549407672260351,Information
445827,8436.0,18588.57143,MMR,Myanmar,Sagaing,4.051619887,0.0,0.42,0.81,8436.0,8436.0,0.0,22.0,2.0,-9999.0,-9999.0,0.0,1.0,0.2,-999.9,-999.9,-3997.2,0.0,0.0,0.0,0.0,0.0,0.0,0.0,0.0,0.0,0.0,0.0,-3997.2,2.7975342230628626,81.03239774000001,0.0,,,,,,,,,,,,,,,,,2.8125,0.0151302643689657,50.765625,0.2731012718598326,0.0421875,0.0226953965534485,1.776796875,0.955854451509414,2.7975342230628626,99847,,,0.0278104621612005,Information
445830,8439.0,24277.24787,MMR,Myanmar,Sagaing,3.903134335,0.0,0.42,0.81,8439.0,,,,,,,,,,,,,,,,,,,,,,,,,14.673808578136097,78.0626867,0.0,,2.75,0.011,2.75,0.011,1.625,0.007,1.0,0.004,0.0275,0.011,0.024375,0.0105,0.025,0.01,0.1083749999999999,48.09375,0.1981021500537912,276.328125,1.1382184937301163,0.72140625,0.2971532250806868,9.671484375,3.983764728055407,14.673808578136097,2611253,,,0.3437960853509271,Information
445850,8449.0,17642.13979,MMR,Myanmar,Mandalay,4.025349967,0.0,0.42,0.81,8449.0,8449.0,0.0,30.0,2.0,-9999.0,-9999.0,0.0,1.0,0.2,-999.9,-999.9,-3997.2,0.0,0.0,0.0,0.0,0.0,0.0,0.0,0.0,0.0,0.0,0.0,-3997.2,13.524145033755005,80.50699934000001,0.0,,13.812,0.078,13.812,0.078,0.312,0.002,0.062,0.0,0.13812,0.078,0.00468,0.003,0.00155,0.0,0.2253499999999999,61.59375,0.3491285679023609,220.21875,1.2482541948289894,0.92390625,0.5236928518535413,7.70765625,4.368889681901463,13.524145033755005,2689472,,,0.3573396791227752,Advisory
445860,8450.0,22959.57832,MMR,Myanmar,Kachin,4.018186931,0.0,0.42,0.81,8450.0,8450.0,1.0,29.0,41.0,13.0,5.0,3.0,1.0,4.1,1.3,0.5,-270.9714285714286,0.0,0.0,0.0,0.0,0.0,0.0,0.0,0.0,0.0,0.0,0.0,-270.9714285714286,2.878722486833148,80.36373861999999,0.0,,,,,,,,,,,,,,,,,0.140625,0.0006124894718325,57.234375,0.2492832150358284,0.002109375,0.0009187342077487,2.003203125,0.8724912526253994,2.878722486833148,1873737,,,0.027426972167375,Information
445871,8451.0,2092.500367,MMR,Myanmar,Sagaing,4.132394958,0.0,0.42,0.81,8451.0,8451.0,0.0,17.0,2.0,-9999.0,-9999.0,0.0,1.0,0.2,-999.9,-999.9,-3997.2,0.0,0.0,0.0,0.0,0.0,0.0,0.0,0.0,0.0,0.0,0.0,-3997.2,34.21738162542814,82.64789916,0.0,3.0,8.5,0.406,7.438,0.355,0.0,0.0,0.0,0.0,0.07438,0.355,0.0,0.0,0.0,0.0,0.42938,0.0,0.0,169.171875,8.084676000122325,0.0,0.0,5.921015625,28.296366000428137,34.21738162542814,146390,16971.0,11.59,0.7514374573162321,Watch
445873,8453.0,2149.936181,MMR,Myanmar,Kachin,4.131823217,0.0,0.42,0.81,8453.0,,,,,,,,,,,,,,,,,,,,,,,,,4.7285493879585365,82.63646434,0.0,,2.688,0.125,2.688,0.125,0.0,0.0,0.0,0.0,0.02688,0.125,0.0,0.0,0.0,0.0,0.15188,0.0,0.0,23.90625,1.111951610845296,0.0,0.0,0.83671875,3.891830637958536,4.7285493879585365,97234,,,0.0966713559499884,Information
445890,8461.0,24391.36559,MMR,Myanmar,Kachin,3.37806752,0.0,0.42,0.81,8461.0,8461.0,1.0,15.0,49.0,11.0,2.0,3.0,1.0,4.9,1.1,0.2,19.6,0.0,0.0,0.0,0.0,0.0,0.0,0.0,0.0,0.0,0.0,0.0,19.6,19.6,67.56135040000001,0.0,,,,,,,,,,,,,,,,,,,,,,,,,,82764,,,0.3071935724738034,Information
445900,8462.0,16647.2484,MMR,Myanmar,Ayeyarwady,4.176981406,2.349515069,0.42,0.81,8462.0,8462.0,0.0,21.0,5.0,2.0,-9999.0,0.0,1.0,0.5,0.2,-999.9,-1996.4,0.0,0.0,0.0,0.0,0.0,0.0,0.0,0.0,0.0,0.0,0.0,-1996.4,60.43536901895549,83.53962812,46.990301380000005,3.0,23.375,0.14,23.375,0.14,0.0,0.0,0.0,0.0,0.23375,0.14,0.0,0.0,0.0,0.0,0.37375,0.0,0.0,1209.796875,7.267248291130141,0.0,0.0,35.0,25.43536901895549,60.43536901895549,2667556,96025.0,3.6,0.9033055028763302,Warning
451002,8463.0,10012.421,MMR,Myanmar,Chin,4.24438922,4.083461941,0.42,0.81,8463.0,,,,,,,,,,,,,,,,,,,,,,,,,16.402163508955383,84.88778440000002,81.66923882,,0.0,0.0,0.0,0.0,0.0,0.0,2.25,0.022,0.0,0.0,0.0,0.0,0.05625,0.0549999999999999,0.1112499999999999,80.15625,0.8005681143611634,200.109375,1.998611274975325,1.20234375,1.200852171541745,7.003828125,6.995139462413638,16.402163508955383,174648,,,0.5326407994020304,Advisory
451003,8464.0,2391.859607,MMR,Myanmar,Rakhine,4.473374019,4.375802247,0.42,0.81,8464.0,,,,,,,,,,,,,,,,,,,,,,,,,92.072734375,89.46748038000001,87.51604494,3.0,0.0,0.0,0.0,0.0,0.0,0.0,54.125,2.263,0.0,0.0,0.0,0.0,1.353125,5.6575,7.010624999999999,471.515625,19.71334870854625,1188.84375,49.70374291143752,7.072734375,15.0,35.0,35.0,92.072734375,259079,67957.0,26.23,0.9849248895190922,Warning
444090,16157.0,11578.11928,MMR,Myanmar,Tanintharyi,4.418585333,4.031053113,0.42,0.81,16157.0,,,,,,,,,,,,,,,,,,,,,,,,,0.8439058105855681,88.37170666,80.62106225999999,,6.625,0.057,6.625,0.057,0.0,0.0,0.0,0.0,0.06625,0.057,0.0,0.0,0.0,0.0,0.12325,0.0,0.0,12.9375,0.1117409458815909,0.0,0.0,0.4528125,0.3910933105855682,0.8439058105855681,915899,,,0.0043559737484451,Information
451001,16159.0,23438.31173,MMR,Myanmar,Rakhine,4.273004008,4.310052071,0.42,0.81,16159.0,,,,,,,,,,,,,,,,,,,,,,,,,67.72147817289519,85.46008016,86.20104142000001,3.0,0.0,0.0,0.0,0.0,4.75,0.02,12.562,0.054,0.0,0.0,0.07125,0.03,0.31405,0.135,0.5503,358.875,1.5311469707833452,1676.953125,7.154752204777191,5.383125,2.296720456175018,35.0,25.04163271672017,67.72147817289519,851124,39589.0,4.65,0.9441738584545184,Warning
444038,8368.0,13195.3304,MYS,Malaysia,Kelantan,1.098236334,0.0,0.66,0.47,8368.0,8368.0,0.0,30.0,-9999.0,-9999.0,-9999.0,0.0,1.0,-999.9,-999.9,-999.9,-5997.4,0.0,0.0,0.0,0.0,0.0,0.0,0.0,0.0,0.0,0.0,0.0,-5997.4,0.1755097219539673,21.96472668,0.0,,,,,,,,,,,,,,,,,0.421875,0.0031971537445338,2.671875,0.0202486403820476,0.006328125,0.0047957306168007,0.093515625,0.0708702413371666,0.1755097219539673,975625,,,5.39638649264843e-10,Information
444039,8369.0,16291.52123,MYS,Malaysia,Trengganu,3.343265302,1.343641838,0.66,0.47,8369.0,,,,,,,,,,,,,,,,,,,,,,,,,4.0815681661524446,66.86530604,26.87283676,,39.125,0.24,28.062,0.172,0.938,0.006,0.0,0.0,0.28062,0.172,0.01407,0.009,0.0,0.0,0.47569,54.421875,0.334050296594938,48.9375,0.3003863132171535,0.816328125,0.5010754448924071,1.7128125,1.0513520962600371,4.0815681661524446,2162909,,,0.0181255534495109,Information
444040,8370.0,28931.04915,MYS,Malaysia,Pahang,2.432097492,0.04616068,0.66,0.47,8370.0,8370.0,0.0,1.0,-9999.0,-9999.0,-9999.0,0.0,10.0,-999.9,-999.9,-999.9,-4628.866666666666,0.0,0.0,0.0,0.0,0.0,0.0,0.0,0.0,0.0,0.0,0.0,-4628.866666666666,0.4986261828493213,48.64194984,0.9232136,,,,,,,,,,,,,,,,,12.234375,0.0422880447168537,5.34375,0.0184706402211545,0.183515625,0.0634320670752805,0.18703125,0.0646472407740407,0.4986261828493213,1110810,,,1.7871021651269496e-06,Information
444051,8371.0,1987.284389,MYS,Malaysia,Pahang,2.654152142,2.242141686,0.66,0.47,8371.0,,,,,,,,,,,,,,,,,,,,,,,,,2.129104827464512,53.083042840000005,44.84283372,,2.062,0.104,2.062,0.104,0.0,0.0,0.0,0.0,0.02062,0.104,0.0,0.0,0.0,0.0,0.12462,17.296875,0.8703774403511355,2.671875,0.1344485476965168,0.259453125,1.3055661605267033,0.093515625,0.4705699169378087,2.129104827464512,22991,,,0.0009917976894403,Information
444057,8376.0,11541.27528,MYS,Malaysia,Selangor,1.879654907,2.143366665,0.66,0.47,8376.0,,,,,,,,,,,,,,,,,,,,,,,,,4.7780000000000005,37.59309814,42.8673333,,274.062,2.375,246.625,2.137,6.25,0.054,0.0,0.0,2.46625,2.137,0.09375,0.081,0.0,0.0,4.7780000000000005,35.15625,0.3046132176805287,18.84375,0.1632726846767633,0.52734375,0.456919826520793,0.65953125,0.5714543963686716,2.215249222889464,11319029,,,0.0065442158065195,Information
444058,8377.0,2601.563834,MYS,Malaysia,Perak,1.663063063,3.479890713,0.66,0.47,8377.0,,,,,,,,,,,,,,,,,,,,,,,,,1.9787850897954085,33.26126126,69.59781426,,9.312,0.358,8.062,0.31,0.0,0.0,0.0,0.0,0.08062,0.31,0.0,0.0,0.0,0.0,0.3906199999999999,0.0,0.0,11.671875,0.4486484185129739,0.0,0.0,0.408515625,1.5702694647954083,1.9787850897954085,162360,,,0.0031472567025363,Information
444059,8378.0,161.5127903,MYS,Malaysia,Perak,0.613104929,4.007378208,0.66,0.47,8378.0,,,,,,,,,,,,,,,,,,,,,,,,,4.335209238435666,12.26209858,80.14756416,,3.375,2.09,3.375,2.09,0.188,0.116,0.0,0.0,0.03375,2.09,0.00282,0.174,0.0,0.0,2.30057,0.0,0.0,1.96875,1.2189437109816186,0.0,0.0,0.06890625,4.266302988435665,4.335209238435666,14543,,,0.0640600800080437,Information
444060,8379.0,14907.92185,MYS,Malaysia,Perak,1.073457543,1.077138093,0.66,0.47,8379.0,,,,,,,,,,,,,,,,,,,,,,,,,4.741372586676114,21.46915086,21.54276186,,26.062,0.175,21.125,0.142,0.688,0.005,0.0,0.0,0.21125,0.142,0.01032,0.0075,0.0,0.0,0.3710699999999999,13.640625,0.0914991716588617,75.234375,0.504660379767949,0.204609375,0.1372487574882925,2.633203125,1.7663113291878214,4.741372586676114,1705632,,,0.002506267790975,Information
444070,8380.0,855.1493544,MYS,Malaysia,Kedah,0.349783151,2.717437198,0.66,0.47,8380.0,,,,,,,,,,,,,,,,,,,,,,,,,2.411505,6.99566302,54.34874395999999,,20.562,2.405,16.188,1.893,1.875,0.219,0.0,0.0,0.16188,1.893,0.028125,0.3285,0.0,0.0,2.411505,0.140625,0.0164444958391848,4.359375,0.5097793710147317,0.002109375,0.0246667437587772,0.152578125,1.7842277985515609,1.963582042310338,126563,,,0.0016369343581687,Information
444073,8382.0,942.2655085,MYS,Malaysia,Kedah,3.488482278,0.009717346,0.66,0.47,8382.0,,,,,,,,,,,,,,,,,,,,,,,,,40.5715625,69.76964556,0.19434692,3.0,44.375,4.709,37.312,3.96,0.812,0.086,0.0,0.0,0.3731199999999999,3.96,0.01218,0.129,0.0,0.0,4.4743,0.0,0.0,159.1875,16.894123636960543,0.0,0.0,5.5715625,35.0,40.5715625,598851,38005.0,6.35,0.6157054278474158,Watch
444074,8383.0,2889.99934,MYS,Malaysia,Kedah,3.563465455,0.0,0.66,0.47,8383.0,,,,,,,,,,,,,,,,,,,,,,,,,30.987646333711503,71.2693091,0.0,,44.312,1.533,31.375,1.086,1.125,0.039,0.0,0.0,0.31375,1.086,0.016875,0.0584999999999999,0.0,0.0,1.475125,33.328125,1.153222581816542,184.21875,6.374352667424768,0.499921875,1.729833872724813,6.44765625,22.31023433598669,30.987646333711503,714750,,,0.5301403614936125,Advisory
521505,9840.0,6965.44271,MYS,Malaysia,Sarawak,3.688584723,3.415745362,0.66,0.47,9840.0,,,,,,,,,,,,,,,,,,,,,,,,,0.9110886670171552,73.77169445999999,68.31490724,,18.125,0.26,12.625,0.181,0.0,0.0,0.0,0.0,0.12625,0.181,0.0,0.0,0.0,0.0,0.30725,0.0,0.0,10.6875,0.1534360477191872,0.0,0.0,0.3740625,0.5370261670171552,0.9110886670171552,1249754,,,0.0003897769042224,Information
521508,9842.0,4159.503551,MYS,Malaysia,Sarawak,3.068185453,0.0,0.66,0.47,9842.0,9842.0,3.0,1.0,100.0,100.0,100.0,10.0,10.0,10.0,10.0,10.0,100.0,0.0,0.0,0.0,0.0,0.0,0.0,0.0,0.0,0.0,0.0,0.0,100.0,100.0,61.36370906,0.0,,,,,,,,,,,,,,,,,0.0,0.0,1.265625,0.0304273090417885,0.0,0.0,0.044296875,0.1064955816462597,0.1507924566462597,79312,,,0.8291922715277884,Warning
521509,9843.0,6908.701784,MYS,Malaysia,Sarawak,3.95388329,4.018590758,0.66,0.47,9843.0,,,,,,,,,,,,,,,,,,,,,,,,,1.42581,79.07766579999999,80.37181516000001,,68.562,0.992,57.438,0.831,0.562,0.008,0.0,0.0,0.57438,0.831,0.00843,0.012,0.0,0.0,1.42581,0.0,0.0,13.78125,0.1994766952025047,0.0,0.0,0.48234375,0.6981684332087664,1.1805121832087664,234212,,,0.004367868099003,Information
521601,9844.0,1926.89395,MYS,Malaysia,Sarawak,3.60442215,2.364584597,0.66,0.47,9844.0,,,,,,,,,,,,,,,,,,,,,,,,,0.1813799999999999,72.088443,47.29169194,,3.5,0.182,2.938,0.152,0.0,0.0,0.0,0.0,0.02938,0.152,0.0,0.0,0.0,0.0,0.1813799999999999,,,,,,,,,,270215,,,2.374299290268274e-07,Information
521602,9845.0,3037.798551,MYS,Malaysia,Sarawak,3.044865835,0.0,0.66,0.47,9845.0,,,,,,,,,,,,,,,,,,,,,,,,,0.7378799999999999,60.8973167,0.0,,17.75,0.584,17.188,0.566,0.0,0.0,0.0,0.0,0.1718799999999999,0.566,0.0,0.0,0.0,0.0,0.7378799999999999,,,,,,,,,,36641,,,3.591141369607726e-05,Information
521603,9846.0,2029.967755,MYS,Malaysia,Sarawak,4.00054656,0.0,0.66,0.47,9846.0,,,,,,,,,,,,,,,,,,,,,,,,,0.1035,80.0109312,0.0,,3.312,0.163,1.75,0.086,0.0,0.0,0.0,0.0,0.0175,0.086,0.0,0.0,0.0,0.0,0.1035,,,,,,,,,,14765,,,7.07195605157725e-08,Information
521605,9848.0,1086.13948,MYS,Malaysia,Sarawak,4.000626832,0.0,0.66,0.47,9848.0,,,,,,,,,,,,,,,,,,,,,,,,,0.1785,80.01253664000001,0.0,,1.75,0.161,1.75,0.161,0.0,0.0,0.0,0.0,0.0175,0.161,0.0,0.0,0.0,0.0,0.1785,,,,,,,,,,37294,,,1.1892821578110137e-06,Information
521607,9850.0,6632.858815,MYS,Malaysia,Sarawak,3.394089684,0.0,0.66,0.47,9850.0,9850.0,0.0,6.0,-9999.0,-9999.0,-9999.0,0.0,5.0,-999.9,-999.9,-999.9,-5988.4,0.0,0.0,0.0,0.0,0.0,0.0,0.0,0.0,0.0,0.0,0.0,-5988.4,-5988.4,67.88179368,0.0,,,,,,,,,,,,,,,,,,,,,,,,,,46044,,,,
521608,9851.0,4135.573534,MYS,Malaysia,Sarawak,2.132304081,0.0,0.66,0.47,9851.0,,,,,,,,,,,,,,,,,,,,,,,,,0.48062,42.64608162,0.0,,17.75,0.429,14.062,0.34,0.0,0.0,0.0,0.0,0.14062,0.34,0.0,0.0,0.0,0.0,0.48062,,,,,,,,,,6640,,,8.681460372084231e-07,Information
521609,9852.0,10946.6342,MYS,Malaysia,Sarawak,2.270291454,0.0,0.66,0.47,9852.0,,,,,,,,,,,,,,,,,,,,,,,,,0.569,45.40582908,0.0,,30.875,0.282,28.25,0.258,1.0,0.009,0.0,0.0,0.2825,0.258,0.015,0.0134999999999999,0.0,0.0,0.569,,,,,,,,,,8577,,,2.511773425805852e-06,Information
521710,9853.0,27286.23795,MYS,Malaysia,Sarawak,3.090186242,2.446794733,0.66,0.47,9853.0,,,,,,,,,,,,,,,,,,,,,,,,,0.7807499999999999,61.80372484,48.93589466,,85.375,0.313,52.625,0.193,3.0,0.011,0.0,0.0,0.52625,0.193,0.045,0.0165,0.0,0.0,0.7807499999999999,,,,,,,,,,781230,,,5.007291708757446e-05,Information
521733,9857.0,6623.925186,MYS,Malaysia,Sarawak,4.002087986,3.303560776,0.66,0.47,9857.0,,,,,,,,,,,,,,,,,,,,,,,,,0.7781965235078867,80.04175972,66.07121552,,9.812,0.148,7.438,0.112,0.312,0.005,0.0,0.0,0.07438,0.112,0.00468,0.0075,0.0,0.0,0.19856,0.0,0.0,8.859375,0.1337481138593962,0.0,0.0,0.310078125,0.4681183985078866,0.7781965235078867,121233,,,0.0005884538896115,Information
521740,9862.0,16127.24619,MYS,Malaysia,Sabah,3.660400444,3.878020055,0.66,0.47,9862.0,9862.0,0.0,1.0,2.0,-9999.0,-9999.0,0.0,10.0,0.2,-999.9,-999.9,-3979.2,0.0,0.0,0.0,0.0,0.0,0.0,0.0,0.0,0.0,0.0,0.0,-3979.2,-3979.2,73.20800888,77.56040109999999,,,,,,,,,,,,,,,,,,,,,,,,,,246513,,,,
521751,9863.0,1085.128694,MYS,Malaysia,Sabah,4.012783903,4.005999315,0.66,0.47,9863.0,,,,,,,,,,,,,,,,,,,,,,,,,0.553073380901685,80.25567806,80.11998630000001,,1.375,0.127,1.375,0.127,0.0,0.0,0.0,0.0,0.01375,0.127,0.0,0.0,0.0,0.0,0.14075,0.0,0.0,1.546875,0.14255221597191,0.0,0.0,0.054140625,0.498932755901685,0.553073380901685,21140,,,0.0001750265932831,Information
521752,9864.0,4050.165488,MYS,Malaysia,Sabah,3.748188709,2.466049904,0.66,0.47,9864.0,,,,,,,,,,,,,,,,,,,,,,,,,0.10825,74.96377418,49.32099808,,6.0,0.148,3.125,0.077,0.0,0.0,0.0,0.0,0.03125,0.077,0.0,0.0,0.0,0.0,0.10825,,,,,,,,,,45102,,,2.610196211456708e-08,Information
521758,9869.0,10321.14693,MYS,Malaysia,Sabah,4.005057323,3.379944677,0.66,0.47,9869.0,,,,,,,,,,,,,,,,,,,,,,,,,0.12205,80.10114646,67.59889354,,19.688,0.191,6.062,0.059,0.062,0.001,0.0,0.0,0.06062,0.059,0.0009299999999999,0.0015,0.0,0.0,0.12205,,,,,,,,,,68730,,,1.7530577810908157e-07,Information
444055,16154.0,12591.29846,MYS,Malaysia,Johor,1.12494536,1.376487207,0.66,0.47,16154.0,,,,,,,,,,,,,,,,,,,,,,,,,5.1572,22.4989072,27.52974414,,300.625,2.388,284.188,2.257,2.188,0.017,0.0,0.0,2.84188,2.257,0.03282,0.0255,0.0,0.0,5.1572,2.390625,0.0189863262198482,4.078125,0.0323884388456235,0.035859375,0.0284794893297723,0.142734375,0.1133595359596822,0.3204327752894545,7914546,,,0.004111392887677,Information
444071,16155.0,6017.886231,MYS,Malaysia,Perak,3.029697509,2.00250537,0.66,0.47,16155.0,,,,,,,,,,,,,,,,,,,,,,,,,15.297779782447734,60.59395018,40.0501074,,91.0,1.512,70.938,1.179,2.688,0.045,0.0,0.0,0.70938,1.179,0.04032,0.0675,0.0,0.0,1.9962,4.5,0.0747770866254777,162.28125,2.69664868643129,0.0675,0.1121656299382165,5.67984375,9.438270402509517,15.297779782447734,3017802,,,0.1720203232313172,Information
521506,16178.0,2992.198715,MYS,Malaysia,Sarawak,1.745977194,3.526245784,0.66,0.47,16178.0,16178.0,1.0,1.0,100.0,-9999.0,-9999.0,3.0,10.0,10.0,-999.9,-999.9,-3953.6,0.0,0.0,0.0,0.0,0.0,0.0,0.0,0.0,0.0,0.0,0.0,-3953.6,0.6624978848047207,34.91954388,70.52491567999999,,,,,,,,,,,,,,,,,0.0,0.0,4.359375,0.1456913599442059,0.0,0.0,0.152578125,0.5099197598047207,0.6624978848047207,103878,,,7.373750288451973e-05,Information
521735,16179.0,12299.72451,MYS,Malaysia,Sabah,4.046314117,1.6344437,0.66,0.47,16179.0,,,,,,,,,,,,,,,,,,,,,,,,,1.24425,80.92628234,32.688874,,82.125,0.668,66.375,0.54,1.5,0.012,0.0,0.0,0.66375,0.54,0.0225,0.018,0.0,0.0,1.24425,0.0,0.0,9.0,0.0731723705756712,0.0,0.0,0.315,0.2561032970148492,0.5711032970148493,1762027,,,0.0031688454703563,Information
521737,16180.0,1057.732494,MYS,Malaysia,Sabah,3.435798774,4.007650928,0.66,0.47,16180.0,,,,,,,,,,,,,,,,,,,,,,,,,0.73862,68.71597548,80.15301856,,7.562,0.715,7.062,0.668,0.0,0.0,0.0,0.0,0.07062,0.668,0.0,0.0,0.0,0.0,0.73862,,,,,,,,,,3416,,,0.0004991176459334,Information
521753,16181.0,10042.91937,MYS,Malaysia,Sabah,4.011067994,2.648833908,0.66,0.47,16181.0,,,,,,,,,,,,,,,,,,,,,,,,,0.6773750000000001,80.22135988000001,52.97667816,,56.125,0.559,33.0,0.329,0.625,0.006,0.0,0.0,0.33,0.329,0.009375,0.009,0.0,0.0,0.6773750000000001,0.0,0.0,2.953125,0.0294050454032341,0.0,0.0,0.103359375,0.1029176589113193,0.2062770339113193,1050324,,,0.0003702431509209,Information
451007,8467.0,3656.930721,IND,India,Tripura,4.25225219,3.230790489,0.49,0.71,8467.0,,,,,,,,,,,,,,,,,,,,,,,,,5.385605943408704,85.0450438,64.61580977999999,,14.875,0.407,14.625,0.4,0.5,0.014,0.0,0.0,0.14625,0.4,0.0075,0.021,0.0,0.0,0.57475,0.0,0.0,41.203125,1.1267133052596296,0.0,0.0,1.442109375,3.943496568408704,5.385605943408704,3327448,,,0.1535531000713793,Information
452206,8476.0,4672.841001,IND,India,Mizoram,4.078517496,0.0,0.49,0.71,8476.0,,,,,,,,,,,,,,,,,,,,,,,,,0.1645,81.57034992,0.0,,5.25,0.112,5.25,0.112,0.0,0.0,0.0,0.0,0.0525,0.112,0.0,0.0,0.0,0.0,0.1645,,,,,,,,,,856186,,,1.1861675429648302e-06,Information
452207,8477.0,7274.206401,IND,India,Assam,4.08920877,0.0,0.49,0.71,8477.0,,,,,,,,,,,,,,,,,,,,,,,,,4.22993,81.7841754,0.0,,86.062,1.183,81.25,1.117,42.062,0.578,13.5,0.186,0.8125,1.117,0.63093,0.867,0.3375,0.4649999999999999,4.22993,55.96875,0.7694138290244698,3.65625,0.0502632149613975,0.83953125,1.154120743536705,0.12796875,0.1759212523648912,2.297541995901596,2318899,,,0.0721305742499679,Information
452415,8486.0,672.3691031,IND,India,Jharkhand,4.002761955,0.0,0.49,0.71,8486.0,8486.0,0.0,30.0,-9999.0,-9999.0,-9999.0,0.0,1.0,-999.9,-999.9,-999.9,-5997.4,0.0,0.0,0.0,0.0,0.0,0.0,0.0,0.0,0.0,0.0,0.0,-5997.4,13.0690049773047,80.05523910000001,0.0,,,,,,,,,,,,,,,,,0.421875,0.0627445547513477,23.34375,3.4718653629079084,0.006328125,0.0941168321270215,0.81703125,12.15152877017768,13.0690049773047,478906,,,0.336248648823766,Information
452416,8487.0,13516.72585,IND,India,Bihar,4.001572295,0.0,0.49,0.71,8487.0,8487.0,0.0,17.0,2.0,2.0,2.0,0.0,1.0,0.2,0.2,0.2,3.2,0.0,0.0,0.0,0.0,0.0,0.0,0.0,0.0,0.0,0.0,0.0,3.2,3.2,80.0314459,0.0,,,,,,,,,,,,,,,,,0.0,0.0,20.53125,0.1518951425516798,0.0,0.0,0.71859375,0.5316329989308792,1.2502267489308792,13353731,,,0.0335496796270981,Information
452422,8493.0,9916.994812,IND,India,Bihar,4.010710864,0.0,0.49,0.71,8493.0,8493.0,0.0,15.0,2.0,-9999.0,-9999.0,0.0,1.0,0.2,-999.9,-999.9,-3997.2,0.0,0.0,0.0,0.0,0.0,0.0,0.0,0.0,0.0,0.0,0.0,-3997.2,0.8444568209650447,80.21421728,0.0,,8.188,0.083,7.938,0.08,0.125,0.001,0.0,0.0,0.0793799999999999,0.08,0.001875,0.0015,0.0,0.0,0.1627549999999999,0.140625,0.0014180203042309,11.953125,0.1205317258596281,0.002109375,0.0021270304563463,0.418359375,0.4218610405086983,0.8444568209650447,17990338,,,0.0008051755978992,Information
452431,8501.0,8792.019098,IND,India,Bihar,3.135075711,0.0,0.49,0.71,8501.0,,,,,,,,,,,,,,,,,,,,,,,,,4.971447563205743,62.70151421999999,0.0,,24.438,0.278,6.688,0.076,0.0,0.0,0.0,0.0,0.06688,0.076,0.0,0.0,0.0,0.0,0.14288,1.828125,0.0207930053335397,65.671875,0.7469487300586954,0.027421875,0.0311895080003095,2.298515625,2.614320555205434,4.971447563205743,8356109,,,0.0219396665582952,Information
452433,8503.0,212.8026529,IND,India,Bihar,3.93198129,0.0,0.49,0.71,8503.0,,,,,,,,,,,,,,,,,,,,,,,,,24.329641337967686,78.6396258,0.0,,6.438,3.025,3.062,1.439,0.0,0.0,0.0,0.0,0.0306199999999999,1.439,0.0,0.0,0.0,0.0,1.46962,0.0,0.0,14.484375,6.806482346562197,0.0,0.0,0.506953125,23.822688212967687,24.329641337967686,406515,,,0.5517792420153819,Advisory
452435,8505.0,13080.67961,IND,India,Bihar,3.891382554,0.0,0.49,0.71,8505.0,8505.0,0.0,30.0,-9999.0,-9999.0,-9999.0,0.0,1.0,-999.9,-999.9,-999.9,-5997.4,0.0,0.0,0.0,0.0,0.0,0.0,0.0,0.0,0.0,0.0,0.0,-5997.4,5.039538215309641,77.82765108000001,0.0,,,,,,,,,,,,,,,,,13.21875,0.1010555291674575,75.9375,0.5805317633024156,0.19828125,0.1515832937511862,2.6578125,2.0318611715584547,5.039538215309641,19031742,,,0.0692324967439524,Information
452438,8508.0,68589.96014,IND,India,Chhattisgarh,2.456925861,0.0,0.49,0.71,8508.0,8508.0,0.0,30.0,2.0,-9999.0,-9999.0,0.0,1.0,0.2,-999.9,-999.9,-3997.2,0.0,0.0,0.0,0.0,0.0,0.0,0.0,0.0,0.0,0.0,0.0,-3997.2,2.2872016220579914,49.13851722,0.0,,,,,,,,,,,,,,,,,1.828125,0.0026652953235321,56.25,0.0820090868779123,0.027421875,0.0039979429852981,1.96875,0.287031804072693,2.2872016220579914,18141596,,,0.0009618145505471,Information
452443,8512.0,24871.74878,IND,India,Uttar Pradesh,3.088163655,0.0,0.49,0.71,8512.0,8512.0,0.0,30.0,2.0,2.0,-9999.0,0.0,1.0,0.2,0.2,-999.9,-1496.95,0.0,0.0,0.0,0.0,0.0,0.0,0.0,0.0,0.0,0.0,0.0,-1496.95,12.105934268152216,61.76327309999999,0.0,,,,,,,,,,,,,,,,,58.5,0.2352066214252967,221.625,0.8910712388612203,0.8775,0.352809932137945,7.756875,3.118749336014271,12.105934268152216,21231520,,,0.125051194291337,Information
452457,8525.0,7456.956603,IND,India,Uttar Pradesh,2.82435912,0.0,0.49,0.71,8525.0,8525.0,0.0,30.0,-9999.0,-9999.0,-9999.0,0.0,1.0,-999.9,-999.9,-999.9,-5997.4,0.0,0.0,0.0,0.0,0.0,0.0,0.0,0.0,0.0,0.0,0.0,-5997.4,1.8550831149845608,56.4871824,0.0,,,,,,,,,,,,,,,,,6.890625,0.0924053252160487,19.6875,0.2640152149029964,0.103359375,0.138607987824073,0.6890625,0.9240532521604874,1.8550831149845608,11320567,,,0.0008021438845332,Information
452464,8531.0,25018.15398,IND,India,Uttar Pradesh,3.151322451,0.0,0.49,0.71,8531.0,8531.0,0.0,30.0,-9999.0,-9999.0,-9999.0,0.0,1.0,-999.9,-999.9,-999.9,-5997.4,0.0,0.0,0.0,0.0,0.0,0.0,0.0,0.0,0.0,0.0,0.0,-5997.4,0.7824158781744871,63.02644902,0.0,,,,,,,,,,,,,,,,,6.75,0.0269804079305041,13.078125,0.0522745403653517,0.10125,0.0404706118957561,0.457734375,0.1829608912787309,0.7824158781744871,20448012,,,5.772974494501038e-05,Information
452467,8534.0,21329.17109,IND,India,Uttar Pradesh,3.018294616,0.0,0.49,0.71,8534.0,8534.0,0.0,30.0,-9999.0,-9999.0,-9999.0,0.0,1.0,-999.9,-999.9,-999.9,-5997.4,0.0,0.0,0.0,0.0,0.0,0.0,0.0,0.0,0.0,0.0,0.0,-5997.4,4.289131855285432,60.36589232,0.0,,,,,,,,,,,,,,,,,15.1875,0.0712052987579227,76.921875,0.3606416520424422,0.2278125,0.106807948136884,2.692265625,1.2622457821485478,4.289131855285432,17549368,,,0.0130874921982375,Information
452468,8535.0,7663.985681,IND,India,Uttarakhand,4.028091454,0.0,0.49,0.71,8535.0,,,,,,,,,,,,,,,,,,,,,,,,,7.375193082468463,80.56182908,0.0,,4.188,0.055,4.188,0.055,0.25,0.003,0.125,0.002,0.04188,0.055,0.00375,0.0045,0.003125,0.005,0.113255,0.703125,0.0091744038836925,91.125,1.18900274332655,0.010546875,0.0137616058255387,3.189375,4.1615096016429245,7.375193082468463,691769,,,0.1662435022209683,Information
452472,8538.0,28729.35653,IND,India,Madhya Pradesh,2.044925148,0.0,0.49,0.71,8538.0,,,,,,,,,,,,,,,,,,,,,,,,,0.6767762880425499,40.89850296,0.0,,36.5,0.127,12.562,0.044,0.0,0.0,0.0,0.0,0.1256199999999999,0.044,0.0,0.0,0.0,0.0,0.16962,0.0,0.0,14.34375,0.0499271537264428,0.0,0.0,0.50203125,0.1747450380425498,0.6767762880425499,6875026,,,3.91700466654433e-06,Information
452474,8540.0,44283.54479,IND,India,Uttar Pradesh,2.393284951,0.0,0.49,0.71,8540.0,,,,,,,,,,,,,,,,,,,,,,,,,5.798021074732004,47.86569902,0.0,,155.438,0.351,36.438,0.082,0.0,0.0,0.0,0.0,0.36438,0.082,0.0,0.0,0.0,0.0,0.44638,0.984375,0.002222891154489,134.71875,0.3042185322857915,0.014765625,0.0033343367317335,4.71515625,1.0647648630002702,5.798021074732004,14752687,,,0.0140350087303543,Information
452482,8548.0,47633.75775,IND,India,Rajasthan,1.442512441,0.0,0.49,0.71,8548.0,,,,,,,,,,,,,,,,,,,,,,,,,1.2259100733518131,28.85024882,0.0,,42.938,0.09,31.625,0.066,0.0,0.0,0.0,0.0,0.31625,0.066,0.0,0.0,0.0,0.0,0.38225,2.25,0.0047235408377918,27.984375,0.0587490391700359,0.03375,0.0070853112566877,0.979453125,0.2056216370951256,1.2259100733518131,18341908,,,2.4420672289976225e-05,Information
452488,8554.0,25067.99252,IND,India,Madhya Pradesh,2.43820919,0.0,0.49,0.71,8554.0,,,,,,,,,,,,,,,,,,,,,,,,,15.567629637759817,48.7641838,0.0,,201.125,0.802,14.688,0.059,0.688,0.003,2.625,0.01,0.14688,0.059,0.01032,0.0045,0.065625,0.025,0.311325,0.0,0.0,317.953125,1.2683629322170895,0.0,0.0,11.128359375,4.4392702627598135,15.567629637759817,6711834,,,0.1167786920594675,Information
452489,8555.0,29199.65629,IND,India,Madhya Pradesh,1.665071176,0.0,0.49,0.71,8555.0,,,,,,,,,,,,,,,,,,,,,,,,,37.59271990525292,33.30142352,0.0,,755.0,2.586,202.0,0.692,3.312,0.011,8.0,0.027,2.02,0.692,0.04968,0.0165,0.2,0.0675,3.04568,0.140625,0.0004815981346483,800.015625,2.739811788014556,0.002109375,0.0007223972019724,28.000546875,9.589341258050943,37.59271990525292,12984575,,,0.2831960166318844,Advisory
452498,8563.0,18371.87872,IND,India,Haryana,3.10451143,0.0,0.49,0.71,8563.0,,,,,,,,,,,,,,,,,,,,,,,,,0.400676093521498,62.0902286,0.0,,13.5,0.073,11.688,0.064,0.375,0.002,1.188,0.006,0.11688,0.064,0.005625,0.003,0.0296999999999999,0.015,0.234205,0.5625,0.0030617445749918,7.171875,0.0390372433311458,0.0084375,0.0045926168624877,0.251015625,0.1366303516590103,0.400676093521498,20957710,,,2.6847083026935545e-06,Information
452499,8564.0,18325.84676,IND,India,Uttarakhand,3.370719474,0.0,0.49,0.71,8564.0,8564.0,0.0,30.0,-9999.0,-9999.0,-9999.0,0.0,1.0,-999.9,-999.9,-999.9,-5997.4,0.0,0.0,0.0,0.0,0.0,0.0,0.0,0.0,0.0,0.0,0.0,-5997.4,2.2322962499954864,67.41438948,0.0,,,,,,,,,,,,,,,,,4.078125,0.0222534055500186,39.515625,0.2156278261915596,0.061171875,0.0333801083250279,1.383046875,0.7546973916704586,2.2322962499954864,9282892,,,0.0036718806262551,Information
452550,8569.0,15702.32335,IND,India,Assam,3.705446785,0.0,0.49,0.71,8569.0,8569.0,2.0,9.0,76.0,37.0,19.0,7.0,2.0,7.6,3.7,1.9,36.028571428571425,0.0,0.0,0.0,0.0,0.0,0.0,0.0,0.0,0.0,0.0,0.0,36.028571428571425,39.26441327588455,74.1089357,0.0,3.0,8.562,0.055,6.938,0.044,0.0,0.0,0.0,0.0,0.06938,0.044,0.0,0.0,0.0,0.0,0.11338,19.265625,0.1226928307126382,677.109375,4.312160437090169,0.288984375,0.1840392460689573,23.698828125,15.09256152981559,39.26441327588455,6105177,349616.0,5.73,0.6614489053580082,Watch
452562,8571.0,3774.737549,IND,India,Assam,3.018604987,0.0,0.49,0.71,8571.0,8571.0,2.0,9.0,74.0,39.0,19.0,7.0,2.0,7.4,3.9,1.9,41.3,0.0,0.0,0.0,0.0,0.0,0.0,0.0,0.0,0.0,0.0,0.0,41.3,41.3,60.37209974,0.0,,,,,,,,,,,,,,,,,0.0,0.0,46.96875,1.244291805579912,0.0,0.0,1.64390625,4.355021319529691,5.998927569529691,1673356,,,0.5164832239185823,Advisory
452570,8579.0,8910.707154,IND,India,Assam,2.249735045,0.0,0.49,0.71,8579.0,8579.0,2.0,9.0,62.0,41.0,17.0,7.0,2.0,6.2,4.1,1.7,43.46666666666666,0.0,0.0,0.0,0.0,0.0,0.0,0.0,0.0,0.0,0.0,0.0,43.46666666666666,43.46666666666666,44.9947009,0.0,,,,,,,,,,,,,,,,,0.0,0.0,352.6875,3.958019199662293,0.0,0.0,12.3440625,13.853067198818026,26.197129698818024,4321029,,,0.4069354968515156,Advisory
452580,8580.0,19749.87692,IND,India,Assam,4.011416794,0.0,0.49,0.71,8580.0,,,,,,,,,,,,,,,,,,,,,,,,,37.25736344748991,80.22833587999999,0.0,3.0,127.625,0.646,88.938,0.45,2.75,0.014,0.688,0.003,0.8893800000000001,0.45,0.04125,0.021,0.0171999999999999,0.0075,1.42633,1.40625,0.007120297536737,706.078125,3.575101393195658,0.02109375,0.0106804463051055,24.712734375,12.512854876184802,37.25736344748991,5322214,432337.0,8.12,0.7368289823771594,Watch
452592,8582.0,1268.292686,IND,India,Assam,0.374105539,0.0,0.49,0.71,8582.0,8582.0,0.0,11.0,5.0,3.0,2.0,0.0,1.0,0.5,0.3,0.2,4.0,0.0,0.0,0.0,0.0,0.0,0.0,0.0,0.0,0.0,0.0,0.0,4.0,44.30234375,7.482110779999999,0.0,,4.688,0.37,2.688,0.212,0.0,0.0,0.0,0.0,0.02688,0.212,0.0,0.0,0.0,0.0,0.2388799999999999,0.0,0.0,265.78125,20.95582927779777,0.0,0.0,9.30234375,35.0,44.30234375,1156417,,,0.2307544694513011,Advisory
452593,8583.0,1620.833573,IND,India,Assam,0.734390792,0.0,0.49,0.71,8583.0,,,,,,,,,,,,,,,,,,,,,,,,,11.009916658372644,14.68781584,0.0,,3.438,0.212,3.188,0.197,0.0,0.0,0.0,0.0,0.03188,0.197,0.0,0.0,0.0,0.0,0.22888,0.0,0.0,43.875,2.7069404738207554,0.0,0.0,1.535625,9.474291658372644,11.009916658372644,751663,,,0.0203034833603493,Information
452594,8584.0,2489.837412,IND,India,Arunachal Pradesh,3.132264803,0.0,0.49,0.71,8584.0,8584.0,1.0,9.0,41.0,21.0,3.0,3.0,2.0,4.1,2.1,0.3,23.0,0.0,0.0,0.0,0.0,0.0,0.0,0.0,0.0,0.0,0.0,0.0,23.0,23.0,62.64529606,0.0,,,,,,,,,,,,,,,,,0.0,0.0,39.234375,1.5757806035832242,0.0,0.0,1.373203125,5.515232112541285,6.888435237541285,1022731,,,0.3138507177885903,Information
452599,8589.0,503.1230364,IND,India,Assam,4.038362287,0.0,0.49,0.71,8589.0,,,,,,,,,,,,,,,,,,,,,,,,,21.136802144440853,80.76724573999999,0.0,,5.375,1.068,5.375,1.068,0.125,0.025,0.0,0.0,0.05375,1.068,0.001875,0.0375,0.0,0.0,1.1611250000000002,0.5625,0.1118016785802269,28.6875,5.701885607591575,0.0084375,0.1677025178703403,1.0040625,19.95659962657051,21.136802144440853,100477,,,0.5376046583016388,Advisory
452700,8599.0,22755.46596,IND,India,Assam,4.014850268,0.0,0.49,0.71,8599.0,8599.0,0.0,10.0,7.0,2.0,-9999.0,0.0,1.0,0.7,0.2,-999.9,-1996.0,0.0,0.0,0.0,0.0,0.0,0.0,0.0,0.0,0.0,0.0,0.0,-1996.0,60.47586159547431,80.29700536,0.0,3.0,23.0,0.101,22.688,0.1,0.688,0.003,0.375,0.002,0.22688,0.1,0.01032,0.0045,0.009375,0.005,0.356075,226.828125,0.996807208284924,1337.90625,5.8794939737276914,3.402421875,1.495210812427386,35.0,20.57822890804692,60.47586159547431,5790306,329540.0,5.69,0.8689568528658276,Warning
452801,8600.0,1685.003977,IND,India,Arunachal Pradesh,4.066276939,0.0,0.49,0.71,8600.0,8600.0,0.0,9.0,11.0,3.0,2.0,0.0,2.0,1.1,0.3,0.2,7.2,0.0,0.0,0.0,0.0,0.0,0.0,0.0,0.0,0.0,0.0,0.0,7.2,44.63901578996928,81.32553877999999,0.0,3.0,,,,,,,,,,,,,,,,28.125,1.6691355266461871,191.8125,11.383504291726997,0.421875,2.503703289969281,6.7134375,35.0,44.63901578996928,11880,2969.0,24.99,0.808246131669813,Warning
453118,8650.0,3412.057157,IND,India,West Bengal,4.054592487,4.052339939,0.49,0.71,8650.0,,,,,,,,,,,,,,,,,,,,,,,,,14.476951912915116,81.09184974,81.04679878,,14.625,0.429,12.875,0.377,0.0,0.0,0.0,0.0,0.12875,0.377,0.0,0.0,0.0,0.0,0.50575,0.421875,0.0123642418819188,105.046875,3.078696228597782,0.006328125,0.0185463628228782,3.676640625,10.775436800092235,14.476951912915116,4242520,,,0.3947210302446511,Advisory
453120,8651.0,29851.30823,IND,India,West Bengal,3.396769732,4.000045786,0.49,0.71,8651.0,8651.0,0.0,30.0,2.0,2.0,2.0,0.0,1.0,0.2,0.2,0.2,3.2,0.0,0.0,0.0,0.0,0.0,0.0,0.0,0.0,0.0,0.0,0.0,3.2,5.283759023936561,67.93539464,80.00091572000001,,190.188,0.637,90.375,0.303,0.0,0.0,0.0,0.0,0.90375,0.303,0.0,0.0,0.0,0.0,1.20675,4.640625,0.0155458010889701,111.09375,0.372157056372316,0.069609375,0.0233187016334551,3.88828125,1.302549697303106,5.283759023936561,41380296,,,0.0915864926238059,Information
453183,8667.0,9771.986947,IND,India,Odisha,4.016126287,2.802671787,0.49,0.71,8667.0,8667.0,0.0,30.0,-9999.0,-9999.0,-9999.0,0.0,1.0,-999.9,-999.9,-999.9,-5997.4,0.0,0.0,0.0,0.0,0.0,0.0,0.0,0.0,0.0,0.0,0.0,-5997.4,13.89650626704884,80.32252573999999,56.05343574,,,,,,,,,,,,,,,,,44.4375,0.4547437511030779,177.1875,1.813218754398349,0.6665625,0.6821156266546169,6.2015625,6.346265640394221,13.89650626704884,4378634,,,0.3639812695396621,Advisory
453210,8675.0,17332.60537,IND,India,Odisha,3.249453841,2.780264327,0.49,0.71,8675.0,8675.0,0.0,30.0,2.0,-9999.0,-9999.0,0.0,1.0,0.2,-999.9,-999.9,-3997.2,0.0,0.0,0.0,0.0,0.0,0.0,0.0,0.0,0.0,0.0,0.0,-3997.2,6.098350915205864,64.98907682,55.60528654,,,,,,,,,,,,,,,,,44.859375,0.2588149561638801,91.265625,0.5265545659885839,0.672890625,0.3882224342458201,3.194296875,1.842940980960044,6.098350915205864,5845685,,,0.0402630439768983,Information
453220,8676.0,23065.75101,IND,India,Odisha,2.118066176,0.0,0.49,0.71,8676.0,8676.0,0.0,30.0,5.0,3.0,2.0,0.0,1.0,0.5,0.3,0.2,4.0,0.0,0.0,0.0,0.0,0.0,0.0,0.0,0.0,0.0,0.0,0.0,4.0,4.0,42.36132352,0.0,,19.062,0.083,15.062,0.065,0.625,0.003,0.0,0.0,0.15062,0.065,0.009375,0.0045,0.0,0.0,0.229495,29.8125,0.1292500729111616,40.640625,0.1761946748647439,0.4471875,0.1938751093667424,1.422421875,0.6166813620266037,2.6801658463933458,5175959,,,0.0038163548800312,Information
453230,8677.0,10046.31349,IND,India,Odisha,3.078415832,0.0,0.49,0.71,8677.0,8677.0,0.0,30.0,3.0,3.0,2.0,0.0,1.0,0.3,0.3,0.2,3.6,0.0,0.0,0.0,0.0,0.0,0.0,0.0,0.0,0.0,0.0,0.0,3.6,3.6,61.568316640000006,0.0,,,,,,,,,,,,,,,,,7.59375,0.0755874282097134,23.625,0.2351608877635528,0.11390625,0.1133811423145701,0.826875,0.8230631071724348,1.877225499487005,2973751,,,0.0089435161215238,Information
453250,8679.0,13723.3593,IND,India,Chhattisgarh,2.043312785,0.0,0.49,0.71,8679.0,8679.0,0.0,30.0,3.0,2.0,-9999.0,0.0,1.0,0.3,0.2,-999.9,-1996.8,0.0,0.0,0.0,0.0,0.0,0.0,0.0,0.0,0.0,0.0,0.0,-1996.8,3.8980486243594754,40.8662557,0.0,,,,,,,,,,,,,,,,,26.296875,0.1916212673091499,53.15625,0.3873413852559288,0.394453125,0.2874319009637248,1.86046875,1.355694848395751,3.8980486243594754,3443334,,,0.0032707584789623,Information
453260,8680.0,10009.00165,IND,India,Chhattisgarh,2.073001795,0.0,0.49,0.71,8680.0,8680.0,0.0,30.0,-9999.0,-9999.0,-9999.0,0.0,1.0,-999.9,-999.9,-999.9,-5997.4,0.0,0.0,0.0,0.0,0.0,0.0,0.0,0.0,0.0,0.0,0.0,-5997.4,1.3887502289749878,41.4600359,0.0,,,,,,,,,,,,,,,,,5.625,0.0561994112530354,17.4375,0.1742181748844099,0.084375,0.0842991168795531,0.6103125,0.6097636120954347,1.3887502289749878,2111625,,,9.153343451372617e-05,Information
453280,8682.0,13283.01991,IND,India,Chhattisgarh,2.930929698,0.0,0.49,0.71,8682.0,8682.0,0.0,28.0,3.0,3.0,2.0,0.0,1.0,0.3,0.3,0.2,3.6,0.0,0.0,0.0,0.0,0.0,0.0,0.0,0.0,0.0,0.0,0.0,3.6,3.6,58.61859396,0.0,,23.562,0.177,13.25,0.1,0.0,0.0,0.0,0.0,0.1325,0.1,0.0,0.0,0.0,0.0,0.2325,15.75,0.1185724338867499,21.515625,0.1619784141488637,0.23625,0.1778586508301248,0.753046875,0.5669244495210229,1.7340799753511478,2531002,,,0.0073051409087132,Information
453295,8687.0,821.4344708,IND,India,Chhattisgarh,3.148004833,0.0,0.49,0.71,8687.0,,,,,,,,,,,,,,,,,,,,,,,,,1.78662,62.96009666,0.0,,54.562,6.642,13.562,1.651,0.0,0.0,0.0,0.0,0.13562,1.651,0.0,0.0,0.0,0.0,1.78662,,,,,,,,,,361841,,,0.0012160237010933,Information
453298,8690.0,4117.263857,IND,India,Chhattisgarh,1.391929753,0.0,0.49,0.71,8690.0,,,,,,,,,,,,,,,,,,,,,,,,,1.64175,27.838595060000003,0.0,,76.5,1.858,47.875,1.163,0.0,0.0,0.0,0.0,0.47875,1.163,0.0,0.0,0.0,0.0,1.64175,1.40625,0.0341549642852362,1.6875,0.0409859571422834,0.02109375,0.0512324464278542,0.0590625,0.1434508499979919,0.2748395464258462,3674030,,,7.743031604914228e-05,Information
453299,8691.0,12698.37711,IND,India,Chhattisgarh,3.025557833,0.0,0.49,0.71,8691.0,,,,,,,,,,,,,,,,,,,,,,,,,2.27675,60.511156660000005,0.0,,159.812,1.259,127.375,1.003,0.0,0.0,0.0,0.0,1.27375,1.003,0.0,0.0,0.0,0.0,2.27675,2.8125,0.0221484995779918,4.078125,0.0321153243880881,0.0421875,0.0332227493669877,0.142734375,0.1124036353583083,0.330548259725296,4292357,,,0.0021635974105206,Information
453303,8694.0,155.6178894,IND,India,Odisha,4.012276686,0.0,0.49,0.71,8694.0,,,,,,,,,,,,,,,,,,,,,,,,,51.679765625,80.24553372,0.0,3.0,1.812,1.165,1.188,0.763,0.0,0.0,0.0,0.0,0.01188,0.763,0.0,0.0,0.0,0.0,0.77488,29.953125,19.24786740415336,35.15625,22.59139366684666,0.449296875,15.0,1.23046875,35.0,51.679765625,43767,8969.0,20.49,0.8318965018602572,Warning
453307,8698.0,144.8285246,IND,India,Andhra Pradesh,4.001893734,2.088250929,0.49,0.71,8698.0,,,,,,,,,,,,,,,,,,,,,,,,,32.654021351153006,80.03787468,41.76501858,3.0,0.438,0.302,0.438,0.302,0.0,0.0,0.0,0.0,0.00438,0.302,0.0,0.0,0.0,0.0,0.30638,6.46875,4.466488916751247,10.546875,7.282318886007467,0.09703125,6.699733375126871,0.369140625,25.488116101026133,32.654021351153006,109909,4140.0,3.77,0.6886867258790397,Watch
453309,8700.0,16615.91927,IND,India,Andhra Pradesh,4.055992748,0.089931516,0.49,0.71,8700.0,,,,,,,,,,,,,,,,,,,,,,,,,7.1598157825600754,81.11985496000001,1.79863032,,14.5,0.087,14.062,0.085,0.0,0.0,0.0,0.0,0.14062,0.085,0.0,0.0,0.0,0.0,0.22562,58.78125,0.3537646581280829,102.515625,0.6169723343908432,0.88171875,0.5306469871921243,3.588046875,2.159403170367951,7.1598157825600754,9002403,,,0.1661163267804249,Information
453410,8701.0,5975.231002,IND,India,Andhra Pradesh,4.015910751,0.0,0.49,0.71,8701.0,8701.0,0.0,30.0,3.0,2.0,2.0,0.0,1.0,0.3,0.2,0.2,3.4,0.0,0.0,0.0,0.0,0.0,0.0,0.0,0.0,0.0,0.0,0.0,3.4,3.4,80.31821502,0.0,,,,,,,,,,,,,,,,,1.96875,0.0329485169602056,5.765625,0.0964920853834593,0.02953125,0.0494227754403084,0.201796875,0.3377222988421075,0.618473199282416,2343704,,,0.0395511921746547,Information
453420,8702.0,21554.64787,IND,India,Odisha,2.261801794,0.0,0.49,0.71,8702.0,8702.0,0.0,30.0,3.0,3.0,2.0,0.0,1.0,0.3,0.3,0.2,3.6,0.0,0.0,0.0,0.0,0.0,0.0,0.0,0.0,0.0,0.0,0.0,3.6,3.6,45.23603588,0.0,,,,,,,,,,,,,,,,,18.5625,0.0861183171076952,35.4375,0.1644076962965091,0.2784375,0.1291774756615428,1.2403125,0.5754269370377818,2.2233544126993245,2449593,,,0.0032434397977955,Information
453430,8703.0,15600.28514,IND,India,Telangana,3.921086556,0.0,0.49,0.71,8703.0,8703.0,0.0,30.0,3.0,2.0,2.0,0.0,1.0,0.3,0.2,0.2,3.533333333333333,0.0,0.0,0.0,0.0,0.0,0.0,0.0,0.0,0.0,0.0,0.0,3.533333333333333,3.533333333333333,78.42173112,0.0,,,,,,,,,,,,,,,,,0.984375,0.0063099808176707,2.953125,0.0189299424530122,0.014765625,0.009464971226506,0.103359375,0.0662547985855427,0.1938447698120487,1511872,,,0.0351909467591376,Information
453441,8704.0,4049.131534,IND,India,Chhattisgarh,3.024192231,0.0,0.49,0.71,8704.0,8704.0,0.0,29.0,7.0,2.0,-9999.0,0.0,1.0,0.7,0.2,-999.9,-1996.0,0.0,0.0,0.0,0.0,0.0,0.0,0.0,0.0,0.0,0.0,0.0,-1996.0,-1996.0,60.48384462,0.0,,,,,,,,,,,,,,,,,,,,,,,,,,199874,,,,
453450,8713.0,1486.615042,IND,India,Telangana,1.624016387,0.0,0.49,0.71,8713.0,,,,,,,,,,,,,,,,,,,,,,,,,0.3857309015447095,32.48032774,0.0,,1.375,0.092,1.375,0.092,0.0,0.0,0.0,0.0,0.01375,0.092,0.0,0.0,0.0,0.0,0.10575,0.703125,0.0472970459922126,1.125,0.0756752735875402,0.010546875,0.0709455689883189,0.039375,0.2648634575563907,0.3857309015447095,113037,,,1.2019742103045189e-07,Information
453461,8714.0,1625.163447,IND,India,Telangana,2.3545907,0.0,0.49,0.71,8714.0,8714.0,0.0,30.0,3.0,2.0,2.0,0.0,1.0,0.3,0.2,0.2,3.4,0.0,0.0,0.0,0.0,0.0,0.0,0.0,0.0,0.0,0.0,0.0,3.4,3.4,47.091814,0.0,,,,,,,,,,,,,,,,,7.453125,0.458607718156252,8.578125,0.5278315246704033,0.111796875,0.687911577234378,0.300234375,1.847410336346412,2.947353163580789,83857,,,0.0030275493996044,Information
453462,8715.0,4475.658668,IND,India,Telangana,2.887006902,0.0,0.49,0.71,8715.0,,,,,,,,,,,,,,,,,,,,,,,,,0.6783799999999999,57.74013804,0.0,,24.375,0.545,20.438,0.457,0.125,0.003,0.125,0.003,0.2043799999999999,0.457,0.001875,0.0045,0.003125,0.0075,0.6783799999999999,0.421875,0.009425986905787,0.984375,0.0219939694468363,0.006328125,0.0141389803586805,0.034453125,0.076978893063927,0.1318991234226075,548482,,,1.7989988478028583e-05,Information
453463,8716.0,2820.771755,IND,India,Maharashtra,3.162686205,0.0,0.49,0.71,8716.0,,,,,,,,,,,,,,,,,,,,,,,,,0.3387541523829883,63.2537241,0.0,,5.5,0.195,5.5,0.195,0.0,0.0,0.0,0.0,0.055,0.195,0.0,0.0,0.0,0.0,0.25,0.703125,0.0249266889040555,1.828125,0.0648093911505443,0.010546875,0.0373900333560832,0.063984375,0.226832869026905,0.3387541523829883,276906,,,1.3894651126975605e-06,Information
453464,8717.0,51689.89884,IND,India,Maharashtra,2.112202289,0.0,0.49,0.71,8717.0,8717.0,0.0,30.0,3.0,2.0,2.0,0.0,1.0,0.3,0.2,0.2,-1330.1333333333334,0.0,0.0,0.0,0.0,0.0,0.0,0.0,0.0,0.0,0.0,0.0,-1330.1333333333334,9.70563832642529,42.24404577999999,0.0,,265.562,0.514,154.688,0.299,7.688,0.015,4.625,0.009,1.5468799999999998,0.299,0.11532,0.0225,0.115625,0.0225,2.121825,68.34375,0.1322187729798879,203.0625,0.3928475477015599,1.02515625,0.1983281594698318,7.1071875,1.3749664169554596,9.70563832642529,13907546,,,0.0372508915453683,Information
453465,8718.0,3587.353613,IND,India,Maharashtra,2.426749938,0.0,0.49,0.71,8718.0,8718.0,0.0,29.0,5.0,2.0,2.0,0.0,1.0,0.5,0.2,0.2,3.8,0.0,0.0,0.0,0.0,0.0,0.0,0.0,0.0,0.0,0.0,0.0,3.8,3.8,48.53499876,0.0,,4.125,0.115,2.625,0.073,0.125,0.003,0.062,0.002,0.02625,0.073,0.001875,0.0045,0.00155,0.005,0.112175,0.28125,0.0078400411661916,1.125,0.0313601646647666,0.00421875,0.0117600617492873,0.039375,0.1097605763266831,0.1651143880759705,943530,,,0.0045816481667995,Information
453466,8719.0,20556.04189,IND,India,Maharashtra,2.773441897,0.0,0.49,0.71,8719.0,8719.0,0.0,30.0,3.0,3.0,2.0,0.0,1.0,0.3,0.3,0.2,3.6,0.0,0.0,0.0,0.0,0.0,0.0,0.0,0.0,0.0,0.0,0.0,3.6,7.104869999999999,55.46883794,0.0,,448.938,2.184,447.0,2.175,9.688,0.047,6.562,0.032,4.47,2.175,0.14532,0.0705,0.16405,0.08,7.104869999999999,56.8125,0.2763785962125077,85.21875,0.4145678943187615,0.8521875,0.4145678943187615,2.98265625,1.4509876301156652,5.700399274434426,5274961,,,0.0332225740550229,Information
453467,8720.0,6024.312199,IND,India,Maharashtra,2.094118964,0.0,0.49,0.71,8720.0,8720.0,0.0,29.0,7.0,2.0,2.0,0.0,1.0,0.7,0.2,0.2,4.2,0.0,0.0,0.0,0.0,0.0,0.0,0.0,0.0,0.0,0.0,0.0,4.2,4.2,41.88237928,0.0,,15.0,0.249,14.625,0.243,0.188,0.003,0.0,0.0,0.14625,0.243,0.00282,0.0045,0.0,0.0,0.39657,0.0,0.0,1.265625,0.0210086223655987,0.0,0.0,0.044296875,0.0735301782795954,0.1178270532795954,1143904,,,0.0043022039171268,Information
453468,8721.0,4623.704911,IND,India,Maharashtra,3.755582544,0.0,0.49,0.71,8721.0,,,,,,,,,,,,,,,,,,,,,,,,,2.942115307800316,75.11165088,0.0,,19.562,0.423,19.062,0.412,0.375,0.008,0.0,0.0,0.19062,0.412,0.005625,0.012,0.0,0.0,0.6202449999999999,9.84375,0.2128974532063826,22.359375,0.4835813579973547,0.14765625,0.3193461798095739,0.782578125,1.6925347529907415,2.942115307800316,1094301,,,0.0163694412953835,Information
453469,8722.0,13353.31401,IND,India,Maharashtra,2.065844345,0.0,0.49,0.71,8722.0,,,,,,,,,,,,,,,,,,,,,,,,,7.73064,41.3168869,0.0,,545.125,4.082,426.312,3.193,6.438,0.048,2.438,0.018,4.26312,3.193,0.09657,0.072,0.06095,0.045,7.73064,63.0,0.4717929944242063,97.734375,0.7319110069750523,0.945,0.7076894916363095,3.420703125,2.5616885244126832,7.635081141048993,3817986,,,0.021333233860169,Information
453472,8724.0,13168.39328,IND,India,Telangana,0.944740233,0.0,0.49,0.71,8724.0,8724.0,0.0,30.0,3.0,2.0,2.0,0.0,1.0,0.3,0.2,0.2,3.4,0.0,0.0,0.0,0.0,0.0,0.0,0.0,0.0,0.0,0.0,0.0,3.4,3.4,18.89480466,0.0,,,,,,,,,,,,,,,,,2.53125,0.0192221628487524,8.015625,0.0608701823543827,0.03796875,0.0288332442731285,0.280546875,0.2130456382403394,0.560394507513468,5430992,,,0.0007570390945202,Information
453473,8725.0,4996.23602,IND,India,Telangana,1.588310771,0.0,0.49,0.71,8725.0,8725.0,0.0,28.0,3.0,3.0,-9999.0,0.0,1.0,0.3,0.3,-999.9,-1996.6,0.0,0.0,0.0,0.0,0.0,0.0,0.0,0.0,0.0,0.0,0.0,-1996.6,1.200837183201564,31.76621542,0.0,,,,,,,,,,,,,,,,,7.3125,0.1463601793549432,8.296875,0.1660625111911855,0.1096875,0.2195402690324148,0.290390625,0.5812187891691493,1.200837183201564,1848601,,,2.673462129518006e-05,Information
453474,8726.0,2722.062146,IND,India,Telangana,1.464281569,0.0,0.49,0.71,8726.0,,,,,,,,,,,,,,,,,,,,,,,,,2.461352606835874,29.28563138,0.0,,7.125,0.262,7.125,0.262,0.0,0.0,0.0,0.0,0.07125,0.262,0.0,0.0,0.0,0.0,0.33325,0.0,0.0,15.046875,0.552774851953107,0.0,0.0,0.526640625,1.934711981835875,2.461352606835874,333286,,,0.0003926314812465,Information
453478,8730.0,1538.677131,IND,India,Telangana,2.462702081,0.0,0.49,0.71,8730.0,,,,,,,,,,,,,,,,,,,,,,,,,1.236175,49.25404162,0.0,,50.5,3.282,14.875,0.967,0.125,0.008,0.562,0.037,0.14875,0.967,0.001875,0.012,0.01405,0.0925,1.236175,1.546875,0.1005327867973571,1.6875,0.1096721310516623,0.023203125,0.1507991801960356,0.0590625,0.3838524586808181,0.6169172638768536,383354,,,0.0001016781996135,Information
453481,8732.0,1031.500174,IND,India,Telangana,1.214308144,0.0,0.49,0.71,8732.0,,,,,,,,,,,,,,,,,,,,,,,,,0.340875,24.286162880000003,0.0,,2.875,0.279,2.875,0.279,0.0,0.0,0.125,0.012,0.02875,0.279,0.0,0.0,0.003125,0.03,0.340875,0.140625,0.0136330563576271,0.28125,0.0272661127152543,0.002109375,0.0204495845364406,0.00984375,0.09543139450339,0.1278341040398307,374501,,,3.273113185036521e-08,Information
453482,8733.0,2575.383103,IND,India,Maharashtra,1.503834306,0.0,0.49,0.71,8733.0,,,,,,,,,,,,,,,,,,,,,,,,,0.35712,30.07668612,0.0,,9.75,0.379,7.312,0.284,0.0,0.0,0.0,0.0,0.07312,0.284,0.0,0.0,0.0,0.0,0.35712,,,,,,,,,,911805,,,6.562838590045479e-08,Information
453483,8734.0,69.63614856,IND,India,Maharashtra,4.065119386,0.0,0.49,0.71,8734.0,,,,,,,,,,,,,,,,,,,,,,,,,0.81362,81.30238772,0.0,,0.562,0.808,0.562,0.808,0.0,0.0,0.0,0.0,0.00562,0.808,0.0,0.0,0.0,0.0,0.81362,,,,,,,,,,14688,,,0.0008602737869485,Information
453484,8735.0,2090.012169,IND,India,Maharashtra,2.743546744,0.0,0.49,0.71,8735.0,,,,,,,,,,,,,,,,,,,,,,,,,0.231,54.87093488,0.0,,5.812,0.278,4.0,0.191,0.0,0.0,0.0,0.0,0.04,0.191,0.0,0.0,0.0,0.0,0.231,0.140625,0.0067284297243179,0.84375,0.0403705783459076,0.002109375,0.0100926445864768,0.02953125,0.1412970242106765,0.1830302937971534,645681,,,6.642726290362188e-08,Information
453485,8736.0,12149.04301,IND,India,Telangana,3.108481896,0.0,0.49,0.71,8736.0,,,,,,,,,,,,,,,,,,,,,,,,,4.090460855191347,62.16963792,0.0,,56.25,0.463,26.625,0.219,1.188,0.01,0.312,0.003,0.26625,0.219,0.01782,0.015,0.0078,0.0075,0.5333699999999999,6.1875,0.0509299374042113,61.453125,0.5058268783100086,0.0928125,0.0763949061063169,2.150859375,1.77039407408503,4.090460855191347,4332484,,,0.0130589447192117,Information
453491,8741.0,4554.593147,IND,India,Maharashtra,3.504040026,0.0,0.49,0.71,8741.0,,,,,,,,,,,,,,,,,,,,,,,,,0.8493267861336158,70.08080052,0.0,,23.438,0.515,16.688,0.366,0.25,0.005,0.25,0.005,0.16688,0.366,0.00375,0.0075,0.00625,0.0125,0.5628799999999999,0.0,0.0,7.59375,0.1667272960381759,0.0,0.0,0.26578125,0.5835455361336157,0.8493267861336158,2360261,,,0.0001841522835638,Information
453492,8742.0,15914.67328,IND,India,Maharashtra,2.415912077,0.0,0.49,0.71,8742.0,8742.0,0.0,29.0,3.0,2.0,2.0,0.0,1.0,0.3,0.2,0.2,3.4,0.0,0.0,0.0,0.0,0.0,0.0,0.0,0.0,0.0,0.0,0.0,3.4,10.28348,48.31824154,0.0,,887.312,5.575,578.125,3.633,31.312,0.197,2.562,0.016,5.78125,3.633,0.46968,0.2955,0.06405,0.04,10.28348,4.078125,0.0256249369863909,27.984375,0.1758400848376484,0.061171875,0.0384374054795863,0.979453125,0.6154402969317694,1.6945027024113557,5056113,,,0.0532023392544113,Information
453493,8743.0,4672.404611,IND,India,Maharashtra,3.942396743,0.0,0.49,0.71,8743.0,8743.0,0.0,1.0,2.0,2.0,-9999.0,0.0,10.0,0.2,0.2,-999.9,-1979.0,0.0,0.0,0.0,0.0,0.0,0.0,0.0,0.0,0.0,0.0,0.0,-1979.0,0.9339717883334716,78.84793486000001,0.0,,,,,,,,,,,,,,,,,0.140625,0.0030096922616239,8.4375,0.1805815356974388,0.002109375,0.0045145383924358,0.2953125,0.6320353749410358,0.9339717883334716,1479433,,,0.00090411218854,Information
453495,8745.0,7477.624026,IND,India,Maharashtra,0.925529056,0.0,0.49,0.71,8745.0,,,,,,,,,,,,,,,,,,,,,,,,,0.367,18.51058112,0.0,,21.75,0.291,10.938,0.146,1.438,0.019,1.062,0.014,0.10938,0.146,0.02157,0.0284999999999999,0.02655,0.035,0.367,,,,,,,,,,3723281,,,3.2792115214125185e-08,Information
453499,8749.0,9688.784807,IND,India,Maharashtra,2.286267143,0.0,0.49,0.71,8749.0,,,,,,,,,,,,,,,,,,,,,,,,,1.28938,45.72534286,0.0,,78.188,0.807,63.438,0.655,0.0,0.0,0.0,0.0,0.63438,0.655,0.0,0.0,0.0,0.0,1.28938,,,,,,,,,,5372508,,,9.204823492876402e-05,Information
453610,8751.0,21035.03313,IND,India,Telangana,2.639214133,0.0,0.49,0.71,8751.0,8751.0,0.0,30.0,2.0,-9999.0,-9999.0,0.0,1.0,0.2,-999.9,-999.9,-3997.0666666666666,0.0,0.0,0.0,0.0,0.0,0.0,0.0,0.0,0.0,0.0,0.0,-3997.0666666666666,0.182580427894725,52.78428266,0.0,,,,,,,,,,,,,,,,,1.6875,0.0080223310765534,2.8125,0.0133705517942557,0.0253125,0.0120334966148301,0.0984375,0.0467969312798949,0.182580427894725,7342693,,,1.3857455962090142e-08,Information
453630,8753.0,19733.98764,IND,India,Telangana,1.977732989,0.0,0.49,0.71,8753.0,8753.0,0.0,30.0,3.0,-9999.0,-9999.0,0.0,1.0,0.3,-999.9,-999.9,-3997.0,0.0,0.0,0.0,0.0,0.0,0.0,0.0,0.0,0.0,0.0,0.0,-3997.0,-3997.0,39.55465978,0.0,,,,,,,,,,,,,,,,,,,,,,,,,,3741131,,,,
453643,8756.0,9851.766254,IND,India,Andhra Pradesh,2.488568214,0.0,0.49,0.71,8756.0,8756.0,0.0,30.0,13.0,2.0,-9999.0,0.0,1.0,1.3,0.2,-999.9,-1994.8,0.0,0.0,0.0,0.0,0.0,0.0,0.0,0.0,0.0,0.0,0.0,-1994.8,-1994.8,49.77136428,0.0,,,,,,,,,,,,,,,,,,,,,,,,,,2847607,,,,
453644,8757.0,23605.20588,IND,India,Karnataka,1.148718529,0.0,0.49,0.71,8757.0,8757.0,0.0,1.0,2.0,2.0,2.0,0.0,10.0,0.2,0.2,0.2,21.2,0.0,0.0,0.0,0.0,0.0,0.0,0.0,0.0,0.0,0.0,0.0,21.2,21.2,22.97437058,0.0,,,,,,,,,,,,,,,,,2.671875,0.0113190073997481,2.671875,0.0113190073997481,0.040078125,0.0169785110996221,0.093515625,0.0396165258991183,0.1901887869987405,5306389,,,0.0985015416719372,Information
453645,8758.0,5641.114667,IND,India,Karnataka,1.929851417,0.0,0.49,0.71,8758.0,8758.0,0.0,30.0,19.0,5.0,2.0,0.0,1.0,1.9,0.5,0.2,7.2,0.0,0.0,0.0,0.0,0.0,0.0,0.0,0.0,0.0,0.0,0.0,7.2,7.2,38.59702834,0.0,,,,,,,,,,,,,,,,,,,,,,,,,,2135980,,,0.016041410927508,Information
453648,8761.0,5241.377691,IND,India,Karnataka,2.646525569,0.0,0.49,0.71,8761.0,8761.0,1.0,26.0,45.0,17.0,3.0,3.0,1.0,4.5,1.7,0.3,20.6,0.0,0.0,0.0,0.0,0.0,0.0,0.0,0.0,0.0,0.0,0.0,20.6,20.6,52.93051138,0.0,,,,,,,,,,,,,,,,,,,,,,,,,,1584895,,,0.2043073497908046,Information
453649,8762.0,14840.87292,IND,India,Karnataka,2.690594239,0.0,0.49,0.71,8762.0,8762.0,1.0,29.0,41.0,17.0,5.0,3.0,1.0,4.1,1.7,0.5,20.2,0.0,0.0,0.0,0.0,0.0,0.0,0.0,0.0,0.0,0.0,0.0,20.2,20.2,53.81188478,0.0,,,,,,,,,,,,,,,,,,,,,,,,,,4255590,,,0.204107219304155,Information
453650,8763.0,9202.566964,IND,India,Telangana,2.098372182,0.0,0.49,0.71,8763.0,8763.0,0.0,2.0,23.0,-9999.0,-9999.0,0.0,9.0,2.3,-999.9,-999.9,-3977.0,0.0,0.0,0.0,0.0,0.0,0.0,0.0,0.0,0.0,0.0,0.0,-3977.0,0.123242962070957,41.96744364,0.0,,,,,,,,,,,,,,,,,0.0,0.0,1.6875,0.0183372748774163,0.0,0.0,0.0590625,0.064180462070957,0.123242962070957,2946173,,,3.763319679668138e-10,Information
453661,8764.0,4457.246153,IND,India,Karnataka,1.350325316,0.0,0.49,0.71,8764.0,8764.0,0.0,30.0,13.0,-9999.0,-9999.0,0.0,1.0,1.3,-999.9,-999.9,-3995.0,0.0,0.0,0.0,0.0,0.0,0.0,0.0,0.0,0.0,0.0,0.0,-3995.0,-3995.0,27.00650632,0.0,,,,,,,,,,,,,,,,,,,,,,,,,,1110696,,,,
453662,8765.0,3358.269733,IND,India,Karnataka,2.539344305,0.0,0.49,0.71,8765.0,8765.0,1.0,1.0,100.0,19.0,7.0,3.0,10.0,10.0,1.9,0.7,51.2,0.0,0.0,0.0,0.0,0.0,0.0,0.0,0.0,0.0,0.0,0.0,51.2,51.2,50.7868861,0.0,,,,,,,,,,,,,,,,,,,,,,,,,,423327,,,0.5157857750569778,Advisory
453664,8767.0,11568.30928,IND,India,Karnataka,2.76766735,0.0,0.49,0.71,8767.0,8767.0,0.0,30.0,13.0,-9999.0,-9999.0,0.0,1.0,1.3,-999.9,-999.9,-3995.0,0.0,0.0,0.0,0.0,0.0,0.0,0.0,0.0,0.0,0.0,0.0,-3995.0,-3995.0,55.353347,0.0,,,,,,,,,,,,,,,,,,,,,,,,,,3955143,,,,
453670,8773.0,24751.14008,IND,India,Karnataka,2.219065956,0.0,0.49,0.71,8773.0,8773.0,1.0,2.0,68.0,13.0,3.0,3.0,9.0,6.8,1.3,0.3,69.00000000000001,0.0,0.0,0.0,0.0,0.0,0.0,0.0,0.0,0.0,0.0,0.0,69.00000000000001,69.00000000000001,44.38131912,0.0,,,,,,,,,,,,,,,,,,,,,,,,,,6988258,,,0.5853453002690671,Watch
453680,8774.0,12431.97376,IND,India,Maharashtra,1.638501525,0.0,0.49,0.71,8774.0,8774.0,1.0,1.0,100.0,29.0,7.0,3.0,10.0,10.0,2.9,0.7,50.1,0.0,0.0,0.0,0.0,0.0,0.0,0.0,0.0,0.0,0.0,0.0,50.1,50.1,32.7700305,0.0,,,,,,,,,,,,,,,,,,,,,,,,,,4241324,,,0.3843414657250247,Advisory
453691,8775.0,3656.866343,IND,India,Maharashtra,4.005342946,0.0,0.49,0.71,8775.0,8775.0,0.0,1.0,15.0,3.0,-9999.0,0.0,10.0,1.5,0.3,-999.9,-596.2666666666667,0.0,0.0,0.0,0.0,0.0,0.0,0.0,0.0,0.0,0.0,0.0,-596.2666666666667,-596.2666666666667,80.10685892,0.0,,,,,,,,,,,,,,,,,,,,,,,,,,622944,,,,
453692,8776.0,4781.721428,IND,India,Maharashtra,3.056711039,0.0,0.49,0.71,8776.0,8776.0,1.0,2.0,100.0,23.0,5.0,3.0,9.0,10.0,2.3,0.5,63.900000000000006,0.0,0.0,0.0,0.0,0.0,0.0,0.0,0.0,0.0,0.0,0.0,63.900000000000006,63.900000000000006,61.13422078,0.0,,,,,,,,,,,,,,,,,,,,,,,,,,1009556,,,0.6904778259227793,Watch
453743,8789.0,5823.329382,IND,India,Andhra Pradesh,1.108617736,0.0,0.49,0.71,8789.0,8789.0,0.0,5.0,3.0,-9999.0,-9999.0,0.0,6.0,0.3,-999.9,-999.9,-3987.0,0.0,0.0,0.0,0.0,0.0,0.0,0.0,0.0,0.0,0.0,0.0,-3987.0,-3987.0,22.17235472,0.0,,,,,,,,,,,,,,,,,,,,,,,,,,1225340,,,,
453750,8796.0,17437.56399,IND,India,Andhra Pradesh,4.116396843,1.887062793,0.49,0.71,8796.0,8796.0,0.0,4.0,-9999.0,-9999.0,-9999.0,0.0,7.0,-999.9,-999.9,-999.9,-5985.4,0.0,0.0,0.0,0.0,0.0,0.0,0.0,0.0,0.0,0.0,0.0,-5985.4,16.221293829802256,82.32793686000001,37.74125586,,,,,,,,,,,,,,,,,182.953125,1.0491896983798576,216.140625,1.2395115806378487,2.744296875,1.5737845475697865,7.564921875,4.33829053223247,16.221293829802256,17087740,,,0.4658682604872308,Advisory
453770,8798.0,4855.041484,IND,India,Tamil Nadu,3.504672929,0.000105753,0.49,0.71,8798.0,,,,,,,,,,,,,,,,,,,,,,,,,4.588854832219253,70.09345858,0.00211506,,15.25,0.314,15.25,0.314,15.562,0.321,8.875,0.183,0.1525,0.314,0.23343,0.4815,0.221875,0.4575,1.8608050000000005,21.234375,0.4373675295734714,33.75,0.6951536893882989,0.318515625,0.6560512943602071,1.18125,2.4330379128590462,4.588854832219253,3509991,,,0.0304344387549745,Information
453790,8800.0,9851.859193,IND,India,Tamil Nadu,4.024854487,1.052241071,0.49,0.71,8800.0,,,,,,,,,,,,,,,,,,,,,,,,,4.175376722117117,80.49708973999999,21.04482142,,0.0,0.0,0.0,0.0,3.625,0.037,0.0,0.0,0.0,0.0,0.054375,0.0554999999999999,0.0,0.0,0.109875,39.375,0.3996707547966018,42.328125,0.429646061406347,0.590625,0.5995061321949027,1.481484375,1.5037612149222144,4.175376722117117,5017788,,,0.0616147048345903,Information
453801,8801.0,10257.18906,IND,India,Tamil Nadu,3.397626529,0.652815989,0.49,0.71,8801.0,8801.0,0.0,25.0,-9999.0,-9999.0,-9999.0,0.0,1.0,-999.9,-999.9,-999.9,-5997.4,0.0,0.0,0.0,0.0,0.0,0.0,0.0,0.0,0.0,0.0,0.0,-5997.4,1.0511852060778877,67.95253058,13.05631978,,0.0,0.0,0.0,0.0,4.875,0.048,0.0,0.0,0.0,0.0,0.073125,0.072,0.0,0.0,0.145125,10.546875,0.1028242234632538,10.6875,0.1041952131094305,0.158203125,0.1542363351948807,0.3740625,0.3646832458830067,1.0511852060778877,5575883,,,0.0003162278063625,Information
453802,8802.0,9075.128325,IND,India,Tamil Nadu,2.833464723,0.0,0.49,0.71,8802.0,8802.0,0.0,1.0,-9999.0,-9999.0,-9999.0,0.0,10.0,-999.9,-999.9,-999.9,-5979.4,0.0,0.0,0.0,0.0,0.0,0.0,0.0,0.0,0.0,0.0,0.0,-5979.4,0.4241594331509876,56.66929446,0.0,,,,,,,,,,,,,,,,,3.9375,0.043387816224583,4.078125,0.0449373810897466,0.0590625,0.0650817243368745,0.142734375,0.1572808338141131,0.4241594331509876,3410912,,,1.8594180090189104e-06,Information
453803,8803.0,7692.160119,IND,India,Tamil Nadu,1.156888224,0.0,0.49,0.71,8803.0,8803.0,0.0,30.0,-9999.0,-9999.0,-9999.0,0.0,1.0,-999.9,-999.9,-999.9,-5997.4,0.0,0.0,0.0,0.0,0.0,0.0,0.0,0.0,0.0,0.0,0.0,-5997.4,0.7520003418134003,23.13776448,0.0,,3.75,0.049,2.125,0.028,1.5,0.02,0.062,0.001,0.02125,0.028,0.0225,0.03,0.00155,0.0025,0.1058,3.09375,0.0402195215909454,8.015625,0.1042051241219949,0.04640625,0.0603292823864181,0.280546875,0.3647179344269821,0.7520003418134003,9028086,,,1.8547056100653984e-06,Information
453807,8807.0,2970.16485,IND,India,Karnataka,3.234362514,0.0,0.49,0.71,8807.0,,,,,,,,,,,,,,,,,,,,,,,,,0.3377459630453385,64.68725028,0.0,,7.25,0.244,3.625,0.122,0.0,0.0,0.0,0.0,0.03625,0.122,0.0,0.0,0.0,0.0,0.15825,1.546875,0.0520804426090677,1.546875,0.0520804426090677,0.023203125,0.0781206639136015,0.054140625,0.1822815491317369,0.3377459630453385,927901,,,1.6620479901544e-06,Information
453901,8810.0,18634.52958,IND,India,Tamil Nadu,4.114318523,2.337039725,0.49,0.71,8810.0,,,,,,,,,,,,,,,,,,,,,,,,,18.37735225944083,82.28637046,46.7407945,,30.062,0.161,22.625,0.121,27.375,0.147,9.875,0.053,0.22625,0.121,0.410625,0.2204999999999999,0.246875,0.1325,1.35775,211.921875,1.137253688706253,250.875,1.3462910289661283,3.178828125,1.7058805330593794,8.780625,4.712018601381449,18.37735225944083,9903675,,,0.5146716542215302,Advisory
453902,8811.0,6728.461189,IND,India,Tamil Nadu,4.023386002,0.0,0.49,0.71,8811.0,,,,,,,,,,,,,,,,,,,,,,,,,1.277880250376555,80.46772003999999,0.0,,4.25,0.063,4.25,0.063,0.125,0.002,0.0,0.0,0.0425,0.063,0.001875,0.003,0.0,0.0,0.110375,9.0,0.13376015328071,10.828125,0.1609301844158543,0.135,0.200640229921065,0.378984375,0.56325564545549,1.277880250376555,4037270,,,0.0031969516067929,Information
453903,8812.0,546.7370703,IND,India,Tamil Nadu,4.045534894,0.0,0.49,0.71,8812.0,,,,,,,,,,,,,,,,,,,,,,,,,6.808882737896852,80.91069788,0.0,,5.375,0.983,2.062,0.377,0.0,0.0,0.0,0.0,0.02062,0.377,0.0,0.0,0.0,0.0,0.39762,6.46875,1.1831555515667536,7.3125,1.3374801887276344,0.09703125,1.7747333273501305,0.2559375,4.681180660546721,6.808882737896852,199563,,,0.1512938501047701,Information
453905,8814.0,991.8884935,IND,India,Tamil Nadu,4.052066282,0.0,0.49,0.71,8814.0,,,,,,,,,,,,,,,,,,,,,,,,,3.428425195900444,81.04132564,0.0,,2.125,0.214,1.5,0.151,0.0,0.0,0.0,0.0,0.015,0.151,0.0,0.0,0.0,0.0,0.1659999999999999,6.1875,0.6238100391800888,6.1875,0.6238100391800888,0.0928125,0.9357150587701332,0.2165625,2.1833351371303107,3.428425195900444,117337,,,0.0436180944812442,Information
453907,8816.0,1551.906434,IND,India,Tamil Nadu,1.7674546,0.03451099,0.49,0.71,8816.0,,,,,,,,,,,,,,,,,,,,,,,,,3.056564156453784,35.349092,0.6902197999999999,,13.0,0.838,11.875,0.765,0.062,0.004,0.0,0.0,0.11875,0.765,0.0009299999999999,0.006,0.0,0.0,0.89068,8.015625,0.5165018216365262,8.296875,0.5346246925711413,0.120234375,0.7747527324547894,0.290390625,1.8711864239989944,3.056564156453784,740601,,,0.0011377064868803,Information
453908,8817.0,5638.074656,IND,India,Tamil Nadu,3.357266701,1.056490856,0.49,0.71,8817.0,,,,,,,,,,,,,,,,,,,,,,,,,2.4377828232411782,67.14533401999999,21.12981712,,7.562,0.134,4.5,0.08,0.0,0.0,0.0,0.0,0.045,0.08,0.0,0.0,0.0,0.0,0.125,16.59375,0.2943158970279345,18.0,0.3192579221997933,0.24890625,0.4414738455419017,0.63,1.1174027276992766,2.4377828232411782,3143548,,,0.0046475573103947,Information
453909,8818.0,2019.237997,IND,India,Tamil Nadu,3.104430167,1.929340643,0.49,0.71,8818.0,,,,,,,,,,,,,,,,,,,,,,,,,4.0471419648549904,62.08860334,38.58681286,,3.625,0.18,3.625,0.18,0.188,0.009,0.0,0.0,0.03625,0.18,0.00282,0.0134999999999999,0.0,0.0,0.23257,13.5,0.6685690354210528,13.640625,0.6755332962066888,0.2025,1.0028535531315792,0.477421875,2.3643665367234106,4.0471419648549904,740258,,,0.0126353021896765,Information
454020,8819.0,6391.120796,IND,India,Kerala,3.73828101,0.0,0.49,0.71,8819.0,8819.0,2.0,1.0,100.0,100.0,9.0,7.0,10.0,10.0,10.0,0.9,75.8,0.0,0.0,0.0,0.0,0.0,0.0,0.0,0.0,0.0,0.0,0.0,75.8,75.8,74.7656202,0.0,,,,,,,,,,,,,,,,,1.96875,0.0308044561026452,1.96875,0.0308044561026452,0.02953125,0.0462066841539677,0.06890625,0.1078155963592581,0.252459780513226,2584250,,,0.8643101808781433,Warning
454031,8820.0,1809.838973,IND,India,Kerala,4.02808734,0.018565688,0.49,0.71,8820.0,8820.0,1.0,16.0,47.0,23.0,15.0,3.0,1.0,4.7,2.3,1.5,23.8,0.0,0.0,0.0,0.0,0.0,0.0,0.0,0.0,0.0,0.0,0.0,23.8,23.8,80.5617468,0.37131376,,27.125,1.499,9.75,0.539,3.812,0.211,3.062,0.169,0.0975,0.539,0.05718,0.3165,0.0765499999999999,0.4225,1.50923,20.8125,1.1499641851946696,38.8125,2.144527804822492,0.3121875,1.7249462777920044,1.3584375,7.505847316878722,10.901418594670726,2410613,,,0.5802146523830815,Advisory
454032,8821.0,6201.171373,IND,India,Kerala,2.167844851,0.0,0.49,0.71,8821.0,8821.0,1.0,30.0,37.0,21.0,13.0,3.0,1.0,3.7,2.1,1.3,22.6,0.0,0.0,0.0,0.0,0.0,0.0,0.0,0.0,0.0,0.0,0.0,22.6,22.6,43.35689702,0.0,,6.438,0.104,5.812,0.094,0.0,0.0,0.0,0.0,0.05812,0.094,0.0,0.0,0.0,0.0,0.15212,10.546875,0.1700787539216565,32.765625,0.528377995516613,0.158203125,0.2551181308824847,1.146796875,1.8493229843081456,3.4094411151906305,5138763,,,0.1790947795590863,Information
454033,8822.0,31492.27722,IND,India,Karnataka,3.659845549,0.13406556,0.49,0.71,8822.0,8822.0,1.0,18.0,39.0,17.0,3.0,3.0,1.0,3.9,1.7,0.3,20.6,0.0,0.0,0.0,0.0,0.0,0.0,0.0,0.0,0.0,0.0,0.0,20.6,20.6,73.19691098,2.6813112,,,,,,,,,,,,,,,,,15.609375,0.0495657233380044,22.921875,0.0727857018386912,0.234140625,0.0743485850070066,0.802265625,0.2547499564354192,1.365504791442426,16851974,,,0.3961881702323397,Advisory
454034,8823.0,4785.521657,IND,India,Karnataka,3.510026152,0.0,0.49,0.71,8823.0,8823.0,1.0,29.0,47.0,25.0,9.0,3.0,1.0,4.7,2.5,0.9,24.2,0.0,0.0,0.0,0.0,0.0,0.0,0.0,0.0,0.0,0.0,0.0,24.2,24.2,70.20052304000001,0.0,,,,,,,,,,,,,,,,,1.828125,0.0382011644923507,1.828125,0.0382011644923507,0.027421875,0.057301746738526,0.063984375,0.1337040757232274,0.2824120724617535,608084,,,0.4175605271519351,Advisory
454036,8824.0,4498.803775,IND,India,Maharashtra,3.169795138,2.592203575,0.49,0.71,8824.0,,,,,,,,,,,,,,,,,,,,,,,,,1.531,63.39590276,51.8440715,,55.25,1.228,47.5,1.056,0.0,0.0,0.0,0.0,0.475,1.056,0.0,0.0,0.0,0.0,1.531,,,,,,,,,,8220871,,,0.0007511495002826,Information
454037,8825.0,309.2234596,IND,India,Maharashtra,4.149969263,4.002699898,0.49,0.71,8825.0,,,,,,,,,,,,,,,,,,,,,,,,,2.14638,82.99938526,80.05399796,,7.625,2.466,6.438,2.082,0.0,0.0,0.0,0.0,0.0643799999999999,2.082,0.0,0.0,0.0,0.0,2.14638,,,,,,,,,,1678102,,,0.0192511517247566,Information
454038,8826.0,3897.095125,IND,India,Maharashtra,1.529861538,2.525759705,0.49,0.71,8826.0,,,,,,,,,,,,,,,,,,,,,,,,,0.93812,30.59723076,50.5151941,,31.875,0.818,26.312,0.675,0.0,0.0,0.0,0.0,0.26312,0.675,0.0,0.0,0.0,0.0,0.93812,,,,,,,,,,1052061,,,3.661451254568659e-05,Information
454039,8827.0,14080.61794,IND,India,Gujarat,4.032180562,2.541353777,0.49,0.71,8827.0,,,,,,,,,,,,,,,,,,,,,,,,,1.411713439957949,80.64361124,50.82707554,,54.375,0.386,40.25,0.286,0.312,0.002,0.0,0.0,0.4025,0.286,0.00468,0.003,0.0,0.0,0.69618,0.5625,0.0039948530831887,23.34375,0.1657864029523331,0.0084375,0.005992279624783,0.81703125,0.5802524103331659,1.411713439957949,9067951,,,0.0044195111403631,Information
454041,8828.0,12546.26811,IND,India,Maharashtra,4.025146436,1.222503387,0.49,0.71,8828.0,8828.0,0.0,25.0,2.0,2.0,2.0,0.0,1.0,0.2,0.2,0.2,3.2,0.0,0.0,0.0,0.0,0.0,0.0,0.0,0.0,0.0,0.0,0.0,3.2,3.2,80.50292872,24.45006774,,226.562,1.806,163.125,1.3,6.75,0.054,0.0,0.0,1.63125,1.3,0.10125,0.081,0.0,0.0,3.1135,0.703125,0.0056042561330408,25.03125,0.1995115183362524,0.010546875,0.0084063841995612,0.87609375,0.6982903141768835,1.5933373233764447,6860400,,,0.0353722956875195,Information
454042,8829.0,2970.876584,IND,India,Maharashtra,3.485855984,0.0,0.49,0.71,8829.0,,,,,,,,,,,,,,,,,,,,,,,,,0.33325,69.71711968,0.0,,13.75,0.463,7.625,0.257,0.0,0.0,0.0,0.0,0.07625,0.257,0.0,0.0,0.0,0.0,0.33325,,,,,,,,,,1364759,,,3.249874155978912e-06,Information
454043,8830.0,4341.880847,IND,India,Maharashtra,1.177276176,0.0,0.49,0.71,8830.0,8830.0,0.0,24.0,3.0,2.0,2.0,0.0,1.0,0.3,0.2,0.2,3.4,0.0,0.0,0.0,0.0,0.0,0.0,0.0,0.0,0.0,0.0,0.0,3.4,3.4,23.54552352,0.0,,23.312,0.537,8.375,0.193,0.188,0.004,0.0,0.0,0.08375,0.193,0.00282,0.006,0.0,0.0,0.28557,8.4375,0.1943282254061056,8.578125,0.197567029162874,0.1265625,0.2914923381091583,0.300234375,0.691484602070059,1.4097738151792174,1029484,,,0.0009262309539379,Information
454044,8831.0,10218.40384,IND,India,Maharashtra,2.736987848,0.0,0.49,0.71,8831.0,,,,,,,,,,,,,,,,,,,,,,,,,0.332625,54.73975696,0.0,,51.688,0.506,16.625,0.163,0.125,0.001,0.0,0.0,0.16625,0.163,0.001875,0.0015,0.0,0.0,0.332625,1.265625,0.0123857406626023,3.234375,0.0316524483599837,0.018984375,0.0185786109939034,0.113203125,0.1107835692599429,0.2615496802538464,4499798,,,4.480808374582294e-07,Information
454046,8833.0,2488.890555,IND,India,Maharashtra,3.185343511,0.0,0.49,0.71,8833.0,,,,,,,,,,,,,,,,,,,,,,,,,1.7676176353693758,63.70687022,0.0,,52.5,2.109,26.625,1.07,0.5,0.02,0.0,0.0,0.26625,1.07,0.0075,0.03,0.0,0.0,1.3737500000000002,3.796875,0.1525529112972979,8.4375,0.3390064695495511,0.056953125,0.2288293669459468,0.2953125,1.1865226434234288,1.7676176353693758,706105,,,0.0012555702038953,Information
454047,8834.0,1367.575416,IND,India,Maharashtra,0.104623922,0.0,0.49,0.71,8834.0,,,,,,,,,,,,,,,,,,,,,,,,,3.1385090431001093,2.09247844,0.0,,28.5,2.084,8.75,0.64,0.812,0.059,0.0,0.0,0.0875,0.64,0.01218,0.0885,0.0,0.0,0.82818,5.484375,0.4010290719028091,8.4375,0.6169678029273986,0.082265625,0.6015436078542137,0.2953125,2.159387310245896,3.1385090431001093,752368,,,0.0002905611444232,Information
454048,8835.0,18672.89389,IND,India,Maharashtra,2.122839707,0.0,0.49,0.71,8835.0,,,,,,,,,,,,,,,,,,,,,,,,,47.22815747744031,42.45679414,0.0,,918.312,4.918,671.312,3.595,25.625,0.137,13.75,0.074,6.71312,3.595,0.384375,0.2055,0.34375,0.185,11.426745000000002,545.34375,2.920510089214891,645.046875,3.4544558481765617,8.18015625,4.380765133822337,22.576640625,12.090595468617966,47.22815747744031,6141623,,,0.421700221967197,Advisory
454049,8836.0,10640.51834,IND,India,Maharashtra,2.501291512,0.0,0.49,0.71,8836.0,,,,,,,,,,,,,,,,,,,,,,,,,1.6039753007670488,50.02583024,0.0,,39.25,0.369,37.562,0.353,0.875,0.008,0.0,0.0,0.3756199999999999,0.353,0.013125,0.012,0.0,0.0,0.753745,11.8125,0.111014328681007,18.5625,0.1744510879272967,0.1771875,0.1665214930215104,0.6496875,0.6105788077455384,1.6039753007670488,2095266,,,0.00029191080335,Information
454050,8837.0,2502.686271,IND,India,Gujarat,3.671497276,2.528200934,0.49,0.71,8837.0,,,,,,,,,,,,,,,,,,,,,,,,,18.38498079397745,73.42994552,50.56401868,,28.0,1.119,25.375,1.014,0.938,0.037,0.0,0.0,0.25375,1.014,0.01407,0.0554999999999999,0.0,0.0,1.33732,6.46875,0.2584722694012086,102.375,4.09060461139304,0.09703125,0.3877084041018129,3.583125,14.31711613987564,18.38498079397745,2884929,,,0.3563431396391219,Advisory
454061,8838.0,33833.159,IND,India,Madhya Pradesh,2.852568395,0.001040363,0.49,0.71,8838.0,8838.0,0.0,30.0,2.0,2.0,-9999.0,0.0,1.0,0.2,0.2,-999.9,-1997.0,0.0,0.0,0.0,0.0,0.0,0.0,0.0,0.0,0.0,0.0,0.0,-1997.0,14.499531745594467,57.0513679,0.02080726,,216.938,0.641,75.812,0.224,3.438,0.01,1.25,0.004,0.75812,0.224,0.05157,0.015,0.03125,0.01,1.08994,106.59375,0.3150570420821268,274.078125,0.8100873021346507,1.59890625,0.4725855631231902,9.592734375,2.835305557471277,14.499531745594467,9686523,,,0.138764175127233,Information
454062,8839.0,5183.622706,IND,India,Madhya Pradesh,1.765825635,0.0,0.49,0.71,8839.0,,,,,,,,,,,,,,,,,,,,,,,,,19.201282799526787,35.3165127,0.0,,188.125,3.629,157.062,3.03,1.312,0.025,0.125,0.002,1.57062,3.03,0.01968,0.0375,0.003125,0.005,4.665925,89.859375,1.7335246043703991,148.78125,2.8702175765631965,1.347890625,2.6002869065555987,5.20734375,10.045761517971188,19.201282799526787,1184360,,,0.112272918017215,Information
454063,8840.0,12122.85474,IND,India,Madhya Pradesh,3.302472232,0.0,0.49,0.71,8840.0,,,,,,,,,,,,,,,,,,,,,,,,,5.617519174112642,66.04944464,0.0,,111.25,0.918,58.938,0.486,0.0,0.0,0.062,0.001,0.58938,0.486,0.0,0.0,0.00155,0.0025,1.07943,14.90625,0.1229598994773595,81.5625,0.6727994499704579,0.22359375,0.1844398492160392,2.8546875,2.354798074896603,5.617519174112642,2087929,,,0.0360081481582604,Information
454065,8842.0,15536.51598,IND,India,Madhya Pradesh,3.243609411,0.0,0.49,0.71,8842.0,,,,,,,,,,,,,,,,,,,,,,,,,0.2588740790747905,64.87218822,0.0,,31.312,0.202,10.188,0.066,0.0,0.0,0.0,0.0,0.10188,0.066,0.0,0.0,0.0,0.0,0.16788,0.0,0.0,4.5,0.0289640225927973,0.0,0.0,0.1575,0.1013740790747905,0.2588740790747905,2738715,,,4.5443848083380746e-07,Information
454070,8847.0,6093.322066,IND,India,Gujarat,2.008934159,0.037620267,0.49,0.71,8847.0,,,,,,,,,,,,,,,,,,,,,,,,,19.315199811974367,40.17868317999999,0.7524053399999999,,40.188,0.66,31.625,0.519,1.062,0.017,0.0,0.0,0.31625,0.519,0.01593,0.0255,0.0,0.0,0.87668,65.25,1.0708444308732057,180.984375,2.970208583047017,0.97875,1.6062666463098083,6.334453125,10.395730040664558,19.315199811974367,3715809,,,0.1291391742281841,Information
454081,8848.0,4047.930065,IND,India,Gujarat,2.174240185,0.0,0.49,0.71,8848.0,8848.0,0.0,30.0,5.0,3.0,2.0,0.0,1.0,0.5,0.3,0.2,4.0,0.0,0.0,0.0,0.0,0.0,0.0,0.0,0.0,0.0,0.0,0.0,4.0,5.6586472837743855,43.4848037,0.0,,4.625,0.114,4.0,0.099,0.0,0.0,0.0,0.0,0.04,0.099,0.0,0.0,0.0,0.0,0.139,1.40625,0.0347399776522154,45.984375,1.1359972692274465,0.02109375,0.0521099664783231,1.609453125,3.975990442296063,5.6586472837743855,3008597,,,0.0106866424487998,Information
454082,8849.0,2737.999146,IND,India,Gujarat,2.622843442,0.0,0.49,0.71,8849.0,,,,,,,,,,,,,,,,,,,,,,,,,4.579609868834867,52.456868840000006,0.0,,5.75,0.21,5.375,0.196,0.0,0.0,0.0,0.0,0.05375,0.196,0.0,0.0,0.0,0.0,0.24975,0.0,0.0,28.125,1.0272099625242477,0.0,0.0,0.984375,3.5952348688348668,4.579609868834867,1301277,,,0.0096412630031079,Information
454086,8853.0,8606.862021,IND,India,Rajasthan,1.968672184,0.0,0.49,0.71,8853.0,,,,,,,,,,,,,,,,,,,,,,,,,3.5326202972571616,39.37344368,0.0,,25.312,0.294,24.438,0.284,0.0,0.0,0.0,0.0,0.24438,0.284,0.0,0.0,0.0,0.0,0.52838,0.0,0.0,46.6875,0.5424450849306177,0.0,0.0,1.6340625,1.898557797257162,3.5326202972571616,2282505,,,0.0022367059456892,Information
454089,8856.0,4766.787173,IND,India,Madhya Pradesh,2.019027967,0.0,0.49,0.71,8856.0,,,,,,,,,,,,,,,,,,,,,,,,,5.0468317569976575,40.38055934,0.0,,58.875,1.235,20.0,0.42,0.0,0.0,0.062,0.001,0.2,0.42,0.0,0.0,0.00155,0.0025,0.62405,0.0,0.0,46.546875,0.9764831805707592,0.0,0.0,1.629140625,3.4176911319976573,5.0468317569976575,1521546,,,0.0067703775048639,Information
455100,8858.0,1895.628855,IND,India,Gujarat,1.102930334,1.122876937,0.49,0.71,8858.0,,,,,,,,,,,,,,,,,,,,,,,,,14.132649015166546,22.05860668,22.45753874,,28.375,1.497,24.375,1.286,10.5,0.554,0.0,0.0,0.24375,1.286,0.1575,0.8310000000000001,0.0,0.0,2.51825,27.421875,1.446584595586935,52.59375,2.7744750705103267,0.411328125,2.1698768933804025,1.84078125,9.710662746786143,14.132649015166546,2002512,,,0.0443460107546802,Information
455200,8859.0,30044.26305,IND,India,Gujarat,3.029170722,0.0,0.49,0.71,8859.0,,,,,,,,,,,,,,,,,,,,,,,,,12.765921382862722,60.58341444,0.0,,21.312,0.071,16.875,0.056,0.5,0.002,0.188,0.001,0.16875,0.056,0.0075,0.003,0.0046999999999999,0.0025,0.24245,16.734375,0.055699069638917,266.484375,0.8869725795440991,0.251015625,0.0835486044583755,9.326953125,3.104404028404347,12.765921382862722,17411388,,,0.1297851247878007,Information
455300,8860.0,23596.73419,IND,India,Gujarat,4.040435933,0.789521969,0.49,0.71,8860.0,,,,,,,,,,,,,,,,,,,,,,,,,18.9648489412592,80.80871866000001,15.79043938,,96.25,0.408,85.062,0.36,12.25,0.052,3.188,0.014,0.8506199999999999,0.36,0.18375,0.078,0.0797,0.035,1.5870700000000002,38.8125,0.1644825071566236,363.9375,1.5423214801497895,0.5821875,0.2467237607349354,12.7378125,5.398125180524263,18.9648489412592,7349153,,,0.4952651174832421,Advisory
455400,8861.0,10496.84507,IND,India,Gujarat,2.400154096,0.0,0.49,0.71,8861.0,,,,,,,,,,,,,,,,,,,,,,,,,1.322169267537621,48.00308192,0.0,,12.438,0.118,9.875,0.094,0.0,0.0,0.0,0.0,0.09875,0.094,0.0,0.0,0.0,0.0,0.19275,0.84375,0.0080381295020264,18.984375,0.1808579137955948,0.01265625,0.0120571942530396,0.664453125,0.6330026982845818,1.322169267537621,2752700,,,0.000120371916007,Information
455500,8862.0,14747.18982,IND,India,Gujarat,2.051254798,2.14158287,0.49,0.71,8862.0,,,,,,,,,,,,,,,,,,,,,,,,,44.18765769607991,41.02509596,42.831657400000005,,60.5,0.41,54.125,0.367,16.5,0.112,17.312,0.117,0.54125,0.367,0.2475,0.168,0.4328,0.2925,2.0490500000000003,107.296875,0.7275750589243777,706.359375,4.78978967362667,1.609453125,1.0913625883865663,24.722578125,16.764263857693344,44.18765769607991,4871708,,,0.3983752657456189,Advisory
455600,8863.0,29343.51717,IND,India,Gujarat,0.756181135,0.223009287,0.49,0.71,8863.0,,,,,,,,,,,,,,,,,,,,,,,,,15.982330804853362,15.1236227,4.46018574,,55.812,0.19,50.062,0.171,29.938,0.102,17.875,0.061,0.50062,0.171,0.4490699999999999,0.153,0.446875,0.1525,1.873065,130.21875,0.4437734892401597,284.765625,0.9704549845694636,1.95328125,0.6656602338602395,9.966796875,3.3965924459931225,15.982330804853362,7746477,,,0.0474881766358249,Information
455700,8864.0,11413.46751,IND,India,Gujarat,1.724388982,3.753929823,0.49,0.71,8864.0,,,,,,,,,,,,,,,,,,,,,,,,,79.03501957967406,34.48777964,75.07859646,3.0,168.188,1.474,161.875,1.418,101.812,0.892,87.75,0.769,1.61875,1.418,1.52718,1.338,2.19375,1.9225,10.01818,321.046875,2.8128776364493744,1422.28125,12.46142987956591,4.815703125,4.219316454674061,35.0,35.0,79.03501957967406,1596896,74880.0,4.69,0.8757835359414248,Warning
455801,8865.0,34987.79886,IND,India,Rajasthan,3.379763791,0.0,0.49,0.71,8865.0,,,,,,,,,,,,,,,,,,,,,,,,,0.1124999999999999,67.59527582,0.0,,9.812,0.028,8.75,0.025,0.0,0.0,0.0,0.0,0.0875,0.025,0.0,0.0,0.0,0.0,0.1124999999999999,,,,,,,,,,1156132,,,7.432851154015626e-09,Information
455821,8876.0,20069.65551,IND,India,Gujarat,2.212648676,0.0,0.49,0.71,8876.0,,,,,,,,,,,,,,,,,,,,,,,,,75.89667538730369,44.252973520000005,0.0,3.0,119.75,0.597,115.5,0.575,74.125,0.369,51.688,0.258,1.155,0.575,1.111875,0.5535,1.2922,0.645,5.332575,851.0625,4.240543637685083,1248.328125,6.219977837364588,12.7659375,6.360815456527625,35.0,21.76992243077606,75.89667538730369,803222,5832.0,0.73,0.6211676166919289,Watch
455823,8878.0,26961.8205,IND,India,Gujarat,2.407259871,0.0,0.49,0.71,8878.0,8878.0,0.0,29.0,3.0,3.0,3.0,0.0,1.0,0.3,0.3,0.3,3.8,0.0,0.0,0.0,0.0,0.0,0.0,0.0,0.0,0.0,0.0,0.0,3.8,21.71882984835284,48.14519742,0.0,,,,,,,,,,,,,,,,,284.765625,1.0561809986165895,330.609375,1.2262131001222727,4.271484375,1.5842714979248842,11.571328125,4.291745850427954,21.71882984835284,3438858,,,0.1920769987125322,Information
456429,8938.0,45508.17621,IND,India,Jammu and Kashmir,3.40797054,0.0,0.49,0.71,8938.0,8938.0,1.0,23.0,41.0,11.0,2.0,3.0,1.0,4.1,1.1,0.2,-264.8571428571429,0.0,0.0,0.0,0.0,0.0,0.0,0.0,0.0,0.0,0.0,0.0,-264.8571428571429,13.706645903344285,68.1594108,0.0,,21.0,0.046,20.812,0.046,13.562,0.03,18.5,0.041,0.20812,0.046,0.20343,0.045,0.4625,0.1025,1.06755,89.296875,0.1962216077303993,282.796875,0.6214199262139102,1.339453125,0.2943324115955989,9.897890625,2.174969741748685,13.706645903344285,20116892,,,0.1996530802377322,Information
456470,8943.0,25600.00608,IND,India,Himachal Pradesh,3.958115957,0.0,0.49,0.71,8943.0,,,,,,,,,,,,,,,,,,,,,,,,,2.601880930069297,79.16231914,0.0,,20.312,0.079,20.312,0.079,5.438,0.021,5.5,0.021,0.20312,0.079,0.08157,0.0315,0.1375,0.0525,0.5851900000000001,2.671875,0.0104370092418764,52.3125,0.2043456546304236,0.040078125,0.0156555138628146,1.8309375,0.7152097912064825,2.601880930069297,11768321,,,0.018738550902787,Information
456804,8993.0,4459.059298,IND,India,Jammu and Kashmir,4.018093071,0.0,0.49,0.71,8993.0,8993.0,3.0,30.0,86.0,72.0,60.0,10.0,1.0,8.6,7.2,6.0,71.6,0.0,0.0,0.0,0.0,0.0,0.0,0.0,0.0,0.0,0.0,0.0,71.6,71.6,80.36186142,0.0,,10.125,0.227,4.125,0.093,0.562,0.013,0.0,0.0,0.04125,0.093,0.00843,0.0195,0.0,0.0,0.16218,0.421875,0.0094610762460147,3.796875,0.0851496862141328,0.006328125,0.014191614369022,0.132890625,0.2980239017494648,0.4514342661184868,16911,,,0.9021019129160796,Warning
456805,8994.0,2283.151535,IND,India,Jammu and Kashmir,4.041878067,0.0,0.49,0.71,8994.0,,,,,,,,,,,,,,,,,,,,,,,,,0.5560642148674378,80.83756134,0.0,,17.688,0.775,6.938,0.304,0.062,0.003,0.062,0.003,0.06938,0.304,0.0009299999999999,0.0045,0.00155,0.0075,0.38786,0.0,0.0,2.953125,0.1293442399621251,0.0,0.0,0.103359375,0.4527048398674378,0.5560642148674378,7575,,,0.000200197326193,Information
456902,9001.0,10518.20876,IND,India,Jammu and Kashmir,4.042133032,0.0,0.49,0.71,9001.0,9001.0,1.0,22.0,47.0,11.0,-9999.0,3.0,1.0,4.7,1.1,-999.9,-1980.2,0.0,0.0,0.0,0.0,0.0,0.0,0.0,0.0,0.0,0.0,0.0,-1980.2,1.20015752009402,80.84266063999999,0.0,,,,,,,,,,,,,,,,,14.765625,0.1403815548225649,11.25,0.1069573751029065,0.221484375,0.2105723322338473,0.39375,0.3743508128601727,1.20015752009402,136460,,,0.0028008095483446,Information
456904,9003.0,14907.7412,IND,India,Jammu and Kashmir,3.947202767,0.0,0.49,0.71,9003.0,9003.0,1.0,22.0,31.0,3.0,-9999.0,3.0,1.0,3.1,0.3,-999.9,-642.7333333333333,0.0,0.0,0.0,0.0,0.0,0.0,0.0,0.0,0.0,0.0,0.0,-642.7333333333333,6.652756090783681,78.94405533999999,0.0,,,,,,,,,,,,,,,,,3.9375,0.0264124520720265,112.078125,0.7518115821930406,0.0590625,0.0396186781080397,3.922734375,2.631340537675642,6.652756090783681,14252,,,0.1246293689712486,Information
456905,9004.0,13986.95819,IND,India,Jammu and Kashmir,2.993549818,0.0,0.49,0.71,9004.0,,,,,,,,,,,,,,,,,,,,,,,,,2.949449020133853,59.87099636,0.0,,120.0,0.858,39.562,0.283,1.312,0.009,0.875,0.006,0.3956199999999999,0.283,0.01968,0.0134999999999999,0.021875,0.015,0.748675,0.140625,0.0010054008750072,49.078125,0.3508849053775263,0.002109375,0.0015081013125108,1.717734375,1.228097168821342,2.949449020133853,95269,,,0.0045207500391694,Information
453119,16161.0,9480.013143,IND,India,West Bengal,4.002535319,4.094962825,0.49,0.71,16161.0,,,,,,,,,,,,,,,,,,,,,,,,,72.145628996244,80.05070638,81.89925649999999,3.0,39.5,0.417,29.75,0.314,0.0,0.0,0.0,0.0,0.2975,0.314,0.0,0.0,0.0,0.0,0.6114999999999999,88.3125,0.9315651641626634,983.53125,10.374787831454883,1.3246875,1.3973477462439952,34.42359375,35.0,72.145628996244,15696564,791997.0,5.05,0.9166267305841926,Warning
454010,16162.0,15141.1746,IND,India,Kerala,4.004525197,1.190485045,0.49,0.71,16162.0,16162.0,1.0,16.0,47.0,23.0,7.0,3.0,1.0,4.7,2.3,0.7,26.65,0.0,0.0,0.0,0.0,0.0,0.0,0.0,0.0,0.0,0.0,0.0,26.65,26.65,80.09050394,23.8097009,,197.875,1.307,184.875,1.221,24.188,0.16,0.25,0.002,1.84875,1.221,0.36282,0.24,0.00625,0.005,3.68382,96.046875,0.6343422985519903,120.515625,0.795946339471531,1.440703125,0.9515134478279854,4.218046875,2.785812188150359,9.396075635978343,16134589,,,0.614700835017272,Watch
454035,16163.0,25395.47682,IND,India,Maharashtra,4.066266885,3.011007852,0.49,0.71,16163.0,,,,,,,,,,,,,,,,,,,,,,,,,2.1128695877328862,81.3253377,60.22015704,,53.875,0.212,51.688,0.204,0.75,0.003,0.0,0.0,0.51688,0.204,0.01125,0.0045,0.0,0.0,0.7366299999999999,24.609375,0.0969045596968971,32.765625,0.1290214994821545,0.369140625,0.1453568395453456,1.146796875,0.4515752481875407,2.1128695877328862,22455302,,,0.0146613540379278,Information
451009,8469.0,3159.169139,BGD,Bangladesh,Chittagong,4.076982255,4.055917123,0.44,0.78,8469.0,,,,,,,,,,,,,,,,,,,,,,,,,35.092753501486335,81.5396451,81.11834246000001,3.0,26.938,0.853,20.375,0.645,12.25,0.388,11.5,0.364,0.20375,0.645,0.18375,0.5820000000000001,0.2875,0.91,2.8120000000000003,21.234375,0.6721506213444228,231.609375,7.331338234134201,0.318515625,1.0082259320166342,8.106328125,25.659683819469706,35.092753501486335,4161360,122545.0,2.94,0.7396832541616247,Watch
452201,8471.0,3772.760097,BGD,Bangladesh,Chittagong,4.020323421,4.035811474,0.44,0.78,8471.0,,,,,,,,,,,,,,,,,,,,,,,,,3.0185727990626434,80.40646842,80.71622948,,3.375,0.089,3.0,0.08,0.0,0.0,0.0,0.0,0.03,0.08,0.0,0.0,0.0,0.0,0.11,0.0,0.0,23.625,0.6261993711607552,0.0,0.0,0.826875,2.191697799062643,3.0185727990626434,6653824,,,0.0318352808872382,Information
452202,8472.0,11792.24126,BGD,Bangladesh,Dhaka,4.071189006,4.002369749,0.44,0.78,8472.0,,,,,,,,,,,,,,,,,,,,,,,,,11.606113049055171,81.42378012,80.04739497999999,,12.062,0.102,9.938,0.084,0.0,0.0,0.0,0.0,0.09938,0.084,0.0,0.0,0.0,0.0,0.18338,0.0,0.0,179.4375,1.5216572997300493,0.0,0.0,6.2803125,5.325800549055172,11.606113049055171,36202712,,,0.3190523775636041,Information
452203,8473.0,5476.279456,BGD,Bangladesh,Chittagong,4.015321606,4.03424455,0.44,0.78,8473.0,8473.0,0.0,24.0,3.0,-9999.0,-9999.0,0.0,1.0,0.3,-999.9,-999.9,-3997.0,0.0,0.0,0.0,0.0,0.0,0.0,0.0,0.0,0.0,0.0,0.0,-3997.0,20.252233024940587,80.30643212,80.68489100000001,,109.5,2.0,79.625,1.454,14.312,0.261,0.0,0.0,0.79625,1.454,0.21468,0.3915,0.0,0.0,2.85643,0.0,0.0,204.75,3.738852292840168,0.0,0.0,7.16625,13.085983024940589,20.252233024940587,8536697,,,0.5188937878499422,Advisory
452204,8474.0,24113.18019,BGD,Bangladesh,Sylhet,4.150737533,3.471776443,0.44,0.78,8474.0,8474.0,0.0,15.0,11.0,3.0,2.0,0.0,1.0,1.1,0.3,0.2,-996.0,0.0,0.0,0.0,0.0,0.0,0.0,0.0,0.0,0.0,0.0,0.0,-996.0,70.0,83.01475066,69.43552886,3.0,2777.125,11.517,2578.312,10.693,532.438,2.208,0.0,0.0,10.0,10.0,7.986569999999999,3.3120000000000003,0.0,0.0,31.29857,0.0,0.0,4782.234375,19.832449876210948,0.0,0.0,35.0,35.0,70.0,14447101,2918234.0,20.2,0.921634198477768,Warning
452205,8475.0,15459.06205,BGD,Bangladesh,Sylhet,4.185825804,3.287015024,0.44,0.78,8475.0,8475.0,0.0,29.0,2.0,-9999.0,-9999.0,0.0,1.0,0.2,-999.9,-999.9,-3997.2,0.0,0.0,0.0,0.0,0.0,0.0,0.0,0.0,0.0,0.0,0.0,-3997.2,70.47939349870487,83.71651608,65.74030048,3.0,2054.375,13.289,1826.5,11.815,583.875,3.777,5.375,0.035,10.0,10.0,8.758125,5.6655,0.134375,0.0875,34.6455,19.40625,0.1255331658032457,1961.859375,12.690675334210733,0.29109375,0.1882997487048685,35.0,35.0,70.47939349870487,10345883,955990.0,9.24,0.9285625977287808,Warning
452300,8480.0,4189.821195,BGD,Bangladesh,Dhaka,4.15790271,4.042542728,0.44,0.78,8480.0,8480.0,0.0,12.0,2.0,-9999.0,-9999.0,0.0,1.0,0.2,-999.9,-999.9,-3997.2,0.0,0.0,0.0,0.0,0.0,0.0,0.0,0.0,0.0,0.0,0.0,-3997.2,11.16829343577953,83.15805420000001,80.85085456,,17.0,0.406,13.375,0.319,0.0,0.0,0.0,0.0,0.13375,0.319,0.0,0.0,0.0,0.0,0.45275,0.0,0.0,94.21875,2.248753481651294,0.0,0.0,3.29765625,7.87063718577953,11.16829343577953,4524323,,,0.3406118962599342,Information
452411,8482.0,3037.698233,BGD,Bangladesh,Khulna,4.040965666,0.0,0.44,0.78,8482.0,8482.0,0.0,30.0,-9999.0,-9999.0,-9999.0,0.0,1.0,-999.9,-999.9,-999.9,-5997.4,0.0,0.0,0.0,0.0,0.0,0.0,0.0,0.0,0.0,0.0,0.0,-5997.4,4.771124022046883,80.81931331999999,0.0,,6.25,0.206,4.0,0.132,0.0,0.0,0.0,0.0,0.04,0.132,0.0,0.0,0.0,0.0,0.172,0.28125,0.0092586550209914,31.640625,1.0415986898615417,0.00421875,0.0138879825314871,1.107421875,3.645595414515396,4.771124022046883,3348365,,,0.0820639103757666,Information
452413,8484.0,1156.069188,BGD,Bangladesh,Rajshahi,3.876372201,0.0,0.44,0.78,8484.0,8484.0,0.0,30.0,-9999.0,-9999.0,-9999.0,0.0,1.0,-999.9,-999.9,-999.9,-5997.4,0.0,0.0,0.0,0.0,0.0,0.0,0.0,0.0,0.0,0.0,0.0,-5997.4,5.224571025107913,77.52744402,0.0,,,,,,,,,,,,,,,,,0.0,0.0,15.46875,1.3380470786022611,0.0,0.0,0.54140625,4.6831647751079135,5.224571025107913,1362664,,,0.0722932698163488,Information
452510,8565.0,179.5463322,BGD,Bangladesh,Rajshahi,4.001919336,0.0,0.44,0.78,8565.0,,,,,,,,,,,,,,,,,,,,,,,,,17.580167752281938,80.03838672,0.0,,2.562,1.427,1.875,1.044,0.0,0.0,0.0,0.0,0.01875,1.044,0.0,0.0,0.0,0.0,1.06275,0.0,0.0,8.859375,4.9343113220805535,0.0,0.0,0.310078125,17.270089627281937,17.580167752281938,101084,,,0.4494545048088578,Advisory
452520,8566.0,17799.8795,BGD,Bangladesh,Rajshahi,4.083940434,0.0,0.44,0.78,8566.0,,,,,,,,,,,,,,,,,,,,,,,,,39.05541024012453,81.67880867999999,0.0,3.0,26.812,0.151,19.625,0.11,0.0,0.0,0.0,0.0,0.19625,0.11,0.0,0.0,0.0,0.0,0.30625,115.734375,0.6501975196540132,664.875,3.735278095898146,1.736015625,0.9752962794810198,23.270625,13.073473335643513,39.05541024012453,18855018,363799.0,1.93,0.7754520107824718,Watch
452530,8567.0,29173.39685,BGD,Bangladesh,Rangpur,4.01638316,0.0,0.44,0.78,8567.0,8567.0,2.0,21.0,92.0,47.0,7.0,7.0,1.0,9.2,4.7,0.7,15.25,0.0,0.0,0.0,0.0,0.0,0.0,0.0,0.0,0.0,0.0,0.0,15.25,60.193581617019206,80.3276632,0.0,3.0,110.125,0.377,89.188,0.306,0.312,0.001,0.0,0.0,0.89188,0.306,0.00468,0.0015,0.0,0.0,1.20406,57.375,0.1966689045115656,2003.625,6.867986645786243,0.860625,0.2950033567673484,35.0,24.03795326025185,60.193581617019206,21166994,1982087.0,9.36,0.8682917216747452,Warning
453111,8643.0,11934.44768,BGD,Bangladesh,Barisal,4.014264714,4.250522736,0.44,0.78,8643.0,,,,,,,,,,,,,,,,,,,,,,,,,40.78696907221398,80.28529428,85.01045472,3.0,36.75,0.308,34.062,0.285,3.0,0.025,1.062,0.009,0.34062,0.285,0.045,0.0375,0.02655,0.0225,0.7571699999999999,93.796875,0.7859339412848819,593.859375,4.9760105457961865,1.406953125,1.1789009119273228,20.785078125,17.416036910286653,40.78696907221398,10070954,216771.0,2.15,0.8415889328653661,Warning
453112,8644.0,2246.524227,BGD,Bangladesh,Dhaka,4.243922434,4.217879677,0.44,0.78,8644.0,,,,,,,,,,,,,,,,,,,,,,,,,48.800280033993005,84.87844867999999,84.35759354,3.0,6.562,0.292,5.438,0.242,0.0,0.0,0.0,0.0,0.05438,0.242,0.0,0.0,0.0,0.0,0.29638,41.34375,1.8403429393286703,297.703125,13.25172109713876,0.62015625,2.7605144089930054,10.419609375,35.0,48.800280033993005,1704927,46560.0,2.73,0.8793241856051306,Warning
453113,8645.0,3634.964915,BGD,Bangladesh,Khulna,3.387116314,4.600992837,0.44,0.78,8645.0,,,,,,,,,,,,,,,,,,,,,,,,,66.33615343319491,67.74232628,92.01985674,3.0,131.125,3.607,111.812,3.076,0.5,0.014,0.0,0.0,1.11812,3.076,0.0075,0.021,0.0,0.0,4.22262,164.953125,4.537956455463275,630.140625,17.335535274450926,2.474296875,6.806934683194913,22.054921875,35.0,66.33615343319491,1320765,238903.0,18.09,0.982903092358868,Warning
453114,8646.0,7654.507724,BGD,Bangladesh,Khulna,4.268729833,4.085391586,0.44,0.78,8646.0,,,,,,,,,,,,,,,,,,,,,,,,,29.883091338611404,85.37459666000001,81.70783172,3.0,45.188,0.59,38.25,0.5,0.0,0.0,0.0,0.0,0.3825,0.5,0.0,0.0,0.0,0.0,0.8825000000000001,107.4375,1.4035847094154352,324.140625,4.234637114139501,1.6115625,2.105377064123153,11.344921875,14.821229899488252,29.883091338611404,8367334,63952.0,0.76,0.7625511221616266,Watch
453115,8647.0,996.0541131,BGD,Bangladesh,Khulna,3.20567129,5.0,0.44,0.78,8647.0,,,,,,,,,,,,,,,,,,,,,,,,,30.567659487068447,64.1134258,100.0,3.0,21.938,2.202,15.25,1.531,0.0,0.0,0.0,0.0,0.1525,1.531,0.0,0.0,0.0,0.0,1.6835,13.640625,1.3694662590125135,73.265625,7.355586813871335,0.204609375,2.05419938851877,2.564296875,25.744553848549675,30.567659487068447,236354,51865.0,21.94,1.0,Warning
453116,8648.0,5347.537476,BGD,Bangladesh,Khulna,4.200653939,4.111023613,0.44,0.78,8648.0,,,,,,,,,,,,,,,,,,,,,,,,,16.505079239596874,84.01307878,82.22047226000001,,37.312,0.698,31.625,0.591,0.0,0.0,0.0,0.0,0.31625,0.591,0.0,0.0,0.0,0.0,0.90725,23.765625,0.4444218503770318,154.125,2.882167739723236,0.356484375,0.6666327755655477,5.394375,10.087587089031326,16.505079239596874,5520610,,,0.5127229850154781,Advisory
453117,8649.0,3549.059606,BGD,Bangladesh,Khulna,4.313714932,4.890229814,0.44,0.78,8649.0,,,,,,,,,,,,,,,,,,,,,,,,,56.655080508924414,86.27429864,97.80459628,3.0,59.688,1.682,55.75,1.571,0.0,0.0,0.0,0.0,0.5575,1.571,0.0,0.0,0.0,0.0,2.1285,90.140625,2.539845339282941,471.234375,13.277725010822367,1.352109375,3.809768008924412,16.493203125,35.0,56.655080508924414,888372,241365.0,27.17,0.9994242230118524,Warning
451005,16160.0,14748.67178,BGD,Bangladesh,Chittagong,4.285285703,4.097916145,0.44,0.78,16160.0,,,,,,,,,,,,,,,,,,,,,,,,,73.22672940939253,85.70571405999999,81.9583229,3.0,63.25,0.429,58.688,0.398,28.312,0.192,53.125,0.36,0.5868800000000001,0.398,0.42468,0.288,1.328125,0.8999999999999999,3.925685,507.375,3.4401402899124336,1072.6875,7.273112564149679,7.610625,5.160210434868651,35.0,25.45589397452388,73.22672940939253,5703202,254954.0,4.47,0.9488391377616388,Warning
452425,8496.0,14913.43901,NPL,Nepal,East,4.026049434,0.0,0.46,0.75,8496.0,8496.0,0.0,30.0,3.0,-9999.0,-9999.0,0.0,1.0,0.3,-999.9,-999.9,-3497.0,0.0,0.0,0.0,0.0,0.0,0.0,0.0,0.0,0.0,0.0,0.0,-3497.0,11.24557953245576,80.52098868,0.0,,,,,,,,,,,,,,,,,1.546875,0.0103723560908739,191.671875,1.285229213805557,0.023203125,0.0155585341363108,6.708515625,4.498302248319449,11.24557953245576,6589784,,,0.2913783784530918,Information
452426,8497.0,18234.9255,NPL,Nepal,Central,4.024722286,0.0,0.46,0.75,8497.0,8497.0,0.0,30.0,2.0,-9999.0,-9999.0,0.0,1.0,0.2,-999.9,-999.9,-2497.05,0.0,0.0,0.0,0.0,0.0,0.0,0.0,0.0,0.0,0.0,0.0,-2497.05,7.545900798149381,80.49444572,0.0,,,,,,,,,,,,,,,,,109.96875,0.6030666261442265,92.109375,0.5051261382665835,1.64953125,0.9045999392163396,3.223828125,1.767941483933042,7.545900798149381,901887,,,0.1711336802586573,Information
452444,8513.0,19550.35627,NPL,Nepal,Far-Western,3.975153536,0.0,0.46,0.75,8513.0,8513.0,0.0,30.0,2.0,2.0,2.0,0.0,1.0,0.2,0.2,0.2,3.2,0.0,0.0,0.0,0.0,0.0,0.0,0.0,0.0,0.0,0.0,0.0,3.2,3.2,79.50307072,0.0,,,,,,,,,,,,,,,,,3.234375,0.0165438161582229,56.671875,0.2898764309462535,0.048515625,0.0248157242373343,1.983515625,1.0145675083118872,3.0714144825492213,4278668,,,0.0316467377247228,Information
452445,8514.0,7350.263695,NPL,Nepal,Far-Western,4.016596119,0.0,0.46,0.75,8514.0,8514.0,0.0,30.0,2.0,2.0,2.0,0.0,1.0,0.2,0.2,0.2,3.2,0.0,0.0,0.0,0.0,0.0,0.0,0.0,0.0,0.0,0.0,0.0,3.2,5.989941509729237,80.33192238,0.0,,,,,,,,,,,,,,,,,28.40625,0.3864657266363567,60.328125,0.8207613699356289,0.42609375,0.579698589954535,2.111484375,2.872664794774701,5.989941509729237,3846321,,,0.1172365095108896,Information
452446,8515.0,13876.2705,NPL,Nepal,Mid-Western,4.091211156,0.0,0.46,0.75,8515.0,8515.0,0.0,30.0,3.0,2.0,2.0,0.0,1.0,0.3,0.2,0.2,3.4,0.0,0.0,0.0,0.0,0.0,0.0,0.0,0.0,0.0,0.0,0.0,3.4,9.7052992465303,81.82422312,0.0,,,,,,,,,,,,,,,,,0.984375,0.0070939450201226,160.734375,1.1583398797143185,0.014765625,0.0106409175301839,5.625703125,4.054189579000115,9.7052992465303,252627,,,0.2651927287649059,Information
452448,8517.0,7412.38003,NPL,Nepal,Far-Western,4.048489092,0.0,0.46,0.75,8517.0,8517.0,0.0,30.0,2.0,2.0,2.0,0.0,1.0,0.2,0.2,0.2,3.2,0.0,0.0,0.0,0.0,0.0,0.0,0.0,0.0,0.0,0.0,0.0,3.2,3.2,80.96978184,0.0,,,,,,,,,,,,,,,,,0.28125,0.0037943278524787,2.8125,0.0379432785247878,0.00421875,0.005691491778718,0.0984375,0.1328014748367573,0.2411492166154753,194234,,,0.0373031366209456,Information
452449,8518.0,22782.36162,NPL,Nepal,Mid-Western,4.025761279,0.0,0.46,0.75,8518.0,8518.0,0.0,30.0,2.0,2.0,2.0,0.0,1.0,0.2,0.2,0.2,3.2,0.0,0.0,0.0,0.0,0.0,0.0,0.0,0.0,0.0,0.0,0.0,3.2,7.602303894516659,80.51522558,0.0,,,,,,,,,,,,,,,,,0.140625,0.0006172538313858,150.890625,0.6623133610770229,0.002109375,0.0009258807470786,5.281171875,2.31809676376958,7.602303894516659,84934,,,0.173305795526659,Information
452436,8506.0,42636.9124,SGP,Singapore,WEST,4.024257933,0.0,0.83,0.24,8506.0,8506.0,0.0,28.0,2.0,2.0,-9999.0,0.0,1.0,0.2,0.2,-999.9,-3328.955555555556,0.0,0.0,0.0,0.0,0.0,0.0,0.0,0.0,0.0,0.0,0.0,-3328.955555555556,29.184202192987826,80.48515866000001,0.0,3.0,15.188,0.036,10.312,0.024,0.0,0.0,0.0,0.0,0.1031199999999999,0.024,0.0,0.0,0.0,0.0,0.1271199999999999,227.390625,0.5333186954841501,577.96875,1.355559578503313,3.410859375,0.7999780432262251,20.22890625,4.744458524761596,29.184202192987826,10234700,99975.0,0.98,0.656324396342419,Watch
452442,8511.0,25370.29055,SGP,Singapore,WEST,3.936563493,0.0,0.83,0.24,8511.0,8511.0,0.0,30.0,2.0,2.0,2.0,0.0,1.0,0.2,0.2,0.2,-1997.0,0.0,0.0,0.0,0.0,0.0,0.0,0.0,0.0,0.0,0.0,0.0,-1997.0,0.5744382390856939,78.73126986,0.0,,,,,,,,,,,,,,,,,3.515625,0.0138572516284721,10.265625,0.0404631747551388,0.052734375,0.0207858774427081,0.359296875,0.1416211116429858,0.5744382390856939,18229940,,,0.0001521564859751,Information
452540,8568.0,23727.59709,BTN,Bhutan,Thimpu,4.04895028,0.0,0.62,0.53,8568.0,8568.0,1.0,9.0,51.0,25.0,17.0,3.0,2.0,5.1,2.5,1.7,28.6,0.0,0.0,0.0,0.0,0.0,0.0,0.0,0.0,0.0,0.0,0.0,28.6,28.6,80.9790056,0.0,,,,,,,,,,,,,,,,,11.953125,0.0503764665014689,298.546875,1.258226333913159,0.179296875,0.0755646997522033,10.449140625,4.403792168696056,15.10779436844826,4362228,,,0.6583130105319923,Watch
458001,9017.0,65646.80778,LKA,Sri Lanka,Matale,4.012742772,0.543319937,0.58,0.58,9017.0,,,,,,,,,,,,,,,,,,,,,,,,,13.585974609873066,80.25485544,10.86639874,,76.25,0.116,69.688,0.106,0.0,0.0,0.0,0.0,0.69688,0.106,0.0,0.0,0.0,0.0,0.80288,166.5,0.2536300021576468,265.5,0.4044370304675989,2.4975,0.3804450032364702,9.2925,1.415529606636596,13.585974609873066,17960868,,,0.354250654641333,Advisory
458002,9018.0,1390.943118,LKA,Sri Lanka,Jaffna,4.011793304,0.0,0.58,0.58,9018.0,,,,,,,,,,,,,,,,,,,,,,,,,8.113231085609709,80.23586608000001,0.0,,6.0,0.431,4.25,0.306,0.0,0.0,0.0,0.0,0.0425,0.306,0.0,0.0,0.0,0.0,0.3485,18.140625,1.3041960353706918,20.53125,1.47606683072962,0.272109375,1.956294053056037,0.71859375,5.166233907553671,8.113231085609709,616954,,,0.1866329033292735,Information
461609,9077.0,4664.10072,TJK,Tajikistan,Leninabad,4.161061448,0.0,0.5,0.69,9077.0,9077.0,1.0,25.0,43.0,9.0,-9999.0,3.0,1.0,4.3,0.9,-999.9,-1981.4,0.0,0.0,0.0,0.0,0.0,0.0,0.0,0.0,0.0,0.0,0.0,-1981.4,0.7980447709163472,83.22122895999999,0.0,,,,,,,,,,,,,,,,,0.84375,0.0180903040193799,6.890625,0.1477374828249364,0.01265625,0.0271354560290698,0.241171875,0.5170811898872774,0.7980447709163472,41526,,,0.0011606772064622,Information
461801,9112.0,2089.017937,TJK,Tajikistan,Khatlon,1.918316758,0.0,0.5,0.69,9112.0,,,,,,,,,,,,,,,,,,,,,,,,,6.054584209936665,38.36633516,0.0,,1.25,0.06,1.25,0.06,0.625,0.03,0.25,0.012,0.0125,0.06,0.009375,0.045,0.00625,0.03,0.163125,1.828125,0.0875112160338395,29.109375,1.3934478245388302,0.027421875,0.1312668240507592,1.018828125,4.877067385885906,6.054584209936665,250467,,,0.0101598265104515,Information
461805,9116.0,3097.00262,TJK,Tajikistan,Tadzhikistan Territories,4.198474432,0.0,0.5,0.69,9116.0,,,,,,,,,,,,,,,,,,,,,,,,,9.984896632248171,83.96948864000001,0.0,,4.562,0.147,4.562,0.147,2.188,0.071,1.625,0.052,0.04562,0.147,0.03282,0.1064999999999999,0.040625,0.13,0.5025649999999999,10.40625,0.3360103712247557,63.0,2.03422495011744,0.15609375,0.5040155568371335,2.205,7.119787325411039,9.984896632248171,313964,,,0.3179566921114412,Information
461807,9118.0,7162.606967,TJK,Tajikistan,Tadzhikistan Territories,4.090774337,0.0,0.5,0.69,9118.0,9118.0,1.0,26.0,52.0,19.0,9.0,3.0,1.0,5.2,1.9,0.9,24.0,0.0,0.0,0.0,0.0,0.0,0.0,0.0,0.0,0.0,0.0,0.0,24.0,24.0,81.81548674,0.0,,,,,,,,,,,,,,,,,1.6875,0.0235598575748387,18.5625,0.2591584333232266,0.0253125,0.035339786362258,0.6496875,0.907054516631293,1.6173943029935511,241212,,,0.609295570178797,Watch
461808,9119.0,6894.40851,TJK,Tajikistan,Gorno-Badakhshan,4.003496004,0.0,0.5,0.69,9119.0,9119.0,1.0,26.0,52.0,27.0,13.0,3.0,1.0,5.2,2.7,1.3,46.0,0.0,0.0,0.0,0.0,0.0,0.0,0.0,0.0,0.0,0.0,0.0,46.0,46.0,80.06992007999999,0.0,,,,,,,,,,,,,,,,,0.0,0.0,54.140625,0.7852831017787091,0.0,0.0,1.894921875,2.748490856225482,4.643412731225482,12065,,,0.7985382077119837,Watch
461900,9121.0,4470.141621,TJK,Tajikistan,Gorno-Badakhshan,4.19050847,0.0,0.5,0.69,9121.0,9121.0,2.0,30.0,78.0,52.0,27.0,7.0,1.0,7.8,5.2,2.7,-628.5999999999999,0.0,0.0,0.0,0.0,0.0,0.0,0.0,0.0,0.0,0.0,0.0,-628.5999999999999,1.7958127149562504,83.8101694,0.0,,28.562,0.639,26.25,0.587,6.25,0.14,4.812,0.108,0.2625,0.587,0.09375,0.21,0.1203,0.27,1.54355,1.546875,0.0346046083384505,15.1875,0.3397543364138785,0.023203125,0.0519069125076757,0.5315625,1.1891401774485746,1.7958127149562504,239,,,0.0139416058159536,Information
461964,9130.0,13719.60198,TJK,Tajikistan,Gorno-Badakhshan,4.379543594,0.0,0.5,0.69,9130.0,,,,,,,,,,,,,,,,,,,,,,,,,1.1183719144420463,87.59087188000001,0.0,,8.75,0.064,8.5,0.062,0.0,0.0,0.0,0.0,0.085,0.062,0.0,0.0,0.0,0.0,0.147,0.140625,0.0010249932922653,18.421875,0.1342741212867567,0.002109375,0.0015374899383979,0.644765625,0.4699594245036484,1.1183719144420463,75322,,,0.0080518154022528,Information
461965,9131.0,6782.609889,TJK,Tajikistan,Gorno-Badakhshan,4.263605654,0.0,0.5,0.69,9131.0,,,,,,,,,,,,,,,,,,,,,,,,,1.9607359722925644,85.27211308,0.0,,3.188,0.047,3.188,0.047,0.812,0.012,0.0,0.0,0.03188,0.047,0.01218,0.018,0.0,0.0,0.10906,0.0,0.0,22.640625,0.3338040277978755,0.0,0.0,0.792421875,1.1683140972925643,1.9607359722925644,53834,,,0.0218778881659813,Information
461990,9138.0,19821.75416,TJK,Tajikistan,Gorno-Badakhshan,4.227023676,0.0,0.5,0.69,9138.0,,,,,,,,,,,,,,,,,,,,,,,,,2.19173,84.54047352,0.0,,181.688,0.917,134.0,0.676,5.562,0.028,1.312,0.007,1.34,0.676,0.08343,0.042,0.0328,0.0175,2.19173,5.484375,0.0276684644322752,30.515625,0.1539501738924033,0.082265625,0.0415026966484128,1.068046875,0.5388256086234116,1.7306408052718243,15146,,,0.0253781628090823,Information
462175,9165.0,23702.63551,TJK,Tajikistan,Leninabad,4.018004468,0.0,0.5,0.69,9165.0,,,,,,,,,,,,,,,,,,,,,,,,,19.85041801070829,80.36008936,0.0,,5.125,0.022,4.625,0.02,16.438,0.069,12.438,0.052,0.04625,0.02,0.2465699999999999,0.1035,0.31095,0.13,0.8572700000000001,57.234375,0.2414684011315311,374.34375,1.5793338668602848,0.858515625,0.3622026016972966,13.10203125,5.527668534010997,19.85041801070829,3319462,,,0.5042531676961536,Advisory
461809,9120.0,8373.696223,KGZ,Kyrgyzstan,Osh,4.0314887,0.0,0.55,0.63,9120.0,9120.0,1.0,25.0,52.0,19.0,5.0,3.0,1.0,5.2,1.9,0.5,22.7,0.0,0.0,0.0,0.0,0.0,0.0,0.0,0.0,0.0,0.0,0.0,22.7,22.7,80.629774,0.0,,,,,,,,,,,,,,,,,,,,,,,,,,46483,,,0.5630189295278077,Advisory
462172,9162.0,13326.02918,KGZ,Kyrgyzstan,Jalal-Abad,2.61362559,0.0,0.55,0.63,9162.0,9162.0,1.0,14.0,47.0,-9999.0,-9999.0,3.0,1.0,4.7,-999.9,-999.9,-3312.8,0.0,0.0,0.0,0.0,0.0,0.0,0.0,0.0,0.0,0.0,0.0,-3312.8,6.582092678039428,52.2725118,0.0,,2.25,0.017,2.25,0.017,5.125,0.038,2.625,0.02,0.0225,0.017,0.076875,0.0569999999999999,0.065625,0.05,0.289,0.0,0.0,107.4375,0.8062229080112652,0.0,0.0,3.7603125,2.821780178039428,6.582092678039428,3326101,,,0.0237869596671596,Information
462179,9169.0,5928.296822,KGZ,Kyrgyzstan,Jalal-Abad,1.165553509,0.0,0.55,0.63,9169.0,,,,,,,,,,,,,,,,,,,,,,,,,1.8910630867103724,23.31107018,0.0,,1.812,0.031,1.812,0.031,1.5,0.025,1.625,0.027,0.01812,0.031,0.0225,0.0375,0.040625,0.0675,0.217245,0.0,0.0,20.109375,0.3392099890601064,0.0,0.0,0.703828125,1.1872349617103723,1.8910630867103724,1460713,,,0.0001066929377266,Information
462180,9170.0,28664.07846,KGZ,Kyrgyzstan,Osh,4.017272988,0.0,0.55,0.63,9170.0,,,,,,,,,,,,,,,,,,,,,,,,,12.00988437278703,80.34545976000001,0.0,,1.625,0.006,1.625,0.006,1.125,0.004,3.062,0.011,0.01625,0.006,0.016875,0.006,0.0765499999999999,0.0274999999999999,0.149175,57.09375,0.1991822276082341,229.921875,0.8021254732499082,0.85640625,0.2987733414123511,8.047265625,2.807439156374679,12.00988437278703,4783597,,,0.311155271275594,Information
462191,9171.0,16028.63058,KGZ,Kyrgyzstan,Jalal-Abad,4.008958799,0.0,0.55,0.63,9171.0,,,,,,,,,,,,,,,,,,,,,,,,,2.885311333472872,80.17917598,0.0,,2.375,0.015,2.375,0.015,1.375,0.009,0.688,0.004,0.02375,0.015,0.020625,0.0134999999999999,0.0171999999999999,0.01,0.1000749999999999,0.984375,0.0061413543405699,50.34375,0.3140864077034335,0.014765625,0.0092120315108548,1.76203125,1.0993024269620173,2.885311333472872,1323473,,,0.0269835660300827,Information
462194,9174.0,5865.780071,KGZ,Kyrgyzstan,Naryn,2.965395089,0.0,0.55,0.63,9174.0,,,,,,,,,,,,,,,,,,,,,,,,,0.15712,59.30790178,0.0,,14.125,0.241,5.812,0.099,0.0,0.0,0.0,0.0,0.05812,0.099,0.0,0.0,0.0,0.0,0.15712,,,,,,,,,,9536,,,1.3739887966882109e-08,Information
462196,9176.0,5559.678926,KGZ,Kyrgyzstan,Naryn,4.02380334,0.0,0.55,0.63,9176.0,,,,,,,,,,,,,,,,,,,,,,,,,0.10875,80.4760668,0.0,,4.688,0.084,3.875,0.07,0.0,0.0,0.0,0.0,0.03875,0.07,0.0,0.0,0.0,0.0,0.10875,,,,,,,,,,47701,,,1.0495258498547165e-07,Information
462197,9177.0,5338.261501,KGZ,Kyrgyzstan,Naryn,4.337616772,0.0,0.55,0.63,9177.0,,,,,,,,,,,,,,,,,,,,,,,,,1.880868850873942,86.75233544,0.0,,42.812,0.802,27.812,0.521,2.625,0.049,2.5,0.047,0.27812,0.521,0.039375,0.0735,0.0625,0.1175,1.091995,0.0,0.0,18.703125,0.3503598502496977,0.0,0.0,0.654609375,1.2262594758739418,1.880868850873942,68197,,,0.0254639113413651,Information
462199,9179.0,5558.918668,KGZ,Kyrgyzstan,Ysyk-Köl,4.031877818,0.0,0.55,0.63,9179.0,,,,,,,,,,,,,,,,,,,,,,,,,2.2867977618260493,80.63755635999999,0.0,,19.0,0.342,13.75,0.247,0.0,0.0,0.5,0.009,0.1375,0.247,0.0,0.0,0.0125,0.0225,0.4195,0.0,0.0,23.34375,0.4199332890931569,0.0,0.0,0.81703125,1.4697665118260492,2.2867977618260493,2084,,,0.0163322578814258,Information
462618,9237.0,4106.792309,KGZ,Kyrgyzstan,Chry,1.459825581,0.0,0.55,0.63,9237.0,,,,,,,,,,,,,,,,,,,,,,,,,3.2315745974409524,29.196511620000003,0.0,,5.312,0.129,4.438,0.108,1.5,0.037,0.438,0.011,0.0443799999999999,0.108,0.0225,0.0554999999999999,0.01095,0.0274999999999999,0.2688299999999999,0.703125,0.0171210265130116,26.578125,0.6471748021918386,0.010546875,0.0256815397695173,0.930234375,2.265111807671435,3.2315745974409524,191871,,,0.0010111462710872,Information
462619,9238.0,22256.89299,KGZ,Kyrgyzstan,Chry,4.016089212,0.0,0.55,0.63,9238.0,,,,,,,,,,,,,,,,,,,,,,,,,3.1111241338548896,80.32178424,0.0,,14.0,0.063,11.5,0.052,1.562,0.007,6.812,0.031,0.115,0.052,0.02343,0.0105,0.1703,0.0775,0.4487300000000001,1.6875,0.0075819208033139,60.609375,0.2723173221856911,0.0253125,0.0113728812049708,2.121328125,0.9531106276499188,3.1111241338548896,1727489,,,0.0325531068125748,Information
462620,9239.0,21966.33845,KGZ,Kyrgyzstan,Ysyk-Köl,4.272138792,0.0,0.55,0.63,9239.0,,,,,,,,,,,,,,,,,,,,,,,,,4.773307473652457,85.44277584,0.0,,29.625,0.135,21.188,0.096,0.375,0.002,0.75,0.003,0.2118799999999999,0.096,0.005625,0.003,0.01875,0.0075,0.342755,5.0625,0.0230466266029961,91.546875,0.4167598310708464,0.0759375,0.0345699399044941,3.204140625,1.4586594087479623,4.773307473652457,401567,,,0.1324149434566467,Information
482702,9577.0,46478.38085,KGZ,Kyrgyzstan,Ysyk-Köl,1.957866836,0.0,0.55,0.63,9577.0,9577.0,1.0,30.0,49.0,19.0,11.0,3.0,1.0,4.9,1.9,1.1,23.8,0.0,0.0,0.0,0.0,0.0,0.0,0.0,0.0,0.0,0.0,0.0,23.8,23.8,39.15733672,0.0,,126.188,0.271,75.25,0.162,0.312,0.001,0.188,0.0,0.7525,0.162,0.00468,0.0015,0.0046999999999999,0.0,0.92538,4.921875,0.0105896008212854,44.578125,0.0959115274384999,0.073828125,0.0158844012319281,1.560234375,0.3356903460347497,1.985637247266678,1257764,,,0.1739666226325794,Information
511111,9704.0,13879.373,IDN,Indonesia,Bengkulu,4.200504534,0.320951788,0.56,0.61,9704.0,,,,,,,,,,,,,,,,,,,,,,,,,2.536787226805252,84.01009068,6.41903576,,36.0,0.259,34.0,0.245,0.75,0.005,0.0,0.0,0.34,0.245,0.01125,0.0075,0.0,0.0,0.6037499999999999,6.75,0.0486333208265637,39.234375,0.2826811773044018,0.10125,0.0729499812398455,1.373203125,0.9893841205654064,2.536787226805252,1285980,,,0.0328064238202173,Information
511112,9705.0,2372.414089,IDN,Indonesia,Bengkulu,1.986690521,0.0,0.56,0.61,9705.0,9705.0,1.0,1.0,100.0,-9999.0,-9999.0,3.0,10.0,10.0,-999.9,-999.9,-3953.6,0.0,0.0,0.0,0.0,0.0,0.0,0.0,0.0,0.0,0.0,0.0,-3953.6,5.016289465777888,39.733810420000005,0.0,,,,,,,,,,,,,,,,,1.125,0.0474200522313203,27.0,1.1380812535516878,0.016875,0.0711300783469804,0.945,3.983284387430907,5.016289465777888,145933,,,0.0064579330553982,Information
511113,9706.0,7493.241466,IDN,Indonesia,Bengkulu,4.050541526,1.018435299,0.56,0.61,9706.0,,,,,,,,,,,,,,,,,,,,,,,,,4.418838797841404,81.01083052,20.36870598,,11.0,0.147,11.0,0.147,0.125,0.002,0.0,0.0,0.11,0.147,0.001875,0.003,0.0,0.0,0.261875,18.5625,0.247723232774937,46.125,0.6155546996225709,0.2784375,0.3715848491624055,1.614375,2.1544414486789982,4.418838797841404,225249,,,0.072421395680785,Information
511115,9708.0,7574.154869,IDN,Indonesia,Sumatera Barat,4.192262141,3.180538717,0.56,0.61,9708.0,,,,,,,,,,,,,,,,,,,,,,,,,2.040939437791081,83.84524282,63.610774340000006,,46.188,0.61,39.438,0.521,0.625,0.008,0.0,0.0,0.39438,0.521,0.009375,0.012,0.0,0.0,0.936755,12.375,0.1633845651888332,19.828125,0.2617866328593805,0.185625,0.2450768477832498,0.693984375,0.9162532150078316,2.040939437791081,2147783,,,0.0192822246616194,Information
511117,9710.0,296.9855893,IDN,Indonesia,Sumatera Barat,3.756443216,2.022655294,0.56,0.61,9710.0,,,,,,,,,,,,,,,,,,,,,,,,,0.7254400000000001,75.12886432,40.45310588,,2.562,0.863,1.812,0.61,0.188,0.063,0.0,0.0,0.01812,0.61,0.00282,0.0945,0.0,0.0,0.7254400000000001,,,,,,,,,,76013,,,0.0002041308958802,Information
511118,9711.0,1551.426882,IDN,Indonesia,Sumatera Barat,4.001855708,0.0,0.56,0.61,9711.0,,,,,,,,,,,,,,,,,,,,,,,,,0.1832335117925445,80.03711416,0.0,,2.312,0.149,2.312,0.149,0.0,0.0,0.0,0.0,0.0231199999999999,0.149,0.0,0.0,0.0,0.0,0.17212,0.0,0.0,0.703125,0.045321181940727,0.0,0.0,0.024609375,0.1586241367925445,0.1832335117925445,136034,,,1.360237182866563e-06,Information
511119,9712.0,4720.113151,IDN,Indonesia,Sumatera Utara,4.056216668,1.741625714,0.56,0.61,9712.0,,,,,,,,,,,,,,,,,,,,,,,,,3.442634612493226,81.12433336000001,34.83251428,,13.188,0.279,10.188,0.216,0.062,0.001,0.0,0.0,0.10188,0.216,0.0009299999999999,0.0015,0.0,0.0,0.32031,9.28125,0.1966319387573923,27.5625,0.583937272673468,0.13921875,0.2949479081360884,0.9646875,2.0437804543571376,3.442634612493226,221389,,,0.044411759854892,Information
511130,9714.0,8742.108357,IDN,Indonesia,Sumatera Utara,4.054432407,2.145336628,0.56,0.61,9714.0,,,,,,,,,,,,,,,,,,,,,,,,,2.8414901411087623,81.08864814,42.90673256,,52.375,0.599,26.312,0.301,1.75,0.02,0.0,0.0,0.26312,0.301,0.02625,0.03,0.0,0.0,0.62037,20.109375,0.2300288920992605,29.25,0.3345874794171062,0.301640625,0.3450433381488907,1.02375,1.1710561779598718,2.8414901411087623,1059769,,,0.029017480002088,Information
511151,9716.0,8123.214267,IDN,Indonesia,Aceh,4.194544485,3.306817514,0.56,0.61,9716.0,,,,,,,,,,,,,,,,,,,,,,,,,1.37888717135397,83.8908897,66.13635028,,24.125,0.297,19.875,0.245,3.625,0.045,0.0,0.0,0.19875,0.245,0.054375,0.0675,0.0,0.0,0.565625,1.828125,0.0225049461947704,16.875,0.2077379648748041,0.027421875,0.0337574192921556,0.590625,0.7270828770618143,1.37888717135397,344993,,,0.0069835544505863,Information
511153,9718.0,23748.59604,IDN,Indonesia,Aceh,4.190456133,3.20946854,0.56,0.61,9718.0,,,,,,,,,,,,,,,,,,,,,,,,,16.128008649199444,83.80912265999999,64.1893708,,86.188,0.363,63.312,0.267,4.938,0.021,0.0,0.0,0.63312,0.267,0.07407,0.0315,0.0,0.0,1.00569,64.265625,0.2706081019836621,296.71875,1.249415963206843,0.963984375,0.4059121529754931,10.38515625,4.37295587122395,16.128008649199444,2913790,,,0.4984479076880089,Advisory
511155,9720.0,3596.288387,IDN,Indonesia,Aceh,4.262891255,4.029781162,0.56,0.61,9720.0,,,,,,,,,,,,,,,,,,,,,,,,,46.24053284597234,85.2578251,80.59562324,3.0,40.312,1.121,35.875,0.998,3.062,0.085,0.0,0.0,0.35875,0.998,0.04593,0.1275,0.0,0.0,1.53018,109.265625,3.038288736642197,302.625,8.414925818859727,1.638984375,4.557433104963296,10.591875,29.452240366009043,46.24053284597234,462052,25068.0,5.43,0.873510662417879,Warning
511157,9722.0,3553.096729,IDN,Indonesia,Sumatera Utara,4.084345634,4.029938912,0.56,0.61,9722.0,,,,,,,,,,,,,,,,,,,,,,,,,22.03021549921637,81.68691268,80.59877824,,6.75,0.19,6.75,0.19,0.0,0.0,0.0,0.0,0.0675,0.19,0.0,0.0,0.0,0.0,0.2575,1.125,0.0316625210600757,164.53125,4.630643705036073,0.016875,0.0474937815901135,5.75859375,16.207252967626257,22.03021549921637,472093,,,0.5733066478041039,Advisory
511159,9724.0,12140.83473,IDN,Indonesia,Sumatera Utara,4.032703754,4.002401918,0.56,0.61,9724.0,,,,,,,,,,,,,,,,,,,,,,,,,26.054354210530867,80.65407508,80.04803836,3.0,26.625,0.219,22.375,0.184,0.375,0.003,0.0,0.0,0.22375,0.184,0.005625,0.0045,0.0,0.0,0.417875,52.734375,0.4343554309586175,385.59375,3.176006911169412,0.791015625,0.6515331464379263,13.49578125,11.116024189092942,26.054354210530867,7604902,243569.0,3.2,0.6170351127678073,Watch
511160,9725.0,5644.885592,IDN,Indonesia,Sumatera Utara,4.219597661,1.533668748,0.56,0.61,9725.0,9725.0,1.0,1.0,100.0,-9999.0,-9999.0,3.0,10.0,10.0,-999.9,-999.9,-3953.6,0.0,0.0,0.0,0.0,0.0,0.0,0.0,0.0,0.0,0.0,0.0,-3953.6,2.8996976616409063,84.39195322,30.67337496,,21.312,0.378,17.0,0.301,0.688,0.012,0.0,0.0,0.17,0.301,0.01032,0.018,0.0,0.0,0.49932,3.796875,0.0672622135272909,28.265625,0.5007298118142772,0.056953125,0.1008933202909363,0.989296875,1.7525543413499702,2.8996976616409063,635161,,,0.0461701136982414,Information
511170,9726.0,8502.914917,IDN,Indonesia,Sumatera Utara,4.061254884,4.104584633,0.56,0.61,9726.0,,,,,,,,,,,,,,,,,,,,,,,,,0.618139111105525,81.22509768,82.09169266,,6.812,0.08,5.188,0.061,0.25,0.003,0.0,0.0,0.0518799999999999,0.061,0.00375,0.0045,0.0,0.0,0.12113,10.40625,0.1223845010980636,3.65625,0.0429999598452656,0.15609375,0.1835767516470954,0.12796875,0.1504998594584295,0.618139111105525,934891,,,0.0003809101158236,Information
511200,9729.0,19271.70382,IDN,Indonesia,Riau,3.331264922,0.0,0.56,0.61,9729.0,,,,,,,,,,,,,,,,,,,,,,,,,1.230305338544936,66.62529844,0.0,,77.812,0.404,25.438,0.132,0.0,0.0,0.0,0.0,0.25438,0.132,0.0,0.0,0.0,0.0,0.38638,35.296875,0.1831538888451024,8.015625,0.0415927157935093,0.529453125,0.2747308332676536,0.280546875,0.1455745052772825,1.230305338544936,2034456,,,0.0004825020168796,Information
511300,9730.0,6702.008111,IDN,Indonesia,Riau,4.024647927,4.202876133,0.56,0.61,9730.0,,,,,,,,,,,,,,,,,,,,,,,,,1.906,80.49295854,84.05752266,,100.562,1.5,74.25,1.108,1.5,0.022,0.0,0.0,0.7425,1.108,0.0225,0.033,0.0,0.0,1.906,8.578125,0.1279933545011012,1.6875,0.0251790205575936,0.128671875,0.1919900317516518,0.0590625,0.0881265719515776,0.4678509787032294,345817,,,0.0168358966002892,Information
511303,9733.0,156.8936088,IDN,Indonesia,Riau,4.084275919,4.247033175,0.56,0.61,9733.0,,,,,,,,,,,,,,,,,,,,,,,,,0.409666734317971,81.68551838,84.9406635,,0.188,0.12,0.188,0.12,0.0,0.0,0.0,0.0,0.00188,0.12,0.0,0.0,0.0,0.0,0.12188,0.421875,0.2688924062119807,0.0,0.0,0.006328125,0.403338609317971,0.0,0.0,0.409666734317971,22393,,,0.0001564317458536,Information
511304,9734.0,2603.87582,IDN,Indonesia,Riau,4.042132526,4.028969625,0.56,0.61,9734.0,,,,,,,,,,,,,,,,,,,,,,,,,0.2348364342390432,80.84265051999999,80.57939250000001,,5.438,0.209,3.062,0.118,0.188,0.007,0.0,0.0,0.0306199999999999,0.118,0.00282,0.0105,0.0,0.0,0.16194,3.234375,0.1242138728260288,0.0,0.0,0.048515625,0.1863208092390432,0.0,0.0,0.2348364342390432,29073,,,5.373953721813962e-06,Information
511305,9735.0,53.01602723,IDN,Indonesia,Riau,2.735656795,4.205027325,0.56,0.61,9735.0,,,,,,,,,,,,,,,,,,,,,,,,,0.35588,54.713135900000005,84.1005465,,0.188,0.354,0.188,0.354,0.0,0.0,0.0,0.0,0.00188,0.354,0.0,0.0,0.0,0.0,0.35588,,,,,,,,,,4198,,,7.250982966045478e-05,Information
511306,9736.0,11670.6098,IDN,Indonesia,Riau,4.079174646,2.074316988,0.56,0.61,9736.0,,,,,,,,,,,,,,,,,,,,,,,,,0.8199167654620391,81.58349292,41.48633976,,23.938,0.205,14.188,0.122,0.0,0.0,0.0,0.0,0.14188,0.122,0.0,0.0,0.0,0.0,0.26388,0.5625,0.0048197995600259,12.375,0.1060355903205715,0.0084375,0.0072296993400388,0.433125,0.3711245661220002,0.8199167654620391,1939781,,,0.0009297526684991,Information
511307,9737.0,2899.221227,IDN,Indonesia,Riau,3.324311057,4.06643477,0.56,0.61,9737.0,,,,,,,,,,,,,,,,,,,,,,,,,2.1460448346728835,66.48622114,81.3286954,,64.812,2.236,41.938,1.447,0.0,0.0,0.0,0.0,0.41938,1.447,0.0,0.0,0.0,0.0,1.86638,25.59375,0.8827801673774484,2.8125,0.0970088096019174,0.38390625,1.3241702510661726,0.0984375,0.3395308336067109,2.1460448346728835,15163,,,0.0152567010043224,Information
511308,9738.0,1168.890857,IDN,Indonesia,Riau,0.0,3.293906385,0.56,0.61,9738.0,,,,,,,,,,,,,,,,,,,,,,,,,2.42707,0.0,65.87812770000001,,68.562,5.866,24.0,2.053,0.938,0.08,0.0,0.0,0.24,2.053,0.01407,0.12,0.0,0.0,2.42707,,,,,,,,,,0,,,0.0041056726168236,Information
511400,9740.0,20434.55033,IDN,Indonesia,Riau,4.02582239,3.201859555,0.56,0.61,9740.0,,,,,,,,,,,,,,,,,,,,,,,,,0.7539921777719651,80.51644780000001,64.0371911,,28.812,0.141,16.125,0.079,2.0,0.01,0.0,0.0,0.16125,0.079,0.03,0.015,0.0,0.0,0.28525,28.828125,0.1410754067868136,2.109375,0.0103225907404985,0.432421875,0.2116131101802204,0.073828125,0.0361290675917447,0.7539921777719651,2109150,,,0.0005730931750401,Information
511501,9741.0,5913.07241,IDN,Indonesia,Riau,4.092900747,4.042951607,0.56,0.61,9741.0,,,,,,,,,,,,,,,,,,,,,,,,,7.873559200972584,81.85801494,80.85903214,,19.875,0.336,17.875,0.302,0.0,0.0,0.0,0.0,0.17875,0.302,0.0,0.0,0.0,0.0,0.48075,6.046875,0.1022628268525936,81.0,1.3698462387696269,0.090703125,0.1533942402788904,2.835,4.794461835693694,7.873559200972584,276939,,,0.2019380665810484,Information
511503,9743.0,394.2975414,IDN,Indonesia,Riau,3.794750517,4.051471349,0.56,0.61,9743.0,,,,,,,,,,,,,,,,,,,,,,,,,5.449428335727592,75.89501034,81.02942698,,1.312,0.333,0.875,0.222,0.0,0.0,0.0,0.0,0.00875,0.222,0.0,0.0,0.0,0.0,0.23075,0.0,0.0,5.90625,1.4979170244935975,0.0,0.0,0.20671875,5.242709585727591,5.449428335727592,8776,,,0.1061294134684973,Information
511504,9744.0,17479.12644,IDN,Indonesia,Riau,3.851277984,1.751885076,0.56,0.61,9744.0,9744.0,0.0,2.0,-9999.0,-9999.0,-9999.0,0.0,9.0,-999.9,-999.9,-999.9,-5981.4,0.0,0.0,0.0,0.0,0.0,0.0,0.0,0.0,0.0,0.0,0.0,-5981.4,2.1422468404388604,77.02555968,35.03770152,,,,,,,,,,,,,,,,,10.125,0.0579262358220825,34.59375,0.1979146390587819,0.151875,0.0868893537331237,1.21078125,0.6927012367057367,2.1422468404388604,2569854,,,0.0088334334428665,Information
511509,9749.0,4030.43224,IDN,Indonesia,Jambi,4.089335756,4.005916501,0.56,0.61,9749.0,,,,,,,,,,,,,,,,,,,,,,,,,1.326634395094054,81.78671512,80.11833002,,3.188,0.079,3.188,0.079,0.0,0.0,0.0,0.0,0.03188,0.079,0.0,0.0,0.0,0.0,0.11088,1.125,0.0279126389695661,10.40625,0.2581919104684871,0.016875,0.0418689584543491,0.36421875,0.9036716866397048,1.326634395094054,249347,,,0.0044028603908181,Information
511601,9750.0,5544.81664,IDN,Indonesia,Jambi,4.008747024,2.185708315,0.56,0.61,9750.0,9750.0,0.0,10.0,-9999.0,-9999.0,-9999.0,0.0,1.0,-999.9,-999.9,-999.9,-5997.4,0.0,0.0,0.0,0.0,0.0,0.0,0.0,0.0,0.0,0.0,0.0,-5997.4,6.899204191041151,80.17494048,43.7141663,,240.938,4.345,204.188,3.682,0.0,0.0,0.0,0.0,2.04188,3.682,0.0,0.0,0.0,0.0,5.723879999999999,2.953125,0.0532592002924938,69.046875,1.245250825886403,0.044296875,0.0798888004387406,2.416640625,4.35837789060241,6.899204191041151,1342489,,,0.145589052882761,Information
511603,9752.0,1256.675576,IDN,Indonesia,Jambi,4.120080111,0.0,0.56,0.61,9752.0,9752.0,0.0,9.0,-9999.0,-9999.0,-9999.0,0.0,2.0,-999.9,-999.9,-999.9,-5995.4,0.0,0.0,0.0,0.0,0.0,0.0,0.0,0.0,0.0,0.0,0.0,-5995.4,3.829332645888754,82.40160222,0.0,,,,,,,,,,,,,,,,,5.203125,0.4140388417693549,9.984375,0.7945069666384919,0.078046875,0.6210582626540324,0.349453125,2.7807743832347214,3.829332645888754,39818,,,0.0636149191475279,Information
511700,9759.0,21321.01217,IDN,Indonesia,Sumatera Selatan,4.006001809,4.007714473,0.56,0.61,9759.0,,,,,,,,,,,,,,,,,,,,,,,,,15.307656691792197,80.12003618,80.15428946,,70.062,0.329,43.688,0.205,0.0,0.0,0.0,0.0,0.43688,0.205,0.0,0.0,0.0,0.0,0.64188,69.609375,0.3264825067391548,267.890625,1.25646298048099,1.044140625,0.4897237601087322,9.376171875,4.397620431683465,15.307656691792197,982783,,,0.3975727645333027,Advisory
515011,9778.0,24471.80992,IDN,Indonesia,Jawa Tengah,4.011798154,0.4480945,0.56,0.61,9778.0,,,,,,,,,,,,,,,,,,,,,,,,,24.62247242448461,80.23596308,8.96189,,79.625,0.325,67.625,0.276,1.062,0.004,0.0,0.0,0.67625,0.276,0.01593,0.006,0.0,0.0,0.97418,155.671875,0.6361273460502381,432.703125,1.7681696872597856,2.335078125,0.9541910190753572,15.144609375,6.18859390540925,24.62247242448461,18064484,,,0.5869848150890333,Advisory
515013,9780.0,26441.89944,IDN,Indonesia,Jawa Barat,4.003546545,2.56656962,0.56,0.61,9780.0,9780.0,0.0,5.0,-9999.0,-9999.0,-9999.0,0.0,6.0,-999.9,-999.9,-999.9,-5987.4,0.0,0.0,0.0,0.0,0.0,0.0,0.0,0.0,0.0,0.0,0.0,-5987.4,28.60697659703597,80.0709309,51.3313924,3.0,72.0,0.272,69.188,0.262,0.0,0.0,0.0,0.0,0.69188,0.262,0.0,0.0,0.0,0.0,0.95388,245.53125,0.928568881960287,487.828125,1.844905756884442,3.68296875,1.3928533229404303,17.073984375,6.457170149095547,28.60697659703597,47848752,1072852.0,2.24,0.6411263847966034,Watch
515015,9782.0,30487.84322,IDN,Indonesia,Jawa Tengah,4.067899306,3.099236101,0.56,0.61,9782.0,,,,,,,,,,,,,,,,,,,,,,,,,64.85251906452082,81.35798612,61.98472201999999,3.0,75.562,0.248,67.125,0.22,1.062,0.003,0.0,0.0,0.67125,0.22,0.01593,0.0045,0.0,0.0,0.91168,648.5625,2.1272823244724326,1475.015625,4.838045165089191,9.7284375,3.190923486708649,35.0,16.93315807781217,64.85251906452082,31676698,1075550.0,3.4,0.8937458573232756,Warning
515016,9783.0,15870.86058,IDN,Indonesia,Jawa Timur,3.023934129,0.008849978,0.56,0.61,9783.0,,,,,,,,,,,,,,,,,,,,,,,,,35.55942493661095,60.478682580000005,0.17699956,,115.625,0.729,103.25,0.651,9.0,0.057,0.0,0.0,1.0325,0.651,0.135,0.0855,0.0,0.0,1.904,120.796875,0.7611236606719617,571.5,3.600938948743716,1.811953125,1.1416854910079426,20.0025,12.603286320603004,35.55942493661095,12190040,,,0.4579359893680392,Advisory
515017,9784.0,1954.190782,IDN,Indonesia,Jawa Timur,4.020651844,3.567581649,0.56,0.61,9784.0,,,,,,,,,,,,,,,,,,,,,,,,,11.67765380191539,80.41303687999999,71.35163298,,23.938,1.225,22.062,1.129,0.625,0.032,0.0,0.0,0.22062,1.129,0.009375,0.048,0.0,0.0,1.406995,15.046875,0.7699798369649701,48.09375,2.4610570489908388,0.225703125,1.1549697554474552,1.68328125,8.613699671467936,11.67765380191539,6362954,,,0.3025127732715376,Information
515018,9785.0,11150.76603,IDN,Indonesia,Jawa Timur,3.333979687,2.606788931,0.56,0.61,9785.0,,,,,,,,,,,,,,,,,,,,,,,,,6.357686216839712,66.67959374,52.13577862,,37.75,0.339,32.625,0.293,0.562,0.005,0.0,0.0,0.32625,0.293,0.00843,0.0075,0.0,0.0,0.63518,25.59375,0.2295245899789501,84.796875,0.7604578448203677,0.38390625,0.3442868849684251,2.967890625,2.661602456871287,6.357686216839712,12886284,,,0.0488097459732292,Information
515019,9786.0,8080.620281,IDN,Indonesia,Jawa Timur,1.244469132,2.687969402,0.56,0.61,9786.0,,,,,,,,,,,,,,,,,,,,,,,,,7.860018998678093,24.88938264,53.75938804,,30.75,0.381,23.938,0.296,2.125,0.026,0.0,0.0,0.2393799999999999,0.296,0.031875,0.039,0.0,0.0,0.606255,34.03125,0.4211465062770611,85.78125,1.061567639789286,0.51046875,0.6317197594155917,3.00234375,3.715486739262501,7.860018998678093,5203094,,,0.0381915159416965,Information
515020,9787.0,5555.141678,IDN,Indonesia,Bali,4.075976381,1.283038776,0.56,0.61,9787.0,,,,,,,,,,,,,,,,,,,,,,,,,6.223516811431745,81.51952762,25.66077552,,51.5,0.927,37.125,0.668,1.062,0.019,0.0,0.0,0.37125,0.668,0.01593,0.0284999999999999,0.0,0.0,1.08368,23.484375,0.4227502439950024,53.4375,0.9619466629826404,0.352265625,0.6341253659925036,1.8703125,3.3668133204392414,6.223516811431745,4792800,,,0.1382138087580189,Information
515030,9788.0,233.8510304,IDN,Indonesia,Bali,2.137074492,0.0,0.56,0.61,9788.0,,,,,,,,,,,,,,,,,,,,,,,,,11.908122887966943,42.74148984,0.0,,4.0,1.71,3.812,1.63,0.188,0.08,0.0,0.0,0.03812,1.63,0.00282,0.12,0.0,0.0,1.79094,4.359375,1.864167539545092,5.90625,2.525646343899802,0.065390625,2.796251309317638,0.20671875,8.839762203649308,11.908122887966943,117010,,,0.0581662124741001,Information
515040,9789.0,4720.590836,IDN,Indonesia,Jawa Timur,1.026483627,3.069345078,0.56,0.61,9789.0,,,,,,,,,,,,,,,,,,,,,,,,,13.129349642305469,20.52967254,61.38690156,,82.312,1.744,70.375,1.491,5.062,0.107,0.0,0.0,0.70375,1.491,0.07593,0.1605,0.0,0.0,2.43118,38.53125,0.8162378680666993,103.78125,2.198480097201548,0.57796875,1.2243568021000488,3.63234375,7.694680340205418,13.129349642305469,3878408,,,0.1403515118426366,Information
515080,9790.0,233.1386209,IDN,Indonesia,Jawa Timur,2.032095521,0.0,0.56,0.61,9790.0,,,,,,,,,,,,,,,,,,,,,,,,,10.770915054654733,40.64191042,0.0,,3.0,1.287,2.875,1.233,0.0,0.0,0.0,0.0,0.02875,1.233,0.0,0.0,0.0,0.0,1.26175,2.25,0.9650910651832422,6.046875,2.593682237679963,0.03375,1.4476365977748633,0.211640625,9.07788783187987,10.770915054654733,58650,,,0.0439352908003573,Information
516001,9791.0,4781.300206,IDN,Indonesia,Nusa Tenggara Barat,4.169457377,1.759389717,0.56,0.61,9791.0,,,,,,,,,,,,,,,,,,,,,,,,,11.911863907858017,83.38914754,35.18779434,,66.312,1.387,47.375,0.991,2.188,0.046,0.0,0.0,0.47375,0.991,0.03282,0.069,0.0,0.0,1.56657,51.46875,1.0764592847722754,88.03125,1.841157137342744,0.77203125,1.614688927158413,3.08109375,6.444049980699604,11.911863907858017,3722631,,,0.3697478014976096,Advisory
516003,9792.0,17771.86334,IDN,Indonesia,Nusa Tenggara Timur,4.052775048,0.157690613,0.56,0.61,9792.0,,,,,,,,,,,,,,,,,,,,,,,,,3.5548700000000006,81.05550096,3.15381226,,231.125,1.301,187.312,1.054,26.75,0.151,0.0,0.0,1.87312,1.054,0.40125,0.2264999999999999,0.0,0.0,3.5548700000000006,0.0,0.0,35.4375,0.1994022760699441,0.0,0.0,1.2403125,0.6979079662448043,1.9382204662448044,2374288,,,0.0471444466554116,Information
516004,9793.0,3126.59852,IDN,Indonesia,Nusa Tenggara Timur,1.626295835,0.0,0.56,0.61,9793.0,,,,,,,,,,,,,,,,,,,,,,,,,1.92313,32.5259167,0.0,,49.438,1.581,37.188,1.189,5.75,0.184,0.0,0.0,0.37188,1.189,0.08625,0.276,0.0,0.0,1.92313,0.0,0.0,13.078125,0.4182860356379732,0.0,0.0,0.457734375,1.464001124732906,1.921735499732906,220125,,,0.0001869944067111,Information
516005,9794.0,11175.74891,IDN,Indonesia,Nusa Tenggara Timur,3.548238834,0.0,0.56,0.61,9794.0,,,,,,,,,,,,,,,,,,,,,,,,,1.955783321505834,70.96477668,0.0,,54.125,0.484,42.812,0.383,5.625,0.05,0.0,0.0,0.42812,0.383,0.084375,0.075,0.0,0.0,0.970495,10.40625,0.0931145651109424,25.03125,0.2239782782398344,0.15609375,0.1396718476664136,0.87609375,0.7839239738394204,1.955783321505834,875049,,,0.003490818319267,Information
516006,9795.0,502.4032551,IDN,Indonesia,Nusa Tenggara Timur,1.729901916,0.0,0.56,0.61,9795.0,,,,,,,,,,,,,,,,,,,,,,,,,10.450531667199254,34.59803832,0.0,,11.125,2.214,9.125,1.816,0.688,0.137,0.0,0.0,0.09125,1.816,0.01032,0.2055,0.0,0.0,2.12307,4.78125,0.9516757607166656,12.234375,2.4351703288926445,0.07171875,1.4275136410749985,0.428203125,8.523096151124255,10.450531667199254,90856,,,0.0333344644262605,Information
517004,9797.0,4897.013531,IDN,Indonesia,Maluku,3.296606894,4.003178554,0.56,0.61,9797.0,,,,,,,,,,,,,,,,,,,,,,,,,36.475498843534446,65.93213788,80.06357108,3.0,5.938,0.121,4.938,0.101,0.0,0.0,0.0,0.0,0.04938,0.101,0.0,0.0,0.0,0.0,0.15038,4.640625,0.0947643899855317,340.59375,6.955131895301757,0.069609375,0.1421465849782975,11.92078125,24.34296163355615,36.475498843534446,122858,12910.0,10.51,0.7271087986927568,Watch
517005,9798.0,2930.636035,IDN,Indonesia,Maluku,3.73499506,1.031944092,0.56,0.61,9798.0,,,,,,,,,,,,,,,,,,,,,,,,,3.974108059292343,74.6999012,20.63888184,,25.688,0.877,22.688,0.774,2.5,0.085,0.0,0.0,0.22688,0.774,0.0375,0.1275,0.0,0.0,1.16588,0.0,0.0,25.734375,0.8781156955120979,0.0,0.0,0.900703125,3.073404934292342,3.974108059292343,25799,,,0.0320842035823379,Information
521100,9800.0,20000.44035,IDN,Indonesia,Kalimantan Selatan,4.022076345,2.80661191,0.56,0.61,9800.0,,,,,,,,,,,,,,,,,,,,,,,,,19.60333269209387,80.44152690000001,56.1322382,,18.25,0.091,15.312,0.077,0.0,0.0,0.0,0.0,0.15312,0.077,0.0,0.0,0.0,0.0,0.23012,3.375,0.0168746284618553,371.953125,1.85972467840031,0.050625,0.0253119426927829,13.018359375,6.509036374401085,19.60333269209387,3539321,,,0.5009139711399012,Advisory
521203,9803.0,15137.7745,IDN,Indonesia,Kalimantan Tengah,4.12616192,0.0,0.56,0.61,9803.0,9803.0,0.0,4.0,-9999.0,-9999.0,-9999.0,0.0,7.0,-999.9,-999.9,-999.9,-5985.4,0.0,0.0,0.0,0.0,0.0,0.0,0.0,0.0,0.0,0.0,0.0,-5985.4,8.091528515366676,82.52323840000001,0.0,,16.688,0.11,16.375,0.108,0.0,0.0,0.0,0.0,0.16375,0.108,0.0,0.0,0.0,0.0,0.27175,0.0,0.0,139.21875,0.9196777901047646,0.0,0.0,4.87265625,3.218872265366676,8.091528515366676,434406,,,0.220633800708043,Information
521320,9811.0,16029.61155,IDN,Indonesia,Kalimantan Tengah,4.13304562,2.113305214,0.56,0.61,9811.0,9811.0,0.0,4.0,-9999.0,-9999.0,-9999.0,0.0,7.0,-999.9,-999.9,-999.9,-5985.4,0.0,0.0,0.0,0.0,0.0,0.0,0.0,0.0,0.0,0.0,0.0,-5985.4,0.911129524980471,82.6609124,42.26610428,,,,,,,,,,,,,,,,,0.0,0.0,16.03125,0.1000102214229917,0.0,0.0,0.56109375,0.3500357749804709,0.911129524980471,580562,,,0.0016093873509376,Information
521330,9812.0,7004.630125,IDN,Indonesia,Kalimantan Tengah,4.139069036,3.112320485,0.56,0.61,9812.0,,,,,,,,,,,,,,,,,,,,,,,,,12.414467893107688,82.78138072000002,62.2464097,,10.625,0.152,7.0,0.1,0.0,0.0,0.0,0.0,0.07,0.1,0.0,0.0,0.0,0.0,0.17,0.0,0.0,146.109375,2.0858970766021967,0.0,0.0,5.113828125,7.300639768107688,12.414467893107688,46054,,,0.3717852513546209,Advisory
521340,9813.0,19174.379,IDN,Indonesia,Kalimantan Tengah,4.164722915,0.0,0.56,0.61,9813.0,,,,,,,,,,,,,,,,,,,,,,,,,6.185729723894751,83.29445829999999,0.0,,45.0,0.235,33.5,0.175,2.25,0.012,0.0,0.0,0.335,0.175,0.03375,0.018,0.0,0.0,0.56175,0.0,0.0,116.15625,0.6057888496842145,0.0,0.0,4.06546875,2.1202609738947507,6.185729723894751,136760,,,0.1602342660774366,Information
521350,9814.0,341.3593129,IDN,Indonesia,Kalimantan Tengah,2.534941909,2.039932465,0.56,0.61,9814.0,,,,,,,,,,,,,,,,,,,,,,,,,5.666045382865635,50.69883818,40.7986493,,0.75,0.22,0.5,0.146,0.0,0.0,0.0,0.0,0.005,0.146,0.0,0.0,0.0,0.0,0.151,0.0,0.0,5.34375,1.5654326093901814,0.0,0.0,0.18703125,5.479014132865634,5.666045382865635,11046,,,0.0152530531426169,Information
521370,9816.0,20392.66252,IDN,Indonesia,Kalimantan Tengah,4.020560221,2.289010114,0.56,0.61,9816.0,9816.0,1.0,1.0,100.0,-9999.0,-9999.0,3.0,10.0,10.0,-999.9,-999.9,-3953.6,0.0,0.0,0.0,0.0,0.0,0.0,0.0,0.0,0.0,0.0,0.0,-3953.6,31.351614703296683,80.41120442,45.78020228,3.0,256.188,1.256,225.812,1.107,2.562,0.013,0.0,0.0,2.25812,1.107,0.03843,0.0195,0.0,0.0,3.42305,0.0,0.0,601.03125,2.9472917009419097,0.0,0.0,21.03609375,10.315520953296684,31.351614703296683,390297,6293.0,1.61,0.6809325167752851,Watch
521380,9817.0,13740.28803,IDN,Indonesia,Kalimantan Tengah,4.032464493,1.018242236,0.56,0.61,9817.0,9817.0,1.0,3.0,100.0,-9999.0,-9999.0,3.0,8.0,10.0,-999.9,-999.9,-3961.4,0.0,0.0,0.0,0.0,0.0,0.0,0.0,0.0,0.0,0.0,0.0,-3961.4,6.531034033114315,80.64928986,20.36484472,,70.312,0.512,39.938,0.291,0.0,0.0,0.0,0.0,0.39938,0.291,0.0,0.0,0.0,0.0,0.69038,0.0,0.0,108.0,0.7860097237469471,0.0,0.0,3.78,2.751034033114315,6.531034033114315,244650,,,0.1387032568197393,Information
521391,9818.0,1469.17904,IDN,Indonesia,Kalimantan Tengah,4.116297631,4.060353959,0.56,0.61,9818.0,,,,,,,,,,,,,,,,,,,,,,,,,13.332686366645987,82.32595262000001,81.20707918000001,,120.438,8.198,91.625,6.236,0.062,0.004,0.0,0.0,0.91625,6.236,0.0009299999999999,0.006,0.0,0.0,7.15918,0.0,0.0,48.796875,3.321370211898853,0.0,0.0,1.707890625,11.624795741645986,13.332686366645987,17705,,,0.3890182719430573,Advisory
521392,9819.0,6491.748312,IDN,Indonesia,Kalimantan Barat,4.054812813,3.406780527,0.56,0.61,9819.0,,,,,,,,,,,,,,,,,,,,,,,,,4.738870210911587,81.09625625999999,68.13561054,,14.188,0.219,12.062,0.186,0.0,0.0,0.0,0.0,0.1206199999999999,0.186,0.0,0.0,0.0,0.0,0.30662,0.0,0.0,53.296875,0.8209941674033105,0.0,0.0,1.865390625,2.873479585911587,4.738870210911587,120738,,,0.0832464234725357,Information
521393,9820.0,9210.460746,IDN,Indonesia,Kalimantan Barat,4.009332999,2.575074796,0.56,0.61,9820.0,,,,,,,,,,,,,,,,,,,,,,,,,12.606234216301813,80.18665998,51.50149592,,223.375,2.425,201.5,2.188,0.438,0.005,0.0,0.0,2.015,2.188,0.00657,0.0075,0.0,0.0,4.2170700000000005,0.0,0.0,172.6875,1.8749062046576608,0.0,0.0,6.0440625,6.562171716301813,12.606234216301813,205395,,,0.3255754280189245,Information
521394,9821.0,11149.71024,IDN,Indonesia,Kalimantan Barat,4.305379231,4.002701728,0.56,0.61,9821.0,,,,,,,,,,,,,,,,,,,,,,,,,5.947176845900604,86.10758462,80.05403455999999,,9.125,0.082,9.125,0.082,0.0,0.0,0.0,0.0,0.09125,0.082,0.0,0.0,0.0,0.0,0.17325,0.0,0.0,89.578125,0.8034121345430294,0.0,0.0,3.135234375,2.811942470900603,5.947176845900604,169164,,,0.1981002704613187,Information
521395,9822.0,1904.652428,IDN,Indonesia,Kalimantan Barat,4.247959384,4.070725897,0.56,0.61,9822.0,,,,,,,,,,,,,,,,,,,,,,,,,1.92612,84.95918767999999,81.41451794,,36.25,1.903,30.812,1.618,0.0,0.0,0.0,0.0,0.30812,1.618,0.0,0.0,0.0,0.0,1.92612,0.0,0.0,7.734375,0.4060780269457625,0.0,0.0,0.270703125,1.4212730943101688,1.6919762193101688,92752,,,0.0199269632596815,Information
521397,9824.0,474.2819799,IDN,Indonesia,Kalimantan Barat,3.315519622,1.060192504,0.56,0.61,9824.0,,,,,,,,,,,,,,,,,,,,,,,,,6.630527063614282,66.31039244,21.20385008,,2.25,0.474,1.438,0.303,0.0,0.0,0.0,0.0,0.0143799999999999,0.303,0.0,0.0,0.0,0.0,0.31738,0.0,0.0,8.578125,1.808655053889795,0.0,0.0,0.300234375,6.330292688614282,6.630527063614282,18038,,,0.0520274878479479,Information
521399,9826.0,6960.185404,IDN,Indonesia,Kalimantan Barat,4.070120305,4.039576009,0.56,0.61,9826.0,,,,,,,,,,,,,,,,,,,,,,,,,11.876839318789846,81.4024061,80.79152018,,22.812,0.328,20.438,0.294,0.062,0.001,0.0,0.0,0.2043799999999999,0.294,0.0009299999999999,0.0015,0.0,0.0,0.5008099999999999,1.40625,0.0202042031701957,138.65625,1.9921344325813009,0.02109375,0.0303063047552935,4.85296875,6.972470514034553,11.876839318789846,136215,,,0.3269171237163535,Information
521401,9827.0,7840.359313,IDN,Indonesia,Kalimantan Barat,4.045282738,3.205616795,0.56,0.61,9827.0,9827.0,1.0,1.0,100.0,-9999.0,-9999.0,3.0,10.0,10.0,-999.9,-999.9,-3958.0666666666666,0.0,0.0,0.0,0.0,0.0,0.0,0.0,0.0,0.0,0.0,0.0,-3958.0666666666666,3.011062635057212,80.90565476,64.1123359,,11.312,0.144,8.0,0.102,0.0,0.0,0.0,0.0,0.08,0.102,0.0,0.0,0.0,0.0,0.182,1.265625,0.0161424362013973,37.265625,0.4753050659300333,0.018984375,0.0242136543020959,1.304296875,1.6635677307551164,3.011062635057212,412568,,,0.03236638372603,Information
521403,9829.0,10577.88417,IDN,Indonesia,Kalimantan Barat,4.011883502,0.0,0.56,0.61,9829.0,9829.0,1.0,1.0,100.0,-9999.0,-9999.0,3.0,10.0,10.0,-999.9,-999.9,-3953.6,0.0,0.0,0.0,0.0,0.0,0.0,0.0,0.0,0.0,0.0,0.0,-3953.6,0.3638447290225877,80.23767004,0.0,,9.688,0.092,7.5,0.071,0.0,0.0,0.0,0.0,0.075,0.071,0.0,0.0,0.0,0.0,0.146,0.0,0.0,5.34375,0.0505181368635965,0.0,0.0,0.18703125,0.1768134790225877,0.3638447290225877,344279,,,3.2373669151926465e-05,Information
521405,9831.0,1029.922319,IDN,Indonesia,Kalimantan Barat,4.117851445,0.0,0.56,0.61,9831.0,,,,,,,,,,,,,,,,,,,,,,,,,0.15438,82.3570289,0.0,,1.438,0.14,1.438,0.14,0.0,0.0,0.0,0.0,0.0143799999999999,0.14,0.0,0.0,0.0,0.0,0.15438,,,,,,,,,,39955,,,1.0755975658114602e-06,Information
521406,9832.0,5509.049772,IDN,Indonesia,Kalimantan Barat,4.054387515,0.0,0.56,0.61,9832.0,,,,,,,,,,,,,,,,,,,,,,,,,0.2078405737138437,81.08775030000001,0.0,,3.688,0.067,3.688,0.067,0.0,0.0,0.0,0.0,0.03688,0.067,0.0,0.0,0.0,0.0,0.10388,0.0,0.0,2.109375,0.0382892710610982,0.0,0.0,0.073828125,0.1340124487138437,0.2078405737138437,36936,,,3.2292738322160253e-06,Information
521408,9834.0,3834.681797,IDN,Indonesia,Kalimantan Barat,4.030900479,0.0,0.56,0.61,9834.0,,,,,,,,,,,,,,,,,,,,,,,,,19.99442011450396,80.61800957999999,0.0,,149.062,3.887,145.438,3.793,0.312,0.008,0.0,0.0,1.4543799999999998,3.793,0.00468,0.012,0.0,0.0,5.264059999999999,0.0,0.0,158.34375,4.129253961286844,0.0,0.0,5.54203125,14.452388864503956,19.99442011450396,110904,,,0.5124086677163889,Advisory
521409,9835.0,24464.64017,IDN,Indonesia,Kalimantan Barat,4.039038472,0.0,0.56,0.61,9835.0,,,,,,,,,,,,,,,,,,,,,,,,,2.9190907163721818,80.78076944,0.0,,11.125,0.045,10.562,0.043,0.062,0.0,0.0,0.0,0.1056199999999999,0.043,0.0009299999999999,0.0,0.0,0.0,0.1495499999999999,0.0,0.0,59.203125,0.2419946689634804,0.0,0.0,2.072109375,0.8469813413721814,2.9190907163721818,130147,,,0.0297392830479692,Information
521503,9838.0,6416.75057,IDN,Indonesia,Kalimantan Barat,4.022769343,4.013560201,0.56,0.61,9838.0,,,,,,,,,,,,,,,,,,,,,,,,,0.2131249999999999,80.45538686,80.27120402,,8.5,0.132,8.125,0.127,0.125,0.002,0.0,0.0,0.08125,0.127,0.001875,0.003,0.0,0.0,0.2131249999999999,,,,,,,,,,883737,,,3.112844316560847e-06,Information
521504,9839.0,7414.986692,IDN,Indonesia,Kalimantan Barat,4.018794284,0.0,0.56,0.61,9839.0,,,,,,,,,,,,,,,,,,,,,,,,,0.6357787970801757,80.37588568000001,0.0,,26.812,0.362,26.5,0.357,0.062,0.001,0.0,0.0,0.265,0.357,0.0009299999999999,0.0015,0.0,0.0,0.6244299999999999,0.0,0.0,7.734375,0.1043073348800502,0.0,0.0,0.270703125,0.3650756720801757,0.6357787970801757,490214,,,0.0003021648699799,Information
521755,9866.0,3551.709812,IDN,Indonesia,Kalimantan Timur,4.00429546,3.23317133,0.56,0.61,9866.0,,,,,,,,,,,,,,,,,,,,,,,,,0.8075243997862536,80.0859092,64.6634266,,13.25,0.373,10.25,0.289,0.5,0.014,0.0,0.0,0.1025,0.289,0.0075,0.021,0.0,0.0,0.42,0.0,0.0,6.046875,0.1702525070817867,0.0,0.0,0.211640625,0.5958837747862535,0.8075243997862536,126513,,,0.0006748208726229,Information
521756,9867.0,3090.512988,IDN,Indonesia,Kalimantan Timur,4.016089959,3.539867992,0.56,0.61,9867.0,,,,,,,,,,,,,,,,,,,,,,,,,0.8640500000000001,80.32179918,70.79735984,,53.25,1.723,19.562,0.633,0.562,0.018,0.0,0.0,0.19562,0.633,0.00843,0.0269999999999999,0.0,0.0,0.8640500000000001,,,,,,,,,,19525,,,0.0008871047287257,Information
521757,9868.0,1518.23869,IDN,Indonesia,Kalimantan Timur,4.019144756,4.011279341,0.56,0.61,9868.0,,,,,,,,,,,,,,,,,,,,,,,,,11.164718762909938,80.38289512,80.22558681999999,,122.375,8.06,82.0,5.401,23.5,1.548,0.188,0.012,0.82,5.401,0.3525,2.322,0.0046999999999999,0.03,8.9302,0.0,0.0,42.046875,2.7694508965456968,0.0,0.0,1.471640625,9.69307813790994,11.164718762909938,22481,,,0.2864984943301943,Information
521760,9870.0,15915.4556,IDN,Indonesia,Kalimantan Timur,4.14135132,4.017283239,0.56,0.61,9870.0,,,,,,,,,,,,,,,,,,,,,,,,,0.19681,82.8270264,80.34566478,,18.625,0.117,10.438,0.066,1.062,0.007,0.0,0.0,0.10438,0.066,0.01593,0.0105,0.0,0.0,0.19681,,,,,,,,,,91872,,,3.932001434190395e-06,Information
521791,9871.0,4160.006035,IDN,Indonesia,Kalimantan Timur,3.996784615,4.005256438,0.56,0.61,9871.0,,,,,,,,,,,,,,,,,,,,,,,,,3.42425,79.9356923,80.10512876,,109.188,2.625,83.0,1.995,11.75,0.282,0.0,0.0,0.83,1.995,0.17625,0.4229999999999999,0.0,0.0,3.42425,0.0,0.0,1.125,0.0270432299970232,0.0,0.0,0.039375,0.0946513049895812,0.1340263049895812,67132,,,0.0392395647503159,Information
521792,9872.0,14588.5788,IDN,Indonesia,Kalimantan Timur,4.163991317,1.895611412,0.56,0.61,9872.0,,,,,,,,,,,,,,,,,,,,,,,,,0.3665,83.27982634,37.912228240000005,,40.938,0.281,21.75,0.149,0.0,0.0,0.0,0.0,0.2175,0.149,0.0,0.0,0.0,0.0,0.3665,,,,,,,,,,184655,,,6.662506940143488e-05,Information
521793,9873.0,6287.777936,IDN,Indonesia,Kalimantan Timur,3.406750237,4.011092756,0.56,0.61,9873.0,,,,,,,,,,,,,,,,,,,,,,,,,3.3623200000000004,68.13500474,80.22185512,,238.688,3.796,125.75,2.0,2.688,0.043,0.0,0.0,1.2575,2.0,0.04032,0.0645,0.0,0.0,3.3623200000000004,0.0,0.0,3.375,0.0536755597006489,0.0,0.0,0.118125,0.1878644589522711,0.3059894589522711,67847,,,0.0382017340074607,Information
521795,9875.0,1362.541226,IDN,Indonesia,Kalimantan Timur,4.051200641,4.003538929,0.56,0.61,9875.0,,,,,,,,,,,,,,,,,,,,,,,,,0.31812,81.02401282000001,80.07077858000001,,5.688,0.417,3.812,0.28,0.0,0.0,0.0,0.0,0.03812,0.28,0.0,0.0,0.0,0.0,0.31812,0.0,0.0,0.5625,0.0412831545490315,0.0,0.0,0.0196875,0.1444910409216102,0.1641785409216102,8463,,,2.1708487889705225e-05,Information
521797,9877.0,1520.080744,IDN,Indonesia,Kalimantan Timur,4.013426622,1.337450711,0.56,0.61,9877.0,,,,,,,,,,,,,,,,,,,,,,,,,0.5476800000000001,80.26853244,26.74901422,,8.688,0.572,6.75,0.444,0.312,0.021,0.0,0.0,0.0675,0.444,0.00468,0.0315,0.0,0.0,0.5476800000000001,,,,,,,,,,113105,,,0.0001690054396484,Information
521798,9878.0,3288.561595,IDN,Indonesia,Kalimantan Timur,4.032490475,0.0,0.56,0.61,9878.0,,,,,,,,,,,,,,,,,,,,,,,,,0.217745,80.6498095,0.0,,3.312,0.101,3.312,0.101,1.375,0.042,0.0,0.0,0.03312,0.101,0.020625,0.063,0.0,0.0,0.217745,,,,,,,,,,34700,,,3.609402549262504e-06,Information
521801,9879.0,8884.276847,IDN,Indonesia,Kalimantan Timur,4.026220595,0.258442665,0.56,0.61,9879.0,,,,,,,,,,,,,,,,,,,,,,,,,0.244,80.52441189999999,5.1688533,,12.875,0.145,11.5,0.129,0.0,0.0,0.0,0.0,0.115,0.129,0.0,0.0,0.0,0.0,0.244,0.0,0.0,1.96875,0.022159935286079,0.0,0.0,0.06890625,0.0775597735012764,0.1464660235012765,1552054,,,5.940808583220433e-06,Information
521804,9882.0,10731.52864,IDN,Indonesia,Kalimantan Timur,4.000327548,0.0,0.56,0.61,9882.0,,,,,,,,,,,,,,,,,,,,,,,,,0.2377060993427001,80.00655096,0.0,,9.312,0.087,5.75,0.054,0.0,0.0,0.0,0.0,0.0575,0.054,0.0,0.0,0.0,0.0,0.1115,0.0,0.0,3.515625,0.0327597783836286,0.0,0.0,0.123046875,0.1146592243427001,0.2377060993427001,28140,,,4.665446500676563e-06,Information
521805,9883.0,7647.139086,IDN,Indonesia,Kalimantan Timur,4.052069818,0.0,0.56,0.61,9883.0,9883.0,0.0,5.0,-9999.0,-9999.0,-9999.0,0.0,6.0,-999.9,-999.9,-999.9,-5987.4,0.0,0.0,0.0,0.0,0.0,0.0,0.0,0.0,0.0,0.0,0.0,-5987.4,1.442479401486712,81.04139636,0.0,,,,,,,,,,,,,,,,,0.0,0.0,17.859375,0.2335432218533463,0.0,0.0,0.625078125,0.817401276486712,1.442479401486712,63981,,,0.0049990587016469,Information
525012,9925.0,6481.162303,IDN,Indonesia,Sulawesi Selatan,2.674208182,1.103976627,0.56,0.61,9925.0,,,,,,,,,,,,,,,,,,,,,,,,,2.866163764182264,53.484163640000006,22.07953254,,37.5,0.579,27.812,0.429,0.25,0.004,0.0,0.0,0.27812,0.429,0.00375,0.006,0.0,0.0,0.71687,0.0,0.0,32.203125,0.496872682623504,0.0,0.0,1.127109375,1.7390543891822638,2.866163764182264,835286,,,0.0026614153168561,Information
525016,9927.0,6973.684105,IDN,Indonesia,Sulawesi Tenggara,4.041777077,0.111612177,0.56,0.61,9927.0,,,,,,,,,,,,,,,,,,,,,,,,,1.1740064962915455,80.83554154,2.23224354,,10.812,0.155,10.562,0.151,0.0,0.0,0.0,0.0,0.1056199999999999,0.151,0.0,0.0,0.0,0.0,0.2566199999999999,0.0,0.0,13.78125,0.1976179275118702,0.0,0.0,0.48234375,0.6916627462915458,1.1740064962915455,532133,,,0.0026140308430975,Information
525018,9928.0,7397.418053,IDN,Indonesia,Sulawesi Selatan,4.051676573,0.0,0.56,0.61,9928.0,9928.0,0.0,3.0,2.0,2.0,-9999.0,0.0,8.0,0.2,0.2,-999.9,-1983.0,0.0,0.0,0.0,0.0,0.0,0.0,0.0,0.0,0.0,0.0,0.0,-1983.0,55.758600248406616,81.03353146,0.0,3.0,584.688,7.904,383.875,5.189,160.875,2.175,0.0,0.0,3.83875,5.189,2.413125,3.2625,0.0,0.0,14.703375,0.0,0.0,677.390625,9.15712239240189,0.0,0.0,23.708671875,32.049928373406615,55.758600248406616,1176517,161887.0,13.76,0.8595632243496774,Warning
525019,9929.0,4678.768148,IDN,Indonesia,Sulawesi Selatan,4.152640039,1.973843866,0.56,0.61,9929.0,,,,,,,,,,,,,,,,,,,,,,,,,15.117199963147566,83.05280077999998,39.47687732,,127.0,2.714,113.062,2.417,18.875,0.403,0.0,0.0,1.13062,2.417,0.283125,0.6045,0.0,0.0,4.435245,0.0,0.0,137.671875,2.9424812394707334,0.0,0.0,4.818515625,10.298684338147568,15.117199963147566,1312283,,,0.454512112907498,Advisory
525030,9930.0,9920.440447,IDN,Indonesia,Sulawesi Tenggara,3.624035441,4.003577449,0.56,0.61,9930.0,,,,,,,,,,,,,,,,,,,,,,,,,5.80145146479706,72.48070882,80.07154897999999,,77.625,0.782,60.938,0.614,4.125,0.042,0.0,0.0,0.60938,0.614,0.061875,0.063,0.0,0.0,1.348255,0.0,0.0,82.546875,0.8320888113705885,0.0,0.0,2.889140625,2.91231083979706,5.80145146479706,1005298,,,0.1085939491451829,Information
525040,9931.0,558.4505947,IDN,Indonesia,Sulawesi Tenggara,0.0,2.574266368,0.56,0.61,9931.0,,,,,,,,,,,,,,,,,,,,,,,,,9.584804054377718,0.0,51.48532736,,4.188,0.75,3.688,0.66,0.0,0.0,0.0,0.0,0.03688,0.66,0.0,0.0,0.0,0.0,0.69688,0.0,0.0,14.484375,2.593671694107919,0.0,0.0,0.506953125,9.077850929377718,9.584804054377718,86468,,,0.0524351546397623,Information
525050,9932.0,3484.436979,IDN,Indonesia,Sulawesi Tengah,4.001342175,3.875810687,0.56,0.61,9932.0,,,,,,,,,,,,,,,,,,,,,,,,,0.5523683441918141,80.02684349999998,77.51621374,,2.875,0.083,2.875,0.083,0.0,0.0,0.0,0.0,0.02875,0.083,0.0,0.0,0.0,0.0,0.11175,0.0,0.0,4.078125,0.1170382769119469,0.0,0.0,0.142734375,0.4096339691918141,0.5523683441918141,214107,,,0.0001666572791871,Information
525060,9933.0,5129.795888,IDN,Indonesia,Maluku Utara,0.610166953,3.454743207,0.56,0.61,9933.0,,,,,,,,,,,,,,,,,,,,,,,,,0.9726091847979056,12.20333906,69.09486414,,14.562,0.284,14.562,0.284,0.0,0.0,0.0,0.0,0.14562,0.284,0.0,0.0,0.0,0.0,0.42962,0.0,0.0,9.421875,0.1836695885136873,0.0,0.0,0.329765625,0.6428435597979056,0.9726091847979056,223538,,,0.0002713992769221,Information
525070,9934.0,967.6402388,IDN,Indonesia,Sulawesi Tengah,4.033646139,4.012916453,0.56,0.61,9934.0,,,,,,,,,,,,,,,,,,,,,,,,,1.7859949999999998,80.67292278,80.25832906,,17.625,1.821,14.812,1.531,0.625,0.065,0.0,0.0,0.14812,1.531,0.009375,0.0975,0.0,0.0,1.7859949999999998,0.0,0.0,1.125,0.116262217596854,0.0,0.0,0.039375,0.406917761588989,0.446292761588989,32319,,,0.0086204105506592,Information
531500,9968.0,12724.02917,IDN,Indonesia,Papua,4.335449034,3.026829292,0.56,0.61,9968.0,,,,,,,,,,,,,,,,,,,,,,,,,17.219704635044675,86.70898068,60.53658584,3.0,10.625,0.084,9.25,0.073,0.0,0.0,0.0,0.0,0.0925,0.073,0.0,0.0,0.0,0.0,0.1654999999999999,0.0,0.0,275.484375,2.165071860012764,0.0,0.0,9.641953125,7.577751510044673,17.219704635044675,11386,0.0,0.0,0.6021691775532813,Watch
531520,9969.0,8118.330017,IDN,Indonesia,Papua,4.341848107,3.839449031,0.56,0.61,9969.0,,,,,,,,,,,,,,,,,,,,,,,,,3.317332372519463,86.83696214,76.78898062,,15.875,0.196,12.375,0.152,0.0,0.0,0.0,0.0,0.12375,0.152,0.0,0.0,0.0,0.0,0.27575,0.0,0.0,42.46875,0.5231217492912751,0.0,0.0,1.48640625,1.8309261225194629,3.317332372519463,132872,,,0.0840627823564015,Information
531530,9970.0,24700.28257,IDN,Indonesia,Papua,4.305560706,3.533959119,0.56,0.61,9970.0,,,,,,,,,,,,,,,,,,,,,,,,,7.370872081299237,86.11121412,70.67918238,,100.5,0.407,93.188,0.377,0.375,0.002,0.0,0.0,0.93188,0.377,0.005625,0.003,0.0,0.0,1.317505,0.984375,0.0039852782951205,149.484375,0.6051929753875874,0.014765625,0.0059779174426807,5.231953125,2.118175413856556,7.370872081299237,145117,,,0.2631886686057879,Information
531540,9971.0,25655.39558,IDN,Indonesia,Papua,3.975419836,0.0,0.56,0.61,9971.0,,,,,,,,,,,,,,,,,,,,,,,,,2.544603167157228,79.50839672,0.0,,27.25,0.106,21.812,0.085,0.125,0.0,0.0,0.0,0.21812,0.085,0.001875,0.0,0.0,0.0,0.304995,0.0,0.0,52.3125,0.2039044763306365,0.0,0.0,1.8309375,0.7136656671572277,2.544603167157228,122671,,,0.0184874775413692,Information
531550,9972.0,3666.267355,IDN,Indonesia,Papua,2.402299914,0.821785361,0.56,0.61,9972.0,,,,,,,,,,,,,,,,,,,,,,,,,1.559463758534517,48.04599828,16.43570722,,8.438,0.23,7.562,0.206,0.312,0.009,0.0,0.0,0.07562,0.206,0.00468,0.0134999999999999,0.0,0.0,0.2998,0.0,0.0,11.953125,0.3260298238670049,0.0,0.0,0.418359375,1.1411043835345172,1.559463758534517,93166,,,0.0002274333164831,Information
531560,9973.0,9588.095744,IDN,Indonesia,Papua,4.077024298,0.0,0.56,0.61,9973.0,,,,,,,,,,,,,,,,,,,,,,,,,3.539428139162011,81.54048596000001,0.0,,41.438,0.432,37.438,0.39,0.0,0.0,0.0,0.0,0.37438,0.39,0.0,0.0,0.0,0.0,0.7643800000000001,0.0,0.0,49.5,0.5162651826177175,0.0,0.0,1.7325,1.8069281391620111,3.539428139162011,11587,,,0.0493065574211552,Information
531570,9974.0,12087.18856,IDN,Indonesia,Papua,3.444722131,4.006371529,0.56,0.61,9974.0,,,,,,,,,,,,,,,,,,,,,,,,,1.9786473706211325,68.89444261999999,80.12743058,,9.75,0.081,7.875,0.065,0.0,0.0,0.0,0.0,0.07875,0.065,0.0,0.0,0.0,0.0,0.14375,0.0,0.0,30.9375,0.2559528201774664,0.0,0.0,1.0828125,0.8958348706211324,1.9786473706211325,90022,,,0.0105294479607292,Information
531580,9975.0,28018.77907,IDN,Indonesia,Papua,3.116397339,0.139990468,0.56,0.61,9975.0,9975.0,0.0,24.0,7.0,5.0,-9999.0,0.0,1.0,0.7,0.5,-999.9,-1995.4,0.0,0.0,0.0,0.0,0.0,0.0,0.0,0.0,0.0,0.0,0.0,-1995.4,1.869982620358515,62.327946780000005,2.79980936,,,,,,,,,,,,,,,,,0.0,0.0,39.375,0.1405307486738614,0.0,0.0,1.378125,0.4918576203585149,1.869982620358515,877744,,,0.0013367087636484,Information
531599,9983.0,11629.57267,IDN,Indonesia,Papua,4.033433477,4.006703106,0.56,0.61,9983.0,,,,,,,,,,,,,,,,,,,,,,,,,9.9230240610364,80.66866954,80.13406212,,5.375,0.046,5.25,0.045,0.562,0.005,0.0,0.0,0.0525,0.045,0.00843,0.0075,0.0,0.0,0.11343,0.0,0.0,152.4375,1.3107747317246856,0.0,0.0,5.3353125,4.5877115610364,9.9230240610364,44128,,,0.2524277791929222,Information
531601,9984.0,6565.15702,IDN,Indonesia,Papua,4.115951113,0.0,0.56,0.61,9984.0,,,,,,,,,,,,,,,,,,,,,,,,,9.003658734846484,82.31902226000001,0.0,,5.875,0.089,5.625,0.086,1.5,0.023,0.0,0.0,0.05625,0.086,0.0225,0.0345,0.0,0.0,0.1992499999999999,0.0,0.0,101.953125,1.5529426742418524,0.0,0.0,3.568359375,5.435299359846484,9.003658734846484,16184,,,0.2498828863428174,Information
531605,9988.0,4276.755549,IDN,Indonesia,Papua,4.047475624,0.0,0.56,0.61,9988.0,,,,,,,,,,,,,,,,,,,,,,,,,1.4200479538463926,80.94951248,0.0,,9.062,0.212,4.938,0.115,0.0,0.0,0.0,0.0,0.04938,0.115,0.0,0.0,0.0,0.0,0.16438,0.140625,0.0032881234011451,12.09375,0.2827786124984786,0.002109375,0.0049321851017176,0.42328125,0.989725143744675,1.4200479538463926,52853,,,0.0047102880410352,Information
531704,9996.0,2110.993689,IDN,Indonesia,Papua,4.047667373,0.0,0.56,0.61,9996.0,,,,,,,,,,,,,,,,,,,,,,,,,1.5449846061859749,80.95334746,0.0,,22.062,1.045,5.75,0.272,0.0,0.0,0.0,0.0,0.0575,0.272,0.0,0.0,0.0,0.0,0.3295,0.5625,0.0266462189281665,7.453125,0.3530624007982071,0.0084375,0.0399693283922497,0.260859375,1.235718402793725,1.5449846061859749,1143,,,0.0060045397264547,Information
531705,9997.0,3865.530382,IDN,Indonesia,Papua,3.633636149,0.395617541,0.56,0.61,9997.0,,,,,,,,,,,,,,,,,,,,,,,,,4.005072974922413,72.67272298,7.91235082,,2.812,0.073,2.812,0.073,0.125,0.003,0.0,0.0,0.02812,0.073,0.001875,0.0045,0.0,0.0,0.107495,7.171875,0.1855340481373338,28.828125,0.7457741150618322,0.107578125,0.2783010722060007,1.008984375,2.610209402716413,4.005072974922413,402973,,,0.0274085210945292,Information
533000,10023.0,28076.27712,IDN,Indonesia,Maluku Utara,4.048546819,3.490609833,0.56,0.61,10023.0,,,,,,,,,,,,,,,,,,,,,,,,,3.597777517854917,80.97093638000001,69.81219666,,54.75,0.195,52.438,0.187,0.0,0.0,0.0,0.0,0.5243800000000001,0.187,0.0,0.0,0.0,0.0,0.7113800000000001,0.0,0.0,75.796875,0.2699676836728334,0.0,0.0,2.652890625,0.944886892854917,3.597777517854917,1381070,,,0.0478914558989937,Information
512000,16167.0,14985.53413,IDN,Indonesia,Sumatera Barat,2.292053899,2.872994628,0.56,0.61,16167.0,,,,,,,,,,,,,,,,,,,,,,,,,25.707969636919685,45.84107798,57.45989256,,121.375,0.81,110.438,0.737,1.812,0.012,0.0,0.0,1.10438,0.737,0.02718,0.018,0.0,0.0,1.88656,163.96875,1.0941802182405356,370.265625,2.4708203384453946,2.45953125,1.6412703273608034,12.959296875,8.64787118455888,25.707969636919685,1073693,,,0.3072549791565541,Information
513000,16168.0,6823.602281,IDN,Indonesia,Kepulauan Riau,4.054988006,4.011454293,0.56,0.61,16168.0,,,,,,,,,,,,,,,,,,,,,,,,,14.844438368942107,81.09976012000001,80.22908586,,533.75,7.822,352.125,5.16,21.25,0.311,0.0,0.0,3.52125,5.16,0.31875,0.4665,0.0,0.0,9.4665,33.890625,0.4966676486138148,157.5,2.3081650060061105,0.508359375,0.7450014729207222,5.5125,8.078577521021387,14.844438368942107,2744999,,,0.4045646904272374,Advisory
515050,16170.0,210.9735161,IDN,Indonesia,Jawa Timur,0.0,2.600589217,0.56,0.61,16170.0,,,,,,,,,,,,,,,,,,,,,,,,,17.559876223180527,0.0,52.01178434,,4.812,2.281,4.5,2.133,0.188,0.089,0.0,0.0,0.045,2.133,0.00282,0.1335,0.0,0.0,2.31432,3.515625,1.6663821437190431,8.859375,4.199283002171989,0.052734375,2.4995732155785646,0.310078125,14.697490507601962,17.559876223180527,63891,,,0.1573668367090127,Information
515060,16171.0,815.3009522,IDN,Indonesia,Jawa Timur,0.0,3.314857644,0.56,0.61,16171.0,,,,,,,,,,,,,,,,,,,,,,,,,24.782479379639355,0.0,66.29715288,,31.375,3.848,28.0,3.434,2.188,0.268,0.0,0.0,0.28,3.434,0.03282,0.402,0.0,0.0,4.148820000000001,10.6875,1.3108656344392855,48.796875,5.985136515137264,0.1603125,1.966298451658928,1.707890625,20.947977802980425,24.782479379639355,114169,,,0.3792521914294173,Advisory
515070,16172.0,82.96450794,IDN,Indonesia,Jawa Tengah,0.0,4.005492417,0.56,0.61,16172.0,,,,,,,,,,,,,,,,,,,,,,,,,10.767105826939837,0.0,80.10984834,,20.75,25.011,20.75,25.011,0.188,0.226,0.0,0.0,0.2075,10.0,0.00282,0.339,0.0,0.0,10.54932,0.0,0.0,2.53125,3.0510034505542385,0.0,0.0,0.08859375,10.678512076939835,10.767105826939837,5655,,,0.2696972146787491,Information
516002,16173.0,15758.07569,IDN,Indonesia,Nusa Tenggara Barat,4.283437972,0.474055214,0.56,0.61,16173.0,,,,,,,,,,,,,,,,,,,,,,,,,9.792247176537543,85.66875944,9.48110428,,231.812,1.471,182.062,1.155,24.25,0.154,0.0,0.0,1.82062,1.155,0.36375,0.2309999999999999,0.0,0.0,3.57037,61.734375,0.3917634120891974,144.703125,0.9182791595439276,0.926015625,0.587645118133796,5.064609375,3.2139770584037466,9.792247176537543,1557569,,,0.3516569658068683,Advisory
517001,16175.0,1432.112992,IDN,Indonesia,Nusa Tenggara Timur,0.944623051,1.175916357,0.56,0.61,16175.0,,,,,,,,,,,,,,,,,,,,,,,,,16.602746357033272,18.89246102,23.51832714,,47.188,3.295,34.188,2.387,4.25,0.297,0.0,0.0,0.34188,2.387,0.06375,0.4455,0.0,0.0,3.2381300000000004,20.53125,1.4336333878477738,50.625,3.5349864357890315,0.30796875,2.1504500817716607,1.771875,12.372452525261613,16.602746357033272,149274,,,0.0633204735746448,Information
517003,16176.0,1705.995148,IDN,Indonesia,Maluku,1.053506056,2.179997571,0.56,0.61,16176.0,,,,,,,,,,,,,,,,,,,,,,,,,18.840140017307423,21.07012112,43.59995142,,8.188,0.48,7.062,0.414,0.0,0.0,0.0,0.0,0.07062,0.414,0.0,0.0,0.0,0.0,0.48462,6.1875,0.3626915356012941,75.796875,4.442971311115853,0.0928125,0.5440373034019411,2.652890625,15.550399588905483,18.840140017307423,57590,,,0.1364343158175944,Information
517006,16177.0,523.9358147,IDN,Indonesia,Maluku,0.0,1.805196465,0.56,0.61,16177.0,,,,,,,,,,,,,,,,,,,,,,,,,16.806589991712237,0.0,36.1039293,,4.0,0.763,3.062,0.585,0.0,0.0,0.0,0.0,0.0306199999999999,0.585,0.0,0.0,0.0,0.0,0.61562,0.0,0.0,23.90625,4.562820354774924,0.0,0.0,0.83671875,15.969871241712235,16.806589991712237,9122,,,0.090858536799019,Information
521759,16182.0,737.6746725,IDN,Indonesia,Kalimantan Timur,4.13821104,4.166154061,0.56,0.61,16182.0,,,,,,,,,,,,,,,,,,,,,,,,,9.619445,82.7642208,83.32308122,,70.625,9.574,50.062,6.787,10.375,1.406,0.188,0.025,0.50062,6.787,0.155625,2.109,0.0046999999999999,0.0625,9.619445,0.0,0.0,0.84375,0.114379689507134,0.0,0.0,0.02953125,0.400328913274969,0.429860163274969,26455,,,0.2910776998797624,Information
521770,16183.0,5891.663207,IDN,Indonesia,Kalimantan Timur,2.799635776,4.008332282,0.56,0.61,16183.0,,,,,,,,,,,,,,,,,,,,,,,,,8.96818,55.99271552,80.16664563999998,,306.625,5.204,246.125,4.178,57.562,0.977,0.0,0.0,2.46125,4.178,0.8634299999999999,1.4655,0.0,0.0,8.96818,0.0,0.0,84.515625,1.434495184656162,0.0,0.0,2.958046875,5.020733146296567,7.978780021296567,410379,,,0.2136901956138215,Information
521780,16184.0,29984.93811,IDN,Indonesia,Kalimantan Timur,4.142712285,0.0,0.56,0.61,16184.0,,,,,,,,,,,,,,,,,,,,,,,,,0.14368,82.8542457,0.0,,16.812,0.056,9.5,0.032,0.812,0.003,0.0,0.0,0.095,0.032,0.01218,0.0045,0.0,0.0,0.14368,,,,,,,,,,98935,,,8.68155767062053e-07,Information
521799,16185.0,6302.278032,IDN,Indonesia,Kalimantan Timur,4.030802108,4.000783688,0.56,0.61,16185.0,,,,,,,,,,,,,,,,,,,,,,,,,1.7354299999999998,80.61604215999999,80.01567376,,87.375,1.386,66.25,1.051,0.562,0.009,0.0,0.0,0.6625,1.051,0.00843,0.0134999999999999,0.0,0.0,1.7354299999999998,,,,,,,,,,517989,,,0.0079067740839416,Information
522000,16187.0,3347.844078,IDN,Indonesia,Kepulauan Riau,1.087218679,3.188474474,0.56,0.61,16187.0,,,,,,,,,,,,,,,,,,,,,,,,,13.56875,21.74437358,63.76948948,,499.688,14.926,356.875,10.66,0.0,0.0,0.0,0.0,3.56875,10.0,0.0,0.0,0.0,0.0,13.56875,0.5625,0.0168018577605908,18.984375,0.5670626994199406,0.0084375,0.0252027866408861,0.664453125,1.984719447969792,2.682812859610678,139370,,,0.1630173517996443,Information
525011,16194.0,7479.041496,IDN,Indonesia,Sulawesi Selatan,4.212837852,3.246117887,0.56,0.61,16194.0,,,,,,,,,,,,,,,,,,,,,,,,,17.57622504405699,84.25675704,64.92235774,,235.812,3.153,140.188,1.874,10.312,0.138,0.0,0.0,1.4018799999999998,1.874,0.15468,0.207,0.0,0.0,3.63756,0.0,0.0,214.875,2.8730285840162826,0.0,0.0,7.520625,10.05560004405699,17.57622504405699,4548081,,,0.5438491951319319,Advisory
525013,16195.0,16466.80959,IDN,Indonesia,Sulawesi Barat,4.066074543,3.155329034,0.56,0.61,16195.0,,,,,,,,,,,,,,,,,,,,,,,,,4.40082,81.32149086,63.10658068000001,,340.938,2.07,260.0,1.579,9.188,0.056,0.0,0.0,2.6,1.579,0.13782,0.084,0.0,0.0,4.40082,0.0,0.0,56.390625,0.3424502159541412,0.0,0.0,1.973671875,1.1985757558394945,3.172247630839494,1509094,,,0.0741471364433643,Information
525015,16196.0,86419.39899,IDN,Indonesia,Sulawesi Tengah,4.043963432,3.252210621,0.56,0.61,16196.0,,,,,,,,,,,,,,,,,,,,,,,,,9.58250797839432,80.87926863999999,65.04421242000001,,249.188,0.288,194.875,0.225,17.562,0.02,0.0,0.0,1.94875,0.225,0.26343,0.03,0.0,0.0,2.46718,0.0,0.0,245.390625,0.2839531723983771,0.0,0.0,8.588671875,0.9938361033943198,9.58250797839432,7032082,,,0.2448349937713838,Information
525017,16197.0,29939.99866,IDN,Indonesia,Sulawesi Selatan,4.085640056,4.003990738,0.56,0.61,16197.0,,,,,,,,,,,,,,,,,,,,,,,,,24.995954531561207,81.71280112,80.07981475999999,3.0,164.688,0.55,110.125,0.368,8.312,0.028,0.0,0.0,1.10125,0.368,0.12468,0.042,0.0,0.0,1.63593,0.0,0.0,535.359375,1.7881075447317736,0.0,0.0,18.737578125,6.258376406561208,24.995954531561207,2743465,50025.0,1.82,0.6226745408126024,Watch
525020,16198.0,1357.598878,IDN,Indonesia,Sulawesi Selatan,2.31333642,3.042583017,0.56,0.61,16198.0,,,,,,,,,,,,,,,,,,,,,,,,,4.735256143141754,46.266728400000005,60.85166034,,36.812,2.712,26.188,1.929,3.25,0.239,0.0,0.0,0.26188,1.929,0.04875,0.3585,0.0,0.0,2.59813,0.0,0.0,16.171875,1.1912115766119298,0.0,0.0,0.566015625,4.169240518141754,4.735256143141754,142465,,,0.0173294118767355,Information
525080,16199.0,2139.379844,IDN,Indonesia,Sulawesi Utara,4.001418768,1.767224835,0.56,0.61,16199.0,,,,,,,,,,,,,,,,,,,,,,,,,1.4840700000000002,80.02837536,35.3444967,,25.312,1.183,24.0,1.122,1.438,0.067,0.0,0.0,0.24,1.122,0.02157,0.1005,0.0,0.0,1.4840700000000002,0.0,0.0,4.359375,0.203768162622421,0.0,0.0,0.152578125,0.7131885691784735,0.8657666941784735,281930,,,0.0046676550073705,Information
526000,16201.0,198.9187794,IDN,Indonesia,Island in Indonesia,0.0,2.394749855,0.56,0.61,16201.0,,,,,,,,,,,,,,,,,,,,,,,,,13.230521156025414,0.0,47.894997100000005,,2.312,1.163,2.312,1.163,0.125,0.063,0.0,0.0,0.0231199999999999,1.163,0.001875,0.0945,0.0,0.0,1.2824950000000002,4.078125,2.0501457991811285,5.625,2.827787309215349,0.061171875,3.0752186987716925,0.196875,9.897255582253722,13.230521156025414,20036,,,0.08522885240101,Information
535000,16217.0,5817.848942,IDN,Indonesia,Papua,2.55732177,3.056001087,0.56,0.61,16217.0,,,,,,,,,,,,,,,,,,,,,,,,,7.31986192736412,51.1464354,61.12002174,,23.125,0.397,21.938,0.377,0.188,0.003,0.0,0.0,0.21938,0.377,0.00282,0.0045,0.0,0.0,0.6037,0.0,0.0,76.921875,1.3221703721040343,0.0,0.0,2.692265625,4.62759630236412,7.31986192736412,344026,,,0.0474707669421498,Information
524010,9897.0,4806.06405,PHL,Philippines,Sulu,1.651098705,4.00709651,0.56,0.61,9897.0,,,,,,,,,,,,,,,,,,,,,,,,,2.392875,33.0219741,80.1419302,,103.562,2.155,72.625,1.511,3.375,0.07,0.0,0.0,0.72625,1.511,0.050625,0.105,0.0,0.0,2.392875,0.0,0.0,5.34375,0.1111876567789234,0.0,0.0,0.18703125,0.3891567987262319,0.5761880487262319,432464,,,0.0171675186272006,Information
524021,9899.0,12049.02418,PHL,Philippines,Zamboanga del Norte,3.02124599,3.135312667,0.56,0.61,9899.0,,,,,,,,,,,,,,,,,,,,,,,,,4.044030464632801,60.424919800000005,62.70625334,,47.688,0.396,40.875,0.339,0.688,0.006,0.0,0.0,0.40875,0.339,0.01032,0.009,0.0,0.0,0.76707,0.0,0.0,63.140625,0.5240310256093718,0.0,0.0,2.209921875,1.834108589632801,4.044030464632801,2333042,,,0.0131557218838143,Information
524023,9901.0,8372.29734,PHL,Philippines,Misamis Oriental,3.87879414,3.522451607,0.56,0.61,9901.0,,,,,,,,,,,,,,,,,,,,,,,,,1.0584625026112782,77.5758828,70.44903214,,8.375,0.1,8.188,0.098,0.25,0.003,0.0,0.0,0.08188,0.098,0.00375,0.0045,0.0,0.0,0.18813,0.0,0.0,13.78125,0.1646053578889366,0.0,0.0,0.48234375,0.5761187526112781,1.0584625026112782,2729458,,,0.0011316235703995,Information
524024,9902.0,12006.72961,PHL,Philippines,Agusan del Sur,4.00383089,0.0,0.56,0.61,9902.0,9902.0,0.0,21.0,-9999.0,-9999.0,-9999.0,0.0,1.0,-999.9,-999.9,-999.9,-5997.4,0.0,0.0,0.0,0.0,0.0,0.0,0.0,0.0,0.0,0.0,0.0,-5997.4,0.9291772789657512,80.0766178,0.0,,,,,,,,,,,,,,,,,0.0,0.0,14.484375,0.1206354725616432,0.0,0.0,0.506953125,0.4222241539657512,0.9291772789657512,1399403,,,0.0010870779059,Information
524025,9903.0,16291.05344,PHL,Philippines,Davao Oriental,3.734770845,3.006279747,0.56,0.61,9903.0,,,,,,,,,,,,,,,,,,,,,,,,,11.660453866195429,74.6954169,60.12559494,,38.875,0.239,37.125,0.228,0.5,0.003,0.0,0.0,0.37125,0.228,0.0075,0.0045,0.0,0.0,0.61125,0.0,0.0,206.4375,1.2671832474844082,0.0,0.0,7.2253125,4.435141366195429,11.660453866195429,2096866,,,0.2192341182506972,Information
524027,9905.0,16563.14101,PHL,Philippines,Sultan Kudarat,3.926882059,3.641760461,0.56,0.61,9905.0,,,,,,,,,,,,,,,,,,,,,,,,,6.725226305584169,78.53764118,72.83520922,,73.562,0.444,68.312,0.412,4.688,0.028,0.0,0.0,0.68312,0.412,0.07032,0.042,0.0,0.0,1.2074399999999998,0.0,0.0,119.8125,0.7233682301669053,0.0,0.0,4.1934375,2.531788805584169,6.725226305584169,4635556,,,0.1229358572076274,Information
524028,9906.0,20108.86506,PHL,Philippines,North Cotabato,4.019028223,0.00658736,0.56,0.61,9906.0,9906.0,0.0,21.0,-9999.0,-9999.0,-9999.0,0.0,1.0,-999.9,-999.9,-999.9,-4997.3,0.0,0.0,0.0,0.0,0.0,0.0,0.0,0.0,0.0,0.0,0.0,-4997.3,10.376241236636409,80.38056446,0.1317471999999999,,9.625,0.048,6.938,0.034,0.25,0.001,0.0,0.0,0.06938,0.034,0.00375,0.0015,0.0,0.0,0.10863,0.0,0.0,198.0,0.9846403533246876,0.0,0.0,6.93,3.4462412366364066,10.376241236636409,4091389,,,0.2620617743777664,Information
524029,9907.0,8978.840953,PHL,Philippines,Zamboanga del Sur,3.138115382,3.272353471,0.56,0.61,9907.0,,,,,,,,,,,,,,,,,,,,,,,,,4.806422709280437,62.76230764,65.44706942,,70.25,0.782,55.0,0.613,3.312,0.037,0.0,0.0,0.55,0.613,0.04968,0.0554999999999999,0.0,0.0,1.26818,0.0,0.0,64.96875,0.7235761312229819,0.0,0.0,2.27390625,2.532516459280437,4.806422709280437,1798508,,,0.0242740384083724,Information
524030,9908.0,16008.00057,PHL,Philippines,Palawan,0.926180527,3.2192586,0.56,0.61,9908.0,,,,,,,,,,,,,,,,,,,,,,,,,2.82813,18.52361054,64.385172,,183.625,1.147,159.438,0.996,9.75,0.061,0.0,0.0,1.59438,0.996,0.14625,0.0915,0.0,0.0,2.82813,35.859375,0.2240090812108703,30.9375,0.1932627367309469,0.537890625,0.3360136218163054,1.0828125,0.6764195785583141,2.63313632537462,1123202,,,0.0056521872059033,Information
524041,9909.0,4180.014308,PHL,Philippines,Bohol,2.421026476,3.535122495,0.56,0.61,9909.0,,,,,,,,,,,,,,,,,,,,,,,,,3.973803954217688,48.42052952,70.7024499,,19.812,0.474,17.625,0.422,1.0,0.024,0.0,0.0,0.17625,0.422,0.015,0.036,0.0,0.0,0.64925,0.0,0.0,33.46875,0.8006850583479108,0.0,0.0,1.17140625,2.802397704217688,3.973803954217688,1031881,,,0.0228702535394475,Information
524042,9910.0,346.9114259,PHL,Philippines,Siquijor,4.153284473,0.0,0.56,0.61,9910.0,,,,,,,,,,,,,,,,,,,,,,,,,4.257167176986807,83.06568946,0.0,,2.438,0.703,2.438,0.703,0.375,0.108,0.0,0.0,0.02438,0.703,0.005625,0.162,0.0,0.0,0.8950049999999999,0.0,0.0,4.078125,1.1755522291390876,0.0,0.0,0.142734375,4.114432801986807,4.257167176986807,72104,,,0.0836797946988238,Information
524043,9911.0,4734.831022,PHL,Philippines,Cebu,3.655563417,3.063655114,0.56,0.61,9911.0,,,,,,,,,,,,,,,,,,,,,,,,,2.052466387405812,73.11126834000001,61.27310228,,27.688,0.585,26.188,0.553,0.688,0.015,0.0,0.0,0.26188,0.553,0.01032,0.0225,0.0,0.0,0.8477,0.0,0.0,18.84375,0.3979814678302318,0.0,0.0,0.65953125,1.3929351374058112,2.052466387405812,4637081,,,0.0050459402288367,Information
524044,9912.0,13110.56395,PHL,Philippines,Negros Occidental,4.029097759,3.165180325,0.56,0.61,9912.0,,,,,,,,,,,,,,,,,,,,,,,,,1.830636871119708,80.58195518,63.3036065,,54.375,0.415,53.438,0.408,0.438,0.003,0.0,0.0,0.5343800000000001,0.408,0.00657,0.0045,0.0,0.0,0.95345,0.0,0.0,29.671875,0.2263203560342022,0.0,0.0,1.038515625,0.7921212461197077,1.830636871119708,4037244,,,0.0090996323185782,Information
524045,9913.0,171.2160649,PHL,Philippines,Cebu,0.0,3.1871082,0.56,0.61,9913.0,,,,,,,,,,,,,,,,,,,,,,,,,6.140139571526321,0.0,63.742164,,4.812,2.811,4.75,2.774,0.125,0.073,0.0,0.0,0.0475,2.774,0.001875,0.1094999999999999,0.0,0.0,2.932875,0.0,0.0,2.953125,1.724794341864663,0.0,0.0,0.103359375,6.036780196526321,6.140139571526321,163394,,,0.0378822802132001,Information
524046,9914.0,669.0886149,PHL,Philippines,Guimaras,4.011900227,3.017741327,0.56,0.61,9914.0,,,,,,,,,,,,,,,,,,,,,,,,,0.9165,80.23800453999999,60.35482654,,6.062,0.906,5.75,0.859,0.0,0.0,0.0,0.0,0.0575,0.859,0.0,0.0,0.0,0.0,0.9165,0.0,0.0,1.546875,0.2311913497758451,0.0,0.0,0.054140625,0.8091697242154579,0.8633103492154579,176967,,,0.0010668805215857,Information
524047,9915.0,12104.13401,PHL,Philippines,Capiz,3.870715713,3.872223108,0.56,0.61,9915.0,9915.0,0.0,30.0,-9999.0,-9999.0,-9999.0,0.0,1.0,-999.9,-999.9,-999.9,-5997.4,0.0,0.0,0.0,0.0,0.0,0.0,0.0,0.0,0.0,0.0,0.0,-5997.4,1.979961269963192,77.41431426,77.44446216,,90.312,0.746,82.438,0.681,2.312,0.019,0.0,0.0,0.82438,0.681,0.03468,0.0284999999999999,0.0,0.0,1.5685600000000002,9.28125,0.0766783480124133,27.0,0.2230642851270205,0.13921875,0.1150175220186199,0.945,0.7807249979445717,1.979961269963192,3778676,,,0.0074891495775012,Information
524060,9916.0,13079.90037,PHL,Philippines,Occidental Mindoro,1.455721839,2.872744926,0.56,0.61,9916.0,,,,,,,,,,,,,,,,,,,,,,,,,19.996143255372345,29.11443678,57.45489852,,117.688,0.9,108.5,0.83,11.25,0.086,0.0,0.0,1.085,0.83,0.16875,0.129,0.0,0.0,2.21275,216.703125,1.6567643393192018,230.90625,1.765351748969584,3.250546875,2.4851465089788025,8.08171875,6.178731121393544,19.996143255372345,1630309,,,0.2251168989739543,Information
524070,9917.0,1571.106278,PHL,Philippines,Catanduanes,2.378086458,4.009753338,0.56,0.61,9917.0,,,,,,,,,,,,,,,,,,,,,,,,,8.14056221982231,47.56172916,80.19506676,,20.5,1.305,13.0,0.827,0.0,0.0,0.0,0.0,0.13,0.827,0.0,0.0,0.0,0.0,0.957,18.5625,1.1814923193594722,23.625,1.503717497366601,0.2784375,1.7722384790392085,0.826875,5.263011240783103,8.14056221982231,207217,,,0.1869822429784745,Information
524092,9918.0,9509.181609,PHL,Philippines,Nueva Ecija,3.868287264,4.002284045,0.56,0.61,9918.0,9918.0,0.0,30.0,3.0,2.0,-9999.0,0.0,1.0,0.3,0.2,-999.9,-1996.8,0.0,0.0,0.0,0.0,0.0,0.0,0.0,0.0,0.0,0.0,0.0,-1996.8,23.46150216878801,77.36574528,80.0456809,,86.75,0.912,80.25,0.844,30.062,0.316,0.0,0.0,0.8025,0.844,0.45093,0.474,0.0,0.0,2.5714300000000003,69.046875,0.7261074384991283,297.140625,3.1247760031540897,1.035703125,1.0891611577486924,10.399921875,10.936716011039314,23.46150216878801,5629604,,,0.5643137056394556,Advisory
524093,9919.0,7632.438469,PHL,Philippines,Tarlac,3.230582377,3.716887025,0.56,0.61,9919.0,,,,,,,,,,,,,,,,,,,,,,,,,9.634064043209436,64.61164754,74.3377405,,80.688,1.057,66.812,0.875,7.312,0.096,0.0,0.0,0.6681199999999999,0.875,0.10968,0.144,0.0,0.0,1.7968000000000002,42.75,0.5601093303441808,100.828125,1.3210473350551897,0.64125,0.8401639955162712,3.528984375,4.623665672693164,9.634064043209436,2482041,,,0.1636131000628189,Information
524094,9920.0,6679.118894,PHL,Philippines,Pangasinan,3.928881668,0.0,0.56,0.61,9920.0,9920.0,0.0,30.0,5.0,2.0,-9999.0,0.0,1.0,0.5,0.2,-999.9,-1996.6,0.0,0.0,0.0,0.0,0.0,0.0,0.0,0.0,0.0,0.0,0.0,-1996.6,13.79392768040081,78.57763336,0.0,,23.75,0.356,20.938,0.313,2.938,0.044,0.0,0.0,0.2093799999999999,0.313,0.04407,0.066,0.0,0.0,0.63245,44.71875,0.6695306777921226,138.65625,2.075966189632179,0.67078125,1.0042960166881838,4.85296875,7.265881663712626,13.79392768040081,2696191,,,0.3298935683056962,Information
524095,9921.0,5307.318028,PHL,Philippines,La Union,3.744212025,0.180506056,0.56,0.61,9921.0,,,,,,,,,,,,,,,,,,,,,,,,,3.982887284572003,74.8842405,3.61012112,,10.188,0.192,8.5,0.16,0.812,0.015,0.0,0.0,0.085,0.16,0.01218,0.0225,0.0,0.0,0.27968,10.6875,0.20137289575099,34.875,0.6571115545558622,0.1603125,0.302059343626485,1.220625,2.299890440945518,3.982887284572003,2758644,,,0.0327750012043124,Information
524096,9922.0,4982.613232,PHL,Philippines,Abra,3.051260627,0.925048977,0.56,0.61,9922.0,9922.0,0.0,25.0,2.0,2.0,-9999.0,0.0,1.0,0.2,0.2,-999.9,-1997.0,0.0,0.0,0.0,0.0,0.0,0.0,0.0,0.0,0.0,0.0,0.0,-1997.0,1.300283486696262,61.02521254,18.50097954,,,,,,,,,,,,,,,,,1.265625,0.0254008276594027,11.8125,0.2370743914877594,0.018984375,0.038101241489104,0.4134375,0.829760370207158,1.300283486696262,324103,,,0.00033651959439,Information
524097,9923.0,8365.957826,PHL,Philippines,Apayao,3.244915614,2.621823772,0.56,0.61,9923.0,,,,,,,,,,,,,,,,,,,,,,,,,16.16750564135196,64.89831228,52.43647544,,16.0,0.191,14.812,0.177,0.25,0.003,0.0,0.0,0.14812,0.177,0.00375,0.0045,0.0,0.0,0.3333699999999999,116.578125,1.3934821024309283,160.453125,1.9179289250587324,1.748671875,2.0902231536463924,5.615859375,6.712751237705564,16.16750564135196,1029505,,,0.2190972120361971,Information
524098,9924.0,27774.51455,PHL,Philippines,Ifugao,3.049008496,1.035442093,0.56,0.61,9924.0,9924.0,0.0,1.0,2.0,2.0,-9999.0,0.0,10.0,0.2,0.2,-999.9,-1979.0,0.0,0.0,0.0,0.0,0.0,0.0,0.0,0.0,0.0,0.0,0.0,-1979.0,40.39612504340142,60.98016992,20.70884186,,91.688,0.33,77.125,0.278,8.875,0.032,0.0,0.0,0.77125,0.278,0.133125,0.048,0.0,0.0,1.230375,152.15625,0.5478268566726008,783.421875,2.82065010954072,2.28234375,0.8217402850089012,27.419765625,9.87227538339252,40.39612504340142,3270983,,,0.5138261204392484,Advisory
524000,16189.0,950.787052,PHL,Philippines,Cagayan,1.731456361,1.054742043,0.56,0.61,16189.0,,,,,,,,,,,,,,,,,,,,,,,,,7.377564103387526,34.62912722,21.09484086,,18.188,1.913,16.125,1.696,1.375,0.145,0.0,0.0,0.16125,1.696,0.020625,0.2174999999999999,0.0,0.0,2.095375,4.640625,0.4880824775780205,16.3125,1.7156838605772842,0.069609375,0.7321237163670307,0.5709375,6.004893512020495,7.377564103387526,22246,,,0.0145683046247347,Information
524050,16190.0,26498.49741,PHL,Philippines,Leyte,3.941338419,4.004134818,0.56,0.61,16190.0,16190.0,0.0,23.0,2.0,2.0,2.0,0.0,1.0,0.2,0.2,0.2,3.2,0.0,0.0,0.0,0.0,0.0,0.0,0.0,0.0,0.0,0.0,0.0,3.2,12.101035575548307,78.82676838,80.08269636,,130.0,0.491,115.938,0.438,2.875,0.011,0.0,0.0,1.15938,0.438,0.043125,0.0165,0.0,0.0,1.657005,17.71875,0.066866999002655,243.421875,0.9186252005840938,0.26578125,0.1003004985039825,8.519765625,3.2151882020443283,12.101035575548307,4752849,,,0.309137061565002,Information
524080,16191.0,948.3274571,PHL,Philippines,Quezon,0.0,4.008085948,0.56,0.61,16191.0,,,,,,,,,,,,,,,,,,,,,,,,,7.346332356830388,0.0,80.16171896,,20.5,2.162,18.062,1.905,1.188,0.125,0.0,0.0,0.18062,1.905,0.01782,0.1875,0.0,0.0,2.29094,11.25,1.1862990907103448,13.359375,1.4087301702185344,0.16875,1.779448636065517,0.467578125,4.93055559576487,7.346332356830388,80342,,,0.1602545428824203,Information
524091,16192.0,16733.83323,PHL,Philippines,Quezon,2.14757072,2.768903249,0.56,0.61,16192.0,,,,,,,,,,,,,,,,,,,,,,,,,8.021532933328553,42.9514144,55.378064980000005,,201.75,1.206,169.0,1.01,15.812,0.094,0.0,0.0,1.69,1.01,0.23718,0.141,0.0,0.0,3.07818,73.546875,0.4395100272387153,111.9375,0.66892921927728,1.103203125,0.6592650408580729,3.9178125,2.34125226747048,8.021532933328553,30561136,,,0.0430722354947547,Information
524099,16193.0,21047.94479,PHL,Philippines,Camarines Sur,3.40890109,4.01414096,0.56,0.61,16193.0,16193.0,0.0,23.0,3.0,2.0,-9999.0,0.0,1.0,0.3,0.2,-999.9,-1996.8,0.0,0.0,0.0,0.0,0.0,0.0,0.0,0.0,0.0,0.0,0.0,-1996.8,26.6680684272444,68.1780218,80.28281919999999,3.0,235.312,1.118,194.875,0.926,17.062,0.081,0.0,0.0,1.94875,0.926,0.25593,0.1215,0.0,0.0,3.2521800000000005,290.109375,1.3783263779873367,392.203125,1.8633796743609703,4.351640625,2.067489566981005,13.727109375,6.521828860263396,26.6680684272444,4544234,145037.0,3.19,0.618665023909256,Watch
531101,9935.0,11133.09013,PNG,Papua New Guinea,Central,4.054606388,3.316249916,0.43,0.79,9935.0,,,,,,,,,,,,,,,,,,,,,,,,,3.008387196476531,81.09212776,66.32499831999999,,7.125,0.064,5.375,0.048,0.062,0.001,0.0,0.0,0.05375,0.048,0.0009299999999999,0.0015,0.0,0.0,0.10418,0.0,0.0,45.28125,0.4067266989932946,0.0,0.0,1.58484375,1.423543446476531,3.008387196476531,101525,,,0.0330183674764393,Information
531104,9937.0,5383.908574,PNG,Papua New Guinea,Central,1.459948859,0.0,0.43,0.79,9937.0,,,,,,,,,,,,,,,,,,,,,,,,,0.326375,29.19897718,0.0,,21.625,0.402,11.25,0.209,0.125,0.002,0.0,0.0,0.1125,0.209,0.001875,0.003,0.0,0.0,0.326375,,,,,,,,,,273304,,,3.732955387471493e-08,Information
531105,9938.0,9333.954402,PNG,Papua New Guinea,Central,4.084371089,3.703618589,0.43,0.79,9938.0,,,,,,,,,,,,,,,,,,,,,,,,,0.7413193515516303,81.68742178000001,74.07237178,,48.75,0.522,29.625,0.317,3.062,0.033,0.0,0.0,0.29625,0.317,0.04593,0.0495,0.0,0.0,0.7086800000000001,2.53125,0.0271187311509994,9.140625,0.0979287513786089,0.03796875,0.0406780967264991,0.319921875,0.3427506298251311,0.7413193515516303,133988,,,0.0006708403166574,Information
531107,9939.0,1759.361322,PNG,Papua New Guinea,Gulf,4.057685086,4.164442201,0.43,0.79,9939.0,,,,,,,,,,,,,,,,,,,,,,,,,3.191030893012502,81.15370172,83.28884402,,18.938,1.076,13.438,0.764,0.875,0.05,0.0,0.0,0.13438,0.764,0.013125,0.075,0.0,0.0,0.986505,0.0,0.0,13.640625,0.7753168622892863,0.0,0.0,0.477421875,2.713609018012502,3.191030893012502,55202,,,0.0488880022549646,Information
531201,9942.0,1525.045195,PNG,Papua New Guinea,Gulf,4.561884753,4.00007385,0.43,0.79,9942.0,,,,,,,,,,,,,,,,,,,,,,,,,0.113,91.23769506,80.001477,,1.5,0.098,1.5,0.098,0.0,0.0,0.0,0.0,0.015,0.098,0.0,0.0,0.0,0.0,0.113,,,,,,,,,,0,,,6.7812684404103735e-06,Information
531204,9945.0,6130.758676,PNG,Papua New Guinea,Southern Highlands,4.002794131,0.0,0.43,0.79,9945.0,,,,,,,,,,,,,,,,,,,,,,,,,0.26625,80.05588262,0.0,,16.125,0.263,10.125,0.165,0.0,0.0,0.0,0.0,0.10125,0.165,0.0,0.0,0.0,0.0,0.26625,0.0,0.0,1.546875,0.0252313796993504,0.0,0.0,0.054140625,0.0883098289477263,0.1424504539477263,474940,,,7.934975339034286e-06,Information
531300,9951.0,1208.010749,PNG,Papua New Guinea,Western,3.369163252,4.141971647,0.43,0.79,9951.0,,,,,,,,,,,,,,,,,,,,,,,,,2.009282475595273,67.38326504,82.83943294,,9.375,0.776,9.188,0.761,0.0,0.0,0.0,0.0,0.09188,0.761,0.0,0.0,0.0,0.0,0.85288,0.0,0.0,6.1875,0.5122057073129351,0.0,0.0,0.2165625,1.792719975595273,2.009282475595273,1856,,,0.0159829625620974,Information
531308,9957.0,10736.23576,PNG,Papua New Guinea,Western,4.05048639,0.0,0.43,0.79,9957.0,,,,,,,,,,,,,,,,,,,,,,,,,2.870882413718748,81.0097278,0.0,,6.125,0.057,6.125,0.057,0.0,0.0,0.0,0.0,0.06125,0.057,0.0,0.0,0.0,0.0,0.11825,0.0,0.0,42.46875,0.3955646182053566,0.0,0.0,1.48640625,1.3844761637187482,2.870882413718748,29529,,,0.0294253242870595,Information
531309,9958.0,3040.38473,PNG,Papua New Guinea,Western,2.33593804,4.078719181,0.43,0.79,9958.0,,,,,,,,,,,,,,,,,,,,,,,,,0.8655183869134762,46.7187608,81.57438362,,10.125,0.333,9.938,0.327,0.0,0.0,0.0,0.0,0.09938,0.327,0.0,0.0,0.0,0.0,0.42638,0.0,0.0,5.765625,0.1896347176895646,0.0,0.0,0.201796875,0.6637215119134762,0.8655183869134762,650,,,0.0011134714001275,Information
531401,9959.0,9142.655484,PNG,Papua New Guinea,Western,3.458928768,2.364633439,0.43,0.79,9959.0,9959.0,0.0,1.0,-9999.0,-9999.0,-9999.0,0.0,10.0,-999.9,-999.9,-999.9,-5979.4,0.0,0.0,0.0,0.0,0.0,0.0,0.0,0.0,0.0,0.0,0.0,-5979.4,15.41672060198166,69.17857536,47.29266878,,73.312,0.802,72.812,0.796,0.062,0.001,0.0,0.0,0.72812,0.796,0.0009299999999999,0.0015,0.0,0.0,1.52655,0.0,0.0,210.375,2.3010273148519023,0.0,0.0,7.363125,8.053595601981659,15.41672060198166,6870,,,0.2442309116044808,Information
531402,9960.0,19731.85618,PNG,Papua New Guinea,Western,3.938173616,0.0,0.43,0.79,9960.0,,,,,,,,,,,,,,,,,,,,,,,,,34.20270919964332,78.76347231999999,0.0,3.0,127.812,0.648,111.938,0.567,0.0,0.0,0.0,0.0,1.11938,0.567,0.0,0.0,0.0,0.0,1.68638,0.28125,0.0014253600749178,648.421875,3.286167652723128,0.00421875,0.0021380401123767,22.694765625,11.501586784530948,34.20270919964332,87744,1305.0,1.49,0.6831701532875685,Watch
531403,9961.0,1368.446223,PNG,Papua New Guinea,Western,4.154935491,0.0,0.43,0.79,9961.0,,,,,,,,,,,,,,,,,,,,,,,,,3.4346559667616847,83.09870982,0.0,,26.875,1.964,26.562,1.941,0.0,0.0,0.0,0.0,0.26562,1.941,0.0,0.0,0.0,0.0,2.20662,0.0,0.0,11.8125,0.8632052762176242,0.0,0.0,0.4134375,3.0212184667616846,3.4346559667616847,0,,,0.0555270384121428,Information
531404,9962.0,7267.143265,PNG,Papua New Guinea,Western,4.023791224,0.0,0.43,0.79,9962.0,,,,,,,,,,,,,,,,,,,,,,,,,5.361163192624192,80.47582448,0.0,,12.0,0.165,12.0,0.165,0.0,0.0,0.0,0.0,0.12,0.165,0.0,0.0,0.0,0.0,0.285,0.140625,0.001935079506154,64.40625,0.8862664138185603,0.002109375,0.002902619259231,2.25421875,3.101932448364961,5.361163192624192,1366,,,0.098096781230989,Information
531802,10003.0,5610.661784,PNG,Papua New Guinea,East Sepik,4.385152073,0.0,0.43,0.79,10003.0,,,,,,,,,,,,,,,,,,,,,,,,,3.122285782880207,87.70304146000001,0.0,,10.312,0.184,8.938,0.159,0.375,0.007,0.0,0.0,0.08938,0.159,0.005625,0.0105,0.0,0.0,0.264505,2.953125,0.0526341653389528,30.796875,0.5488991528205079,0.044296875,0.0789512480084292,1.077890625,1.9211470348717776,3.122285782880207,13979,,,0.0852207443116268,Information
531803,10004.0,2277.502716,PNG,Papua New Guinea,East Sepik,3.881064271,0.0,0.43,0.79,10004.0,,,,,,,,,,,,,,,,,,,,,,,,,10.218886203889582,77.62128542,0.0,,10.688,0.469,10.312,0.453,0.062,0.003,0.0,0.0,0.1031199999999999,0.453,0.0009299999999999,0.0045,0.0,0.0,0.5615499999999999,17.4375,0.7656412383399912,46.6875,2.04994267039417,0.2615625,1.1484618575099867,1.6340625,7.174799346379595,10.218886203889582,10287,,,0.2165574143408981,Information
531805,10006.0,4132.757604,PNG,Papua New Guinea,East Sepik,3.399333162,0.0,0.43,0.79,10006.0,,,,,,,,,,,,,,,,,,,,,,,,,18.682738508595403,67.98666324,0.0,,14.0,0.339,12.875,0.312,0.0,0.0,0.0,0.0,0.12875,0.312,0.0,0.0,0.0,0.0,0.44075,26.578125,0.6431087314992358,144.703125,3.501369760384728,0.398671875,0.9646630972488536,5.064609375,12.254794161346547,18.682738508595403,33626,,,0.2950978122485285,Information
531806,10007.0,7582.653918,PNG,Papua New Guinea,East Sepik,4.17013085,0.0,0.43,0.79,10007.0,,,,,,,,,,,,,,,,,,,,,,,,,8.701476182977963,83.40261699999999,0.0,,13.0,0.171,9.0,0.119,0.0,0.0,0.0,0.0,0.09,0.119,0.0,0.0,0.0,0.0,0.209,20.8125,0.2744751405586429,98.296875,1.2963386706114284,0.3121875,0.4117127108379643,3.440390625,4.537185347139999,8.701476182977963,27009,,,0.25921987747677,Information
531807,10008.0,29867.38789,PNG,Papua New Guinea,East Sepik,4.026257157,0.0,0.43,0.79,10008.0,,,,,,,,,,,,,,,,,,,,,,,,,23.28894724549121,80.52514314,0.0,,8.562,0.029,8.562,0.029,0.0,0.0,0.0,0.0,0.0856199999999999,0.029,0.0,0.0,0.0,0.0,0.1146199999999999,62.296875,0.2085782500606597,471.796875,1.5796388915429205,0.934453125,0.3128673750909895,16.512890625,5.528736120400222,23.28894724549121,275726,,,0.570974079431963,Advisory
531902,10011.0,17862.46624,PNG,Papua New Guinea,Madang,4.001844154,0.0,0.43,0.79,10011.0,,,,,,,,,,,,,,,,,,,,,,,,,4.667800576811146,80.03688308,0.0,,19.25,0.108,9.938,0.056,0.062,0.0,0.0,0.0,0.09938,0.056,0.0009299999999999,0.0,0.0,0.0,0.15631,2.953125,0.0165325714816889,84.234375,0.4715719198824608,0.044296875,0.0247988572225333,2.948203125,1.6505017195886127,4.667800576811146,403963,,,0.0730843346983373,Information
531903,10012.0,20137.55738,PNG,Papua New Guinea,Madang,4.070536666,1.249451572,0.43,0.79,10012.0,,,,,,,,,,,,,,,,,,,,,,,,,12.78422281269868,81.41073331999999,24.98903144,,38.438,0.191,35.625,0.177,3.0,0.015,0.0,0.0,0.35625,0.177,0.045,0.0225,0.0,0.0,0.60075,42.1875,0.2094966098130881,225.984375,1.122203506565442,0.6328125,0.3142449147196321,7.909453125,3.927712272979048,12.78422281269868,722167,,,0.3540635864343707,Advisory
531904,10013.0,12740.583,PNG,Papua New Guinea,Morobe,3.079087341,0.0,0.43,0.79,10013.0,,,,,,,,,,,,,,,,,,,,,,,,,5.660064426971711,61.581746820000006,0.0,,28.5,0.224,16.125,0.127,2.0,0.016,0.0,0.0,0.16125,0.127,0.03,0.024,0.0,0.0,0.34225,15.1875,0.1192056909591772,84.09375,0.6600463258665556,0.2278125,0.1788085364387658,2.94328125,2.310162140532945,5.660064426971711,188525,,,0.027740040726405,Information
531905,10014.0,4361.6283,PNG,Papua New Guinea,Morobe,3.748729136,0.127047141,0.43,0.79,10014.0,,,,,,,,,,,,,,,,,,,,,,,,,8.735230618902712,74.97458272,2.54094282,,21.188,0.486,17.312,0.397,2.438,0.056,0.0,0.0,0.17312,0.397,0.03657,0.084,0.0,0.0,0.69069,26.578125,0.6093624483687317,64.40625,1.4766560918141751,0.398671875,0.9140436725530976,2.25421875,5.168296321349613,8.735230618902712,46903,,,0.146278764732199,Information
531907,10016.0,14457.53522,PNG,Papua New Guinea,Oro,4.023313623,2.116017467,0.43,0.79,10016.0,,,,,,,,,,,,,,,,,,,,,,,,,6.279175627860102,80.46627246,42.32034933999999,,56.125,0.388,31.25,0.216,0.812,0.006,0.0,0.0,0.3125,0.216,0.01218,0.009,0.0,0.0,0.54968,17.4375,0.1206118451807738,98.578125,0.6818459957396975,0.2615625,0.1809177677711607,3.450234375,2.386460985088941,6.279175627860102,103672,,,0.1282077956673932,Information
531909,10018.0,9062.142926,PNG,Papua New Guinea,Milne Bay,3.629886239,2.633181811,0.43,0.79,10018.0,,,,,,,,,,,,,,,,,,,,,,,,,11.083758195233411,72.59772478000001,52.66363622,,14.312,0.158,12.875,0.142,0.562,0.006,0.0,0.0,0.12875,0.142,0.00843,0.009,0.0,0.0,0.28818,4.78125,0.05276069952974,148.5,1.6386852559825145,0.07171875,0.07914104929461,5.1975,5.735398395938801,11.083758195233411,109561,,,0.1826942249419403,Information
536001,10024.0,465.7506398,PNG,Papua New Guinea,Madang,0.955044555,4.037315399,0.43,0.79,10024.0,,,,,,,,,,,,,,,,,,,,,,,,,25.84834620520244,19.1008911,80.74630798,3.0,8.125,1.744,7.938,1.704,0.812,0.174,0.0,0.0,0.0793799999999999,1.704,0.01218,0.261,0.0,0.0,2.05656,3.515625,0.7548298809658447,31.359375,6.733082538215335,0.052734375,1.132244821448767,1.097578125,23.565788883753672,25.84834620520244,1310,0.0,0.0,0.615828795234624,Watch
536002,10025.0,1033.719057,PNG,Papua New Guinea,Morobe,2.16905517,3.336655515,0.43,0.79,10025.0,,,,,,,,,,,,,,,,,,,,,,,,,18.80758378695533,43.3811034,66.73311029999999,,9.875,0.955,6.312,0.611,0.875,0.085,0.0,0.0,0.06312,0.611,0.013125,0.1275,0.0,0.0,0.814745,0.0,0.0,50.34375,4.870157867701523,0.0,0.0,1.76203125,17.04555253695533,18.80758378695533,27332,,,0.2842363007197968,Information
531103,16202.0,1318.881568,PNG,Papua New Guinea,Central,3.527719403,2.691993541,0.43,0.79,16202.0,,,,,,,,,,,,,,,,,,,,,,,,,1.37632,70.55438806,53.83987082,,19.625,1.488,13.5,1.024,1.688,0.128,0.0,0.0,0.135,1.024,0.02532,0.192,0.0,0.0,1.37632,0.421875,0.0319873300330207,1.546875,0.1172868767877428,0.006328125,0.047980995049531,0.054140625,0.4105040687570997,0.5189538138066309,186675,,,0.0010951684600378,Information
531106,16203.0,9480.995057,PNG,Papua New Guinea,Gulf,4.164125162,4.003027701,0.43,0.79,16203.0,,,,,,,,,,,,,,,,,,,,,,,,,0.125692396984999,83.28250324000001,80.06055402,,11.0,0.116,5.625,0.059,0.0,0.0,0.0,0.0,0.05625,0.059,0.0,0.0,0.0,0.0,0.1152499999999999,0.140625,0.0014832303904597,1.6875,0.017798764685517,0.002109375,0.0022248455856895,0.0590625,0.0622956763993094,0.125692396984999,123273,,,5.03224027960644e-07,Information
531109,16204.0,1347.842876,PNG,Papua New Guinea,Gulf,4.008213909,4.07046106,0.43,0.79,16204.0,,,,,,,,,,,,,,,,,,,,,,,,,0.253,80.16427818,81.4092212,,3.0,0.223,3.0,0.223,0.0,0.0,0.0,0.0,0.03,0.223,0.0,0.0,0.0,0.0,0.253,,,,,,,,,,6432,,,8.655030829707501e-06,Information
531301,16205.0,4977.774895,PNG,Papua New Guinea,Gulf,4.268856106,4.263849697,0.43,0.79,16205.0,,,,,,,,,,,,,,,,,,,,,,,,,0.38025,85.37712212000001,85.27699394000001,,13.5,0.271,12.625,0.254,0.0,0.0,0.0,0.0,0.12625,0.254,0.0,0.0,0.0,0.0,0.38025,0.0,0.0,1.546875,0.0310756318387841,0.0,0.0,0.054140625,0.1087647114357443,0.1629053364357443,2350,,,0.000131368650681,Information
531303,16206.0,3735.145224,PNG,Papua New Guinea,Gulf,4.387282102,4.171481023,0.43,0.79,16206.0,16206.0,2.0,1.0,100.0,100.0,-9999.0,7.0,10.0,10.0,10.0,-999.9,-2939.7,0.0,0.0,0.0,0.0,0.0,0.0,0.0,0.0,0.0,0.0,0.0,-2939.7,-2939.7,87.74564204,83.42962046,,,,,,,,,,,,,,,,,,,,,,,,,,5190,,,,
531510,16207.0,26521.26354,PNG,Papua New Guinea,Western,4.018075494,3.045231328,0.43,0.79,16207.0,,,,,,,,,,,,,,,,,,,,,,,,,4.863481871749794,80.36150988,60.90462656,,17.875,0.067,15.062,0.057,0.0,0.0,0.0,0.0,0.15062,0.057,0.0,0.0,0.0,0.0,0.20762,3.796875,0.0143163427880726,99.28125,0.3743458521621959,0.056953125,0.0214745141821088,3.47484375,1.3102104825676857,4.863481871749794,180688,,,0.0813968831703009,Information
536003,16218.0,36559.50472,PNG,Papua New Guinea,West New Britain,4.091199957,2.966628672,0.43,0.79,16218.0,,,,,,,,,,,,,,,,,,,,,,,,,12.945498210637286,81.82399914,59.33257344,,83.188,0.228,70.75,0.194,3.688,0.01,0.0,0.0,0.7075,0.194,0.05532,0.015,0.0,0.0,0.97182,23.0625,0.0630820908963844,280.546875,0.767370556940774,0.3459375,0.0946231363445766,9.819140625,2.685796949292709,12.945498210637286,608308,,,0.3671715371833578,Advisory
536004,16219.0,129.5037255,PNG,Papua New Guinea,West New Britain,2.028099984,0.0,0.43,0.79,16219.0,,,,,,,,,,,,,,,,,,,,,,,,,36.29797369616853,40.56199968,0.0,,5.25,4.054,4.562,3.523,1.125,0.869,0.0,0.0,0.04562,3.523,0.016875,1.3035,0.0,0.0,4.888995,1.40625,1.085876096853592,12.65625,9.772884871682326,0.02109375,1.628814145280388,0.44296875,34.20509705088814,36.29797369616853,17570,,,0.3109455869960057,Advisory
536005,16220.0,9104.359043,PNG,Papua New Guinea,New Ireland,4.055423571,3.678875063,0.43,0.79,16220.0,,,,,,,,,,,,,,,,,,,,,,,,,5.3823317724682775,81.10847142,73.57750126,,58.0,0.637,56.688,0.623,2.312,0.025,0.0,0.0,0.56688,0.623,0.03468,0.0375,0.0,0.0,1.2620600000000002,2.671875,0.0293472059632112,72.140625,0.7923745610067031,0.040078125,0.0440208089448168,2.524921875,2.773310963523461,5.3823317724682775,139349,,,0.1046319842554397,Information
536006,16221.0,914.7176418,PNG,Papua New Guinea,New Ireland,0.0,3.066312795,0.43,0.79,16221.0,,,,,,,,,,,,,,,,,,,,,,,,,10.8397808843373,0.0,61.3262559,,10.688,1.168,9.875,1.08,0.062,0.007,0.0,0.0,0.09875,1.08,0.0009299999999999,0.0105,0.0,0.0,1.19018,2.8125,0.3074719314036316,24.75,2.705752996351958,0.0421875,0.4612078971054474,0.86625,9.470135487231854,10.8397808843373,63976,,,0.1016975494978254,Information
536008,16222.0,2358.284343,PNG,Papua New Guinea,Manus,1.906487688,4.004652663,0.43,0.79,16222.0,,,,,,,,,,,,,,,,,,,,,,,,,9.08631163292516,38.12975376,80.09305326,,5.938,0.252,5.938,0.252,0.0,0.0,0.0,0.0,0.0593799999999999,0.252,0.0,0.0,0.0,0.0,0.31138,4.359375,0.1848536633176642,47.671875,2.0214642536996186,0.065390625,0.2772804949764963,1.668515625,7.075124887948665,9.08631163292516,51195,,,0.2164321411564544,Information
538000,16225.0,6716.64819,PNG,Papua New Guinea,Milne Bay,1.188468474,4.001374098,0.43,0.79,16225.0,,,,,,,,,,,,,,,,,,,,,,,,,16.881903750431135,23.76936948,80.02748196,,32.938,0.49,28.75,0.428,0.125,0.002,0.0,0.0,0.2875,0.428,0.001875,0.003,0.0,0.0,0.720375,18.421875,0.2742718463110768,185.90625,2.767842601704149,0.276328125,0.4114077694666152,6.50671875,9.687449105964522,16.881903750431135,206832,,,0.4332464177256584,Advisory
537004,10030.0,4715.692304,SLB,Solomon Islands,Isabel,0.0,4.007755379,-9999.0,0.6,10030.0,,,,,,,,,,,,,,,,,,,,,,,,,12.631764135336171,0.0,80.15510757999999,,20.438,0.433,20.438,0.433,0.0,0.0,0.0,0.0,0.2043799999999999,0.433,0.0,0.0,0.0,0.0,0.63738,10.96875,0.2326010539538722,110.953125,2.3528491226872466,0.16453125,0.3489015809308083,3.883359375,8.234971929405363,12.631764135336171,20863,,,0.3257310094112265,Information
537005,10031.0,6429.915672,SLB,Solomon Islands,Guadalcanal,0.0,4.091471236,-9999.0,0.6,10031.0,,,,,,,,,,,,,,,,,,,,,,,,,12.993346329029844,0.0,81.82942472,,5.312,0.083,4.938,0.077,0.0,0.0,0.0,0.0,0.04938,0.077,0.0,0.0,0.0,0.0,0.12638,15.46875,0.2405746947437176,138.65625,2.1564240819755054,0.23203125,0.3608620421155764,4.85296875,7.547484286914269,12.993346329029844,189037,,,0.368674454440875,Advisory
537007,10033.0,3443.725074,SLB,Solomon Islands,Makira Ulawa,0.0,4.013155711,-9999.0,0.6,10033.0,,,,,,,,,,,,,,,,,,,,,,,,,6.955531153504676,0.0,80.26311421999999,,4.75,0.138,4.375,0.127,0.0,0.0,0.0,0.0,0.04375,0.127,0.0,0.0,0.0,0.0,0.17075,1.96875,0.0571691978287809,50.0625,1.4537310305032871,0.02953125,0.0857537967431713,1.7521875,5.088058606761505,6.955531153504676,25019,,,0.1484852465734921,Information
537008,10034.0,914.8158899,SLB,Solomon Islands,Rennell and Bellona,2.264731958,3.80102872,-9999.0,0.6,10034.0,,,,,,,,,,,,,,,,,,,,,,,,,9.521625944866312,45.29463916,76.0205744,,2.188,0.239,1.688,0.184,0.0,0.0,0.0,0.0,0.01688,0.184,0.0,0.0,0.0,0.0,0.20088,1.6875,0.1844633459707413,22.078125,2.4133954431172,0.0253125,0.2766950189561119,0.772734375,8.4468840509102,9.521625944866312,649,,,0.177839346165452,Information
554000,10036.0,19729.44257,NCL,New Caledonia,Nord,0.0,1.729064928,-9999.0,0.6,10036.0,,,,,,,,,,,,,,,,,,,,,,,,,15.39042209256035,0.0,34.58129856,,59.625,0.302,57.125,0.29,0.0,0.0,0.0,0.0,0.57125,0.29,0.0,0.0,0.0,0.0,0.8612500000000001,73.546875,0.3727772577666339,260.296875,1.3193321302601135,1.103203125,0.5591658866499508,9.110390625,4.617662455910398,15.39042209256035,298101,,,0.0739396680308018,Information
561001,10039.0,38275.00001,AUS,Australia,Western Australia,0.087381366,0.0,0.81,0.26,10039.0,,,,,,,,,,,,,,,,,,,,,,,,,5.350820000000001,1.74762732,0.0,,931.875,2.435,424.0,1.108,0.188,0.0,0.0,0.0,4.24,1.108,0.00282,0.0,0.0,0.0,5.350820000000001,0.0,0.0,12.515625,0.0326992161940351,0.0,0.0,0.438046875,0.1144472566791228,0.5524941316791229,3316,,,0.0018054701077585,Information
561101,10045.0,5179.076701,AUS,Australia,Western Australia,0.636478599,0.0,0.81,0.26,10045.0,,,,,,,,,,,,,,,,,,,,,,,,,2.315,12.72957198,0.0,,106.0,2.047,79.0,1.525,0.0,0.0,0.0,0.0,0.79,1.525,0.0,0.0,0.0,0.0,2.315,0.0,0.0,1.546875,0.0298677754605063,0.0,0.0,0.054140625,0.104537214111772,0.158677839111772,9113,,,0.0001419292869421,Information
561102,10046.0,4674.881744,AUS,Australia,Western Australia,1.697324374,0.0,0.81,0.26,10046.0,,,,,,,,,,,,,,,,,,,,,,,,,0.60612,33.94648748,0.0,,34.188,0.731,19.312,0.413,0.0,0.0,0.0,0.0,0.19312,0.413,0.0,0.0,0.0,0.0,0.60612,,,,,,,,,,1782,,,1.35841827854668e-06,Information
561103,10047.0,9524.254693,AUS,Australia,Western Australia,0.877553764,0.0,0.81,0.26,10047.0,,,,,,,,,,,,,,,,,,,,,,,,,1.5840675448309371,17.55107528,0.0,,65.188,0.684,37.188,0.39,0.312,0.003,0.0,0.0,0.37188,0.39,0.00468,0.0045,0.0,0.0,0.7710600000000001,0.0,0.0,22.078125,0.2318094770945535,0.0,0.0,0.772734375,0.8113331698309372,1.5840675448309371,9721,,,3.8720728476235154e-05,Information
561104,10048.0,22633.21017,AUS,Australia,Western Australia,1.399106548,0.0,0.81,0.26,10048.0,10048.0,0.0,16.0,2.0,-9999.0,-9999.0,0.0,1.0,0.2,-999.9,-999.9,-3997.2,0.0,0.0,0.0,0.0,0.0,0.0,0.0,0.0,0.0,0.0,0.0,-3997.2,0.6478090929282256,27.98213096,0.0,,40.375,0.178,16.438,0.073,0.0,0.0,0.0,0.0,0.16438,0.073,0.0,0.0,0.0,0.0,0.2373799999999999,0.421875,0.0018639644875889,12.65625,0.0559189346276692,0.006328125,0.0027959467313833,0.44296875,0.1957162711968422,0.6478090929282256,24743,,,1.232076662476943e-06,Information
561107,10051.0,425.0301692,AUS,Australia,Western Australia,0.067814105,0.877662559,0.81,0.26,10051.0,,,,,,,,,,,,,,,,,,,,,,,,,7.7262386088909105,1.3562821,17.55325118,,19.875,4.676,15.75,3.706,0.0,0.0,0.0,0.0,0.1575,3.706,0.0,0.0,0.0,0.0,3.8635,0.0,0.0,9.0,2.117496745397403,0.0,0.0,0.315,7.41123860889091,7.7262386088909105,14432,,,0.0089536227545782,Information
561109,10053.0,411.6540123,AUS,Australia,Western Australia,3.351401369,1.197835519,0.81,0.26,10053.0,,,,,,,,,,,,,,,,,,,,,,,,,0.379,67.02802738,23.95671038,,3.0,0.729,1.5,0.364,0.0,0.0,0.0,0.0,0.015,0.364,0.0,0.0,0.0,0.0,0.379,0.0,0.0,0.421875,0.1024829073546581,0.0,0.0,0.014765625,0.3586901757413033,0.3734558007413033,234132,,,3.987071552784722e-06,Information
561200,10054.0,14151.41421,AUS,Australia,Western Australia,0.304843622,0.0,0.81,0.26,10054.0,,,,,,,,,,,,,,,,,,,,,,,,,0.8494999999999999,6.096872439999999,0.0,,58.062,0.41,49.75,0.352,0.0,0.0,0.0,0.0,0.4975,0.352,0.0,0.0,0.0,0.0,0.8494999999999999,0.0,0.0,7.03125,0.0496858469066261,0.0,0.0,0.24609375,0.1739004641731913,0.4199942141731914,97,,,1.2670233046313112e-06,Information
561210,10055.0,8880.502323,AUS,Australia,Western Australia,0.567025161,0.0,0.81,0.26,10055.0,10055.0,0.0,14.0,2.0,-9999.0,-9999.0,0.0,1.0,0.2,-999.9,-999.9,-3997.2,0.0,0.0,0.0,0.0,0.0,0.0,0.0,0.0,0.0,0.0,0.0,-3997.2,0.5336748889416032,11.34050322,0.0,,,,,,,,,,,,,,,,,0.0,0.0,7.171875,0.0807597896976009,0.0,0.0,0.251015625,0.2826592639416032,0.5336748889416032,981551,,,1.5873302819284173e-07,Information
561260,10069.0,12213.89249,AUS,Australia,Western Australia,0.099132367,0.0,0.81,0.26,10069.0,,,,,,,,,,,,,,,,,,,,,,,,,1.0741931993111282,1.98264734,0.0,,26.75,0.219,18.312,0.15,0.0,0.0,0.0,0.0,0.18312,0.15,0.0,0.0,0.0,0.0,0.3331199999999999,0.984375,0.0080594699885188,16.453125,0.1347082840938143,0.014765625,0.0120892049827781,0.575859375,0.47147899432835,1.0741931993111282,545,,,3.1871997131924182e-06,Information
561270,10070.0,10010.53534,AUS,Australia,Western Australia,0.026187413,0.0,0.81,0.26,10070.0,,,,,,,,,,,,,,,,,,,,,,,,,0.7378927571575746,0.52374826,0.0,,8.125,0.081,7.0,0.07,0.0,0.0,0.0,0.0,0.07,0.07,0.0,0.0,0.0,0.0,0.14,0.0,0.0,10.546875,0.1053577520450213,0.0,0.0,0.369140625,0.3687521321575746,0.7378927571575746,762,,,4.6981976364286973e-07,Information
561290,10072.0,8641.845615,AUS,Australia,Western Australia,0.235259751,0.0,0.81,0.26,10072.0,,,,,,,,,,,,,,,,,,,,,,,,,0.2548145513625505,4.70519502,0.0,,18.625,0.216,10.75,0.124,0.0,0.0,0.0,0.0,0.1075,0.124,0.0,0.0,0.0,0.0,0.2314999999999999,0.0,0.0,3.375,0.0390541575321573,0.0,0.0,0.118125,0.1366895513625505,0.2548145513625505,56,,,1.569158771218537e-09,Information
561400,10082.0,15021.19381,AUS,Australia,Western Australia,0.442406749,0.0,0.81,0.26,10082.0,,,,,,,,,,,,,,,,,,,,,,,,,2.8161250000000004,8.84813498,0.0,,472.562,3.146,168.875,1.124,0.125,0.001,0.0,0.0,1.68875,1.124,0.001875,0.0015,0.0,0.0,2.8161250000000004,0.0,0.0,3.375,0.022468254132502,0.0,0.0,0.118125,0.078638889463757,0.196763889463757,263,,,0.0002533728035101,Information
561430,10085.0,11215.77358,AUS,Australia,Western Australia,1.84822167,0.0,0.81,0.26,10085.0,,,,,,,,,,,,,,,,,,,,,,,,,0.13138,36.9644334,0.0,,9.938,0.089,6.938,0.062,0.0,0.0,0.0,0.0,0.06938,0.062,0.0,0.0,0.0,0.0,0.13138,,,,,,,,,,93,,,3.342676739350557e-10,Information
561460,10088.0,6254.196715,AUS,Australia,Western Australia,2.01975445,0.0,0.81,0.26,10088.0,,,,,,,,,,,,,,,,,,,,,,,,,0.13488,40.395089000000006,0.0,,7.938,0.127,5.188,0.083,0.0,0.0,0.0,0.0,0.0518799999999999,0.083,0.0,0.0,0.0,0.0,0.13488,,,,,,,,,,45,,,5.606602010423347e-10,Information
561490,10091.0,17786.97672,AUS,Australia,Western Australia,0.042774501,0.0,0.81,0.26,10091.0,,,,,,,,,,,,,,,,,,,,,,,,,1.08438,0.85549002,0.0,,183.812,1.033,69.438,0.39,0.0,0.0,0.0,0.0,0.69438,0.39,0.0,0.0,0.0,0.0,1.08438,,,,,,,,,,959,,,3.1573328393919235e-06,Information
561500,10092.0,19083.41906,AUS,Australia,Western Australia,1.398575572,0.0,0.81,0.26,10092.0,,,,,,,,,,,,,,,,,,,,,,,,,1.372,27.97151144,0.0,,195.875,1.026,90.0,0.472,0.0,0.0,0.0,0.0,0.9,0.472,0.0,0.0,0.0,0.0,1.372,,,,,,,,,,77,,,3.73507622163454e-05,Information
561502,10093.0,2135.468604,AUS,Australia,Western Australia,0.101853633,0.0,0.81,0.26,10093.0,,,,,,,,,,,,,,,,,,,,,,,,,0.6964999999999999,2.03707266,0.0,,25.688,1.203,12.25,0.574,0.0,0.0,0.0,0.0,0.1225,0.574,0.0,0.0,0.0,0.0,0.6964999999999999,,,,,,,,,,6,,,3.782322526887006e-07,Information
561504,10095.0,11507.5246,AUS,Australia,Western Australia,2.103591483,0.0,0.81,0.26,10095.0,,,,,,,,,,,,,,,,,,,,,,,,,0.3135,42.071829660000006,0.0,,43.5,0.378,16.75,0.146,0.0,0.0,0.0,0.0,0.1675,0.146,0.0,0.0,0.0,0.0,0.3135,,,,,,,,,,16,,,8.986835718450915e-08,Information
561506,10097.0,1688.362037,AUS,Australia,Western Australia,4.015575687,0.0,0.81,0.26,10097.0,,,,,,,,,,,,,,,,,,,,,,,,,0.75738,80.31151374000001,0.0,,11.938,0.707,10.938,0.648,0.0,0.0,0.0,0.0,0.10938,0.648,0.0,0.0,0.0,0.0,0.75738,,,,,,,,,,0,,,0.0005611519373906,Information
561508,10099.0,1522.929975,AUS,Australia,Western Australia,1.919789789,0.0,0.81,0.26,10099.0,,,,,,,,,,,,,,,,,,,,,,,,,3.1492500000000003,38.39579578,0.0,,64.875,4.26,41.625,2.733,0.0,0.0,0.0,0.0,0.41625,2.733,0.0,0.0,0.0,0.0,3.1492500000000003,0.703125,0.0461692271696365,2.109375,0.1385076815089095,0.010546875,0.0692538407544547,0.073828125,0.4847768852811832,0.6384057260356379,0,,,0.0014718064808799,Information
561509,10100.0,2468.666646,AUS,Australia,Western Australia,0.492814925,0.0,0.81,0.26,10100.0,,,,,,,,,,,,,,,,,,,,,,,,,4.289997496974894,9.8562985,0.0,,51.938,2.104,11.875,0.481,0.0,0.0,0.0,0.0,0.11875,0.481,0.0,0.0,0.0,0.0,0.59975,8.71875,0.3531764814775553,20.53125,0.8316736499310174,0.13078125,0.529764722216333,0.71859375,2.910857774758561,4.289997496974894,2616,,,0.0011629415777246,Information
561601,10101.0,4192.242055,AUS,Australia,Western Australia,3.323068095,0.0,0.81,0.26,10101.0,10101.0,0.0,24.0,3.0,2.0,-9999.0,0.0,1.0,0.3,0.2,-999.9,-1996.8,0.0,0.0,0.0,0.0,0.0,0.0,0.0,0.0,0.0,0.0,0.0,-1996.8,0.77212,66.4613619,0.0,,40.438,0.965,22.812,0.544,0.0,0.0,0.0,0.0,0.22812,0.544,0.0,0.0,0.0,0.0,0.77212,,,,,,,,,,2768,,,8.119526763966142e-05,Information
561603,10103.0,10689.66337,AUS,Australia,Western Australia,0.803728657,0.0,0.81,0.26,10103.0,,,,,,,,,,,,,,,,,,,,,,,,,0.59162,16.07457314,0.0,,100.75,0.942,30.562,0.286,0.0,0.0,0.0,0.0,0.30562,0.286,0.0,0.0,0.0,0.0,0.59162,,,,,,,,,,83,,,3.619875604494524e-07,Information
561609,10109.0,12194.09345,AUS,Australia,Western Australia,0.752831293,0.0,0.81,0.26,10109.0,,,,,,,,,,,,,,,,,,,,,,,,,0.3128799999999999,15.05662586,0.0,,72.75,0.597,17.188,0.141,0.0,0.0,0.0,0.0,0.1718799999999999,0.141,0.0,0.0,0.0,0.0,0.3128799999999999,,,,,,,,,,117,,,1.0477848938180784e-08,Information
561700,10110.0,30393.7146,AUS,Australia,Western Australia,3.41650644,0.0,0.81,0.26,10110.0,,,,,,,,,,,,,,,,,,,,,,,,,1.427375,68.3301288,0.0,,195.25,0.642,107.25,0.353,0.125,0.0,0.0,0.0,1.0725,0.353,0.001875,0.0,0.0,0.0,1.427375,0.0,0.0,5.203125,0.0171190822477838,0.0,0.0,0.182109375,0.0599167878672433,0.2420261628672433,64,,,0.0009691439884296,Information
561701,10111.0,6210.565941,AUS,Australia,Western Australia,2.063581889,2.759993059,0.81,0.26,10111.0,,,,,,,,,,,,,,,,,,,,,,,,,8.359646652089035,41.27163778,55.19986118,,65.062,1.048,43.125,0.694,0.062,0.001,0.0,0.0,0.43125,0.694,0.0009299999999999,0.0015,0.0,0.0,1.12768,1.546875,0.0249071504052598,90.84375,1.4627290147088985,0.023203125,0.0373607256078897,3.17953125,5.119551551481145,8.359646652089035,2724,,,0.0465959940657853,Information
561702,10112.0,2523.164549,AUS,Australia,Western Australia,3.201232207,2.319787571,0.81,0.26,10112.0,,,,,,,,,,,,,,,,,,,,,,,,,2.100862088844552,64.02464413999999,46.39575142,,9.688,0.384,6.312,0.25,0.0,0.0,0.0,0.0,0.06312,0.25,0.0,0.0,0.0,0.0,0.31312,0.984375,0.0390135078801058,11.671875,0.4625887362926838,0.014765625,0.0585202618201586,0.408515625,1.619060577024393,2.100862088844552,0,,,0.0022522399235726,Information
561703,10113.0,66.39859773,AUS,Australia,Western Australia,0.927595712,4.025115616,0.81,0.26,10113.0,,,,,,,,,,,,,,,,,,,,,,,,,36.063125,18.55191424,80.50231232,3.0,2.938,4.424,1.75,2.636,0.0,0.0,0.0,0.0,0.0175,2.636,0.0,0.0,0.0,0.0,2.6535,0.0,0.0,30.375,45.74644802862062,0.0,0.0,1.063125,35.0,36.063125,0,0.0,0.0,0.7307143837238712,Watch
561707,10117.0,391.9552802,AUS,Australia,Western Australia,3.789054248,4.065071768,0.81,0.26,10117.0,,,,,,,,,,,,,,,,,,,,,,,,,41.366978988837744,75.78108496,81.30143536,3.0,3.812,0.973,3.812,0.973,0.0,0.0,0.0,0.0,0.03812,0.973,0.0,0.0,0.0,0.0,1.01112,4.5,1.1480901592251602,130.78125,33.36637025248122,0.0675,1.7221352388377404,4.57734375,35.0,41.366978988837744,0,0.0,0.0,0.7864128183400313,Watch
561708,10118.0,6832.895474,AUS,Australia,Western Australia,1.132539063,1.440803576,0.81,0.26,10118.0,,,,,,,,,,,,,,,,,,,,,,,,,3.39502252923504,22.65078126,28.81607152,,34.688,0.508,16.438,0.241,0.812,0.012,0.0,0.0,0.16438,0.241,0.01218,0.018,0.0,0.0,0.43556,0.0,0.0,39.375,0.5762564369242972,0.0,0.0,1.378125,2.01689752923504,3.39502252923504,10,,,0.0011713303028575,Information
561709,10119.0,1578.976763,AUS,Australia,Western Australia,0.746341282,3.577824428,0.81,0.26,10119.0,,,,,,,,,,,,,,,,,,,,,,,,,44.8099927877648,14.92682564,71.55648856,3.0,184.938,11.712,78.125,4.948,33.062,2.094,0.0,0.0,0.78125,4.948,0.49593,3.141,0.0,0.0,9.36618,4.078125,0.2582764418431963,267.46875,16.93937215123308,0.061171875,0.3874146627647944,9.36140625,35.0,44.8099927877648,0,0.0,0.0,0.6752694985203394,Watch
561802,10121.0,5551.666848,AUS,Australia,Western Australia,1.25951494,0.0,0.81,0.26,10121.0,,,,,,,,,,,,,,,,,,,,,,,,,0.10125,25.1902988,0.0,,33.75,0.608,3.625,0.065,0.0,0.0,0.0,0.0,0.03625,0.065,0.0,0.0,0.0,0.0,0.10125,,,,,,,,,,0,,,1.9861095023121603e-11,Information
561803,10122.0,2117.095314,AUS,Australia,Western Australia,1.569890855,0.0,0.81,0.26,10122.0,,,,,,,,,,,,,,,,,,,,,,,,,0.6616200000000001,31.3978171,0.0,,12.188,0.576,11.562,0.546,0.0,0.0,0.0,0.0,0.11562,0.546,0.0,0.0,0.0,0.0,0.6616200000000001,,,,,,,,,,0,,,1.730380755249029e-06,Information
561804,10123.0,6953.8814,AUS,Australia,Western Australia,2.412229324,0.0,0.81,0.26,10123.0,,,,,,,,,,,,,,,,,,,,,,,,,1.04575,48.24458648,0.0,,68.625,0.987,42.875,0.617,0.0,0.0,0.0,0.0,0.42875,0.617,0.0,0.0,0.0,0.0,1.04575,,,,,,,,,,222,,,4.774106118126749e-05,Information
561805,10124.0,1605.129981,AUS,Australia,Western Australia,1.414761004,0.0,0.81,0.26,10124.0,,,,,,,,,,,,,,,,,,,,,,,,,0.46075,28.29522008,0.0,,6.438,0.401,6.375,0.397,0.0,0.0,0.0,0.0,0.06375,0.397,0.0,0.0,0.0,0.0,0.46075,,,,,,,,,,169,,,2.2386463907825286e-07,Information
561806,10125.0,6156.671097,AUS,Australia,Western Australia,0.038071938,0.0,0.81,0.26,10125.0,,,,,,,,,,,,,,,,,,,,,,,,,0.4858099999999999,0.76143876,0.0,,34.375,0.558,18.438,0.299,0.062,0.001,0.0,0.0,0.18438,0.299,0.0009299999999999,0.0015,0.0,0.0,0.4858099999999999,,,,,,,,,,3721,,,5.203660472657509e-08,Information
561807,10126.0,13495.27432,AUS,Australia,Western Australia,0.245319348,0.0,0.81,0.26,10126.0,,,,,,,,,,,,,,,,,,,,,,,,,0.635,4.90638696,0.0,,50.062,0.371,36.5,0.27,0.0,0.0,0.0,0.0,0.365,0.27,0.0,0.0,0.0,0.0,0.635,3.234375,0.0239667228869878,3.375,0.0250087543168568,0.048515625,0.0359500843304817,0.118125,0.0875306401089988,0.2901213494394805,2309,,,2.7357911265914135e-07,Information
561808,10127.0,8279.400736,AUS,Australia,Western Australia,1.187101087,0.0,0.81,0.26,10127.0,,,,,,,,,,,,,,,,,,,,,,,,,0.1769949999999999,23.74202174,0.0,,9.25,0.112,7.812,0.094,0.125,0.002,0.0,0.0,0.07812,0.094,0.001875,0.003,0.0,0.0,0.1769949999999999,,,,,,,,,,540,,,6.566726182253677e-10,Information
561809,10128.0,28269.74509,AUS,Australia,Western Australia,0.662568383,0.0,0.81,0.26,10128.0,,,,,,,,,,,,,,,,,,,,,,,,,0.2475,13.25136766,0.0,,23.5,0.083,18.25,0.065,0.0,0.0,0.0,0.0,0.1825,0.065,0.0,0.0,0.0,0.0,0.2475,,,,,,,,,,58,,,2.323281192436858e-09,Information
561900,10129.0,351.5014083,AUS,Australia,Western Australia,0.0,1.694024848,0.81,0.26,10129.0,,,,,,,,,,,,,,,,,,,,,,,,,10.829552346664933,0.0,33.88049696,,10.062,2.863,3.812,1.085,0.562,0.16,0.0,0.0,0.03812,1.085,0.00843,0.24,0.0,0.0,1.3715499999999998,4.5,1.2802224668958997,8.578125,2.440424077520309,0.0675,1.9203337003438488,0.300234375,8.541484271321082,10.829552346664933,594,,,0.0352111311613406,Information
561910,10130.0,8306.688719,AUS,Australia,Western Australia,1.261227301,3.525987206,0.81,0.26,10130.0,,,,,,,,,,,,,,,,,,,,,,,,,17.527315447939248,25.22454602,70.51974412,,108.625,1.308,99.375,1.196,11.812,0.142,0.0,0.0,0.99375,1.196,0.17718,0.2129999999999999,0.0,0.0,2.57993,105.609375,1.27137754367914,181.96875,2.1906292164058683,1.584140625,1.9070663155187093,6.36890625,7.667202257420539,17.527315447939248,741,,,0.3015456575848675,Information
561920,10131.0,7604.682974,AUS,Australia,Western Australia,0.592983542,0.0,0.81,0.26,10131.0,,,,,,,,,,,,,,,,,,,,,,,,,0.8968735856521162,11.85967084,0.0,,53.312,0.701,28.688,0.377,0.0,0.0,0.0,0.0,0.2868799999999999,0.377,0.0,0.0,0.0,0.0,0.66388,7.453125,0.0980070441544906,7.875,0.1035546126915372,0.111796875,0.1470105662317359,0.275625,0.3624411444203802,0.8968735856521162,722,,,2.240023172436314e-06,Information
561930,10132.0,1725.40116,AUS,Australia,Western Australia,4.035585011,0.0,0.81,0.26,10132.0,,,,,,,,,,,,,,,,,,,,,,,,,16.996285963813662,80.71170022000001,0.0,,30.625,1.775,23.375,1.355,1.0,0.058,0.0,0.0,0.23375,1.355,0.015,0.087,0.0,0.0,1.69075,34.171875,1.9805176791294457,56.8125,3.2927125200341405,0.512578125,2.9707765186941684,1.9884375,11.524493820119492,16.996285963813662,24,,,0.4496665565375776,Advisory
561945,10137.0,4639.412102,AUS,Australia,Western Australia,2.210158629,0.0,0.81,0.26,10137.0,,,,,,,,,,,,,,,,,,,,,,,,,0.8877449999999999,44.20317258,0.0,,13.312,0.287,13.312,0.287,9.875,0.213,0.0,0.0,0.13312,0.287,0.148125,0.3195,0.0,0.0,0.8877449999999999,,,,,,,,,,334,,,1.7305755836878082e-05,Information
561949,10141.0,3524.557732,AUS,Australia,Western Australia,0.072236628,0.0,0.81,0.26,10141.0,,,,,,,,,,,,,,,,,,,,,,,,,0.59975,1.4447325599999998,0.0,,15.25,0.433,15.25,0.433,0.25,0.007,0.0,0.0,0.1525,0.433,0.00375,0.0105,0.0,0.0,0.59975,0.5625,0.0159594491778477,2.109375,0.0598479344169292,0.0084375,0.0239391737667715,0.073828125,0.2094677704592522,0.3156725692260237,6695,,,1.6816588467565682e-07,Information
561970,10143.0,9000.58574,AUS,Australia,Western Australia,3.270266581,2.710474847,0.81,0.26,10143.0,,,,,,,,,,,,,,,,,,,,,,,,,4.562812461021922,65.40533162,54.20949694,,18.188,0.202,17.75,0.197,2.688,0.03,0.0,0.0,0.1775,0.197,0.04032,0.045,0.0,0.0,0.45982,27.28125,0.3031052732194227,50.0625,0.5562138003407965,0.40921875,0.454657909829134,1.7521875,1.946748301192788,4.562812461021922,14803,,,0.0213946731262878,Information
561981,10144.0,3659.234474,AUS,Australia,Western Australia,0.30060968,2.994181502,0.81,0.26,10144.0,10144.0,0.0,15.0,-9999.0,-9999.0,-9999.0,0.0,1.0,-999.9,-999.9,-999.9,-5997.4,0.0,0.0,0.0,0.0,0.0,0.0,0.0,0.0,0.0,0.0,0.0,-5997.4,0.7847654046019934,6.0121936,59.88363004,,,,,,,,,,,,,,,,,1.546875,0.0422731861245614,5.34375,0.1460346429757575,0.023203125,0.0634097791868421,0.18703125,0.5111212504151512,0.7847654046019934,61,,,4.174495913153504e-05,Information
562100,10154.0,23589.14596,AUS,Australia,Western Australia,0.919010113,2.266679524,0.81,0.26,10154.0,,,,,,,,,,,,,,,,,,,,,,,,,9.678565696262542,18.38020226,45.333590480000005,,45.25,0.192,36.625,0.155,2.562,0.011,0.0,0.0,0.36625,0.155,0.03843,0.0165,0.0,0.0,0.5761799999999999,28.546875,0.1210169924932856,181.96875,0.7714088092921754,0.428203125,0.1815254887399284,6.36890625,2.6999308325226137,9.678565696262542,14497,,,0.0416959523216387,Information
562201,10155.0,5399.564283,AUS,Australia,Western Australia,3.226741243,0.0,0.81,0.26,10155.0,10155.0,0.0,10.0,-9999.0,-9999.0,-9999.0,0.0,1.0,-999.9,-999.9,-999.9,-5997.4,0.0,0.0,0.0,0.0,0.0,0.0,0.0,0.0,0.0,0.0,0.0,-5997.4,-5997.4,64.53482486,0.0,,,,,,,,,,,,,,,,,,,,,,,,,,479,,,,
562207,10161.0,2529.479381,AUS,Australia,Western Australia,2.260626252,0.0,0.81,0.26,10161.0,10161.0,0.0,1.0,-9999.0,-9999.0,-9999.0,0.0,10.0,-999.9,-999.9,-999.9,-5979.4,0.0,0.0,0.0,0.0,0.0,0.0,0.0,0.0,0.0,0.0,0.0,-5979.4,-5979.4,45.21252504,0.0,,,,,,,,,,,,,,,,,,,,,,,,,,1253,,,,
562209,10163.0,21951.56509,AUS,Australia,Western Australia,1.864028026,0.0,0.81,0.26,10163.0,10163.0,0.0,1.0,-9999.0,-9999.0,-9999.0,0.0,10.0,-999.9,-999.9,-999.9,-5979.4,0.0,0.0,0.0,0.0,0.0,0.0,0.0,0.0,0.0,0.0,0.0,-5979.4,-5979.4,37.28056052,0.0,,,,,,,,,,,,,,,,,,,,,,,,,,136,,,,
562331,10165.0,10753.99109,AUS,Australia,Western Australia,0.462498623,1.54608507,0.81,0.26,10165.0,,,,,,,,,,,,,,,,,,,,,,,,,25.87029035672507,9.24997246,30.9217014,,130.0,1.209,108.125,1.005,12.562,0.117,0.0,0.0,1.08125,1.005,0.18843,0.1755,0.0,0.0,2.45018,58.921875,0.5479070469543985,357.75,3.3266719032267065,0.883828125,0.8218605704315978,12.52125,11.643351661293472,25.87029035672507,37,,,0.1630141099811846,Information
562335,10169.0,12905.49272,AUS,Australia,Western Australia,2.379967139,0.0,0.81,0.26,10169.0,,,,,,,,,,,,,,,,,,,,,,,,,24.054258544182964,47.59934278,0.0,,162.812,1.262,132.812,1.029,11.625,0.09,0.0,0.0,1.3281200000000002,1.029,0.174375,0.135,0.0,0.0,2.6664950000000003,75.65625,0.5862329445416794,354.796875,2.749192786391556,1.13484375,0.8793494168125191,12.417890625,9.622174752370446,24.054258544182964,7,,,0.2181056029171264,Information
562339,10173.0,744.6774357,AUS,Australia,Western Australia,1.526164415,0.0,0.81,0.26,10173.0,,,,,,,,,,,,,,,,,,,,,,,,,12.579964411521352,30.5232883,0.0,,4.5,0.604,4.5,0.604,0.0,0.0,0.0,0.0,0.045,0.604,0.0,0.0,0.0,0.0,0.649,7.59375,1.0197368197131502,21.65625,2.908138337700465,0.11390625,1.5296052295697251,0.75796875,10.178484181951628,12.579964411521352,0,,,0.0437360164808367,Information
562350,10175.0,15655.64731,AUS,Australia,Western Australia,4.014232596,2.363310223,0.81,0.26,10175.0,,,,,,,,,,,,,,,,,,,,,,,,,11.370344634784102,80.28465192,47.26620446,,32.812,0.21,31.625,0.202,0.0,0.0,0.0,0.0,0.31625,0.202,0.0,0.0,0.0,0.0,0.51825,38.953125,0.2488119733147945,181.546875,1.1596254785176885,0.584296875,0.3732179599721917,6.354140625,4.05868917481191,11.370344634784102,39,,,0.2910263629072497,Information
562370,10177.0,12048.3453,AUS,Australia,Western Australia,2.448387523,3.346511647,0.81,0.26,10177.0,,,,,,,,,,,,,,,,,,,,,,,,,6.728213711089231,48.967750460000005,66.93023294,,18.125,0.15,18.125,0.15,0.0,0.0,0.0,0.0,0.18125,0.15,0.0,0.0,0.0,0.0,0.33125,31.5,0.2614466901067079,91.546875,0.7598294431226198,0.4725,0.3921700351600619,3.204140625,2.659403050929169,6.728213711089231,976,,,0.0556575564103694,Information
562381,10178.0,1989.0367,AUS,Australia,Western Australia,3.245733264,0.0,0.81,0.26,10178.0,10178.0,0.0,1.0,-9999.0,-9999.0,-9999.0,0.0,10.0,-999.9,-999.9,-999.9,-5979.4,0.0,0.0,0.0,0.0,0.0,0.0,0.0,0.0,0.0,0.0,0.0,-5979.4,5.857092408318708,64.91466528000001,0.0,,1.688,0.085,1.688,0.085,0.0,0.0,0.0,0.0,0.01688,0.085,0.0,0.0,0.0,0.0,0.10188,8.015625,0.4029903017715867,24.328125,1.2231109159032365,0.120234375,0.60448545265738,0.851484375,4.280888205661328,5.857092408318708,1496,,,0.0367165135659453,Information
562383,10180.0,6402.87768,AUS,Australia,Western Australia,0.004701055,0.0,0.81,0.26,10180.0,,,,,,,,,,,,,,,,,,,,,,,,,19.320358179275104,0.0940211,0.0,,227.688,3.556,227.688,3.556,115.062,1.797,0.0,0.0,2.27688,3.556,1.72593,2.6955,0.0,0.0,10.25431,45.703125,0.7137903812258828,195.890625,3.059415387838938,0.685546875,1.0706855718388242,6.856171875,10.707953857436282,19.320358179275104,4101,,,0.050184208472318,Information
562384,10181.0,6994.342806,AUS,Australia,Western Australia,0.150566263,0.0,0.81,0.26,10181.0,,,,,,,,,,,,,,,,,,,,,,,,,1.6486076605406716,3.01132526,0.0,,5.5,0.079,5.5,0.079,0.812,0.012,0.0,0.0,0.055,0.079,0.01218,0.018,0.0,0.0,0.16418,5.203125,0.0743904773367976,17.15625,0.2452875198672786,0.078046875,0.1115857160051964,0.60046875,0.8585063195354751,1.6486076605406716,624,,,2.3040501503670222e-05,Information
562387,10184.0,9015.298916,AUS,Australia,Western Australia,0.296745823,0.0,0.81,0.26,10184.0,10184.0,0.0,1.0,-9999.0,-9999.0,-9999.0,0.0,10.0,-999.9,-999.9,-999.9,-5979.4,0.0,0.0,0.0,0.0,0.0,0.0,0.0,0.0,0.0,0.0,0.0,-5979.4,-5979.4,5.93491646,0.0,,,,,,,,,,,,,,,,,,,,,,,,,,21,,,,
562390,10187.0,16014.01515,AUS,Australia,Northern Territory,2.978453445,4.000129489,0.81,0.26,10187.0,,,,,,,,,,,,,,,,,,,,,,,,,12.15179690629234,59.5690689,80.00258978,,28.5,0.178,28.5,0.178,0.688,0.004,0.0,0.0,0.285,0.178,0.01032,0.006,0.0,0.0,0.4793199999999999,36.703125,0.2291937697466492,198.0,1.236416964763533,0.550546875,0.3437906546199738,6.93,4.3274593766723655,12.15179690629234,92,,,0.3091977152936924,Information
562420,10189.0,16078.48051,AUS,Australia,Northern Territory,1.720433952,0.0,0.81,0.26,10189.0,10189.0,0.0,1.0,-9999.0,-9999.0,-9999.0,0.0,10.0,-999.9,-999.9,-999.9,-5979.4,0.0,0.0,0.0,0.0,0.0,0.0,0.0,0.0,0.0,0.0,0.0,-5979.4,0.253176151455124,34.40867904,0.0,,,,,,,,,,,,,,,,,0.5625,0.0034984649173017,4.21875,0.0262384868797633,0.0084375,0.0052476973759525,0.14765625,0.0918347040791715,0.253176151455124,256,,,1.3713647453230697e-08,Information
562430,10190.0,19057.46022,AUS,Australia,Northern Territory,1.611095887,0.0,0.81,0.26,10190.0,10190.0,0.0,1.0,-9999.0,-9999.0,-9999.0,0.0,10.0,-999.9,-999.9,-999.9,-5979.4,0.0,0.0,0.0,0.0,0.0,0.0,0.0,0.0,0.0,0.0,0.0,-5979.4,2.151654530481796,32.22191774,0.0,,,,,,,,,,,,,,,,,9.421875,0.0494393003659993,36.28125,0.1903782014093705,0.141328125,0.0741589505489989,1.26984375,0.6663237049327968,2.151654530481796,308,,,0.0002802914318666,Information
562510,10197.0,19141.12236,AUS,Australia,Northern Territory,0.144777593,2.842103876,0.81,0.26,10197.0,,,,,,,,,,,,,,,,,,,,,,,,,15.251948186070374,2.8955518600000003,56.84207752,,21.625,0.113,21.312,0.111,0.25,0.001,0.0,0.0,0.21312,0.111,0.00375,0.0015,0.0,0.0,0.32937,68.0625,0.3555825971445903,257.0625,1.342985511529568,1.0209375,0.5333738957168854,8.9971875,4.700449290353488,15.251948186070374,2935,,,0.1491330741073431,Information
562523,10200.0,14207.29795,AUS,Australia,Northern Territory,3.189851036,0.0,0.81,0.26,10200.0,10200.0,0.0,1.0,-9999.0,-9999.0,-9999.0,0.0,10.0,-999.9,-999.9,-999.9,-5979.4,0.0,0.0,0.0,0.0,0.0,0.0,0.0,0.0,0.0,0.0,0.0,-5979.4,3.576116862630312,63.79702072,0.0,,,,,,,,,,,,,,,,,25.734375,0.1811349004933649,48.9375,0.3444532533972185,0.386015625,0.2717023507400473,1.7128125,1.2055863868902648,3.576116862630312,658,,,0.0103101913330944,Information
562529,10206.0,9904.895004,AUS,Australia,Northern Territory,3.67847236,0.0,0.81,0.26,10206.0,10206.0,0.0,1.0,-9999.0,-9999.0,-9999.0,0.0,10.0,-999.9,-999.9,-999.9,-5979.4,0.0,0.0,0.0,0.0,0.0,0.0,0.0,0.0,0.0,0.0,0.0,-5979.4,-5979.4,73.5694472,0.0,,,,,,,,,,,,,,,,,,,,,,,,,,9095,,,,
562535,10210.0,993.9252866,AUS,Australia,Northern Territory,4.017022116,4.029788355,0.81,0.26,10210.0,,,,,,,,,,,,,,,,,,,,,,,,,19.35004401912984,80.34044232,80.5957671,,3.188,0.321,3.125,0.314,0.25,0.025,0.0,0.0,0.03125,0.314,0.00375,0.0375,0.0,0.0,0.3864999999999999,20.8125,2.093970269156926,41.0625,4.131346747255558,0.3121875,3.140955403735389,1.4371875,14.459713615394453,19.35004401912984,18,,,0.4988843439570371,Advisory
562536,10211.0,7430.371636,AUS,Australia,Northern Territory,1.335083416,1.201733003,0.81,0.26,10211.0,,,,,,,,,,,,,,,,,,,,,,,,,7.153491622935521,26.70166832,24.03466006,,3.875,0.052,3.875,0.052,0.5,0.007,0.0,0.0,0.03875,0.052,0.0075,0.0105,0.0,0.0,0.10875,32.34375,0.4352911480401982,73.265625,0.9860290788214924,0.48515625,0.6529367220602973,2.564296875,3.451101775875223,7.153491622935521,184,,,0.0099843020448206,Information
562573,10220.0,8167.418608,AUS,Australia,Northern Territory,0.292794023,0.0,0.81,0.26,10220.0,,,,,,,,,,,,,,,,,,,,,,,,,25.665488149014216,5.85588046,0.0,,30.0,0.367,27.625,0.338,0.125,0.002,0.0,0.0,0.27625,0.338,0.001875,0.003,0.0,0.0,0.6191249999999999,83.109375,1.0175721239874955,294.046875,3.600242489437993,1.246640625,1.5263581859812434,10.291640625,12.600848713032976,25.665488149014216,823,,,0.0968554061394897,Information
562577,10224.0,1558.881,AUS,Australia,Northern Territory,0.173395528,0.0,0.81,0.26,10224.0,,,,,,,,,,,,,,,,,,,,,,,,,3.5556560475260333,3.46791056,0.0,,1.438,0.092,1.438,0.092,0.0,0.0,0.0,0.0,0.0143799999999999,0.092,0.0,0.0,0.0,0.0,0.10638,0.140625,0.0090208938343871,13.640625,0.8750267019355579,0.002109375,0.0135313407515806,0.477421875,3.0625934567744526,3.5556560475260333,2439,,,0.0004811280320702,Information
562579,10226.0,1449.061097,AUS,Australia,Northern Territory,0.277069897,3.011254452,0.81,0.26,10226.0,,,,,,,,,,,,,,,,,,,,,,,,,10.660821959139303,5.54139794,60.22508904,,2.875,0.198,2.75,0.19,0.0,0.0,0.0,0.0,0.0275,0.19,0.0,0.0,0.0,0.0,0.2175,3.65625,0.2523185536087774,36.984375,2.552299215350325,0.05484375,0.3784778304131661,1.294453125,8.933047253726137,10.660821959139303,1307,,,0.0939761722685881,Information
562580,10227.0,10439.6151,AUS,Australia,Northern Territory,0.565107708,2.44736292,0.81,0.26,10227.0,,,,,,,,,,,,,,,,,,,,,,,,,16.0956890289214,11.30215416,48.9472584,,16.688,0.16,16.688,0.16,0.0,0.0,0.0,0.0,0.16688,0.16,0.0,0.0,0.0,0.0,0.32688,28.96875,0.2774886785764298,222.46875,2.1310052888733586,0.43453125,0.4162330178646446,7.78640625,7.458518511056755,16.0956890289214,831,,,0.1241870053475093,Information
562599,10236.0,1435.885047,AUS,Australia,Northern Territory,3.161640385,4.005447925,0.81,0.26,10236.0,,,,,,,,,,,,,,,,,,,,,,,,,8.556694022330152,63.2328077,80.1089585,,4.625,0.322,4.5,0.313,0.0,0.0,0.0,0.0,0.045,0.313,0.0,0.0,0.0,0.0,0.358,17.15625,1.194820576864239,23.34375,1.625739473438227,0.25734375,1.7922308652963586,0.81703125,5.690088157033794,8.556694022330152,0,,,0.199458905597452,Information
562605,10241.0,10007.25561,AUS,Australia,Northern Territory,2.740487989,0.0,0.81,0.26,10241.0,10241.0,0.0,1.0,-9999.0,-9999.0,-9999.0,0.0,10.0,-999.9,-999.9,-999.9,-5979.4,0.0,0.0,0.0,0.0,0.0,0.0,0.0,0.0,0.0,0.0,0.0,-5979.4,-5979.4,54.80975978,0.0,,,,,,,,,,,,,,,,,,,,,,,,,,63,,,,
562710,10246.0,5866.822615,AUS,Australia,Northern Territory,0.807894775,3.153502217,0.81,0.26,10246.0,,,,,,,,,,,,,,,,,,,,,,,,,5.187569341296145,16.1578955,63.07004434,,9.938,0.169,9.812,0.167,0.0,0.0,0.0,0.0,0.09812,0.167,0.0,0.0,0.0,0.0,0.26512,20.25,0.345161279433024,46.125,0.7862006920418881,0.30375,0.517741919149536,1.614375,2.7517024221466087,5.187569341296145,0,,,0.0248371631221319,Information
562730,10248.0,5789.767468,AUS,Australia,Northern Territory,1.158957724,2.664872875,0.81,0.26,10248.0,,,,,,,,,,,,,,,,,,,,,,,,,4.930026219827213,23.17915448,53.2974575,,19.25,0.332,17.062,0.295,1.0,0.017,0.0,0.0,0.17062,0.295,0.015,0.0255,0.0,0.0,0.50612,22.078125,0.3813300813985784,42.1875,0.7286562064940988,0.331171875,0.5719951220978676,1.4765625,2.5502967227293456,4.930026219827213,20,,,0.0122736180258115,Information
562740,10249.0,18013.41694,AUS,Australia,Northern Territory,1.884481499,0.0,0.81,0.26,10249.0,10249.0,0.0,1.0,-9999.0,-9999.0,-9999.0,0.0,10.0,-999.9,-999.9,-999.9,-5979.4,0.0,0.0,0.0,0.0,0.0,0.0,0.0,0.0,0.0,0.0,0.0,-5979.4,1.1995245785105508,37.68962998,0.0,,,,,,,,,,,,,,,,,4.5,0.0249813792385371,20.109375,0.1116355384722129,0.0675,0.0374720688578056,0.703828125,0.3907243846527451,1.1995245785105508,1313,,,3.904253877990311e-05,Information
562750,10250.0,1160.783517,AUS,Australia,Queensland,1.062839978,3.233629106,0.81,0.26,10250.0,,,,,,,,,,,,,,,,,,,,,,,,,8.268037706778745,21.25679956,64.67258212,,15.75,1.357,12.938,1.115,1.438,0.124,0.0,0.0,0.12938,1.115,0.02157,0.186,0.0,0.0,1.45195,1.546875,0.1332612823378025,23.90625,2.0594925452205834,0.023203125,0.1998919235067037,0.83671875,7.208223908272042,8.268037706778745,1136,,,0.0732143608953084,Information
562751,10251.0,2070.914904,AUS,Australia,Northern Territory,3.55731128,4.010256949,0.81,0.26,10251.0,,,,,,,,,,,,,,,,,,,,,,,,,9.135252227875654,71.1462256,80.20513898000002,,26.625,1.286,23.25,1.123,2.0,0.097,0.0,0.0,0.2325,1.123,0.03,0.1455,0.0,0.0,1.531,15.890625,0.7673238996186172,37.96875,1.833428786699351,0.238359375,1.150985849427926,1.32890625,6.417000753447729,9.135252227875654,0,,,0.2196778835319565,Information
562753,10253.0,1830.19721,AUS,Australia,Northern Territory,4.010636274,4.033815626,0.81,0.26,10253.0,,,,,,,,,,,,,,,,,,,,,,,,,9.067123586156733,80.21272548,80.67631252,,15.125,0.826,12.875,0.703,1.5,0.082,0.0,0.0,0.12875,0.703,0.0225,0.123,0.0,0.0,0.97725,18.703125,1.0219185614875643,32.0625,1.751860391121539,0.280546875,1.5328778422313465,1.1221875,6.131511368925386,9.067123586156733,2,,,0.2246218201008396,Information
562755,10255.0,1823.795088,AUS,Australia,Northern Territory,3.557311325,4.013077959,0.81,0.26,10255.0,,,,,,,,,,,,,,,,,,,,,,,,,2.7441628712033905,71.1462265,80.26155918,,4.062,0.223,4.062,0.223,0.188,0.01,0.0,0.0,0.04062,0.223,0.00282,0.015,0.0,0.0,0.28144,3.9375,0.2158959647631061,10.40625,0.570582192588209,0.0590625,0.3238439471446591,0.36421875,1.997037674058732,2.7441628712033905,0,,,0.0242425418344692,Information
562756,10256.0,8352.412294,AUS,Australia,Northern Territory,1.210823353,0.0,0.81,0.26,10256.0,,,,,,,,,,,,,,,,,,,,,,,,,3.723323879344096,24.216467060000003,0.0,,30.25,0.362,30.25,0.362,12.875,0.154,0.0,0.0,0.3025,0.362,0.193125,0.2309999999999999,0.0,0.0,1.088625,21.09375,0.2525468003332899,39.375,0.4714206939554745,0.31640625,0.3788202004999348,1.378125,1.6499724288441606,3.723323879344096,29,,,0.0012922688514677,Information
562757,10257.0,2405.331303,AUS,Australia,Northern Territory,4.035941783,4.002358414,0.81,0.26,10257.0,,,,,,,,,,,,,,,,,,,,,,,,,3.096876413878672,80.71883566,80.04716828,,5.188,0.216,4.812,0.2,0.625,0.026,0.0,0.0,0.04812,0.2,0.009375,0.039,0.0,0.0,0.296495,5.90625,0.2455482948077382,14.625,0.6080243490477328,0.08859375,0.3683224422116073,0.511875,2.1280852216670647,3.096876413878672,0,,,0.0337196820034976,Information
562759,10259.0,15269.13409,AUS,Australia,Queensland,2.234795194,4.001524329,0.81,0.26,10259.0,,,,,,,,,,,,,,,,,,,,,,,,,3.295351456192328,44.69590388,80.03048658,,36.875,0.242,34.75,0.228,8.062,0.053,0.0,0.0,0.3475,0.228,0.12093,0.0795,0.0,0.0,0.77593,9.703125,0.0635473167212363,52.734375,0.3453658517458496,0.145546875,0.0953209750818544,1.845703125,1.2087804811104736,3.295351456192328,23,,,0.0357967847806198,Information
562761,10261.0,465.8468178,AUS,Australia,Queensland,3.392960428,2.136209714,0.81,0.26,10261.0,,,,,,,,,,,,,,,,,,,,,,,,,1.8797960899663173,67.85920856,42.72419428,,2.062,0.443,2.062,0.443,0.0,0.0,0.0,0.0,0.02062,0.443,0.0,0.0,0.0,0.0,0.46362,0.0,0.0,2.390625,0.5131783471332336,0.0,0.0,0.083671875,1.7961242149663177,1.8797960899663173,2,,,0.0022630225279052,Information
562762,10262.0,27942.99824,AUS,Australia,Queensland,1.416475773,0.0,0.81,0.26,10262.0,10262.0,0.0,1.0,-9999.0,-9999.0,-9999.0,0.0,10.0,-999.9,-999.9,-999.9,-5979.4,0.0,0.0,0.0,0.0,0.0,0.0,0.0,0.0,0.0,0.0,0.0,-5979.4,1.515193535726748,28.32951546,0.0,,9.312,0.033,9.312,0.033,0.938,0.003,0.0,0.0,0.09312,0.033,0.01407,0.0045,0.0,0.0,0.14469,5.484375,0.0196270097899724,29.53125,0.1056838988690826,0.082265625,0.0294405146849586,1.03359375,0.3698936460417891,1.515193535726748,213,,,5.750262291975461e-05,Information
562770,10270.0,4555.776208,AUS,Australia,Queensland,2.674793188,2.576257972,0.81,0.26,10270.0,,,,,,,,,,,,,,,,,,,,,,,,,2.5947021495322025,53.495863760000006,51.52515944,,12.0,0.263,11.375,0.25,0.125,0.003,0.0,0.0,0.11375,0.25,0.001875,0.0045,0.0,0.0,0.370125,0.0,0.0,23.203125,0.5093122212949149,0.0,0.0,0.812109375,1.7825927745322023,2.5947021495322025,246,,,0.0019504298515174,Information
562781,10271.0,384.848151,AUS,Australia,Queensland,3.876658934,0.0,0.81,0.26,10271.0,,,,,,,,,,,,,,,,,,,,,,,,,17.664159072676156,77.53317867999999,0.0,,7.562,1.965,7.438,1.933,0.0,0.0,0.0,0.0,0.07438,1.933,0.0,0.0,0.0,0.0,2.00738,0.0,0.0,18.703125,4.859871342193188,0.0,0.0,0.654609375,17.009549697676157,17.664159072676156,0,,,0.4049705807609203,Advisory
562782,10272.0,7334.930515,AUS,Australia,Queensland,0.663956213,0.0,0.81,0.26,10272.0,,,,,,,,,,,,,,,,,,,,,,,,,0.7677160435083684,13.27912426,0.0,,6.125,0.084,6.125,0.084,1.75,0.024,0.0,0.0,0.06125,0.084,0.02625,0.036,0.0,0.0,0.2075,0.0,0.0,9.28125,0.126534941002391,0.0,0.0,0.32484375,0.4428722935083684,0.7677160435083684,10,,,1.1391381609375428e-06,Information
562783,10273.0,1180.003514,AUS,Australia,Queensland,2.577096525,0.0,0.81,0.26,10273.0,10273.0,0.0,10.0,-9999.0,-9999.0,-9999.0,0.0,1.0,-999.9,-999.9,-999.9,-5997.4,0.0,0.0,0.0,0.0,0.0,0.0,0.0,0.0,0.0,0.0,0.0,-5997.4,-5997.4,51.5419305,0.0,,,,,,,,,,,,,,,,,,,,,,,,,,14,,,,
562787,10277.0,1619.954567,AUS,Australia,Queensland,3.187728827,0.0,0.81,0.26,10277.0,10277.0,0.0,4.0,-9999.0,-9999.0,-9999.0,0.0,7.0,-999.9,-999.9,-999.9,-5985.4,0.0,0.0,0.0,0.0,0.0,0.0,0.0,0.0,0.0,0.0,0.0,-5985.4,0.9885308027552236,63.75457654,0.0,,,,,,,,,,,,,,,,,0.984375,0.0607655930539445,3.515625,0.2170199751926591,0.014765625,0.0911483895809167,0.123046875,0.7595699131743068,0.9885308027552236,98,,,0.0001579811846557,Information
562789,10279.0,9455.515462,AUS,Australia,Queensland,0.03022506,0.0,0.81,0.26,10279.0,,,,,,,,,,,,,,,,,,,,,,,,,1.898121058156204,0.6045012000000001,0.0,,11.125,0.118,10.188,0.108,1.125,0.012,0.0,0.0,0.10188,0.108,0.016875,0.018,0.0,0.0,0.244755,4.078125,0.0431295894611736,24.609375,0.2602647639898409,0.061171875,0.0646943841917604,0.861328125,0.910926673964443,1.898121058156204,21046,,,3.7751664201240806e-05,Information
562790,10280.0,6526.722788,AUS,Australia,Queensland,3.146934702,0.0,0.81,0.26,10280.0,,,,,,,,,,,,,,,,,,,,,,,,,2.9412650210257523,62.93869404,0.0,,10.812,0.166,9.938,0.152,0.438,0.007,0.0,0.0,0.09938,0.152,0.00657,0.0105,0.0,0.0,0.26845,0.0,0.0,33.1875,0.5084864345787864,0.0,0.0,1.1615625,1.7797025210257524,2.9412650210257523,5,,,0.0056427231150831,Information
562810,10281.0,1794.04172,AUS,Australia,Queensland,1.115354942,0.0,0.81,0.26,10281.0,10281.0,0.0,8.0,-9999.0,-9999.0,-9999.0,0.0,3.0,-999.9,-999.9,-999.9,-5993.4,0.0,0.0,0.0,0.0,0.0,0.0,0.0,0.0,0.0,0.0,0.0,-5993.4,3.3974259558034143,22.30709884,0.0,,4.688,0.261,4.688,0.261,0.0,0.0,0.0,0.0,0.04688,0.261,0.0,0.0,0.0,0.0,0.30788,0.0,0.0,14.765625,0.823036880229547,0.0,0.0,0.516796875,2.8806290808034145,3.3974259558034143,3,,,0.0008747881009088,Information
562843,10286.0,2366.864341,AUS,Australia,Queensland,2.51682189,0.0,0.81,0.26,10286.0,10286.0,0.0,1.0,-9999.0,-9999.0,-9999.0,0.0,10.0,-999.9,-999.9,-999.9,-5979.4,0.0,0.0,0.0,0.0,0.0,0.0,0.0,0.0,0.0,0.0,0.0,-5979.4,-5979.4,50.3364378,0.0,,,,,,,,,,,,,,,,,,,,,,,,,,24,,,,
562848,10291.0,23146.86015,AUS,Australia,Queensland,1.081526613,0.0,0.81,0.26,10291.0,10291.0,0.0,1.0,-9999.0,-9999.0,-9999.0,0.0,10.0,-999.9,-999.9,-999.9,-5979.4,0.0,0.0,0.0,0.0,0.0,0.0,0.0,0.0,0.0,0.0,0.0,-5979.4,-5979.4,21.630532260000003,0.0,,,,,,,,,,,,,,,,,,,,,,,,,,879,,,,
562910,10298.0,43.46889655,AUS,Australia,Queensland,0.0,4.060984984,0.81,0.26,10298.0,,,,,,,,,,,,,,,,,,,,,,,,,14.783560916338129,0.0,81.21969968,,0.812,1.869,0.812,1.869,0.0,0.0,0.0,0.0,0.00812,1.869,0.0,0.0,0.0,0.0,1.87712,0.0,0.0,1.828125,4.205593297525179,0.0,0.0,0.063984375,14.719576541338126,14.783560916338129,0,,,0.4054393319348021,Advisory
562921,10299.0,4980.457516,AUS,Australia,Queensland,1.876111731,2.252087293,0.81,0.26,10299.0,,,,,,,,,,,,,,,,,,,,,,,,,2.072595032381428,37.52223462,45.041745860000006,,5.0,0.1,4.062,0.082,0.125,0.003,0.0,0.0,0.04062,0.082,0.001875,0.0045,0.0,0.0,0.128995,0.0,0.0,19.6875,0.3952950092518366,0.0,0.0,0.6890625,1.383532532381428,2.072595032381428,1381,,,0.0005231485742055,Information
562923,10301.0,12113.06797,AUS,Australia,Queensland,1.628284695,1.097204089,0.81,0.26,10301.0,10301.0,0.0,1.0,-9999.0,-9999.0,-9999.0,0.0,10.0,-999.9,-999.9,-999.9,-5979.4,0.0,0.0,0.0,0.0,0.0,0.0,0.0,0.0,0.0,0.0,0.0,-5979.4,0.8805448922061095,32.5656939,21.94408178,,,,,,,,,,,,,,,,,0.0,0.0,13.78125,0.1137717549160313,0.0,0.0,0.48234375,0.3982011422061095,0.8805448922061095,291,,,7.17722473928672e-06,Information
562930,10308.0,4761.266663,AUS,Australia,Queensland,2.723307692,4.019670491,0.81,0.26,10308.0,,,,,,,,,,,,,,,,,,,,,,,,,0.2746655587742476,54.46615384,80.39340982,,4.562,0.096,4.188,0.088,0.312,0.007,0.0,0.0,0.04188,0.088,0.00468,0.0105,0.0,0.0,0.14506,0.0,0.0,2.53125,0.0531633739354993,0.0,0.0,0.08859375,0.1860718087742475,0.2746655587742476,512,,,9.858713794810837e-06,Information
562942,10310.0,14196.87437,AUS,Australia,Queensland,2.430943087,0.0,0.81,0.26,10310.0,10310.0,0.0,1.0,-9999.0,-9999.0,-9999.0,0.0,10.0,-999.9,-999.9,-999.9,-5979.4,0.0,0.0,0.0,0.0,0.0,0.0,0.0,0.0,0.0,0.0,0.0,-5979.4,0.4314212878680997,48.61886174,0.0,,,,,,,,,,,,,,,,,1.125,0.0079242794608044,6.75,0.0475456767648266,0.016875,0.0118864191912065,0.23625,0.1664098686768931,0.4314212878680997,141,,,8.767317171293622e-07,Information
562947,10315.0,8936.340456,AUS,Australia,Queensland,1.148345148,0.0,0.81,0.26,10315.0,,,,,,,,,,,,,,,,,,,,,,,,,3.0022298405460672,22.96690296,0.0,,8.375,0.094,8.375,0.094,0.438,0.005,0.0,0.0,0.08375,0.094,0.00657,0.0075,0.0,0.0,0.19182,0.28125,0.0031472614700666,40.359375,0.4516320209545622,0.00421875,0.0047208922050999,1.412578125,1.5807120733409676,3.0022298405460672,123,,,0.0005875009095327,Information
562948,10316.0,3098.646181,AUS,Australia,Queensland,3.069408383,0.0,0.81,0.26,10316.0,,,,,,,,,,,,,,,,,,,,,,,,,1.2959058521961095,61.38816765999999,0.0,,5.062,0.163,5.062,0.163,1.375,0.044,0.0,0.0,0.05062,0.163,0.020625,0.066,0.0,0.0,0.300245,0.421875,0.0136148167733409,8.578125,0.2768346077245995,0.006328125,0.0204222251600113,0.300234375,0.9689211270360982,1.2959058521961095,75,,,0.0003439600537289,Information
562950,10318.0,2144.035587,AUS,Australia,Queensland,4.012570094,0.0,0.81,0.26,10318.0,,,,,,,,,,,,,,,,,,,,,,,,,0.250902004407783,80.25140188,0.0,,2.938,0.137,2.688,0.125,0.438,0.02,0.0,0.0,0.02688,0.125,0.00657,0.03,0.0,0.0,0.18845,0.0,0.0,1.265625,0.0590300369736523,0.0,0.0,0.044296875,0.206605129407783,0.250902004407783,0,,,6.333631078932068e-06,Information
562960,10319.0,25589.16606,AUS,Australia,Queensland,1.00481165,0.067894076,0.81,0.26,10319.0,,,,,,,,,,,,,,,,,,,,,,,,,7.269704793078498,20.096233,1.3578815199999998,,20.0,0.078,20.0,0.078,1.188,0.005,0.0,0.0,0.2,0.078,0.01782,0.0075,0.0,0.0,0.30332,0.0,0.0,149.34375,0.5836210123081425,0.0,0.0,5.22703125,2.0426735430784984,7.269704793078498,23,,,0.0082625415764595,Information
562970,10320.0,8048.66659,AUS,Australia,Queensland,1.670999191,2.10970454,0.81,0.26,10320.0,,,,,,,,,,,,,,,,,,,,,,,,,1.764346219630672,33.41998382,42.1940908,,8.812,0.109,8.188,0.102,0.875,0.011,0.0,0.0,0.08188,0.102,0.013125,0.0165,0.0,0.0,0.213505,0.28125,0.0034943676304939,22.359375,0.277802226624266,0.00421875,0.0052415514457408,0.782578125,0.9723077931849312,1.764346219630672,1056,,,0.0002421338705381,Information
562983,10323.0,1445.646854,AUS,Australia,Queensland,2.684946763,0.0,0.81,0.26,10323.0,10323.0,0.0,1.0,-9999.0,-9999.0,-9999.0,0.0,10.0,-999.9,-999.9,-999.9,-5979.4,0.0,0.0,0.0,0.0,0.0,0.0,0.0,0.0,0.0,0.0,0.0,-5979.4,0.9742013227687996,53.69893526,0.0,,,,,,,,,,,,,,,,,0.0,0.0,3.515625,0.2431869850767999,0.0,0.0,0.123046875,0.8511544477687997,0.9742013227687996,0,,,5.6392136583233335e-05,Information
562988,10328.0,10549.41606,AUS,Australia,Queensland,0.075217661,0.0,0.81,0.26,10328.0,10328.0,0.0,20.0,-9999.0,-9999.0,-9999.0,0.0,1.0,-999.9,-999.9,-999.9,-5997.4,0.0,0.0,0.0,0.0,0.0,0.0,0.0,0.0,0.0,0.0,0.0,-5997.4,1.933919092262732,1.50435322,0.0,,,,,,,,,,,,,,,,,3.515625,0.0333253042585953,26.859375,0.2546053245356683,0.052734375,0.0499879563878929,0.940078125,0.8911186358748391,1.933919092262732,1196,,,4.239108080878219e-05,Information
562989,10329.0,8740.355037,AUS,Australia,Queensland,0.191016309,0.0,0.81,0.26,10329.0,10329.0,0.0,1.0,-9999.0,-9999.0,-9999.0,0.0,10.0,-999.9,-999.9,-999.9,-5979.4,0.0,0.0,0.0,0.0,0.0,0.0,0.0,0.0,0.0,0.0,0.0,-5979.4,-5979.4,3.82032618,0.0,,,,,,,,,,,,,,,,,,,,,,,,,,2766,,,,
562991,10330.0,12896.60867,AUS,Australia,Queensland,1.648985077,0.0,0.81,0.26,10330.0,,,,,,,,,,,,,,,,,,,,,,,,,0.8388753876614458,32.97970154,0.0,,8.625,0.067,8.375,0.065,0.812,0.006,0.0,0.0,0.08375,0.065,0.01218,0.009,0.0,0.0,0.16993,0.0,0.0,13.5,0.1046786821889845,0.0,0.0,0.4725,0.3663753876614458,0.8388753876614458,681,,,5.9152409361437576e-06,Information
562993,10332.0,2200.637156,AUS,Australia,Queensland,3.790558685,0.0,0.81,0.26,10332.0,,,,,,,,,,,,,,,,,,,,,,,,,4.440075284223844,75.8111737,0.0,,6.75,0.307,6.375,0.29,0.938,0.043,0.0,0.0,0.06375,0.29,0.01407,0.0645,0.0,0.0,0.43232,2.53125,0.1150235054715174,21.796875,0.9904801860047336,0.03796875,0.1725352582072761,0.762890625,3.466680651016568,4.440075284223844,0,,,0.0450168972633303,Information
562994,10333.0,12011.59141,AUS,Australia,Queensland,2.029663979,0.0,0.81,0.26,10333.0,,,,,,,,,,,,,,,,,,,,,,,,,0.2551224177391409,40.59327958,0.0,,26.0,0.216,11.625,0.097,0.125,0.001,0.0,0.0,0.11625,0.097,0.001875,0.0015,0.0,0.0,0.2166249999999999,0.421875,0.0035122323557315,3.796875,0.0316100912015839,0.006328125,0.0052683485335972,0.132890625,0.1106353192055436,0.2551224177391409,366,,,2.512562366112204e-08,Information
562995,10334.0,41489.45645,AUS,Australia,Queensland,2.217502574,2.762545558,0.81,0.26,10334.0,,,,,,,,,,,,,,,,,,,,,,,,,12.734662621119751,44.350051480000005,55.25091116,,390.562,0.941,215.312,0.519,5.875,0.014,0.0,0.0,2.15312,0.519,0.088125,0.021,0.0,0.0,2.781245,86.90625,0.2094658678021114,255.9375,0.6168735912618817,1.30359375,0.3141988017031671,8.9578125,2.1590575694165857,12.734662621119751,15756,,,0.1044232713591986,Information
562997,10336.0,298.2434438,AUS,Australia,Queensland,4.025560304,0.0,0.81,0.26,10336.0,,,,,,,,,,,,,,,,,,,,,,,,,3.544684972783563,80.51120608,0.0,,1.188,0.398,1.125,0.377,0.0,0.0,0.0,0.0,0.01125,0.377,0.0,0.0,0.0,0.0,0.38825,1.265625,0.4243597055486585,2.390625,0.8015683327030216,0.018984375,0.6365395583229877,0.083671875,2.8054891644605755,3.544684972783563,0,,,0.0441540938201153,Information
562998,10337.0,13403.25399,AUS,Australia,Queensland,2.664751529,0.0,0.81,0.26,10337.0,10337.0,0.0,1.0,-9999.0,-9999.0,-9999.0,0.0,10.0,-999.9,-999.9,-999.9,-5979.4,0.0,0.0,0.0,0.0,0.0,0.0,0.0,0.0,0.0,0.0,0.0,-5979.4,0.5021365637366981,53.29503058,0.0,,,,,,,,,,,,,,,,,3.09375,0.0230820814288868,6.890625,0.051410090455248,0.04640625,0.0346231221433302,0.241171875,0.1799353165933679,0.5021365637366981,401,,,2.911259670489163e-06,Information
562999,10338.0,10217.14113,AUS,Australia,Queensland,3.997810662,1.872592424,0.81,0.26,10338.0,,,,,,,,,,,,,,,,,,,,,,,,,15.354461228245254,79.95621324,37.45184848,,57.438,0.562,42.312,0.414,2.562,0.025,0.0,0.0,0.42312,0.414,0.03843,0.0375,0.0,0.0,0.91305,98.296875,0.9620780782971066,179.578125,1.75761617451417,1.474453125,1.4431171174456598,6.285234375,6.151656610799595,15.354461228245254,31038,,,0.3949220155381382,Advisory
563100,10339.0,27015.32413,AUS,Australia,Queensland,4.000506045,1.009998868,0.81,0.26,10339.0,10339.0,0.0,19.0,-9999.0,-9999.0,-9999.0,0.0,1.0,-999.9,-999.9,-999.9,-5997.4,0.0,0.0,0.0,0.0,0.0,0.0,0.0,0.0,0.0,0.0,0.0,-5997.4,21.498135956743283,80.0101209,20.19997736,,93.875,0.347,83.688,0.31,9.938,0.037,0.125,0.0,0.8368800000000001,0.31,0.14907,0.0554999999999999,0.003125,0.0,1.3545750000000003,135.140625,0.5002369186695312,390.375,1.4450132010682817,2.027109375,0.7503553780042969,13.663125,5.057546203738986,21.498135956743283,397969,,,0.5289935434881488,Advisory
563210,10340.0,4664.418503,AUS,Australia,Queensland,0.618847725,0.0,0.81,0.26,10340.0,10340.0,0.0,1.0,-9999.0,-9999.0,-9999.0,0.0,10.0,-999.9,-999.9,-999.9,-5979.4,0.0,0.0,0.0,0.0,0.0,0.0,0.0,0.0,0.0,0.0,0.0,-5979.4,0.170212167402376,12.3769545,0.0,,,,,,,,,,,,,,,,,0.0,0.0,1.546875,0.0331632978292503,0.0,0.0,0.054140625,0.116071542402376,0.170212167402376,4800,,,2.135963674797608e-10,Information
563230,10342.0,1703.069709,AUS,Australia,Queensland,1.782673132,0.0,0.81,0.26,10342.0,,,,,,,,,,,,,,,,,,,,,,,,,5.488810516492392,35.65346264,0.0,,6.125,0.36,6.125,0.36,1.312,0.077,0.0,0.0,0.06125,0.36,0.01968,0.1154999999999999,0.0,0.0,0.55643,7.3125,0.4293717374253598,19.6875,1.156000831529815,0.1096875,0.6440576061380396,0.6890625,4.046002910354352,5.488810516492392,25,,,0.0069164900783021,Information
563241,10343.0,1845.409512,AUS,Australia,Queensland,0.824429338,0.0,0.81,0.26,10343.0,,,,,,,,,,,,,,,,,,,,,,,,,7.275366934084819,16.48858676,0.0,,8.938,0.484,8.938,0.484,1.562,0.085,0.0,0.0,0.08938,0.484,0.02343,0.1275,0.0,0.0,0.72431,10.265625,0.5562789685957714,27.984375,1.5164317089117605,0.153984375,0.8344184528936571,0.979453125,5.307510981191162,7.275366934084819,24,,,0.0073336951286695,Information
563243,10345.0,5165.557588,AUS,Australia,Queensland,1.543093845,0.0,0.81,0.26,10345.0,,,,,,,,,,,,,,,,,,,,,,,,,1.7691087748811831,30.8618769,0.0,,5.438,0.105,5.438,0.105,0.688,0.013,0.0,0.0,0.05438,0.105,0.01032,0.0195,0.0,0.0,0.1891999999999999,4.078125,0.0789483987084114,15.46875,0.2994594433767332,0.061171875,0.1184225980626171,0.54140625,1.048108051818566,1.7691087748811831,142,,,0.0001233650322961,Information
563244,10346.0,11363.02306,AUS,Australia,Queensland,1.254773371,0.0,0.81,0.26,10346.0,,,,,,,,,,,,,,,,,,,,,,,,,5.772773966760015,25.09546742,0.0,,36.312,0.32,36.312,0.32,13.062,0.115,0.0,0.0,0.36312,0.32,0.19593,0.1725,0.0,0.0,1.05155,27.84375,0.2450382249454926,75.796875,0.6670485012405075,0.41765625,0.3675573374182389,2.652890625,2.3346697543417765,5.772773966760015,1565,,,0.0051876807021742,Information
563250,10352.0,7962.710849,AUS,Australia,Queensland,0.212539277,0.0,0.81,0.26,10352.0,,,,,,,,,,,,,,,,,,,,,,,,,4.5585868897358015,4.25078554,0.0,,11.438,0.144,11.438,0.144,1.25,0.016,0.0,0.0,0.11438,0.144,0.01875,0.024,0.0,0.0,0.30113,20.53125,0.2578424658325866,48.9375,0.6145834117105489,0.30796875,0.3867636987488798,1.7128125,2.151041940986921,4.5585868897358015,10388,,,0.0011644861261449,Information
563300,10357.0,23391.8076,AUS,Australia,Queensland,2.178012556,3.142071595,0.81,0.26,10357.0,,,,,,,,,,,,,,,,,,,,,,,,,44.47242721694164,43.56025112,62.8414319,,152.562,0.652,134.312,0.574,5.688,0.024,0.0,0.0,1.34312,0.574,0.08532,0.036,0.0,0.0,2.03844,283.078125,1.2101592568025423,768.796875,3.2866073804965223,4.246171875,1.8152388852038133,26.907890625,11.503125831737828,44.47242721694164,165582,,,0.5712961410868083,Advisory
563410,10358.0,9485.12365,AUS,Australia,Queensland,1.263108407,0.021297459,0.81,0.26,10358.0,10358.0,0.0,5.0,-9999.0,-9999.0,-9999.0,0.0,6.0,-999.9,-999.9,-999.9,-5987.4,0.0,0.0,0.0,0.0,0.0,0.0,0.0,0.0,0.0,0.0,0.0,-5987.4,3.119941566882253,25.26216814,0.42594918,,10.188,0.107,9.875,0.104,0.0,0.0,0.0,0.0,0.09875,0.104,0.0,0.0,0.0,0.0,0.2027499999999999,8.71875,0.0919202566173145,39.65625,0.4180889091303661,0.13078125,0.1378803849259717,1.38796875,1.4633111819562814,3.119941566882253,82144,,,0.0007461618437629,Information
563460,10371.0,17376.28984,AUS,Australia,Queensland,0.958194773,0.0,0.81,0.26,10371.0,,,,,,,,,,,,,,,,,,,,,,,,,15.327122600045213,19.16389546,0.0,,85.938,0.495,85.938,0.495,14.438,0.083,0.0,0.0,0.85938,0.495,0.21657,0.1245,0.0,0.0,1.69545,117.984375,0.6789963571751854,227.390625,1.3086258755092668,1.769765625,1.0184945357627782,7.958671875,4.580190564282434,15.327122600045213,2620,,,0.0481762657425943,Information
563480,10373.0,8645.542562,AUS,Australia,Queensland,0.712757493,0.0,0.81,0.26,10373.0,,,,,,,,,,,,,,,,,,,,,,,,,4.91466978396049,14.25514986,0.0,,8.875,0.103,8.875,0.103,0.688,0.008,0.0,0.0,0.08875,0.103,0.01032,0.012,0.0,0.0,0.2140699999999999,17.71875,0.2049466516686341,57.515625,0.6652633375592968,0.26578125,0.3074199775029511,2.013046875,2.328421681457539,4.91466978396049,6279,,,0.0021238795852798,Information
563490,10374.0,16810.54766,AUS,Australia,Queensland,0.212675592,0.0,0.81,0.26,10374.0,,,,,,,,,,,,,,,,,,,,,,,,,2.331368113755798,4.25351184,0.0,,19.438,0.116,19.438,0.116,4.312,0.026,0.0,0.0,0.19438,0.116,0.06468,0.039,0.0,0.0,0.41406,9.84375,0.0585569857748012,37.546875,0.2233530743124561,0.14765625,0.0878354786622018,1.314140625,0.7817357600935964,2.331368113755798,14311,,,0.0001015019725666,Information
563601,10375.0,3875.905589,AUS,Australia,Queensland,2.136953909,0.0,0.81,0.26,10375.0,10375.0,0.0,1.0,-9999.0,-9999.0,-9999.0,0.0,10.0,-999.9,-999.9,-999.9,-5979.4,0.0,0.0,0.0,0.0,0.0,0.0,0.0,0.0,0.0,0.0,0.0,-5979.4,3.753170808082665,42.73907817999999,0.0,,24.688,0.637,10.688,0.276,0.0,0.0,0.0,0.0,0.10688,0.276,0.0,0.0,0.0,0.0,0.38288,7.875,0.2031783236118434,26.578125,0.6857268421899715,0.118125,0.3047674854177651,0.930234375,2.4000439476649,3.753170808082665,59365,,,0.0032149052442572,Information
563602,10376.0,5906.122399,AUS,Australia,Queensland,0.093094772,0.0,0.81,0.26,10376.0,,,,,,,,,,,,,,,,,,,,,,,,,1.6398809045905205,1.86189544,0.0,,7.0,0.119,7.0,0.119,0.0,0.0,0.0,0.0,0.07,0.119,0.0,0.0,0.0,0.0,0.189,4.5,0.076192122279207,15.46875,0.2619104203347743,0.0675,0.1142881834188105,0.54140625,0.91668647117171,1.6398809045905205,17607,,,2.1406309552690536e-05,Information
563604,10378.0,5729.090002,AUS,Australia,Queensland,0.063318989,0.0,0.81,0.26,10378.0,,,,,,,,,,,,,,,,,,,,,,,,,1.4709755825195336,1.26637978,0.0,,5.25,0.092,5.25,0.092,0.0,0.0,0.0,0.0,0.0525,0.092,0.0,0.0,0.0,0.0,0.1445,3.234375,0.0564553009132527,13.921875,0.2430032517570442,0.048515625,0.084682951369879,0.487265625,0.8505113811496547,1.4709755825195336,13974,,,1.2967822723934914e-05,Information
563606,10380.0,8610.568006,AUS,Australia,Queensland,0.236131726,0.0,0.81,0.26,10380.0,,,,,,,,,,,,,,,,,,,,,,,,,0.989330402877126,4.72263452,0.0,,6.062,0.07,6.062,0.07,0.0,0.0,0.0,0.0,0.06062,0.07,0.0,0.0,0.0,0.0,0.13062,4.921875,0.0571608632125942,10.96875,0.1273870665880671,0.073828125,0.0857412948188913,0.38390625,0.4458547330582348,0.989330402877126,3445,,,2.467652420097271e-06,Information
563701,10384.0,3797.091058,AUS,Australia,Queensland,0.771020054,2.544176341,0.81,0.26,10384.0,,,,,,,,,,,,,,,,,,,,,,,,,8.461734340934392,15.42040108,50.88352682,,209.0,5.504,67.375,1.774,0.0,0.0,0.0,0.0,0.67375,1.774,0.0,0.0,0.0,0.0,2.44775,18.421875,0.4851575776946893,58.640625,1.5443565641121026,0.276328125,0.727736366542034,2.052421875,5.405247974392359,8.461734340934392,85359,,,0.0393193096887957,Information
563702,10385.0,8972.910219,AUS,Australia,Queensland,1.980967877,0.0,0.81,0.26,10385.0,,,,,,,,,,,,,,,,,,,,,,,,,0.8474381764870218,39.61935754,0.0,,37.875,0.422,10.188,0.114,0.0,0.0,0.0,0.0,0.10188,0.114,0.0,0.0,0.0,0.0,0.21588,2.109375,0.0235082592887906,10.546875,0.1175412964439531,0.031640625,0.0352623889331858,0.369140625,0.4113945375538358,0.8474381764870218,88143,,,9.941262348913388e-06,Information
563703,10386.0,7117.394064,AUS,Australia,Queensland,3.796563979,2.046971862,0.81,0.26,10386.0,,,,,,,,,,,,,,,,,,,,,,,,,16.409674428512936,75.93127958,40.93943724,,90.5,1.272,62.875,0.883,0.0,0.0,0.0,0.0,0.62875,0.883,0.0,0.0,0.0,0.0,1.51175,47.671875,0.6697939522394654,174.515625,2.451959571472497,0.715078125,1.004690928359198,6.108046875,8.58185850015374,16.409674428512936,792368,,,0.350844302442195,Advisory
563704,10387.0,13683.13229,AUS,Australia,Queensland,1.703869222,0.0,0.81,0.26,10387.0,10387.0,0.0,1.0,-9999.0,-9999.0,-9999.0,0.0,10.0,-999.9,-999.9,-999.9,-5979.4,0.0,0.0,0.0,0.0,0.0,0.0,0.0,0.0,0.0,0.0,0.0,-5979.4,3.509792252600048,34.07738444,0.0,,38.75,0.283,37.75,0.276,0.0,0.0,0.0,0.0,0.3775,0.276,0.0,0.0,0.0,0.0,0.6535,11.8125,0.0863289176271872,52.875,0.3864246789026476,0.1771875,0.1294933764407808,1.850625,1.3524863761592665,3.509792252600048,1115640,,,0.0016789265256419,Information
563705,10388.0,356.851936,AUS,Australia,Queensland,0.645549575,2.065157683,0.81,0.26,10388.0,,,,,,,,,,,,,,,,,,,,,,,,,22.61059601487805,12.9109915,41.30315365999999,,4.875,1.366,4.625,1.296,0.0,0.0,0.0,0.0,0.04625,1.296,0.0,0.0,0.0,0.0,1.34225,3.375,0.9457704049766662,20.8125,5.832250830689442,0.050625,1.4186556074649994,0.7284375,20.412877907413048,22.61059601487805,186898,,,0.1700500838756654,Information
563706,10389.0,3849.620005,AUS,Australia,Queensland,0.81212052,0.190980198,0.81,0.26,10389.0,,,,,,,,,,,,,,,,,,,,,,,,,3.151886552615089,16.2424104,3.81960396,,8.625,0.224,8.625,0.224,0.0,0.0,0.0,0.0,0.08625,0.224,0.0,0.0,0.0,0.0,0.31025,9.84375,0.2557070564736055,20.8125,0.5406377765441945,0.14765625,0.3835605847104082,0.7284375,1.8922322179046809,3.151886552615089,310061,,,0.0005191723079973,Information
563707,10390.0,3708.961245,AUS,Australia,Queensland,1.82651556,1.836404529,0.81,0.26,10390.0,,,,,,,,,,,,,,,,,,,,,,,,,17.628144839460006,36.5303112,36.72809058,,32.062,0.864,30.188,0.814,0.0,0.0,0.0,0.0,0.30188,0.814,0.0,0.0,0.0,0.0,1.11588,26.578125,0.7165921466262543,124.875,3.3668456412916075,0.398671875,1.0748882199393814,4.370625,11.783959744520626,17.628144839460006,619711,,,0.1006344630601674,Information
563708,10391.0,6889.849898,AUS,Australia,New South Wales,2.279217792,0.0,0.81,0.26,10391.0,,,,,,,,,,,,,,,,,,,,,,,,,1.2427501778662826,45.58435584,0.0,,4.75,0.069,4.75,0.069,0.0,0.0,0.0,0.0,0.0475,0.069,0.0,0.0,0.0,0.0,0.1165,0.0,0.0,14.484375,0.2102277293903665,0.0,0.0,0.506953125,0.7357970528662827,1.2427501778662826,105019,,,7.862707107744594e-05,Information
563709,10392.0,223.2662973,AUS,Australia,New South Wales,0.134409884,0.714663438,0.81,0.26,10392.0,,,,,,,,,,,,,,,,,,,,,,,,,33.805576182869494,2.68819768,14.29326876,,2.0,0.896,1.812,0.812,0.0,0.0,0.0,0.0,0.01812,0.812,0.0,0.0,0.0,0.0,0.8301200000000001,0.0,0.0,21.09375,9.447798552248427,0.0,0.0,0.73828125,33.067294932869494,33.805576182869494,3336,,,0.1761064390655967,Information
563800,10393.0,22200.22587,AUS,Australia,New South Wales,3.657732741,2.881465912,0.81,0.26,10393.0,10393.0,0.0,1.0,-9999.0,-9999.0,-9999.0,0.0,10.0,-999.9,-999.9,-999.9,-5979.4,0.0,0.0,0.0,0.0,0.0,0.0,0.0,0.0,0.0,0.0,0.0,-5979.4,2.729104552401058,73.15465481999999,57.62931824,,20.938,0.094,20.75,0.093,0.0,0.0,0.0,0.0,0.2075,0.093,0.0,0.0,0.0,0.0,0.3005,7.3125,0.0329388540544507,50.625,0.2280382203769664,0.1096875,0.049408281081676,1.771875,0.7981337713193823,2.729104552401058,58560,,,0.0111236520996919,Information
563900,10394.0,18570.78791,AUS,Australia,South Australia,0.45727824,0.0,0.81,0.26,10394.0,,,,,,,,,,,,,,,,,,,,,,,,,1.611005,9.1455648,0.0,,76.812,0.414,24.688,0.133,53.375,0.287,0.0,0.0,0.24688,0.133,0.800625,0.4305,0.0,0.0,1.611005,0.0,0.0,9.28125,0.04997768562987,0.0,0.0,0.32484375,0.174921899704545,0.4997656497045449,17073,,,2.7605007683409573e-05,Information
563911,10395.0,3599.858187,AUS,Australia,New South Wales,0.520830928,0.409316055,0.81,0.26,10395.0,,,,,,,,,,,,,,,,,,,,,,,,,10.585462862577586,10.41661856,8.1863211,,25.188,0.7,24.688,0.686,0.0,0.0,0.0,0.0,0.24688,0.686,0.0,0.0,0.0,0.0,0.93288,8.296875,0.2304778291177302,76.5,2.12508371254314,0.124453125,0.3457167436765953,2.6775,7.43779299390099,10.585462862577586,95538,,,0.0163524185900851,Information
563912,10396.0,11380.77249,AUS,Australia,New South Wales,2.7573456,0.0,0.81,0.26,10396.0,,,,,,,,,,,,,,,,,,,,,,,,,2.071239161588648,55.146912,0.0,,10.375,0.091,10.375,0.091,0.0,0.0,0.0,0.0,0.10375,0.091,0.0,0.0,0.0,0.0,0.1947499999999999,1.96875,0.0172989135997972,30.65625,0.2693687974825576,0.02953125,0.0259483703996958,1.07296875,0.9427907911889516,2.071239161588648,49721,,,0.0010516471547021,Information
563913,10397.0,137.4451795,AUS,Australia,New South Wales,1.187562955,1.863961099,0.81,0.26,10397.0,,,,,,,,,,,,,,,,,,,,,,,,,37.00068563266691,23.7512591,37.27922198,,9.688,7.048,8.688,6.321,0.0,0.0,0.0,0.0,0.08688,6.321,0.0,0.0,0.0,0.0,6.40788,1.265625,0.920821671777938,17.15625,12.482249328545384,0.018984375,1.381232507666907,0.60046875,35.0,37.00068563266691,5854,,,0.2988342327391921,Advisory
563914,10398.0,3652.179582,AUS,Australia,New South Wales,1.724157911,2.979518471,0.81,0.26,10398.0,,,,,,,,,,,,,,,,,,,,,,,,,1.650600801795522,34.48315822,59.59036942,,10.0,0.274,10.0,0.274,0.0,0.0,0.0,0.0,0.1,0.274,0.0,0.0,0.0,0.0,0.374,4.5,0.123214094450499,10.6875,0.2926334743199353,0.0675,0.1848211416757484,0.3740625,1.0242171601197736,1.650600801795522,40219,,,0.0006920922739884,Information
563915,10399.0,856.6836329,AUS,Australia,New South Wales,0.430610146,0.40037945,0.81,0.26,10399.0,,,,,,,,,,,,,,,,,,,,,,,,,13.178847320618743,8.612202920000001,8.007589000000001,,21.812,2.546,20.438,2.386,0.0,0.0,0.0,0.0,0.2043799999999999,2.386,0.0,0.0,0.0,0.0,2.59038,6.328125,0.738677004804386,27.0,3.1516885538320474,0.094921875,1.108015507206579,0.945,11.030909938412163,13.178847320618743,36173,,,0.0264033141926265,Information
563916,10400.0,8085.931994,AUS,Australia,New South Wales,2.421612706,2.803817966,0.81,0.26,10400.0,,,,,,,,,,,,,,,,,,,,,,,,,0.685693192967636,48.43225412,56.07635932,,12.812,0.158,11.625,0.144,0.0,0.0,0.0,0.0,0.11625,0.144,0.0,0.0,0.0,0.0,0.26025,2.390625,0.0295652375249991,7.734375,0.0956522390514678,0.035859375,0.0443478562874986,0.270703125,0.3347828366801373,0.685693192967636,37665,,,1.5927876016682546e-05,Information
563920,10403.0,21342.15678,AUS,Australia,New South Wales,1.40502834,0.0,0.81,0.26,10403.0,10403.0,0.0,1.0,-9999.0,-9999.0,-9999.0,0.0,10.0,-999.9,-999.9,-999.9,-5979.4,0.0,0.0,0.0,0.0,0.0,0.0,0.0,0.0,0.0,0.0,0.0,-5979.4,1.1379015974492852,28.100566800000003,0.0,,139.625,0.654,21.312,0.1,0.0,0.0,0.0,0.0,0.21312,0.1,0.0,0.0,0.0,0.0,0.31312,4.078125,0.0191083077604887,20.390625,0.0955415388024435,0.061171875,0.028662461640733,0.713671875,0.3343953858085522,1.1379015974492852,257342,,,1.6910598980946988e-05,Information
563930,10404.0,2013.908077,AUS,Australia,New South Wales,1.266809935,0.057062415,0.81,0.26,10404.0,,,,,,,,,,,,,,,,,,,,,,,,,2.6509057005678525,25.3361987,1.1412483,,44.625,2.216,9.125,0.453,0.0,0.0,0.0,0.0,0.09125,0.453,0.0,0.0,0.0,0.0,0.54425,1.40625,0.0698269209040459,12.09375,0.6005115197747952,0.02109375,0.1047403813560688,0.42328125,2.1017903192117835,2.6509057005678525,588214,,,0.0004217759863731,Information
563940,10405.0,21036.57366,AUS,Australia,New South Wales,2.989802622,0.0,0.81,0.26,10405.0,10405.0,0.0,1.0,2.0,-9999.0,-9999.0,0.0,10.0,0.2,-999.9,-999.9,-3979.2,0.0,0.0,0.0,0.0,0.0,0.0,0.0,0.0,0.0,0.0,0.0,-3979.2,3.277033875484819,59.79605244,0.0,,182.312,0.867,72.375,0.344,0.0,0.0,0.0,0.0,0.72375,0.344,0.0,0.0,0.0,0.0,1.06775,2.390625,0.0113641367573548,62.4375,0.2968045129567963,0.035859375,0.0170462051360322,2.1853125,1.0388157953487869,3.277033875484819,843552,,,0.0060875794820825,Information
563950,10406.0,28530.45073,AUS,Australia,New South Wales,3.092686395,0.076757598,0.81,0.26,10406.0,,,,,,,,,,,,,,,,,,,,,,,,,8.15112785583844,61.8537279,1.53515196,,36.875,0.129,10.875,0.038,0.0,0.0,0.0,0.0,0.10875,0.038,0.0,0.0,0.0,0.0,0.14675,74.25,0.26024825439951,140.625,0.4928944212111932,1.11375,0.390372381599265,4.921875,1.7251304742391762,8.15112785583844,3769527,,,0.061382429746458,Information
563960,10407.0,15119.92831,AUS,Australia,New South Wales,0.542809734,0.0,0.81,0.26,10407.0,10407.0,0.0,4.0,-9999.0,-9999.0,-9999.0,0.0,7.0,-999.9,-999.9,-999.9,-5985.4,0.0,0.0,0.0,0.0,0.0,0.0,0.0,0.0,0.0,0.0,0.0,-5985.4,0.9111624341296763,10.85619468,0.0,,,,,,,,,,,,,,,,,9.0,0.0595240917546135,11.8125,0.0781253704279303,0.135,0.0892861376319202,0.4134375,0.273438796497756,0.9111624341296763,13748,,,2.288638012184122e-06,Information
563973,10410.0,11407.36794,AUS,Australia,Victoria,1.667376198,0.01935572,0.81,0.26,10410.0,,,,,,,,,,,,,,,,,,,,,,,,,12.559029021437524,33.34752396,0.3871143999999999,,16.875,0.148,16.5,0.145,0.062,0.001,0.0,0.0,0.165,0.145,0.0009299999999999,0.0015,0.0,0.0,0.31243,64.546875,0.5658349526349703,163.546875,1.4336950978528766,0.968203125,0.8487524289524555,5.724140625,5.017932842485068,12.559029021437524,1604834,,,0.0475535032283319,Information
563974,10411.0,5476.891848,AUS,Australia,Victoria,0.806982017,0.0,0.81,0.26,10411.0,,,,,,,,,,,,,,,,,,,,,,,,,1.0451241101712896,16.13964034,0.0,,8.625,0.157,7.812,0.143,0.0,0.0,0.0,0.0,0.07812,0.143,0.0,0.0,0.0,0.0,0.2211199999999999,4.640625,0.0847309957629375,8.578125,0.1566239618648238,0.069609375,0.1270964936444062,0.300234375,0.5481838665268833,1.0451241101712896,1980132,,,5.798825743610018e-06,Information
563975,10412.0,3431.843836,AUS,Australia,Victoria,0.692340615,0.679376508,0.81,0.26,10412.0,,,,,,,,,,,,,,,,,,,,,,,,,2.6859039260535145,13.8468123,13.58753016,,2.625,0.076,2.25,0.066,0.25,0.007,0.0,0.0,0.0225,0.066,0.00375,0.0105,0.0,0.0,0.10275,0.140625,0.0040976514878145,19.546875,0.5695735568062266,0.002109375,0.0061464772317217,0.684140625,1.993507448821793,2.6859039260535145,617252,,,0.0002620667039574,Information
563977,10414.0,4054.005345,AUS,Australia,Victoria,1.803218155,0.0,0.81,0.26,10414.0,,,,,,,,,,,,,,,,,,,,,,,,,1.057884043861904,36.0643631,0.0,,12.062,0.298,7.188,0.177,0.312,0.008,0.0,0.0,0.07188,0.177,0.00468,0.012,0.0,0.0,0.26556,0.0,0.0,8.71875,0.215065083960544,0.0,0.0,0.30515625,0.752727793861904,1.057884043861904,35156,,,2.051460809078434e-05,Information
563978,10415.0,8863.417398,AUS,Australia,Victoria,0.760429362,0.0,0.81,0.26,10415.0,,,,,,,,,,,,,,,,,,,,,,,,,1.00162,15.20858724,0.0,,56.25,0.635,47.062,0.531,0.0,0.0,0.0,0.0,0.47062,0.531,0.0,0.0,0.0,0.0,1.00162,0.0,0.0,11.8125,0.1332725231088871,0.0,0.0,0.4134375,0.4664538308811048,0.8798913308811048,44726,,,4.527809197772492e-06,Information
563979,10416.0,5226.393074,AUS,Australia,Victoria,4.004619013,0.0,0.81,0.26,10416.0,,,,,,,,,,,,,,,,,,,,,,,,,3.181825,80.09238026,0.0,,103.375,1.978,25.688,0.491,53.438,1.022,1.375,0.026,0.25688,0.491,0.8015700000000001,1.533,0.034375,0.065,3.181825,0.0,0.0,8.578125,0.1641308810524896,0.0,0.0,0.300234375,0.5744580836837136,0.8746924586837137,54025,,,0.0333531586803525,Information
563980,10417.0,13257.02836,AUS,Australia,Victoria,0.389066692,0.0,0.81,0.26,10417.0,10417.0,0.0,25.0,-9999.0,-9999.0,-9999.0,0.0,1.0,-999.9,-999.9,-999.9,-5997.4,0.0,0.0,0.0,0.0,0.0,0.0,0.0,0.0,0.0,0.0,0.0,-5997.4,2.927105091539416,7.78133384,0.0,,74.812,0.564,23.375,0.176,30.812,0.232,0.0,0.0,0.23375,0.176,0.46218,0.348,0.0,0.0,1.2199300000000002,0.0,0.0,47.671875,0.3595969904398331,0.0,0.0,1.668515625,1.258589466539416,2.927105091539416,21301,,,0.000280138974052,Information
563990,10418.0,18438.20022,AUS,Australia,South Australia,3.895028872,0.0,0.81,0.26,10418.0,,,,,,,,,,,,,,,,,,,,,,,,,2.611395210673476,77.90057744,0.0,,59.812,0.324,17.062,0.093,59.812,0.324,0.0,0.0,0.17062,0.093,0.8971799999999999,0.486,0.0,0.0,1.6467999999999998,0.0,0.0,48.375,0.2623629173352789,0.0,0.0,1.693125,0.918270210673476,2.611395210673476,52781,,,0.0163532896386035,Information
564001,10419.0,59399.8869,AUS,Australia,Queensland,2.854642704,0.0,0.81,0.26,10419.0,10419.0,0.0,1.0,-9999.0,-9999.0,-9999.0,0.0,10.0,-999.9,-999.9,-999.9,-5979.4,0.0,0.0,0.0,0.0,0.0,0.0,0.0,0.0,0.0,0.0,0.0,-5979.4,6.682052022609039,57.09285408,0.0,,2034.562,3.425,401.75,0.676,48.625,0.082,0.0,0.0,4.0175,0.676,0.729375,0.123,0.0,0.0,5.5458750000000006,87.609375,0.147490811122555,125.859375,0.2118848731214876,1.314140625,0.2212362166838324,4.405078125,0.7415970559252066,6.682052022609039,556,,,0.0314701313701432,Information
564100,10421.0,36375.11934,AUS,Australia,South Australia,0.277043238,0.0,0.81,0.26,10421.0,,,,,,,,,,,,,,,,,,,,,,,,,0.7730699999999999,5.540864760000001,0.0,,158.062,0.435,60.0,0.165,0.438,0.001,0.0,0.0,0.6,0.165,0.00657,0.0015,0.0,0.0,0.7730699999999999,0.0,0.0,2.53125,0.0069587400552539,0.0,0.0,0.08859375,0.0243555901933886,0.1129493401933886,2570,,,7.716217879830586e-07,Information
564101,10422.0,15853.37165,AUS,Australia,South Australia,1.038928314,0.0,0.81,0.26,10422.0,10422.0,0.0,18.0,-9999.0,-9999.0,-9999.0,0.0,1.0,-999.9,-999.9,-999.9,-5997.4,0.0,0.0,0.0,0.0,0.0,0.0,0.0,0.0,0.0,0.0,0.0,-5997.4,2.367817054160888,20.77856628,0.0,,59.562,0.376,0.438,0.003,59.562,0.376,0.0,0.0,0.00438,0.003,0.89343,0.5640000000000001,0.0,0.0,1.46481,0.0,0.0,41.484375,0.2616754083316822,0.0,0.0,1.451953125,0.9158639291608875,2.367817054160888,32312,,,0.0002238188465881,Information
564105,10426.0,16171.69326,AUS,Australia,South Australia,1.603631627,0.0,0.81,0.26,10426.0,10426.0,0.0,16.0,-9999.0,-9999.0,-9999.0,0.0,1.0,-999.9,-999.9,-999.9,-5997.4,0.0,0.0,0.0,0.0,0.0,0.0,0.0,0.0,0.0,0.0,0.0,-5997.4,7.622875803559299,32.07263254,0.0,,162.438,1.004,61.375,0.38,0.438,0.003,0.0,0.0,0.61375,0.38,0.00657,0.0045,0.0,0.0,1.00482,0.0,0.0,134.578125,0.8321832653026568,0.0,0.0,4.710234375,2.912641428559299,7.622875803559299,29791,,,0.0143608512893165,Information
564107,10428.0,1205.460825,AUS,Australia,Victoria,0.441898686,0.0,0.81,0.26,10428.0,,,,,,,,,,,,,,,,,,,,,,,,,3.843142483431461,8.837973719999999,0.0,,22.875,1.898,14.25,1.182,0.0,0.0,0.0,0.0,0.1425,1.182,0.0,0.0,0.0,0.0,1.3245,0.0,0.0,11.8125,0.979915709551846,0.0,0.0,0.4134375,3.429704983431461,3.843142483431461,212,,,0.0007718298694326,Information
564108,10429.0,19639.41404,AUS,Australia,New South Wales,0.029025395,0.0,0.81,0.26,10429.0,10429.0,0.0,5.0,-9999.0,-9999.0,-9999.0,0.0,6.0,-999.9,-999.9,-999.9,-5987.4,0.0,0.0,0.0,0.0,0.0,0.0,0.0,0.0,0.0,0.0,0.0,-5987.4,3.2343617320617453,0.5805079,0.0,,,,,,,,,,,,,,,,,5.0625,0.0257772456392538,59.0625,0.3007345324579614,0.0759375,0.0386658684588807,2.0671875,1.0525708636028648,3.2343617320617453,18846,,,0.0003068157353174,Information
564200,10431.0,3994.190144,AUS,Australia,Victoria,0.026160164,0.0,0.81,0.26,10431.0,,,,,,,,,,,,,,,,,,,,,,,,,0.21425,0.5232032799999999,0.0,,8.438,0.211,6.125,0.153,0.0,0.0,0.0,0.0,0.06125,0.153,0.0,0.0,0.0,0.0,0.21425,0.28125,0.0070414774928292,0.703125,0.017603693732073,0.00421875,0.0105622162392438,0.024609375,0.0616129280622555,0.1010032693014993,4361,,,4.1121710194277326e-10,Information
564201,10432.0,9655.854072,AUS,Australia,Victoria,1.789452297,0.0,0.81,0.26,10432.0,,,,,,,,,,,,,,,,,,,,,,,,,4.04938,35.78904594,0.0,,517.0,5.354,198.938,2.06,0.0,0.0,0.0,0.0,1.98938,2.06,0.0,0.0,0.0,0.0,4.04938,0.0,0.0,24.1875,0.2504957077830028,0.0,0.0,0.8465625,0.8767349772405097,1.72329747724051,32143,,,0.0028582906895115,Information
564202,10433.0,1708.925025,AUS,Australia,Victoria,0.14172452,0.0,0.81,0.26,10433.0,,,,,,,,,,,,,,,,,,,,,,,,,1.7198666359288448,2.8344904,0.0,,30.312,1.774,3.062,0.179,0.0,0.0,0.0,0.0,0.0306199999999999,0.179,0.0,0.0,0.0,0.0,0.20962,0.0,0.0,7.171875,0.4196717174082414,0.0,0.0,0.251015625,1.4688510109288448,1.7198666359288448,1021,,,2.73979288036819e-05,Information
564203,10434.0,5599.346651,AUS,Australia,Victoria,0.101680342,0.0,0.81,0.26,10434.0,,,,,,,,,,,,,,,,,,,,,,,,,0.19662,2.03360684,0.0,,7.75,0.138,7.062,0.126,0.0,0.0,0.0,0.0,0.07062,0.126,0.0,0.0,0.0,0.0,0.19662,,,,,,,,,,2715,,,2.6306342540713403e-10,Information
564204,10435.0,6379.953312,AUS,Australia,Victoria,0.096017497,0.0,0.81,0.26,10435.0,,,,,,,,,,,,,,,,,,,,,,,,,1.85775,1.92034994,0.0,,99.5,1.56,72.375,1.134,0.0,0.0,0.0,0.0,0.72375,1.134,0.0,0.0,0.0,0.0,1.85775,0.0,0.0,1.828125,0.0286542065510283,0.0,0.0,0.063984375,0.100289722928599,0.164274097928599,778,,,3.6481069026715975e-05,Information
564205,10436.0,7031.074704,AUS,Australia,Victoria,1.17504771,0.0,0.81,0.26,10436.0,,,,,,,,,,,,,,,,,,,,,,,,,3.18662,23.5009542,0.0,,259.0,3.684,131.562,1.871,0.0,0.0,0.0,0.0,1.31562,1.871,0.0,0.0,0.0,0.0,3.18662,,,,,,,,,,5556,,,0.0007406622699545,Information
564206,10437.0,2595.544251,AUS,Australia,Victoria,1.643943637,0.0,0.81,0.26,10437.0,,,,,,,,,,,,,,,,,,,,,,,,,0.57312,32.87887274,0.0,,58.438,2.251,11.812,0.455,0.0,0.0,0.0,0.0,0.1181199999999999,0.455,0.0,0.0,0.0,0.0,0.57312,,,,,,,,,,867,,,9.529276705355264e-07,Information
564207,10438.0,3063.482654,AUS,Australia,Victoria,2.383344931,0.0,0.81,0.26,10438.0,,,,,,,,,,,,,,,,,,,,,,,,,4.605,47.66689862,0.0,,176.062,5.747,108.0,3.525,0.0,0.0,0.0,0.0,1.08,3.525,0.0,0.0,0.0,0.0,4.605,0.0,0.0,5.34375,0.174433825930428,0.0,0.0,0.18703125,0.6105183907564979,0.7975496407564979,2372,,,0.0075392856619642,Information
564208,10439.0,9084.567337,AUS,Australia,Victoria,1.871327619,0.0,0.81,0.26,10439.0,,,,,,,,,,,,,,,,,,,,,,,,,0.9615936761923228,37.42655238,0.0,,38.562,0.424,30.812,0.339,0.0,0.0,0.0,0.0,0.30812,0.339,0.0,0.0,0.0,0.0,0.64712,0.0,0.0,13.078125,0.1439598003406637,0.0,0.0,0.457734375,0.5038593011923229,0.9615936761923228,4274,,,1.48663305415701e-05,Information
564220,10442.0,38747.77515,AUS,Australia,New South Wales,1.382157476,0.0,0.81,0.26,10442.0,,,,,,,,,,,,,,,,,,,,,,,,,8.36553955827388,27.64314952,0.0,,272.688,0.704,98.5,0.254,0.25,0.001,0.0,0.0,0.985,0.254,0.00375,0.0015,0.0,0.0,1.24425,0.0,0.0,189.984375,0.4903104095068231,0.0,0.0,6.649453125,1.7160864332738808,8.36553955827388,370,,,0.015483779989059,Information
564241,10453.0,314.6843536,AUS,Australia,Victoria,3.661245539,0.0,0.81,0.26,10453.0,10453.0,0.0,6.0,-9999.0,-9999.0,-9999.0,0.0,5.0,-999.9,-999.9,-999.9,-5989.4,0.0,0.0,0.0,0.0,0.0,0.0,0.0,0.0,0.0,0.0,0.0,-5989.4,1.7746146297779155,73.22491078,0.0,,,,,,,,,,,,,,,,,0.0,0.0,1.546875,0.4915640013651188,0.0,0.0,0.054140625,1.7204740047779157,1.7746146297779155,99,,,0.0033249256054933,Information
564244,10456.0,19402.2641,AUS,Australia,Victoria,0.911627159,0.0,0.81,0.26,10456.0,,,,,,,,,,,,,,,,,,,,,,,,,7.771890286185751,18.23254318,0.0,,69.812,0.36,35.0,0.18,0.0,0.0,0.0,0.0,0.35,0.18,0.0,0.0,0.0,0.0,0.53,0.0,0.0,146.53125,0.7552275817673574,0.0,0.0,5.12859375,2.643296536185751,7.771890286185751,151264,,,0.0093021582268547,Information
564248,10460.0,6400.639423,AUS,Australia,Victoria,1.90596749,0.0,0.81,0.26,10460.0,10460.0,0.0,2.0,2.0,2.0,-9999.0,0.0,9.0,0.2,0.2,-999.9,-1981.0,0.0,0.0,0.0,0.0,0.0,0.0,0.0,0.0,0.0,0.0,0.0,-1981.0,0.9999146729046828,38.1193498,0.0,,,,,,,,,,,,,,,,,0.421875,0.0065911383557263,10.96875,0.1713695972488838,0.006328125,0.0098867075335894,0.38390625,0.5997935903710933,0.9999146729046828,39225,,,1.8513164704957823e-05,Information
564250,10462.0,6909.354598,AUS,Australia,New South Wales,4.012535456,0.0,0.81,0.26,10462.0,10462.0,0.0,9.0,-9999.0,-9999.0,-9999.0,0.0,2.0,-999.9,-999.9,-999.9,-5995.4,0.0,0.0,0.0,0.0,0.0,0.0,0.0,0.0,0.0,0.0,0.0,-5995.4,13.057180619676709,80.25070912000001,0.0,,,,,,,,,,,,,,,,,0.0,0.0,152.4375,2.206248034193345,0.0,0.0,5.3353125,7.721868119676707,13.057180619676709,1500,,,0.3395178489455275,Information
564263,10466.0,8636.831333,AUS,Australia,New South Wales,2.429875385,0.0,0.81,0.26,10466.0,10466.0,0.0,5.0,-9999.0,-9999.0,-9999.0,0.0,6.0,-999.9,-999.9,-999.9,-5987.4,0.0,0.0,0.0,0.0,0.0,0.0,0.0,0.0,0.0,0.0,0.0,-5987.4,17.109753652399675,48.5975077,0.0,,7.188,0.083,7.188,0.083,0.0,0.0,0.0,0.0,0.07188,0.083,0.0,0.0,0.0,0.0,0.15488,0.0,0.0,226.546875,2.623032293542764,0.0,0.0,7.929140625,9.180613027399676,17.109753652399675,1634,,,0.1356577893406724,Information
564264,10467.0,4586.020491,AUS,Australia,New South Wales,2.56396535,0.0,0.81,0.26,10467.0,,,,,,,,,,,,,,,,,,,,,,,,,2.582946153142771,51.279307,0.0,,79.875,1.742,45.25,0.987,0.0,0.0,0.0,0.0,0.4525,0.987,0.0,0.0,0.0,0.0,1.4395,0.0,0.0,23.203125,0.5059533651836489,0.0,0.0,0.812109375,1.770836778142771,2.582946153142771,195,,,0.0016560954108671,Information
564265,10468.0,2679.593459,AUS,Australia,New South Wales,2.695496271,0.0,0.81,0.26,10468.0,,,,,,,,,,,,,,,,,,,,,,,,,2.5951565580526084,53.90992542,0.0,,21.562,0.805,3.875,0.145,0.0,0.0,0.0,0.0,0.03875,0.145,0.0,0.0,0.0,0.0,0.18375,0.140625,0.0052479975847502,15.609375,0.5825277319072808,0.002109375,0.0078719963771253,0.546328125,2.038847061675483,2.5951565580526084,1961,,,0.0020076911117759,Information
564266,10469.0,14611.29725,AUS,Australia,New South Wales,0.472871107,0.0,0.81,0.26,10469.0,,,,,,,,,,,,,,,,,,,,,,,,,7.637841583203777,9.45742214,0.0,,64.312,0.44,17.125,0.117,0.0,0.0,0.0,0.0,0.17125,0.117,0.0,0.0,0.0,0.0,0.28825,6.328125,0.0433098094647759,126.84375,0.868121069716175,0.094921875,0.0649647141971638,4.43953125,3.0384237440066126,7.637841583203777,25238,,,0.0067047359730357,Information
564269,10472.0,21992.30587,AUS,Australia,New South Wales,2.311201158,0.0,0.81,0.26,10472.0,10472.0,0.0,1.0,-9999.0,-9999.0,-9999.0,0.0,10.0,-999.9,-999.9,-999.9,-5979.4,0.0,0.0,0.0,0.0,0.0,0.0,0.0,0.0,0.0,0.0,0.0,-5979.4,0.7088274875542955,46.22402316,0.0,,37.812,0.172,12.0,0.055,0.0,0.0,0.0,0.0,0.12,0.055,0.0,0.0,0.0,0.0,0.175,0.0,0.0,13.921875,0.0633033893012273,0.0,0.0,0.487265625,0.2215618625542955,0.7088274875542955,44345,,,7.490418874168407e-06,Information
564270,10473.0,21071.12497,AUS,Australia,New South Wales,2.08127824,0.0,0.81,0.26,10473.0,10473.0,0.0,8.0,2.0,-9999.0,-9999.0,0.0,3.0,0.2,-999.9,-999.9,-4986.8,0.0,0.0,0.0,0.0,0.0,0.0,0.0,0.0,0.0,0.0,0.0,-4986.8,8.690593795548072,41.6255648,0.0,,,,,,,,,,,,,,,,,5.0625,0.0240257698973349,166.21875,0.7888461116291625,0.0759375,0.0360386548460023,5.81765625,2.760961390702069,8.690593795548072,94158,,,0.0284136515339129,Information
564290,10475.0,17390.00536,AUS,Australia,Australian Capital Territory,0.117136746,0.0,0.81,0.26,10475.0,10475.0,0.0,1.0,2.0,2.0,-9999.0,0.0,10.0,0.2,0.2,-999.9,-2983.1,0.0,0.0,0.0,0.0,0.0,0.0,0.0,0.0,0.0,0.0,0.0,-2983.1,12.607234420061236,2.34273492,0.0,,,,,,,,,,,,,,,,,132.328125,0.7609435548625483,171.984375,0.9889840250764044,1.984921875,1.1414153322938223,6.019453125,3.461444087767416,12.607234420061236,434901,,,0.020319557248872,Information
564300,10476.0,35734.13711,AUS,Australia,New South Wales,0.926821594,0.0,0.81,0.26,10476.0,,,,,,,,,,,,,,,,,,,,,,,,,3.3511927059260938,18.53643188,0.0,,439.375,1.23,86.0,0.241,0.0,0.0,0.0,0.0,0.86,0.241,0.0,0.0,0.0,0.0,1.101,1.96875,0.005509437638542,73.96875,0.206997442705223,0.02953125,0.008264156457813,2.58890625,0.7244910494682805,3.3511927059260938,4249,,,0.0007093000935639,Information
564301,10477.0,6166.675869,AUS,Australia,New South Wales,4.013912398,0.0,0.81,0.26,10477.0,10477.0,0.0,1.0,-9999.0,-9999.0,-9999.0,0.0,10.0,-999.9,-999.9,-999.9,-5979.4,0.0,0.0,0.0,0.0,0.0,0.0,0.0,0.0,0.0,0.0,0.0,-5979.4,0.4755781083214884,80.27824796000002,0.0,,,,,,,,,,,,,,,,,0.28125,0.0045608040049843,5.0625,0.0820944720897177,0.00421875,0.0068412060074764,0.1771875,0.2873306523140119,0.4755781083214884,1936,,,9.76783880316172e-05,Information
564302,10478.0,4442.039618,AUS,Australia,New South Wales,2.15383648,0.0,0.81,0.26,10478.0,,,,,,,,,,,,,,,,,,,,,,,,,2.0185492391105067,43.07672959999999,0.0,,62.625,1.41,50.0,1.126,0.0,0.0,0.0,0.0,0.5,1.126,0.0,0.0,0.0,0.0,1.626,2.671875,0.0601497336763298,16.59375,0.3735615038845749,0.040078125,0.0902246005144947,0.58078125,1.307465263596012,2.0185492391105067,25,,,0.0004199109734778,Information
564303,10479.0,19103.26022,AUS,Australia,New South Wales,3.21686712,0.0,0.81,0.26,10479.0,,,,,,,,,,,,,,,,,,,,,,,,,5.354881041799427,64.3373424,0.0,,162.312,0.85,73.75,0.386,0.0,0.0,0.0,0.0,0.7375,0.386,0.0,0.0,0.0,0.0,1.1235,16.453125,0.0861273144691069,93.375,0.4887909128845046,0.246796875,0.1291909717036603,3.268125,1.710768195095766,5.354881041799427,1571,,,0.0289736990851593,Information
564304,10480.0,5044.038931,AUS,Australia,New South Wales,0.437403762,0.0,0.81,0.26,10480.0,,,,,,,,,,,,,,,,,,,,,,,,,0.67525,8.748075239999999,0.0,,99.875,1.98,22.625,0.449,0.0,0.0,0.0,0.0,0.22625,0.449,0.0,0.0,0.0,0.0,0.67525,0.0,0.0,2.25,0.0446071101103452,0.0,0.0,0.07875,0.1561248853862082,0.2348748853862082,31,,,4.6406124717747125e-07,Information
564305,10481.0,1306.642535,AUS,Australia,New South Wales,4.025668934,0.0,0.81,0.26,10481.0,,,,,,,,,,,,,,,,,,,,,,,,,1.78425,80.51337867999999,0.0,,370.938,28.389,20.625,1.578,0.0,0.0,0.0,0.0,0.20625,1.578,0.0,0.0,0.0,0.0,1.78425,0.0,0.0,4.640625,0.3551564316129543,0.0,0.0,0.162421875,1.24304751064534,1.40546938564534,31,,,0.0084074570726142,Information
564306,10482.0,1441.253542,AUS,Australia,New South Wales,3.670854916,0.0,0.81,0.26,10482.0,,,,,,,,,,,,,,,,,,,,,,,,,2.00912,73.41709832000001,0.0,,45.75,3.174,25.312,1.756,0.0,0.0,0.0,0.0,0.25312,1.756,0.0,0.0,0.0,0.0,2.00912,,,,,,,,,,4,,,0.0049033533903446,Information
564307,10483.0,2022.91098,AUS,Australia,New South Wales,4.018613411,0.0,0.81,0.26,10483.0,,,,,,,,,,,,,,,,,,,,,,,,,2.76762,80.37226822,0.0,,174.062,8.605,46.562,2.302,0.0,0.0,0.0,0.0,0.46562,2.302,0.0,0.0,0.0,0.0,2.76762,,,,,,,,,,15,,,0.0250589870559985,Information
564308,10484.0,1575.909501,AUS,Australia,New South Wales,1.696383365,0.0,0.81,0.26,10484.0,,,,,,,,,,,,,,,,,,,,,,,,,1.58362,33.9276673,0.0,,67.938,4.311,21.562,1.368,0.0,0.0,0.0,0.0,0.21562,1.368,0.0,0.0,0.0,0.0,1.58362,,,,,,,,,,1,,,9.534670943578044e-05,Information
564309,10485.0,2139.079193,AUS,Australia,New South Wales,3.393931894,0.0,0.81,0.26,10485.0,10485.0,0.0,11.0,-9999.0,-9999.0,-9999.0,0.0,1.0,-999.9,-999.9,-999.9,-5997.4,0.0,0.0,0.0,0.0,0.0,0.0,0.0,0.0,0.0,0.0,0.0,-5997.4,-5997.4,67.87863788,0.0,,,,,,,,,,,,,,,,,,,,,,,,,,75,,,,
564401,10486.0,7742.12362,AUS,Australia,New South Wales,4.007423968,0.0,0.81,0.26,10486.0,,,,,,,,,,,,,,,,,,,,,,,,,0.92507,80.14847936000001,0.0,,115.562,1.493,40.125,0.518,0.188,0.002,0.0,0.0,0.40125,0.518,0.00282,0.003,0.0,0.0,0.92507,2.53125,0.032694517994763,6.46875,0.0835526570977277,0.03796875,0.0490417769921445,0.22640625,0.2924342998420469,0.6058510768341915,1424,,,0.0010841127669828,Information
564500,10495.0,20364.63979,AUS,Australia,New South Wales,3.582638488,0.0,0.81,0.26,10495.0,10495.0,0.0,8.0,-9999.0,-9999.0,-9999.0,0.0,3.0,-999.9,-999.9,-999.9,-5993.4,0.0,0.0,0.0,0.0,0.0,0.0,0.0,0.0,0.0,0.0,0.0,-5993.4,2.23062,71.65276976,0.0,,621.562,3.052,146.562,0.72,2.0,0.01,0.0,0.0,1.46562,0.72,0.03,0.015,0.0,0.0,2.23062,12.796875,0.0628387004647637,36.28125,0.1781580738451544,0.191953125,0.0942580506971455,1.26984375,0.6235532584580403,2.1796081841551858,2594,,,0.0055070720100504,Information
564622,10498.0,3883.082443,AUS,Australia,New South Wales,0.02524539,0.0,0.81,0.26,10498.0,,,,,,,,,,,,,,,,,,,,,,,,,1.1538637155558362,0.5049078,0.0,,20.5,0.528,7.562,0.195,0.0,0.0,0.0,0.0,0.07562,0.195,0.0,0.0,0.0,0.0,0.27062,1.828125,0.0470792219051236,8.4375,0.217288716485186,0.027421875,0.0706188328576854,0.2953125,0.760510507698151,1.1538637155558362,2045,,,4.155880252043814e-06,Information
564624,10500.0,2548.933183,AUS,Australia,New South Wales,2.223283077,0.0,0.81,0.26,10500.0,,,,,,,,,,,,,,,,,,,,,,,,,0.62125,44.46566154,0.0,,16.5,0.647,12.625,0.495,0.0,0.0,0.0,0.0,0.12625,0.495,0.0,0.0,0.0,0.0,0.62125,,,,,,,,,,277,,,3.510955881266018e-06,Information
564625,10501.0,1485.165167,AUS,Australia,New South Wales,3.462439726,0.0,0.81,0.26,10501.0,,,,,,,,,,,,,,,,,,,,,,,,,0.7786200000000001,69.24879452,0.0,,22.375,1.507,10.062,0.678,0.0,0.0,0.0,0.0,0.1006199999999999,0.678,0.0,0.0,0.0,0.0,0.7786200000000001,,,,,,,,,,84,,,0.0001183849002255,Information
564627,10503.0,697.8430626,AUS,Australia,New South Wales,2.759292705,0.0,0.81,0.26,10503.0,,,,,,,,,,,,,,,,,,,,,,,,,0.59375,55.1858541,0.0,,3.875,0.555,3.875,0.555,0.0,0.0,0.0,0.0,0.03875,0.555,0.0,0.0,0.0,0.0,0.59375,0.0,0.0,0.703125,0.1007568947355217,0.0,0.0,0.024609375,0.3526491315743259,0.3772585065743259,23,,,7.667494841444655e-06,Information
564628,10504.0,3499.878577,AUS,Australia,New South Wales,0.491544983,0.0,0.81,0.26,10504.0,,,,,,,,,,,,,,,,,,,,,,,,,0.174,9.83089966,0.0,,8.062,0.23,4.5,0.129,0.0,0.0,0.0,0.0,0.045,0.129,0.0,0.0,0.0,0.0,0.174,,,,,,,,,,688,,,2.0471872689934715e-10,Information
564629,10505.0,7162.861387,AUS,Australia,New South Wales,0.756286802,0.0,0.81,0.26,10505.0,,,,,,,,,,,,,,,,,,,,,,,,,0.18162,15.12573604,0.0,,51.562,0.72,7.562,0.106,0.0,0.0,0.0,0.0,0.07562,0.106,0.0,0.0,0.0,0.0,0.18162,0.0,0.0,1.828125,0.0255222724729308,0.0,0.0,0.063984375,0.0893279536552578,0.1533123286552578,2767,,,3.9478675916834303e-10,Information
564630,10506.0,13811.93574,AUS,Australia,New South Wales,3.788439571,0.0,0.81,0.26,10506.0,10506.0,0.0,5.0,-9999.0,-9999.0,-9999.0,0.0,6.0,-999.9,-999.9,-999.9,-5987.4,0.0,0.0,0.0,0.0,0.0,0.0,0.0,0.0,0.0,0.0,0.0,-5987.4,3.4814256774600727,75.76879142,0.0,,23.188,0.168,22.312,0.162,2.438,0.018,0.0,0.0,0.22312,0.162,0.03657,0.0269999999999999,0.0,0.0,0.44869,16.171875,0.1170862311336409,50.765625,0.3675489516456033,0.242578125,0.1756293467004613,1.776796875,1.2864213307596115,3.4814256774600727,2094,,,0.0261777230708303,Information
564641,10507.0,136.1352447,AUS,Australia,New South Wales,4.030233547,0.0,0.81,0.26,10507.0,,,,,,,,,,,,,,,,,,,,,,,,,5.496973702673546,80.60467094,0.0,,0.438,0.321,0.438,0.321,0.125,0.092,0.0,0.0,0.00438,0.321,0.001875,0.138,0.0,0.0,0.465255,0.0,0.0,2.109375,1.5494701650495843,0.0,0.0,0.073828125,5.423145577673545,5.496973702673546,0,,,0.103684229328393,Information
564642,10508.0,18482.12432,AUS,Australia,New South Wales,3.004884181,0.0,0.81,0.26,10508.0,,,,,,,,,,,,,,,,,,,,,,,,,3.09356426852848,60.09768362,0.0,,109.062,0.59,87.25,0.472,0.0,0.0,0.0,0.0,0.8725,0.472,0.0,0.0,0.0,0.0,1.3445,31.78125,0.1719566941768381,43.734375,0.2366306720752065,0.47671875,0.2579350412652571,1.530703125,0.8282073522632227,3.09356426852848,13023,,,0.0052772847234995,Information
564644,10510.0,7424.971535,AUS,Australia,New South Wales,1.516625854,0.0,0.81,0.26,10510.0,,,,,,,,,,,,,,,,,,,,,,,,,0.7738961155369146,30.33251708,0.0,,12.875,0.173,12.625,0.17,0.0,0.0,0.0,0.0,0.12625,0.17,0.0,0.0,0.0,0.0,0.29625,0.0,0.0,9.421875,0.1268944258676899,0.0,0.0,0.329765625,0.4441304905369146,0.7738961155369146,1253,,,3.3968530643081214e-06,Information
564645,10511.0,5803.040357,AUS,Australia,New South Wales,3.428395928,0.0,0.81,0.26,10511.0,,,,,,,,,,,,,,,,,,,,,,,,,1.40462,68.56791856,0.0,,65.0,1.12,51.562,0.889,0.0,0.0,0.0,0.0,0.51562,0.889,0.0,0.0,0.0,0.0,1.40462,1.125,0.0193863893877787,9.984375,0.172054205816536,0.016875,0.029079584081668,0.349453125,0.602189720357876,0.997597429439544,8680,,,0.0009415919250778,Information
564646,10512.0,4816.989994,AUS,Australia,New South Wales,0.861162993,0.0,0.81,0.26,10512.0,,,,,,,,,,,,,,,,,,,,,,,,,0.15725,17.22325986,0.0,,5.375,0.112,5.125,0.106,0.0,0.0,0.0,0.0,0.05125,0.106,0.0,0.0,0.0,0.0,0.15725,,,,,,,,,,4546,,,1.8514232803519167e-10,Information
564647,10513.0,5952.761748,AUS,Australia,New South Wales,1.772584599,0.0,0.81,0.26,10513.0,10513.0,0.0,5.0,-9999.0,-9999.0,-9999.0,0.0,6.0,-999.9,-999.9,-999.9,-5987.4,0.0,0.0,0.0,0.0,0.0,0.0,0.0,0.0,0.0,0.0,0.0,-5987.4,0.20425,35.45169198,0.0,,36.375,0.611,7.625,0.128,0.0,0.0,0.0,0.0,0.07625,0.128,0.0,0.0,0.0,0.0,0.20425,,,,,,,,,,62125,,,4.310997506889143e-09,Information
564648,10514.0,5055.49551,AUS,Australia,New South Wales,1.846600958,0.0,0.81,0.26,10514.0,,,,,,,,,,,,,,,,,,,,,,,,,0.73325,36.93201916,0.0,,28.75,0.569,24.625,0.487,0.0,0.0,0.0,0.0,0.24625,0.487,0.0,0.0,0.0,0.0,0.73325,1.40625,0.0278162644445609,1.546875,0.030597890889017,0.02109375,0.0417243966668413,0.054140625,0.1070926181115595,0.2240513897784008,20860,,,4.204803561215797e-06,Information
564650,10516.0,9563.95415,AUS,Australia,New South Wales,1.465673663,0.0,0.81,0.26,10516.0,10516.0,0.0,1.0,-9999.0,-9999.0,-9999.0,0.0,10.0,-999.9,-999.9,-999.9,-5979.4,0.0,0.0,0.0,0.0,0.0,0.0,0.0,0.0,0.0,0.0,0.0,-5979.4,1.5375505250344643,29.31347326,0.0,,,,,,,,,,,,,,,,,2.53125,0.0264665635184665,20.390625,0.2132028727876471,0.03796875,0.0396998452776997,0.713671875,0.7462100547567648,1.5375505250344643,2522,,,6.457748242927348e-05,Information
564662,10518.0,3075.769253,AUS,Australia,New South Wales,0.456621126,0.0,0.81,0.26,10518.0,,,,,,,,,,,,,,,,,,,,,,,,,6.384799811366436,9.13242252,0.0,,6.125,0.199,6.125,0.199,0.0,0.0,0.0,0.0,0.06125,0.199,0.0,0.0,0.0,0.0,0.26025,8.578125,0.2788936455930267,39.234375,1.275595526564827,0.128671875,0.4183404683895401,1.373203125,4.464584342976895,6.384799811366436,427,,,0.0039597448686037,Information
564666,10522.0,6619.132886,AUS,Australia,New South Wales,0.700390744,0.0,0.81,0.26,10522.0,,,,,,,,,,,,,,,,,,,,,,,,,10.013272203504933,14.00781488,0.0,,38.688,0.584,26.938,0.407,0.0,0.0,0.0,0.0,0.26938,0.407,0.0,0.0,0.0,0.0,0.67638,67.359375,1.0176465128627867,85.078125,1.285336409774501,1.010390625,1.52646976929418,2.977734375,4.498677434210753,10.013272203504933,10513,,,0.0157639681581133,Information
564669,10525.0,5749.226704,AUS,Australia,New South Wales,2.282669991,0.0,0.81,0.26,10525.0,,,,,,,,,,,,,,,,,,,,,,,,,0.5662779753722648,45.65339982,0.0,,11.25,0.196,11.25,0.196,0.0,0.0,0.0,0.0,0.1125,0.196,0.0,0.0,0.0,0.0,0.3085,2.953125,0.0513656036246092,4.640625,0.080717377124386,0.044296875,0.0770484054369138,0.162421875,0.282510819935351,0.5662779753722648,5874,,,2.5087790443340505e-06,Information
564670,10526.0,27730.86795,AUS,Australia,New South Wales,2.160747187,0.0,0.81,0.26,10526.0,10526.0,0.0,1.0,-9999.0,-9999.0,-9999.0,0.0,10.0,-999.9,-999.9,-999.9,-5979.4,0.0,0.0,0.0,0.0,0.0,0.0,0.0,0.0,0.0,0.0,0.0,-5979.4,15.417825692007856,43.21494374,0.0,,21.875,0.079,21.875,0.079,0.062,0.0,0.0,0.0,0.21875,0.079,0.0009299999999999,0.0,0.0,0.0,0.29868,133.3125,0.4807368461185712,266.625,0.9614736922371424,1.9996875,0.7211052691778568,9.331875,3.3651579228299986,15.417825692007856,25192,,,0.0961596147730478,Information
564680,10527.0,15942.29885,AUS,Australia,Queensland,2.567519057,0.0,0.81,0.26,10527.0,,,,,,,,,,,,,,,,,,,,,,,,,3.843262563912655,51.35038114,0.0,,11.875,0.074,11.875,0.074,0.0,0.0,0.0,0.0,0.11875,0.074,0.0,0.0,0.0,0.0,0.1927499999999999,27.84375,0.1746532934830043,55.546875,0.3484244996251853,0.41765625,0.2619799402245064,1.944140625,1.2194857486881483,3.843262563912655,1325,,,0.0055692669692985,Information
564692,10529.0,9244.030011,AUS,Australia,New South Wales,0.937335107,0.0,0.81,0.26,10529.0,,,,,,,,,,,,,,,,,,,,,,,,,11.37627313239578,18.74670214,0.0,,6.75,0.073,6.75,0.073,0.0,0.0,0.0,0.0,0.0675,0.073,0.0,0.0,0.0,0.0,0.1405,94.921875,1.0268451626009136,115.453125,1.2489479681412594,1.423828125,1.5402677439013703,4.040859375,4.371317888494408,11.37627313239578,1876,,,0.0246469069349159,Information
564693,10530.0,2852.129877,AUS,Australia,Queensland,3.780262322,0.0,0.81,0.26,10530.0,,,,,,,,,,,,,,,,,,,,,,,,,11.041831865205594,75.60524644,0.0,,11.25,0.394,11.25,0.394,0.0,0.0,0.0,0.0,0.1125,0.394,0.0,0.0,0.0,0.0,0.5065000000000001,27.84375,0.9762441122299612,58.078125,2.036307163388758,0.41765625,1.4643661683449418,2.032734375,7.127075071860653,11.041831865205594,925,,,0.213982977854138,Information
564695,10532.0,2138.072017,AUS,Australia,Queensland,4.011201771,0.0,0.81,0.26,10532.0,,,,,,,,,,,,,,,,,,,,,,,,,5.640298414801439,80.22403541999999,0.0,,7.438,0.348,7.438,0.348,0.0,0.0,0.0,0.0,0.07438,0.348,0.0,0.0,0.0,0.0,0.42238,18.984375,0.8879202783060074,20.25,0.947114963526408,0.284765625,1.331880417459011,0.70875,3.314902372342428,5.640298414801439,7152,,,0.1048246569576876,Information
564696,10533.0,8610.195372,AUS,Australia,New South Wales,0.122037471,0.0,0.81,0.26,10533.0,,,,,,,,,,,,,,,,,,,,,,,,,4.548594092731307,2.44074942,0.0,,5.75,0.067,5.75,0.067,0.0,0.0,0.0,0.0,0.0575,0.067,0.0,0.0,0.0,0.0,0.1245,36.28125,0.4213754558467604,44.578125,0.5177365097031902,0.54421875,0.6320631837701406,1.560234375,1.8120777839611657,4.548594092731307,21946,,,0.001086017155909,Information
564700,10537.0,15610.90155,AUS,Australia,New South Wales,1.323918746,0.0,0.81,0.26,10537.0,,,,,,,,,,,,,,,,,,,,,,,,,3.051090558188668,26.47837492,0.0,,63.312,0.406,44.562,0.285,0.625,0.004,0.0,0.0,0.4456199999999999,0.285,0.009375,0.006,0.0,0.0,0.745995,11.109375,0.0711642115099469,48.375,0.3098796045496422,0.166640625,0.1067463172649203,1.693125,1.0845786159237476,3.051090558188668,719,,,0.0007311058658759,Information
564903,10549.0,8254.037371,AUS,Australia,Queensland,1.157801297,0.0,0.81,0.26,10549.0,10549.0,0.0,11.0,-9999.0,-9999.0,-9999.0,0.0,1.0,-999.9,-999.9,-999.9,-5997.4,0.0,0.0,0.0,0.0,0.0,0.0,0.0,0.0,0.0,0.0,0.0,-5997.4,14.399122648074927,23.15602594,0.0,,52.125,0.632,52.125,0.632,16.688,0.202,0.0,0.0,0.52125,0.632,0.25032,0.303,0.0,0.0,1.7065699999999997,87.890625,1.0648198094053631,148.359375,1.7974158382762526,1.318359375,1.5972297141080447,5.192578125,6.290955433966884,14.399122648074927,3179,,,0.047005409798042,Information
564905,10551.0,8778.895756,AUS,Australia,Queensland,0.714228572,0.0,0.81,0.26,10551.0,,,,,,,,,,,,,,,,,,,,,,,,,1.180680404963705,14.28457144,0.0,,7.125,0.081,7.125,0.081,0.0,0.0,0.0,0.0,0.07125,0.081,0.0,0.0,0.0,0.0,0.15225,6.609375,0.0752870883013863,12.9375,0.1473704707176073,0.099140625,0.1129306324520794,0.4528125,0.5157966475116256,1.180680404963705,423,,,9.139345338354055e-06,Information
564909,10555.0,29927.44997,AUS,Australia,Queensland,0.320364349,0.0,0.81,0.26,10555.0,,,,,,,,,,,,,,,,,,,,,,,,,20.92736282928556,6.40728698,0.0,,59.625,0.199,59.125,0.198,0.0,0.0,0.0,0.0,0.59125,0.198,0.0,0.0,0.0,0.0,0.78925,257.90625,0.8617715516302573,337.640625,1.1281971076686197,3.86859375,1.292657327445386,11.817421875,3.948689876840169,20.92736282928556,183202,,,0.06708026659287,Information
565018,10562.0,2172.185107,AUS,Australia,South Australia,1.211410553,0.0,0.81,0.26,10562.0,,,,,,,,,,,,,,,,,,,,,,,,,0.45525,24.22821106,0.0,,147.562,6.793,8.125,0.374,0.0,0.0,0.0,0.0,0.08125,0.374,0.0,0.0,0.0,0.0,0.45525,,,,,,,,,,358,,,1.571744300930741e-07,Information
565019,10563.0,9073.736716,AUS,Australia,South Australia,0.20468346,0.0,0.81,0.26,10563.0,,,,,,,,,,,,,,,,,,,,,,,,,2.018005,4.0936692,0.0,,412.438,4.545,95.438,1.052,0.375,0.004,0.0,0.0,0.95438,1.052,0.005625,0.006,0.0,0.0,2.018005,1.265625,0.0139482226523407,1.40625,0.0154980251692674,0.018984375,0.020922333978511,0.04921875,0.0542430880924359,0.1433685470709469,3103,,,5.640129315623988e-05,Information
565022,10565.0,5938.373845,AUS,Australia,South Australia,1.789175025,0.0,0.81,0.26,10565.0,,,,,,,,,,,,,,,,,,,,,,,,,3.274,35.7835005,0.0,,604.562,10.181,122.0,2.054,0.0,0.0,0.0,0.0,1.22,2.054,0.0,0.0,0.0,0.0,3.274,3.65625,0.0615698858900715,30.65625,0.5162398124629076,0.05484375,0.0923548288351072,1.07296875,1.8068393436201768,3.0270066724552835,10,,,0.0014589953597934,Information
565026,10569.0,6771.249302,AUS,Australia,South Australia,4.000815958,0.0,0.81,0.26,10569.0,,,,,,,,,,,,,,,,,,,,,,,,,1.96025,80.01631916,0.0,,390.375,5.765,79.125,1.169,0.0,0.0,0.0,0.0,0.79125,1.169,0.0,0.0,0.0,0.0,1.96025,1.546875,0.0228447503711517,4.78125,0.0706110466017419,0.023203125,0.0342671255567275,0.16734375,0.2471386631060966,0.4719526636628242,2,,,0.010120669443877,Information
565032,10572.0,3945.716031,AUS,Australia,South Australia,0.335353831,0.0,0.81,0.26,10572.0,,,,,,,,,,,,,,,,,,,,,,,,,2.73181,6.70707662,0.0,,110.0,2.788,77.188,1.956,0.062,0.002,0.0,0.0,0.77188,1.956,0.0009299999999999,0.003,0.0,0.0,2.73181,,,,,,,,,,1172,,,0.0002071682143358,Information
565033,10573.0,10111.51636,AUS,Australia,South Australia,1.074841021,0.0,0.81,0.26,10573.0,,,,,,,,,,,,,,,,,,,,,,,,,4.6122450000000015,21.49682042,0.0,,899.875,8.9,205.062,2.028,17.875,0.177,0.0,0.0,2.0506200000000003,2.028,0.268125,0.2654999999999999,0.0,0.0,4.6122450000000015,,,,,,,,,,62,,,0.0022954159030233,Information
565037,10577.0,9143.707844,AUS,Australia,South Australia,3.893449251,0.0,0.81,0.26,10577.0,,,,,,,,,,,,,,,,,,,,,,,,,2.31688,77.86898502,0.0,,321.0,3.511,102.438,1.12,5.5,0.06,0.0,0.0,1.02438,1.12,0.0825,0.09,0.0,0.0,2.31688,2.53125,0.0276829711000251,3.796875,0.0415244566500377,0.03796875,0.0415244566500376,0.132890625,0.1453355982751319,0.3577194299251696,24,,,0.0120115825870505,Information
565200,10580.0,5473.047449,AUS,Australia,South Australia,1.33648175,0.0,0.81,0.26,10580.0,,,,,,,,,,,,,,,,,,,,,,,,,0.2243799999999999,26.729635,0.0,,17.5,0.32,7.938,0.145,0.0,0.0,0.0,0.0,0.0793799999999999,0.145,0.0,0.0,0.0,0.0,0.2243799999999999,,,,,,,,,,12114,,,3.549398406344644e-09,Information
565302,10582.0,1676.940829,AUS,Australia,South Australia,3.935681956,0.0,0.81,0.26,10582.0,,,,,,,,,,,,,,,,,,,,,,,,,0.30475,78.71363912,0.0,,153.75,9.168,4.375,0.261,0.0,0.0,0.0,0.0,0.04375,0.261,0.0,0.0,0.0,0.0,0.30475,,,,,,,,,,412,,,1.086502354594858e-05,Information
565310,10590.0,2107.451971,AUS,Australia,South Australia,4.001123936,0.0,0.81,0.26,10590.0,,,,,,,,,,,,,,,,,,,,,,,,,0.32688,80.02247872,0.0,,14.938,0.709,5.688,0.27,0.0,0.0,0.0,0.0,0.05688,0.27,0.0,0.0,0.0,0.0,0.32688,,,,,,,,,,23512,,,1.954700384633849e-05,Information
565320,10591.0,3985.02528,AUS,Australia,South Australia,1.999121997,0.0,0.81,0.26,10591.0,,,,,,,,,,,,,,,,,,,,,,,,,0.5567500000000001,39.98243994,0.0,,47.938,1.203,15.875,0.398,0.0,0.0,0.0,0.0,0.15875,0.398,0.0,0.0,0.0,0.0,0.5567500000000001,2.25,0.0564613733072475,2.25,0.0564613733072475,0.03375,0.0846920599608712,0.07875,0.1976148065753662,0.3948068665362375,5400,,,1.4324437530205823e-06,Information
565330,10592.0,10528.5954,AUS,Australia,South Australia,3.845568874,0.0,0.81,0.26,10592.0,,,,,,,,,,,,,,,,,,,,,,,,,4.441125,76.91137748,0.0,,923.125,8.768,202.5,1.923,16.875,0.16,0.0,0.0,2.025,1.923,0.253125,0.24,0.0,0.0,4.441125,0.0,0.0,24.75,0.2350740916874463,0.0,0.0,0.86625,0.8227593209060621,1.6890093209060622,24310,,,0.0496320021807757,Information
565340,10593.0,2084.522627,AUS,Australia,South Australia,0.572843353,0.0,0.81,0.26,10593.0,,,,,,,,,,,,,,,,,,,,,,,,,1.71543,11.45686706,0.0,,65.938,3.163,29.5,1.415,0.062,0.003,0.0,0.0,0.295,1.415,0.0009299999999999,0.0045,0.0,0.0,1.71543,,,,,,,,,,144,,,4.0095920661895646e-05,Information
565370,10596.0,11003.5688,AUS,Australia,South Australia,0.267505872,0.0,0.81,0.26,10596.0,,,,,,,,,,,,,,,,,,,,,,,,,7.62243,5.35011744,0.0,,1313.25,11.935,391.75,3.56,5.062,0.046,0.0,0.0,3.9175,3.56,0.07593,0.069,0.0,0.0,7.62243,0.0,0.0,8.71875,0.0792356566957894,0.0,0.0,0.30515625,0.2773247984352629,0.5824810484352629,2142,,,0.0058829385966036,Information
565371,10597.0,6284.474382,AUS,Australia,South Australia,0.636444347,0.0,0.81,0.26,10597.0,,,,,,,,,,,,,,,,,,,,,,,,,7.130370000000001,12.72888694,0.0,,523.875,8.336,258.312,4.11,11.25,0.179,0.0,0.0,2.58312,4.11,0.16875,0.2684999999999999,0.0,0.0,7.130370000000001,0.0,0.0,26.296875,0.4184419157435236,0.0,0.0,0.920390625,1.4645467051023324,2.3849373301023324,20530,,,0.0061285202575381,Information
565377,10603.0,3067.2788,AUS,Australia,South Australia,1.701115072,0.0,0.81,0.26,10603.0,,,,,,,,,,,,,,,,,,,,,,,,,1.8118,34.02230144,0.0,,81.125,2.645,39.062,1.274,2.312,0.075,0.0,0.0,0.3906199999999999,1.274,0.03468,0.1124999999999999,0.0,0.0,1.8118,0.0,0.0,7.734375,0.2521575475725897,0.0,0.0,0.270703125,0.8825514165040639,1.1532545415040638,748,,,0.0001621983066092,Information
565378,10604.0,1096.60663,AUS,Australia,South Australia,0.281639114,0.0,0.81,0.26,10604.0,,,,,,,,,,,,,,,,,,,,,,,,,0.31625,5.632782280000001,0.0,,32.812,2.992,3.125,0.285,0.0,0.0,0.0,0.0,0.03125,0.285,0.0,0.0,0.0,0.0,0.31625,,,,,,,,,,20,,,6.0462851035747345e-09,Information
565379,10605.0,8449.580282,AUS,Australia,South Australia,2.876068707,0.0,0.81,0.26,10605.0,,,,,,,,,,,,,,,,,,,,,,,,,3.501943855464741,57.52137414,0.0,,420.938,4.982,108.125,1.28,0.312,0.004,0.0,0.0,1.08125,1.28,0.00468,0.006,0.0,0.0,2.37193,14.0625,0.1664283849596441,39.796875,0.4709923294357929,0.2109375,0.2496425774394661,1.392890625,1.6484731530252752,3.501943855464741,3147,,,0.0062857476348556,Information
565505,10614.0,11231.65886,AUS,Australia,Western Australia,3.530587623,0.0,0.81,0.26,10614.0,,,,,,,,,,,,,,,,,,,,,,,,,0.7112499999999999,70.61175246,0.0,,113.0,1.006,37.625,0.335,0.0,0.0,0.0,0.0,0.37625,0.335,0.0,0.0,0.0,0.0,0.7112499999999999,,,,,,,,,,8,,,9.908964243045848e-05,Information
565509,10618.0,14632.69547,AUS,Australia,Western Australia,2.189966989,0.0,0.81,0.26,10618.0,,,,,,,,,,,,,,,,,,,,,,,,,1.1575,43.79933978,0.0,,111.812,0.764,68.75,0.47,0.0,0.0,0.0,0.0,0.6875,0.47,0.0,0.0,0.0,0.0,1.1575,2.671875,0.0182596228062883,2.671875,0.0182596228062883,0.040078125,0.0273894342094324,0.093515625,0.063908679822009,0.2248918640314415,12,,,5.165871942722461e-05,Information
565570,10625.0,27751.04763,AUS,Australia,Western Australia,3.121248165,0.0,0.81,0.26,10625.0,,,,,,,,,,,,,,,,,,,,,,,,,6.020625,62.4249633,0.0,,708.688,2.554,436.75,1.574,3.875,0.014,0.0,0.0,4.3675,1.574,0.058125,0.021,0.0,0.0,6.020625,4.78125,0.0172290792913196,121.5,0.4378213090500051,0.07171875,0.0258436189369794,4.2525,1.5323745816750178,5.882436950611998,65,,,0.0335391653561427,Information
565590,10627.0,5280.148029,AUS,Australia,Western Australia,0.737215756,0.0,0.81,0.26,10627.0,,,,,,,,,,,,,,,,,,,,,,,,,2.478342311835527,14.74431512,0.0,,2.125,0.04,0.875,0.017,2.125,0.04,0.0,0.0,0.00875,0.017,0.031875,0.06,0.0,0.0,0.117625,0.0,0.0,24.46875,0.463410303381579,0.0,0.0,0.85640625,1.6219360618355263,2.478342311835527,625,,,0.0002015354985109,Information
565600,10628.0,4132.647864,AUS,Australia,Western Australia,1.075430031,0.0,0.81,0.26,10628.0,,,,,,,,,,,,,,,,,,,,,,,,,1.92612,21.50860062,0.0,,234.0,5.662,56.312,1.363,0.0,0.0,0.0,0.0,0.56312,1.363,0.0,0.0,0.0,0.0,1.92612,0.0,0.0,3.515625,0.0850695514324409,0.0,0.0,0.123046875,0.2977434300135431,0.4207903050135431,3443,,,0.0001046653765261,Information
565700,10629.0,23638.92229,AUS,Australia,Western Australia,2.701074327,0.0,0.81,0.26,10629.0,,,,,,,,,,,,,,,,,,,,,,,,,2.1782381971436493,54.021486540000005,0.0,,134.062,0.567,34.625,0.146,25.125,0.106,0.0,0.0,0.34625,0.146,0.376875,0.159,0.0,0.0,1.028125,0.0,0.0,43.734375,0.1850100206124713,0.0,0.0,1.530703125,0.6475350721436495,2.1782381971436493,12160,,,0.0011455111928756,Information
565800,10630.0,6972.162725,AUS,Australia,Western Australia,1.038505452,0.0,0.81,0.26,10630.0,,,,,,,,,,,,,,,,,,,,,,,,,0.3816867422859482,20.77010904,0.0,,17.188,0.247,12.5,0.179,0.0,0.0,0.0,0.0,0.125,0.179,0.0,0.0,0.0,0.0,0.304,0.28125,0.0040338989647703,4.359375,0.0625254339539408,0.00421875,0.0060508484471554,0.152578125,0.2188390188387928,0.3816867422859482,1573,,,4.7638532295903016e-08,Information
565900,10631.0,5401.180173,AUS,Australia,Western Australia,0.089329184,0.0,0.81,0.26,10631.0,,,,,,,,,,,,,,,,,,,,,,,,,1.15825,1.78658368,0.0,,79.75,1.477,40.625,0.752,0.0,0.0,0.0,0.0,0.40625,0.752,0.0,0.0,0.0,0.0,1.15825,0.0,0.0,5.625,0.1041439059517988,0.0,0.0,0.196875,0.3645036708312958,0.5613786708312958,34241,,,4.493085299402511e-06,Information
566003,10634.0,12721.5527,AUS,Australia,Western Australia,0.914530959,0.0,0.81,0.26,10634.0,,,,,,,,,,,,,,,,,,,,,,,,,1.459273018403796,18.29061918,0.0,,32.812,0.258,17.375,0.137,0.938,0.007,0.0,0.0,0.17375,0.137,0.01407,0.0105,0.0,0.0,0.33532,0.0,0.0,23.34375,0.1834976481153703,0.0,0.0,0.81703125,0.6422417684037961,1.459273018403796,325,,,2.845977477969273e-05,Information
566005,10636.0,11264.40658,AUS,Australia,Western Australia,0.029720422,0.0,0.81,0.26,10636.0,,,,,,,,,,,,,,,,,,,,,,,,,3.430495,0.59440844,0.0,,670.312,5.951,152.312,1.352,19.625,0.174,0.0,0.0,1.52312,1.352,0.294375,0.261,0.0,0.0,3.430495,4.640625,0.0411972434234531,12.65625,0.1123561184275993,0.069609375,0.0617958651351796,0.44296875,0.3932464144965975,0.9676204046317772,2815,,,0.0003806376672874,Information
566007,10638.0,6766.059506,AUS,Australia,Western Australia,1.964775701,0.0,0.81,0.26,10638.0,,,,,,,,,,,,,,,,,,,,,,,,,1.7771656148726709,39.29551402,0.0,,332.688,4.917,64.438,0.952,0.062,0.001,0.0,0.0,0.6443800000000001,0.952,0.0009299999999999,0.0015,0.0,0.0,1.59881,14.34375,0.2119956229745341,14.34375,0.2119956229745341,0.21515625,0.3179934344618011,0.50203125,0.7419846804108693,1.7771656148726709,28,,,0.0002069975522222,Information
566504,10674.0,8025.91039,AUS,Australia,Western Australia,3.229465042,0.0,0.81,0.26,10674.0,,,,,,,,,,,,,,,,,,,,,,,,,3.3168800000000003,64.58930084,0.0,,254.062,3.166,147.688,1.84,0.0,0.0,0.0,0.0,1.47688,1.84,0.0,0.0,0.0,0.0,3.3168800000000003,,,,,,,,,,0,,,0.0089425234625993,Information
566604,10682.0,7842.952123,AUS,Australia,Western Australia,1.31587149,0.0,0.81,0.26,10682.0,,,,,,,,,,,,,,,,,,,,,,,,,1.4798100000000003,26.3174298,0.0,,218.938,2.792,64.938,0.828,0.062,0.001,0.0,0.0,0.6493800000000001,0.828,0.0009299999999999,0.0015,0.0,0.0,1.4798100000000003,,,,,,,,,,0,,,4.656004787838176e-05,Information
566605,10683.0,5964.188309,AUS,Australia,Western Australia,1.249789283,0.0,0.81,0.26,10683.0,,,,,,,,,,,,,,,,,,,,,,,,,1.11731,24.99578566,0.0,,471.062,7.898,40.938,0.686,0.562,0.009,0.0,0.0,0.40938,0.686,0.00843,0.0134999999999999,0.0,0.0,1.11731,0.0,0.0,1.828125,0.0306516981899856,0.0,0.0,0.063984375,0.1072809436649496,0.1712653186649496,0,,,1.2960906608053902e-05,Information
566710,10686.0,17105.84801,AUS,Australia,Western Australia,1.093072659,0.0,0.81,0.26,10686.0,,,,,,,,,,,,,,,,,,,,,,,,,3.576481328237777,21.86145318,0.0,,135.438,0.792,23.25,0.136,0.0,0.0,0.0,0.0,0.2325,0.136,0.0,0.0,0.0,0.0,0.3685,9.703125,0.056724022055082,60.328125,0.3526754414729013,0.145546875,0.085086033082623,2.111484375,1.2343640451551543,3.576481328237777,75,,,0.0010208309021319,Information
566720,10687.0,8997.228074,AUS,Australia,Western Australia,0.309198531,0.0,0.81,0.26,10687.0,,,,,,,,,,,,,,,,,,,,,,,,,6.003785861310197,6.18397062,0.0,,33.062,0.367,24.062,0.267,0.0,0.0,0.0,0.0,0.24062,0.267,0.0,0.0,0.0,0.0,0.50762,15.328125,0.1703649710102925,74.671875,0.8299431156556452,0.229921875,0.2555474565154387,2.613515625,2.904800904794758,6.003785861310197,0,,,0.0029893664653357,Information
566730,10688.0,18749.37346,AUS,Australia,Western Australia,2.313535126,0.0,0.81,0.26,10688.0,,,,,,,,,,,,,,,,,,,,,,,,,2.681328040195715,46.27070252,0.0,,35.75,0.191,30.875,0.165,1.688,0.009,0.0,0.0,0.30875,0.165,0.02532,0.0134999999999999,0.0,0.0,0.51257,18.140625,0.0967532330601103,42.1875,0.2250075187444427,0.272109375,0.1451298495901654,1.4765625,0.7875263156055494,2.681328040195715,32,,,0.0013603665333294,Information
566762,10693.0,8012.409117,AUS,Australia,Western Australia,1.081418928,0.0,0.81,0.26,10693.0,,,,,,,,,,,,,,,,,,,,,,,,,1.3894089784088233,21.62837856,0.0,,6.75,0.084,6.75,0.084,0.0,0.0,0.0,0.0,0.0675,0.084,0.0,0.0,0.0,0.0,0.1515,8.71875,0.1088155868290035,13.921875,0.1737539209043766,0.13078125,0.1632233802435052,0.487265625,0.6081387231653181,1.3894089784088233,1,,,2.758351010333597e-05,Information
566770,10701.0,18700.03231,AUS,Australia,Western Australia,0.811646208,0.0,0.81,0.26,10701.0,,,,,,,,,,,,,,,,,,,,,,,,,2.245663337092429,16.23292416,0.0,,98.375,0.526,57.312,0.306,0.0,0.0,0.0,0.0,0.57312,0.306,0.0,0.0,0.0,0.0,0.8791199999999999,19.125,0.1022725505474006,33.609375,0.1797289675060938,0.286875,0.1534088258211009,1.176328125,0.6290513862713283,2.245663337092429,110,,,0.0001478494870323,Information
566840,10705.0,13956.46029,AUS,Australia,Western Australia,0.232730077,0.0,0.81,0.26,10705.0,,,,,,,,,,,,,,,,,,,,,,,,,6.939812695575967,4.65460154,0.0,,471.125,3.376,113.875,0.816,4.938,0.035,0.0,0.0,1.13875,0.816,0.07407,0.0525,0.0,0.0,2.08132,1.125,0.008060783152907,115.03125,0.8242150773847444,0.016875,0.0120911747293604,4.02609375,2.8847527708466054,6.939812695575967,8,,,0.0043935074783188,Information
566850,10706.0,11280.13727,AUS,Australia,Western Australia,0.235579862,0.0,0.81,0.26,10706.0,,,,,,,,,,,,,,,,,,,,,,,,,12.918500000000002,4.71159724,0.0,,1072.062,9.504,439.125,3.893,163.75,1.452,0.0,0.0,4.39125,3.893,2.45625,2.178,0.0,0.0,12.918500000000002,0.703125,0.0062333018062042,87.46875,0.7754227446918127,0.010546875,0.0093499527093063,3.06140625,2.7139796064213444,5.795282684130651,1094,,,0.0228449052282029,Information
566860,10707.0,6364.842364,AUS,Australia,Western Australia,0.137859217,0.0,0.81,0.26,10707.0,,,,,,,,,,,,,,,,,,,,,,,,,5.045643364007873,2.75718434,0.0,,168.125,2.641,75.688,1.189,1.5,0.024,0.0,0.0,0.75688,1.189,0.0225,0.036,0.0,0.0,2.00438,6.46875,0.1016325248974289,53.296875,0.8373636290462083,0.09703125,0.1524487873461433,1.865390625,2.930772701661729,5.045643364007873,26,,,0.0015447689851616,Information
566870,10708.0,13767.48114,AUS,Australia,Western Australia,0.104140662,0.0,0.81,0.26,10708.0,,,,,,,,,,,,,,,,,,,,,,,,,9.500720490541584,2.08281324,0.0,,459.25,3.336,106.625,0.774,0.812,0.006,0.0,0.0,1.06625,0.774,0.01218,0.009,0.0,0.0,1.86143,7.59375,0.0551571483938279,153.984375,1.118464397985955,0.11390625,0.0827357225907418,5.389453125,3.9146253929508426,9.500720490541584,1501,,,0.0098305182585045,Information
566880,10709.0,7618.356979,AUS,Australia,Western Australia,0.354817986,0.0,0.81,0.26,10709.0,,,,,,,,,,,,,,,,,,,,,,,,,1.13268,7.09635972,0.0,,121.25,1.592,48.5,0.637,0.312,0.004,0.0,0.0,0.485,0.637,0.00468,0.006,0.0,0.0,1.13268,0.0,0.0,12.9375,0.1698200811050672,0.0,0.0,0.4528125,0.5943702838677352,1.0471827838677352,66,,,5.241182053030939e-06,Information
566890,10710.0,11656.07434,AUS,Australia,Western Australia,0.857106912,0.0,0.81,0.26,10710.0,,,,,,,,,,,,,,,,,,,,,,,,,9.221533464784237,17.14213824,0.0,,306.375,2.628,157.062,1.347,4.938,0.042,0.0,0.0,1.57062,1.347,0.07407,0.063,0.0,0.0,3.0546900000000003,75.9375,0.6514843486282728,109.265625,0.9374135905262369,1.1390625,0.9772265229424092,3.824296875,3.280947566841829,9.221533464784237,413,,,0.0140608201169726,Information
566913,10715.0,4215.672464,AUS,Australia,Western Australia,0.408375419,0.0,0.81,0.26,10715.0,,,,,,,,,,,,,,,,,,,,,,,,,2.81125,8.167508380000001,0.0,,153.375,3.638,79.25,1.88,2.75,0.065,0.0,0.0,0.7925,1.88,0.04125,0.0975,0.0,0.0,2.81125,0.0,0.0,2.953125,0.0700511015768024,0.0,0.0,0.103359375,0.2451788555188084,0.3485382305188084,6,,,0.0002448418962838,Information
566915,10717.0,16698.02562,AUS,Australia,Western Australia,0.070824277,0.0,0.81,0.26,10717.0,,,,,,,,,,,,,,,,,,,,,,,,,6.385255,1.41648554,0.0,,1142.875,6.844,317.438,1.901,54.625,0.327,0.0,0.0,3.17438,1.901,0.819375,0.4905,0.0,0.0,6.385255,0.28125,0.0016843308684904,54.421875,0.3259180230528992,0.00421875,0.0025264963027356,1.904765625,1.140713080685147,3.052223951987883,1233,,,0.0031009381456395,Information
566917,10719.0,5385.574603,AUS,Australia,Western Australia,0.01401778,0.0,0.81,0.26,10719.0,,,,,,,,,,,,,,,,,,,,,,,,,0.98305,0.2803556,0.0,,88.375,1.641,29.062,0.54,3.562,0.066,0.0,0.0,0.29062,0.54,0.05343,0.099,0.0,0.0,0.98305,,,,,,,,,,271,,,1.9237188499082853e-06,Information
566920,10722.0,6785.33976,AUS,Australia,Western Australia,1.369662915,0.0,0.81,0.26,10722.0,,,,,,,,,,,,,,,,,,,,,,,,,1.22338,27.3932583,0.0,,111.312,1.64,49.438,0.729,0.0,0.0,0.0,0.0,0.49438,0.729,0.0,0.0,0.0,0.0,1.22338,0.0,0.0,4.359375,0.0642469670509709,0.0,0.0,0.152578125,0.2248643846783981,0.3774425096783981,0,,,2.218692041884592e-05,Information
566930,10723.0,16225.11142,AUS,Australia,Western Australia,0.075607321,0.0,0.81,0.26,10723.0,,,,,,,,,,,,,,,,,,,,,,,,,4.2795000000000005,1.51214642,0.0,,731.875,4.511,250.125,1.542,9.75,0.06,0.0,0.0,2.50125,1.542,0.14625,0.09,0.0,0.0,4.2795000000000005,2.390625,0.0147341052893741,7.59375,0.0468024520956589,0.035859375,0.0221011579340611,0.26578125,0.1638085823348061,0.4875503652688673,32151,,,0.0008560626904542,Information
566940,10724.0,10205.25655,AUS,Australia,Western Australia,0.139863632,0.0,0.81,0.26,10724.0,,,,,,,,,,,,,,,,,,,,,,,,,9.430429999999998,2.79727264,0.0,,1033.938,10.131,450.0,4.409,17.562,0.172,0.0,0.0,4.5,4.409,0.26343,0.258,0.0,0.0,9.430429999999998,0.0,0.0,4.921875,0.048228821847962,0.0,0.0,0.172265625,0.1688008764678669,0.341066501467867,58,,,0.0098278239478415,Information
566950,10725.0,3595.910638,AUS,Australia,Western Australia,0.320650329,0.0,0.81,0.26,10725.0,,,,,,,,,,,,,,,,,,,,,,,,,0.2233115761095649,6.41300658,0.0,,5.062,0.141,4.312,0.12,0.0,0.0,0.0,0.0,0.04312,0.12,0.0,0.0,0.0,0.0,0.16312,0.0,0.0,1.6875,0.0469283074598757,0.0,0.0,0.0590625,0.1642490761095649,0.2233115761095649,0,,,7.798000327036282e-10,Information
566970,10727.0,4053.772503,AUS,Australia,Western Australia,0.646086481,0.0,0.81,0.26,10727.0,,,,,,,,,,,,,,,,,,,,,,,,,1.03312,12.92172962,0.0,,47.375,1.169,29.812,0.735,0.0,0.0,0.0,0.0,0.29812,0.735,0.0,0.0,0.0,0.0,1.03312,3.796875,0.0936627548036968,4.78125,0.1179456912342849,0.056953125,0.1404941322055452,0.16734375,0.4128099193199971,0.7776009265255424,3,,,4.620225144995219e-06,Information
567011,10730.0,4430.95691,AUS,Australia,Northern Territory,1.028449813,0.0,0.81,0.26,10730.0,,,,,,,,,,,,,,,,,,,,,,,,,98.212578125,20.56899626,0.0,3.0,472.5,10.664,330.688,7.463,0.0,0.0,0.0,0.0,3.30688,7.463,0.0,0.0,0.0,0.0,10.76988,892.6875,20.14660756650686,994.921875,22.453882881700697,13.3903125,15.0,34.822265625,35.0,98.212578125,0,0.0,0.0,0.5840422546884815,Warning
567012,10731.0,6385.912605,AUS,Australia,Northern Territory,1.253115031,0.0,0.81,0.26,10731.0,,,,,,,,,,,,,,,,,,,,,,,,,13.794771051997396,25.06230062,0.0,,23.188,0.363,20.812,0.326,0.0,0.0,0.0,0.0,0.20812,0.326,0.0,0.0,0.0,0.0,0.53412,92.953125,1.455596572487648,113.765625,1.7815092695045498,1.394296875,2.183394858731472,3.981796875,6.235282443265924,13.794771051997396,5,,,0.0452879642052237,Information
567014,10733.0,14757.2632,AUS,Australia,Northern Territory,1.00502362,0.0,0.81,0.26,10733.0,,,,,,,,,,,,,,,,,,,,,,,,,38.31293043411473,20.1004724,0.0,,291.312,1.974,190.688,1.292,0.0,0.0,0.0,0.0,1.90688,1.292,0.0,0.0,0.0,0.0,3.19888,399.65625,2.708200325970078,481.21875,3.260894270045604,5.99484375,4.062300488955117,16.84265625,11.413129945159614,38.31293043411473,0,,,0.2311750784854487,Advisory
567015,10734.0,4383.987528,AUS,Australia,Northern Territory,0.663514225,0.0,0.81,0.26,10734.0,,,,,,,,,,,,,,,,,,,,,,,,,71.9816374092015,13.2702845,0.0,3.0,335.812,7.66,311.438,7.104,0.0,0.0,0.0,0.0,3.11438,7.104,0.0,0.0,0.0,0.0,10.21838,400.5,9.135518689467665,493.453125,11.255805857212794,6.0075,13.703278034201496,17.270859375,35.0,71.9816374092015,7,0.0,0.0,0.4260712258134241,Watch
567017,10736.0,9846.550766,AUS,Australia,Northern Territory,1.333206631,0.0,0.81,0.26,10736.0,,,,,,,,,,,,,,,,,,,,,,,,,2.254777199129934,26.66413262,0.0,,13.062,0.133,13.062,0.133,0.0,0.0,0.0,0.0,0.1306199999999999,0.133,0.0,0.0,0.0,0.0,0.2636199999999999,15.1875,0.1542418290459244,25.453125,0.2584978801602993,0.2278125,0.2313627435688866,0.890859375,0.9047425805610476,2.254777199129934,28,,,0.0002488431031917,Information
567022,10740.0,18218.11429,AUS,Australia,Northern Territory,1.217534737,0.0,0.81,0.26,10740.0,,,,,,,,,,,,,,,,,,,,,,,,,100.0,24.35069474,0.0,3.0,2730.562,14.988,2716.812,14.913,0.0,0.0,0.0,0.0,10.0,10.0,0.0,0.0,0.0,0.0,20.0,2410.453125,13.231079167870716,2527.453125,13.873297117095872,15.0,15.0,35.0,35.0,100.0,94,1.0,1.0638297872340425,0.6099013505625444,Warning
567023,10741.0,4357.117124,AUS,Australia,Northern Territory,0.292427062,0.0,0.81,0.26,10741.0,,,,,,,,,,,,,,,,,,,,,,,,,79.26828125,5.84854124,0.0,3.0,613.25,14.075,613.25,14.075,0.0,0.0,0.0,0.0,6.1325,10.0,0.0,0.0,0.0,0.0,16.1325,556.03125,12.761448320569436,597.9375,13.7232367878253,8.34046875,15.0,20.9278125,35.0,79.26828125,8,0.0,0.0,0.4316925519656923,Watch
567024,10742.0,4015.084539,AUS,Australia,Northern Territory,0.832685939,0.0,0.81,0.26,10742.0,,,,,,,,,,,,,,,,,,,,,,,,,100.0,16.65371878,0.0,3.0,1302.375,32.437,1301.875,32.425,0.0,0.0,0.0,0.0,10.0,10.0,0.0,0.0,0.0,0.0,20.0,1177.59375,29.3292392345319,1305.0,32.50242895825842,15.0,15.0,35.0,35.0,100.0,6,0.0,0.0,0.5722738489166307,Warning
567110,10748.0,23063.27326,AUS,Australia,Western Australia,1.069329153,0.0,0.81,0.26,10748.0,,,,,,,,,,,,,,,,,,,,,,,,,24.402498344878097,21.38658306,0.0,,360.312,1.562,360.25,1.562,242.375,1.051,0.0,0.0,3.6025,1.562,3.635625,1.5764999999999998,0.0,0.0,10.376625,266.90625,1.1572782706702984,371.953125,1.612750803963614,4.00359375,1.7359174060054476,13.018359375,5.644627813872649,24.402498344878097,3,,,0.1210292874105575,Information
567401,10806.0,62277.14047,AUS,Australia,Western Australia,2.286178126,0.0,0.81,0.26,10806.0,,,,,,,,,,,,,,,,,,,,,,,,,61.57872436556638,45.72356252,0.0,3.0,1270.125,2.039,1270.125,2.039,623.812,1.002,0.0,0.0,10.0,2.039,9.35718,1.503,0.0,0.0,22.89918,1165.078125,1.87079579481678,1560.9375,2.5064373352403453,15.0,2.80619369222517,35.0,8.772530673341208,61.57872436556638,1004,0.0,0.0,0.5502235742391705,Watch
567510,10810.0,22776.62416,AUS,Australia,Northern Territory,0.280555053,0.0,0.81,0.26,10810.0,,,,,,,,,,,,,,,,,,,,,,,,,0.8620788696339201,5.61110106,0.0,,29.938,0.131,29.938,0.131,4.812,0.021,0.0,0.0,0.29938,0.131,0.07218,0.0315,0.0,0.0,0.53406,2.53125,0.0111133677310107,16.03125,0.0703846622964012,0.03796875,0.016670051596516,0.56109375,0.2463463180374042,0.8620788696339201,461,,,1.327618646624572e-06,Information
567813,10842.0,6212.690036,AUS,Australia,Northern Territory,3.289019508,0.0,0.81,0.26,10842.0,,,,,,,,,,,,,,,,,,,,,,,,,63.2043152286338,65.78039016,0.0,3.0,240.938,3.878,240.938,3.878,118.75,1.911,0.0,0.0,2.40938,3.878,1.78125,2.8665000000000003,0.0,0.0,10.93513,284.765625,4.583612305883611,569.953125,9.174015148516682,4.271484375,6.875418458825417,19.948359375,32.109053019808385,63.2043152286338,0,0.0,0.0,0.7302514699697861,Watch
567816,10845.0,27358.69063,AUS,Australia,Northern Territory,0.039021749,0.0,0.81,0.26,10845.0,,,,,,,,,,,,,,,,,,,,,,,,,4.059418777952208,0.78043498,0.0,,49.938,0.183,49.938,0.183,23.625,0.086,0.0,0.0,0.49938,0.183,0.354375,0.129,0.0,0.0,1.165755,47.25,0.172705633581808,64.6875,0.2364422364512848,0.70875,0.2590584503727119,2.2640625,0.8275478275794967,4.059418777952208,3864,,,0.0006960225266011,Information
567840,10859.0,6999.482426,AUS,Australia,Northern Territory,3.903523104,0.0,0.81,0.26,10859.0,,,,,,,,,,,,,,,,,,,,,,,,,85.03285535882571,78.07046208,0.0,3.0,434.688,6.21,434.688,6.21,168.938,2.414,0.0,0.0,4.34688,6.21,2.53407,3.621,0.0,0.0,16.71195,562.359375,8.034299405883806,844.171875,12.06048995586909,8.435390625,12.051449108825707,29.546015625,35.0,85.03285535882571,0,0.0,0.0,0.9123235910837576,Warning
567850,10860.0,5797.243076,AUS,Australia,Northern Territory,1.932102627,0.0,0.81,0.26,10860.0,,,,,,,,,,,,,,,,,,,,,,,,,37.65295675370071,38.64205254,0.0,,167.375,2.887,167.375,2.887,88.938,1.534,0.0,0.0,1.67375,2.887,1.33407,2.301,0.0,0.0,8.195820000000001,198.984375,3.432396612964227,309.515625,5.339014095501247,2.984765625,5.1485949194463405,10.833046875,18.68654933425436,37.65295675370071,0,,,0.3126639987883061,Advisory
567901,10861.0,31235.6241,AUS,Australia,Northern Territory,1.376688992,0.0,0.81,0.26,10861.0,,,,,,,,,,,,,,,,,,,,,,,,,70.2386103430469,27.53377984,0.0,3.0,892.5,2.857,770.312,2.466,558.438,1.788,0.0,0.0,7.70312,2.466,8.37657,2.682,0.0,0.0,21.22769,1076.90625,3.447686034770059,1344.65625,4.304880368826234,15.0,5.171529052155089,35.0,15.06708129089182,70.2386103430469,105,1.0,0.95,0.487546104058527,Watch
567902,10862.0,10903.55217,AUS,Australia,Northern Territory,0.683529949,0.0,0.81,0.26,10862.0,,,,,,,,,,,,,,,,,,,,,,,,,100.0,13.67059898,0.0,3.0,1438.812,13.196,1434.062,13.152,887.75,8.142,0.0,0.0,10.0,10.0,13.31625,12.213,0.0,0.0,45.52925,1255.921875,11.518465319540724,1554.328125,14.25524545704665,15.0,15.0,35.0,35.0,100.0,462,16.0,3.463203463203463,0.5584339748527093,Warning
567903,10863.0,5316.014919,AUS,Australia,Northern Territory,1.155198077,0.0,0.81,0.26,10863.0,,,,,,,,,,,,,,,,,,,,,,,,,34.67931586388274,23.10396154,0.0,,6.812,0.128,6.812,0.128,0.688,0.013,0.0,0.0,0.06812,0.128,0.01032,0.0195,0.0,0.0,0.22594,172.125,3.237857730287105,270.140625,5.081637826700596,2.581875,4.856786595430657,9.454921875,17.785732393452086,34.67931586388274,15,,,0.2129256656335799,Information
567904,10864.0,17503.58982,AUS,Australia,Northern Territory,0.23329578,0.0,0.81,0.26,10864.0,,,,,,,,,,,,,,,,,,,,,,,,,15.54272469033246,4.6659156,0.0,,93.188,0.532,93.188,0.532,25.625,0.146,0.0,0.0,0.93188,0.532,0.384375,0.2189999999999999,0.0,0.0,2.067255,129.515625,0.739937500326442,227.109375,1.2975016970979412,1.942734375,1.109906250489663,7.948828125,4.541255939842794,15.54272469033246,0,,,0.0348546665549809,Information
568001,10865.0,71942.95677,AUS,Australia,Queensland,0.438257964,0.0,0.81,0.26,10865.0,,,,,,,,,,,,,,,,,,,,,,,,,4.001089971138077,8.76515928,0.0,,190.875,0.265,62.938,0.087,4.875,0.007,0.0,0.0,0.62938,0.087,0.073125,0.0105,0.0,0.0,0.800005,18.28125,0.0254107571048638,92.53125,0.1286175244230802,0.27421875,0.0381161356572957,3.23859375,0.4501613354807807,4.001089971138077,1162,,,0.0008833900625825,Information
568102,10869.0,41115.00779,AUS,Australia,South Australia,1.009676316,0.0,0.81,0.26,10869.0,,,,,,,,,,,,,,,,,,,,,,,,,4.08493,20.19352632,0.0,,955.312,2.324,292.875,0.712,23.812,0.058,0.0,0.0,2.92875,0.712,0.35718,0.087,0.0,0.0,4.08493,6.046875,0.014707220854737,58.078125,0.1412577258838701,0.090703125,0.0220608312821055,2.032734375,0.4944020405935453,2.639900371875651,512,,,0.0014778884120868,Information
568202,10873.0,45800.07255,AUS,Australia,South Australia,0.604259796,0.0,0.81,0.26,10873.0,,,,,,,,,,,,,,,,,,,,,,,,,1.960875,12.08519592,0.0,,643.938,1.406,137.125,0.299,15.875,0.035,0.0,0.0,1.37125,0.299,0.238125,0.0525,0.0,0.0,1.960875,16.171875,0.0353097148096882,20.25,0.0442139037616965,0.242578125,0.0529645722145322,0.70875,0.1547486631659377,1.15904136038047,360,,,7.148369901171603e-05,Information
568203,10874.0,10556.51349,AUS,Australia,South Australia,3.319787216,0.0,0.81,0.26,10874.0,,,,,,,,,,,,,,,,,,,,,,,,,0.59625,66.39574432,0.0,,123.438,1.169,30.625,0.29,0.0,0.0,0.0,0.0,0.30625,0.29,0.0,0.0,0.0,0.0,0.59625,,,,,,,,,,0,,,2.7681772259299923e-05,Information
568208,10879.0,15045.3058,AUS,Australia,New South Wales,0.246123217,0.0,0.81,0.26,10879.0,,,,,,,,,,,,,,,,,,,,,,,,,0.2539905701709953,4.92246434,0.0,,430.375,2.861,14.188,0.094,0.0,0.0,0.0,0.0,0.14188,0.094,0.0,0.0,0.0,0.0,0.23588,0.0,0.0,4.359375,0.0289749843345701,0.0,0.0,0.152578125,0.1014124451709953,0.2539905701709953,106,,,1.560054086288931e-09,Information
568217,10887.0,4001.782634,AUS,Australia,South Australia,3.188936022,0.0,0.81,0.26,10887.0,10887.0,0.0,1.0,-9999.0,-9999.0,-9999.0,0.0,10.0,-999.9,-999.9,-999.9,-5979.4,0.0,0.0,0.0,0.0,0.0,0.0,0.0,0.0,0.0,0.0,0.0,-5979.4,8.125890197135533,63.77872044,0.0,,14.438,0.361,14.438,0.361,2.812,0.07,0.0,0.0,0.14438,0.361,0.04218,0.105,0.0,0.0,0.6525599999999999,14.0625,0.3514058929540135,60.328125,1.507531280772718,0.2109375,0.5271088394310202,2.111484375,5.276359482704513,8.125890197135533,50,,,0.0675105436623827,Information
568270,10895.0,3244.912583,AUS,Australia,Queensland,3.477804671,0.0,0.81,0.26,10895.0,10895.0,0.0,1.0,-9999.0,-9999.0,-9999.0,0.0,10.0,-999.9,-999.9,-999.9,-5979.4,0.0,0.0,0.0,0.0,0.0,0.0,0.0,0.0,0.0,0.0,0.0,-5979.4,-5979.4,69.55609342,0.0,,,,,,,,,,,,,,,,,,,,,,,,,,32,,,,
568293,10908.0,9149.740071,AUS,Australia,Queensland,1.06261252,0.0,0.81,0.26,10908.0,10908.0,0.0,8.0,-9999.0,-9999.0,-9999.0,0.0,3.0,-999.9,-999.9,-999.9,-5993.4,0.0,0.0,0.0,0.0,0.0,0.0,0.0,0.0,0.0,0.0,0.0,-5993.4,-5993.4,21.2522504,0.0,,,,,,,,,,,,,,,,,,,,,,,,,,52,,,,
568500,10944.0,19251.66636,AUS,Australia,South Australia,3.064826245,0.0,0.81,0.26,10944.0,,,,,,,,,,,,,,,,,,,,,,,,,14.930234915240376,61.2965249,0.0,,9.0,0.047,8.688,0.045,0.0,0.0,0.0,0.0,0.08688,0.045,0.0,0.0,0.0,0.0,0.13188,109.40625,0.5682949617612898,233.859375,1.2147487421709833,1.64109375,0.8524424426419347,8.185078125,4.251620597598442,14.930234915240376,5,,,0.1704113298342282,Information
568650,10959.0,12612.37954,AUS,Australia,Queensland,1.124957209,0.0,0.81,0.26,10959.0,10959.0,0.0,5.0,-9999.0,-9999.0,-9999.0,0.0,6.0,-999.9,-999.9,-999.9,-5987.4,0.0,0.0,0.0,0.0,0.0,0.0,0.0,0.0,0.0,0.0,0.0,-5987.4,-5987.4,22.49914418,0.0,,,,,,,,,,,,,,,,,,,,,,,,,,2,,,,
568730,10975.0,17763.41565,AUS,Australia,Queensland,1.408025579,0.0,0.81,0.26,10975.0,,,,,,,,,,,,,,,,,,,,,,,,,11.671975454212404,28.16051158,0.0,,88.562,0.499,86.062,0.484,27.625,0.156,0.0,0.0,0.8606199999999999,0.484,0.414375,0.2339999999999999,0.0,0.0,1.992995,62.4375,0.3514948995707197,186.609375,1.0505264228160924,0.9365625,0.5272423493560796,6.531328125,3.6768424798563233,11.671975454212404,129,,,0.0345899112429148,Information
568750,10977.0,1454.665487,AUS,Australia,Queensland,3.760402158,0.0,0.81,0.26,10977.0,10977.0,0.0,1.0,-9999.0,-9999.0,-9999.0,0.0,10.0,-999.9,-999.9,-999.9,-5979.4,0.0,0.0,0.0,0.0,0.0,0.0,0.0,0.0,0.0,0.0,0.0,-5979.4,-5979.4,75.20804316,0.0,,,,,,,,,,,,,,,,,,,,,,,,,,3,,,,
568804,10993.0,31611.27698,AUS,Australia,Northern Territory,1.114785772,0.0,0.81,0.26,10993.0,,,,,,,,,,,,,,,,,,,,,,,,,4.090021067339997,22.29571544,0.0,,31.438,0.099,22.312,0.071,2.0,0.006,0.0,0.0,0.22312,0.071,0.03,0.009,0.0,0.0,0.3331199999999999,48.65625,0.1539205456210178,67.921875,0.2148659639738486,0.72984375,0.2308808184315267,2.377265625,0.7520308739084701,4.090021067339997,247,,,0.001618115169119,Information
569001,11009.0,66164.88762,AUS,Australia,Tasmania,2.967738005,0.172527107,0.81,0.26,11009.0,,,,,,,,,,,,,,,,,,,,,,,,,45.17580434221023,59.35476010000001,3.4505421400000005,,607.188,0.918,510.188,0.771,1.812,0.003,0.0,0.0,5.10188,0.771,0.02718,0.0045,0.0,0.0,5.90456,273.234375,0.4129597809869014,1031.765625,1.5593854416371054,4.098515625,0.6194396714803521,35.0,5.457849045729869,45.17580434221023,489113,,,0.5420818404437999,Advisory
569002,11010.0,1158.141531,AUS,Australia,Tasmania,2.207490583,0.0,0.81,0.26,11010.0,,,,,,,,,,,,,,,,,,,,,,,,,11.687875,44.14981166,0.0,,200.562,17.318,148.875,12.855,1.375,0.119,0.0,0.0,1.48875,10.0,0.020625,0.1785,0.0,0.0,11.687875,0.0,0.0,32.34375,2.792728619399422,0.0,0.0,1.13203125,9.774550167897976,10.906581417897977,1569,,,0.0588945871862465,Information
561950,16235.0,19791.30986,AUS,Australia,Western Australia,1.814557995,0.0,0.81,0.26,16235.0,,,,,,,,,,,,,,,,,,,,,,,,,6.8520463989068725,36.2911599,0.0,,81.875,0.414,72.062,0.364,6.125,0.031,0.0,0.0,0.7206199999999999,0.364,0.091875,0.0465,0.0,0.0,1.2229949999999998,63.28125,0.3197426064282029,102.9375,0.5201146397898767,0.94921875,0.4796139096423043,3.6028125,1.8204012392645683,6.8520463989068725,22900,,,0.0128811594646234,Information
562310,16237.0,4918.518726,AUS,Australia,Western Australia,0.930193025,3.9080963,0.81,0.26,16237.0,,,,,,,,,,,,,,,,,,,,,,,,,10.31146549378442,18.6038605,78.161926,,21.062,0.428,20.562,0.418,3.438,0.07,0.0,0.0,0.20562,0.418,0.05157,0.105,0.0,0.0,0.78019,8.4375,0.1715455500008542,93.515625,1.901296512509468,0.1265625,0.2573183250012812,3.273046875,6.654537793783138,10.31146549378442,4327,,,0.2265073582237723,Information
562500,16238.0,7809.359931,AUS,Australia,Northern Territory,0.09975529,1.686164993,0.81,0.26,16238.0,,,,,,,,,,,,,,,,,,,,,,,,,36.03195371301332,1.9951058,33.72329986,,32.688,0.419,29.812,0.382,1.0,0.013,0.0,0.0,0.29812,0.382,0.015,0.0195,0.0,0.0,0.71462,94.21875,1.20648492114004,411.046875,5.263515558943787,1.41328125,1.80972738171006,14.386640625,18.42230445630325,36.03195371301332,2580,,,0.2711189812385816,Advisory
562533,16239.0,4236.170607,AUS,Australia,Northern Territory,0.261736889,1.575566257,0.81,0.26,16239.0,,,,,,,,,,,,,,,,,,,,,,,,,25.739480950842985,5.23473778,31.51132514,,22.25,0.525,20.75,0.49,0.438,0.01,0.0,0.0,0.2075,0.49,0.00657,0.015,0.0,0.0,0.71907,62.71875,1.4805529762831124,191.953125,4.5312888175480905,0.94078125,2.2208294644246687,6.718359375,15.859510861418316,25.739480950842985,119549,,,0.1638783596301654,Information
562591,16240.0,15394.50822,AUS,Australia,Northern Territory,1.022755945,1.569965638,0.81,0.26,16240.0,,,,,,,,,,,,,,,,,,,,,,,,,22.790139284692813,20.4551189,31.39931276,,118.125,0.767,100.0,0.65,3.812,0.025,0.0,0.0,1.0,0.65,0.05718,0.0375,0.0,0.0,1.74468,111.234375,0.7225588072998133,347.0625,2.2544565567837407,1.668515625,1.08383821094972,12.1471875,7.890597948743093,22.790139284692813,9308,,,0.1352363576222905,Information
563500,16242.0,14782.54818,AUS,Australia,Queensland,1.361606347,1.249362308,0.81,0.26,16242.0,,,,,,,,,,,,,,,,,,,,,,,,,23.26067490958292,27.23212694,24.98724616,,169.812,1.149,122.5,0.829,0.0,0.0,0.0,0.0,1.225,0.829,0.0,0.0,0.0,0.0,2.0540000000000003,75.796875,0.5127456650676729,363.9375,2.461940224851832,1.136953125,0.7691184976015094,12.7378125,8.616790786981412,23.26067490958292,66380,,,0.1270368630456909,Information
563917,16243.0,2669.213717,AUS,Australia,New South Wales,0.968513163,2.359841866,0.81,0.26,16243.0,,,,,,,,,,,,,,,,,,,,,,,,,8.64701609050945,19.37026326,47.19683732,,13.562,0.508,4.938,0.185,0.0,0.0,0.0,0.0,0.04938,0.185,0.0,0.0,0.0,0.0,0.23438,12.515625,0.4688880819608961,46.6875,1.7491105978766015,0.187734375,0.7033321229413442,1.6340625,6.121887092568105,8.64701609050945,42719,,,0.0351977959753877,Information
565100,16244.0,27910.24463,AUS,Australia,South Australia,1.07262071,0.001821936,0.81,0.26,16244.0,,,,,,,,,,,,,,,,,,,,,,,,,5.062679999999999,21.4524142,0.03643872,,795.938,2.852,359.875,1.289,8.562,0.031,0.0,0.0,3.59875,1.289,0.12843,0.0465,0.0,0.0,5.062679999999999,0.0,0.0,49.359375,0.1768503847059636,0.0,0.0,1.727578125,0.6189763464708726,2.3465544714708724,1343104,,,0.0030550963203292,Information
571010,11013.0,6241.740594,NZL,New Zealand,Wellington,0.788180127,0.018098225,0.81,0.26,11013.0,,,,,,,,,,,,,,,,,,,,,,,,,3.3500226121574554,15.76360254,0.3619644999999999,,67.25,1.077,17.688,0.283,5.938,0.095,0.312,0.005,0.1768799999999999,0.283,0.08907,0.1425,0.0078,0.0125,0.7117499999999999,1.828125,0.0292887051699037,36.0,0.5767621941150286,0.027421875,0.0439330577548555,1.26,2.0186676794026,3.3500226121574554,464780,,,0.0006306117760892,Information
571070,11019.0,12106.59119,NZL,New Zealand,Taranaki,3.376579917,0.088294275,0.81,0.26,11019.0,,,,,,,,,,,,,,,,,,,,,,,,,3.8080583028892896,67.53159834,1.7658855,,12.75,0.105,10.188,0.084,0.0,0.0,0.0,0.0,0.10188,0.084,0.0,0.0,0.0,0.0,0.18588,0.5625,0.0046462294076582,59.34375,0.4901772025079434,0.0084375,0.0069693441114872,2.07703125,1.715620208777802,3.8080583028892896,121860,,,0.0160506108224502,Information
571080,11020.0,14430.8652,NZL,New Zealand,Waikato,0.667779555,0.0,0.81,0.26,11020.0,11020.0,0.0,15.0,2.0,2.0,-9999.0,0.0,1.0,0.2,0.2,-999.9,-1997.0,0.0,0.0,0.0,0.0,0.0,0.0,0.0,0.0,0.0,0.0,0.0,-1997.0,9.83834108937748,13.3555911,0.0,,40.125,0.278,11.25,0.078,0.0,0.0,0.0,0.0,0.1125,0.078,0.0,0.0,0.0,0.0,0.1905,23.203125,0.1607881764361244,156.09375,1.081665914206655,0.348046875,0.2411822646541865,5.46328125,3.785830699723293,9.83834108937748,328850,,,0.014795384141086,Information
571091,11021.0,3887.458034,NZL,New Zealand,Auckland,3.21376945,0.178742495,0.81,0.26,11021.0,,,,,,,,,,,,,,,,,,,,,,,,,6.739229686789542,64.275389,3.5748499,,71.375,1.836,34.25,0.881,0.0,0.0,0.0,0.0,0.3425,0.881,0.0,0.0,0.0,0.0,1.2235,31.921875,0.8211503434783645,40.21875,1.0345770847348557,0.478828125,1.2317255152175468,1.40765625,3.6210197965719946,6.739229686789542,416127,,,0.0476683649900229,Information
571095,11024.0,13102.68811,NZL,New Zealand,Gisborne,2.489295069,0.120913177,0.81,0.26,11024.0,,,,,,,,,,,,,,,,,,,,,,,,,12.660342582079394,49.785901380000006,2.41826354,,43.812,0.334,17.812,0.136,0.0,0.0,0.0,0.0,0.17812,0.136,0.0,0.0,0.0,0.0,0.31412,78.046875,0.5956554437042819,171.703125,1.3104419761494202,1.170703125,0.8934831655564228,6.009609375,4.586546916522971,12.660342582079394,68536,,,0.084129224783436,Information
571097,11026.0,3774.220248,NZL,New Zealand,Hawke's Bay,3.26564427,0.359278341,0.81,0.26,11026.0,,,,,,,,,,,,,,,,,,,,,,,,,5.570987013001259,65.3128854,7.18556682,,17.062,0.452,4.188,0.111,0.0,0.0,0.0,0.0,0.04188,0.111,0.0,0.0,0.0,0.0,0.15288,12.515625,0.3316082310291222,38.25,1.013454368987879,0.187734375,0.4974123465436832,1.33875,3.5470902914575766,5.570987013001259,47785,,,0.0337150841515281,Information
571098,11027.0,3337.589999,NZL,New Zealand,Hawke's Bay,2.333087201,0.0,0.81,0.26,11027.0,,,,,,,,,,,,,,,,,,,,,,,,,1.199788769308335,46.66174402,0.0,,18.438,0.552,6.188,0.185,0.0,0.0,0.0,0.0,0.06188,0.185,0.0,0.0,0.0,0.0,0.24688,4.921875,0.1474679334931696,6.46875,0.1938149983053086,0.073828125,0.2212019002397544,0.22640625,0.6783524940685801,1.199788769308335,76397,,,7.396816484404132e-05,Information
571099,11028.0,7575.758034,NZL,New Zealand,Manawatu-Wanganui,1.393607695,0.324774635,0.81,0.26,11028.0,,,,,,,,,,,,,,,,,,,,,,,,,11.054980869312187,27.8721539,6.4954927,,53.875,0.711,32.375,0.427,16.188,0.214,2.062,0.027,0.32375,0.427,0.2428199999999999,0.321,0.0515499999999999,0.0675,1.43362,59.765625,0.788906202252525,110.53125,1.459012411695258,0.896484375,1.1833593033787877,3.86859375,5.106543440933403,11.054980869312187,22572,,,0.0303579234496879,Information
572010,11029.0,13662.97899,NZL,New Zealand,Southland,2.642920721,1.102491125,0.81,0.26,11029.0,,,,,,,,,,,,,,,,,,,,,,,,,11.163073617873524,52.85841442,22.0498225,,343.812,2.516,299.188,2.19,0.0,0.0,0.0,0.0,2.99188,2.19,0.0,0.0,0.0,0.0,5.18188,20.53125,0.1502692057291447,175.359375,1.283463695508517,0.30796875,0.225403808593717,6.137578125,4.492122934279809,11.163073617873524,86115,,,0.0748567472268061,Information
572020,11030.0,8218.716589,NZL,New Zealand,Southland,0.644685445,0.0,0.81,0.26,11030.0,,,,,,,,,,,,,,,,,,,,,,,,,15.720461051748195,12.8937089,0.0,,218.25,2.656,102.875,1.252,0.0,0.0,0.0,0.0,1.02875,1.252,0.0,0.0,0.0,0.0,2.2807500000000003,93.796875,1.1412593922796048,162.421875,1.9762437752367967,1.406953125,1.7118890884194071,5.684765625,6.916853213328789,15.720461051748195,4966,,,0.0434330411572046,Information
572030,11031.0,27110.71292,NZL,New Zealand,West Coast,3.421935641,1.529466612,0.81,0.26,11031.0,,,,,,,,,,,,,,,,,,,,,,,,,34.026491607974684,68.43871282,30.58933224,,260.25,0.96,182.25,0.672,6.875,0.025,0.062,0.0,1.8225,0.672,0.103125,0.0375,0.00155,0.0,2.636675,81.84375,0.3018871183260976,675.140625,2.4903093729958674,1.22765625,0.4528306774891464,23.629921875,8.716082805485536,34.026491607974684,21760,,,0.5299754324558735,Advisory
572040,11032.0,6423.116244,NZL,New Zealand,Tasman,2.60561253,1.175880328,0.81,0.26,11032.0,,,,,,,,,,,,,,,,,,,,,,,,,2.12500424208203,52.1122506,23.51760656,,50.062,0.779,13.312,0.207,20.25,0.315,0.938,0.015,0.13312,0.207,0.30375,0.4725,0.02345,0.0375,1.17732,0.28125,0.0043787157092454,23.625,0.3678121195766177,0.00421875,0.0065680735638681,0.826875,1.287342418518162,2.12500424208203,7547,,,0.0009194566851349,Information
572051,11033.0,12897.24981,NZL,New Zealand,Tasman,1.326401702,0.774226145,0.81,0.26,11033.0,,,,,,,,,,,,,,,,,,,,,,,,,11.037463000990067,26.52803404,15.4845229,,142.188,1.102,43.75,0.339,11.812,0.092,1.125,0.009,0.4375,0.339,0.17718,0.138,0.028125,0.0225,1.142305,38.109375,0.2954845067899363,161.296875,1.2506299973729038,0.571640625,0.4432267601849045,5.645390625,4.377204990805163,11.037463000990067,100380,,,0.0290059027257308,Information
572052,11034.0,3627.514009,NZL,New Zealand,Marlborough,3.562389895,0.0,0.81,0.26,11034.0,,,,,,,,,,,,,,,,,,,,,,,,,1.2018533415662769,71.2477979,0.0,,26.875,0.741,2.188,0.06,10.688,0.295,3.562,0.098,0.02188,0.06,0.16032,0.4425,0.0890499999999999,0.245,1.0187499999999998,0.0,0.0,9.140625,0.2519804190189362,0.0,0.0,0.319921875,0.8819314665662767,1.2018533415662769,3220,,,0.0007495710572386,Information
572053,11035.0,2943.372636,NZL,New Zealand,Marlborough,3.73082308,0.549419514,0.81,0.26,11035.0,,,,,,,,,,,,,,,,,,,,,,,,,10.064350180457364,74.6164616,10.98839028,,2.312,0.079,2.312,0.079,0.0,0.0,0.0,0.0,0.0231199999999999,0.079,0.0,0.0,0.0,0.0,0.10212,0.0,0.0,65.390625,2.2216223729878184,0.0,0.0,2.288671875,7.775678305457364,10.064350180457364,31915,,,0.1774565890264977,Information
572055,11037.0,1363.542273,NZL,New Zealand,Canterbury,2.033807218,0.542804512,0.81,0.26,11037.0,,,,,,,,,,,,,,,,,,,,,,,,,10.828782528681126,40.67614436,10.85609024,,1.312,0.096,1.312,0.096,0.0,0.0,0.0,0.0,0.01312,0.096,0.0,0.0,0.0,0.0,0.10912,0.0,0.0,37.125,2.7226878653374644,0.0,0.0,1.299375,9.529407528681126,10.828782528681126,3116,,,0.0444899107640867,Information
572056,11038.0,3394.248458,NZL,New Zealand,Canterbury,1.169291477,0.0,0.81,0.26,11038.0,,,,,,,,,,,,,,,,,,,,,,,,,2.19474336405543,23.38582954,0.0,,4.812,0.142,1.25,0.037,1.125,0.033,0.125,0.004,0.0125,0.037,0.016875,0.0495,0.003125,0.01,0.129,0.0,0.0,15.890625,0.4681632825872657,0.0,0.0,0.556171875,1.63857148905543,2.19474336405543,2814,,,0.000190637251887,Information
572060,11042.0,11955.13012,NZL,New Zealand,Canterbury,3.971209924,0.0,0.81,0.26,11042.0,,,,,,,,,,,,,,,,,,,,,,,,,24.726369051254,79.42419848,0.0,,433.938,3.63,401.938,3.362,101.375,0.848,55.625,0.465,4.01938,3.362,1.520625,1.272,1.390625,1.1625,12.72713,134.71875,1.1268697929240512,326.953125,2.734835353390834,2.02078125,1.690304689386077,11.443359375,9.571923736867918,24.726369051254,5048,,,0.5728969917805224,Advisory
572070,11043.0,9881.175583,NZL,New Zealand,Otago,3.339013298,0.031912325,0.81,0.26,11043.0,,,,,,,,,,,,,,,,,,,,,,,,,17.610251717965486,66.78026596,0.6382464999999999,,21.75,0.22,16.938,0.171,2.5,0.025,1.562,0.016,0.1693799999999999,0.171,0.0375,0.0375,0.03905,0.04,0.49443,98.859375,1.0004819180157032,207.703125,2.102008240269123,1.482890625,1.5007228770235548,7.269609375,7.35702884094193,17.610251717965486,142856,,,0.2628241535631138,Information
573000,11045.0,1913.135529,NZL,New Zealand,Southland,0.624371362,0.0,0.81,0.26,11045.0,,,,,,,,,,,,,,,,,,,,,,,,,4.13738,12.48742724,0.0,,89.375,4.672,66.438,3.473,0.0,0.0,0.0,0.0,0.66438,3.473,0.0,0.0,0.0,0.0,4.13738,0.84375,0.0441029915086049,8.296875,0.4336794165012815,0.01265625,0.0661544872629073,0.290390625,1.5178779577544852,1.8870793200173923,380,,,0.0011376722077143,Information
571093,16246.0,21956.06922,NZL,New Zealand,Auckland,3.127852063,0.040111599,0.81,0.26,16246.0,,,,,,,,,,,,,,,,,,,,,,,,,16.96537395782844,62.557041260000005,0.80223198,,565.188,2.574,230.0,1.048,0.0,0.0,0.0,0.0,2.3,1.048,0.0,0.0,0.0,0.0,3.348,119.53125,0.5444109725725869,281.8125,1.2835289282770164,1.79296875,0.8166164588588802,9.8634375,4.492351248969557,16.96537395782844,1540564,,,0.2142840735966095,Information
572080,16247.0,20676.6673,NZL,New Zealand,Otago,2.002499168,0.0,0.81,0.26,16247.0,16247.0,0.0,6.0,2.0,-9999.0,-9999.0,0.0,5.0,0.2,-999.9,-999.9,-3990.2,0.0,0.0,0.0,0.0,0.0,0.0,0.0,0.0,0.0,0.0,0.0,-3990.2,19.305130161903165,40.04998336,0.0,,550.0,2.66,300.938,1.455,0.0,0.0,0.0,0.0,3.00938,1.455,0.0,0.0,0.0,0.0,4.46438,103.921875,0.5026045710468432,327.234375,1.5826263015236863,1.558828125,0.7539068565702648,11.453203125,5.539192055332903,19.305130161903165,50410,,,0.128577672723352,Information
611001,11046.0,4324.05452,PAN,Panama,Darién,2.593851356,0.0,0.62,0.53,11046.0,,,,,,,,,,,,,,,,,,,,,,,,,3.694115985309039,51.87702712,0.0,,5.938,0.137,5.938,0.137,0.438,0.01,0.125,0.003,0.0593799999999999,0.137,0.00657,0.015,0.003125,0.0075,0.2285749999999999,4.78125,0.1105733051708793,29.8125,0.6894570793007772,0.07171875,0.1658599577563189,1.0434375,2.41309977755272,3.694115985309039,54956,,,0.0051288586039191,Information
672090,12953.0,449.4462584,PAN,Panama,Panamá,0.0,2.078985454,0.62,0.53,12953.0,,,,,,,,,,,,,,,,,,,,,,,,,3.4802,0.0,41.57970908,,10.188,2.267,10.188,2.267,3.188,0.709,0.0,0.0,0.10188,2.267,0.04782,1.0635,0.0,0.0,3.4802,0.28125,0.0625770033169572,4.078125,0.9073665480958796,0.00421875,0.0938655049754358,0.142734375,3.1757829183355786,3.4166015483110144,3338,,,0.0023968944156294,Information
672098,12960.0,4920.385561,PAN,Panama,Panamá,1.083219761,0.0,0.62,0.53,12960.0,12960.0,0.0,30.0,2.0,-9999.0,-9999.0,0.0,1.0,0.2,-999.9,-999.9,-3997.2,0.0,0.0,0.0,0.0,0.0,0.0,0.0,0.0,0.0,0.0,0.0,-3997.2,-3997.2,21.664395220000003,0.0,,,,,,,,,,,,,,,,,,,,,,,,,,47363,,,,
672099,12961.0,786.7799669,PAN,Panama,Panamá,2.2287403,1.876535368,0.62,0.53,12961.0,,,,,,,,,,,,,,,,,,,,,,,,,3.2004360234033085,44.574806,37.53070736,,4.625,0.588,4.625,0.588,0.0,0.0,0.0,0.0,0.04625,0.588,0.0,0.0,0.0,0.0,0.63425,0.140625,0.0178734850807428,6.609375,0.8400537987949127,0.002109375,0.0268102276211142,0.231328125,2.9401882957821943,3.2004360234033085,317518,,,0.0021739832252225,Information
753908,14392.0,3399.836505,PAN,Panama,Colón,0.798368451,0.0,0.62,0.53,14392.0,,,,,,,,,,,,,,,,,,,,,,,,,0.2133854149290524,15.96736902,0.0,,3.062,0.09,3.062,0.09,0.0,0.0,0.0,0.0,0.0306199999999999,0.09,0.0,0.0,0.0,0.0,0.1206199999999999,0.0,0.0,1.546875,0.0454985114083007,0.0,0.0,0.054140625,0.1592447899290524,0.2133854149290524,239159,,,1.1443941521458003e-09,Information
771111,14407.0,5294.98612,PAN,Panama,Coclé,1.749138671,0.312817577,0.62,0.53,14407.0,,,,,,,,,,,,,,,,,,,,,,,,,7.677301578168493,34.98277342,6.256351540000001,,9.062,0.171,9.062,0.171,0.875,0.017,0.0,0.0,0.0906199999999999,0.171,0.013125,0.0255,0.0,0.0,0.300245,20.671875,0.3904047060797717,67.078125,1.266823434013953,0.310078125,0.5856070591196575,2.347734375,4.433882019048836,7.677301578168493,1783188,,,0.0163240582379563,Information
771113,14409.0,25483.06326,PAN,Panama,Chiriqu,4.029235193,1.251995078,0.62,0.53,14409.0,,,,,,,,,,,,,,,,,,,,,,,,,15.601059054390952,80.58470385999999,25.03990156,,18.25,0.072,18.25,0.072,0.688,0.003,0.0,0.0,0.1825,0.072,0.01032,0.0045,0.0,0.0,0.26932,34.59375,0.1357519292287637,305.296875,1.1980383672993735,0.51890625,0.2036278938431455,10.685390625,4.193134285547807,15.601059054390952,918429,,,0.4134331430842324,Advisory
753907,16324.0,10940.04613,PAN,Panama,Ngöbe Buglé,4.00556953,1.718969613,0.62,0.53,16324.0,,,,,,,,,,,,,,,,,,,,,,,,,5.411592593605807,80.1113906,34.37939226,,11.688,0.107,11.625,0.106,0.0,0.0,0.0,0.0,0.11625,0.106,0.0,0.0,0.0,0.0,0.22225,2.109375,0.0192812258289416,79.875,0.7301157513892558,0.031640625,0.0289218387434124,2.795625,2.555405129862395,5.411592593605807,152869,,,0.0965259391743654,Information
611002,11047.0,36076.31012,COL,Colombia,Antioquia,3.402654093,0.0,0.58,0.58,11047.0,11047.0,0.0,5.0,-9999.0,-9999.0,-9999.0,0.0,6.0,-999.9,-999.9,-999.9,-5987.4,0.0,0.0,0.0,0.0,0.0,0.0,0.0,0.0,0.0,0.0,0.0,-5987.4,12.682798133049314,68.05308186,0.0,,60.75,0.168,53.062,0.147,4.875,0.014,0.75,0.002,0.53062,0.147,0.073125,0.021,0.01875,0.005,0.7954950000000001,63.84375,0.1769686251015207,256.359375,0.7106030915420096,0.95765625,0.265452937652281,8.972578125,2.487110820397034,12.682798133049314,615552,,,0.1777876457285009,Information
611003,11048.0,444.1396751,COL,Colombia,Antioquia,4.070313879,2.984546445,0.58,0.58,11048.0,,,,,,,,,,,,,,,,,,,,,,,,,14.236026637043908,81.40627758000001,59.6909289,,1.0,0.225,0.938,0.211,0.375,0.084,0.0,0.0,0.00938,0.211,0.005625,0.126,0.0,0.0,0.352005,3.9375,0.8865454316776525,15.609375,3.51451938986498,0.0590625,1.3298181475164788,0.546328125,12.30081786452743,14.236026637043908,7842,,,0.3947160324136093,Advisory
611004,11049.0,2191.176949,COL,Colombia,Antioquia,0.664692486,0.0,0.58,0.58,11049.0,,,,,,,,,,,,,,,,,,,,,,,,,20.815842017670818,13.29384972,0.0,,10.625,0.485,4.875,0.222,0.062,0.003,0.0,0.0,0.04875,0.222,0.0009299999999999,0.0045,0.0,0.0,0.27618,38.109375,1.7392194192496866,90.5625,4.133052789656082,0.571640625,2.60882912887453,3.1696875,14.465684763796286,20.815842017670818,349883,,,0.0768172638587367,Information
611007,11052.0,2758.671536,COL,Colombia,Sucre,0.031972105,0.0,0.58,0.58,11052.0,,,,,,,,,,,,,,,,,,,,,,,,,6.614377101013992,0.6394421,0.0,,2.562,0.093,2.562,0.093,0.0,0.0,0.0,0.0,0.0256199999999999,0.093,0.0,0.0,0.0,0.0,0.11862,0.84375,0.0305853737522949,40.5,1.468097940110157,0.01265625,0.0458780606284423,1.4175,5.13834279038555,6.614377101013992,259137,,,0.0033691377087807,Information
611008,11053.0,3209.411492,COL,Colombia,Bolívar,0.403709504,0.0,0.58,0.58,11053.0,,,,,,,,,,,,,,,,,,,,,,,,,2.066278313027188,8.07419008,0.0,,7.375,0.23,6.938,0.216,0.062,0.002,0.0,0.0,0.06938,0.216,0.0009299999999999,0.003,0.0,0.0,0.2893099999999999,0.0,0.0,14.34375,0.4469277322934821,0.0,0.0,0.50203125,1.5642470630271874,2.066278313027188,311903,,,7.375250100018208e-05,Information
611009,11054.0,2869.653674,COL,Colombia,Atlontico,0.769191797,0.278736831,0.58,0.58,11054.0,,,,,,,,,,,,,,,,,,,,,,,,,5.165160373730617,15.38383594,5.57473662,,13.625,0.475,10.375,0.362,0.062,0.002,0.0,0.0,0.10375,0.362,0.0009299999999999,0.003,0.0,0.0,0.46968,0.0,0.0,32.90625,1.1466976067801764,0.0,0.0,1.15171875,4.013441623730618,5.165160373730617,2281850,,,0.002585456277551,Information
612010,11055.0,17984.48943,COL,Colombia,Magdalena,2.288692263,0.006856056,0.58,0.58,11055.0,11055.0,0.0,1.0,-9999.0,-9999.0,-9999.0,0.0,10.0,-999.9,-999.9,-999.9,-5979.4,0.0,0.0,0.0,0.0,0.0,0.0,0.0,0.0,0.0,0.0,0.0,-5979.4,15.00977806015283,45.77384526,0.13712112,,36.812,0.205,31.25,0.174,6.75,0.038,0.0,0.0,0.3125,0.174,0.10125,0.0569999999999999,0.0,0.0,0.6447499999999999,53.4375,0.2971310372998141,252.703125,1.4051170369151738,0.8015625,0.4456965559497211,8.844609375,4.917909629203108,15.00977806015283,3278655,,,0.0994902644554,Information
612020,11056.0,17143.84941,COL,Colombia,Córdoba,1.896104156,0.0,0.58,0.58,11056.0,,,,,,,,,,,,,,,,,,,,,,,,,88.0090304123458,37.92208312,0.0,3.0,160.812,0.938,145.562,0.849,180.812,1.055,54.5,0.318,1.45562,0.849,2.71218,1.5825,1.3625,0.795,8.7568,1001.53125,5.841927479832247,1432.546875,8.35603976931355,15.0,8.76289121974837,35.0,29.246139192597425,88.0090304123458,1444902,13644.0,0.94,0.6364737786662887,Warning
612030,11057.0,611.530863,COL,Colombia,Bolívar,4.113482537,0.0,0.58,0.58,11057.0,,,,,,,,,,,,,,,,,,,,,,,,,26.10994605821425,82.26965074,0.0,3.0,1.0,0.164,1.0,0.164,0.25,0.041,0.0,0.0,0.01,0.164,0.00375,0.0615,0.0,0.0,0.23925,12.375,2.0236100496475267,37.6875,6.162812423926559,0.185625,3.03541507447129,1.3190625,21.56984348374296,26.10994605821425,117779,1368.0,1.16,0.6506361463143815,Watch
612042,11059.0,1736.903878,COL,Colombia,Bolívar,4.043540449,0.0,0.58,0.58,11059.0,,,,,,,,,,,,,,,,,,,,,,,,,12.852202873337868,80.87080897999999,0.0,,1.312,0.076,0.875,0.05,0.438,0.025,0.0,0.0,0.00875,0.05,0.00657,0.0375,0.0,0.0,0.10282,16.875,0.9715563547508644,47.109375,2.7122614903461635,0.253125,1.4573345321262967,1.648828125,9.492915216211571,12.852202873337868,350873,,,0.3454255701023555,Information
612043,11060.0,3601.195071,COL,Colombia,Bolívar,4.078600142,0.0,0.58,0.58,11060.0,11060.0,0.0,1.0,-9999.0,-9999.0,-9999.0,0.0,10.0,-999.9,-999.9,-999.9,-4969.25,0.0,0.0,0.0,0.0,0.0,0.0,0.0,0.0,0.0,0.0,0.0,-4969.25,16.305395345305417,81.57200284,0.0,,,,,,,,,,,,,,,,,5.625,0.156198147821569,120.9375,3.3582601781637327,0.084375,0.2342972217323534,4.2328125,11.753910623573065,16.305395345305417,207829,,,0.4513010036910317,Advisory
612044,11061.0,14755.89166,COL,Colombia,Antioquia,0.399224013,0.0,0.58,0.58,11061.0,11061.0,2.0,1.0,100.0,100.0,2.0,7.0,10.0,10.0,10.0,0.2,-1276.4666666666667,0.0,0.0,0.0,0.0,0.0,0.0,0.0,0.0,0.0,0.0,0.0,-1276.4666666666667,5.061790539696332,7.98448026,0.0,,,,,,,,,,,,,,,,,14.765625,0.100065962383181,79.875,0.5413092060347318,0.221484375,0.1500989435747715,2.795625,1.8945822211215613,5.061790539696332,5134433,,,0.0018644031934752,Information
612045,11062.0,13476.29506,COL,Colombia,Antioquia,2.206107624,0.0,0.58,0.58,11062.0,11062.0,0.0,1.0,-9999.0,-9999.0,-9999.0,0.0,10.0,-999.9,-999.9,-999.9,-5979.400000000001,0.0,0.0,0.0,0.0,0.0,0.0,0.0,0.0,0.0,0.0,0.0,-5979.400000000001,2.340735139642297,44.12215248,0.0,,,,,,,,,,,,,,,,,3.9375,0.0292179711250489,36.703125,0.2723532308442067,0.0590625,0.0438269566875733,1.284609375,0.9532363079547236,2.340735139642297,891437,,,0.0007551347507453,Information
612047,11064.0,6346.265737,COL,Colombia,Caldas,0.935223782,0.0,0.58,0.58,11064.0,11064.0,0.0,1.0,-9999.0,-9999.0,-9999.0,0.0,10.0,-999.9,-999.9,-999.9,-5986.066666666666,0.0,0.0,0.0,0.0,0.0,0.0,0.0,0.0,0.0,0.0,0.0,-5986.066666666666,-5986.066666666666,18.70447564,0.0,,,,,,,,,,,,,,,,,,,,,,,,,,1922823,,,,
612049,11066.0,17502.25684,COL,Colombia,Valle del Cauca,1.685521921,0.0,0.58,0.58,11066.0,11066.0,0.0,5.0,2.0,-9999.0,-9999.0,0.0,6.0,0.2,-999.9,-999.9,-4787.259999999998,0.0,0.0,0.0,0.0,0.0,0.0,0.0,0.0,0.0,0.0,0.0,-4787.259999999998,0.5789460666691131,33.71043842,0.0,,,,,,,,,,,,,,,,,6.1875,0.0353525837154236,7.875,0.0449941974559936,0.0928125,0.0530288755731354,0.275625,0.1574796910959776,0.5789460666691131,6018178,,,1.0655448564940234e-06,Information
612050,11067.0,1694.146973,COL,Colombia,Bolívar,4.050958975,0.0,0.58,0.58,11067.0,11067.0,0.0,9.0,2.0,-9999.0,-9999.0,0.0,2.0,0.2,-999.9,-999.9,-3988.2,0.0,0.0,0.0,0.0,0.0,0.0,0.0,0.0,0.0,0.0,0.0,-3988.2,9.313758618109729,81.0191795,0.0,,4.562,0.269,3.188,0.188,1.188,0.07,0.0,0.0,0.03188,0.188,0.01782,0.105,0.0,0.0,0.3427,9.5625,0.5644433543840142,34.453125,2.033656203295345,0.1434375,0.8466650315760212,1.205859375,7.117796711533708,9.313758618109729,267562,,,0.2382521131621382,Information
612070,11069.0,25099.04025,COL,Colombia,Cesar,2.180998969,0.0,0.58,0.58,11069.0,11069.0,1.0,13.0,54.0,3.0,-9999.0,3.0,1.0,5.4,0.3,-999.9,-2412.888888888889,0.0,0.0,0.0,0.0,0.0,0.0,0.0,0.0,0.0,0.0,0.0,-2412.888888888889,29.305235837116417,43.61997938,0.0,,,,,,,,,,,,,,,,,71.4375,0.2846224369383399,568.125,2.263532766202546,1.0715625,0.4269336554075098,19.884375,7.922364681708911,29.305235837116417,2178531,,,0.2564436033500684,Information
612080,11070.0,22609.70816,COL,Colombia,Santander,1.461659622,0.0,0.58,0.58,11070.0,11070.0,2.0,8.0,86.0,39.0,3.0,7.0,3.0,8.6,3.9,0.3,-2964.65,0.0,0.0,0.0,0.0,0.0,0.0,0.0,0.0,0.0,0.0,0.0,-2964.65,1.050616581080441,29.23319244,0.0,,,,,,,,,,,,,,,,,1.96875,0.0087075427319038,19.96875,0.0883193619950244,0.02953125,0.0130613140978557,0.69890625,0.3091177669825853,1.050616581080441,1792374,,,1.2767807690042888e-05,Information
612091,11071.0,5714.540967,COL,Colombia,Santander,2.268921213,0.0,0.58,0.58,11071.0,11071.0,1.0,19.0,45.0,11.0,3.0,3.0,1.0,4.5,1.1,0.3,-2980.15,0.0,0.0,0.0,0.0,0.0,0.0,0.0,0.0,0.0,0.0,0.0,-2980.15,4.659828480116135,45.37842426,0.0,,,,,,,,,,,,,,,,,17.15625,0.3002209643769033,41.0625,0.7185616524430801,0.25734375,0.4503314465653549,1.4371875,2.5149657835507804,4.659828480116135,311896,,,0.006918827942488,Information
612092,11072.0,6661.280998,COL,Colombia,Santander,0.903357189,0.0,0.58,0.58,11072.0,11072.0,1.0,18.0,72.0,9.0,-9999.0,3.0,1.0,7.2,0.9,-999.9,-1978.5,0.0,0.0,0.0,0.0,0.0,0.0,0.0,0.0,0.0,0.0,0.0,-1978.5,0.3482157132488004,18.06714378,0.0,,,,,,,,,,,,,,,,,0.421875,0.0063332413105697,3.796875,0.0569991717951274,0.006328125,0.0094998619658545,0.132890625,0.1994971012829459,0.3482157132488004,195210,,,2.3695255892711465e-08,Information
612093,11073.0,5902.219936,COL,Colombia,Antioquia,2.417764564,0.0,0.58,0.58,11073.0,11073.0,0.0,1.0,-9999.0,-9999.0,-9999.0,0.0,10.0,-999.9,-999.9,-999.9,-5979.4,0.0,0.0,0.0,0.0,0.0,0.0,0.0,0.0,0.0,0.0,0.0,-5979.4,3.9346979885331694,48.35529128,0.0,,,,,,,,,,,,,,,,,14.34375,0.2430229668564115,35.578125,0.6027922609281579,0.21515625,0.3645344502846173,1.245234375,2.1097729132485523,3.9346979885331694,154968,,,0.005018476441175,Information
612095,11075.0,21576.30536,COL,Colombia,Tolima,1.791027821,0.0,0.58,0.58,11075.0,11075.0,0.0,1.0,-9999.0,-9999.0,-9999.0,0.0,10.0,-999.9,-999.9,-999.9,-4468.1,0.0,0.0,0.0,0.0,0.0,0.0,0.0,0.0,0.0,0.0,0.0,-4468.1,3.0242407379774514,35.82055642,0.0,,,,,,,,,,,,,,,,,27.84375,0.1290478120922323,47.109375,0.2183384699540294,0.41765625,0.1935717181383484,1.648828125,0.7641846448391029,3.0242407379774514,1866263,,,0.0011252166851772,Information
612099,11079.0,26116.04898,COL,Colombia,Huila,1.902774296,0.0,0.58,0.58,11079.0,11079.0,0.0,6.0,-9999.0,-9999.0,-9999.0,0.0,5.0,-999.9,-999.9,-999.9,-5988.800000000001,0.0,0.0,0.0,0.0,0.0,0.0,0.0,0.0,0.0,0.0,0.0,-5988.800000000001,3.1533505100522845,38.05548592,0.0,,12.875,0.049,6.312,0.024,3.062,0.012,0.062,0.0,0.06312,0.024,0.04593,0.018,0.00155,0.0,0.1526,38.8125,0.148615512349325,48.515625,0.1857693904366563,0.5821875,0.2229232685239874,1.698046875,0.650192866528297,3.1533505100522845,1684665,,,0.0014517522853641,Information
613011,11080.0,155.1235057,COL,Colombia,Atlontico,3.343721358,0.0,0.58,0.58,11080.0,,,,,,,,,,,,,,,,,,,,,,,,,35.72379285904208,66.87442716,0.0,,4.125,2.659,4.062,2.619,0.125,0.081,0.0,0.0,0.04062,2.619,0.001875,0.1215,0.0,0.0,2.782995000000001,0.140625,0.0906535726947188,16.734375,10.787775150671536,0.002109375,0.1359803590420782,0.585703125,35.0,35.72379285904208,37918,,,0.5300960687218115,Advisory
613012,11081.0,7059.166436,COL,Colombia,Magdalena,2.330536309,0.0,0.58,0.58,11081.0,,,,,,,,,,,,,,,,,,,,,,,,,14.706319498049297,46.61072618,0.0,,10.75,0.152,9.625,0.136,0.0,0.0,0.0,0.0,0.09625,0.136,0.0,0.0,0.0,0.0,0.23225,9.0,0.1274938065569393,170.015625,2.408437689489682,0.135,0.1912407098354089,5.950546875,8.429531913213888,14.706319498049297,385451,,,0.0986412477141177,Information
613013,11082.0,6208.256603,COL,Colombia,La Guajira,0.168029099,0.52390348,0.58,0.58,11082.0,,,,,,,,,,,,,,,,,,,,,,,,,0.7434541799584427,3.36058198,10.4780696,,6.125,0.099,3.688,0.059,0.312,0.005,0.062,0.001,0.03688,0.059,0.00468,0.0075,0.00155,0.0025,0.1121099999999999,0.28125,0.0045302573329228,8.015625,0.1291123339883024,0.00421875,0.0067953859993842,0.280546875,0.4518931689590584,0.7434541799584427,953089,,,8.300428785808969e-07,Information
613014,11083.0,4357.336129,COL,Colombia,La Guajira,2.373725459,0.0,0.58,0.58,11083.0,,,,,,,,,,,,,,,,,,,,,,,,,2.21252769840922,47.47450918,0.0,,12.375,0.284,5.438,0.125,1.062,0.024,0.25,0.006,0.05438,0.125,0.01593,0.036,0.00625,0.015,0.25256,3.09375,0.0710009489319431,17.859375,0.4098691142889443,0.04640625,0.1065014233979146,0.625078125,1.434541900011305,2.21252769840922,410450,,,0.0007696701182486,Information
613015,11084.0,11855.21367,COL,Colombia,La Guajira,4.002578748,3.183076709,0.58,0.58,11084.0,,,,,,,,,,,,,,,,,,,,,,,,,8.846691166490228,80.05157496000001,63.66153418,,199.0,1.679,134.562,1.135,12.5,0.105,3.562,0.03,1.34562,1.135,0.1875,0.1575,0.0890499999999999,0.075,2.9896700000000003,26.578125,0.2241893376825357,125.71875,1.06045115284755,0.398671875,0.3362840065238036,4.40015625,3.711579034966425,8.846691166490228,746842,,,0.2080784469361117,Information
613073,11102.0,2268.424754,COL,Colombia,Sucre,3.451250609,0.475386375,0.58,0.58,11102.0,,,,,,,,,,,,,,,,,,,,,,,,,0.7719568111537582,69.02501218,9.5077275,,8.0,0.353,7.5,0.331,0.312,0.014,0.0,0.0,0.075,0.331,0.00468,0.021,0.0,0.0,0.43168,0.0,0.0,4.078125,0.1797778389010738,0.0,0.0,0.142734375,0.6292224361537583,0.7719568111537582,913473,,,0.0001112457971905,Information
613074,11103.0,1189.340276,COL,Colombia,Sucre,0.666960343,0.0,0.58,0.58,11103.0,,,,,,,,,,,,,,,,,,,,,,,,,1.2465000000000002,13.33920686,0.0,,48.75,4.099,13.25,1.114,0.0,0.0,0.0,0.0,0.1325,1.114,0.0,0.0,0.0,0.0,1.2465000000000002,0.0,0.0,3.515625,0.2955945468552189,0.0,0.0,0.123046875,1.0345809139932662,1.1576277889932662,71106,,,1.1093535487398505e-05,Information
613075,11104.0,5258.090182,COL,Colombia,Sucre,2.680766168,0.117423347,0.58,0.58,11104.0,,,,,,,,,,,,,,,,,,,,,,,,,19.162967836055472,53.61532336,2.34846694,,62.062,1.18,51.688,0.983,0.438,0.008,0.125,0.002,0.51688,0.983,0.00657,0.012,0.003125,0.005,1.526575,0.5625,0.0106978005417849,188.4375,3.5837631814979414,0.0084375,0.0160467008126773,6.5953125,12.543171135242794,19.162967836055472,392394,,,0.1883509399963101,Information
615201,11112.0,12117.86742,COL,Colombia,Bolívar,0.590795631,0.0,0.58,0.58,11112.0,,,,,,,,,,,,,,,,,,,,,,,,,9.240215290016302,11.81591262,0.0,,102.938,0.849,73.625,0.608,12.688,0.105,0.375,0.003,0.73625,0.608,0.19032,0.1575,0.009375,0.0075,1.708945,14.625,0.1206895528226931,138.375,1.1419088459377893,0.219375,0.1810343292340396,4.843125,3.996680960782263,9.240215290016302,679743,,,0.0120396579728657,Information
615202,11113.0,38120.54578,COL,Colombia,Bolívar,4.001895821,0.0,0.58,0.58,11113.0,,,,,,,,,,,,,,,,,,,,,,,,,3.1118301629369665,80.03791641999999,0.0,,50.375,0.132,25.5,0.067,0.812,0.002,0.0,0.0,0.255,0.067,0.01218,0.003,0.0,0.0,0.33718,12.09375,0.0317250179763714,65.25,0.1711675388492598,0.18140625,0.0475875269645571,2.28375,0.5990863859724094,3.1118301629369665,7722,,,0.0315402531181043,Information
615203,11114.0,1854.905663,COL,Colombia,Bolívar,0.721727925,0.0,0.58,0.58,11114.0,,,,,,,,,,,,,,,,,,,,,,,,,3.689367963083651,14.4345585,0.0,,9.062,0.489,7.625,0.411,0.125,0.007,0.0,0.0,0.07625,0.411,0.001875,0.0105,0.0,0.0,0.499625,4.359375,0.2350186905739176,14.625,0.7884498006350784,0.065390625,0.3525280358608764,0.511875,2.7595743022227746,3.689367963083651,54,,,0.000833771887747,Information
615204,11115.0,6839.830651,COL,Colombia,Bolívar,4.012844452,0.0,0.58,0.58,11115.0,11115.0,1.0,1.0,100.0,2.0,-9999.0,3.0,10.0,10.0,0.2,-999.9,-1953.4,0.0,0.0,0.0,0.0,0.0,0.0,0.0,0.0,0.0,0.0,0.0,-1953.4,0.8690177108902055,80.25688904,0.0,,8.0,0.117,7.938,0.116,0.188,0.003,0.0,0.0,0.0793799999999999,0.116,0.00282,0.0045,0.0,0.0,0.2027,0.5625,0.0082238878229514,9.84375,0.143918036901651,0.0084375,0.0123358317344271,0.34453125,0.5037131291557785,0.8690177108902055,2203,,,0.0008944916569135,Information
615205,11116.0,9445.948071,COL,Colombia,Bolívar,3.659875722,0.0,0.58,0.58,11116.0,11116.0,1.0,1.0,100.0,2.0,-9999.0,3.0,10.0,10.0,0.2,-999.9,-1953.4,0.0,0.0,0.0,0.0,0.0,0.0,0.0,0.0,0.0,0.0,0.0,-1953.4,1.5357887842555398,73.19751444,0.0,,16.625,0.176,12.938,0.137,2.062,0.022,0.562,0.006,0.12938,0.137,0.03093,0.033,0.01405,0.015,0.35936,5.765625,0.0610380763986374,18.84375,0.1994902984735953,0.086484375,0.0915571145979561,0.65953125,0.6982160446575836,1.5357887842555398,5008,,,0.0021218781273987,Information
615206,11117.0,5529.968019,COL,Colombia,Bolívar,1.373736138,0.0,0.58,0.58,11117.0,11117.0,2.0,1.0,100.0,100.0,-9999.0,7.0,10.0,10.0,10.0,-999.9,-2601.733333333333,0.0,0.0,0.0,0.0,0.0,0.0,0.0,0.0,0.0,0.0,0.0,-2601.733333333333,0.6259501440632538,27.47472276,0.0,,10.875,0.197,8.188,0.148,0.0,0.0,0.0,0.0,0.08188,0.148,0.0,0.0,0.0,0.0,0.22988,1.40625,0.025429622653833,5.765625,0.1042614528807155,0.02109375,0.0381444339807495,0.201796875,0.3649150850825042,0.6259501440632538,10282,,,1.004982997328379e-06,Information
615208,11119.0,4272.424105,COL,Colombia,Bolívar,1.969997563,0.0,0.58,0.58,11119.0,,,,,,,,,,,,,,,,,,,,,,,,,0.5261431780490459,39.39995126,0.0,,18.625,0.436,9.875,0.231,0.0,0.0,0.0,0.0,0.09875,0.231,0.0,0.0,0.0,0.0,0.32975,0.0,0.0,4.5,0.1053266222997274,0.0,0.0,0.1575,0.3686431780490459,0.5261431780490459,1166,,,1.0349481831206874e-06,Information
615209,11120.0,11339.71121,COL,Colombia,Bolívar,0.921628846,0.0,0.58,0.58,11120.0,,,,,,,,,,,,,,,,,,,,,,,,,2.072100621370971,18.43257692,0.0,,38.0,0.335,30.125,0.266,1.062,0.009,0.375,0.003,0.30125,0.266,0.01593,0.0134999999999999,0.009375,0.0075,0.613555,3.515625,0.0310027736708483,29.953125,0.2641436316756282,0.052734375,0.0465041605062724,1.048359375,0.9245027108646988,2.072100621370971,55139,,,0.0001199221327419,Information
615320,11122.0,15124.95724,COL,Colombia,Bolívar,0.790024507,0.0,0.58,0.58,11122.0,,,,,,,,,,,,,,,,,,,,,,,,,1.4167868473987688,15.80049014,0.0,,44.562,0.295,22.125,0.146,0.875,0.006,0.0,0.0,0.22125,0.146,0.013125,0.009,0.0,0.0,0.3893749999999999,0.421875,0.0027892640844127,24.1875,0.1599178075063285,0.006328125,0.004183896126619,0.8465625,0.5597123262721497,1.4167868473987688,24267,,,2.2057628886615468e-05,Information
615360,11134.0,17359.44968,COL,Colombia,Bolívar,2.079457115,0.0,0.58,0.58,11134.0,,,,,,,,,,,,,,,,,,,,,,,,,2.1675683175390867,41.5891423,0.0,,7.562,0.044,7.375,0.042,0.0,0.0,0.0,0.0,0.07375,0.042,0.0,0.0,0.0,0.0,0.1157499999999999,11.953125,0.0688565894589185,34.171875,0.1968488381002025,0.179296875,0.1032848841883777,1.196015625,0.6889709333507088,2.1675683175390867,10929,,,0.0004940455244398,Information
615507,11162.0,7081.012896,COL,Colombia,Bolívar,2.350616101,0.0,0.58,0.58,11162.0,,,,,,,,,,,,,,,,,,,,,,,,,0.9973052404895616,47.01232202,0.0,,20.562,0.29,20.562,0.29,0.0,0.0,0.0,0.0,0.20562,0.29,0.0,0.0,0.0,0.0,0.49562,1.96875,0.0278032257375981,10.96875,0.1549036862523327,0.02953125,0.0417048386063971,0.38390625,0.5421629018831644,0.9973052404895616,29146,,,3.5522640310168375e-05,Information
615509,11164.0,6854.830071,COL,Colombia,Bolívar,2.445473869,0.0,0.58,0.58,11164.0,,,,,,,,,,,,,,,,,,,,,,,,,1.3536986224716063,48.909477380000006,0.0,,3.562,0.052,3.562,0.052,0.375,0.005,0.0,0.0,0.03562,0.052,0.005625,0.0075,0.0,0.0,0.100745,1.265625,0.0184632585625656,15.1875,0.221559102750788,0.018984375,0.0276948878438484,0.5315625,0.775456859627758,1.3536986224716063,5952,,,0.0001412947858738,Information
615610,11165.0,8498.918928,COL,Colombia,Vichada,1.468088648,0.0,0.58,0.58,11165.0,,,,,,,,,,,,,,,,,,,,,,,,,4.197986233027394,29.36177296,0.0,,20.938,0.246,13.562,0.16,12.625,0.149,0.812,0.01,0.13562,0.16,0.189375,0.2234999999999999,0.0203,0.025,0.7537949999999999,15.046875,0.1770445762369166,48.65625,0.5724992839062912,0.225703125,0.2655668643553749,1.70296875,2.0037474936720194,4.197986233027394,14895,,,0.002379077040787,Information
615620,11166.0,21195.15676,COL,Colombia,Arauca,3.074659112,0.0,0.58,0.58,11166.0,,,,,,,,,,,,,,,,,,,,,,,,,18.281898998832315,61.49318224,0.0,,6.875,0.032,6.562,0.031,0.688,0.003,0.0,0.0,0.06562,0.031,0.01032,0.0045,0.0,0.0,0.11144,5.484375,0.025875604800686,352.546875,1.6633369547517955,0.082265625,0.038813407201029,12.339140625,5.821679341631285,18.281898998832315,167511,,,0.2281588733322183,Information
615631,11167.0,6302.03435,COL,Colombia,Casanare,1.503831772,0.0,0.58,0.58,11167.0,11167.0,0.0,18.0,-9999.0,-9999.0,-9999.0,0.0,1.0,-999.9,-999.9,-999.9,-5997.4,0.0,0.0,0.0,0.0,0.0,0.0,0.0,0.0,0.0,0.0,0.0,-5997.4,31.48587261505332,30.07663544,0.0,,27.0,0.428,22.312,0.354,0.062,0.001,0.0,0.0,0.22312,0.354,0.0009299999999999,0.0015,0.0,0.0,0.5795499999999999,0.0,0.0,347.765625,5.518307354300949,0.0,0.0,12.171796875,19.31407574005332,31.48587261505332,13627,,,0.2124756097197194,Information
615632,11168.0,2910.670125,COL,Colombia,Casanare,1.744366483,0.0,0.58,0.58,11168.0,,,,,,,,,,,,,,,,,,,,,,,,,11.35245319255078,34.88732966,0.0,,114.0,3.917,92.5,3.178,5.062,0.174,0.0,0.0,0.925,3.178,0.07593,0.261,0.0,0.0,4.43993,0.0,0.0,73.125,2.512308055014508,0.0,0.0,2.559375,8.793078192550778,11.35245319255078,1465,,,0.0403459709784258,Information
615633,11169.0,427.1792146,COL,Colombia,Casanare,3.59634881,0.0,0.58,0.58,11169.0,,,,,,,,,,,,,,,,,,,,,,,,,36.845703125,71.9269762,0.0,3.0,4.125,0.966,1.25,0.293,0.0,0.0,0.0,0.0,0.0125,0.293,0.0,0.0,0.0,0.0,0.3055,0.0,0.0,52.734375,12.344789538553355,0.0,0.0,1.845703125,35.0,36.845703125,439,0.0,0.0,0.607162039536302,Watch
615634,11170.0,3899.846206,COL,Colombia,Casanare,3.375435059,0.0,0.58,0.58,11170.0,,,,,,,,,,,,,,,,,,,,,,,,,4.069875079100719,67.50870118,0.0,,176.25,4.519,34.5,0.885,0.0,0.0,0.0,0.0,0.345,0.885,0.0,0.0,0.0,0.0,1.23,0.0,0.0,32.625,0.8365714511716341,0.0,0.0,1.141875,2.9280000791007192,4.069875079100719,8860,,,0.018884171687515,Information
615635,11171.0,2342.131237,COL,Colombia,Casanare,3.476040185,0.0,0.58,0.58,11171.0,,,,,,,,,,,,,,,,,,,,,,,,,35.65512467542282,69.5208037,0.0,,9.062,0.387,9.062,0.387,0.0,0.0,0.0,0.0,0.0906199999999999,0.387,0.0,0.0,0.0,0.0,0.47762,7.453125,0.3182197856016646,190.125,8.11760660629152,0.111796875,0.4773296784024968,6.654375,28.411623122020323,35.65512467542282,7365,,,0.5623178851928529,Advisory
615637,11173.0,7272.127592,COL,Colombia,Casanare,3.498363528,0.0,0.58,0.58,11173.0,,,,,,,,,,,,,,,,,,,,,,,,,26.409405299476088,69.96727056,0.0,,5.312,0.073,4.688,0.064,2.125,0.029,0.0,0.0,0.04688,0.064,0.031875,0.0435,0.0,0.0,0.186255,49.921875,0.6864823858687252,296.296875,4.074417991620857,0.748828125,1.0297235788030878,10.370390625,14.260462970673,26.409405299476088,38028,,,0.4488499181933421,Advisory
615701,11182.0,16547.2563,COL,Colombia,Vichada,1.23925578,0.0,0.58,0.58,11182.0,,,,,,,,,,,,,,,,,,,,,,,,,2.5674290240462154,24.7851156,0.0,,23.938,0.145,19.875,0.12,1.188,0.007,0.0,0.0,0.19875,0.12,0.01782,0.0105,0.0,0.0,0.34707,0.703125,0.0042491938666353,45.421875,0.2744979237846464,0.010546875,0.0063737907999529,1.589765625,0.9607427332462624,2.5674290240462154,147029,,,0.0003658140792968,Information
615702,11183.0,20200.99217,COL,Colombia,Vichada,1.936307402,0.0,0.58,0.58,11183.0,,,,,,,,,,,,,,,,,,,,,,,,,4.96161485117266,38.72614804,0.0,,19.375,0.096,10.438,0.052,0.375,0.002,0.0,0.0,0.10438,0.052,0.005625,0.003,0.0,0.0,0.1650049999999999,7.3125,0.0361987170597365,91.6875,0.4538762215951586,0.1096875,0.0542980755896047,3.2090625,1.5885667755830553,4.96161485117266,9231,,,0.0059749230899106,Information
615704,11185.0,10334.82667,COL,Colombia,Vichada,1.490081489,0.0,0.58,0.58,11185.0,11185.0,1.0,1.0,100.0,-9999.0,-9999.0,3.0,10.0,10.0,-999.9,-999.9,-3953.6,0.0,0.0,0.0,0.0,0.0,0.0,0.0,0.0,0.0,0.0,0.0,-3953.6,6.19102926591146,29.80162978,0.0,,,,,,,,,,,,,,,,,2.390625,0.0231317377186569,88.875,0.8599563669524215,0.035859375,0.0346976065779853,3.110625,3.009847284333475,6.19102926591146,3092,,,0.007586489779125,Information
615708,11189.0,27684.39857,COL,Colombia,Vichada,1.810927528,0.0,0.58,0.58,11189.0,11189.0,1.0,30.0,41.0,7.0,-9999.0,3.0,1.0,4.1,0.7,-999.9,-1982.2,0.0,0.0,0.0,0.0,0.0,0.0,0.0,0.0,0.0,0.0,0.0,-1982.2,12.805091582135825,36.21855056,0.0,,56.812,0.205,48.062,0.174,9.375,0.034,0.0,0.0,0.48062,0.174,0.140625,0.051,0.0,0.0,0.846245,44.71875,0.1615305092860738,249.609375,0.9016246980590602,0.67078125,0.2422957639291106,8.736328125,3.1556864432067107,12.805091582135825,38327,,,0.0541787674667474,Information
615709,11190.0,10276.59457,COL,Colombia,Vichada,3.457829316,0.0,0.58,0.58,11190.0,,,,,,,,,,,,,,,,,,,,,,,,,5.904456854141116,69.15658632,0.0,,36.75,0.358,34.75,0.338,0.625,0.006,0.0,0.0,0.3475,0.338,0.009375,0.009,0.0,0.0,0.703875,6.890625,0.0670516380887756,82.546875,0.8032512562879863,0.103359375,0.1005774571331633,2.889140625,2.8113793970079524,5.904456854141116,2427,,,0.0491434792712096,Information
615949,11219.0,2142.651179,COL,Colombia,Guaviare,3.032763025,0.0,0.58,0.58,11219.0,11219.0,1.0,30.0,31.0,2.0,-9999.0,3.0,1.0,3.1,0.2,-999.9,-1985.2,0.0,0.0,0.0,0.0,0.0,0.0,0.0,0.0,0.0,0.0,0.0,-1985.2,0.5578566577761795,60.6552605,0.0,,,,,,,,,,,,,,,,,0.0,0.0,2.8125,0.1312626165074799,0.0,0.0,0.0984375,0.4594191577761796,0.5578566577761795,30085,,,1.0405113544005493e-05,Information
615950,11220.0,13070.22472,COL,Colombia,Vichada,4.037435903,0.0,0.58,0.58,11220.0,,,,,,,,,,,,,,,,,,,,,,,,,12.255708261107694,80.74871806000002,0.0,,3.688,0.028,3.688,0.028,12.438,0.095,0.188,0.001,0.03688,0.028,0.18657,0.1425,0.0046999999999999,0.0025,0.40115,70.453125,0.5390352996334086,168.1875,1.2867988390450231,1.056796875,0.8085529494501129,5.8865625,4.503795936657581,12.255708261107694,3551,,,0.325783685018571,Information
615970,11222.0,26696.59883,COL,Colombia,Meta,4.01964589,0.0,0.58,0.58,11222.0,11222.0,0.0,15.0,3.0,-9999.0,-9999.0,0.0,1.0,0.3,-999.9,-999.9,-3997.0,0.0,0.0,0.0,0.0,0.0,0.0,0.0,0.0,0.0,0.0,0.0,-3997.0,9.557730828625528,80.39291779999999,0.0,,16.25,0.061,16.0,0.06,1.125,0.004,0.0,0.0,0.16,0.06,0.016875,0.006,0.0,0.0,0.242875,72.421875,0.2712775341019611,167.625,0.6278889721350245,1.086328125,0.4069163011529416,5.866875,2.1976114024725857,9.557730828625528,156670,,,0.2362120427426468,Information
615990,11224.0,24400.39094,COL,Colombia,Meta,2.442012588,0.0,0.58,0.58,11224.0,11224.0,1.0,29.0,49.0,3.0,-9999.0,3.0,1.0,4.9,0.3,-999.9,-1981.4,0.0,0.0,0.0,0.0,0.0,0.0,0.0,0.0,0.0,0.0,0.0,-1981.4,0.7355344840733636,48.84025176,0.0,,,,,,,,,,,,,,,,,1.96875,0.0080685182669193,14.0625,0.0576322733351385,0.02953125,0.0121027774003789,0.4921875,0.2017129566729847,0.7355344840733636,94696,,,1.10713605309422e-05,Information
616226,11239.0,4853.001106,COL,Colombia,Bolívar,1.965688404,0.0,0.58,0.58,11239.0,,,,,,,,,,,,,,,,,,,,,,,,,4.568633890305647,39.31376808,0.0,,8.812,0.182,4.625,0.095,0.0,0.0,0.0,0.0,0.04625,0.095,0.0,0.0,0.0,0.0,0.14125,6.328125,0.1303961169936449,39.9375,0.8229443828043371,0.094921875,0.1955941754904673,1.3978125,2.88030533981518,4.568633890305647,69387,,,0.0048477716607725,Information
622889,11657.0,20439.96444,COL,Colombia,Guainía,4.039920414,0.0,0.58,0.58,11657.0,11657.0,2.0,1.0,100.0,100.0,3.0,7.0,10.0,10.0,10.0,0.3,-598.8666666666667,0.0,0.0,0.0,0.0,0.0,0.0,0.0,0.0,0.0,0.0,0.0,-598.8666666666667,3.4230359890401343,80.79840828,0.0,,,,,,,,,,,,,,,,,17.71875,0.0866867946583401,58.078125,0.2841400491578926,0.26578125,0.1300301919875101,2.032734375,0.994490172052624,3.4230359890401343,13198,,,0.0423119386154349,Information
622896,11663.0,6854.00475,COL,Colombia,Vaupms,4.03486954,0.0,0.58,0.58,11663.0,,,,,,,,,,,,,,,,,,,,,,,,,2.232119764355069,80.6973908,0.0,,7.25,0.106,5.25,0.077,0.0,0.0,0.0,0.0,0.0525,0.077,0.0,0.0,0.0,0.0,0.1295,0.140625,0.0020517202003951,25.875,0.3775165168727076,0.002109375,0.0030775803005926,0.905625,1.3213078090544763,2.232119764355069,13270,,,0.0154915932255593,Information
622897,11664.0,3287.444845,COL,Colombia,Vaupms,4.031717262,0.0,0.58,0.58,11664.0,,,,,,,,,,,,,,,,,,,,,,,,,4.893827831775549,80.63434524,0.0,,1.188,0.036,1.188,0.036,1.25,0.038,0.0,0.0,0.01188,0.036,0.01875,0.0569999999999999,0.0,0.0,0.1236299999999999,0.984375,0.0299434681445166,34.171875,1.039466108445364,0.014765625,0.0449152022167749,1.196015625,3.638131379558774,4.893827831775549,2735,,,0.0844841628772902,Information
622944,11689.0,57557.84223,COL,Colombia,Vaupms,3.419315575,0.0,0.58,0.58,11689.0,11689.0,0.0,7.0,5.0,-9999.0,-9999.0,0.0,4.0,0.5,-999.9,-999.9,-3990.6,0.0,0.0,0.0,0.0,0.0,0.0,0.0,0.0,0.0,0.0,0.0,-3990.6,5.144824956383564,68.3863115,0.0,,36.312,0.063,30.625,0.053,0.062,0.0,0.0,0.0,0.30625,0.053,0.0009299999999999,0.0,0.0,0.0,0.36018,22.5,0.0390911110110267,115.59375,0.2008305828191497,0.3375,0.05863666651654,4.04578125,0.702907039867024,5.144824956383564,35018,,,0.0347159642704028,Information
622945,11690.0,43925.24195,COL,Colombia,Amazonas,4.033967665,0.0,0.58,0.58,11690.0,,,,,,,,,,,,,,,,,,,,,,,,,4.055304711574345,80.67935329999999,0.0,,242.125,0.551,161.188,0.367,15.875,0.036,0.25,0.001,1.61188,0.367,0.238125,0.0539999999999999,0.00625,0.0025,2.279755,3.65625,0.0083238016181068,92.8125,0.2112965026134814,0.05484375,0.0124857024271602,3.2484375,0.7395377591471849,4.055304711574345,7059,,,0.0592443617791034,Information
622946,11691.0,36896.95502,COL,Colombia,Caquetá,1.905382154,0.0,0.58,0.58,11691.0,,,,,,,,,,,,,,,,,,,,,,,,,2.4174301132758127,38.10764308,0.0,,21.75,0.059,14.438,0.039,3.562,0.01,0.0,0.0,0.14438,0.039,0.05343,0.015,0.0,0.0,0.25181,20.8125,0.0564070937262996,45.421875,0.1231046707675324,0.3121875,0.0846106405894494,1.589765625,0.4308663476863634,2.4174301132758127,6083,,,0.0005920313971803,Information
622947,11692.0,14277.08775,COL,Colombia,Caquetá,4.028701558,0.0,0.58,0.58,11692.0,,,,,,,,,,,,,,,,,,,,,,,,,2.12698999550324,80.57403116,0.0,,122.0,0.855,85.75,0.601,14.0,0.098,0.938,0.007,0.8575,0.601,0.21,0.147,0.02345,0.0175,1.85645,7.59375,0.0531883681924395,32.484375,0.2275280194898802,0.11390625,0.0797825522886592,1.136953125,0.7963480682145807,2.12698999550324,21233,,,0.0134866860979108,Information
622948,11693.0,33816.93575,COL,Colombia,Caquetá,1.738028977,0.0,0.58,0.58,11693.0,,,,,,,,,,,,,,,,,,,,,,,,,2.601036237335159,34.760579539999995,0.0,,33.938,0.1,19.5,0.058,7.25,0.021,0.938,0.003,0.195,0.058,0.10875,0.0315,0.02345,0.0075,0.4241999999999999,30.796875,0.0910693837838178,44.15625,0.1305743676169808,0.461953125,0.1366040756757267,1.54546875,0.4570102866594328,2.601036237335159,544910,,,0.000636153705402,Information
622949,11694.0,21323.35298,COL,Colombia,Caquetá,3.93023082,0.0,0.58,0.58,11694.0,,,,,,,,,,,,,,,,,,,,,,,,,2.476820120237244,78.6046164,0.0,,12.875,0.06,10.312,0.048,0.0,0.0,0.0,0.0,0.1031199999999999,0.048,0.0,0.0,0.0,0.0,0.1511199999999999,10.6875,0.0501211043686659,43.59375,0.204441346766927,0.1603125,0.0751816565529988,1.52578125,0.7155447136842444,2.476820120237244,233922,,,0.0155340393866414,Information
622974,11716.0,121389.0856,COL,Colombia,Amazonas,3.183992282,0.0,0.58,0.58,11716.0,11716.0,0.0,5.0,2.0,-9999.0,-9999.0,0.0,6.0,0.2,-999.9,-999.9,-3987.2,0.0,0.0,0.0,0.0,0.0,0.0,0.0,0.0,0.0,0.0,0.0,-3987.2,22.917445865313127,63.67984564,0.0,,753.688,0.621,458.0,0.377,23.062,0.019,1.375,0.001,4.58,0.377,0.34593,0.0284999999999999,0.034375,0.0025,5.368305,103.640625,0.0853788662445304,560.53125,0.4617641259846655,1.554609375,0.1280682993667956,19.61859375,1.6161744409463292,22.917445865313127,530782,,,0.322587887414933,Information
642187,12318.0,5317.576934,COL,Colombia,Córdoba,0.507867196,0.0,0.58,0.58,12318.0,,,,,,,,,,,,,,,,,,,,,,,,,0.8081309202629072,10.15734392,0.0,,4.75,0.089,4.75,0.089,2.438,0.046,1.562,0.029,0.0475,0.089,0.03657,0.069,0.03905,0.0725,0.35362,3.9375,0.0740468835456712,6.328125,0.1190039199841144,0.0590625,0.1110703253185068,0.221484375,0.4165137199444004,0.8081309202629072,233608,,,1.2319704128885565e-06,Information
644013,12574.0,14765.59648,COL,Colombia,Córdoba,0.489089257,0.0,0.58,0.58,12574.0,,,,,,,,,,,,,,,,,,,,,,,,,0.2641668726676908,9.78178514,0.0,,2.375,0.016,2.0,0.014,1.75,0.012,0.75,0.005,0.02,0.014,0.02625,0.018,0.01875,0.0125,0.1095,1.96875,0.0133333590834613,3.65625,0.0247619525835711,0.02953125,0.0200000386251919,0.12796875,0.0866668340424988,0.2641668726676908,1752626,,,2.7153664489395102e-09,Information
644014,12575.0,24085.76543,COL,Colombia,Córdoba,0.416577288,0.0,0.58,0.58,12575.0,,,,,,,,,,,,,,,,,,,,,,,,,2.889626758652757,8.33154576,0.0,,9.938,0.041,6.0,0.025,2.75,0.011,0.0,0.0,0.06,0.025,0.04125,0.0165,0.0,0.0,0.14275,28.828125,0.1196894700577239,45.984375,0.190919301018906,0.432421875,0.1795342050865858,1.609453125,0.668217553566171,2.889626758652757,441419,,,0.0002730607768766,Information
672060,12950.0,22471.18892,COL,Colombia,Nariño,0.956598939,0.023461783,0.58,0.58,12950.0,,,,,,,,,,,,,,,,,,,,,,,,,0.2303799999999999,19.13197878,0.46923566,,17.312,0.077,15.938,0.071,0.0,0.0,0.0,0.0,0.15938,0.071,0.0,0.0,0.0,0.0,0.2303799999999999,,,,,,,,,,2246030,,,2.3026076023349123e-09,Information
672070,12951.0,22372.07589,COL,Colombia,Cauca,4.010616815,4.011163628,0.58,0.58,12951.0,,,,,,,,,,,,,,,,,,,,,,,,,4.204963312920566,80.21233629999999,80.22327256,,90.625,0.405,85.938,0.384,2.312,0.01,1.438,0.006,0.85938,0.384,0.03468,0.015,0.0359499999999999,0.015,1.34401,13.921875,0.0622288028570704,77.0625,0.344458423895703,0.208828125,0.0933432042856056,2.6971875,1.2056044836349606,4.204963312920566,790738,,,0.0607822264960091,Information
672091,12954.0,2550.615873,COL,Colombia,Chocó,3.554781204,3.120869003,0.58,0.58,12954.0,,,,,,,,,,,,,,,,,,,,,,,,,6.32107679621107,71.09562408000001,62.41738006,,25.188,0.988,21.875,0.858,0.062,0.002,0.5,0.02,0.21875,0.858,0.0009299999999999,0.003,0.0125,0.05,1.14318,0.0,0.0,36.703125,1.4389906917745914,0.0,0.0,1.284609375,5.03646742121107,6.32107679621107,15160,,,0.0642424917518028,Information
672093,16278.0,6086.95118,COL,Colombia,Chocó,2.123303946,3.153155828,0.58,0.58,16278.0,,,,,,,,,,,,,,,,,,,,,,,,,2.74464993471268,42.46607892,63.06311656,,29.125,0.478,26.125,0.429,0.125,0.002,0.0,0.0,0.26125,0.429,0.001875,0.003,0.0,0.0,0.695125,0.0,0.0,29.671875,0.4874669456321941,0.0,0.0,1.038515625,1.706134309712679,2.74464993471268,46217,,,0.004667207867687,Information
753000,16318.0,70.74604773,COL,Colombia,San Andrés y Providencia,3.484375733,0.0,0.58,0.58,16318.0,,,,,,,,,,,,,,,,,,,,,,,,,24.42203380028385,69.68751465999999,0.0,,0.375,0.53,0.375,0.53,0.188,0.265,0.062,0.088,0.00375,0.53,0.00282,0.3975,0.00155,0.2199999999999999,1.1556200000000003,0.28125,0.3975487098407189,4.78125,6.758328067292221,0.00421875,0.5963230647610783,0.16734375,23.654148235522776,24.42203380028385,108008,,,0.4144650580763154,Advisory
613016,11085.0,6243.227158,VEN,Venezuela,Zulia,4.002237883,1.593151108,0.54,0.64,11085.0,,,,,,,,,,,,,,,,,,,,,,,,,12.781636547640666,80.04475766,31.86302216,,19.75,0.316,19.062,0.305,5.062,0.081,0.688,0.011,0.19062,0.305,0.07593,0.1215,0.0171999999999999,0.0274999999999999,0.7377499999999999,50.90625,0.81538359424529,118.546875,1.8988076517922083,0.76359375,1.223075391367935,4.149140625,6.64582678127273,12.781636547640666,323515,,,0.3279855928228993,Information
613017,11086.0,10009.1712,VEN,Venezuela,Zulia,0.871947015,1.48582076,0.54,0.64,11086.0,,,,,,,,,,,,,,,,,,,,,,,,,18.010026353450307,17.438940300000002,29.7164152,,2.562,0.026,1.875,0.019,9.938,0.099,5.938,0.059,0.01875,0.019,0.14907,0.1485,0.14845,0.1475,0.63127,140.90625,1.407771404028285,197.015625,1.96835103497368,2.11359375,2.1116571060424274,6.895546875,6.88922862240788,18.010026353450307,2897696,,,0.0866605545694989,Information
613035,11093.0,17163.17131,VEN,Venezuela,Falcón,3.538974816,4.000481292,0.54,0.64,11093.0,,,,,,,,,,,,,,,,,,,,,,,,,15.573577121882677,70.77949632,80.00962584,,95.25,0.555,66.812,0.389,33.875,0.197,5.812,0.034,0.6681199999999999,0.389,0.508125,0.2955,0.1453,0.085,2.0910450000000003,110.671875,0.6448218280523995,233.71875,1.3617457156583077,1.660078125,0.9672327420785992,8.18015625,4.7661100048040765,15.573577121882677,1095394,,,0.4014192840149574,Advisory
613036,11094.0,4545.76783,VEN,Venezuela,Falcón,2.068303745,0.0,0.54,0.64,11094.0,,,,,,,,,,,,,,,,,,,,,,,,,1.6379223898267146,41.3660749,0.0,,4.875,0.107,4.188,0.092,0.312,0.007,0.0,0.0,0.04188,0.092,0.00468,0.0105,0.0,0.0,0.14906,2.953125,0.0649642724900027,13.359375,0.2938859945976316,0.044296875,0.097446408735004,0.467578125,1.0286009810917105,1.6379223898267146,39003,,,0.0001731929893843,Information
613038,11095.0,4226.742881,VEN,Venezuela,Falcón,1.722290522,0.0,0.54,0.64,11095.0,,,,,,,,,,,,,,,,,,,,,,,,,6.309462124150882,34.44581044,0.0,,99.25,2.348,53.188,1.258,0.0,0.0,0.0,0.0,0.53188,1.258,0.0,0.0,0.0,0.0,1.78988,0.28125,0.0066540598261828,53.4375,1.2642713669747452,0.00421875,0.0099810897392742,1.8703125,4.424949784411608,6.309462124150882,19986,,,0.009620548246264,Information
613039,11096.0,1579.578442,VEN,Venezuela,Falcón,3.464697679,0.0,0.54,0.64,11096.0,,,,,,,,,,,,,,,,,,,,,,,,,5.695690328414439,69.29395358,0.0,,2.75,0.174,2.75,0.174,0.125,0.008,0.0,0.0,0.0275,0.174,0.001875,0.012,0.0,0.0,0.2153749999999999,4.21875,0.2670807531265759,20.390625,1.29089030677845,0.06328125,0.4006211296898638,0.713671875,4.518116073724575,5.695690328414439,36165,,,0.0460184288079873,Information
613040,11097.0,17761.58152,VEN,Venezuela,Lara,1.323139634,0.0,0.54,0.64,11097.0,,,,,,,,,,,,,,,,,,,,,,,,,0.9143625623226236,26.46279268,0.0,,21.25,0.12,9.938,0.056,3.062,0.017,0.25,0.001,0.09938,0.056,0.04593,0.0255,0.00625,0.0025,0.23556,2.25,0.0126677908585624,15.75,0.0886745360099371,0.03375,0.0190016862878436,0.55125,0.3103608760347798,0.9143625623226236,694024,,,5.7378049704101405e-06,Information
613050,11098.0,19395.20011,VEN,Venezuela,Aragua,2.703487887,0.004234862,0.54,0.64,11098.0,,,,,,,,,,,,,,,,,,,,,,,,,10.856844869252676,54.06975774,0.08469724,,159.5,0.822,131.438,0.678,2.562,0.013,0.938,0.005,1.31438,0.678,0.03843,0.0195,0.02345,0.0125,2.08626,57.234375,0.2950955632677343,180.140625,0.9287897212431638,0.858515625,0.4426433449016014,6.304921875,3.2507640243510734,10.856844869252676,6713030,,,0.0746049284209192,Information
613060,11099.0,22368.17294,VEN,Venezuela,Guárico,1.619475263,0.0,0.54,0.64,11099.0,,,,,,,,,,,,,,,,,,,,,,,,,2.4327629323237807,32.38950526,0.0,,252.438,1.129,101.688,0.455,0.062,0.0,0.062,0.0,1.01688,0.455,0.0009299999999999,0.0,0.00155,0.0,1.47436,5.765625,0.0257760212047469,45.5625,0.203693435861903,0.086484375,0.0386640318071203,1.5946875,0.7129270255166605,2.4327629323237807,452195,,,0.0004425121126484,Information
613071,11100.0,615.9197026,VEN,Venezuela,Anzoátegui,3.003631871,0.0,0.54,0.64,11100.0,,,,,,,,,,,,,,,,,,,,,,,,,4.0235013512895685,60.07263742,0.0,,14.125,2.293,13.75,2.232,0.125,0.02,0.0,0.0,0.1375,2.232,0.001875,0.03,0.0,0.0,2.4013750000000003,0.140625,0.0228317099475275,6.609375,1.0730903675337935,0.002109375,0.0342475649212912,0.231328125,3.755816286368277,4.0235013512895685,117652,,,0.0108691596074035,Information
613076,11105.0,8525.162158,VEN,Venezuela,Monagas,2.061347506,0.0,0.54,0.64,11105.0,,,,,,,,,,,,,,,,,,,,,,,,,3.801388753545946,41.226950120000005,0.0,,59.188,0.694,53.375,0.626,0.312,0.004,2.75,0.032,0.53375,0.626,0.00468,0.006,0.06875,0.08,1.31918,0.140625,0.0016495287407925,49.921875,0.5855827029813592,0.002109375,0.0024742931111887,1.747265625,2.049539460434757,3.801388753545946,559307,,,0.0030877263700975,Information
613078,11107.0,10342.96192,VEN,Venezuela,Monagas,0.254808908,0.0,0.54,0.64,11107.0,,,,,,,,,,,,,,,,,,,,,,,,,1.57944,5.09617816,0.0,,168.125,1.626,77.812,0.752,1.688,0.016,0.0,0.0,0.7781199999999999,0.752,0.02532,0.024,0.0,0.0,1.57944,,,,,,,,,,483433,,,2.1036230331786755e-05,Information
613080,11109.0,21673.18789,VEN,Venezuela,Monagas,1.344850301,0.0,0.54,0.64,11109.0,,,,,,,,,,,,,,,,,,,,,,,,,3.364187524272475,26.89700602,0.0,,312.375,1.441,188.125,0.868,6.25,0.029,0.125,0.001,1.88125,0.868,0.09375,0.0435,0.003125,0.0025,2.892125,9.421875,0.0434724925939253,61.734375,0.2848421529661677,0.141328125,0.0652087388908879,2.160703125,0.996947535381587,3.364187524272475,417880,,,0.0010395895096634,Information
613090,11110.0,18975.64106,VEN,Venezuela,Delta Amacuro,4.045917746,1.375827926,0.54,0.64,11110.0,,,,,,,,,,,,,,,,,,,,,,,,,12.2451589188549,80.91835492,27.51655852,,122.062,0.643,108.75,0.573,4.312,0.023,1.0,0.005,1.0875,0.573,0.06468,0.0345,0.025,0.0125,1.7971799999999998,2.390625,0.0125983886007072,228.09375,1.2020344888439547,0.035859375,0.0188975829010608,7.98328125,4.207120710953841,12.2451589188549,192975,,,0.3286672717917773,Information
615100,11111.0,15714.24724,VEN,Venezuela,Delta Amacuro,1.499082471,0.0,0.54,0.64,11111.0,,,,,,,,,,,,,,,,,,,,,,,,,15.972202709399522,29.98164942,0.0,,73.0,0.465,70.5,0.449,15.312,0.097,3.938,0.025,0.705,0.449,0.22968,0.1455,0.09845,0.0625,1.69013,67.640625,0.4304413948957167,249.890625,1.5902169620159845,1.014609375,0.6456620923435751,8.746171875,5.5657593670559455,15.972202709399522,301807,,,0.0697162722193465,Information
615310,11121.0,14273.06578,VEN,Venezuela,Anzoátegui,0.514218433,0.0,0.54,0.64,11121.0,11121.0,1.0,22.0,39.0,-9999.0,-9999.0,3.0,1.0,3.9,-999.9,-999.9,-2980.5,0.0,0.0,0.0,0.0,0.0,0.0,0.0,0.0,0.0,0.0,0.0,-2980.5,6.149735392451911,10.28436866,0.0,,46.75,0.328,41.312,0.289,1.062,0.007,0.062,0.0,0.41312,0.289,0.01593,0.0105,0.00155,0.0,0.7301,9.421875,0.0660115713277379,99.28125,0.6955846172743727,0.141328125,0.0990173569916068,3.47484375,2.4345461604603047,6.149735392451911,605928,,,0.0036785139809045,Information
615330,11123.0,11082.77144,VEN,Venezuela,Anzoátegui,0.607144114,0.0,0.54,0.64,11123.0,11123.0,1.0,23.0,66.0,3.0,-9999.0,3.0,1.0,6.6,0.3,-999.9,-1978.4,0.0,0.0,0.0,0.0,0.0,0.0,0.0,0.0,0.0,0.0,0.0,-1978.4,6.020338025528643,12.14288228,0.0,,238.25,2.15,79.562,0.718,1.625,0.015,0.562,0.005,0.79562,0.718,0.024375,0.0225,0.01405,0.0125,1.5870449999999998,0.0,0.0,90.421875,0.8158778287224694,0.0,0.0,3.164765625,2.8555724005286427,6.020338025528643,55947,,,0.0036748618404485,Information
615350,11133.0,24473.70825,VEN,Venezuela,Guárico,0.574359456,0.0,0.54,0.64,11133.0,11133.0,1.0,30.0,37.0,2.0,-9999.0,3.0,1.0,3.7,0.2,-999.9,-1984.4,0.0,0.0,0.0,0.0,0.0,0.0,0.0,0.0,0.0,0.0,0.0,-1984.4,20.5344422331981,11.48718912,0.0,,109.938,0.449,57.688,0.236,1.625,0.007,0.312,0.001,0.5768800000000001,0.236,0.024375,0.0105,0.0078,0.0025,0.858055,120.375,0.4918543555315269,364.921875,1.491077164257374,1.805625,0.7377815332972903,12.772265625,5.218770074900808,20.5344422331981,176953,,,0.072001722925463,Information
615380,11136.0,13643.88154,VEN,Venezuela,Guárico,4.075015708,0.0,0.54,0.64,11136.0,,,,,,,,,,,,,,,,,,,,,,,,,33.20197692079262,81.50031415999999,0.0,3.0,5.062,0.037,5.062,0.037,3.688,0.027,0.438,0.003,0.05062,0.037,0.05532,0.0405,0.01095,0.0075,0.20189,162.984375,1.1945601731677231,477.5625,3.500195296011724,2.444765625,1.7918402597515848,16.7146875,12.250683536041034,33.20197692079262,20978,0.0,0.0,0.7206776157978243,Watch
615441,11142.0,680.7465767,VEN,Venezuela,Guárico,4.111108323,0.0,0.54,0.64,11142.0,,,,,,,,,,,,,,,,,,,,,,,,,41.265546875,82.22216646,0.0,3.0,0.688,0.101,0.688,0.101,1.125,0.165,0.0,0.0,0.00688,0.101,0.016875,0.2475,0.0,0.0,0.372255,0.0,0.0,179.015625,26.29695559796517,0.0,0.0,6.265546875,35.0,41.265546875,6006,66.0,1.1,0.8001271701147178,Warning
615442,11143.0,8140.500722,VEN,Venezuela,Portuguesa,3.182709055,0.0,0.54,0.64,11143.0,,,,,,,,,,,,,,,,,,,,,,,,,5.429176118307892,63.6541811,0.0,,9.938,0.122,5.438,0.067,2.375,0.029,0.0,0.0,0.05438,0.067,0.035625,0.0435,0.0,0.0,0.200505,25.59375,0.3144001932363845,58.640625,0.720356486700947,0.38390625,0.4716002898545768,2.052421875,2.5212477034533145,5.429176118307892,254534,,,0.0286319026214146,Information
615449,11150.0,11549.80309,VEN,Venezuela,Portuguesa,0.823882434,0.0,0.54,0.64,11150.0,,,,,,,,,,,,,,,,,,,,,,,,,4.869778786229439,16.47764868,0.0,,14.438,0.125,12.625,0.109,1.125,0.01,0.0,0.0,0.12625,0.109,0.016875,0.015,0.0,0.0,0.267125,8.296875,0.0718356402950091,71.015625,0.6148643787962644,0.124453125,0.1077534604425136,2.485546875,2.152025325786925,4.869778786229439,373015,,,0.0022411122313564,Information
615502,11157.0,29653.90264,VEN,Venezuela,Apure,3.385228359,0.0,0.54,0.64,11157.0,,,,,,,,,,,,,,,,,,,,,,,,,66.56287540836698,67.70456718,0.0,3.0,30.625,0.103,12.0,0.04,22.812,0.077,4.125,0.014,0.12,0.04,0.34218,0.1154999999999999,0.103125,0.035,0.7558050000000001,699.328125,2.358300468560748,1485.703125,5.010143665864528,10.489921875,3.537450702841122,35.0,17.53550283052585,66.56287540836698,636776,1159.0,0.18,0.765227994051852,Watch
615504,11159.0,6960.295605,VEN,Venezuela,Apure,4.025008401,0.0,0.54,0.64,11159.0,,,,,,,,,,,,,,,,,,,,,,,,,38.183030889948746,80.50016802,0.0,3.0,5.875,0.084,3.375,0.048,1.688,0.024,0.0,0.0,0.03375,0.048,0.02532,0.036,0.0,0.0,0.14307,99.0,1.4223533829780055,405.28125,5.822759161566211,1.485,2.133530074467008,14.18484375,20.379657065481737,38.183030889948746,10166,93.0,0.91,0.7492034886616731,Watch
615506,11161.0,19001.69275,VEN,Venezuela,Apure,1.943410289,0.0,0.54,0.64,11161.0,,,,,,,,,,,,,,,,,,,,,,,,,24.161075213347424,38.86820578,0.0,,12.75,0.067,10.312,0.054,1.25,0.007,0.0,0.0,0.1031199999999999,0.054,0.01875,0.0105,0.0,0.0,0.1863699999999999,164.8125,0.8673569356882993,381.65625,2.0085381599471366,2.4721875,1.301035403532449,13.35796875,7.029883559814978,24.161075213347424,24782,,,0.1766287825734062,Information
615508,11163.0,11629.63567,VEN,Venezuela,Apure,2.44621374,0.0,0.54,0.64,11163.0,,,,,,,,,,,,,,,,,,,,,,,,,6.31499251251223,48.924274800000006,0.0,,31.125,0.268,17.938,0.154,5.188,0.045,0.0,0.0,0.1793799999999999,0.154,0.07782,0.0675,0.0,0.0,0.4787,10.125,0.0870620566994742,92.671875,0.7968596578465768,0.151875,0.1305930850492113,3.243515625,2.789008802463018,6.31499251251223,716,,,0.0182917147356595,Information
615706,11187.0,13948.505,VEN,Venezuela,Amazonas,4.004884286,0.0,0.54,0.64,11187.0,11187.0,1.0,1.0,100.0,2.0,-9999.0,3.0,10.0,10.0,0.2,-999.9,-1953.4,0.0,0.0,0.0,0.0,0.0,0.0,0.0,0.0,0.0,0.0,0.0,-1953.4,1.0985622651265223,80.09768572,0.0,,,,,,,,,,,,,,,,,0.0,0.0,18.28125,0.1310624328932921,0.0,0.0,0.63984375,0.4587185151265224,1.0985622651265223,6085,,,0.001884747405231,Information
615810,11191.0,2269.675574,VEN,Venezuela,Amazonas,0.136141144,0.0,0.54,0.64,11191.0,,,,,,,,,,,,,,,,,,,,,,,,,4.648665451121073,2.72282288,0.0,,1.562,0.069,1.562,0.069,0.875,0.039,0.0,0.0,0.01562,0.069,0.013125,0.0584999999999999,0.0,0.0,0.156245,0.5625,0.0247832776851746,24.328125,1.0718767598838033,0.0084375,0.0371749165277619,0.851484375,3.7515686595933113,4.648665451121073,5858,,,0.001179030939952,Information
615821,11192.0,4816.26973,VEN,Venezuela,Amazonas,3.543958711,0.0,0.54,0.64,11192.0,11192.0,1.0,26.0,76.0,7.0,2.0,3.0,1.0,7.6,0.7,0.2,25.0,0.0,0.0,0.0,0.0,0.0,0.0,0.0,0.0,0.0,0.0,0.0,25.0,25.0,70.87917422000001,0.0,,,,,,,,,,,,,,,,,0.0,0.0,119.25,2.475982589922645,0.0,0.0,4.17375,8.665939064729258,12.839689064729258,2987,,,0.4393656339058263,Advisory
615829,11200.0,10060.28835,VEN,Venezuela,Amazonas,3.394934976,0.0,0.54,0.64,11200.0,11200.0,1.0,4.0,37.0,-9999.0,-9999.0,3.0,7.0,3.7,-999.9,-999.9,-2977.4,0.0,0.0,0.0,0.0,0.0,0.0,0.0,0.0,0.0,0.0,0.0,-2977.4,0.6084837883205092,67.89869952000001,0.0,,,,,,,,,,,,,,,,,0.0,0.0,8.71875,0.0866650109487169,0.0,0.0,0.30515625,0.3033275383205091,0.6084837883205092,0,,,3.659326032916195e-05,Information
615830,11201.0,10771.46279,VEN,Venezuela,Amazonas,4.019624295,0.0,0.54,0.64,11201.0,11201.0,1.0,1.0,100.0,5.0,-9999.0,3.0,10.0,10.0,0.5,-999.9,-1952.8,0.0,0.0,0.0,0.0,0.0,0.0,0.0,0.0,0.0,0.0,0.0,-1952.8,6.049987846379061,80.3924859,0.0,,,,,,,,,,,,,,,,,21.796875,0.202357613150495,80.296875,0.7454593361866624,0.326953125,0.3035364197257425,2.810390625,2.609107676653318,6.049987846379061,47,,,0.1198260916977042,Information
615890,11207.0,17336.10589,VEN,Venezuela,Amazonas,2.461064977,0.0,0.54,0.64,11207.0,,,,,,,,,,,,,,,,,,,,,,,,,0.9601421353223472,49.22129954,0.0,,169.938,0.98,60.75,0.35,0.0,0.0,0.0,0.0,0.6075,0.35,0.0,0.0,0.0,0.0,0.9575,2.53125,0.0146010298748319,16.3125,0.0940955258600284,0.03796875,0.0219015448122478,0.5709375,0.3293343405100993,0.9601421353223472,140,,,3.621622802453418e-05,Information
615920,11209.0,12560.36419,VEN,Venezuela,Amazonas,3.790894973,0.0,0.54,0.64,11209.0,11209.0,3.0,1.0,100.0,100.0,100.0,10.0,10.0,10.0,10.0,10.0,-575.2666666666667,0.0,0.0,0.0,0.0,0.0,0.0,0.0,0.0,0.0,0.0,0.0,-575.2666666666667,12.227607573883851,75.81789945999999,0.0,,0.5,0.004,0.5,0.004,6.062,0.048,0.0,0.0,0.005,0.004,0.09093,0.072,0.0,0.0,0.17193,22.359375,0.1780153399085999,184.921875,1.4722652325774148,0.335390625,0.2670230098628998,6.472265625,5.152928314020952,12.227607573883851,6788,,,0.2476459069206241,Information
616101,11225.0,29.64721634,VEN,Venezuela,Delta Amacuro,0.0,4.042171099,0.54,0.64,11225.0,,,,,,,,,,,,,,,,,,,,,,,,,3.59462,0.0,80.84342198,,1.125,3.795,1.062,3.584,0.0,0.0,0.0,0.0,0.01062,3.584,0.0,0.0,0.0,0.0,3.59462,,,,,,,,,,0,,,0.0471431904862922,Information
616102,11226.0,6921.030968,VEN,Venezuela,Delta Amacuro,4.035224175,0.0,0.54,0.64,11226.0,,,,,,,,,,,,,,,,,,,,,,,,,1.10162,80.7044835,0.0,,124.5,1.799,45.062,0.651,0.0,0.0,0.0,0.0,0.4506199999999999,0.651,0.0,0.0,0.0,0.0,1.10162,0.703125,0.0101592523319156,8.296875,0.1198791775166045,0.010546875,0.0152388784978734,0.290390625,0.4195771213081157,0.7357534998059891,87518,,,0.0020976506723743,Information
622886,11654.0,42574.62808,VEN,Venezuela,Amazonas,4.029441604,0.0,0.54,0.64,11654.0,,,,,,,,,,,,,,,,,,,,,,,,,11.548941449652904,80.58883207999999,0.0,,6.75,0.016,2.75,0.006,24.062,0.057,0.0,0.0,0.0275,0.006,0.36093,0.0855,0.0,0.0,0.4799300000000001,79.453125,0.1866208316560996,233.15625,0.5476413077625012,1.191796875,0.2799312474841494,8.16046875,1.916744577168754,11.548941449652904,3276,,,0.3017915403830443,Information
622887,11655.0,3609.250021,VEN,Venezuela,Amazonas,1.244288123,0.0,0.54,0.64,11655.0,11655.0,2.0,1.0,100.0,100.0,-9999.0,7.0,10.0,10.0,10.0,-999.9,-1925.8,0.0,0.0,0.0,0.0,0.0,0.0,0.0,0.0,0.0,0.0,0.0,-1925.8,2.3357463202111903,24.88576246,0.0,,,,,,,,,,,,,,,,,4.21875,0.1168871642595589,15.890625,0.440274985377672,0.06328125,0.1753307463893383,0.556171875,1.540962448821852,2.3357463202111903,2290,,,0.000259572429644,Information
622888,11656.0,4915.339557,VEN,Venezuela,Amazonas,4.116309018,0.0,0.54,0.64,11656.0,11656.0,3.0,1.0,100.0,100.0,100.0,10.0,10.0,10.0,10.0,10.0,87.3,0.0,0.0,0.0,0.0,0.0,0.0,0.0,0.0,0.0,0.0,0.0,87.3,87.3,82.32618036,0.0,,,,,,,,,,,,,,,,,9.984375,0.2031268620132736,52.3125,1.0642703192808138,0.149765625,0.3046902930199104,1.8309375,3.724946117482848,6.010339535502759,0,,,0.9448967907214824,Warning
613037,16251.0,5271.339071,VEN,Venezuela,Falcón,1.529505809,0.744215912,0.54,0.64,16251.0,,,,,,,,,,,,,,,,,,,,,,,,,8.18665923449729,30.59011618,14.88431824,,29.375,0.557,23.812,0.452,8.375,0.159,4.438,0.084,0.23812,0.452,0.125625,0.2385,0.11095,0.21,1.3751950000000002,19.40625,0.3681464944566439,72.421875,1.373880033660664,0.29109375,0.5522197416849658,2.534765625,4.808580117812324,8.18665923449729,737688,,,0.0162777235464002,Information
616103,16253.0,5303.652752,VEN,Venezuela,Delta Amacuro,3.537468773,4.002063055,0.54,0.64,16253.0,,,,,,,,,,,,,,,,,,,,,,,,,0.411859036212862,70.74937546,80.0412611,,14.625,0.276,9.938,0.187,1.625,0.031,0.0,0.0,0.09938,0.187,0.024375,0.0465,0.0,0.0,0.357255,0.0,0.0,4.078125,0.076892760346532,0.0,0.0,0.142734375,0.269124661212862,0.411859036212862,22801,,,5.206930021559591e-05,Information
616104,11227.0,8265.677296,GUY,Guyana,Barima-Waini,4.056851691,0.0,0.6,0.56,11227.0,,,,,,,,,,,,,,,,,,,,,,,,,0.619,81.13703382,0.0,,59.25,0.717,28.0,0.339,0.0,0.0,0.0,0.0,0.28,0.339,0.0,0.0,0.0,0.0,0.619,,,,,,,,,,17656,,,0.0003167502362234,Information
616106,11229.0,9421.153788,GUY,Guyana,Barima-Waini,4.102213693,0.0,0.6,0.56,11229.0,,,,,,,,,,,,,,,,,,,,,,,,,2.71938,82.04427386,0.0,,177.438,1.883,131.938,1.4,0.0,0.0,0.0,0.0,1.3193799999999998,1.4,0.0,0.0,0.0,0.0,2.71938,0.140625,0.0014926515707932,12.09375,0.1283680350882225,0.002109375,0.0022389773561898,0.42328125,0.4492881228087788,0.8769177251649686,2313,,,0.0295462067597033,Information
616107,11230.0,1536.221993,GUY,Guyana,Barima-Waini,4.199897735,4.00656773,0.6,0.56,11230.0,,,,,,,,,,,,,,,,,,,,,,,,,12.42935592684235,83.99795470000001,80.13135460000001,,36.25,2.36,31.0,2.018,0.5,0.033,0.188,0.012,0.31,2.018,0.0075,0.0495,0.0046999999999999,0.03,2.4197,9.28125,0.6041607295425616,43.3125,2.819416737865288,0.13921875,0.9062410943138424,1.5159375,9.867958582528509,12.42935592684235,8595,,,0.4002672356490887,Advisory
616108,11231.0,3841.922619,GUY,Guyana,Pomeroon-Supenaam,4.130982376,2.897132932,0.6,0.56,11231.0,,,,,,,,,,,,,,,,,,,,,,,,,1.6212885567320252,82.61964752,57.94265864,,16.125,0.42,6.812,0.177,0.0,0.0,0.0,0.0,0.06812,0.177,0.0,0.0,0.0,0.0,0.24512,8.015625,0.208635774167892,9.421875,0.2452385415657678,0.120234375,0.312953661251838,0.329765625,0.8583348954801873,1.6212885567320252,11154,,,0.008843192812261,Information
616109,11232.0,3059.41619,GUY,Guyana,Pomeroon-Supenaam,4.057795904,4.141553255,0.6,0.56,11232.0,,,,,,,,,,,,,,,,,,,,,,,,,37.8561233102411,81.15591807999999,82.83106509999999,3.0,13.125,0.429,12.375,0.404,0.062,0.002,0.0,0.0,0.12375,0.404,0.0009299999999999,0.003,0.0,0.0,0.53168,143.015625,4.674605092506176,192.09375,6.278771441851953,2.145234375,7.011907638759263,6.72328125,21.97570004648184,37.8561233102411,44267,18375.0,41.51,0.785437865945264,Watch
616221,11234.0,118.7720944,GUY,Guyana,Cuyuni-Mazaruni,3.43654284,0.0,0.6,0.56,11234.0,,,,,,,,,,,,,,,,,,,,,,,,,8.805687603693485,68.7308568,0.0,,0.125,0.105,0.125,0.105,0.0,0.0,0.0,0.0,0.00125,0.105,0.0,0.0,0.0,0.0,0.10625,0.984375,0.8287931646374749,2.53125,2.131182423353507,0.014765625,1.2431897469562123,0.08859375,7.4591384817372735,8.805687603693485,10275,,,0.1025358267214441,Information
616222,11235.0,31775.36778,GUY,Guyana,Cuyuni-Mazaruni,3.566115784,0.0,0.6,0.56,11235.0,11235.0,0.0,16.0,15.0,3.0,2.0,0.0,1.0,1.5,0.3,0.2,6.0,0.0,0.0,0.0,0.0,0.0,0.0,0.0,0.0,0.0,0.0,0.0,6.0,11.401609957104556,71.32231568,0.0,,240.875,0.758,135.75,0.427,7.688,0.024,0.062,0.0,1.3575,0.427,0.11532,0.036,0.00155,0.0,1.93737,112.21875,0.3531627101134159,199.6875,0.6284348976955522,1.68328125,0.5297440651701238,6.9890625,2.1995221419344326,11.401609957104556,7231,,,0.1781691878775449,Information
616223,11236.0,12380.22039,GUY,Guyana,Cuyuni-Mazaruni,4.051117356,0.0,0.6,0.56,11236.0,11236.0,1.0,17.0,39.0,13.0,3.0,3.0,1.0,3.9,1.3,0.3,19.000000000000004,0.0,0.0,0.0,0.0,0.0,0.0,0.0,0.0,0.0,0.0,0.0,19.000000000000004,19.000000000000004,81.02234711999999,0.0,,11.25,0.091,11.25,0.091,0.0,0.0,0.0,0.0,0.1125,0.091,0.0,0.0,0.0,0.0,0.2035,32.90625,0.2657969646238752,51.890625,0.4191413672914954,0.49359375,0.3986954469358128,1.816171875,1.466994785520234,4.175455857456047,1648,,,0.5004694976813031,Advisory
616225,11238.0,8524.16165,GUY,Guyana,Cuyuni-Mazaruni,4.087222703,0.0,0.6,0.56,11238.0,,,,,,,,,,,,,,,,,,,,,,,,,1.4852025626951,81.74445406000001,0.0,,21.625,0.254,15.562,0.183,0.0,0.0,0.0,0.0,0.1556199999999999,0.183,0.0,0.0,0.0,0.0,0.33862,7.171875,0.0841358399124487,16.453125,0.1930175150932648,0.107578125,0.126203759868673,0.575859375,0.6755613028264269,1.4852025626951,24910,,,0.0060550838973981,Information
616230,11243.0,4031.623018,GUY,Guyana,Cuyuni-Mazaruni,4.193011241,0.0,0.6,0.56,11243.0,11243.0,1.0,8.0,52.0,7.0,-9999.0,3.0,3.0,5.2,0.7,-999.9,-1976.0,0.0,0.0,0.0,0.0,0.0,0.0,0.0,0.0,0.0,0.0,0.0,-1976.0,8.117195452197205,83.86022482,0.0,,15.875,0.394,15.562,0.386,0.188,0.005,0.438,0.011,0.1556199999999999,0.386,0.00282,0.0075,0.01095,0.0274999999999999,0.59039,18.984375,0.4708866606401101,58.5,1.451028524639154,0.284765625,0.7063299909601651,2.0475,5.078599836237039,8.117195452197205,1464,,,0.2459462110293712,Information
616240,11244.0,6857.415845,GUY,Guyana,Potaro-Siparuni,0.153615049,0.0,0.6,0.56,11244.0,,,,,,,,,,,,,,,,,,,,,,,,,2.8796390252127915,3.07230098,0.0,,65.938,0.962,31.312,0.457,1.312,0.019,0.0,0.0,0.31312,0.457,0.01968,0.0284999999999999,0.0,0.0,0.8183,13.78125,0.2009685617897401,27.5625,0.4019371235794803,0.20671875,0.3014528426846101,0.9646875,1.4067799325281811,2.8796390252127915,2510,,,0.0002188027929024,Information
616250,11245.0,2835.70507,GUY,Guyana,Potaro-Siparuni,0.981360685,0.0,0.6,0.56,11245.0,,,,,,,,,,,,,,,,,,,,,,,,,4.172476519800804,19.6272137,0.0,,24.188,0.853,16.375,0.577,0.5,0.018,0.188,0.007,0.16375,0.577,0.0075,0.0269999999999999,0.0046999999999999,0.0175,0.79745,6.328125,0.2231587856842657,23.625,0.8331261332212587,0.094921875,0.3347381785263985,0.826875,2.915941466274405,4.172476519800804,2629,,,0.0015473776316166,Information
616260,11246.0,6777.383465,GUY,Guyana,Potaro-Siparuni,1.890834103,0.0,0.6,0.56,11246.0,,,,,,,,,,,,,,,,,,,,,,,,,1.0652367332526926,37.81668206,0.0,,95.0,1.402,35.688,0.527,0.0,0.0,0.0,0.0,0.35688,0.527,0.0,0.0,0.0,0.0,0.88388,0.140625,0.0020749157949434,12.234375,0.1805176741600793,0.002109375,0.0031123736924151,0.428203125,0.6318118595602775,1.0652367332526926,965,,,2.382238947627233e-05,Information
616270,11247.0,2835.601443,GUY,Guyana,Potaro-Siparuni,4.103745497,0.0,0.6,0.56,11247.0,,,,,,,,,,,,,,,,,,,,,,,,,6.263667111047107,82.07490994,0.0,,82.938,2.925,36.375,1.283,1.062,0.037,0.375,0.013,0.36375,1.283,0.01593,0.0554999999999999,0.009375,0.0325,1.7600549999999997,7.59375,0.2678003292647803,36.28125,1.2794904620428391,0.11390625,0.4017004938971704,1.26984375,4.478216617149937,6.263667111047107,0,,,0.1465292870624195,Information
616280,11248.0,23737.65476,GUY,Guyana,Upper Takutu-Upper Essequibo,4.102294086,0.0,0.6,0.56,11248.0,,,,,,,,,,,,,,,,,,,,,,,,,54.79037972909933,82.04588172,0.0,3.0,730.188,3.076,431.875,1.819,145.688,0.614,158.875,0.669,4.31875,1.819,2.18532,0.921,3.971875,1.6725,14.888444999999995,151.59375,0.6386214289254964,1123.03125,4.731011810203167,2.27390625,0.9579321433882446,35.0,16.558541335711084,54.79037972909933,5607,1530.0,27.29,0.8677236671144839,Warning
616290,11249.0,22729.38307,GUY,Guyana,Upper Takutu-Upper Essequibo,0.005554512,0.0,0.6,0.56,11249.0,,,,,,,,,,,,,,,,,,,,,,,,,7.661370142740305,0.11109024,0.0,,215.75,0.949,97.125,0.427,0.938,0.004,0.0,0.0,0.97125,0.427,0.01407,0.006,0.0,0.0,1.41832,57.09375,0.251189175816721,127.546875,0.5611541440043497,0.85640625,0.3767837637250815,4.464140625,1.964039504015224,7.661370142740305,499,,,0.0051163081738035,Information
616302,11251.0,7464.09992,GUY,Guyana,Upper Demerara-Berbice,4.079395726,4.02854499,0.6,0.56,11251.0,,,,,,,,,,,,,,,,,,,,,,,,,2.3443160832630925,81.58791452000001,80.5708998,,46.812,0.627,24.562,0.329,0.0,0.0,0.0,0.0,0.24562,0.329,0.0,0.0,0.0,0.0,0.57462,4.78125,0.0640566183592212,26.578125,0.3560794373497887,0.07171875,0.0960849275388318,0.930234375,1.2462780307242605,2.3443160832630925,92767,,,0.0196508733120771,Information
616303,11252.0,298.3295262,GUY,Guyana,Demerara-Mahaica,3.281240186,4.001528444,0.6,0.56,11252.0,,,,,,,,,,,,,,,,,,,,,,,,,43.73789446904939,65.62480371999999,80.03056888,3.0,0.875,0.293,0.875,0.293,0.0,0.0,0.312,0.105,0.00875,0.293,0.0,0.0,0.0078,0.2625,0.57205,16.875,5.656496766133103,28.96875,9.710319448528494,0.253125,8.484745149199656,1.01390625,33.98611806984973,43.73789446904939,267165,6916.0,2.59,0.7834835289409185,Watch
616304,11253.0,2257.700874,GUY,Guyana,Demerara-Mahaica,4.037596665,0.0,0.6,0.56,11253.0,,,,,,,,,,,,,,,,,,,,,,,,,76.2996875,80.75193329999999,0.0,3.0,53.938,2.389,38.812,1.719,1.938,0.086,4.0,0.177,0.3881199999999999,1.719,0.02907,0.129,0.1,0.4425,2.80769,277.734375,12.301646253495118,632.390625,28.01038136808484,4.166015625,15.0,22.133671875,35.0,76.2996875,20868,5507.0,26.39,0.9157837859515668,Warning
616305,11254.0,209.4456761,GUY,Guyana,Mahaica-Berbice,4.14265664,4.007512467,0.6,0.56,11254.0,,,,,,,,,,,,,,,,,,,,,,,,,55.077265625,82.8531328,80.15024933999999,3.0,44.0,21.008,30.0,14.324,6.0,2.865,1.938,0.925,0.3,10.0,0.09,4.2975,0.04845,2.3125,17.048450000000003,80.578125,38.47208807774784,110.53125,52.77323076633472,1.208671875,15.0,3.86859375,35.0,55.077265625,9462,989.0,10.45,0.8783789723659148,Warning
616306,11255.0,1044.737172,GUY,Guyana,Mahaica-Berbice,4.084155637,0.0,0.6,0.56,11255.0,,,,,,,,,,,,,,,,,,,,,,,,,48.29753694730583,81.68311274000001,0.0,3.0,45.875,4.391,15.562,1.49,0.75,0.072,0.062,0.006,0.1556199999999999,1.49,0.01125,0.1079999999999999,0.00155,0.015,1.78142,44.4375,4.253462131537221,178.59375,17.094610465355288,0.6665625,6.380193197305832,6.25078125,35.0,48.29753694730583,3500,109.0,3.11,0.8338663545434346,Warning
616307,11256.0,114.9210018,GUY,Guyana,Mahaica-Berbice,1.525908263,0.0,0.6,0.56,11256.0,,,,,,,,,,,,,,,,,,,,,,,,,39.93324690055423,30.51816526,0.0,,5.0,4.351,1.562,1.36,0.0,0.0,0.0,0.0,0.01562,1.36,0.0,0.0,0.0,0.0,1.37562,3.375,2.936800017036155,13.640625,11.869566735521127,0.050625,4.405200025554232,0.477421875,35.0,39.93324690055423,19718,,,0.2898386604134808,Advisory
616308,11257.0,15852.62883,GUY,Guyana,Upper Demerara-Berbice,4.050170515,0.0,0.6,0.56,11257.0,,,,,,,,,,,,,,,,,,,,,,,,,14.30806619725541,81.00341029999998,0.0,,276.625,1.745,106.0,0.669,2.5,0.016,0.812,0.005,1.06,0.669,0.0375,0.024,0.0203,0.0125,1.8233,56.953125,0.3592661229585576,226.265625,1.4273066465193067,0.854296875,0.5388991844378364,7.919296875,4.995573262817573,14.30806619725541,15702,,,0.3884213078445605,Advisory
616309,11258.0,2389.756564,GUY,Guyana,East Berbice-Corentyne,4.037953173,4.001489608,0.6,0.56,11258.0,,,,,,,,,,,,,,,,,,,,,,,,,60.71319941607147,80.75906346,80.02979216,3.0,152.438,6.379,52.312,2.189,4.0,0.167,2.5,0.105,0.52312,2.189,0.06,0.2505,0.0625,0.2625,3.3476200000000005,142.734375,5.972757944047647,417.515625,17.471052547662527,2.141015625,8.95913691607147,14.613046875,35.0,60.71319941607147,98162,7712.0,7.86,0.8747469563210315,Warning
616405,11263.0,1636.174806,GUY,Guyana,East Berbice-Corentyne,3.78445952,0.0,0.6,0.56,11263.0,,,,,,,,,,,,,,,,,,,,,,,,,2.880285639416177,75.6891904,0.0,,14.688,0.898,6.312,0.386,0.0,0.0,0.0,0.0,0.06312,0.386,0.0,0.0,0.0,0.0,0.44912,5.34375,0.3266001885340789,9.28125,0.567252959032874,0.08015625,0.4899002828011183,0.32484375,1.985385356615059,2.880285639416177,0,,,0.0164610661491985,Information
616406,11264.0,16089.98101,GUY,Guyana,East Berbice-Corentyne,3.619881947,0.0,0.6,0.56,11264.0,,,,,,,,,,,,,,,,,,,,,,,,,3.7088121290398615,72.39763894000001,0.0,,69.812,0.434,28.562,0.178,0.0,0.0,0.062,0.0,0.28562,0.178,0.0,0.0,0.00155,0.0,0.46517,22.21875,0.138090591846479,55.828125,0.3469744617914694,0.33328125,0.2071358877697185,1.953984375,1.214410616270143,3.7088121290398615,883,,,0.0223647355499432,Information
616401,11259.0,2669.884879,SUR,Suriname,Nickerie,3.92003133,2.28918564,0.65,0.49,11259.0,,,,,,,,,,,,,,,,,,,,,,,,,10.850836256709387,78.4006266,45.7837128,,44.25,1.657,24.188,0.906,0.312,0.012,0.688,0.026,0.2418799999999999,0.906,0.00468,0.018,0.0171999999999999,0.065,1.25276,25.453125,0.9533416666447724,54.421875,2.038360359069209,0.381796875,1.4300124999671586,1.904765625,7.134261256742231,10.850836256709387,1578,,,0.2455934884800414,Information
616402,11260.0,9681.142657,SUR,Suriname,Sipaliwini,1.079633709,0.0,0.65,0.49,11260.0,,,,,,,,,,,,,,,,,,,,,,,,,1.695277969793452,21.592674180000003,0.0,,278.062,2.872,58.562,0.605,0.0,0.0,0.0,0.0,0.58562,0.605,0.0,0.0,0.0,0.0,1.19062,1.125,0.0116205291034529,23.34375,0.2411259788966493,0.016875,0.0174307936551793,0.81703125,0.8439409261382725,1.695277969793452,507,,,6.301995897661708e-05,Information
616403,11261.0,7554.57295,SUR,Suriname,Sipaliwini,3.214641664,0.0,0.65,0.49,11261.0,,,,,,,,,,,,,,,,,,,,,,,,,8.884890762484263,64.29283328,0.0,,80.375,1.064,40.125,0.531,1.312,0.017,2.0,0.026,0.40125,0.531,0.01968,0.0255,0.05,0.065,1.09243,28.828125,0.3815983404042934,96.890625,1.282542714822235,0.432421875,0.5723975106064401,3.391171875,4.488899501877823,8.884890762484263,714,,,0.0821128270657957,Information
616404,11262.0,10073.60365,SUR,Suriname,Sipaliwini,4.038388299,0.0,0.65,0.49,11262.0,,,,,,,,,,,,,,,,,,,,,,,,,0.5772583733198497,80.76776598000001,0.0,,95.25,0.946,21.688,0.215,0.062,0.001,0.062,0.001,0.21688,0.215,0.0009299999999999,0.0015,0.00155,0.0025,0.4383599999999999,4.21875,0.0418792533960946,6.46875,0.0642148552073451,0.06328125,0.0628188800941419,0.22640625,0.2247519932257078,0.5772583733198497,0,,,0.0002274022796617,Information
616407,11265.0,8896.396862,SUR,Suriname,Sipaliwini,3.101810116,0.0,0.65,0.49,11265.0,,,,,,,,,,,,,,,,,,,,,,,,,1.9937865349620627,62.03620232,0.0,,51.938,0.584,9.938,0.112,0.0,0.0,0.0,0.0,0.09938,0.112,0.0,0.0,0.0,0.0,0.21138,3.515625,0.0395174029948338,25.3125,0.2845253015628034,0.052734375,0.0592761044922506,0.8859375,0.995838555469812,1.9937865349620627,0,,,0.001606456074763,Information
616409,11267.0,5415.827184,SUR,Suriname,Sipaliwini,1.020761559,0.0,0.65,0.49,11267.0,,,,,,,,,,,,,,,,,,,,,,,,,0.38825,20.415231180000003,0.0,,50.875,0.939,13.625,0.252,0.0,0.0,0.0,0.0,0.13625,0.252,0.0,0.0,0.0,0.0,0.38825,0.984375,0.0181758938494691,1.265625,0.0233690063778889,0.014765625,0.0272638407742036,0.044296875,0.0817915223226111,0.1681178630968147,842,,,5.1054931344496185e-08,Information
616501,11268.0,2643.410507,SUR,Suriname,Nickerie,3.785161097,4.067165217,0.65,0.49,11268.0,,,,,,,,,,,,,,,,,,,,,,,,,10.250549081515778,75.70322194,81.34330434,,49.062,1.856,45.688,1.728,0.625,0.024,0.25,0.009,0.45688,1.728,0.009375,0.036,0.00625,0.0225,2.259005,27.703125,1.0480069186736276,49.359375,1.867261058144382,0.415546875,1.5720103780104413,1.727578125,6.535413703505337,10.250549081515778,824,,,0.2746285136344724,Information
616502,11269.0,10008.22943,SUR,Suriname,Sipaliwini,4.09672668,4.008012678,0.65,0.49,11269.0,,,,,,,,,,,,,,,,,,,,,,,,,30.00125416648312,81.9345336,80.16025356,3.0,143.875,1.438,90.25,0.902,0.0,0.0,0.0,0.0,0.9025,0.902,0.0,0.0,0.0,0.0,1.8045,192.9375,1.9277885399348584,346.078125,3.457935566165952,2.8940625,2.891682809902288,12.112734375,12.102774481580832,30.00125416648312,24629,1992.0,8.09,0.6940057331068314,Watch
616503,11270.0,1840.636823,SUR,Suriname,Coronie,4.084174604,2.374265804,0.65,0.49,11270.0,,,,,,,,,,,,,,,,,,,,,,,,,46.54294883831758,81.68349208000001,47.48531608,3.0,11.688,0.635,10.25,0.557,0.0,0.0,0.125,0.007,0.1025,0.557,0.0,0.0,0.003125,0.0175,0.6801250000000001,50.203125,2.727486725545053,191.390625,10.398065639963072,0.753046875,4.091230088317579,6.698671875,35.0,46.54294883831758,18981,1116.0,5.88,0.824479706603372,Warning
616504,11271.0,21251.69037,SUR,Suriname,Sipaliwini,4.027174807,0.0,0.65,0.49,11271.0,,,,,,,,,,,,,,,,,,,,,,,,,6.871837954151912,80.54349614,0.0,,143.188,0.674,65.5,0.308,0.25,0.001,0.188,0.001,0.655,0.308,0.00375,0.0015,0.0046999999999999,0.0025,0.97545,39.515625,0.1859410912930145,116.578125,0.5485593049178258,0.592734375,0.2789116369395217,4.080234375,1.9199575672123903,6.871837954151912,1141,,,0.1489958421668865,Information
616506,11273.0,9475.031384,SUR,Suriname,Sipaliwini,4.02623534,0.0,0.65,0.49,11273.0,,,,,,,,,,,,,,,,,,,,,,,,,5.66954696195462,80.5247068,0.0,,42.625,0.45,13.75,0.145,0.0,0.0,0.0,0.0,0.1375,0.145,0.0,0.0,0.0,0.0,0.2825,24.75,0.2612128551129304,68.203125,0.719819515510064,0.37125,0.3918192826693956,2.387109375,2.519368304285224,5.66954696195462,124542,,,0.1085944779190705,Information
616507,11274.0,474.0211499,SUR,Suriname,Saramacca,4.024816499,3.254059146,0.65,0.49,11274.0,,,,,,,,,,,,,,,,,,,,,,,,,11.450270714507184,80.49632998,65.08118292,,3.438,0.725,3.25,0.686,0.0,0.0,0.188,0.04,0.0325,0.686,0.0,0.0,0.0046999999999999,0.1,0.8232,2.390625,0.5043287626095582,13.78125,2.9073069844550994,0.035859375,0.7564931439143372,0.48234375,10.175574445592847,11.450270714507184,46085,,,0.2971589618449452,Information
616508,11275.0,16854.20799,SUR,Suriname,Sipaliwini,3.805120259,3.064860467,0.65,0.49,11275.0,,,,,,,,,,,,,,,,,,,,,,,,,11.945819497945298,76.10240518,61.29720934,,241.5,1.433,128.688,0.764,10.062,0.06,4.562,0.027,1.2868799999999998,0.764,0.15093,0.09,0.11405,0.0675,2.47336,80.15625,0.4755859786324335,179.859375,1.067148187141899,1.20234375,0.7133789679486503,6.295078125,3.735018654996647,11.945819497945298,333822,,,0.2440303996496872,Information
616509,11276.0,7917.184664,SUR,Suriname,Marowijne,4.085244346,3.202077011,0.65,0.49,11276.0,,,,,,,,,,,,,,,,,,,,,,,,,12.425874347755991,81.70488691999999,64.04154022,,70.0,0.884,31.0,0.392,1.688,0.021,0.125,0.002,0.31,0.392,0.02532,0.0315,0.003125,0.005,0.766945,55.96875,0.706927429032369,132.890625,1.678508594059268,0.83953125,1.0603911435485536,4.651171875,5.874780079207438,12.425874347755991,50865,,,0.3494325041316946,Information
616605,11281.0,1549.673876,SUR,Suriname,Sipaliwini,4.050384459,0.0,0.65,0.49,11281.0,,,,,,,,,,,,,,,,,,,,,,,,,5.392340698906093,81.00768918,0.0,,13.625,0.879,10.75,0.694,0.0,0.0,0.438,0.028,0.1075,0.694,0.0,0.0,0.01095,0.07,0.88245,3.9375,0.2540857183078145,18.984375,1.225056141841249,0.0590625,0.3811285774617218,0.664453125,4.287696496444371,5.392340698906093,1097,,,0.104005297298176,Information
616606,11282.0,2948.609747,SUR,Suriname,Sipaliwini,2.167739052,0.0,0.65,0.49,11282.0,,,,,,,,,,,,,,,,,,,,,,,,,0.95812,43.35478104,0.0,,46.938,1.592,21.812,0.74,0.0,0.0,0.0,0.0,0.21812,0.74,0.0,0.0,0.0,0.0,0.95812,,,,,,,,,,0,,,2.255761635376473e-05,Information
616607,11283.0,5225.183519,SUR,Suriname,Sipaliwini,3.670020609,0.0,0.65,0.49,11283.0,,,,,,,,,,,,,,,,,,,,,,,,,1.7209680737564188,73.40041217999999,0.0,,17.562,0.336,6.812,0.13,0.25,0.005,0.188,0.004,0.06812,0.13,0.00375,0.0075,0.0046999999999999,0.01,0.22407,0.0,0.0,16.875,0.3229551639304054,0.0,0.0,0.590625,1.1303430737564188,1.7209680737564188,802,,,0.0030906215262185,Information
616608,11284.0,4973.591652,SUR,Suriname,Sipaliwini,3.700043127,0.0,0.65,0.49,11284.0,,,,,,,,,,,,,,,,,,,,,,,,,0.29775,74.00086254,0.0,,22.875,0.46,9.875,0.199,0.0,0.0,0.0,0.0,0.09875,0.199,0.0,0.0,0.0,0.0,0.29775,,,,,,,,,,0,,,3.918952276493056e-06,Information
616609,11285.0,5173.848385,SUR,Suriname,Sipaliwini,4.005151151,0.0,0.65,0.49,11285.0,,,,,,,,,,,,,,,,,,,,,,,,,0.499,80.10302302,0.0,,78.562,1.518,17.0,0.329,0.0,0.0,0.0,0.0,0.17,0.329,0.0,0.0,0.0,0.0,0.499,0.0,0.0,1.96875,0.0380519461218391,0.0,0.0,0.06890625,0.1331818114264368,0.2020880614264368,0,,,0.0001140298357053,Information
616601,11277.0,4439.376736,GUF,French Guiana,Saint-Laurent-du-Maroni,4.071939598,0.0,-9999.0,0.6,11277.0,11277.0,0.0,6.0,3.0,-9999.0,-9999.0,0.0,5.0,0.3,-999.9,-999.9,-3989.0,0.0,0.0,0.0,0.0,0.0,0.0,0.0,0.0,0.0,0.0,0.0,-3989.0,5.852336258953719,81.43879196,0.0,,30.125,0.679,19.0,0.428,5.062,0.114,1.75,0.039,0.19,0.428,0.07593,0.171,0.04375,0.0975,1.00618,16.59375,0.3737855781997177,44.296875,0.997817433329755,0.24890625,0.5606783672995765,1.550390625,3.492361016654143,5.852336258953719,94779,,,0.1242023546498881,Information
616603,11279.0,2654.893283,GUF,French Guiana,Saint-Laurent-du-Maroni,4.008151359,0.0,-9999.0,0.6,11279.0,,,,,,,,,,,,,,,,,,,,,,,,,4.058710745985785,80.16302718,0.0,,10.188,0.384,6.75,0.254,0.938,0.035,0.5,0.019,0.0675,0.254,0.01407,0.0525,0.0125,0.0475,0.44807,8.859375,0.3336998536285788,20.53125,0.7733361687265476,0.132890625,0.5005497804428682,0.71859375,2.7066765905429166,4.058710745985785,1142,,,0.056292326945719,Information
616604,11280.0,37780.80201,GUF,French Guiana,Saint-Laurent-du-Maroni,4.146154681,0.0,-9999.0,0.6,11280.0,,,,,,,,,,,,,,,,,,,,,,,,,2.194623157200652,82.92309361999999,0.0,,106.688,0.282,48.188,0.128,0.438,0.001,0.125,0.0,0.48188,0.128,0.00657,0.0015,0.003125,0.0,0.6210749999999999,6.75,0.0178662168116947,46.6875,0.1235746662808886,0.10125,0.026799325217542,1.6340625,0.4325113319831101,2.194623157200652,37065,,,0.0200986015375097,Information
616701,11286.0,232.4050398,GUF,French Guiana,Saint-Laurent-du-Maroni,4.050945848,4.006630934,-9999.0,0.6,11286.0,,,,,,,,,,,,,,,,,,,,,,,,,5.293718353787738,81.01891695999998,80.13261868000001,,0.562,0.242,0.5,0.215,0.0,0.0,0.0,0.0,0.005,0.215,0.0,0.0,0.0,0.0,0.22,1.125,0.4840686763778,2.953125,1.2706802754917252,0.016875,0.7261030145667,0.103359375,4.447380964221038,5.293718353787738,2870,,,0.1008149015359946,Information
616702,11287.0,12226.33663,GUF,French Guiana,Saint-Laurent-du-Maroni,4.290295414,4.086587094,-9999.0,0.6,11287.0,,,,,,,,,,,,,,,,,,,,,,,,,2.789066212748998,85.80590828,81.73174188000002,,5.125,0.042,4.062,0.033,1.562,0.013,0.875,0.007,0.04062,0.033,0.02343,0.0195,0.021875,0.0175,0.1559249999999999,18.28125,0.1495235290168375,36.0,0.2944463340639262,0.27421875,0.2242852935252562,1.26,1.0305621692237417,2.789066212748998,11757,,,0.051855918224571,Information
616703,11288.0,3278.27993,GUF,French Guiana,Cayenne,4.339870294,4.013714967,-9999.0,0.6,11288.0,,,,,,,,,,,,,,,,,,,,,,,,,3.098540808877771,86.79740588,80.27429934,,5.438,0.166,2.812,0.086,1.312,0.04,1.062,0.032,0.02812,0.086,0.01968,0.06,0.02655,0.08,0.30035,10.96875,0.334588571861151,17.15625,0.5233308431674413,0.16453125,0.5018828577917265,0.60046875,1.8316579510860445,3.098540808877771,10034,,,0.0736015060963763,Information
616705,11290.0,8524.094105,GUF,French Guiana,Cayenne,4.046564569,2.487279087,-9999.0,0.6,11290.0,,,,,,,,,,,,,,,,,,,,,,,,,6.533696835803431,80.93129138,49.745581740000006,,18.562,0.218,12.188,0.143,0.0,0.0,0.0,0.0,0.12188,0.143,0.0,0.0,0.0,0.0,0.26488,4.21875,0.0494920627100574,84.09375,0.9865417833538128,0.06328125,0.0742380940650861,2.94328125,3.452896241738345,6.533696835803431,190586,,,0.1420676775315107,Information
616707,11292.0,2366.453556,GUF,French Guiana,Cayenne,4.049997331,0.0,-9999.0,0.6,11292.0,,,,,,,,,,,,,,,,,,,,,,,,,3.4979747762151443,80.99994662,0.0,,2.625,0.111,1.812,0.077,0.312,0.013,0.188,0.008,0.01812,0.077,0.00468,0.0195,0.0046999999999999,0.02,0.144,0.0,0.0,19.125,0.8081713646328983,0.0,0.0,0.669375,2.828599776215144,3.4979747762151443,542,,,0.0452984319789032,Information
616708,11293.0,26156.16293,GUF,French Guiana,Cayenne,4.089180263,4.005499975,-9999.0,0.6,11293.0,11293.0,0.0,6.0,-9999.0,-9999.0,-9999.0,0.0,5.0,-999.9,-999.9,-999.9,-5989.4,0.0,0.0,0.0,0.0,0.0,0.0,0.0,0.0,0.0,0.0,0.0,-5989.4,3.788634200657798,81.78360526,80.1099995,,34.688,0.133,20.25,0.077,0.0,0.0,0.0,0.0,0.2025,0.077,0.0,0.0,0.0,0.0,0.2795,13.078125,0.0500001664500642,72.703125,0.2779579145664863,0.196171875,0.0750002496750963,2.544609375,0.972852700982702,3.788634200657798,33107,,,0.0581707587544347,Information
616709,11294.0,28098.06133,BRA,Brazil,Amapá,4.026420419,4.005421466,0.63,0.51,11294.0,,,,,,,,,,,,,,,,,,,,,,,,,56.864765686223855,80.52840838,80.10842932,3.0,331.375,1.179,199.438,0.71,3.312,0.012,3.438,0.012,1.99438,0.71,0.04968,0.018,0.08595,0.03,2.888009999999999,96.046875,0.3418274088881347,1598.484375,5.6889489851119,1.440703125,0.512741113332202,35.0,19.91132144789165,56.864765686223855,21791,210.0,0.96,0.8580769473718752,Warning
616801,11295.0,3304.237023,BRA,Brazil,Amapá,4.044640361,3.269262958,0.63,0.51,11295.0,,,,,,,,,,,,,,,,,,,,,,,,,33.32174856761984,80.89280722,65.38525916,3.0,56.625,1.714,21.312,0.645,0.062,0.002,0.0,0.0,0.21312,0.645,0.0009299999999999,0.003,0.0,0.0,0.86205,25.734375,0.7788295699446781,225.421875,6.822206560772235,0.386015625,1.1682443549170172,7.889765625,23.877722962702823,33.32174856761984,397,330.0,83.12,0.7109442846550031,Watch
616802,11296.0,3665.568779,BRA,Brazil,Amapá,3.798322777,0.0,0.63,0.51,11296.0,,,,,,,,,,,,,,,,,,,,,,,,,9.06712162459503,75.96645554,0.0,,39.188,1.069,10.562,0.288,0.062,0.002,0.0,0.0,0.1056199999999999,0.288,0.0009299999999999,0.003,0.0,0.0,0.3975499999999999,5.625,0.1534550390192548,67.078125,1.8299513403046137,0.084375,0.2301825585288822,2.347734375,6.404829691066148,9.06712162459503,17391,,,0.1648308107669898,Information
616803,11297.0,5013.963277,BRA,Brazil,Amapá,4.043507533,0.0,0.63,0.51,11297.0,11297.0,1.0,1.0,100.0,-9999.0,-9999.0,3.0,10.0,10.0,-999.9,-999.9,-3953.6,0.0,0.0,0.0,0.0,0.0,0.0,0.0,0.0,0.0,0.0,0.0,-3953.6,13.279128430497837,80.87015066,0.0,,61.375,1.224,27.25,0.543,1.562,0.031,0.625,0.012,0.2725,0.543,0.02343,0.0465,0.015625,0.03,0.931055,9.84375,0.1963267270920718,122.484375,2.4428654185313503,0.14765625,0.2944900906381077,4.286953125,8.550028964859726,13.279128430497837,29440,,,0.3575346543986184,Advisory
616804,11298.0,15483.27749,BRA,Brazil,Amapá,4.00022608,0.0,0.63,0.51,11298.0,,,,,,,,,,,,,,,,,,,,,,,,,2.302915497158961,80.0045216,0.0,,71.875,0.464,34.688,0.224,0.0,0.0,0.0,0.0,0.34688,0.224,0.0,0.0,0.0,0.0,0.57088,8.296875,0.0535860382737474,36.421875,0.2352336256423829,0.124453125,0.0803790574106211,1.274765625,0.8233176897483402,2.302915497158961,170,,,0.0153349192797774,Information
616807,11301.0,4487.09564,BRA,Brazil,Amapá,4.006070687,0.0,0.63,0.51,11301.0,11301.0,0.0,1.0,2.0,-9999.0,-9999.0,0.0,10.0,0.2,-999.9,-999.9,-3979.2,0.0,0.0,0.0,0.0,0.0,0.0,0.0,0.0,0.0,0.0,0.0,-3979.2,0.29425,80.12141374000001,0.0,,25.438,0.567,9.125,0.203,0.0,0.0,0.0,0.0,0.09125,0.203,0.0,0.0,0.0,0.0,0.29425,0.0,0.0,1.546875,0.0344738584646452,0.0,0.0,0.054140625,0.1206585046262582,0.1747991296262582,33163,,,1.2601804602491689e-05,Information
616900,11304.0,744.1975435,BRA,Brazil,Amapá,4.02869452,3.290708872,0.63,0.51,11304.0,,,,,,,,,,,,,,,,,,,,,,,,,15.348646490034309,80.57389040000001,65.81417744000001,,12.312,1.654,7.5,1.008,0.0,0.0,0.0,0.0,0.075,1.008,0.0,0.0,0.0,0.0,1.083,0.0,0.0,30.375,4.081577568581231,0.0,0.0,1.063125,14.28552149003431,15.348646490034309,1662,,,0.4068751363056368,Advisory
621000,11305.0,5425.709919,BRA,Brazil,Pará,4.041846447,4.008531882,0.63,0.51,11305.0,,,,,,,,,,,,,,,,,,,,,,,,,28.956070720019248,80.83692894,80.17063764,3.0,74.938,1.381,51.812,0.955,5.562,0.103,2.375,0.044,0.51812,0.955,0.08343,0.1545,0.059375,0.1099999999999999,1.880425,105.75,1.9490537012708973,245.671875,4.527921298032258,1.58625,2.923580551906346,8.598515625,15.847724543112902,28.956070720019248,5097,0.0,0.0,0.6601215316932018,Watch
621001,11306.0,6765.374925,BRA,Brazil,Amapá,3.418317842,1.490758428,0.63,0.51,11306.0,,,,,,,,,,,,,,,,,,,,,,,,,41.79727615098942,68.36635684,29.81516856,3.0,57.312,0.847,41.938,0.62,6.875,0.102,1.5,0.022,0.41938,0.62,0.103125,0.153,0.0375,0.0549999999999999,1.388005,100.6875,1.4882767195354698,438.75,6.485228163338919,1.5103125,2.2324150793032045,15.35625,22.698298571686216,41.79727615098942,671431,13240.0,1.97,0.6097279167548425,Watch
621002,11307.0,2492.696176,BRA,Brazil,Amapá,4.025863977,0.0,0.63,0.51,11307.0,,,,,,,,,,,,,,,,,,,,,,,,,10.102923471196032,80.51727954,0.0,,21.5,0.863,10.375,0.416,0.562,0.023,0.188,0.008,0.10375,0.416,0.00843,0.0345,0.0046999999999999,0.02,0.58738,38.25,1.5344830374365688,41.203125,1.6529541542974802,0.57375,2.301724556154853,1.442109375,5.78533954004118,10.102923471196032,11806,,,0.2556859178409406,Information
621003,11308.0,59.01285359,BRA,Brazil,Amapá,2.848367949,4.034580599,0.63,0.51,11308.0,,,,,,,,,,,,,,,,,,,,,,,,,18.36887,56.96735898,80.69161198,,6.25,10.591,6.062,10.273,2.625,4.448,0.375,0.635,0.06062,10.0,0.039375,6.672000000000001,0.009375,1.5875,18.36887,0.5625,0.9531821727008324,2.109375,3.5744331476281213,0.0084375,1.4297732590512486,0.073828125,12.510516016698425,14.022554900749672,3779,,,0.4801081190667758,Advisory
621004,11309.0,5395.928616,BRA,Brazil,Amapá,4.001371087,1.068481349,0.63,0.51,11309.0,,,,,,,,,,,,,,,,,,,,,,,,,9.15224239734471,80.02742174,21.36962698,,30.625,0.568,17.125,0.317,0.562,0.01,0.062,0.001,0.17125,0.317,0.00843,0.015,0.00155,0.0025,0.51573,55.6875,1.0320281080002214,67.78125,1.2561554243841078,0.8353125,1.548042162000332,2.37234375,4.396543985344377,9.15224239734471,6664,,,0.2175891125880177,Information
621005,11310.0,1460.892422,BRA,Brazil,Amapá,4.025493655,3.025233864,0.63,0.51,11310.0,,,,,,,,,,,,,,,,,,,,,,,,,15.90293858601606,80.5098731,60.50467728,,37.25,2.55,25.062,1.716,4.0,0.274,1.312,0.09,0.25062,1.716,0.06,0.411,0.0328,0.2249999999999999,2.69542,6.1875,0.423542480253005,55.265625,3.7830044258961584,0.0928125,0.6353137203795075,1.934296875,13.240515490636554,15.90293858601606,9275,,,0.4194095916139548,Advisory
621006,11311.0,3564.55503,BRA,Brazil,Amapá,4.034448415,0.0,0.63,0.51,11311.0,11311.0,1.0,1.0,100.0,-9999.0,-9999.0,3.0,10.0,10.0,-999.9,-999.9,-3953.6,0.0,0.0,0.0,0.0,0.0,0.0,0.0,0.0,0.0,0.0,0.0,-3953.6,15.526920821871942,80.6889683,0.0,,34.125,0.957,24.125,0.677,0.062,0.002,0.0,0.0,0.24125,0.677,0.0009299999999999,0.003,0.0,0.0,0.92218,0.0,0.0,116.578125,3.270481841963412,0.0,0.0,4.080234375,11.446686446871942,15.526920821871942,3102,,,0.4136751395262175,Advisory
621007,11312.0,636.5695589,BRA,Brazil,Pará,2.46396572,4.020139248,0.63,0.51,11312.0,11312.0,1.0,2.0,100.0,-9999.0,-9999.0,3.0,9.0,10.0,-999.9,-999.9,-3955.6,0.0,0.0,0.0,0.0,0.0,0.0,0.0,0.0,0.0,0.0,0.0,-3955.6,25.50633628035648,49.2793144,80.40278496,3.0,20.75,3.26,15.312,2.405,2.812,0.442,0.75,0.118,0.15312,2.405,0.04218,0.663,0.01875,0.295,3.57705,14.484375,2.275379775450684,37.40625,5.876223497765844,0.217265625,3.4130696631760262,1.30921875,20.56678224218045,25.50633628035648,0,0.0,0.0,0.6039325842343961,Watch
621008,11313.0,8442.935634,BRA,Brazil,Amapá,3.877165775,0.0,0.63,0.51,11313.0,11313.0,1.0,2.0,100.0,-9999.0,-9999.0,3.0,9.0,10.0,-999.9,-999.9,-3954.2666666666655,0.0,0.0,0.0,0.0,0.0,0.0,0.0,0.0,0.0,0.0,0.0,-3954.2666666666655,25.163007278639206,77.5433155,0.0,,217.688,2.578,120.0,1.421,36.875,0.437,5.625,0.067,1.2,1.421,0.553125,0.6555,0.140625,0.1675,4.1377500000000005,26.71875,0.3164627939561067,317.671875,3.7625760607728695,0.40078125,0.4746941909341601,11.118515625,13.169016212705044,25.163007278639206,6379,,,0.5452965314419668,Advisory
621009,11314.0,3193.136061,BRA,Brazil,Pará,4.026232838,3.984132345,0.63,0.51,11314.0,,,,,,,,,,,,,,,,,,,,,,,,,23.601144912825603,80.52465676,79.6826469,,106.312,3.329,73.688,2.308,15.0,0.47,6.5,0.204,0.73688,2.308,0.225,0.705,0.1625,0.51,4.64738,55.96875,1.7527831241517948,139.21875,4.359937921885118,0.83953125,2.6291746862276923,4.87265625,15.259782726597912,23.601144912825603,0,,,0.576186081388984,Advisory
622100,11315.0,6455.04031,BRA,Brazil,Pará,4.044219076,3.281948441,0.63,0.51,11315.0,,,,,,,,,,,,,,,,,,,,,,,,,12.525221879214548,80.88438152,65.63896882,,123.125,1.907,61.688,0.956,9.188,0.142,2.062,0.032,0.61688,0.956,0.13782,0.2129999999999999,0.0515499999999999,0.08,2.05525,25.03125,0.3877783684888922,129.65625,2.00860480756606,0.37546875,0.5816675527333383,4.53796875,7.030116826481209,12.525221879214548,24211,,,0.3362346908190745,Information
622211,11316.0,2896.552171,BRA,Brazil,Pará,4.057823132,0.0,0.63,0.51,11316.0,,,,,,,,,,,,,,,,,,,,,,,,,12.741460530920916,81.15646264,0.0,,29.375,1.014,23.062,0.796,0.438,0.015,0.062,0.002,0.23062,0.796,0.00657,0.0225,0.00155,0.005,1.06224,3.09375,0.106808019253199,80.4375,2.777008500583176,0.04640625,0.1602120288797985,2.8153125,9.719529752041115,12.741460530920916,31276,,,0.347784525367677,Information
622212,11317.0,16763.50028,BRA,Brazil,Pará,3.245835701,0.0,0.63,0.51,11317.0,,,,,,,,,,,,,,,,,,,,,,,,,16.180623914802794,64.91671402,0.0,,103.0,0.614,49.875,0.298,1.312,0.008,0.188,0.001,0.49875,0.298,0.01968,0.012,0.0046999999999999,0.0025,0.8356300000000001,47.953125,0.2860567554041562,269.015625,1.6047700090561603,0.719296875,0.4290851331062343,9.415546875,5.616695031696561,16.180623914802794,39157,,,0.2194919006180659,Information
622213,11318.0,625.7126894,BRA,Brazil,Pará,4.038507564,0.0,0.63,0.51,11318.0,,,,,,,,,,,,,,,,,,,,,,,,,14.029865663235435,80.77015128,0.0,,3.812,0.609,3.125,0.499,0.375,0.06,0.188,0.03,0.03125,0.499,0.005625,0.09,0.0046999999999999,0.075,0.705575,0.28125,0.0449487448110142,23.484375,3.75322019171969,0.00421875,0.0674231172165213,0.821953125,13.136270671018917,14.029865663235435,1225,,,0.3762762906434738,Advisory
622214,11319.0,3000.217399,BRA,Brazil,Pará,0.952618947,0.0,0.63,0.51,11319.0,,,,,,,,,,,,,,,,,,,,,,,,,3.2630212364700286,19.05237894,0.0,,13.688,0.456,9.0,0.3,0.438,0.015,0.188,0.006,0.09,0.3,0.00657,0.0225,0.0046999999999999,0.015,0.43877,3.9375,0.131240489488629,19.828125,0.6608896077820244,0.0590625,0.1968607342329434,0.693984375,2.3131136272370854,3.2630212364700286,915,,,0.0006610273722815,Information
622215,11320.0,8238.175822,BRA,Brazil,Pará,1.295915084,0.0,0.63,0.51,11320.0,,,,,,,,,,,,,,,,,,,,,,,,,7.968342829689043,25.91830168,0.0,,149.375,1.813,79.0,0.959,28.25,0.343,5.938,0.072,0.79,0.959,0.42375,0.5145000000000001,0.14845,0.18,3.0157000000000003,33.890625,0.4113850654737486,88.3125,1.0719909589938343,0.508359375,0.6170775982106229,3.0909375,3.75196835647842,7.968342829689043,29201,,,0.0128839496613799,Information
622216,11321.0,25812.12191,BRA,Brazil,Pará,2.139483061,0.0,0.63,0.51,11321.0,11321.0,0.0,1.0,-9999.0,-9999.0,-9999.0,0.0,10.0,-999.9,-999.9,-999.9,-5979.4,0.0,0.0,0.0,0.0,0.0,0.0,0.0,0.0,0.0,0.0,0.0,-5979.4,1.44981,42.78966122,0.0,,339.625,1.316,93.938,0.364,7.062,0.027,0.0,0.0,0.93938,0.364,0.10593,0.0405,0.0,0.0,1.44981,3.234375,0.0125304498829137,8.296875,0.0321433279605178,0.048515625,0.0187956748243705,0.290390625,0.1125016478618122,0.4702035726861828,24456,,,0.0001187840590689,Information
622217,11322.0,57.48026657,BRA,Brazil,Pará,3.699648939,0.0,0.63,0.51,11322.0,,,,,,,,,,,,,,,,,,,,,,,,,21.927295000000004,73.99297878,0.0,,6.438,11.199,4.312,7.503,5.375,9.351,0.062,0.109,0.04312,7.503,0.080625,14.026500000000002,0.00155,0.2725,21.927295000000004,0.140625,0.2446491785850251,0.421875,0.7339475357550754,0.002109375,0.3669737678775376,0.014765625,2.568816375142764,2.952665143020301,0,,,0.4322556469734403,Advisory
622218,11323.0,2193.839162,BRA,Brazil,Pará,2.161923869,0.0,0.63,0.51,11323.0,,,,,,,,,,,,,,,,,,,,,,,,,0.320495,43.238477380000006,0.0,,15.188,0.692,5.562,0.254,0.125,0.006,0.0,0.0,0.05562,0.254,0.001875,0.009,0.0,0.0,0.320495,,,,,,,,,,0,,,1.1289386401561725e-07,Information
622219,11324.0,7941.119904,BRA,Brazil,Pará,4.023693289,0.0,0.63,0.51,11324.0,11324.0,0.0,1.0,-9999.0,-9999.0,-9999.0,0.0,10.0,-999.9,-999.9,-999.9,-5979.4,0.0,0.0,0.0,0.0,0.0,0.0,0.0,0.0,0.0,0.0,0.0,-5979.4,12.773514256767337,80.47386578,0.0,,179.25,2.257,95.75,1.206,32.562,0.41,5.562,0.07,0.9575,1.206,0.48843,0.615,0.13905,0.175,3.5809800000000003,28.125,0.3541691894922191,149.484375,1.8824092421511445,0.421875,0.5312537842383287,5.231953125,6.588432347529006,12.773514256767337,112702,,,0.3356443680580024,Information
622221,11325.0,8853.009835,BRA,Brazil,Pará,2.160914585,0.0,0.63,0.51,11325.0,,,,,,,,,,,,,,,,,,,,,,,,,2.782545,43.2182917,0.0,,334.25,3.776,110.562,1.249,9.125,0.103,2.562,0.029,1.10562,1.249,0.136875,0.1545,0.06405,0.0725,2.782545,8.15625,0.0921296841599123,26.4375,0.2986272521045436,0.12234375,0.1381945262398684,0.9253125,1.0451953823659026,2.231046158605772,0,,,0.0012813073345492,Information
622222,11326.0,8704.331777,BRA,Brazil,Pará,1.554946555,0.0,0.63,0.51,11326.0,,,,,,,,,,,,,,,,,,,,,,,,,1.547625,31.0989311,0.0,,312.0,3.584,71.5,0.821,0.375,0.004,0.0,0.0,0.715,0.821,0.005625,0.006,0.0,0.0,1.547625,7.453125,0.0856254700687799,7.453125,0.0856254700687799,0.111796875,0.1284382051031698,0.260859375,0.2996891452407296,0.8007836003438995,0,,,7.353951351839869e-05,Information
622223,11327.0,10295.31501,BRA,Brazil,Pará,3.706112479,0.0,0.63,0.51,11327.0,11327.0,0.0,1.0,-9999.0,-9999.0,-9999.0,0.0,10.0,-999.9,-999.9,-999.9,-5979.4,0.0,0.0,0.0,0.0,0.0,0.0,0.0,0.0,0.0,0.0,0.0,-5979.4,3.22362,74.12224958,0.0,,474.5,4.609,143.812,1.397,7.125,0.069,3.625,0.035,1.43812,1.397,0.106875,0.1035,0.090625,0.0875,3.22362,1.125,0.0109273004142662,11.390625,0.1106389166944457,0.016875,0.0163909506213993,0.398671875,0.3872362084305599,0.8191740340519593,0,,,0.0186311457812428,Information
622224,11328.0,8478.50493,BRA,Brazil,Pará,1.137495879,0.0,0.63,0.51,11328.0,,,,,,,,,,,,,,,,,,,,,,,,,1.66,22.74991758,0.0,,272.312,3.212,75.375,0.889,0.375,0.004,0.125,0.001,0.75375,0.889,0.005625,0.006,0.003125,0.0025,1.66,,,,,,,,,,350,,,6.145945236530287e-05,Information
622225,11329.0,3268.723273,BRA,Brazil,Pará,4.028214517,0.0,0.63,0.51,11329.0,,,,,,,,,,,,,,,,,,,,,,,,,2.513375,80.56429034000001,0.0,,234.688,7.18,51.875,1.587,3.375,0.103,2.0,0.061,0.51875,1.587,0.050625,0.1545,0.05,0.1525,2.513375,0.84375,0.0258128305591525,2.8125,0.0860427685305083,0.01265625,0.0387192458387287,0.0984375,0.301149689856779,0.4509626856955078,0,,,0.0204035033932833,Information
622226,11330.0,37194.66628,BRA,Brazil,Pará,3.434275657,0.0,0.63,0.51,11330.0,11330.0,0.0,1.0,-9999.0,-9999.0,-9999.0,0.0,10.0,-999.9,-999.9,-999.9,-5979.4,0.0,0.0,0.0,0.0,0.0,0.0,0.0,0.0,0.0,0.0,0.0,-5979.4,1.809555,68.68551314,0.0,,737.188,1.982,134.438,0.361,2.875,0.008,1.562,0.004,1.34438,0.361,0.043125,0.012,0.03905,0.01,1.809555,8.15625,0.0219285473307837,33.890625,0.0911168949434289,0.12234375,0.0328928209961755,1.186171875,0.3189091323020011,1.660317578298177,12802,,,0.0021790993595354,Information
622227,11331.0,43550.69347,BRA,Brazil,Pará,4.001177528,0.0,0.63,0.51,11331.0,11331.0,0.0,1.0,-9999.0,-9999.0,-9999.0,0.0,10.0,-999.9,-999.9,-999.9,-5979.4,0.0,0.0,0.0,0.0,0.0,0.0,0.0,0.0,0.0,0.0,0.0,-5979.4,2.2121900000000005,80.02355056,0.0,,716.812,1.646,152.812,0.351,11.438,0.026,4.0,0.009,1.52812,0.351,0.17157,0.039,0.1,0.0225,2.2121900000000005,10.6875,0.0245403669823204,38.390625,0.0881515813970194,0.1603125,0.0368105504734806,1.343671875,0.3085305348895679,1.849325460363049,571,,,0.0138832015243886,Information
622228,11332.0,10776.88192,BRA,Brazil,Pará,0.633766462,0.0,0.63,0.51,11332.0,,,,,,,,,,,,,,,,,,,,,,,,,0.10375,12.67532924,0.0,,62.438,0.579,5.375,0.05,0.0,0.0,0.0,0.0,0.05375,0.05,0.0,0.0,0.0,0.0,0.10375,,,,,,,,,,0,,,8.17374558125009e-12,Information
622229,11333.0,11549.36733,BRA,Brazil,Pará,1.003738313,0.0,0.63,0.51,11333.0,,,,,,,,,,,,,,,,,,,,,,,,,0.61248,20.07476626,0.0,,227.062,1.966,32.5,0.281,0.062,0.001,0.062,0.001,0.325,0.281,0.0009299999999999,0.0015,0.00155,0.0025,0.61248,0.703125,0.0060879958200992,2.953125,0.0255695824444169,0.010546875,0.0091319937301488,0.103359375,0.0894935385554591,0.2125317822856079,1720,,,5.542458724186526e-07,Information
622231,11334.0,17778.69607,BRA,Brazil,Pará,2.503581551,0.0,0.63,0.51,11334.0,,,,,,,,,,,,,,,,,,,,,,,,,4.0048,50.07163102,0.0,,581.75,3.272,187.5,1.055,30.75,0.173,9.062,0.051,1.875,1.055,0.46125,0.2594999999999999,0.2265499999999999,0.1275,4.0048,3.9375,0.0221472935072032,64.40625,0.3622664437963955,0.0590625,0.0332209402608048,2.25421875,1.2679325532873842,3.614434743548189,0,,,0.0058163366685477,Information
622233,11336.0,854.2282122,BRA,Brazil,Pará,3.150365563,0.0,0.63,0.51,11336.0,,,,,,,,,,,,,,,,,,,,,,,,,1.898875,63.00731126,0.0,,27.25,3.19,11.25,1.317,1.625,0.19,0.5,0.059,0.1125,1.317,0.024375,0.285,0.0125,0.1475,1.898875,0.140625,0.0164622284756185,3.65625,0.4280179403660809,0.002109375,0.0246933427134277,0.12796875,1.4980627912812832,1.652834258994711,0,,,0.0014916246223658,Information
622234,11337.0,3558.977184,BRA,Brazil,Pará,0.365575549,0.0,0.63,0.51,11337.0,,,,,,,,,,,,,,,,,,,,,,,,,1.21657,7.311510979999999,0.0,,98.188,2.759,26.75,0.752,3.438,0.097,0.0,0.0,0.2675,0.752,0.05157,0.1455,0.0,0.0,1.21657,,,,,,,,,,0,,,7.34757851927446e-06,Information
622235,11338.0,4086.375122,BRA,Brazil,Pará,2.093351178,0.0,0.63,0.51,11338.0,,,,,,,,,,,,,,,,,,,,,,,,,1.024875,41.86702355999999,0.0,,79.625,1.949,22.0,0.538,3.25,0.08,1.125,0.028,0.22,0.538,0.04875,0.12,0.028125,0.07,1.024875,0.5625,0.0137652560805686,5.90625,0.1445351888459712,0.0084375,0.0206478841208529,0.20671875,0.5058731609608992,0.7416772950817521,1561,,,2.693577348712136e-05,Information
622236,11339.0,6416.526683,BRA,Brazil,Pará,1.35526051,0.0,0.63,0.51,11339.0,,,,,,,,,,,,,,,,,,,,,,,,,0.35798,27.1052102,0.0,,71.625,1.116,13.75,0.214,0.062,0.001,0.062,0.001,0.1375,0.214,0.0009299999999999,0.0015,0.00155,0.0025,0.35798,,,,,,,,,,40484,,,5.2950609621543334e-08,Information
622237,11340.0,2293.363754,BRA,Brazil,Pará,2.071723884,0.0,0.63,0.51,11340.0,,,,,,,,,,,,,,,,,,,,,,,,,3.89341456680708,41.43447768,0.0,,76.875,3.352,29.688,1.294,4.312,0.188,0.938,0.041,0.29688,1.294,0.06468,0.282,0.02345,0.1025,2.06351,3.796875,0.1655592138021126,19.125,0.8339278917439747,0.056953125,0.2483388207031689,0.669375,2.918747621103912,3.89341456680708,3178,,,0.0033554516410418,Information
622239,11342.0,3687.758355,BRA,Brazil,Pará,1.830490735,0.0,0.63,0.51,11342.0,,,,,,,,,,,,,,,,,,,,,,,,,2.782015967925349,36.6098147,0.0,,70.188,1.903,26.5,0.719,4.875,0.132,2.125,0.058,0.265,0.719,0.073125,0.198,0.053125,0.145,1.4532500000000002,1.40625,0.0381329215370609,20.8125,0.5643672387485023,0.02109375,0.0571993823055913,0.7284375,1.975285335619758,2.782015967925349,12339,,,0.0008856065030835,Information
622241,11343.0,5436.098387,BRA,Brazil,Pará,0.356362361,0.0,0.63,0.51,11343.0,11343.0,0.0,1.0,-9999.0,-9999.0,-9999.0,0.0,10.0,-999.9,-999.9,-999.9,-5979.4,0.0,0.0,0.0,0.0,0.0,0.0,0.0,0.0,0.0,0.0,0.0,-5979.4,1.3297101952682808,7.12724722,0.0,,94.438,1.737,17.25,0.317,0.375,0.007,0.0,0.0,0.1725,0.317,0.005625,0.0105,0.0,0.0,0.505625,0.703125,0.0129343685475717,13.078125,0.2405792549848352,0.010546875,0.0194015528213575,0.457734375,0.8420273924469233,1.3297101952682808,99398,,,1.0867968750723755e-05,Information
622242,11344.0,2935.000847,BRA,Brazil,Pará,0.378409391,0.0,0.63,0.51,11344.0,,,,,,,,,,,,,,,,,,,,,,,,,0.11888,7.568187819999999,0.0,,13.312,0.454,2.688,0.092,0.0,0.0,0.0,0.0,0.02688,0.092,0.0,0.0,0.0,0.0,0.11888,,,,,,,,,,72533,,,1.4058310552962854e-11,Information
622243,11345.0,210.5912907,BRA,Brazil,Pará,2.738113663,0.0,0.63,0.51,11345.0,,,,,,,,,,,,,,,,,,,,,,,,,4.090950947121952,54.76227326,0.0,,1.062,0.505,1.062,0.505,0.062,0.03,0.0,0.0,0.01062,0.505,0.0009299999999999,0.045,0.0,0.0,0.56155,0.703125,0.3338813289268293,2.109375,1.001643986780488,0.010546875,0.500821993390244,0.073828125,3.505753953731708,4.090950947121952,0,,,0.0081271714008784,Information
622244,11346.0,8735.454393,BRA,Brazil,Pará,0.279044338,0.0,0.63,0.51,11346.0,,,,,,,,,,,,,,,,,,,,,,,,,0.29612,5.58088676,0.0,,80.188,0.918,13.812,0.158,0.0,0.0,0.0,0.0,0.13812,0.158,0.0,0.0,0.0,0.0,0.29612,,,,,,,,,,0,,,4.089335931222021e-09,Information
622245,11347.0,2059.214693,BRA,Brazil,Pará,1.64440118,0.0,0.63,0.51,11347.0,,,,,,,,,,,,,,,,,,,,,,,,,1.848827019482966,32.8880236,0.0,,35.062,1.703,4.938,0.24,0.0,0.0,0.0,0.0,0.04938,0.24,0.0,0.0,0.0,0.0,0.2893799999999999,3.65625,0.177555551254152,7.453125,0.3619401621719252,0.05484375,0.266333326881228,0.260859375,1.266790567601738,1.848827019482966,0,,,0.0001641939149023,Information
622246,11348.0,5124.230917,BRA,Brazil,Pará,0.715765244,0.0,0.63,0.51,11348.0,,,,,,,,,,,,,,,,,,,,,,,,,0.36607,14.31530488,0.0,,65.312,1.275,11.0,0.215,0.938,0.018,0.0,0.0,0.11,0.215,0.01407,0.0269999999999999,0.0,0.0,0.36607,,,,,,,,,,4387,,,2.4403199826339983e-08,Information
622247,11349.0,1553.906674,BRA,Brazil,Pará,2.722591578,0.0,0.63,0.51,11349.0,,,,,,,,,,,,,,,,,,,,,,,,,2.0232401192652514,54.45183156,0.0,,18.938,1.219,2.375,0.153,0.312,0.02,0.0,0.0,0.02375,0.153,0.00468,0.03,0.0,0.0,0.2114299999999999,0.421875,0.0271493138645775,7.59375,0.4886876495623958,0.006328125,0.0407239707968662,0.26578125,1.7104067734683852,2.0232401192652514,865,,,0.0009226280064527,Information
622248,11350.0,3599.46558,BRA,Brazil,Pará,0.35962674,0.0,0.63,0.51,11350.0,,,,,,,,,,,,,,,,,,,,,,,,,0.207005,7.1925348,0.0,,52.188,1.45,4.938,0.137,0.375,0.01,0.0,0.0,0.04938,0.137,0.005625,0.015,0.0,0.0,0.207005,,,,,,,,,,9251,,,5.1227034131804e-10,Information
622249,11351.0,14414.68725,BRA,Brazil,Pará,2.432385535,0.0,0.63,0.51,11351.0,,,,,,,,,,,,,,,,,,,,,,,,,0.94944,48.6477107,0.0,,378.688,2.627,55.812,0.387,0.188,0.001,0.0,0.0,0.55812,0.387,0.00282,0.0015,0.0,0.0,0.94944,1.546875,0.0107312421932976,4.921875,0.0341448615241288,0.023203125,0.0160968632899464,0.172265625,0.1195070153344508,0.3310726286243972,4065,,,3.29542243803854e-05,Information
622251,11352.0,20304.47087,BRA,Brazil,Pará,2.234101149,0.0,0.63,0.51,11352.0,11352.0,0.0,1.0,-9999.0,-9999.0,-9999.0,0.0,10.0,-999.9,-999.9,-999.9,-5979.4,0.0,0.0,0.0,0.0,0.0,0.0,0.0,0.0,0.0,0.0,0.0,-5979.4,5.190410191247429,44.68202298,0.0,,297.188,1.464,129.0,0.635,20.25,0.1,10.562,0.052,1.29,0.635,0.30375,0.15,0.2640499999999999,0.13,2.7728,19.546875,0.0962688224154438,90.984375,0.448100202178361,0.293203125,0.1444032336231657,3.184453125,1.5683507076242635,5.190410191247429,8979,,,0.008983798395585,Information
622253,11354.0,13814.11293,BRA,Brazil,Pará,3.011197883,0.0,0.63,0.51,11354.0,,,,,,,,,,,,,,,,,,,,,,,,,3.5175587085247697,60.22395766,0.0,,483.5,3.5,122.625,0.888,16.938,0.123,8.188,0.059,1.22625,0.888,0.2540699999999999,0.1845,0.2047,0.1475,2.90502,16.59375,0.1201217195767903,51.1875,0.3705449654741669,0.24890625,0.1801825793651854,1.7915625,1.296907379159584,3.5175587085247697,0,,,0.0076437088453243,Information
622254,11355.0,13656.58592,BRA,Brazil,Mato Grosso,0.962430083,0.0,0.63,0.51,11355.0,,,,,,,,,,,,,,,,,,,,,,,,,2.10675,19.24860166,0.0,,765.0,5.602,120.125,0.88,1.0,0.007,0.0,0.0,1.20125,0.88,0.015,0.0105,0.0,0.0,2.10675,4.5,0.0329511345472092,16.453125,0.1204775856882338,0.0675,0.0494267018208138,0.575859375,0.4216715499088183,1.114457626729632,11030,,,0.0001330585238208,Information
622255,11356.0,6996.625971,BRA,Brazil,Mato Grosso,4.000318711,0.0,0.63,0.51,11356.0,,,,,,,,,,,,,,,,,,,,,,,,,3.674066475341524,80.00637422,0.0,,293.875,4.2,66.0,0.943,2.625,0.038,1.5,0.021,0.66,0.943,0.039375,0.0569999999999999,0.0375,0.0525,1.789375,13.21875,0.1889303509364047,37.546875,0.536642592553405,0.19828125,0.2833955264046071,1.314140625,1.878249073936917,3.674066475341524,233,,,0.0451217702426473,Information
622256,11357.0,5987.97158,BRA,Brazil,Mato Grosso,0.346213844,0.0,0.63,0.51,11357.0,,,,,,,,,,,,,,,,,,,,,,,,,0.37238,6.92427688,0.0,,122.0,2.037,13.938,0.233,0.0,0.0,0.0,0.0,0.13938,0.233,0.0,0.0,0.0,0.0,0.37238,,,,,,,,,,421,,,1.682945646551193e-08,Information
622257,11358.0,5951.020991,BRA,Brazil,Mato Grosso,2.102854337,0.0,0.63,0.51,11358.0,,,,,,,,,,,,,,,,,,,,,,,,,2.8269674191483816,42.05708674,0.0,,363.75,6.112,58.125,0.977,3.312,0.056,2.0,0.034,0.58125,0.977,0.04968,0.084,0.05,0.085,1.82693,7.3125,0.1228780743942878,27.0,0.4537036593019857,0.1096875,0.1843171115914317,0.945,1.58796280755695,2.8269674191483816,833,,,0.0012628150877232,Information
622258,11359.0,5455.290185,BRA,Brazil,Mato Grosso,0.016539826,0.0,0.63,0.51,11359.0,,,,,,,,,,,,,,,,,,,,,,,,,1.22875,0.33079652,0.0,,229.5,4.207,43.375,0.795,0.0,0.0,0.0,0.0,0.43375,0.795,0.0,0.0,0.0,0.0,1.22875,,,,,,,,,,3345,,,5.516768325606595e-06,Information
622259,11360.0,2264.462705,BRA,Brazil,Mato Grosso,0.192850744,0.0,0.63,0.51,11360.0,,,,,,,,,,,,,,,,,,,,,,,,,1.2338458495002635,3.85701488,0.0,,75.5,3.334,13.75,0.607,0.5,0.022,0.375,0.017,0.1375,0.607,0.0075,0.033,0.009375,0.0425,0.8368749999999999,2.390625,0.1055714008734844,5.484375,0.242193213768582,0.035859375,0.1583571013102266,0.191953125,0.847676248190037,1.2338458495002635,62,,,6.632101520085058e-06,Information
622260,11361.0,28188.53328,BRA,Brazil,Mato Grosso,1.063904342,0.0,0.63,0.51,11361.0,11361.0,0.0,1.0,-9999.0,-9999.0,-9999.0,0.0,10.0,-999.9,-999.9,-999.9,-5979.4,0.0,0.0,0.0,0.0,0.0,0.0,0.0,0.0,0.0,0.0,0.0,-5979.4,1.8755936576201309,21.27808684,0.0,,95.375,0.338,11.188,0.04,0.0,0.0,0.0,0.0,0.11188,0.04,0.0,0.0,0.0,0.0,0.15188,23.0625,0.081815182681261,29.671875,0.1052622167423541,0.3459375,0.1227227740218915,1.038515625,0.3684177585982393,1.8755936576201309,53307,,,9.311582074886382e-05,Information
622270,11362.0,28648.60011,BRA,Brazil,Mato Grosso,1.29946615,0.0,0.63,0.51,11362.0,,,,,,,,,,,,,,,,,,,,,,,,,10.062280354216298,25.989323,0.0,,1172.5,4.093,229.938,0.803,6.125,0.021,2.688,0.009,2.29938,0.803,0.091875,0.0315,0.0672,0.0225,3.315455,101.53125,0.3544021334359291,169.59375,0.591979186874973,1.52296875,0.5316032001538936,5.93578125,2.0719271540624056,10.062280354216298,31470,,,0.0229987880543361,Information
622281,11363.0,7.655137632,BRA,Brazil,Mato Grosso,4.057087181,0.0,0.63,0.51,11363.0,,,,,,,,,,,,,,,,,,,,,,,,,46.05997828874772,81.14174362,0.0,3.0,0.812,10.614,0.812,10.614,0.0,0.0,0.0,0.0,0.00812,10.0,0.0,0.0,0.0,0.0,10.00812,0.5625,7.348006359165149,0.84375,11.022009538747724,0.0084375,11.022009538747724,0.02953125,35.0,46.05997828874772,0,0.0,0.0,0.8140697002051032,Warning
622282,11364.0,6288.062294,BRA,Brazil,Mato Grosso,0.409355777,0.0,0.63,0.51,11364.0,,,,,,,,,,,,,,,,,,,,,,,,,0.199705,8.187115539999999,0.0,,55.562,0.884,6.688,0.106,0.375,0.006,0.188,0.003,0.06688,0.106,0.005625,0.009,0.0046999999999999,0.0075,0.199705,0.28125,0.0044727610328111,1.546875,0.024600185680461,0.00421875,0.0067091415492166,0.054140625,0.0861006498816135,0.1511691664308301,1303,,,4.3755799767150216e-10,Information
622283,11365.0,476.2498057,BRA,Brazil,Mato Grosso,3.423811801,0.0,0.63,0.51,11365.0,,,,,,,,,,,,,,,,,,,,,,,,,3.062448289232553,68.47623602,0.0,,5.938,1.247,4.938,1.037,0.062,0.013,0.0,0.0,0.04938,1.037,0.0009299999999999,0.0195,0.0,0.0,1.10681,1.40625,0.2952757110335912,3.375,0.7086617064806189,0.02109375,0.4429135665503868,0.118125,2.480315972682166,3.062448289232553,0,,,0.0098627944835544,Information
622291,11372.0,3636.519259,BRA,Brazil,Mato Grosso,4.07000287,0.0,0.63,0.51,11372.0,,,,,,,,,,,,,,,,,,,,,,,,,2.2859634146714383,81.4000574,0.0,,149.25,4.104,35.5,0.976,1.5,0.041,0.75,0.021,0.355,0.976,0.0225,0.0615,0.01875,0.0525,1.48625,6.1875,0.1701489682711494,14.765625,0.4060373106470611,0.0928125,0.255223452406724,0.516796875,1.421130587264714,2.2859634146714383,0,,,0.0180246493848129,Information
622292,11373.0,11737.33386,BRA,Brazil,Mato Grosso,2.028151421,0.0,0.63,0.51,11373.0,,,,,,,,,,,,,,,,,,,,,,,,,5.521222053980075,40.56302842,0.0,,354.062,3.017,62.625,0.534,5.5,0.047,2.125,0.018,0.62625,0.534,0.0825,0.0705,0.053125,0.045,1.411375,51.75,0.4409008093701262,63.0,0.5367488114071102,0.77625,0.6613512140551894,2.205,1.8786208399248856,5.521222053980075,4574,,,0.0087432110312792,Information
622293,11374.0,2581.337571,BRA,Brazil,Mato Grosso,4.094052569,0.0,0.63,0.51,11374.0,,,,,,,,,,,,,,,,,,,,,,,,,1.90541396527006,81.88105137999999,0.0,,166.125,6.436,18.875,0.731,1.062,0.041,0.625,0.024,0.18875,0.731,0.01593,0.0615,0.015625,0.06,1.072805,2.109375,0.0817163560397514,10.265625,0.3976862660601236,0.031640625,0.1225745340596271,0.359296875,1.3919019312104326,1.90541396527006,0,,,0.0121529551867324,Information
622295,11376.0,1677.974107,BRA,Brazil,Mato Grosso,3.780348035,0.0,0.63,0.51,11376.0,,,,,,,,,,,,,,,,,,,,,,,,,1.60994370656084,75.6069607,0.0,,68.375,4.075,10.312,0.615,0.125,0.007,0.0,0.0,0.1031199999999999,0.615,0.001875,0.0105,0.0,0.0,0.7304949999999999,1.96875,0.1173289856647523,5.765625,0.3436063151610605,0.02953125,0.1759934784971284,0.201796875,1.2026221030637116,1.60994370656084,0,,,0.0032829134003327,Information
622296,11377.0,8597.956025,BRA,Brazil,Mato Grosso,1.5511294,0.0,0.63,0.51,11377.0,,,,,,,,,,,,,,,,,,,,,,,,,0.8858699999999999,31.022588,0.0,,291.125,3.386,40.562,0.472,0.25,0.003,0.0,0.0,0.40562,0.472,0.00375,0.0045,0.0,0.0,0.8858699999999999,0.703125,0.0081778157263733,2.25,0.0261690103243945,0.010546875,0.0122667235895599,0.07875,0.0915915361353807,0.1931551347249407,17302,,,6.654434726519849e-06,Information
622297,11378.0,2165.702486,BRA,Brazil,Mato Grosso,1.007939876,0.0,0.63,0.51,11378.0,,,,,,,,,,,,,,,,,,,,,,,,,0.337,20.15879752,0.0,,71.812,3.316,6.0,0.277,0.0,0.0,0.0,0.0,0.06,0.277,0.0,0.0,0.0,0.0,0.337,0.28125,0.0129865483307873,1.40625,0.0649327416539366,0.00421875,0.0194798224961809,0.04921875,0.2272645957887781,0.300181918284959,698,,,2.2794084713061507e-08,Information
622298,11379.0,4392.089668,BRA,Brazil,Mato Grosso,0.981996912,0.0,0.63,0.51,11379.0,11379.0,0.0,1.0,-9999.0,-9999.0,-9999.0,0.0,10.0,-999.9,-999.9,-999.9,-5979.4,0.0,0.0,0.0,0.0,0.0,0.0,0.0,0.0,0.0,0.0,0.0,-5979.4,0.98725,19.63993824,0.0,,182.0,4.144,30.125,0.686,0.0,0.0,0.0,0.0,0.30125,0.686,0.0,0.0,0.0,0.0,0.98725,,,,,,,,,,4185,,,5.428797546395762e-06,Information
622299,11380.0,7291.827608,BRA,Brazil,Mato Grosso,0.337703893,0.0,0.63,0.51,11380.0,,,,,,,,,,,,,,,,,,,,,,,,,1.1504987074917228,6.75407786,0.0,,200.938,2.756,32.375,0.444,1.688,0.023,1.25,0.017,0.32375,0.444,0.02532,0.0345,0.03125,0.0425,0.90132,1.828125,0.025070875209833,13.078125,0.1793531841934209,0.027421875,0.0376063128147495,0.457734375,0.6277361446769731,1.1504987074917228,982,,,5.537495023290324e-06,Information
622310,11381.0,142.8822081,BRA,Brazil,Pará,4.129777674,0.0,0.63,0.51,11381.0,,,,,,,,,,,,,,,,,,,,,,,,,11.230479168743782,82.59555347999999,0.0,,1.312,0.919,0.812,0.569,0.0,0.0,0.0,0.0,0.00812,0.569,0.0,0.0,0.0,0.0,0.57712,0.703125,0.4921011574997236,4.21875,2.9526069449983416,0.010546875,0.7381517362495854,0.14765625,10.334124307494196,11.230479168743782,953,,,0.3306589688211636,Information
622321,11382.0,7484.338475,BRA,Brazil,Pará,4.057086032,0.0,0.63,0.51,11382.0,11382.0,1.0,1.0,100.0,-9999.0,-9999.0,3.0,10.0,10.0,-999.9,-999.9,-3953.6,0.0,0.0,0.0,0.0,0.0,0.0,0.0,0.0,0.0,0.0,0.0,-3953.6,13.613759292369746,81.14172064,0.0,,151.312,2.022,78.312,1.046,14.688,0.196,1.75,0.023,0.7831199999999999,1.046,0.22032,0.294,0.04375,0.0574999999999999,2.4446900000000005,16.734375,0.2235919053552123,159.328125,2.128820409810551,0.251015625,0.3353878580328184,5.576484375,7.450871434336928,13.613759292369746,82023,,,0.3722609611467998,Advisory
622322,11383.0,4470.659376,BRA,Brazil,Amapá,1.286080466,0.0,0.63,0.51,11383.0,11383.0,2.0,2.0,100.0,100.0,-9999.0,7.0,9.0,10.0,10.0,-999.9,-1927.8,0.0,0.0,0.0,0.0,0.0,0.0,0.0,0.0,0.0,0.0,0.0,-1927.8,0.1115180993271765,25.72160932,0.0,,,,,,,,,,,,,,,,,0.0,0.0,0.984375,0.022018564093479,0.0,0.0,0.034453125,0.0770649743271765,0.1115180993271765,0,,,3.9791019942171344e-11,Information
622323,11384.0,7527.9639,BRA,Brazil,Pará,1.542611408,0.0,0.63,0.51,11384.0,11384.0,2.0,2.0,100.0,100.0,-9999.0,7.0,9.0,10.0,10.0,-999.9,-2603.0666666666666,0.0,0.0,0.0,0.0,0.0,0.0,0.0,0.0,0.0,0.0,0.0,-2603.0666666666666,0.974099785741512,30.85222816,0.0,,49.312,0.655,34.5,0.458,1.188,0.016,0.0,0.0,0.345,0.458,0.01782,0.024,0.0,0.0,0.8448199999999999,0.0,0.0,11.953125,0.1587829744975749,0.0,0.0,0.418359375,0.5557404107415121,0.974099785741512,0,,,1.0108196566362692e-05,Information
622325,11386.0,3043.442779,BRA,Brazil,Amapá,1.41152964,0.0,0.63,0.51,11386.0,11386.0,1.0,1.0,100.0,-9999.0,-9999.0,3.0,10.0,10.0,-999.9,-999.9,-3953.6,0.0,0.0,0.0,0.0,0.0,0.0,0.0,0.0,0.0,0.0,0.0,-3953.6,0.7382878488507466,28.2305928,0.0,,8.125,0.267,7.625,0.251,0.0,0.0,0.0,0.0,0.07625,0.251,0.0,0.0,0.0,0.0,0.32725,0.0,0.0,4.921875,0.1617206353859276,0.0,0.0,0.172265625,0.5660222238507466,0.7382878488507466,0,,,2.3598123556803016e-06,Information
622326,11387.0,4600.303744,BRA,Brazil,Amapá,3.156985149,0.0,0.63,0.51,11387.0,11387.0,1.0,1.0,100.0,-9999.0,-9999.0,3.0,10.0,10.0,-999.9,-999.9,-3958.2,0.0,0.0,0.0,0.0,0.0,0.0,0.0,0.0,0.0,0.0,0.0,-3958.2,1.4527434015299885,63.13970298,0.0,,16.125,0.351,4.688,0.102,0.0,0.0,0.0,0.0,0.04688,0.102,0.0,0.0,0.0,0.0,0.1488799999999999,0.0,0.0,13.078125,0.2842882932942824,0.0,0.0,0.457734375,0.9950090265299883,1.4527434015299885,0,,,0.0006110288429645,Information
622327,11388.0,3664.626369,BRA,Brazil,Pará,1.437197167,0.0,0.63,0.51,11388.0,,,,,,,,,,,,,,,,,,,,,,,,,2.055496120942204,28.74394334,0.0,,29.188,0.796,9.938,0.271,0.25,0.007,0.0,0.0,0.09938,0.271,0.00375,0.0105,0.0,0.0,0.38463,0.0,0.0,15.75,0.4297846059834869,0.0,0.0,0.55125,1.504246120942204,2.055496120942204,0,,,0.0001957393716194,Information
622328,11389.0,4680.236858,BRA,Brazil,Amapá,4.041269704,0.0,0.63,0.51,11389.0,,,,,,,,,,,,,,,,,,,,,,,,,0.39625,80.82539408000001,0.0,,21.875,0.467,12.625,0.27,0.0,0.0,0.0,0.0,0.12625,0.27,0.0,0.0,0.0,0.0,0.39625,0.0,0.0,1.6875,0.0360558674949684,0.0,0.0,0.0590625,0.1261955362323893,0.1852580362323893,0,,,5.237944624973904e-05,Information
622329,11390.0,14477.74633,BRA,Brazil,Amapá,4.044227741,0.0,0.63,0.51,11390.0,11390.0,1.0,2.0,100.0,-9999.0,-9999.0,3.0,9.0,10.0,-999.9,-999.9,-3296.5,0.0,0.0,0.0,0.0,0.0,0.0,0.0,0.0,0.0,0.0,0.0,-3296.5,1.1008141243599066,80.88455482,0.0,,68.375,0.472,28.438,0.196,0.0,0.0,0.0,0.0,0.2843799999999999,0.196,0.0,0.0,0.0,0.0,0.48038,0.421875,0.0029139549094594,18.421875,0.1272426977130621,0.006328125,0.0043709323641891,0.644765625,0.4453494419957173,1.1008141243599066,0,,,0.0021555936849097,Information
622330,11391.0,2393.296415,BRA,Brazil,Pará,4.073599977,0.0,0.63,0.51,11391.0,,,,,,,,,,,,,,,,,,,,,,,,,14.811663291949664,81.47199954,0.0,,45.438,1.899,31.812,1.329,8.25,0.345,2.688,0.112,0.31812,1.329,0.12375,0.5175,0.0672,0.28,2.6355700000000004,10.546875,0.4406840262518312,77.203125,3.225807072163405,0.158203125,0.6610260393777467,2.702109375,11.290324752571918,14.811663291949664,571,,,0.4114299319704846,Advisory
622341,11392.0,11839.38422,BRA,Brazil,Pará,4.042338694,0.0,0.63,0.51,11392.0,11392.0,1.0,1.0,100.0,-9999.0,-9999.0,3.0,10.0,10.0,-999.9,-999.9,-3957.685714285714,0.0,0.0,0.0,0.0,0.0,0.0,0.0,0.0,0.0,0.0,0.0,-3957.685714285714,6.795043046701043,80.84677388,0.0,,69.188,0.584,36.375,0.307,2.812,0.024,1.125,0.01,0.36375,0.307,0.04218,0.036,0.028125,0.025,0.802055,9.984375,0.0843318775303584,100.96875,0.8528209586872871,0.149765625,0.1264978162955375,3.53390625,2.984873355405505,6.795043046701043,15567,,,0.1500362835730027,Information
622342,11393.0,4580.296416,BRA,Brazil,Pará,0.791289036,0.0,0.63,0.51,11393.0,11393.0,1.0,1.0,100.0,-9999.0,-9999.0,3.0,10.0,10.0,-999.9,-999.9,-3953.6,0.0,0.0,0.0,0.0,0.0,0.0,0.0,0.0,0.0,0.0,0.0,-3953.6,0.1985,15.82578072,0.0,,18.875,0.412,6.25,0.136,0.0,0.0,0.0,0.0,0.0625,0.136,0.0,0.0,0.0,0.0,0.1985,,,,,,,,,,0,,,7.248818941724416e-10,Information
622343,11394.0,3254.757462,BRA,Brazil,Pará,2.902851914,0.0,0.63,0.51,11394.0,,,,,,,,,,,,,,,,,,,,,,,,,0.4810552686015398,58.05703828,0.0,,4.875,0.15,2.625,0.081,0.0,0.0,0.0,0.0,0.02625,0.081,0.0,0.0,0.0,0.0,0.10725,0.0,0.0,3.375,0.1036943624575828,0.0,0.0,0.118125,0.3629302686015398,0.4810552686015398,0,,,3.946170350945384e-06,Information
622346,11397.0,4631.144249,BRA,Brazil,Pará,4.011333733,0.0,0.63,0.51,11397.0,,,,,,,,,,,,,,,,,,,,,,,,,0.19,80.22667466,0.0,,46.312,1.0,6.0,0.13,0.0,0.0,0.0,0.0,0.06,0.13,0.0,0.0,0.0,0.0,0.19,0.0,0.0,0.984375,0.0212555460823705,0.0,0.0,0.034453125,0.0743944112882967,0.1088475362882967,0,,,1.699846734878584e-06,Information
622347,11398.0,3188.443211,BRA,Brazil,Pará,4.075491368,0.0,0.63,0.51,11398.0,,,,,,,,,,,,,,,,,,,,,,,,,0.34938,81.50982736,0.0,,24.562,0.77,8.438,0.265,0.0,0.0,0.0,0.0,0.08438,0.265,0.0,0.0,0.0,0.0,0.34938,0.0,0.0,1.265625,0.0396941364876004,0.0,0.0,0.044296875,0.1389294777066014,0.1832263527066014,362,,,3.611250909148943e-05,Information
622351,11401.0,2974.752346,BRA,Brazil,Pará,3.571964356,0.0,0.63,0.51,11401.0,11401.0,1.0,1.0,100.0,-9999.0,-9999.0,3.0,10.0,10.0,-999.9,-999.9,-3953.6,0.0,0.0,0.0,0.0,0.0,0.0,0.0,0.0,0.0,0.0,0.0,-3953.6,21.694310745423355,71.43928712,0.0,,88.312,2.969,80.25,2.698,4.0,0.134,1.875,0.063,0.8025,2.698,0.06,0.201,0.046875,0.1575,3.965875,4.78125,0.160727665491771,140.0625,4.708375142053057,0.07171875,0.2410914982376565,4.9021875,16.479312997185698,21.694310745423355,2946,,,0.391665014693642,Advisory
622352,11402.0,4335.448774,BRA,Brazil,Pará,4.006234546,0.0,0.63,0.51,11402.0,,,,,,,,,,,,,,,,,,,,,,,,,25.746268437658724,80.12469092,0.0,3.0,149.875,3.457,75.25,1.736,10.75,0.248,2.688,0.062,0.7525,1.736,0.16125,0.372,0.0672,0.155,3.24395,0.0,0.0,222.46875,5.131389196473921,0.0,0.0,7.78640625,17.959862187658725,25.746268437658724,2304,0.0,0.0,0.6021096539187446,Watch
622353,11403.0,1598.735136,BRA,Brazil,Pará,2.663808571,0.0,0.63,0.51,11403.0,,,,,,,,,,,,,,,,,,,,,,,,,0.7273250000000001,53.27617142,0.0,,9.0,0.563,7.625,0.477,0.875,0.055,0.438,0.027,0.07625,0.477,0.013125,0.0825,0.01095,0.0675,0.7273250000000001,0.0,0.0,2.25,0.1407362576226293,0.0,0.0,0.07875,0.4925769016792026,0.5713269016792026,0,,,1.5729722935599064e-05,Information
622354,11404.0,4340.528121,BRA,Brazil,Pará,2.947264814,0.0,0.63,0.51,11404.0,11404.0,1.0,1.0,100.0,-9999.0,-9999.0,3.0,10.0,10.0,-999.9,-999.9,-3953.6,0.0,0.0,0.0,0.0,0.0,0.0,0.0,0.0,0.0,0.0,0.0,-3953.6,0.6779950000000001,58.94529628,0.0,,39.062,0.9,18.562,0.428,0.875,0.02,0.25,0.006,0.18562,0.428,0.013125,0.03,0.00625,0.015,0.6779950000000001,0.0,0.0,5.765625,0.1328323383513059,0.0,0.0,0.201796875,0.4649131842295706,0.6667100592295706,3753,,,2.034549428664108e-05,Information
622355,11405.0,422.4051198,BRA,Brazil,Pará,2.456512149,0.0,0.63,0.51,11405.0,,,,,,,,,,,,,,,,,,,,,,,,,15.509894201298914,49.13024298,0.0,,33.312,7.886,29.25,6.925,2.062,0.488,0.875,0.207,0.2925,6.925,0.03093,0.732,0.021875,0.5175,8.519805,0.5625,0.1331659995641961,17.71875,4.194728986272177,0.0084375,0.1997489993462941,0.62015625,14.68155145195262,15.509894201298914,8873,,,0.1174579935339943,Information
622356,11406.0,4620.494903,BRA,Brazil,Pará,3.483892044,0.0,0.63,0.51,11406.0,,,,,,,,,,,,,,,,,,,,,,,,,12.999959649620951,69.67784088,0.0,,167.0,3.614,103.312,2.236,10.188,0.22,36.062,0.78,1.03312,2.236,0.15282,0.33,0.90155,1.95,6.603490000000001,18.28125,0.3956556685609186,109.546875,2.370890506222736,0.27421875,0.5934835028413779,3.834140625,8.298116771779576,12.999959649620951,5668,,,0.1985163686797937,Information
622357,11407.0,1180.054119,BRA,Brazil,Pará,4.006904678,0.0,0.63,0.51,11407.0,,,,,,,,,,,,,,,,,,,,,,,,,17.086845403653985,80.13809355999999,0.0,,48.438,4.105,44.688,3.787,3.0,0.254,4.188,0.355,0.44688,3.787,0.045,0.381,0.1046999999999999,0.8875,5.652080000000001,11.953125,1.0129302387412005,46.40625,3.9325526915834814,0.179296875,1.5193953581118007,1.62421875,13.763934420542183,17.086845403653985,448,,,0.4401871442020193,Advisory
622358,11408.0,16242.84878,BRA,Brazil,Pará,1.938852858,0.0,0.63,0.51,11408.0,11408.0,1.0,1.0,100.0,-9999.0,-9999.0,3.0,10.0,10.0,-999.9,-999.9,-3953.6,0.0,0.0,0.0,0.0,0.0,0.0,0.0,0.0,0.0,0.0,0.0,-3953.6,5.275620262920092,38.77705716,0.0,,146.125,0.9,86.25,0.531,0.25,0.002,4.875,0.03,0.8625,0.531,0.00375,0.003,0.121875,0.075,1.5971249999999997,22.78125,0.1402540299711691,83.53125,0.5142647765609537,0.34171875,0.2103810449567536,2.92359375,1.799926717963338,5.275620262920092,42757,,,0.0071145770870028,Information
622359,11409.0,1732.690754,BRA,Brazil,Pará,4.006495879,0.0,0.63,0.51,11409.0,11409.0,0.0,1.0,-9999.0,-9999.0,-9999.0,0.0,10.0,-999.9,-999.9,-999.9,-5979.4,0.0,0.0,0.0,0.0,0.0,0.0,0.0,0.0,0.0,0.0,0.0,-5979.4,18.063688367071386,80.12991758,0.0,,36.188,2.089,32.688,1.887,0.312,0.018,5.125,0.296,0.32688,1.887,0.00468,0.0269999999999999,0.128125,0.74,3.1136850000000003,23.625,1.3634862391502334,66.09375,3.8145150738131526,0.354375,2.04522935872535,2.31328125,13.350802758346036,18.063688367071386,7458,,,0.462033724589833,Advisory
622361,11410.0,553.282712,BRA,Brazil,Pará,3.287699092,0.0,0.63,0.51,11410.0,,,,,,,,,,,,,,,,,,,,,,,,,5.9546464676224335,65.75398184,0.0,,15.188,2.745,7.062,1.276,0.562,0.102,0.375,0.068,0.07062,1.276,0.00843,0.153,0.009375,0.17,1.6874249999999995,2.109375,0.3812472275420563,8.015625,1.4487394646598142,0.031640625,0.5718708413130844,0.280546875,5.0705881263093495,5.9546464676224335,1941,,,0.0401110829170762,Information
622362,11411.0,17598.0637,BRA,Brazil,Pará,1.982714352,0.0,0.63,0.51,11411.0,,,,,,,,,,,,,,,,,,,,,,,,,0.981377900112012,39.65428704,0.0,,77.062,0.438,16.75,0.095,0.25,0.001,0.0,0.0,0.1675,0.095,0.00375,0.0015,0.0,0.0,0.26775,5.625,0.0319637438302932,15.46875,0.0879002955333063,0.084375,0.0479456157454398,0.54140625,0.307651034366572,0.981377900112012,72839,,,1.903529033396142e-05,Information
622363,11412.0,1471.378242,BRA,Brazil,Pará,2.292011596,0.0,0.63,0.51,11412.0,,,,,,,,,,,,,,,,,,,,,,,,,1.5020153560326448,45.84023192,0.0,,27.812,1.89,7.75,0.527,0.0,0.0,0.0,0.0,0.0775,0.527,0.0,0.0,0.0,0.0,0.6045,3.65625,0.2484915091740786,3.9375,0.2676062406490077,0.05484375,0.3727372637611179,0.1378125,0.9366218422715268,1.5020153560326448,0,,,0.0001684548031399,Information
622367,11416.0,791.3781168,BRA,Brazil,Pará,0.301471974,0.0,0.63,0.51,11416.0,,,,,,,,,,,,,,,,,,,,,,,,,0.19638,6.02943948,0.0,,3.562,0.45,1.438,0.182,0.0,0.0,0.0,0.0,0.0143799999999999,0.182,0.0,0.0,0.0,0.0,0.19638,,,,,,,,,,1190,,,3.399732499219662e-10,Information
622368,11417.0,837.7854954,BRA,Brazil,Pará,3.852085277,0.0,0.63,0.51,11417.0,,,,,,,,,,,,,,,,,,,,,,,,,0.1127499999999999,77.04170554,0.0,,6.625,0.791,0.875,0.104,0.0,0.0,0.0,0.0,0.00875,0.104,0.0,0.0,0.0,0.0,0.1127499999999999,,,,,,,,,,0,,,5.296042394248565e-08,Information
622370,11419.0,2619.312993,BRA,Brazil,Pará,4.004155102,0.0,0.63,0.51,11419.0,,,,,,,,,,,,,,,,,,,,,,,,,11.51076610418998,80.08310204,0.0,,45.625,1.742,37.0,1.413,0.688,0.026,1.25,0.048,0.37,1.413,0.01032,0.039,0.03125,0.12,1.98357,23.765625,0.907322838645148,58.078125,2.217303741777788,0.356484375,1.360984257967722,2.032734375,7.760563096222258,11.51076610418998,13131,,,0.2917478604741179,Information
622380,11420.0,28468.00201,BRA,Brazil,Pará,2.716469747,0.0,0.63,0.51,11420.0,11420.0,1.0,1.0,100.0,-9999.0,-9999.0,3.0,10.0,10.0,-999.9,-999.9,-3957.8333333333335,0.0,0.0,0.0,0.0,0.0,0.0,0.0,0.0,0.0,0.0,0.0,-3957.8333333333335,9.44032106443758,54.32939494,0.0,,318.688,1.119,192.375,0.676,10.0,0.035,8.75,0.031,1.92375,0.676,0.15,0.0525,0.21875,0.0775,3.0985000000000005,49.359375,0.1733854556396116,178.453125,0.6268551088509035,0.740390625,0.2600781834594174,6.245859375,2.193992880978162,9.44032106443758,67928,,,0.0574593526040119,Information
622390,11421.0,176.7657762,BRA,Brazil,Pará,0.025464364,0.0,0.63,0.51,11421.0,,,,,,,,,,,,,,,,,,,,,,,,,25.21925081628257,0.50928728,0.0,,3.25,1.839,3.25,1.839,0.438,0.248,0.188,0.106,0.0325,1.839,0.00657,0.372,0.0046999999999999,0.265,2.5197700000000003,4.921875,2.784404937222761,10.40625,5.887027581556694,0.073828125,4.176607405834142,0.36421875,20.60459653544843,25.21925081628257,127627,,,0.0849606584746761,Information
622412,11423.0,15466.48325,BRA,Brazil,Pará,2.471633436,0.0,0.63,0.51,11423.0,,,,,,,,,,,,,,,,,,,,,,,,,3.962933998146232,49.43266872,0.0,,266.938,1.726,100.5,0.65,7.438,0.048,7.75,0.05,1.005,0.65,0.11157,0.072,0.19375,0.125,2.15732,3.9375,0.0254582760432921,67.078125,0.4336999168803697,0.0590625,0.0381874140649381,2.347734375,1.517949709081294,3.962933998146232,12966,,,0.005443250152113,Information
622413,11424.0,6200.2321,BRA,Brazil,Pará,1.29982406,0.0,0.63,0.51,11424.0,,,,,,,,,,,,,,,,,,,,,,,,,2.415858992834835,25.9964812,0.0,,58.812,0.949,50.75,0.819,2.375,0.038,2.375,0.038,0.5075,0.819,0.035625,0.0569999999999999,0.059375,0.095,1.5734999999999997,6.1875,0.0997946512315326,23.765625,0.3833021831392959,0.0928125,0.1496919768472989,0.831796875,1.3415576409875358,2.415858992834835,14869,,,0.0003107455825465,Information
622414,11425.0,7208.884762,BRA,Brazil,Pará,2.484467784,0.0,0.63,0.51,11425.0,,,,,,,,,,,,,,,,,,,,,,,,,0.3285,49.68935568,0.0,,57.875,0.803,13.75,0.191,0.0,0.0,0.0,0.0,0.1375,0.191,0.0,0.0,0.0,0.0,0.3285,0.0,0.0,2.390625,0.0331622030183404,0.0,0.0,0.083671875,0.1160677105641914,0.1997395855641914,36544,,,2.434109392776828e-07,Information
622415,11426.0,5968.006768,BRA,Brazil,Pará,3.477653708,0.0,0.63,0.51,11426.0,11426.0,0.0,1.0,-9999.0,-9999.0,-9999.0,0.0,10.0,-999.9,-999.9,-999.9,-5979.4,0.0,0.0,0.0,0.0,0.0,0.0,0.0,0.0,0.0,0.0,0.0,-5979.4,3.1925358524993914,69.55307416,0.0,,91.375,1.531,52.375,0.878,1.688,0.028,1.625,0.027,0.52375,0.878,0.02532,0.042,0.040625,0.0675,1.577195,9.0,0.1508041185149806,30.234375,0.506607585636263,0.135,0.2262061777724709,1.058203125,1.7731265497269204,3.1925358524993914,94996,,,0.0120613460279872,Information
622416,11427.0,2910.380464,BRA,Brazil,Pará,1.418897559,0.0,0.63,0.51,11427.0,,,,,,,,,,,,,,,,,,,,,,,,,0.40162,28.37795118,0.0,,71.438,2.455,9.062,0.311,0.0,0.0,0.0,0.0,0.0906199999999999,0.311,0.0,0.0,0.0,0.0,0.40162,0.0,0.0,1.96875,0.0676457949115796,0.0,0.0,0.06890625,0.2367602821905285,0.3056665321905286,10149,,,1.0879144209632973e-07,Information
622417,11428.0,2645.015324,BRA,Brazil,Pará,3.901034012,0.0,0.63,0.51,11428.0,,,,,,,,,,,,,,,,,,,,,,,,,1.502557948986834,78.02068024,0.0,,21.188,0.801,15.625,0.591,0.562,0.021,0.312,0.012,0.15625,0.591,0.00843,0.0315,0.0078,0.03,0.82498,0.28125,0.0106332087157658,8.859375,0.3349460745466244,0.00421875,0.0159498130736487,0.310078125,1.1723112609131854,1.502557948986834,3998,,,0.0036489799796251,Information
622418,11429.0,1309.599902,BRA,Brazil,Pará,0.047489199,0.0,0.63,0.51,11429.0,,,,,,,,,,,,,,,,,,,,,,,,,0.65825,0.94978398,0.0,,14.75,1.126,7.625,0.582,0.0,0.0,0.0,0.0,0.07625,0.582,0.0,0.0,0.0,0.0,0.65825,,,,,,,,,,1476,,,2.668308444352272e-07,Information
622419,11430.0,676.6403139,BRA,Brazil,Pará,0.186956526,0.0,0.63,0.51,11430.0,,,,,,,,,,,,,,,,,,,,,,,,,1.9415444205015493,3.73913052,0.0,,4.875,0.72,3.375,0.499,0.188,0.028,0.062,0.009,0.03375,0.499,0.00282,0.042,0.00155,0.0225,0.6016200000000002,0.0,0.0,3.515625,0.519570727286157,0.0,0.0,0.123046875,1.8184975455015493,1.9415444205015493,0,,,4.739046369497231e-05,Information
622421,11431.0,4592.920488,BRA,Brazil,Pará,0.828831549,0.0,0.63,0.51,11431.0,,,,,,,,,,,,,,,,,,,,,,,,,1.250445,16.57663098,0.0,,101.125,2.202,32.125,0.699,1.688,0.037,1.875,0.041,0.32125,0.699,0.02532,0.0554999999999999,0.046875,0.1025,1.250445,0.0,0.0,9.5625,0.2082008609904897,0.0,0.0,0.3346875,0.728703013466714,1.063390513466714,5701,,,1.332048601777728e-05,Information
622422,11432.0,5654.877252,BRA,Brazil,Pará,2.968665606,0.0,0.63,0.51,11432.0,,,,,,,,,,,,,,,,,,,,,,,,,0.386995,59.37331212,0.0,,36.875,0.652,13.812,0.244,0.125,0.002,0.0,0.0,0.13812,0.244,0.001875,0.003,0.0,0.0,0.386995,0.0,0.0,1.40625,0.0248679137896929,0.0,0.0,0.04921875,0.0870376982639251,0.1362564482639251,445,,,1.6296120400335252e-06,Information
622423,11433.0,610.3130449,BRA,Brazil,Pará,2.374040273,0.0,0.63,0.51,11433.0,,,,,,,,,,,,,,,,,,,,,,,,,2.24027,47.48080546,0.0,,26.812,4.393,8.5,1.393,0.938,0.154,1.188,0.195,0.085,1.393,0.01407,0.2309999999999999,0.0296999999999999,0.4875,2.24027,0.0,0.0,2.390625,0.3917047193879871,0.0,0.0,0.083671875,1.3709665178579549,1.454638392857955,419,,,0.0008036401411476,Information
622424,11434.0,7341.684009,BRA,Brazil,Pará,3.323714661,0.0,0.63,0.51,11434.0,,,,,,,,,,,,,,,,,,,,,,,,,0.57118,66.47429321999999,0.0,,77.125,1.051,23.75,0.323,0.312,0.004,0.0,0.0,0.2375,0.323,0.00468,0.006,0.0,0.0,0.57118,,,,,,,,,,0,,,2.3269247777492653e-05,Information
622425,11435.0,2890.360813,BRA,Brazil,Pará,0.570273999,0.0,0.63,0.51,11435.0,11435.0,0.0,1.0,-9999.0,-9999.0,-9999.0,0.0,10.0,-999.9,-999.9,-999.9,-5979.4,0.0,0.0,0.0,0.0,0.0,0.0,0.0,0.0,0.0,0.0,0.0,-5979.4,1.404829333934494,11.40547998,0.0,,33.75,1.168,11.375,0.394,1.188,0.041,0.812,0.028,0.11375,0.394,0.01782,0.0615,0.0203,0.07,0.67737,0.0,0.0,9.0,0.3113798096955697,0.0,0.0,0.315,1.089829333934494,1.404829333934494,1097,,,1.7053511204480064e-05,Information
622426,11436.0,16175.46831,BRA,Brazil,Pará,1.592700262,0.0,0.63,0.51,11436.0,,,,,,,,,,,,,,,,,,,,,,,,,0.5816,31.85400524,0.0,,127.188,0.786,35.812,0.221,0.062,0.0,0.062,0.0,0.35812,0.221,0.0009299999999999,0.0,0.00155,0.0,0.5816,0.0,0.0,7.59375,0.0469460905446041,0.0,0.0,0.26578125,0.1643113169061143,0.4300925669061144,1797,,,9.507298779840672e-07,Information
622427,11437.0,11103.20432,BRA,Brazil,Pará,1.119209825,0.0,0.63,0.51,11437.0,11437.0,0.0,1.0,-9999.0,-9999.0,-9999.0,0.0,10.0,-999.9,-999.9,-999.9,-5979.4,0.0,0.0,0.0,0.0,0.0,0.0,0.0,0.0,0.0,0.0,0.0,-5979.4,1.09498,22.3841965,0.0,,272.312,2.453,57.25,0.516,0.062,0.001,0.062,0.001,0.5725,0.516,0.0009299999999999,0.0015,0.00155,0.0025,1.09498,0.0,0.0,16.453125,0.1481835741363556,0.0,0.0,0.575859375,0.5186425094772447,1.0945018844772445,23842,,,1.01741197568288e-05,Information
622428,11438.0,4604.194275,BRA,Brazil,Pará,0.094863886,0.0,0.63,0.51,11438.0,,,,,,,,,,,,,,,,,,,,,,,,,0.26575,1.89727772,0.0,,64.5,1.401,8.375,0.182,0.0,0.0,0.0,0.0,0.08375,0.182,0.0,0.0,0.0,0.0,0.26575,,,,,,,,,,0,,,1.6979735606256474e-09,Information
622429,11439.0,5929.12183,BRA,Brazil,Pará,1.513854466,0.0,0.63,0.51,11439.0,,,,,,,,,,,,,,,,,,,,,,,,,0.7422500000000001,30.27708932,0.0,,122.0,2.058,27.625,0.466,0.0,0.0,0.0,0.0,0.27625,0.466,0.0,0.0,0.0,0.0,0.7422500000000001,,,,,,,,,,1911,,,2.778255790807135e-06,Information
622431,11440.0,12093.14204,BRA,Brazil,Pará,3.422569844,0.0,0.63,0.51,11440.0,11440.0,0.0,1.0,-9999.0,-9999.0,-9999.0,0.0,10.0,-999.9,-999.9,-999.9,-5979.4,0.0,0.0,0.0,0.0,0.0,0.0,0.0,0.0,0.0,0.0,0.0,-5979.4,1.6647762524862584,68.45139688,0.0,,81.938,0.678,47.562,0.393,3.938,0.033,3.625,0.03,0.47562,0.393,0.05907,0.0495,0.090625,0.075,1.142815,2.671875,0.0220941339463563,24.890625,0.2058243004476354,0.040078125,0.0331412009195344,0.871171875,0.7203850515667238,1.6647762524862584,742,,,0.0016313497514509,Information
622432,11441.0,13573.17738,BRA,Brazil,Pará,4.06102197,0.0,0.63,0.51,11441.0,,,,,,,,,,,,,,,,,,,,,,,,,0.23788,81.22043939999999,0.0,,33.5,0.247,13.688,0.101,0.0,0.0,0.0,0.0,0.13688,0.101,0.0,0.0,0.0,0.0,0.23788,,,,,,,,,,2813,,,6.247756558259245e-06,Information
622433,11442.0,3097.116798,BRA,Brazil,Pará,0.655282746,0.0,0.63,0.51,11442.0,11442.0,0.0,1.0,-9999.0,-9999.0,-9999.0,0.0,10.0,-999.9,-999.9,-999.9,-5979.4,0.0,0.0,0.0,0.0,0.0,0.0,0.0,0.0,0.0,0.0,0.0,-5979.4,1.254767055286296,13.10565492,0.0,,27.875,0.9,16.438,0.531,3.688,0.119,2.375,0.077,0.16438,0.531,0.05532,0.1785,0.059375,0.1925,1.181075,0.421875,0.0136215398855871,8.296875,0.2678902844165472,0.006328125,0.0204323098283806,0.290390625,0.9376159954579152,1.254767055286296,0,,,1.1288899213277877e-05,Information
622434,11443.0,2582.499853,BRA,Brazil,Pará,3.133277433,0.0,0.63,0.51,11443.0,,,,,,,,,,,,,,,,,,,,,,,,,0.2398044336350463,62.66554866,0.0,,6.688,0.259,2.188,0.085,0.188,0.007,0.188,0.007,0.02188,0.085,0.00282,0.0105,0.0046999999999999,0.0175,0.1424,0.0,0.0,1.40625,0.0544530524671561,0.0,0.0,0.04921875,0.1905856836350463,0.2398044336350463,0,,,2.2340711103127366e-07,Information
622436,11445.0,6015.769208,BRA,Brazil,Pará,0.245649869,0.0,0.63,0.51,11445.0,,,,,,,,,,,,,,,,,,,,,,,,,0.9397079313062612,4.91299738,0.0,,33.75,0.561,8.312,0.138,0.0,0.0,0.0,0.0,0.08312,0.138,0.0,0.0,0.0,0.0,0.22112,6.46875,0.1075298898011475,7.3125,0.1215555276012971,0.09703125,0.1612948347017212,0.2559375,0.4254443466045399,0.9397079313062612,0,,,1.946838399836653e-06,Information
622437,11446.0,12096.93346,BRA,Brazil,Pará,1.70184015,0.0,0.63,0.51,11446.0,,,,,,,,,,,,,,,,,,,,,,,,,2.053075,34.036803,0.0,,183.375,1.516,84.625,0.7,8.625,0.071,5.938,0.049,0.84625,0.7,0.129375,0.1064999999999999,0.14845,0.1225,2.053075,4.078125,0.0337120561403174,18.984375,0.1569354337566502,0.061171875,0.0505680842104761,0.664453125,0.5492740181482757,1.325467102358752,2405,,,0.0002604634584281,Information
622438,11447.0,9781.589014,BRA,Brazil,Pará,1.131917614,0.0,0.63,0.51,11447.0,,,,,,,,,,,,,,,,,,,,,,,,,1.19105,22.63835228,0.0,,141.875,1.45,56.062,0.573,1.062,0.011,0.5,0.005,0.56062,0.573,0.01593,0.0165,0.0125,0.0125,1.19105,0.421875,0.0043129495563885,1.96875,0.020127097929813,0.006328125,0.0064694243345827,0.06890625,0.0704448427543455,0.1521486420889282,122,,,1.4987520283357886e-05,Information
622439,11448.0,201.0878249,BRA,Brazil,Amazonas,4.046897709,0.0,0.63,0.51,11448.0,11448.0,0.0,1.0,-9999.0,-9999.0,-9999.0,0.0,10.0,-999.9,-999.9,-999.9,-5979.4,0.0,0.0,0.0,0.0,0.0,0.0,0.0,0.0,0.0,0.0,0.0,-5979.4,4.66037,80.93795417999999,0.0,,15.75,7.832,7.75,3.854,0.438,0.218,0.312,0.155,0.0775,3.854,0.00657,0.327,0.0078,0.3875,4.66037,0.0,0.0,2.25,1.1189140867869465,0.0,0.0,0.07875,3.916199303754313,3.994949303754313,415,,,0.0794760908913324,Information
622441,11449.0,1578.398112,BRA,Brazil,Amazonas,3.998981478,0.0,0.63,0.51,11449.0,,,,,,,,,,,,,,,,,,,,,,,,,0.8671000000000002,79.97962956,0.0,,19.375,1.228,10.562,0.669,0.312,0.02,0.312,0.02,0.1056199999999999,0.669,0.00468,0.03,0.0078,0.05,0.8671000000000002,0.140625,0.0089093492290158,1.96875,0.1247308892062224,0.002109375,0.0133640238435237,0.06890625,0.4365581122217783,0.5209377610653021,0,,,0.0008466117850031,Information
622442,11450.0,6150.114093,BRA,Brazil,Amazonas,2.22125605,0.0,0.63,0.51,11450.0,,,,,,,,,,,,,,,,,,,,,,,,,0.7431250000000001,44.425121,0.0,,101.75,1.654,28.0,0.455,0.0,0.0,0.125,0.002,0.28,0.455,0.0,0.0,0.003125,0.005,0.7431250000000001,1.546875,0.0251519724115825,1.6875,0.02743851535809,0.023203125,0.0377279586173737,0.0590625,0.096034803753315,0.2160283873706887,0,,,7.993800563552587e-06,Information
622443,11451.0,10740.04257,BRA,Brazil,Mato Grosso,4.041480294,0.0,0.63,0.51,11451.0,11451.0,0.0,1.0,-9999.0,-9999.0,-9999.0,0.0,10.0,-999.9,-999.9,-999.9,-5979.4,0.0,0.0,0.0,0.0,0.0,0.0,0.0,0.0,0.0,0.0,0.0,-5979.4,2.8160796392892555,80.82960588,0.0,,138.562,1.29,70.875,0.66,3.5,0.033,6.562,0.061,0.70875,0.66,0.0525,0.0495,0.16405,0.1525,1.7873,13.21875,0.1230791211120443,36.0,0.3351942021774826,0.19828125,0.1846186816680664,1.26,1.173179707621189,2.8160796392892555,0,,,0.0275541490344474,Information
622444,11452.0,9392.560145,BRA,Brazil,Mato Grosso,1.124032873,0.0,0.63,0.51,11452.0,,,,,,,,,,,,,,,,,,,,,,,,,2.7495630112328246,22.48065746,0.0,,90.188,0.96,28.625,0.305,0.0,0.0,0.0,0.0,0.28625,0.305,0.0,0.0,0.0,0.0,0.59125,15.609375,0.1661887148857904,31.359375,0.3338746254011825,0.234140625,0.2492830723286856,1.097578125,1.1685611889041387,2.7495630112328246,12450,,,0.0004202734562584,Information
622445,11453.0,10838.19319,BRA,Brazil,Mato Grosso,2.156922572,0.0,0.63,0.51,11453.0,,,,,,,,,,,,,,,,,,,,,,,,,4.780220920614681,43.13845144,0.0,,156.312,1.442,93.75,0.865,4.062,0.037,8.25,0.076,0.9375,0.865,0.06093,0.0554999999999999,0.20625,0.19,2.31518,26.296875,0.242631539680399,59.765625,0.5514353174554523,0.394453125,0.3639473095205985,2.091796875,1.930023611094083,4.780220920614681,32213,,,0.0066407124712947,Information
622446,11454.0,94255.86466,BRA,Brazil,Mato Grosso,0.310551602,0.0,0.63,0.51,11454.0,11454.0,0.0,1.0,-9999.0,-9999.0,-9999.0,0.0,10.0,-999.9,-999.9,-999.9,-5979.4,0.0,0.0,0.0,0.0,0.0,0.0,0.0,0.0,0.0,0.0,0.0,-5979.4,8.741600677741754,6.211032039999999,0.0,,332.625,0.353,143.5,0.152,11.812,0.013,18.5,0.02,1.435,0.152,0.17718,0.0195,0.4625,0.05,2.29618,98.015625,0.1039888874352317,183.796875,0.194997813311116,1.470234375,0.1559833311528475,6.432890625,0.6824923465889059,8.741600677741754,166849,,,0.0088232326456786,Information
622447,11455.0,2394.601374,BRA,Brazil,Mato Grosso,2.82823303,0.0,0.63,0.51,11455.0,11455.0,0.0,1.0,-9999.0,-9999.0,-9999.0,0.0,10.0,-999.9,-999.9,-999.9,-5979.4,0.0,0.0,0.0,0.0,0.0,0.0,0.0,0.0,0.0,0.0,0.0,-5979.4,1.5649495152351955,56.5646606,0.0,,17.375,0.726,12.0,0.501,0.562,0.023,1.25,0.052,0.12,0.501,0.00843,0.0345,0.03125,0.13,0.82518,2.109375,0.0880887743187345,7.734375,0.3229921725020268,0.031640625,0.1321331614781017,0.270703125,1.1304726037570938,1.5649495152351955,0,,,0.0004446049101942,Information
622448,11456.0,14663.79972,BRA,Brazil,Mato Grosso,1.314266982,0.0,0.63,0.51,11456.0,11456.0,0.0,1.0,-9999.0,-9999.0,-9999.0,0.0,10.0,-999.9,-999.9,-999.9,-5979.4,0.0,0.0,0.0,0.0,0.0,0.0,0.0,0.0,0.0,0.0,0.0,-5979.4,1.2843276418781318,26.28533964,0.0,,80.812,0.551,17.375,0.118,0.062,0.0,0.0,0.0,0.17375,0.118,0.0009299999999999,0.0,0.0,0.0,0.2926799999999999,13.5,0.0920634504977913,16.03125,0.1093253474661271,0.2025,0.1380951757466869,0.56109375,0.3826387161314448,1.2843276418781318,10954,,,2.561249881964135e-05,Information
622449,11457.0,42193.11103,BRA,Brazil,Mato Grosso,0.740822399,0.0,0.63,0.51,11457.0,11457.0,0.0,1.0,-9999.0,-9999.0,-9999.0,0.0,10.0,-999.9,-999.9,-999.9,-5979.4,0.0,0.0,0.0,0.0,0.0,0.0,0.0,0.0,0.0,0.0,0.0,-5979.4,2.697155227519168,14.81644798,0.0,,194.125,0.46,43.25,0.103,1.562,0.004,2.562,0.006,0.4325,0.103,0.02343,0.006,0.06405,0.015,0.6439799999999999,23.625,0.055992552868894,52.171875,0.1236502209188077,0.354375,0.083988829303341,1.826015625,0.4327757732158269,2.697155227519168,129805,,,0.0002775947420185,Information
622451,11458.0,388.9595239,BRA,Brazil,Pará,4.010719382,0.0,0.63,0.51,11458.0,,,,,,,,,,,,,,,,,,,,,,,,,3.206995,80.21438764000001,0.0,,19.75,5.078,9.812,2.523,0.625,0.161,0.5,0.129,0.09812,2.523,0.009375,0.2415,0.0125,0.3225,3.206995,0.140625,0.0361541475023643,2.25,0.5784663600378289,0.002109375,0.0542312212535464,0.07875,2.0246322601324014,2.159722856385948,0,,,0.0344083963442283,Information
622452,11459.0,2393.706295,BRA,Brazil,Pará,3.129266461,0.0,0.63,0.51,11459.0,,,,,,,,,,,,,,,,,,,,,,,,,0.39525,62.58532922,0.0,,30.625,1.279,7.625,0.319,0.0,0.0,0.0,0.0,0.07625,0.319,0.0,0.0,0.0,0.0,0.39525,,,,,,,,,,0,,,2.678478042912834e-06,Information
622453,11460.0,2443.044113,BRA,Brazil,Mato Grosso,3.495424579,0.0,0.63,0.51,11460.0,11460.0,0.0,1.0,-9999.0,-9999.0,-9999.0,0.0,10.0,-999.9,-999.9,-999.9,-5979.4,0.0,0.0,0.0,0.0,0.0,0.0,0.0,0.0,0.0,0.0,0.0,-5979.4,2.413724886232069,69.90849158,0.0,,52.25,2.139,26.125,1.069,2.0,0.082,2.625,0.107,0.26125,1.069,0.03,0.123,0.065625,0.2675,1.816375,0.421875,0.0172684151593359,13.359375,0.5468331467123042,0.006328125,0.0259026227390038,0.467578125,1.9139160134930648,2.413724886232069,0,,,0.0058167311168743,Information
622455,11462.0,3718.175273,BRA,Brazil,Mato Grosso,4.014807961,0.0,0.63,0.51,11462.0,11462.0,0.0,1.0,-9999.0,-9999.0,-9999.0,0.0,10.0,-999.9,-999.9,-999.9,-5979.4,0.0,0.0,0.0,0.0,0.0,0.0,0.0,0.0,0.0,0.0,0.0,-5979.4,2.16667,80.29615921999999,0.0,,48.625,1.308,38.062,1.024,3.25,0.087,6.312,0.17,0.3806199999999999,1.024,0.04875,0.1305,0.1578,0.425,2.16667,1.546875,0.0416030683496833,13.640625,0.3668634209017528,0.023203125,0.0624046025245249,0.477421875,1.2840219731561346,1.84705157568066,277,,,0.013635311760823,Information
622456,11463.0,6623.710056,BRA,Brazil,Pará,0.326470297,0.0,0.63,0.51,11463.0,,,,,,,,,,,,,,,,,,,,,,,,,0.2955,6.52940594,0.0,,20.688,0.312,11.25,0.17,0.125,0.002,0.125,0.002,0.1125,0.17,0.001875,0.003,0.003125,0.005,0.2955,1.40625,0.0212305488626868,1.40625,0.0212305488626868,0.02109375,0.0318458232940302,0.04921875,0.0743069210194038,0.176465244313434,0,,,4.2878610587038935e-09,Information
622457,11464.0,2612.055363,BRA,Brazil,Mato Grosso,2.775393295,0.0,0.63,0.51,11464.0,,,,,,,,,,,,,,,,,,,,,,,,,1.481695,55.507865900000006,0.0,,40.312,1.543,24.875,0.952,1.188,0.045,1.625,0.062,0.24875,0.952,0.01782,0.0675,0.040625,0.155,1.481695,0.5625,0.0215347656125694,4.078125,0.1561270506911283,0.0084375,0.0323021484188541,0.142734375,0.5464446774189491,0.7299187008378032,553,,,0.000334319370989,Information
622458,11465.0,13827.72964,BRA,Brazil,Pará,0.896974043,0.0,0.63,0.51,11465.0,,,,,,,,,,,,,,,,,,,,,,,,,0.5258405256950476,17.93948086,0.0,,48.188,0.348,16.375,0.118,1.875,0.014,0.25,0.002,0.16375,0.118,0.028125,0.021,0.00625,0.005,0.342125,4.921875,0.0355942380153302,6.609375,0.0477979767634435,0.073828125,0.0533913570229953,0.231328125,0.1672929186720522,0.5258405256950476,0,,,2.2065733726417255e-07,Information
622459,11466.0,91.25037459,BRA,Brazil,Mato Grosso,4.092936137,0.0,0.63,0.51,11466.0,,,,,,,,,,,,,,,,,,,,,,,,,6.220608256105384,81.85872273999999,0.0,,2.188,2.397,2.188,2.397,0.0,0.0,0.062,0.068,0.02188,2.397,0.0,0.0,0.00155,0.17,2.59043,0.140625,0.1541089564026345,1.546875,1.6951985204289806,0.002109375,0.2311634346039517,0.054140625,5.933194821501432,6.220608256105384,0,,,0.1422371612931752,Information
622460,11467.0,16127.57016,BRA,Brazil,Mato Grosso,1.900514657,0.0,0.63,0.51,11467.0,,,,,,,,,,,,,,,,,,,,,,,,,1.1345456133526155,38.01029314,0.0,,150.188,0.931,35.188,0.218,0.0,0.0,0.312,0.002,0.35188,0.218,0.0,0.0,0.0078,0.005,0.5826800000000001,11.25,0.0697563234301391,15.1875,0.0941710366306877,0.16875,0.1046344851452086,0.5315625,0.3295986282074069,1.1345456133526155,17944,,,3.157287126378524e-05,Information
622470,11468.0,19509.90017,BRA,Brazil,Mato Grosso,1.03718753,0.0,0.63,0.51,11468.0,11468.0,0.0,1.0,-9999.0,-9999.0,-9999.0,0.0,10.0,-999.9,-999.9,-999.9,-5979.4,0.0,0.0,0.0,0.0,0.0,0.0,0.0,0.0,0.0,0.0,0.0,-5979.4,10.013030921365695,20.7437506,0.0,,184.375,0.945,148.938,0.763,19.938,0.102,26.062,0.134,1.48938,0.763,0.2990699999999999,0.153,0.65155,0.335,3.691,51.1875,0.2623667961502099,167.203125,0.857016814897252,0.7678125,0.3935501942253149,5.852109375,2.999558852140382,10.013030921365695,66317,,,0.0192824794628054,Information
622480,11469.0,19555.80871,BRA,Brazil,Mato Grosso,1.313317025,0.0,0.63,0.51,11469.0,11469.0,0.0,1.0,-9999.0,-9999.0,-9999.0,0.0,10.0,-999.9,-999.9,-999.9,-5979.4,0.0,0.0,0.0,0.0,0.0,0.0,0.0,0.0,0.0,0.0,0.0,-5979.4,1.3644720066452751,26.2663405,0.0,,143.625,0.734,25.062,0.128,2.625,0.013,2.5,0.013,0.25062,0.128,0.039375,0.0195,0.0625,0.0325,0.532495,10.96875,0.0560894727699867,21.09375,0.1078643707115129,0.16453125,0.08413420915498,0.73828125,0.3775252974902952,1.3644720066452751,100879,,,3.307959342464618e-05,Information
622491,11470.0,590.0687763,BRA,Brazil,Mato Grosso,1.189886712,0.0,0.63,0.51,11470.0,11470.0,0.0,1.0,-9999.0,-9999.0,-9999.0,0.0,10.0,-999.9,-999.9,-999.9,-5979.4,0.0,0.0,0.0,0.0,0.0,0.0,0.0,0.0,0.0,0.0,0.0,-5979.4,9.426474299759418,23.79773424,0.0,,14.875,2.521,14.875,2.521,0.938,0.159,1.0,0.169,0.14875,2.521,0.01407,0.2385,0.025,0.4225,3.36982,5.484375,0.9294467391315054,12.65625,2.144877090303474,0.082265625,1.3941701086972582,0.44296875,7.50706981606216,9.426474299759418,0,,,0.018314782194113,Information
622493,11472.0,2754.397602,BRA,Brazil,Mato Grosso,0.76877181,0.0,0.63,0.51,11472.0,,,,,,,,,,,,,,,,,,,,,,,,,3.291675501056453,15.3754362,0.0,,33.125,1.203,29.312,1.064,0.75,0.027,2.688,0.098,0.29312,1.064,0.01125,0.0405,0.0672,0.245,1.72107,3.09375,0.1123203853080948,18.984375,0.689238728026946,0.04640625,0.1684805779621422,0.664453125,2.412335548094311,3.291675501056453,3454,,,0.0005834947263378,Information
622494,11473.0,2419.805323,BRA,Brazil,Mato Grosso,1.693286412,0.0,0.63,0.51,11473.0,,,,,,,,,,,,,,,,,,,,,,,,,1.1259561943532737,33.86572824,0.0,,22.062,0.912,2.188,0.09,0.0,0.0,0.0,0.0,0.02188,0.09,0.0,0.0,0.0,0.0,0.11188,3.796875,0.1569082836380666,4.640625,0.1917767911131925,0.056953125,0.2353624254570999,0.162421875,0.6712187688961738,1.1259561943532737,323,,,2.3200283445217443e-05,Information
622495,11474.0,9468.822337,BRA,Brazil,Mato Grosso,0.304341644,0.0,0.63,0.51,11474.0,11474.0,0.0,1.0,-9999.0,-9999.0,-9999.0,0.0,10.0,-999.9,-999.9,-999.9,-5979.4,0.0,0.0,0.0,0.0,0.0,0.0,0.0,0.0,0.0,0.0,0.0,-5979.4,39.40093295199934,6.08683288,0.0,,217.375,2.296,214.062,2.261,47.188,0.498,58.0,0.613,2.14062,2.261,0.7078200000000001,0.747,1.45,1.5325,8.838940000000001,192.09375,2.0286973728576423,465.1875,4.912833755060821,2.88140625,3.043046059286463,16.2815625,17.194918142712872,39.40093295199934,117536,,,0.192538146173427,Advisory
622496,11475.0,13486.4189,BRA,Brazil,Mato Grosso,0.640553619,0.0,0.63,0.51,11475.0,,,,,,,,,,,,,,,,,,,,,,,,,1.822030440985084,12.81107238,0.0,,79.875,0.592,22.062,0.164,3.312,0.025,2.5,0.019,0.22062,0.164,0.04968,0.0375,0.0625,0.0475,0.5818,8.71875,0.0646483700820902,26.15625,0.1939451102462708,0.13078125,0.0969725551231353,0.91546875,0.6788078858619478,1.822030440985084,123357,,,5.483753219981897e-05,Information
622497,11476.0,2737.220046,BRA,Brazil,Mato Grosso,0.253789604,0.0,0.63,0.51,11476.0,,,,,,,,,,,,,,,,,,,,,,,,,2.2935884743719663,5.07579208,0.0,,8.938,0.327,3.188,0.116,0.0,0.0,0.438,0.016,0.03188,0.116,0.0,0.0,0.01095,0.04,0.19883,5.625,0.2055004678313228,11.671875,0.4264134707499948,0.084375,0.3082507017469842,0.408515625,1.492447147624982,2.2935884743719663,65529,,,9.844991395253924e-05,Information
622499,11478.0,16582.72469,BRA,Brazil,Mato Grosso,1.012165874,0.0,0.63,0.51,11478.0,11478.0,0.0,1.0,-9999.0,-9999.0,-9999.0,0.0,10.0,-999.9,-999.9,-999.9,-5979.4,0.0,0.0,0.0,0.0,0.0,0.0,0.0,0.0,0.0,0.0,0.0,-5979.4,0.7664521650813787,20.24331748,0.0,,45.25,0.273,13.312,0.08,0.188,0.001,0.062,0.0,0.13312,0.08,0.00282,0.0015,0.00155,0.0,0.2189899999999999,1.6875,0.0101762528852251,12.9375,0.078017938786726,0.0253125,0.0152643793278376,0.4528125,0.273062785753541,0.7664521650813787,142471,,,1.7006827541114217e-06,Information
622510,11479.0,6062.54761,BRA,Brazil,Pará,3.063618491,0.0,0.63,0.51,11479.0,11479.0,0.0,1.0,-9999.0,-9999.0,-9999.0,0.0,10.0,-999.9,-999.9,-999.9,-5979.4,0.0,0.0,0.0,0.0,0.0,0.0,0.0,0.0,0.0,0.0,0.0,-5979.4,20.84782252354384,61.27236982,0.0,,255.188,4.209,214.062,3.531,14.375,0.237,14.25,0.235,2.14062,3.531,0.215625,0.3555,0.35625,0.5874999999999999,7.186495000000001,57.65625,0.951023459190952,200.109375,3.300747274216402,0.86484375,1.426535188786428,7.003828125,11.552615459757408,20.84782252354384,58384,,,0.2678581221235095,Information
622521,11480.0,1039.23913,BRA,Brazil,Pará,0.603153175,0.0,0.63,0.51,11480.0,11480.0,0.0,1.0,-9999.0,-9999.0,-9999.0,0.0,10.0,-999.9,-999.9,-999.9,-5979.4,0.0,0.0,0.0,0.0,0.0,0.0,0.0,0.0,0.0,0.0,0.0,-5979.4,17.066418636009455,12.0630635,0.0,,67.688,6.513,38.938,3.747,4.125,0.397,5.938,0.571,0.38938,3.747,0.061875,0.5955,0.14845,1.4274999999999998,6.369705,17.859375,1.718504864243502,38.25,3.6805773470412007,0.267890625,2.577757296365253,1.33875,12.882020714644202,17.066418636009455,31801,,,0.0505538344737713,Information
622522,11481.0,28808.20817,BRA,Brazil,Pará,3.79449626,0.0,0.63,0.51,11481.0,11481.0,0.0,2.0,-9999.0,-9999.0,-9999.0,0.0,9.0,-999.9,-999.9,-999.9,-5981.4,0.0,0.0,0.0,0.0,0.0,0.0,0.0,0.0,0.0,0.0,0.0,-5981.4,15.93752096153327,75.8899252,0.0,,595.625,2.068,318.0,1.104,31.562,0.11,32.812,0.114,3.18,1.104,0.47343,0.165,0.8203,0.285,6.027730000000002,109.828125,0.3812390009161397,290.953125,1.0099660600454456,1.647421875,0.5718585013742096,10.183359375,3.53488121015906,15.93752096153327,50511,,,0.3394540235415743,Information
622523,11482.0,587.9789786,BRA,Brazil,Pará,0.304318501,0.0,0.63,0.51,11482.0,,,,,,,,,,,,,,,,,,,,,,,,,12.648799221665946,6.08637002,0.0,,21.688,3.688,10.062,1.711,1.438,0.244,2.188,0.372,0.1006199999999999,1.711,0.02157,0.366,0.0547,0.93,3.18389,10.40625,1.7698336809875477,15.609375,2.654750521481321,0.15609375,2.6547505214813216,0.546328125,9.291626825184624,12.648799221665946,24756,,,0.0224915081557524,Information
622524,11483.0,42254.55382,BRA,Brazil,Pará,1.796645853,0.0,0.63,0.51,11483.0,11483.0,0.0,5.0,-9999.0,-9999.0,-9999.0,0.0,6.0,-999.9,-999.9,-999.9,-5987.4,0.0,0.0,0.0,0.0,0.0,0.0,0.0,0.0,0.0,0.0,0.0,-5987.4,5.316289197287965,35.93291706,0.0,,700.0,1.657,229.562,0.543,8.25,0.02,9.5,0.022,2.29562,0.543,0.12375,0.03,0.2375,0.0549999999999999,3.28487,36.5625,0.0865291351962286,107.15625,0.2535969269981777,0.5484375,0.1297937027943428,3.75046875,0.887589244493622,5.316289197287965,7170,,,0.006402353391564,Information
622525,11484.0,6450.183163,BRA,Brazil,Pará,1.919959262,0.0,0.63,0.51,11484.0,,,,,,,,,,,,,,,,,,,,,,,,,9.799894418330558,38.39918524,0.0,,263.438,4.084,131.75,2.043,11.062,0.172,12.438,0.193,1.3175,2.043,0.16593,0.258,0.31095,0.4825,4.57788,37.96875,0.5886460747298264,93.515625,1.449813480353091,0.56953125,0.8829691120947396,3.273046875,5.074347181235819,9.799894418330558,7018,,,0.0330088489278668,Information
622526,11485.0,25961.34635,BRA,Brazil,Pará,4.056037971,0.0,0.63,0.51,11485.0,11485.0,1.0,1.0,100.0,-9999.0,-9999.0,3.0,10.0,10.0,-999.9,-999.9,-4213.225,0.0,0.0,0.0,0.0,0.0,0.0,0.0,0.0,0.0,0.0,0.0,-4213.225,4.676957540418284,81.12075942000001,0.0,,574.062,2.211,162.312,0.625,4.562,0.018,0.562,0.002,1.62312,0.625,0.06843,0.0269999999999999,0.01405,0.005,2.3626000000000005,46.265625,0.1782096520398232,76.640625,0.2952105178167284,0.693984375,0.2673144780597348,2.682421875,1.0332368123585494,4.676957540418284,1549,,,0.0814453447877193,Information
622527,11486.0,78.95890317,BRA,Brazil,Pará,3.989144102,0.0,0.63,0.51,11486.0,11486.0,0.0,1.0,-9999.0,-9999.0,-9999.0,0.0,10.0,-999.9,-999.9,-999.9,-5979.4,0.0,0.0,0.0,0.0,0.0,0.0,0.0,0.0,0.0,0.0,0.0,-5979.4,4.577383327590179,79.78288204,0.0,,3.5,4.433,2.25,2.85,0.062,0.079,0.25,0.317,0.0225,2.85,0.0009299999999999,0.1185,0.00625,0.7925,3.79068,0.421875,0.5342969355988446,0.84375,1.0685938711976892,0.006328125,0.801445403398267,0.02953125,3.740078549191912,4.577383327590179,707,,,0.0687186618763457,Information
622530,11489.0,4727.979652,BRA,Brazil,Pará,3.352723706,0.0,0.63,0.51,11489.0,,,,,,,,,,,,,,,,,,,,,,,,,18.422465397593776,67.05447412,0.0,,250.625,5.301,188.5,3.987,9.125,0.193,9.375,0.198,1.885,3.987,0.136875,0.2895,0.234375,0.495,7.02775,42.1875,0.8922944493587286,150.890625,3.1914398138730524,0.6328125,1.3384416740380929,5.281171875,11.170039348555685,18.422465397593776,58871,,,0.2805243285734496,Information
622541,11490.0,213.6261001,BRA,Brazil,Amazonas,1.939597688,0.0,0.63,0.51,11490.0,,,,,,,,,,,,,,,,,,,,,,,,,8.20257,38.79195376,0.0,,36.938,17.291,13.625,6.378,1.938,0.907,0.25,0.117,0.13625,6.378,0.02907,1.3605,0.00625,0.2925,8.20257,0.0,0.0,2.25,1.0532420893127246,0.0,0.0,0.07875,3.686347312594536,3.765097312594536,8324,,,0.022224532120495,Information
622542,11491.0,10070.42892,BRA,Brazil,Pará,2.272152012,0.0,0.63,0.51,11491.0,,,,,,,,,,,,,,,,,,,,,,,,,3.189432996066564,45.44304024,0.0,,131.75,1.308,54.75,0.544,3.625,0.036,1.625,0.016,0.5475,0.544,0.054375,0.0539999999999999,0.040625,0.04,1.2805,5.625,0.0558566079461006,43.3125,0.4300958811849752,0.084375,0.0837849119191509,1.5159375,1.5053355841474132,3.189432996066564,10940,,,0.0022599078677091,Information
622543,11492.0,11631.02464,BRA,Brazil,Amazonas,3.98131695,0.0,0.63,0.51,11492.0,,,,,,,,,,,,,,,,,,,,,,,,,13.692407500171791,79.626339,0.0,,651.75,5.604,406.438,3.494,18.375,0.158,8.75,0.075,4.06438,3.494,0.275625,0.237,0.21875,0.1875,8.477255,70.171875,0.6033163646186086,180.28125,1.5500031652125374,1.052578125,0.9049745469279128,6.30984375,5.425011078243881,13.692407500171791,43303,,,0.3455357206103719,Information
622544,11493.0,26498.87313,BRA,Brazil,Amazonas,1.366555058,0.0,0.63,0.51,11493.0,,,,,,,,,,,,,,,,,,,,,,,,,1.761640512380254,27.331101160000003,0.0,,127.312,0.48,85.938,0.324,8.938,0.034,8.688,0.033,0.85938,0.324,0.13407,0.051,0.2172,0.0825,1.66815,6.1875,0.0233500495269171,33.890625,0.1278945894542509,0.0928125,0.0350250742903756,1.186171875,0.4476310630898781,1.761640512380254,37148,,,9.974240857490706e-05,Information
622545,11494.0,10800.39794,BRA,Brazil,Amazonas,3.260224863,0.0,0.63,0.51,11494.0,,,,,,,,,,,,,,,,,,,,,,,,,9.825659280733989,65.20449726,0.0,,362.312,3.355,187.562,1.737,8.062,0.075,9.562,0.089,1.87562,1.737,0.12093,0.1124999999999999,0.2390499999999999,0.2224999999999999,4.3076,16.59375,0.1536401723061219,138.65625,1.2838068635070867,0.24890625,0.2304602584591828,4.85296875,4.493324022274804,9.825659280733989,7751,,,0.1030269444285387,Information
622546,11495.0,21897.69453,BRA,Brazil,Amazonas,2.764197777,0.0,0.63,0.51,11495.0,,,,,,,,,,,,,,,,,,,,,,,,,1.8066500000000003,55.28395554,0.0,,232.812,1.063,106.438,0.486,7.688,0.035,2.438,0.011,1.06438,0.486,0.11532,0.0525,0.06095,0.0274999999999999,1.8066500000000003,10.265625,0.046879935180713,25.03125,0.1143099789337935,0.153984375,0.0703199027710695,0.87609375,0.4000849262682772,1.5004829540393467,2650,,,0.0006663162847771,Information
622547,11496.0,11691.66402,BRA,Brazil,Amazonas,3.244351284,0.0,0.63,0.51,11496.0,,,,,,,,,,,,,,,,,,,,,,,,,3.26162,64.88702568,0.0,,366.062,3.131,147.562,1.262,13.0,0.111,3.5,0.03,1.4756200000000002,1.262,0.195,0.1665,0.0875,0.075,3.26162,4.21875,0.0360834008962866,44.296875,0.3788757094110094,0.06328125,0.0541251013444299,1.550390625,1.326064982938533,2.9938619592829627,3792,,,0.0087425127123915,Information
622548,11497.0,14257.48243,BRA,Brazil,Amazonas,2.798375092,0.0,0.63,0.51,11497.0,,,,,,,,,,,,,,,,,,,,,,,,,1.16293,55.96750184,0.0,,114.75,0.805,66.0,0.463,1.562,0.011,0.0,0.0,0.66,0.463,0.02343,0.0165,0.0,0.0,1.16293,,,,,,,,,,369,,,0.0001395383990909,Information
622549,11498.0,26601.05217,BRA,Brazil,Amazonas,3.3976137,0.0,0.63,0.51,11498.0,11498.0,0.0,1.0,-9999.0,-9999.0,-9999.0,0.0,10.0,-999.9,-999.9,-999.9,-5979.4,0.0,0.0,0.0,0.0,0.0,0.0,0.0,0.0,0.0,0.0,0.0,-5979.4,1.357175,67.952274,0.0,,163.312,0.614,95.562,0.359,1.062,0.004,0.625,0.002,0.95562,0.359,0.01593,0.006,0.015625,0.005,1.357175,16.171875,0.0607941178352323,20.953125,0.0787680309343445,0.242578125,0.0911911767528484,0.733359375,0.2756881082702057,1.342816785023054,1325,,,0.0007839298226519,Information
622550,11499.0,4018.38995,BRA,Brazil,Amazonas,3.303673596,0.0,0.63,0.51,11499.0,,,,,,,,,,,,,,,,,,,,,,,,,45.55267522625466,66.07347192,0.0,3.0,240.5,5.985,192.562,4.792,25.062,0.624,16.875,0.42,1.92562,4.792,0.37593,0.936,0.421875,1.05,9.501425,127.96875,3.184577693677426,318.234375,7.919449803068149,1.91953125,4.77686654051614,11.138203125,27.718074310738523,45.55267522625466,88701,569.0,0.64,0.6158778131679555,Watch
622561,11500.0,3494.487934,BRA,Brazil,Amazonas,4.038522981,0.0,0.63,0.51,11500.0,,,,,,,,,,,,,,,,,,,,,,,,,11.43651664498332,80.77045962,0.0,,104.438,2.989,76.75,2.196,14.812,0.424,10.25,0.293,0.7675,2.196,0.22218,0.636,0.25625,0.7324999999999999,4.81043,15.328125,0.438637227826772,78.046875,2.233428086640904,0.229921875,0.657955841740158,2.731640625,7.816998303243163,11.43651664498332,25130,,,0.3016585784610949,Information
622562,11501.0,30154.14045,BRA,Brazil,Amazonas,1.76393417,0.0,0.63,0.51,11501.0,11501.0,0.0,6.0,-9999.0,-9999.0,-9999.0,0.0,5.0,-999.9,-999.9,-999.9,-5986.4,0.0,0.0,0.0,0.0,0.0,0.0,0.0,0.0,0.0,0.0,0.0,-5986.4,10.131723221638108,35.2786834,0.0,,613.0,2.033,382.125,1.267,58.688,0.195,23.188,0.077,3.82125,1.267,0.8803200000000001,0.2925,0.5797,0.1925,7.03327,61.3125,0.2033302859503217,191.109375,0.6337749050607504,0.9196875,0.3049954289254826,6.688828125,2.2182121677126263,10.131723221638108,18863,,,0.0318396049434979,Information
622563,11502.0,4553.464121,BRA,Brazil,Amazonas,2.795753759,0.0,0.63,0.51,11502.0,,,,,,,,,,,,,,,,,,,,,,,,,4.737264208106291,55.91507518,0.0,,71.812,1.577,49.625,1.09,2.312,0.051,3.25,0.071,0.49625,1.09,0.03468,0.0765,0.08125,0.1775,1.9561800000000005,12.515625,0.2748594184264325,36.984375,0.8122250229904691,0.187734375,0.4122891276396487,1.294453125,2.842787580466642,4.737264208106291,1353,,,0.0128518930264312,Information
622564,11503.0,5068.268856,BRA,Brazil,Amazonas,2.768342501,0.0,0.63,0.51,11503.0,,,,,,,,,,,,,,,,,,,,,,,,,1.25793,55.36685002,0.0,,185.25,3.655,42.188,0.832,0.0,0.0,0.062,0.001,0.42188,0.832,0.0,0.0,0.00155,0.0025,1.25793,0.421875,0.0083238480827249,9.984375,0.1969977379578243,0.006328125,0.0124857721240873,0.349453125,0.6894920828523851,1.0577591049764723,299,,,0.0001791668238548,Information
622565,11504.0,8910.123384,BRA,Brazil,Amazonas,2.834218294,0.0,0.63,0.51,11504.0,11504.0,0.0,1.0,-9999.0,-9999.0,-9999.0,0.0,10.0,-999.9,-999.9,-999.9,-5979.4,0.0,0.0,0.0,0.0,0.0,0.0,0.0,0.0,0.0,0.0,0.0,-5979.4,1.657895845382214,56.68436588,0.0,,140.688,1.579,57.0,0.64,0.062,0.001,0.062,0.001,0.57,0.64,0.0009299999999999,0.0015,0.00155,0.0025,1.21648,6.46875,0.0726000047481221,19.546875,0.2193782752171516,0.09703125,0.1089000071221831,0.684140625,0.7678239632600307,1.657895845382214,813,,,0.0005512668439738,Information
622566,11505.0,4841.151903,BRA,Brazil,Amazonas,2.75999808,0.0,0.63,0.51,11505.0,,,,,,,,,,,,,,,,,,,,,,,,,4.153681141787626,55.1999616,0.0,,88.25,1.823,20.562,0.425,0.0,0.0,0.0,0.0,0.20562,0.425,0.0,0.0,0.0,0.0,0.63062,5.34375,0.1103817873771975,36.421875,0.7523390244919514,0.08015625,0.1655726810657962,1.274765625,2.63318658572183,4.153681141787626,0,,,0.0086983624105448,Information
622567,11506.0,4304.942187,BRA,Brazil,Amazonas,1.587525595,0.0,0.63,0.51,11506.0,,,,,,,,,,,,,,,,,,,,,,,,,3.5069697153429624,31.7505119,0.0,,174.125,4.045,56.5,1.312,0.625,0.015,0.0,0.0,0.565,1.312,0.009375,0.0225,0.0,0.0,1.908875,3.09375,0.0718650765989942,28.828125,0.6696518501269918,0.04640625,0.1077976148984913,1.008984375,2.3437814754444712,3.5069697153429624,105,,,0.0014966867480454,Information
622568,11507.0,2100.33213,BRA,Brazil,Roraima,3.153797144,0.0,0.63,0.51,11507.0,,,,,,,,,,,,,,,,,,,,,,,,,1.4744947765149623,63.07594288,0.0,,32.062,1.527,7.312,0.348,0.0,0.0,0.0,0.0,0.07312,0.348,0.0,0.0,0.0,0.0,0.42112,0.0,0.0,7.3125,0.3481592218614179,0.0,0.0,0.2559375,1.2185572765149626,1.4744947765149623,0,,,0.000639729077693,Information
622569,11508.0,4949.382634,BRA,Brazil,Roraima,0.258646206,0.0,0.63,0.51,11508.0,,,,,,,,,,,,,,,,,,,,,,,,,3.2068726580465,5.172924119999999,0.0,,78.125,1.578,33.812,0.683,5.312,0.107,0.438,0.009,0.33812,0.683,0.07968,0.1605,0.01095,0.0225,1.29475,7.453125,0.1505869630814099,27.140625,0.5483638466926815,0.111796875,0.2258804446221148,0.949921875,1.919273463424385,3.2068726580465,3026,,,0.0003536177253626,Information
622570,11509.0,731.9123287,BRA,Brazil,Amazonas,4.061460503,0.0,0.63,0.51,11509.0,,,,,,,,,,,,,,,,,,,,,,,,,17.495744811788988,81.22921006,0.0,,44.75,6.114,29.625,4.048,5.625,0.769,2.812,0.384,0.29625,4.048,0.084375,1.1535,0.0702999999999999,0.96,6.612424999999999,13.921875,1.902123308181626,28.125,3.842673349861871,0.208828125,2.8531849622724392,0.984375,13.449356724516548,17.495744811788988,1664,,,0.4719598367459393,Advisory
622580,11510.0,12910.14916,BRA,Brazil,Amazonas,3.30206874,0.0,0.63,0.51,11510.0,,,,,,,,,,,,,,,,,,,,,,,,,6.02540719888272,66.0413748,0.0,,290.938,2.254,167.688,1.299,11.5,0.089,9.875,0.076,1.67688,1.299,0.1725,0.1335,0.246875,0.19,3.718755,16.03125,0.1241755599182564,90.140625,0.6982152097158101,0.24046875,0.1862633398773846,3.154921875,2.443753234005335,6.02540719888272,62348,,,0.0418904269689211,Information
622590,11511.0,3626.463216,BRA,Brazil,Amazonas,2.900659559,0.0,0.63,0.51,11511.0,11511.0,0.0,1.0,-9999.0,-9999.0,-9999.0,0.0,10.0,-999.9,-999.9,-999.9,-5979.4,0.0,0.0,0.0,0.0,0.0,0.0,0.0,0.0,0.0,0.0,0.0,-5979.4,19.172976252293594,58.01319118000001,0.0,,292.312,8.061,206.312,5.689,12.875,0.355,12.562,0.346,2.06312,5.689,0.193125,0.5325,0.31405,0.865,9.656795,26.15625,0.7212605902374558,134.578125,3.711002069124975,0.39234375,1.0818908853561835,4.710234375,12.988507241937413,19.172976252293594,78678,,,0.2165629821692644,Information
622611,11512.0,63.82054479,BRA,Brazil,Amazonas,3.066768801,0.0,0.63,0.51,11512.0,,,,,,,,,,,,,,,,,,,,,,,,,10.32093,61.33537602,0.0,,7.562,11.85,7.438,11.654,0.0,0.0,0.062,0.098,0.07438,10.0,0.0,0.0,0.00155,0.245,10.32093,0.140625,0.220344405481733,0.28125,0.440688810963466,0.002109375,0.3305166082225995,0.00984375,1.542410838372131,1.8848805715947303,1424,,,0.0932921679415599,Information
622612,11513.0,46096.67644,BRA,Brazil,Amazonas,3.421087877,0.0,0.63,0.51,11513.0,,,,,,,,,,,,,,,,,,,,,,,,,17.6453728571433,68.42175754,0.0,,1625.0,3.525,807.812,1.752,56.438,0.122,14.875,0.032,8.07812,1.752,0.8465700000000002,0.183,0.371875,0.08,11.311565,56.109375,0.1217210856124699,390.234375,0.8465564224927422,0.841640625,0.1825816284187048,13.658203125,2.962947478724597,17.6453728571433,71559,,,0.2802851032715294,Information
622613,11514.0,45.35851757,BRA,Brazil,Amazonas,1.00990549,0.0,0.63,0.51,11514.0,,,,,,,,,,,,,,,,,,,,,,,,,38.91442218199752,20.1981098,0.0,,4.75,10.472,4.75,10.472,0.125,0.276,0.312,0.689,0.0475,10.0,0.001875,0.414,0.0078,1.7225,12.193675,1.125,2.4802397879983484,5.0625,11.161079045992569,0.016875,3.720359681997522,0.1771875,35.0,38.91442218199752,643,,,0.2363224577415369,Advisory
622614,11515.0,539.261753,BRA,Brazil,Amazonas,3.137540776,0.0,0.63,0.51,11515.0,,,,,,,,,,,,,,,,,,,,,,,,,8.780999846571607,62.75081552,0.0,,43.938,8.148,32.25,5.98,0.25,0.046,0.375,0.07,0.3225,5.98,0.00375,0.069,0.009375,0.175,6.5596250000000005,0.421875,0.0782319527847099,12.65625,2.346958583541298,0.006328125,0.1173479291770648,0.44296875,8.214355042394542,8.780999846571607,290,,,0.0742233571921194,Information
622615,11516.0,79.17376418,BRA,Brazil,Amazonas,2.41268864,0.0,0.63,0.51,11516.0,,,,,,,,,,,,,,,,,,,,,,,,,12.442022411387851,48.25377279999999,0.0,,0.188,0.237,0.188,0.237,0.0,0.0,0.062,0.079,0.00188,0.237,0.0,0.0,0.00155,0.1975,0.43793,0.28125,0.3552313103996504,2.671875,3.374697448796679,0.00421875,0.5328469655994756,0.093515625,11.811441070788376,12.442022411387851,0,,,0.0770393129942279,Information
622616,11517.0,735.2224683,BRA,Brazil,Amazonas,2.604331118,0.0,0.63,0.51,11517.0,,,,,,,,,,,,,,,,,,,,,,,,,6.580862966560223,52.08662236000001,0.0,,44.062,5.993,28.875,3.927,2.875,0.391,2.062,0.281,0.28875,3.927,0.043125,0.5865,0.0515499999999999,0.7025000000000001,5.599425,0.84375,0.1147611826813146,12.515625,1.7022908764395002,0.01265625,0.1721417740219719,0.438046875,5.958018067538251,6.580862966560223,1910,,,0.0235595073135351,Information
622617,11518.0,3405.375429,BRA,Brazil,Amazonas,4.00851345,0.0,0.63,0.51,11518.0,11518.0,0.0,1.0,-9999.0,-9999.0,-9999.0,0.0,10.0,-999.9,-999.9,-999.9,-5979.4,0.0,0.0,0.0,0.0,0.0,0.0,0.0,0.0,0.0,0.0,0.0,-5979.4,5.131640840134561,80.17026899999999,0.0,,134.25,3.942,86.188,2.531,10.0,0.294,3.312,0.097,0.86188,2.531,0.15,0.4409999999999999,0.0828,0.2425,4.30918,6.1875,0.1816980280107019,34.59375,1.015857156605288,0.0928125,0.2725470420160528,1.21078125,3.555500048118508,5.131640840134561,45448,,,0.0882265452577348,Information
622618,11519.0,1932.479314,BRA,Brazil,Amazonas,1.223655592,0.0,0.63,0.51,11519.0,,,,,,,,,,,,,,,,,,,,,,,,,2.400245,24.47311184,0.0,,74.375,3.849,37.562,1.944,0.875,0.045,0.0,0.0,0.3756199999999999,1.944,0.013125,0.0675,0.0,0.0,2.400245,0.0,0.0,1.546875,0.0800461349530276,0.0,0.0,0.054140625,0.2801614723355966,0.3343020973355966,0,,,0.0002814188881438,Information
622619,11520.0,2553.708776,BRA,Brazil,Amazonas,2.595250392,0.0,0.63,0.51,11520.0,11520.0,0.0,1.0,-9999.0,-9999.0,-9999.0,0.0,10.0,-999.9,-999.9,-999.9,-5979.4,0.0,0.0,0.0,0.0,0.0,0.0,0.0,0.0,0.0,0.0,0.0,-5979.4,3.9333,51.90500784,0.0,,94.938,3.718,60.75,2.379,10.25,0.401,1.562,0.061,0.6075,2.379,0.15375,0.6015,0.03905,0.1525,3.9333,1.6875,0.0660803618696393,3.65625,0.1431741173842185,0.0253125,0.0991205428044589,0.12796875,0.5011094108447648,0.7535112036492237,14996,,,0.0061451221146683,Information
622621,11521.0,3941.046405,BRA,Brazil,Amazonas,1.980221378,0.0,0.63,0.51,11521.0,,,,,,,,,,,,,,,,,,,,,,,,,2.105795,39.60442756,0.0,,86.938,2.206,51.812,1.315,4.625,0.117,0.312,0.008,0.51812,1.315,0.069375,0.1755,0.0078,0.02,2.105795,0.0,0.0,1.546875,0.0392503624900256,0.0,0.0,0.054140625,0.1373762687150896,0.1915168937150896,6918,,,0.0003950745304629,Information
622623,11523.0,6805.511727,BRA,Brazil,Amazonas,3.441590873,0.0,0.63,0.51,11523.0,11523.0,0.0,1.0,-9999.0,-9999.0,-9999.0,0.0,10.0,-999.9,-999.9,-999.9,-5979.4,0.0,0.0,0.0,0.0,0.0,0.0,0.0,0.0,0.0,0.0,0.0,-5979.4,1.288330829899515,68.83181746,0.0,,38.812,0.57,26.938,0.396,5.688,0.084,0.75,0.011,0.26938,0.396,0.08532,0.126,0.01875,0.0274999999999999,0.9229500000000002,0.984375,0.0144643788660285,14.484375,0.2128330033144207,0.014765625,0.0216965682990427,0.506953125,0.7449155116004724,1.288330829899515,909,,,0.0007211475099847,Information
622624,11524.0,71127.20255,BRA,Brazil,Mato Grosso,0.517988468,0.0,0.63,0.51,11524.0,11524.0,0.0,1.0,-9999.0,-9999.0,-9999.0,0.0,10.0,-999.9,-999.9,-999.9,-5979.4,0.0,0.0,0.0,0.0,0.0,0.0,0.0,0.0,0.0,0.0,0.0,-5979.4,4.617798443094999,10.35976936,0.0,,360.75,0.507,143.938,0.202,0.812,0.001,0.5,0.001,1.43938,0.202,0.01218,0.0015,0.0125,0.0025,1.67006,61.875,0.0869920336789855,89.15625,0.12534761216472,0.928125,0.1304880505184782,3.12046875,0.43871664257652,4.617798443094999,74008,,,0.0015090609285681,Information
622625,11525.0,4826.571665,BRA,Brazil,Amazonas,2.800917109,0.0,0.63,0.51,11525.0,11525.0,0.0,1.0,-9999.0,-9999.0,-9999.0,0.0,10.0,-999.9,-999.9,-999.9,-5979.4,0.0,0.0,0.0,0.0,0.0,0.0,0.0,0.0,0.0,0.0,0.0,-5979.4,2.47525040118847,56.01834218,0.0,,3.938,0.082,2.688,0.056,0.688,0.014,0.625,0.013,0.02688,0.056,0.01032,0.021,0.015625,0.0325,0.162325,7.453125,0.1544186125881133,19.828125,0.4108117806589429,0.111796875,0.2316279188821699,0.693984375,1.4378412323063,2.47525040118847,243,,,0.0020046371640002,Information
622626,11526.0,11209.64101,BRA,Brazil,Mato Grosso,0.723439616,0.0,0.63,0.51,11526.0,,,,,,,,,,,,,,,,,,,,,,,,,0.47023,14.46879232,0.0,,42.0,0.375,20.75,0.185,1.812,0.016,0.562,0.005,0.2075,0.185,0.02718,0.024,0.01405,0.0125,0.47023,0.703125,0.0062725023878805,2.671875,0.0238355090739461,0.010546875,0.0094087535818207,0.093515625,0.0834242817588113,0.1968955353406321,1343,,,9.782981530070125e-08,Information
622627,11527.0,5812.939898,BRA,Brazil,Mato Grosso,3.714473811,0.0,0.63,0.51,11527.0,,,,,,,,,,,,,,,,,,,,,,,,,1.7807338256896204,74.28947622,0.0,,16.375,0.282,11.75,0.202,0.5,0.009,0.375,0.006,0.1175,0.202,0.0075,0.0134999999999999,0.009375,0.015,0.364875,7.875,0.1354736181280746,15.328125,0.2636897209992881,0.118125,0.2032104271921119,0.536484375,0.9229140234975084,1.7807338256896204,0,,,0.0037939761317564,Information
622628,11528.0,12459.64698,BRA,Brazil,Mato Grosso,0.488512491,0.0,0.63,0.51,11528.0,,,,,,,,,,,,,,,,,,,,,,,,,0.3953799999999999,9.77024982,0.0,,33.688,0.27,21.938,0.176,0.0,0.0,0.0,0.0,0.21938,0.176,0.0,0.0,0.0,0.0,0.3953799999999999,,,,,,,,,,16755,,,2.8134877373435205e-08,Information
622629,11529.0,25394.30918,BRA,Brazil,Rondônia,1.262639746,0.0,0.63,0.51,11529.0,11529.0,0.0,1.0,-9999.0,-9999.0,-9999.0,0.0,10.0,-999.9,-999.9,-999.9,-5979.4,0.0,0.0,0.0,0.0,0.0,0.0,0.0,0.0,0.0,0.0,0.0,-5979.4,0.41068,25.25279492,0.0,,96.125,0.379,29.375,0.116,0.062,0.0,0.0,0.0,0.29375,0.116,0.0009299999999999,0.0,0.0,0.0,0.41068,2.25,0.0088602528379051,2.8125,0.0110753160473814,0.03375,0.0132903792568576,0.0984375,0.0387636061658349,0.1842414854226925,4029,,,9.74942948020825e-08,Information
622631,11530.0,3994.277475,BRA,Brazil,Amazonas,4.020933615,0.0,0.63,0.51,11530.0,,,,,,,,,,,,,,,,,,,,,,,,,1.83607,80.4186723,0.0,,63.5,1.59,40.562,1.016,6.75,0.169,0.688,0.017,0.40562,1.016,0.10125,0.2535,0.0171999999999999,0.0425,1.83607,4.359375,0.1091405148314317,6.75,0.1689917649002814,0.065390625,0.1637107722471475,0.23625,0.5914711771509849,1.0568225743981323,0,,,0.0089677014341551,Information
622632,11531.0,8184.54594,BRA,Brazil,Amazonas,3.741762312,0.0,0.63,0.51,11531.0,,,,,,,,,,,,,,,,,,,,,,,,,1.0685540929643853,74.83524624,0.0,,84.875,1.037,33.188,0.405,0.75,0.009,0.0,0.0,0.33188,0.405,0.01125,0.0134999999999999,0.0,0.0,0.7616299999999999,0.5625,0.0068727086896419,13.5,0.1649450085514064,0.0084375,0.0103090630344628,0.4725,0.5773075299299224,1.0685540929643853,0,,,0.0007911828947226,Information
622633,11532.0,4265.425664,BRA,Brazil,Amazonas,2.136858091,0.0,0.63,0.51,11532.0,11532.0,0.0,1.0,-9999.0,-9999.0,-9999.0,0.0,10.0,-999.9,-999.9,-999.9,-5979.4,0.0,0.0,0.0,0.0,0.0,0.0,0.0,0.0,0.0,0.0,0.0,-5979.4,1.81304788768907,42.73716182,0.0,,74.0,1.735,42.5,0.996,5.688,0.133,0.875,0.021,0.425,0.996,0.08532,0.1995,0.021875,0.0525,1.7801950000000002,9.5625,0.2241863005521576,11.390625,0.2670454462459525,0.1434375,0.3362794508282364,0.398671875,0.9346590618608336,1.81304788768907,27689,,,0.0002775620695693,Information
622634,11533.0,11188.4835,BRA,Brazil,Amazonas,3.915971282,0.0,0.63,0.51,11533.0,,,,,,,,,,,,,,,,,,,,,,,,,0.340879711786177,78.31942564,0.0,,19.375,0.173,9.5,0.085,0.0,0.0,0.0,0.0,0.095,0.085,0.0,0.0,0.0,0.0,0.18,0.84375,0.007541236489977,4.78125,0.0427336734432033,0.01265625,0.0113118547349655,0.16734375,0.1495678570512115,0.340879711786177,1202,,,1.6432913901467908e-05,Information
622635,11534.0,3704.451047,BRA,Brazil,Amazonas,3.585995766,0.0,0.63,0.51,11534.0,,,,,,,,,,,,,,,,,,,,,,,,,2.86768,71.71991532,0.0,,70.625,1.906,45.438,1.227,11.25,0.304,6.062,0.164,0.45438,1.227,0.16875,0.4559999999999999,0.15155,0.41,2.86768,10.125,0.2733198487915841,12.65625,0.3416498109894802,0.151875,0.4099797731873761,0.44296875,1.1957743384631807,2.200597861650557,2077,,,0.0110497174660734,Information
622636,11535.0,27633.64355,BRA,Brazil,Amazonas,1.474938173,0.0,0.63,0.51,11535.0,11535.0,0.0,1.0,-9999.0,-9999.0,-9999.0,0.0,10.0,-999.9,-999.9,-999.9,-5979.4,0.0,0.0,0.0,0.0,0.0,0.0,0.0,0.0,0.0,0.0,0.0,-5979.4,2.1171878754034914,29.49876346,0.0,,187.312,0.678,140.188,0.507,3.625,0.013,0.125,0.0,1.4018799999999998,0.507,0.054375,0.0195,0.003125,0.0,1.98588,18.0,0.0651379900964694,36.703125,0.1328204329310821,0.27,0.097706985144704,1.284609375,0.4648715152587873,2.1171878754034914,6680,,,0.0002278397151677,Information
622637,11536.0,160.4056269,BRA,Brazil,Amazonas,1.545586935,0.0,0.63,0.51,11536.0,,,,,,,,,,,,,,,,,,,,,,,,,4.394375,30.9117387,0.0,,6.375,3.974,6.25,3.896,0.25,0.156,0.125,0.078,0.0625,3.896,0.00375,0.2339999999999999,0.003125,0.195,4.394375,0.28125,0.1753367419344034,0.28125,0.1753367419344034,0.00421875,0.2630051129016051,0.00984375,0.6136785967704119,0.890746209672017,0,,,0.002934072944004,Information
622638,11537.0,4066.73473,BRA,Brazil,Amazonas,0.896996029,0.0,0.63,0.51,11537.0,,,,,,,,,,,,,,,,,,,,,,,,,2.2656750000000003,17.93992058,0.0,,102.25,2.514,62.25,1.531,1.625,0.04,0.312,0.008,0.6225,1.531,0.024375,0.06,0.0078,0.02,2.2656750000000003,,,,,,,,,,127,,,0.0001656062692503,Information
622639,11538.0,15001.93875,BRA,Brazil,Amazonas,3.965221282,0.0,0.63,0.51,11538.0,11538.0,0.0,1.0,-9999.0,-9999.0,-9999.0,0.0,10.0,-999.9,-999.9,-999.9,-5979.4,0.0,0.0,0.0,0.0,0.0,0.0,0.0,0.0,0.0,0.0,0.0,-5979.4,6.2715507861176505,79.30442564,0.0,,183.125,1.221,161.562,1.077,30.438,0.203,15.688,0.105,1.61562,1.077,0.45657,0.3045,0.3922,0.2625,4.10839,39.234375,0.2615286974315486,90.703125,0.6046093542772363,0.588515625,0.3922930461473229,3.174609375,2.116132739970327,6.2715507861176505,47520,,,0.1162592831687336,Information
622643,11541.0,5368.490644,BRA,Brazil,Rondônia,2.381751115,0.0,0.63,0.51,11541.0,11541.0,0.0,1.0,-9999.0,-9999.0,-9999.0,0.0,10.0,-999.9,-999.9,-999.9,-5979.4,0.0,0.0,0.0,0.0,0.0,0.0,0.0,0.0,0.0,0.0,0.0,-5979.4,4.390027309201799,47.6350223,0.0,,34.25,0.638,28.062,0.523,1.5,0.028,0.562,0.01,0.28062,0.523,0.0225,0.042,0.01405,0.025,0.90717,20.53125,0.3824398953631019,35.015625,0.652243383187756,0.30796875,0.5736598430446529,1.225546875,2.282851841157146,4.390027309201799,4192,,,0.0065893652309779,Information
622644,11542.0,5525.511187,BRA,Brazil,Rondônia,1.070637569,0.0,0.63,0.51,11542.0,,,,,,,,,,,,,,,,,,,,,,,,,0.335857388790715,21.412751380000003,0.0,,6.25,0.113,5.438,0.098,0.0,0.0,0.0,0.0,0.05438,0.098,0.0,0.0,0.0,0.0,0.15238,1.40625,0.0254501339753782,2.8125,0.0509002679507565,0.02109375,0.0381752009630673,0.0984375,0.1781509378276477,0.335857388790715,40124,,,2.4448128870182784e-08,Information
622645,11543.0,6829.128778,BRA,Brazil,Rondônia,1.090541031,0.0,0.63,0.51,11543.0,,,,,,,,,,,,,,,,,,,,,,,,,2.930032777653606,21.81082062,0.0,,24.125,0.353,19.312,0.283,0.25,0.004,0.0,0.0,0.19312,0.283,0.00375,0.006,0.0,0.0,0.4858699999999999,14.625,0.2141561607048788,27.703125,0.4056611890275108,0.219375,0.3212342410573182,0.969609375,1.4198141615962878,2.930032777653606,6423,,,0.0005115110195798,Information
622647,11545.0,23343.56876,BRA,Brazil,Rondônia,2.27845329,0.0,0.63,0.51,11545.0,11545.0,0.0,1.0,-9999.0,-9999.0,-9999.0,0.0,10.0,-999.9,-999.9,-999.9,-5979.4,0.0,0.0,0.0,0.0,0.0,0.0,0.0,0.0,0.0,0.0,0.0,-5979.4,1.3518310843946288,45.5690658,0.0,,13.812,0.059,8.375,0.036,0.0,0.0,0.0,0.0,0.08375,0.036,0.0,0.0,0.0,0.0,0.11975,9.28125,0.0397593448291909,23.0625,0.0987959477573836,0.13921875,0.0596390172437863,0.8071875,0.3457858171508425,1.3518310843946288,397678,,,0.0001097390735867,Information
622648,11546.0,6180.630374,BRA,Brazil,Rondônia,3.230008073,0.0,0.63,0.51,11546.0,,,,,,,,,,,,,,,,,,,,,,,,,1.662198765223884,64.60016146,0.0,,9.875,0.16,7.938,0.128,3.875,0.063,4.062,0.066,0.0793799999999999,0.128,0.058125,0.0945,0.10155,0.165,0.6265550000000001,10.828125,0.1751945084102747,13.5,0.2184243221738491,0.162421875,0.262791762615412,0.4725,0.7644851276084719,1.662198765223884,124669,,,0.0011119955097949,Information
622649,11547.0,10124.0224,BRA,Brazil,Rondônia,4.010499346,0.0,0.63,0.51,11547.0,11547.0,0.0,1.0,-9999.0,-9999.0,-9999.0,0.0,10.0,-999.9,-999.9,-999.9,-5979.4,0.0,0.0,0.0,0.0,0.0,0.0,0.0,0.0,0.0,0.0,0.0,-5979.4,1.0160817367315853,80.20998691999999,0.0,,10.625,0.105,7.312,0.072,0.375,0.004,0.5,0.005,0.07312,0.072,0.005625,0.006,0.0125,0.0125,0.181745,8.15625,0.0805633341965115,11.109375,0.1097328172676623,0.12234375,0.1208450012947672,0.388828125,0.3840648604368181,1.0160817367315853,29818,,,0.0014927662014663,Information
622651,11548.0,3667.315871,BRA,Brazil,Rondônia,3.417171917,0.0,0.63,0.51,11548.0,,,,,,,,,,,,,,,,,,,,,,,,,5.539523849113175,68.34343834,0.0,,3.375,0.092,3.375,0.092,5.125,0.14,2.875,0.078,0.03375,0.092,0.076875,0.21,0.071875,0.195,0.6795,23.625,0.6442041217133522,32.34375,0.8819461190123276,0.354375,0.9663061825700284,1.13203125,3.0868114165431466,5.539523849113175,102,,,0.0406635849567199,Information
622652,11549.0,29450.38993,BRA,Brazil,Rondônia,1.576201889,0.0,0.63,0.51,11549.0,11549.0,0.0,1.0,-9999.0,-9999.0,-9999.0,0.0,10.0,-999.9,-999.9,-999.9,-5979.4,0.0,0.0,0.0,0.0,0.0,0.0,0.0,0.0,0.0,0.0,0.0,-5979.4,13.143851126803456,31.52403778,0.0,,18.188,0.062,18.188,0.062,25.688,0.087,17.562,0.06,0.18188,0.062,0.3853199999999999,0.1305,0.43905,0.15,1.34875,145.546875,0.4942103494255214,217.96875,0.7401217793329066,2.183203125,0.7413155241382821,7.62890625,2.590426227665173,13.143851126803456,292118,,,0.0494174228348762,Information
622653,11550.0,3166.073713,BRA,Brazil,Rondônia,0.470211036,0.0,0.63,0.51,11550.0,11550.0,0.0,1.0,-9999.0,-9999.0,-9999.0,0.0,10.0,-999.9,-999.9,-999.9,-5979.4,0.0,0.0,0.0,0.0,0.0,0.0,0.0,0.0,0.0,0.0,0.0,-5979.4,19.912001303237822,9.40422072,0.0,,3.125,0.099,3.125,0.099,9.625,0.304,3.5,0.111,0.03125,0.099,0.144375,0.4559999999999999,0.0875,0.2775,1.095625,60.328125,1.905455478073135,110.953125,3.5044390960366054,0.904921875,2.8581832171097026,3.883359375,12.26553683612812,19.912001303237822,436084,,,0.0648754405188608,Information
622655,11552.0,3089.213608,BRA,Brazil,Rondônia,2.46270984,0.0,0.63,0.51,11552.0,,,,,,,,,,,,,,,,,,,,,,,,,10.778708283072282,49.2541968,0.0,,1.625,0.053,1.625,0.053,4.812,0.156,3.562,0.115,0.01625,0.053,0.07218,0.2339999999999999,0.0890499999999999,0.2875,0.7519800000000001,18.984375,0.6145374651546478,64.546875,2.0894273815258027,0.284765625,0.9218061977319716,2.259140625,7.31299583534031,10.778708283072282,5277,,,0.0606600738511033,Information
622657,11554.0,1574.618057,BRA,Brazil,Rondônia,4.009397095,0.0,0.63,0.51,11554.0,,,,,,,,,,,,,,,,,,,,,,,,,7.1531951162533325,80.1879419,0.0,,1.625,0.103,1.625,0.103,1.5,0.095,0.688,0.044,0.01625,0.103,0.0225,0.1425,0.0171999999999999,0.1099999999999999,0.41145,6.46875,0.4108139094619266,25.03125,1.589671214874412,0.09703125,0.6162208641928899,0.87609375,5.563849252060442,7.1531951162533325,0,,,0.1541651981280981,Information
622659,11556.0,3715.704553,BRA,Brazil,Rondônia,4.00536178,0.0,0.63,0.51,11556.0,11556.0,0.0,17.0,-9999.0,-9999.0,-9999.0,0.0,1.0,-999.9,-999.9,-999.9,-5988.4,0.0,0.0,0.0,0.0,0.0,0.0,0.0,0.0,0.0,0.0,0.0,-5988.4,4.6094854462227,80.10723560000001,0.0,,0.375,0.01,0.375,0.01,1.625,0.044,0.5,0.013,0.00375,0.01,0.024375,0.066,0.0125,0.0325,0.149125,11.390625,0.3065535711081517,30.796875,0.8288300255887063,0.170859375,0.4598303566622275,1.077890625,2.900905089560472,4.6094854462227,16655,,,0.0718377497379426,Information
622671,11566.0,78.94503065,BRA,Brazil,Rondônia,2.329813188,0.0,0.63,0.51,11566.0,,,,,,,,,,,,,,,,,,,,,,,,,2.6930478713733663,46.59626376,0.0,,0.062,0.079,0.062,0.079,0.062,0.079,0.0,0.0,0.00062,0.079,0.0009299999999999,0.1185,0.0,0.0,0.19905,0.421875,0.5343908242746733,0.421875,0.5343908242746733,0.006328125,0.80158623641201,0.014765625,1.8703678849613563,2.6930478713733663,12536,,,0.0014076945542715,Information
622675,11570.0,1363.439173,BRA,Brazil,Rondônia,3.039736442,0.0,0.63,0.51,11570.0,11570.0,0.0,1.0,-9999.0,-9999.0,-9999.0,0.0,10.0,-999.9,-999.9,-999.9,-5979.4,0.0,0.0,0.0,0.0,0.0,0.0,0.0,0.0,0.0,0.0,0.0,-5979.4,2.215125637704156,60.794728840000005,0.0,,,,,,,,,,,,,,,,,0.0,0.0,7.59375,0.5569555393440446,0.0,0.0,0.26578125,1.9493443877041563,2.215125637704156,76998,,,0.0020297420061618,Information
622681,11575.0,11646.25268,BRA,Brazil,Rondônia,3.978582322,0.0,0.63,0.51,11575.0,,,,,,,,,,,,,,,,,,,,,,,,,1.510730124133889,79.57164644,0.0,,0.5,0.004,0.5,0.004,2.25,0.019,2.375,0.02,0.005,0.004,0.03375,0.0284999999999999,0.059375,0.05,0.1806249999999999,1.6875,0.0144896392553748,22.5,0.1931951900716648,0.0253125,0.0217344588830621,0.7875,0.6761831652508268,1.510730124133889,1512,,,0.0046026936171014,Information
622700,11593.0,6231.1027,BRA,Brazil,Amazonas,1.279992484,0.0,0.63,0.51,11593.0,11593.0,0.0,1.0,-9999.0,-9999.0,-9999.0,0.0,10.0,-999.9,-999.9,-999.9,-5979.4,0.0,0.0,0.0,0.0,0.0,0.0,0.0,0.0,0.0,0.0,0.0,-5979.4,13.179739027788877,25.59984968,0.0,,222.188,3.566,105.625,1.695,34.75,0.558,18.375,0.295,1.05625,1.695,0.52125,0.8370000000000001,0.459375,0.7374999999999999,5.306374999999999,23.625,0.3791463748383911,134.4375,2.1575234187232257,0.354375,0.5687195622575867,4.7053125,7.55133196553129,13.179739027788877,196811,,,0.0417457519262131,Information
622811,11594.0,3493.015155,BRA,Brazil,Amazonas,0.332674878,0.0,0.63,0.51,11594.0,,,,,,,,,,,,,,,,,,,,,,,,,5.559796818400736,6.65349756,0.0,,47.062,1.347,28.75,0.823,12.0,0.344,5.562,0.159,0.2875,0.823,0.18,0.516,0.13905,0.3975,2.34305,5.0625,0.1449320937590879,38.953125,1.1151719436463157,0.0759375,0.2173981406386318,1.363359375,3.9031018027621047,5.559796818400736,2191628,,,0.0023955251918891,Information
622812,11595.0,8754.771244,BRA,Brazil,Amazonas,1.601874686,0.0,0.63,0.51,11595.0,,,,,,,,,,,,,,,,,,,,,,,,,9.323740065062935,32.03749372,0.0,,349.75,3.995,189.75,2.167,31.562,0.361,14.188,0.162,1.8975,2.167,0.47343,0.5415,0.3547,0.405,5.83913,40.78125,0.4658174253209213,106.875,1.220762907737587,0.61171875,0.698726137981382,3.740625,4.2726701770815545,9.323740065062935,1724,,,0.0234948886949737,Information
622813,11596.0,4673.747082,BRA,Brazil,Amazonas,2.289004102,0.0,0.63,0.51,11596.0,,,,,,,,,,,,,,,,,,,,,,,,,7.401877877858504,45.78008204,0.0,,88.375,1.891,80.25,1.717,10.438,0.223,1.75,0.037,0.8025,1.717,0.15657,0.3345,0.04375,0.0925,3.1468199999999995,20.671875,0.4422976818790338,58.5,1.2516723514399868,0.310078125,0.6634465228185507,2.0475,4.380853230039953,7.401877877858504,18511,,,0.0232231559107173,Information
622814,11597.0,11858.60047,BRA,Brazil,Amazonas,3.790952528,0.0,0.63,0.51,11597.0,,,,,,,,,,,,,,,,,,,,,,,,,3.4483,75.81905056,0.0,,424.062,3.576,181.5,1.531,1.5,0.013,1.312,0.011,1.815,1.531,0.0225,0.0195,0.0328,0.0274999999999999,3.4483,19.125,0.16127535495192,39.375,0.332037495489247,0.286875,0.2419130324278799,1.378125,1.1621312342123644,3.0690442666402444,3620,,,0.0257264076025584,Information
622816,11599.0,3807.745827,BRA,Brazil,Amazonas,3.832063047,0.0,0.63,0.51,11599.0,,,,,,,,,,,,,,,,,,,,,,,,,4.701628275837018,76.64126094,0.0,,156.312,4.105,66.812,1.755,0.0,0.0,0.0,0.0,0.6681199999999999,1.755,0.0,0.0,0.0,0.0,2.42312,15.890625,0.4173236796850141,30.234375,0.794022930374142,0.238359375,0.6259855195275211,1.058203125,2.7790802563094967,4.701628275837018,943,,,0.0544604515206613,Information
622817,11600.0,475.432878,BRA,Brazil,Amazonas,1.490798313,0.0,0.63,0.51,11600.0,,,,,,,,,,,,,,,,,,,,,,,,,7.35883247529993,29.81596626,0.0,,14.688,3.089,14.375,3.024,3.125,0.657,3.25,0.684,0.14375,3.024,0.046875,0.9855,0.08125,1.7100000000000002,5.991375,0.28125,0.0591566155814731,9.421875,1.9817466219793487,0.00421875,0.0887349233722096,0.329765625,6.93611317692772,7.35883247529993,0,,,0.0120597754945468,Information
622818,11601.0,18939.78914,BRA,Brazil,Amazonas,4.022320532,0.0,0.63,0.51,11601.0,,,,,,,,,,,,,,,,,,,,,,,,,8.735680137460468,80.44641064000001,0.0,,341.75,1.804,168.062,0.887,5.25,0.028,5.312,0.028,1.6806200000000002,0.887,0.07875,0.042,0.1328,0.07,2.89117,55.96875,0.29550883371277,139.359375,0.7358021462546609,0.83953125,0.4432632505691549,4.877578125,2.575307511891313,8.735680137460468,275,,,0.210195506505305,Information
622821,11603.0,4447.91339,BRA,Brazil,Amazonas,3.842617292,0.0,0.63,0.51,11603.0,,,,,,,,,,,,,,,,,,,,,,,,,12.017999760864187,76.85234584,0.0,,183.25,4.12,106.25,2.389,15.5,0.348,15.875,0.357,1.0625,2.389,0.2325,0.522,0.396875,0.8925,5.495374999999999,51.75,1.1634668992770891,83.53125,1.877987331985301,0.77625,1.7452003489156338,2.92359375,6.572955661948555,12.017999760864187,0,,,0.2560768252045749,Information
622822,11604.0,2472.534969,BRA,Brazil,Roraima,4.137247489,0.0,0.63,0.51,11604.0,,,,,,,,,,,,,,,,,,,,,,,,,33.3866532198613,82.74494978,0.0,3.0,46.688,1.888,40.938,1.656,15.812,0.64,7.188,0.291,0.40938,1.656,0.23718,0.96,0.1797,0.7274999999999999,4.169759999999999,83.25,3.366989792023349,153.421875,6.205043687664651,1.24875,5.050484688035024,5.369765625,21.71765290682628,33.3866532198613,0,0.0,0.0,0.7453895610584231,Watch
622823,11605.0,166.6253518,BRA,Brazil,Amazonas,4.091290131,0.0,0.63,0.51,11605.0,,,,,,,,,,,,,,,,,,,,,,,,,3.1746803215048214,81.82580262,0.0,,2.0,1.2,2.0,1.2,0.0,0.0,0.0,0.0,0.02,1.2,0.0,0.0,0.0,0.0,1.22,0.84375,0.50637552510889,1.125,0.6751673668118532,0.01265625,0.7595632876633349,0.039375,2.3630857838414863,3.1746803215048214,0,,,0.0405101995828204,Information
622824,11606.0,16989.94536,BRA,Brazil,Roraima,3.060070199,0.0,0.63,0.51,11606.0,11606.0,0.0,1.0,-9999.0,-9999.0,-9999.0,0.0,10.0,-999.9,-999.9,-999.9,-5979.4,0.0,0.0,0.0,0.0,0.0,0.0,0.0,0.0,0.0,0.0,0.0,-5979.4,6.853744555673844,61.20140398,0.0,,427.5,2.516,138.938,0.818,0.0,0.0,0.0,0.0,1.3893799999999998,0.818,0.0,0.0,0.0,0.0,2.20738,48.09375,0.2830718344330034,102.65625,0.6042176582926679,0.72140625,0.424607751649505,3.59296875,2.114761804024338,6.853744555673844,3081,,,0.0414955250080896,Information
622825,11607.0,1464.180096,BRA,Brazil,Roraima,3.502144769,0.0,0.63,0.51,11607.0,,,,,,,,,,,,,,,,,,,,,,,,,39.81983958460722,70.04289538,0.0,3.0,97.875,6.685,53.938,3.684,3.938,0.269,3.375,0.231,0.53938,3.684,0.05907,0.4035,0.084375,0.5775,5.347825,55.546875,3.793718761660404,121.5,8.298159519176176,0.833203125,5.6905781424906055,4.2525,29.043558317116617,39.81983958460722,22,0.0,0.0,0.6120242184232061,Watch
622826,11608.0,1514.485707,BRA,Brazil,Roraima,2.89797895,0.0,0.63,0.51,11608.0,,,,,,,,,,,,,,,,,,,,,,,,,46.79690460332984,57.959579000000005,0.0,,113.875,7.519,86.188,5.691,2.188,0.144,1.062,0.07,0.86188,5.691,0.03282,0.2159999999999999,0.02655,0.175,7.00325,39.09375,2.5813218188865577,209.671875,13.844427453093012,0.58640625,3.871982728329837,7.338515625,35.0,46.79690460332984,131,,,0.5426790905819064,Advisory
622827,11609.0,1746.358874,BRA,Brazil,Roraima,4.090310801,0.0,0.63,0.51,11609.0,,,,,,,,,,,,,,,,,,,,,,,,,11.170746666630976,81.80621602000001,0.0,,59.5,3.407,20.25,1.16,0.188,0.011,0.062,0.004,0.2025,1.16,0.00282,0.0165,0.00155,0.01,1.3933699999999998,14.90625,0.8535616716027803,41.0625,2.3513208312076586,0.22359375,1.2803425074041703,1.4371875,8.229622909226805,11.170746666630976,14,,,0.3128522942737653,Information
622828,11610.0,2791.085804,BRA,Brazil,Roraima,0.038069452,0.0,0.63,0.51,11610.0,,,,,,,,,,,,,,,,,,,,,,,,,5.432807718572077,0.76138904,0.0,,52.312,1.874,22.312,0.799,0.0,0.0,0.0,0.0,0.22312,0.799,0.0,0.0,0.0,0.0,1.02212,0.28125,0.0100767235316063,33.75,1.2092068237927622,0.00421875,0.0151150852974094,1.18125,4.232223883274668,5.432807718572077,3867,,,0.0018358484965943,Information
622829,11611.0,8319.684453,BRA,Brazil,Roraima,1.870237418,0.0,0.63,0.51,11611.0,,,,,,,,,,,,,,,,,,,,,,,,,9.332906555594006,37.40474836,0.0,,86.938,1.045,29.625,0.356,0.0,0.0,0.0,0.0,0.29625,0.356,0.0,0.0,0.0,0.0,0.65225,29.25,0.3515758339626919,108.5625,1.304887229899991,0.43875,0.5273637509440379,3.7996875,4.567105304649968,9.332906555594006,15968,,,0.0285109488574453,Information
622830,11612.0,28540.80813,BRA,Brazil,Amazonas,3.922206401,0.0,0.63,0.51,11612.0,,,,,,,,,,,,,,,,,,,,,,,,,18.663033433696324,78.44412802,0.0,,330.75,1.159,206.812,0.725,23.438,0.082,18.125,0.064,2.06812,0.725,0.3515699999999999,0.123,0.453125,0.16,3.880815,76.78125,0.2690226907609069,361.96875,1.268249827872847,1.15171875,0.4035340361413603,12.66890625,4.438874397554964,18.663033433696324,1310,,,0.442709364380724,Advisory
622841,11613.0,12334.7251,BRA,Brazil,Roraima,4.00888938,0.0,0.63,0.51,11613.0,11613.0,1.0,12.0,31.0,-9999.0,-9999.0,3.0,1.0,3.1,-999.9,-999.9,-3985.4,0.0,0.0,0.0,0.0,0.0,0.0,0.0,0.0,0.0,0.0,0.0,-3985.4,45.29783169364868,80.1777876,0.0,3.0,327.688,2.657,226.938,1.84,27.562,0.223,17.125,0.139,2.26938,1.84,0.41343,0.3345,0.428125,0.3475,5.632935,352.96875,2.861585866371072,563.484375,4.568276719740591,5.29453125,4.292378799556608,19.721953125,15.988968519092069,45.29783169364868,4433,0.0,0.0,0.795727271338598,Watch
622842,11614.0,21714.375,BRA,Brazil,Roraima,4.076746621,0.0,0.63,0.51,11614.0,,,,,,,,,,,,,,,,,,,,,,,,,34.937227521922665,81.53493241999999,0.0,3.0,325.062,1.497,219.125,1.009,40.938,0.189,15.438,0.071,2.19125,1.009,0.61407,0.2835,0.38595,0.1775,4.66127,117.84375,0.5426992486770637,632.953125,2.9149037211163047,1.76765625,0.8140488730155955,22.153359375,10.202163023907069,34.937227521922665,0,0.0,0.0,0.7381564713433609,Watch
622843,11615.0,692.5577197,BRA,Brazil,Roraima,3.131248566,0.0,0.63,0.51,11615.0,,,,,,,,,,,,,,,,,,,,,,,,,9.379332046695586,62.62497132,0.0,,10.625,1.534,9.75,1.408,1.812,0.262,0.562,0.081,0.0975,1.408,0.02718,0.393,0.01405,0.2025,2.14223,5.0625,0.7309860038912988,15.1875,2.1929580116738965,0.0759375,1.0964790058369482,0.5315625,7.675353040858638,9.379332046695586,0,,,0.0834099975514846,Information
622844,11616.0,21351.16107,BRA,Brazil,Roraima,2.911445153,0.0,0.63,0.51,11616.0,11616.0,0.0,11.0,-9999.0,-9999.0,-9999.0,0.0,1.0,-999.9,-999.9,-999.9,-3986.7,0.0,0.0,0.0,0.0,0.0,0.0,0.0,0.0,0.0,0.0,0.0,-3986.7,29.84060301978468,58.22890305999999,0.0,,619.312,2.901,296.125,1.387,37.188,0.174,29.0,0.136,2.96125,1.387,0.55782,0.261,0.725,0.34,6.232069999999999,150.609375,0.7053919666515162,516.09375,2.417169484230685,2.259140625,1.0580879499772742,18.06328125,8.460093194807397,29.84060301978468,38395,,,0.3683092594208021,Advisory
622845,11617.0,14096.50164,BRA,Brazil,Roraima,4.029158813,0.0,0.63,0.51,11617.0,11617.0,1.0,1.0,100.0,3.0,-9999.0,3.0,10.0,10.0,0.3,-999.9,-1965.2,0.0,0.0,0.0,0.0,0.0,0.0,0.0,0.0,0.0,0.0,0.0,-1965.2,8.91102723483567,80.58317625999999,0.0,,314.688,2.232,210.125,1.491,8.375,0.059,1.875,0.013,2.10125,1.491,0.125625,0.0885,0.046875,0.0325,3.88575,17.4375,0.1237009042675001,141.46875,1.0035734652669772,0.2615625,0.1855513564012501,4.95140625,3.5125071284344203,8.91102723483567,27456,,,0.2180339316119053,Information
622846,11618.0,20403.74146,BRA,Brazil,Roraima,0.578123802,0.0,0.63,0.51,11618.0,11618.0,0.0,25.0,-9999.0,-9999.0,-9999.0,0.0,1.0,-999.9,-999.9,-999.9,-5997.4,0.0,0.0,0.0,0.0,0.0,0.0,0.0,0.0,0.0,0.0,0.0,-5997.4,3.015369574074485,11.56247604,0.0,,94.375,0.463,54.625,0.268,0.062,0.0,0.0,0.0,0.54625,0.268,0.0009299999999999,0.0,0.0,0.0,0.81518,6.609375,0.0323929560330096,54.984375,0.2694818257214203,0.099140625,0.0485894340495144,1.924453125,0.9431863900249712,3.015369574074485,19383,,,0.0003643141539319,Information
622847,11619.0,8212.368696,BRA,Brazil,Roraima,0.828747282,0.0,0.63,0.51,11619.0,11619.0,2.0,8.0,100.0,35.0,-9999.0,7.0,3.0,10.0,3.5,-999.9,-1462.35,0.0,0.0,0.0,0.0,0.0,0.0,0.0,0.0,0.0,0.0,0.0,-1462.35,22.407185150334183,16.57494564,0.0,,141.438,1.722,80.625,0.982,3.812,0.046,0.0,0.0,0.80625,0.982,0.05718,0.069,0.0,0.0,1.91443,10.125,0.1232896424250607,284.34375,3.462384124770456,0.151875,0.184934463637591,9.95203125,12.118344436696596,22.407185150334183,406890,,,0.0943277329011605,Information
622848,11620.0,42482.13935,BRA,Brazil,Roraima,3.464622219,0.0,0.63,0.51,11620.0,11620.0,2.0,1.0,100.0,100.0,9.0,7.0,10.0,10.0,10.0,0.9,-482.9545454545456,0.0,0.0,0.0,0.0,0.0,0.0,0.0,0.0,0.0,0.0,0.0,-482.9545454545456,64.3352549181933,69.29244437999999,0.0,3.0,1188.188,2.797,664.438,1.564,125.312,0.295,135.812,0.32,6.64438,1.564,1.87968,0.4425,3.3953,0.8,14.725860000000004,484.171875,1.139706903801929,2471.625,5.818033267854402,7.262578125,1.7095603557028936,35.0,20.363116437490405,64.3352549181933,55228,359.0,0.65,0.7702283357807171,Watch
622849,11621.0,49930.27539,BRA,Brazil,Roraima,2.244349164,0.0,0.63,0.51,11621.0,11621.0,0.0,10.0,-9999.0,-9999.0,-9999.0,0.0,1.0,-999.9,-999.9,-999.9,-3229.275000000001,0.0,0.0,0.0,0.0,0.0,0.0,0.0,0.0,0.0,0.0,0.0,-3229.275000000001,54.60825979358766,44.88698328,0.0,,484.812,0.971,305.438,0.612,28.438,0.057,27.375,0.055,3.05438,0.612,0.4265699999999999,0.0855,0.684375,0.1375,5.000325,369.28125,0.7395938578970683,1848.796875,3.702757216212017,5.53921875,1.1093907868456026,35.0,12.95965025674206,54.60825979358766,14173,,,0.4963294729131454,Advisory
622851,11622.0,398.1508865,BRA,Brazil,Amazonas,1.708846413,0.0,0.63,0.51,11622.0,,,,,,,,,,,,,,,,,,,,,,,,,17.70182332100878,34.176928260000004,0.0,,9.75,2.449,3.5,0.879,1.25,0.314,0.875,0.22,0.035,0.879,0.01875,0.471,0.021875,0.55,1.975625,5.484375,1.3774614564716652,17.015625,4.273662467514653,0.082265625,2.0661921847074978,0.595546875,14.957818636301283,17.70182332100878,188,,,0.0945404736938963,Information
622852,11623.0,12617.90582,BRA,Brazil,Amazonas,4.035721106,0.0,0.63,0.51,11623.0,,,,,,,,,,,,,,,,,,,,,,,,,83.6601457807279,80.71442212,0.0,3.0,398.812,3.161,242.875,1.925,44.938,0.356,29.0,0.23,2.42875,1.925,0.6740700000000001,0.534,0.725,0.5750000000000001,6.86182,510.46875,4.045590110259092,1259.4375,9.981351247239788,7.65703125,6.068385165388639,35.0,34.93472936533926,83.6601457807279,3080,0.0,0.0,0.9288670631013514,Warning
622853,11624.0,719.4346413,BRA,Brazil,Amazonas,4.005430236,0.0,0.63,0.51,11624.0,,,,,,,,,,,,,,,,,,,,,,,,,11.869788611752934,80.10860471999999,0.0,,15.438,2.146,9.938,1.381,6.062,0.843,4.375,0.608,0.09938,1.381,0.09093,1.2645,0.109375,1.52,4.465185,12.09375,1.6810074613605517,17.578125,2.443324798489173,0.18140625,2.5215111920408275,0.615234375,8.551636794712106,11.869788611752934,0,,,0.30282564631,Information
622854,11625.0,7349.100955,BRA,Brazil,Amazonas,4.075546591,0.0,0.63,0.51,11625.0,,,,,,,,,,,,,,,,,,,,,,,,,12.888926903982984,81.51093182,0.0,,61.25,0.833,36.438,0.496,20.125,0.274,18.625,0.253,0.36438,0.496,0.301875,0.411,0.465625,0.6325000000000001,2.67138,78.1875,1.0639056461338157,122.484375,1.6666579456520745,1.1728125,1.5958584692007234,4.286953125,5.833302809782261,12.888926903982984,0,,,0.35912033779408,Advisory
622855,11626.0,35.92450543,BRA,Brazil,Amazonas,4.142317057,0.0,0.63,0.51,11626.0,,,,,,,,,,,,,,,,,,,,,,,,,50.3571875,82.84634113999999,0.0,3.0,3.875,10.787,3.625,10.091,2.0,5.567,1.812,5.045,0.03625,10.0,0.03,8.3505,0.0453,12.6125,31.07455,5.765625,16.04928148978233,7.734375,21.529523949708,0.086484375,15.0,0.270703125,35.0,50.3571875,0,0.0,0.0,0.8592441999863596,Warning
622856,11627.0,1481.390424,BRA,Brazil,Amazonas,1.346219864,0.0,0.63,0.51,11627.0,,,,,,,,,,,,,,,,,,,,,,,,,54.976969360655175,26.92439728,0.0,,96.875,6.539,94.812,6.4,54.312,3.666,37.312,2.519,0.94812,6.4,0.8146799999999998,5.499,0.9328,6.2975,20.8921,106.171875,7.167042073770115,218.109375,14.723287756844302,1.592578125,10.750563110655172,7.633828125,35.0,54.976969360655175,0,,,0.3879828910836975,Advisory
622857,11628.0,1265.930057,BRA,Brazil,Amazonas,3.038739656,0.0,0.63,0.51,11628.0,,,,,,,,,,,,,,,,,,,,,,,,,63.56609375,60.774793120000005,0.0,3.0,171.062,13.513,153.375,12.116,81.688,6.453,61.188,4.833,1.53375,10.0,1.2253200000000002,9.6795,1.5297,12.0825,36.05077,200.25,15.818409465666042,301.78125,23.83869853463436,3.00375,15.0,10.56234375,35.0,63.56609375,0,0.0,0.0,0.6853671489317537,Watch
622858,11629.0,11802.49252,BRA,Brazil,Amazonas,0.579799478,0.0,0.63,0.51,11629.0,,,,,,,,,,,,,,,,,,,,,,,,,14.358983586864834,11.59598956,0.0,,58.0,0.491,50.938,0.432,15.375,0.13,6.25,0.053,0.50938,0.432,0.230625,0.195,0.15625,0.1325,1.6557550000000003,65.390625,0.5540408088678694,194.0625,1.6442501424465803,0.980859375,0.8310612133018042,6.7921875,5.754875498563031,14.358983586864834,12069,,,0.0345671156952077,Information
622859,11630.0,228.9663905,BRA,Brazil,Amazonas,1.192220847,0.0,0.63,0.51,11630.0,,,,,,,,,,,,,,,,,,,,,,,,,52.109375,23.84441694,0.0,,13.312,5.814,13.312,5.814,3.938,1.72,1.312,0.573,0.13312,5.814,0.05907,2.58,0.0328,1.4325,10.05149,35.296875,15.415745047595644,45.140625,19.714956813857377,0.529453125,15.0,1.579921875,35.0,52.109375,0,,,0.3521829820855671,Advisory
622861,11631.0,637.9758423,BRA,Brazil,Amazonas,4.020290304,0.0,0.63,0.51,11631.0,,,,,,,,,,,,,,,,,,,,,,,,,46.65235585731818,80.40580608,0.0,3.0,52.875,8.288,40.438,6.338,16.062,2.518,4.188,0.656,0.40438,6.338,0.24093,3.777,0.1046999999999999,1.64,12.50501,36.984375,5.797143488212118,68.625,10.756676890674957,0.554765625,8.695715232318177,2.401875,35.0,46.65235585731818,0,0.0,0.0,0.8071632421142731,Warning
622862,11632.0,16768.75845,BRA,Brazil,Amazonas,3.558109992,0.0,0.63,0.51,11632.0,,,,,,,,,,,,,,,,,,,,,,,,,60.20834996117891,71.16219984,0.0,3.0,272.438,1.625,199.5,1.19,59.438,0.354,26.875,0.16,1.995,1.19,0.8915700000000001,0.5309999999999999,0.671875,0.4,5.679445,401.625,2.395078927094087,905.484375,5.399829555867937,6.024375,3.592618390641131,31.691953125,18.89940344553778,60.20834996117891,1706,485.0,28.43,0.7691723852113583,Watch
622863,11633.0,1363.142881,BRA,Brazil,Amazonas,4.062402545,0.0,0.63,0.51,11633.0,,,,,,,,,,,,,,,,,,,,,,,,,5.79352,81.24805090000001,0.0,,82.375,6.043,67.25,4.933,1.188,0.087,0.188,0.014,0.6725,4.933,0.01782,0.1305,0.0046999999999999,0.035,5.79352,5.90625,0.4332817992518174,14.90625,1.093520731445063,0.08859375,0.6499226988777261,0.52171875,3.8273225600577208,5.087557758935446,0,,,0.1200858679471376,Information
622865,11635.0,5188.966448,BRA,Brazil,Amazonas,4.01601433,0.0,0.63,0.51,11635.0,11635.0,0.0,12.0,-9999.0,-9999.0,-9999.0,0.0,1.0,-999.9,-999.9,-999.9,-5997.4,0.0,0.0,0.0,0.0,0.0,0.0,0.0,0.0,0.0,0.0,0.0,-5997.4,4.208944628455934,80.3202866,0.0,,45.188,0.871,32.875,0.634,1.188,0.023,0.0,0.0,0.32875,0.634,0.01782,0.0345,0.0,0.0,1.01507,9.5625,0.1842852540195633,36.984375,0.7127503206933112,0.1434375,0.2764278810293449,1.294453125,2.494626122426589,4.208944628455934,0,,,0.061491077221329,Information
622871,11640.0,11063.3643,BRA,Brazil,Amazonas,4.061533379,0.0,0.63,0.51,11640.0,,,,,,,,,,,,,,,,,,,,,,,,,33.50687420337334,81.23066758,0.0,3.0,158.812,1.435,140.625,1.271,59.375,0.537,19.875,0.18,1.40625,1.271,0.890625,0.8055000000000001,0.496875,0.4499999999999999,5.320250000000001,178.734375,1.6155517444057144,426.234375,3.852665096218505,2.681015625,2.423327616608572,14.918203125,13.484327836764768,33.50687420337334,74,25.0,33.78,0.7188829585741938,Watch
622872,11641.0,17423.00181,BRA,Brazil,Amazonas,4.002717558,0.0,0.63,0.51,11641.0,,,,,,,,,,,,,,,,,,,,,,,,,7.712497120133405,80.05435116,0.0,,159.562,0.916,158.812,0.912,21.312,0.122,4.125,0.024,1.5881200000000002,0.912,0.31968,0.183,0.103125,0.06,3.165925,47.109375,0.270386099402982,119.8125,0.6876685274368379,0.706640625,0.405579149104473,4.1934375,2.406839846028933,7.712497120133405,512,,,0.1710131936575947,Information
622873,11642.0,17542.72494,BRA,Brazil,Amazonas,4.016426923,0.0,0.63,0.51,11642.0,11642.0,0.0,3.0,-9999.0,-9999.0,-9999.0,0.0,8.0,-999.9,-999.9,-999.9,-5982.4,0.0,0.0,0.0,0.0,0.0,0.0,0.0,0.0,0.0,0.0,0.0,-5982.4,17.774411925328536,80.32853846,0.0,,55.812,0.318,55.812,0.318,22.25,0.127,5.938,0.034,0.55812,0.318,0.33375,0.1905,0.14845,0.085,1.63382,73.546875,0.419244303468334,291.9375,1.6641513843217235,1.103203125,0.6288664552025011,10.2178125,5.824529845126032,17.774411925328536,206,,,0.4596128795527046,Advisory
622874,11643.0,12502.40896,BRA,Brazil,Amazonas,3.500405263,0.0,0.63,0.51,11643.0,,,,,,,,,,,,,,,,,,,,,,,,,9.853312384436116,70.00810526000001,0.0,,0.5,0.004,0.5,0.004,4.625,0.037,1.75,0.014,0.005,0.004,0.069375,0.0554999999999999,0.04375,0.035,0.2126249999999999,29.953125,0.2395788290867949,143.578125,1.1484036830874065,0.449296875,0.3593682436301924,5.025234375,4.019412890805922,9.853312384436116,1229,,,0.1328285573838127,Information
622875,11644.0,33578.75943,BRA,Brazil,Amazonas,2.477530237,0.0,0.63,0.51,11644.0,,,,,,,,,,,,,,,,,,,,,,,,,8.170710924834552,49.55060474,0.0,,0.125,0.0,0.125,0.0,8.875,0.026,0.562,0.002,0.00125,0.0,0.133125,0.039,0.01405,0.005,0.192425,88.3125,0.2630010801420813,142.03125,0.4229794441775512,1.3246875,0.3945016202131219,4.97109375,1.480428054621429,8.170710924834552,22001,,,0.0343479272278863,Information
622876,11645.0,25435.81084,BRA,Brazil,Amazonas,1.170591166,0.0,0.63,0.51,11645.0,,,,,,,,,,,,,,,,,,,,,,,,,11.568557926231092,23.41182332,0.0,,18.125,0.071,13.312,0.052,2.938,0.012,0.312,0.001,0.13312,0.052,0.04407,0.018,0.0078,0.0025,0.2574899999999999,25.3125,0.0995152077428614,226.40625,0.8901082470333719,0.3796875,0.1492728116142921,7.92421875,3.115378864616801,11.568557926231092,571,,,0.0293688291943257,Information
622877,11646.0,2431.393954,BRA,Brazil,Amazonas,4.026325376,0.0,0.63,0.51,11646.0,,,,,,,,,,,,,,,,,,,,,,,,,3.0090021285458146,80.52650752,0.0,,0.0,0.0,0.0,0.0,2.0,0.082,0.75,0.031,0.0,0.0,0.03,0.123,0.01875,0.0775,0.2492499999999999,10.6875,0.4395626625316174,12.234375,0.5031835742138252,0.1603125,0.6593439937974261,0.428203125,1.7611425097483882,3.0090021285458146,160,,,0.0309196881779951,Information
622878,11647.0,14234.16429,BRA,Brazil,Amazonas,0.637962141,0.0,0.63,0.51,11647.0,11647.0,0.0,4.0,-9999.0,-9999.0,-9999.0,0.0,7.0,-999.9,-999.9,-999.9,-5985.4,0.0,0.0,0.0,0.0,0.0,0.0,0.0,0.0,0.0,0.0,0.0,-5985.4,3.5445982671796235,12.75924282,0.0,,10.875,0.076,10.312,0.072,2.938,0.021,0.0,0.0,0.1031199999999999,0.072,0.04407,0.0315,0.0,0.0,0.2506899999999999,17.71875,0.1244804376323084,51.890625,0.364549853066046,0.26578125,0.1867206564484625,1.816171875,1.275924485731161,3.5445982671796235,87,,,0.0006794373884418,Information
622879,11648.0,2395.508303,BRA,Brazil,Amazonas,1.989815619,0.0,0.63,0.51,11648.0,11648.0,0.0,1.0,3.0,-9999.0,-9999.0,0.0,10.0,0.3,-999.9,-999.9,-3979.0,0.0,0.0,0.0,0.0,0.0,0.0,0.0,0.0,0.0,0.0,0.0,-3979.0,3.754731594825407,39.79631238,0.0,,,,,,,,,,,,,,,,,3.09375,0.1291479555933313,19.40625,0.8101099032672601,0.04640625,0.1937219333899969,0.67921875,2.8353846614354103,3.754731594825407,24055,,,0.0027624897506824,Information
622882,11650.0,35754.45386,BRA,Brazil,Amazonas,4.024982203,0.0,0.63,0.51,11650.0,11650.0,0.0,4.0,11.0,-9999.0,-9999.0,0.0,7.0,1.1,-999.9,-999.9,-3983.4,0.0,0.0,0.0,0.0,0.0,0.0,0.0,0.0,0.0,0.0,0.0,-3983.4,12.14791387354294,80.49964406000001,0.0,,4.0,0.011,4.0,0.011,4.625,0.013,0.0,0.0,0.04,0.011,0.069375,0.0195,0.0,0.0,0.139875,38.953125,0.108946217294481,254.53125,0.7118868350289197,0.584296875,0.1634193259417214,8.90859375,2.491603922601219,12.14791387354294,11387,,,0.3180084046497852,Information
622883,11651.0,1933.107512,BRA,Brazil,Amazonas,4.067484249,0.0,0.63,0.51,11651.0,11651.0,1.0,1.0,100.0,-9999.0,-9999.0,3.0,10.0,10.0,-999.9,-999.9,-3953.6,0.0,0.0,0.0,0.0,0.0,0.0,0.0,0.0,0.0,0.0,0.0,-3953.6,1.5408431706884855,81.34968497999999,0.0,,,,,,,,,,,,,,,,,2.53125,0.1309420187177055,6.046875,0.3128059336034078,0.03796875,0.1964130280765582,0.211640625,1.0948207676119273,1.5408431706884855,780,,,0.0063239367619363,Information
622885,11653.0,7154.660234,BRA,Brazil,Amazonas,4.032839364,0.0,0.63,0.51,11653.0,11653.0,1.0,1.0,100.0,-9999.0,-9999.0,3.0,10.0,10.0,-999.9,-999.9,-3953.6,0.0,0.0,0.0,0.0,0.0,0.0,0.0,0.0,0.0,0.0,0.0,-3953.6,3.858970324086047,80.65678728,0.0,,,,,,,,,,,,,,,,,11.8125,0.1651021797494346,40.921875,0.5719611227033986,0.1771875,0.2476532696241519,1.432265625,2.001863929461895,3.858970324086047,5503,,,0.0534873676407171,Information
622894,11661.0,12733.14603,BRA,Brazil,Amazonas,4.018863372,0.0,0.63,0.51,11661.0,,,,,,,,,,,,,,,,,,,,,,,,,3.6881464101150048,80.37726744,0.0,,13.75,0.108,11.812,0.093,0.0,0.0,0.0,0.0,0.1181199999999999,0.093,0.0,0.0,0.0,0.0,0.2111199999999999,1.546875,0.012148411682277,58.359375,0.4583264407404541,0.023203125,0.0182226175234155,2.042578125,1.6041425425915894,3.6881464101150048,3560,,,0.047305093791868,Information
622895,11662.0,4416.780028,BRA,Brazil,Amazonas,4.018972928,0.0,0.63,0.51,11662.0,11662.0,0.0,8.0,5.0,-9999.0,-9999.0,0.0,3.0,0.5,-999.9,-999.9,-3992.6,0.0,0.0,0.0,0.0,0.0,0.0,0.0,0.0,0.0,0.0,0.0,-3992.6,4.603900936095581,80.37945856,0.0,,14.125,0.32,11.375,0.258,2.875,0.065,0.062,0.001,0.11375,0.258,0.043125,0.0975,0.00155,0.0025,0.516425,2.8125,0.0636776108892439,39.09375,0.8851187913604902,0.0421875,0.0955164163338658,1.36828125,3.097915769761716,4.603900936095581,3582,,,0.0735748535602194,Information
622910,11667.0,22182.74873,BRA,Brazil,Amazonas,3.126758263,0.0,0.63,0.51,11667.0,11667.0,0.0,1.0,-9999.0,-9999.0,-9999.0,0.0,10.0,-999.9,-999.9,-999.9,-5979.4,0.0,0.0,0.0,0.0,0.0,0.0,0.0,0.0,0.0,0.0,0.0,-5979.4,32.23497939773172,62.53516526,0.0,,710.938,3.205,491.625,2.216,43.438,0.196,14.375,0.065,4.91625,2.216,0.6515700000000001,0.294,0.359375,0.1625,8.599695,64.40625,0.2903438648203247,607.21875,2.7373467430003537,0.96609375,0.435515797230487,21.25265625,9.580713600501236,32.23497939773172,175994,,,0.4402440174184207,Advisory
622921,11668.0,61974.74393,BRA,Brazil,Amazonas,4.020688484,0.0,0.63,0.51,11668.0,11668.0,0.0,1.0,-9999.0,-9999.0,-9999.0,0.0,10.0,-999.9,-999.9,-999.9,-5979.4,0.0,0.0,0.0,0.0,0.0,0.0,0.0,0.0,0.0,0.0,0.0,-5979.4,22.22481632735954,80.41376968,0.0,,619.688,1.0,430.188,0.694,72.875,0.118,24.625,0.04,4.30188,0.694,1.093125,0.177,0.615625,0.1,6.981629999999998,62.71875,0.1012004988244371,519.890625,0.8388749868922518,0.94078125,0.1518007482366556,18.196171875,2.936062454122881,22.22481632735954,32460,,,0.5502855149838758,Advisory
622922,11669.0,63305.65835,BRA,Brazil,Amazonas,4.022886738,0.0,0.63,0.51,11669.0,11669.0,0.0,1.0,-9999.0,-9999.0,-9999.0,0.0,10.0,-999.9,-999.9,-999.9,-5979.4,0.0,0.0,0.0,0.0,0.0,0.0,0.0,0.0,0.0,0.0,0.0,-5979.4,1.528240769149904,80.45773476000001,0.0,,182.75,0.289,114.375,0.181,0.312,0.0,0.062,0.0,1.14375,0.181,0.00468,0.0,0.00155,0.0,1.33098,5.625,0.0088854616579607,35.296875,0.0557562719037037,0.084375,0.013328192486941,1.235390625,0.1951469516629629,1.528240769149904,0,,,0.0054099487561741,Information
622923,11670.0,26196.60751,BRA,Brazil,Amazonas,4.007640246,0.0,0.63,0.51,11670.0,11670.0,0.0,1.0,-9999.0,-9999.0,-9999.0,0.0,10.0,-999.9,-999.9,-999.9,-5979.4,0.0,0.0,0.0,0.0,0.0,0.0,0.0,0.0,0.0,0.0,0.0,-5979.4,1.9323693403232367,80.15280492000001,0.0,,1.375,0.005,1.375,0.005,7.75,0.03,2.688,0.01,0.01375,0.005,0.11625,0.045,0.0672,0.025,0.2722,12.515625,0.0477757472737739,34.59375,0.1320543126893076,0.187734375,0.0716636209106608,1.21078125,0.4621900944125766,1.9323693403232367,44075,,,0.0099211708759112,Information
622924,11671.0,44027.9225,BRA,Brazil,Amazonas,1.378526967,0.0,0.63,0.51,11671.0,,,,,,,,,,,,,,,,,,,,,,,,,3.239907088434495,27.57053934,0.0,,92.375,0.21,45.688,0.104,6.875,0.016,0.0,0.0,0.45688,0.104,0.103125,0.024,0.0,0.0,0.6880050000000001,27.703125,0.0629217174682266,63.5625,0.1443686106377586,0.415546875,0.0943825762023398,2.2246875,0.5052901372321551,3.239907088434495,20579,,,0.0009447631163281,Information
622925,11672.0,78098.63745,BRA,Brazil,Amazonas,4.006745986,0.0,0.63,0.51,11672.0,11672.0,0.0,1.0,-9999.0,-9999.0,-9999.0,0.0,10.0,-999.9,-999.9,-999.9,-5979.4,0.0,0.0,0.0,0.0,0.0,0.0,0.0,0.0,0.0,0.0,0.0,-5979.4,4.219586621099406,80.13491972,0.0,,271.438,0.348,121.312,0.155,16.625,0.021,0.5,0.001,1.21312,0.155,0.249375,0.0315,0.0125,0.0025,1.663995,39.375,0.0504170127473059,90.0,0.1152388862795564,0.590625,0.0756255191209588,3.15,0.4033361019784474,4.219586621099406,23447,,,0.0606636689346819,Information
622926,11673.0,36756.56672,BRA,Brazil,Acre,3.648185652,0.0,0.63,0.51,11673.0,11673.0,0.0,1.0,-9999.0,-9999.0,-9999.0,0.0,10.0,-999.9,-999.9,-999.9,-5979.4,0.0,0.0,0.0,0.0,0.0,0.0,0.0,0.0,0.0,0.0,0.0,-5979.4,0.56868,72.96371304,0.0,,92.5,0.252,39.75,0.108,3.312,0.009,0.0,0.0,0.3975,0.108,0.04968,0.0134999999999999,0.0,0.0,0.56868,4.78125,0.0130078797536134,10.6875,0.0290764370963124,0.07171875,0.0195118196304201,0.3740625,0.1017675298370933,0.5670605994675135,634520,,,5.631945064861973e-05,Information
622928,11675.0,26634.34796,BRA,Brazil,Acre,3.721829813,0.0,0.63,0.51,11675.0,11675.0,0.0,15.0,-9999.0,-9999.0,-9999.0,0.0,1.0,-999.9,-999.9,-999.9,-5997.4,0.0,0.0,0.0,0.0,0.0,0.0,0.0,0.0,0.0,0.0,0.0,-5997.4,0.43719,74.43659626,0.0,,80.438,0.302,31.062,0.117,0.438,0.002,0.0,0.0,0.31062,0.117,0.00657,0.003,0.0,0.0,0.43719,0.984375,0.0036958854837063,3.234375,0.0121436237321779,0.014765625,0.0055438282255594,0.113203125,0.0425026830626226,0.1760152612881821,41128,,,2.365338813213002e-05,Information
622931,11677.0,4336.126197,BRA,Brazil,Amazonas,4.039421911,0.0,0.63,0.51,11677.0,,,,,,,,,,,,,,,,,,,,,,,,,9.170847028121347,80.78843821999999,0.0,,138.688,3.198,109.312,2.521,8.375,0.193,0.938,0.022,1.09312,2.521,0.125625,0.2895,0.02345,0.0549999999999999,4.107695,16.59375,0.3826860484503519,72.140625,1.6637113801273775,0.24890625,0.5740290726755279,2.524921875,5.822989830445821,9.170847028121347,38856,,,0.2298069940417624,Information
622932,11678.0,19781.09579,BRA,Brazil,Amazonas,4.040340769,0.0,0.63,0.51,11678.0,,,,,,,,,,,,,,,,,,,,,,,,,21.71778641380252,80.80681538,0.0,,139.438,0.705,123.688,0.625,8.812,0.045,1.75,0.009,1.23688,0.625,0.13218,0.0675,0.04375,0.0225,2.12781,26.859375,0.1357830490871789,400.640625,2.0253712400490724,0.402890625,0.2036745736307683,14.022421875,7.088799340171754,21.71778641380252,1786,,,0.5491746314118189,Advisory
622933,11679.0,2942.14265,BRA,Brazil,Amazonas,4.014438382,0.0,0.63,0.51,11679.0,,,,,,,,,,,,,,,,,,,,,,,,,13.157472834788187,80.28876764,0.0,,11.625,0.395,11.25,0.382,1.812,0.062,1.438,0.049,0.1125,0.382,0.02718,0.093,0.0359499999999999,0.1225,0.7731300000000001,5.484375,0.1864075149538031,83.109375,2.8247908035307097,0.082265625,0.2796112724307046,2.908828125,9.886767812357483,13.157472834788187,529,,,0.3430332790095817,Information
622934,11680.0,5526.172914,BRA,Brazil,Amazonas,3.836321273,0.0,0.63,0.51,11680.0,,,,,,,,,,,,,,,,,,,,,,,,,1.9794302822333487,76.72642546,0.0,,44.188,0.8,40.5,0.733,0.188,0.003,0.0,0.0,0.405,0.733,0.00282,0.0045,0.0,0.0,1.14532,2.671875,0.0483494642962747,18.984375,0.3435356673682678,0.040078125,0.072524196444412,0.664453125,1.2023748357889372,1.9794302822333487,1693,,,0.0068600461299635,Information
622935,11681.0,261.2823274,BRA,Brazil,Amazonas,4.071373323,0.0,0.63,0.51,11681.0,,,,,,,,,,,,,,,,,,,,,,,,,9.940921436663098,81.42746646,0.0,,1.25,0.478,1.25,0.478,0.062,0.024,0.0,0.0,0.0125,0.478,0.0009299999999999,0.036,0.0,0.0,0.52743,0.140625,0.0538210913147949,7.171875,2.744875657054544,0.002109375,0.0807316369721923,0.251015625,9.607064799690905,9.940921436663098,1229,,,0.265977626434049,Information
622936,11682.0,35821.49504,BRA,Brazil,Amazonas,1.050551339,0.0,0.63,0.51,11682.0,11682.0,0.0,1.0,-9999.0,-9999.0,-9999.0,0.0,10.0,-999.9,-999.9,-999.9,-5979.4,0.0,0.0,0.0,0.0,0.0,0.0,0.0,0.0,0.0,0.0,0.0,-5979.4,5.168913737587727,21.01102678,0.0,,,,,,,,,,,,,,,,,0.0,0.0,115.453125,0.3223012464536361,0.0,0.0,4.040859375,1.1280543625877264,5.168913737587727,60432,,,0.0031990848643819,Information
622938,11684.0,10555.09755,BRA,Brazil,Amazonas,4.019845972,0.0,0.63,0.51,11684.0,,,,,,,,,,,,,,,,,,,,,,,,,14.555364815778084,80.39691943999999,0.0,,8.688,0.082,6.688,0.063,0.375,0.004,0.0,0.0,0.06688,0.063,0.005625,0.006,0.0,0.0,0.141505,18.5625,0.1758628938255328,205.59375,1.9478147785827955,0.2784375,0.2637943407382992,7.19578125,6.817351725039784,14.555364815778084,750,,,0.3829557352233646,Advisory
622941,11686.0,41015.14634,BRA,Brazil,Amazonas,4.035052968,0.0,0.63,0.51,11686.0,11686.0,1.0,1.0,100.0,-9999.0,-9999.0,3.0,10.0,10.0,-999.9,-999.9,-4646.066666666667,0.0,0.0,0.0,0.0,0.0,0.0,0.0,0.0,0.0,0.0,0.0,-4646.066666666667,45.27749107601667,80.70105935999999,0.0,3.0,121.938,0.297,98.188,0.239,39.75,0.097,8.125,0.02,0.98188,0.239,0.59625,0.1455,0.203125,0.05,2.215755,215.578125,0.5256061338960661,947.671875,2.310541250049308,3.233671875,0.7884092008440993,33.168515625,8.086894375172578,45.27749107601667,9174,91.0,0.99,0.8031037444423501,Warning
622942,11687.0,15474.30105,BRA,Brazil,Amazonas,4.017353071,0.0,0.63,0.51,11687.0,,,,,,,,,,,,,,,,,,,,,,,,,7.485600335905401,80.34706141999999,0.0,,7.25,0.047,5.188,0.034,8.125,0.053,0.0,0.0,0.0518799999999999,0.034,0.121875,0.0795,0.0,0.0,0.287255,9.140625,0.0590697116000776,126.0,0.8142532552872241,0.137109375,0.0886045674001164,4.41,2.8498863935052845,7.485600335905401,679,,,0.167210892692053,Information
622943,11688.0,6475.111891,BRA,Brazil,Amazonas,4.011760791,0.0,0.63,0.51,11688.0,,,,,,,,,,,,,,,,,,,,,,,,,5.941314070292939,80.23521582000001,0.0,,6.875,0.106,6.875,0.106,4.875,0.075,0.25,0.004,0.06875,0.106,0.073125,0.1124999999999999,0.00625,0.01,0.376625,18.84375,0.291018137108855,58.640625,0.905631068465616,0.28265625,0.4365272056632825,2.052421875,3.169708739629656,5.941314070292939,0,,,0.1146872959109801,Information
622952,11696.0,24430.09162,BRA,Brazil,Amazonas,3.224245311,0.0,0.63,0.51,11696.0,11696.0,0.0,1.0,-9999.0,-9999.0,-9999.0,0.0,10.0,-999.9,-999.9,-999.9,-5979.4,0.0,0.0,0.0,0.0,0.0,0.0,0.0,0.0,0.0,0.0,0.0,-5979.4,7.150594441923425,64.48490622,0.0,,,,,,,,,,,,,,,,,8.15625,0.0333860802748222,141.46875,0.5790758061460548,0.12234375,0.0500791204122332,4.95140625,2.026765321511192,7.150594441923425,53722,,,0.0544935725468485,Information
622957,11701.0,1506.496778,BRA,Brazil,Amazonas,4.022725664,0.0,0.63,0.51,11701.0,,,,,,,,,,,,,,,,,,,,,,,,,19.83292457990718,80.45451328,0.0,,0.688,0.046,0.688,0.046,0.25,0.017,0.5,0.033,0.00688,0.046,0.00375,0.0255,0.0125,0.0825,0.17713,28.40625,1.8855831892181152,62.015625,4.11654547745143,0.42609375,2.8283747838271727,2.170546875,14.407909171080004,19.83292457990718,1072,,,0.5058239565744085,Advisory
622958,11702.0,754.6138332,BRA,Brazil,Amazonas,4.050217144,0.0,0.63,0.51,11702.0,,,,,,,,,,,,,,,,,,,,,,,,,21.514667706045906,81.00434288000001,0.0,,0.062,0.008,0.062,0.008,0.688,0.091,0.562,0.075,0.00062,0.008,0.01032,0.1365,0.01405,0.1875,0.35699,18.28125,2.422596723834157,35.296875,4.677475212941334,0.27421875,3.6338950857512353,1.235390625,16.37116324529467,21.514667706045906,1576,,,0.5495500146558692,Advisory
622963,11706.0,45529.69382,BRA,Brazil,Amazonas,4.047365493,0.0,0.63,0.51,11706.0,11706.0,0.0,1.0,-9999.0,-9999.0,-9999.0,0.0,10.0,-999.9,-999.9,-999.9,-5979.4,0.0,0.0,0.0,0.0,0.0,0.0,0.0,0.0,0.0,0.0,0.0,-5979.4,19.274455240827983,80.94730986,0.0,,325.562,0.715,164.562,0.361,7.0,0.015,0.0,0.0,1.64562,0.361,0.105,0.0225,0.0,0.0,2.13412,76.078125,0.167095621799959,418.921875,0.9201069451794416,1.141171875,0.2506434326999385,14.662265625,3.2203743081280454,19.274455240827983,39858,,,0.5046165967664796,Advisory
622964,11707.0,55063.77565,BRA,Brazil,Acre,4.036264562,0.0,0.63,0.51,11707.0,11707.0,0.0,1.0,-9999.0,-9999.0,-9999.0,0.0,10.0,-999.9,-999.9,-999.9,-5991.4,0.0,0.0,0.0,0.0,0.0,0.0,0.0,0.0,0.0,0.0,0.0,-5991.4,1.1024952762403988,80.72529124,0.0,,105.5,0.192,45.375,0.082,3.062,0.006,0.0,0.0,0.45375,0.082,0.04593,0.009,0.0,0.0,0.59068,9.703125,0.017621612186266,22.5,0.0408617094174285,0.145546875,0.026432418279399,0.7875,0.1430159829609997,1.1024952762403988,72913,,,0.0021100853378478,Information
622965,11708.0,8859.32138,BRA,Brazil,Amazonas,4.127100923,0.0,0.63,0.51,11708.0,11708.0,0.0,1.0,-9999.0,-9999.0,-9999.0,0.0,10.0,-999.9,-999.9,-999.9,-5979.4,0.0,0.0,0.0,0.0,0.0,0.0,0.0,0.0,0.0,0.0,0.0,-5979.4,0.5074086224309204,82.54201846000001,0.0,,,,,,,,,,,,,,,,,2.109375,0.0238096679142407,5.90625,0.0666670701598741,0.031640625,0.035714501871361,0.20671875,0.2333347455595593,0.5074086224309204,27113,,,0.0002014052520236,Information
622967,11710.0,25816.0926,BRA,Brazil,Amazonas,3.151558623,0.0,0.63,0.51,11710.0,11710.0,0.0,1.0,-9999.0,-9999.0,-9999.0,0.0,10.0,-999.9,-999.9,-999.9,-5979.4,0.0,0.0,0.0,0.0,0.0,0.0,0.0,0.0,0.0,0.0,0.0,-5979.4,1.602720519696517,63.03117246,0.0,,272.688,1.056,91.625,0.355,1.188,0.005,0.0,0.0,0.91625,0.355,0.01782,0.0075,0.0,0.0,1.29657,21.234375,0.0822524745577286,23.90625,0.092602123674264,0.318515625,0.1233787118365929,0.83671875,0.324107432859924,1.602720519696517,106297,,,0.0008494439947771,Information
622968,11711.0,7159.972858,BRA,Brazil,Acre,3.155841697,0.0,0.63,0.51,11711.0,,,,,,,,,,,,,,,,,,,,,,,,,1.1290484090113369,63.11683394,0.0,,77.75,1.086,22.125,0.309,1.125,0.016,0.0,0.0,0.22125,0.309,0.016875,0.024,0.0,0.0,0.571125,9.421875,0.1315909318022674,9.421875,0.1315909318022674,0.141328125,0.1973863977034011,0.329765625,0.4605682613079359,1.1290484090113369,27589,,,0.0002448024198823,Information
622969,11712.0,30985.37675,BRA,Brazil,Acre,2.605451835,0.0,0.63,0.51,11712.0,11712.0,0.0,15.0,-9999.0,-9999.0,-9999.0,0.0,1.0,-999.9,-999.9,-999.9,-5997.4,0.0,0.0,0.0,0.0,0.0,0.0,0.0,0.0,0.0,0.0,0.0,-5997.4,1.7907450000000005,52.1090367,0.0,,296.25,0.956,131.812,0.425,2.375,0.008,0.0,0.0,1.3181200000000002,0.425,0.035625,0.012,0.0,0.0,1.7907450000000005,11.109375,0.0358536063326884,12.09375,0.0390305081596354,0.166640625,0.0537804094990326,0.42328125,0.1366067785587239,0.7803090630577565,32907,,,0.0005075730037682,Information
622972,11714.0,78627.28374,BRA,Brazil,Amazonas,4.014804484,0.0,0.63,0.51,11714.0,11714.0,0.0,1.0,-9999.0,-9999.0,-9999.0,0.0,10.0,-999.9,-999.9,-999.9,-5979.400000000001,0.0,0.0,0.0,0.0,0.0,0.0,0.0,0.0,0.0,0.0,0.0,-5979.400000000001,22.592432167657343,80.29608968,0.0,,99.062,0.126,51.062,0.065,3.625,0.005,0.0,0.0,0.51062,0.065,0.054375,0.0075,0.0,0.0,0.6374949999999999,30.9375,0.039347028827939,559.40625,0.7114658212615531,0.4640625,0.0590205432419085,19.57921875,2.490130374415436,22.592432167657343,11361,,,0.5544047206586107,Advisory
622973,11715.0,8683.104023,BRA,Brazil,Amazonas,3.591072133,0.0,0.63,0.51,11715.0,11715.0,0.0,1.0,-9999.0,-9999.0,-9999.0,0.0,10.0,-999.9,-999.9,-999.9,-5979.4,0.0,0.0,0.0,0.0,0.0,0.0,0.0,0.0,0.0,0.0,0.0,-5979.4,23.49060059822356,71.82144266,0.0,,82.625,0.952,22.812,0.263,7.062,0.081,3.5,0.04,0.22812,0.263,0.10593,0.1215,0.0875,0.1,0.90605,21.375,0.2461677292368108,302.765625,3.4868363226766697,0.320625,0.3692515938552162,10.596796875,12.203927129368344,23.49060059822356,14039,,,0.4278066881263462,Advisory
622975,11717.0,29340.87931,BRA,Brazil,Amazonas,4.00905592,0.0,0.63,0.51,11717.0,11717.0,0.0,1.0,-9999.0,-9999.0,-9999.0,0.0,10.0,-999.9,-999.9,-999.9,-5979.4,0.0,0.0,0.0,0.0,0.0,0.0,0.0,0.0,0.0,0.0,0.0,-5979.4,16.054346161489914,80.1811184,0.0,,101.25,0.345,77.625,0.265,16.75,0.057,2.0,0.007,0.77625,0.265,0.25125,0.0855,0.05,0.0175,1.4455,99.0,0.3374132007386106,299.671875,1.0213459243948568,1.485,0.5061198011079159,10.488515625,3.574710735381999,16.054346161489914,60699,,,0.4165780515029511,Advisory
622976,11718.0,109924.0372,BRA,Brazil,Amazonas,4.000767203,0.0,0.63,0.51,11718.0,11718.0,0.0,1.0,-9999.0,-9999.0,-9999.0,0.0,10.0,-999.9,-999.9,-999.9,-5979.4,0.0,0.0,0.0,0.0,0.0,0.0,0.0,0.0,0.0,0.0,0.0,-5979.4,23.353276593077588,80.01534405999999,0.0,,715.5,0.651,360.75,0.328,24.938,0.023,0.188,0.0,3.6075,0.328,0.3740699999999999,0.0345,0.0046999999999999,0.0,4.34877,165.09375,0.150188943323682,540.84375,0.4920159080263043,2.47640625,0.2252834149855229,18.92953125,1.722055678092065,23.353276593077588,70455,,,0.561893835302438,Advisory
623010,11740.0,374.8170245,BRA,Brazil,Pará,1.214740968,4.009039807,0.63,0.51,11740.0,,,,,,,,,,,,,,,,,,,,,,,,,7.823835853539311,24.29481936,80.18079614,,10.812,2.885,4.875,1.301,0.438,0.117,0.188,0.05,0.04875,1.301,0.00657,0.1755,0.0046999999999999,0.125,1.66152,1.125,0.3001464518821616,7.59375,2.025988550204591,0.016875,0.4502196778232424,0.26578125,7.090959925716069,7.823835853539311,0,,,0.1763211233064854,Information
623020,11741.0,7602.829654,BRA,Brazil,Pará,4.025387412,4.003668848,0.63,0.51,11741.0,,,,,,,,,,,,,,,,,,,,,,,,,11.958885012791104,80.50774824,80.07337696,,235.125,3.093,96.438,1.268,4.25,0.056,0.75,0.01,0.96438,1.268,0.06375,0.084,0.01875,0.025,2.42388,28.6875,0.3773266179170664,135.28125,1.7793539531187157,0.4303125,0.5659899268755996,4.73484375,6.227738835915505,11.958885012791104,14078,,,0.3125828067573019,Information
623030,11742.0,746.2995297,BRA,Brazil,Pará,1.893745085,2.349995286,0.63,0.51,11742.0,,,,,,,,,,,,,,,,,,,,,,,,,1.6300622478810785,37.8749017,46.99990572,,14.625,1.96,6.938,0.93,0.438,0.059,0.0,0.0,0.06938,0.93,0.00657,0.0885,0.0,0.0,1.09445,0.984375,0.1319007932940068,2.8125,0.3768594094114481,0.014765625,0.1978511899410102,0.0984375,1.3190079329400684,1.6300622478810785,0,,,0.0002491435776791,Information
623040,11743.0,5477.992864,BRA,Brazil,Pará,3.497610833,0.0,0.63,0.51,11743.0,,,,,,,,,,,,,,,,,,,,,,,,,5.31831541892013,69.95221666,0.0,,142.375,2.599,61.5,1.123,2.75,0.05,1.688,0.031,0.615,1.123,0.04125,0.075,0.0421999999999999,0.0775,1.97395,22.78125,0.4158685592940314,44.015625,0.8034991299940236,0.34171875,0.623802838941047,1.540546875,2.8122469549790825,5.31831541892013,18725,,,0.0416695266280659,Information
623050,11744.0,6633.579115,BRA,Brazil,Pará,4.022852365,3.293684467,0.63,0.51,11744.0,,,,,,,,,,,,,,,,,,,,,,,,,9.185611181464605,80.4570473,65.87368934,,168.938,2.547,125.188,1.887,1.75,0.026,0.0,0.0,1.25188,1.887,0.02625,0.039,0.0,0.0,3.2041300000000006,36.84375,0.5554128376367473,88.875,1.3397744785741386,0.55265625,0.833119256455121,3.110625,4.689210675009485,9.185611181464605,21292,,,0.2251315449174984,Information
623060,11745.0,6409.597034,BRA,Brazil,Pará,4.018949249,1.147752541,0.63,0.51,11745.0,,,,,,,,,,,,,,,,,,,,,,,,,32.54243990573089,80.37898498000001,22.95505082,3.0,110.5,1.724,67.5,1.053,22.312,0.348,8.625,0.135,0.675,1.053,0.33468,0.522,0.215625,0.3375,3.137805,24.46875,0.3817517680160608,352.6875,5.502491001059084,0.36703125,0.5726276520240912,12.3440625,19.258718503706795,32.54243990573089,15603,4803.0,30.78,0.6935519814255058,Watch
623070,11746.0,17663.20562,BRA,Brazil,Pará,4.039762701,3.135545329,0.63,0.51,11746.0,,,,,,,,,,,,,,,,,,,,,,,,,39.71251316701644,80.79525402,62.71090658,3.0,399.75,2.263,256.688,1.453,69.438,0.393,16.125,0.091,2.56688,1.453,1.04157,0.5895,0.403125,0.2274999999999999,6.281575,93.796875,0.5310297405526422,684.28125,3.874049051767851,1.406953125,0.7965446108289633,23.94984375,13.55917168118748,39.71251316701644,231003,12980.0,5.62,0.7662365721061093,Watch
623081,11747.0,1013.666345,BRA,Brazil,Pará,4.040819546,4.02978517,0.63,0.51,11747.0,,,,,,,,,,,,,,,,,,,,,,,,,17.502275551692286,80.81639092,80.5957034,,42.438,4.187,30.125,2.972,5.562,0.549,2.25,0.222,0.30125,2.972,0.08343,0.8235000000000001,0.05625,0.555,4.79143,4.359375,0.4300601496966048,44.15625,4.3560931291849645,0.065390625,0.6450902245449072,1.54546875,15.246325952147377,17.502275551692286,14399,,,0.4634581411901553,Advisory
623082,11748.0,22190.54628,BRA,Brazil,Pará,2.737149621,0.0,0.63,0.51,11748.0,,,,,,,,,,,,,,,,,,,,,,,,,3.700497978270119,54.74299242,0.0,,178.812,0.806,88.0,0.397,9.438,0.043,2.688,0.012,0.88,0.397,0.14157,0.0645,0.0672,0.03,1.58027,9.28125,0.0418252434210738,68.90625,0.3105207466110025,0.13921875,0.0627378651316107,2.41171875,1.0868226131385086,3.700497978270119,34251,,,0.0061418087592108,Information
623083,11749.0,8080.464005,BRA,Brazil,Pará,2.79419704,0.0,0.63,0.51,11749.0,,,,,,,,,,,,,,,,,,,,,,,,,4.041754362839294,55.8839408,0.0,,119.312,1.477,69.062,0.855,10.062,0.125,2.938,0.036,0.69062,0.855,0.15093,0.1875,0.07345,0.09,2.0475,16.734375,0.2070967086826593,44.4375,0.5499374785186585,0.251015625,0.310645063023989,1.5553125,1.9247811748153048,4.041754362839294,56143,,,0.0084208604994266,Information
623085,11751.0,2099.888516,BRA,Brazil,Pará,2.236745114,0.0,0.63,0.51,11751.0,,,,,,,,,,,,,,,,,,,,,,,,,1.3572582097196704,44.73490228,0.0,,16.625,0.792,11.125,0.53,0.25,0.012,0.0,0.0,0.11125,0.53,0.00375,0.018,0.0,0.0,0.663,0.28125,0.0133935681757572,6.609375,0.3147488521302956,0.00421875,0.0200903522636358,0.231328125,1.1016209824560346,1.3572582097196704,635,,,0.0001049991052697,Information
623088,11754.0,4502.202943,BRA,Brazil,Pará,2.826725268,0.0,0.63,0.51,11754.0,,,,,,,,,,,,,,,,,,,,,,,,,0.7451390925277258,56.53450536,0.0,,50.812,1.129,11.438,0.254,0.0,0.0,0.0,0.0,0.11438,0.254,0.0,0.0,0.0,0.0,0.36838,0.984375,0.0218642964905415,6.1875,0.1374327207976896,0.014765625,0.0327964447358122,0.2165625,0.4810145227919136,0.7451390925277258,24524,,,2.389790754001449e-05,Information
623089,11755.0,7505.32639,BRA,Brazil,Pará,1.812237482,0.0,0.63,0.51,11755.0,,,,,,,,,,,,,,,,,,,,,,,,,0.31207,36.24474964,0.0,,57.312,0.764,13.125,0.175,0.188,0.002,0.0,0.0,0.13125,0.175,0.00282,0.003,0.0,0.0,0.31207,0.28125,0.0037473386949049,1.6875,0.0224840321694295,0.00421875,0.0056210080423573,0.0590625,0.0786941125930032,0.1475963706353605,31686,,,5.200373738304431e-08,Information
623090,11756.0,11085.06053,BRA,Brazil,Pará,4.007120661,3.298637257,0.63,0.51,11756.0,,,,,,,,,,,,,,,,,,,,,,,,,7.501614854720175,80.14241322000001,65.97274514,,155.875,1.406,108.562,0.979,12.125,0.109,2.625,0.024,1.08562,0.979,0.181875,0.1635,0.065625,0.06,2.53562,7.3125,0.0659671634678014,109.546875,0.9882388527195636,0.1096875,0.0989507452017021,3.834140625,3.4588359845184726,7.501614854720175,126414,,,0.1651604210779025,Information
624101,11757.0,39.78451872,BRA,Brazil,Pará,4.133843924,4.055559482,0.63,0.51,11757.0,,,,,,,,,,,,,,,,,,,,,,,,,40.99813699468127,82.67687848,81.11118963999999,3.0,2.75,6.912,2.75,6.912,0.5,1.257,0.125,0.314,0.0275,6.912,0.0075,1.8855,0.003125,0.785,9.620625,1.546875,3.88813299645418,4.078125,10.250532445197384,0.023203125,5.83219949468127,0.142734375,35.0,40.99813699468127,0,0.0,0.0,0.8055143764784216,Warning
624102,11758.0,4410.454281,BRA,Brazil,Pará,3.570472849,1.07961897,0.63,0.51,11758.0,,,,,,,,,,,,,,,,,,,,,,,,,1.0429962334096323,71.40945698,21.5923794,,31.188,0.707,11.438,0.259,1.875,0.043,0.0,0.0,0.11438,0.259,0.028125,0.0645,0.0,0.0,0.466005,0.28125,0.0063768941269571,9.0,0.2040606120626276,0.00421875,0.0095653411904356,0.315,0.7142121422191966,1.0429962334096323,31565,,,0.0004648518653552,Information
624103,11759.0,7103.91971,BRA,Brazil,Pará,3.052499607,2.957461982,0.63,0.51,11759.0,11759.0,0.0,1.0,-9999.0,-9999.0,-9999.0,0.0,10.0,-999.9,-999.9,-999.9,-5979.4,0.0,0.0,0.0,0.0,0.0,0.0,0.0,0.0,0.0,0.0,0.0,-5979.4,12.750888732579572,61.04999214,59.14923964,,189.562,2.668,121.125,1.705,27.0,0.38,4.062,0.057,1.21125,1.705,0.405,0.5700000000000001,0.10155,0.1425,4.1353,14.765625,0.2078518001648579,144.984375,2.0409067235235097,0.221484375,0.3117777002472868,5.074453125,7.143173532332284,12.750888732579572,227338,,,0.1320660137507181,Information
624104,11760.0,3744.004056,BRA,Brazil,Pará,2.583840488,0.0,0.63,0.51,11760.0,,,,,,,,,,,,,,,,,,,,,,,,,15.406751677538198,51.67680976,0.0,,114.125,3.048,91.875,2.454,21.188,0.566,5.812,0.155,0.91875,2.454,0.31782,0.849,0.1453,0.3875,5.07237,6.46875,0.1727762551237249,117.140625,3.128752619957889,0.09703125,0.2591643826855874,4.099921875,10.950634169852613,15.406751677538198,38499,,,0.1264973455527472,Information
624105,11761.0,3996.380029,BRA,Brazil,Pará,1.132475548,0.0,0.63,0.51,11761.0,,,,,,,,,,,,,,,,,,,,,,,,,16.139419971884895,22.64951096,0.0,,156.875,3.925,124.062,3.104,47.312,1.184,17.438,0.436,1.24062,3.104,0.7096799999999999,1.7759999999999998,0.43595,1.09,8.35625,11.25,0.2815047597652705,126.84375,3.173966166353425,0.16875,0.4222571396479058,4.43953125,11.108881582236988,16.139419971884895,47062,,,0.0585477425908475,Information
624106,11762.0,2325.768273,BRA,Brazil,Pará,3.284081525,0.0,0.63,0.51,11762.0,,,,,,,,,,,,,,,,,,,,,,,,,10.44487373931683,65.6816305,0.0,,71.0,3.053,50.125,2.155,14.062,0.605,3.562,0.153,0.50125,2.155,0.21093,0.9075,0.0890499999999999,0.3825,4.24623,4.078125,0.1753452847414827,54.5625,2.345998982058459,0.061171875,0.263017927112224,1.9096875,8.210996437204606,10.44487373931683,4426,,,0.1171078280354637,Information
624107,11763.0,358.4852344,BRA,Brazil,Pará,1.329578862,0.0,0.63,0.51,11763.0,,,,,,,,,,,,,,,,,,,,,,,,,18.508699131992778,26.59157724,0.0,,16.875,4.707,11.438,3.191,3.312,0.924,0.75,0.209,0.11438,3.191,0.04968,1.386,0.01875,0.5225,5.28231,2.671875,0.7453235848141884,17.15625,4.785761965648999,0.040078125,1.1179853772212829,0.60046875,16.750166879771495,18.508699131992778,1351,,,0.0841328572337546,Information
624108,11764.0,6009.250782,BRA,Brazil,Pará,1.719048259,0.0,0.63,0.51,11764.0,,,,,,,,,,,,,,,,,,,,,,,,,0.23413,34.380965180000004,0.0,,31.188,0.519,8.438,0.14,0.25,0.004,0.0,0.0,0.08438,0.14,0.00375,0.006,0.0,0.0,0.23413,0.140625,0.0023401419759931,1.125,0.018721135807945,0.002109375,0.0035102129639896,0.039375,0.0655239753278075,0.1105185632917971,19252,,,8.71517823243035e-09,Information
624109,11765.0,3456.898028,BRA,Brazil,Pará,2.024925535,0.0,0.63,0.51,11765.0,11765.0,0.0,1.0,-9999.0,-9999.0,-9999.0,0.0,10.0,-999.9,-999.9,-999.9,-5979.4,0.0,0.0,0.0,0.0,0.0,0.0,0.0,0.0,0.0,0.0,0.0,-5979.4,1.4670865045636352,40.4985107,0.0,,32.688,0.946,15.188,0.439,2.938,0.085,1.062,0.031,0.15188,0.439,0.04407,0.1275,0.02655,0.0775,0.8665,0.84375,0.0244077202514246,10.40625,0.301028549767571,0.01265625,0.0366115803771369,0.36421875,1.0535999241864984,1.4670865045636352,40377,,,0.0001066489167841,Information
624201,11766.0,97.57528057,BRA,Brazil,Pará,2.640545001,0.0,0.63,0.51,11766.0,,,,,,,,,,,,,,,,,,,,,,,,,2.5467005086980308,52.81090002,0.0,,2.312,2.37,0.5,0.512,0.0,0.0,0.0,0.0,0.005,0.512,0.0,0.0,0.0,0.0,0.517,0.0,0.0,0.703125,0.720597466770866,0.0,0.0,0.024609375,2.522091133698031,2.5467005086980308,173692,,,0.001753730155275,Information
624202,11767.0,3607.444586,BRA,Brazil,Pará,0.995458158,0.0,0.63,0.51,11767.0,,,,,,,,,,,,,,,,,,,,,,,,,0.30707,19.90916316,0.0,,39.375,1.091,7.875,0.218,0.188,0.005,0.0,0.0,0.07875,0.218,0.00282,0.0075,0.0,0.0,0.30707,0.0,0.0,0.984375,0.0272873214427005,0.0,0.0,0.034453125,0.0955056250494517,0.1299587500494517,10002,,,1.3195021177360312e-08,Information
624203,11768.0,573.5540653,BRA,Brazil,Pará,3.950643334,0.0,0.63,0.51,11768.0,11768.0,0.0,1.0,-9999.0,-9999.0,-9999.0,0.0,10.0,-999.9,-999.9,-999.9,-5979.4,0.0,0.0,0.0,0.0,0.0,0.0,0.0,0.0,0.0,0.0,0.0,-5979.4,0.9332793661856622,79.01286668,0.0,,7.812,1.362,1.188,0.207,0.0,0.0,0.0,0.0,0.01188,0.207,0.0,0.0,0.0,0.0,0.21888,0.421875,0.0735545305154718,1.265625,0.2206635915464156,0.006328125,0.1103317957732077,0.044296875,0.7723225704124546,0.9332793661856622,9908,,,0.0009261048253659,Information
624204,11769.0,6980.253194,BRA,Brazil,Pará,1.82537997,0.0,0.63,0.51,11769.0,,,,,,,,,,,,,,,,,,,,,,,,,0.4619999999999999,36.5075994,0.0,,86.375,1.237,17.125,0.245,1.25,0.018,0.0,0.0,0.17125,0.245,0.01875,0.0269999999999999,0.0,0.0,0.4619999999999999,,,,,,,,,,50831,,,4.258963695388142e-07,Information
624205,11770.0,1436.472648,BRA,Brazil,Pará,1.696038239,0.0,0.63,0.51,11770.0,,,,,,,,,,,,,,,,,,,,,,,,,1.729759617505956,33.92076478,0.0,,13.688,0.953,3.375,0.235,0.062,0.004,0.0,0.0,0.03375,0.235,0.0009299999999999,0.006,0.0,0.0,0.27568,0.703125,0.0489480256474419,5.90625,0.4111634154385123,0.010546875,0.0734220384711628,0.20671875,1.4390719540347932,1.729759617505956,4741,,,0.0001348064079126,Information
624206,11771.0,10016.05024,BRA,Brazil,Pará,2.343403375,0.0,0.63,0.51,11771.0,,,,,,,,,,,,,,,,,,,,,,,,,0.74107,46.8680675,0.0,,145.375,1.451,33.625,0.336,1.938,0.019,0.25,0.002,0.33625,0.336,0.02907,0.0284999999999999,0.00625,0.005,0.74107,2.8125,0.028079931049944,8.296875,0.0828357965973349,0.0421875,0.042119896574916,0.290390625,0.2899252880906721,0.6646233096655882,403694,,,9.66735291939826e-06,Information
624207,11772.0,11147.70547,BRA,Brazil,Pará,1.055925144,0.0,0.63,0.51,11772.0,,,,,,,,,,,,,,,,,,,,,,,,,0.6962750131744927,21.11850288,0.0,,60.875,0.546,11.688,0.105,0.375,0.003,0.312,0.003,0.11688,0.105,0.005625,0.0045,0.0078,0.0075,0.247305,2.8125,0.0252294071398078,9.28125,0.083257043561366,0.0421875,0.0378441107097117,0.32484375,0.291399652464781,0.6962750131744927,19654,,,1.122835586620428e-06,Information
624208,11773.0,3445.223955,BRA,Brazil,Pará,0.552153396,0.0,0.63,0.51,11773.0,,,,,,,,,,,,,,,,,,,,,,,,,0.1196199999999999,11.04306792,0.0,,22.312,0.648,3.062,0.089,0.0,0.0,0.0,0.0,0.0306199999999999,0.089,0.0,0.0,0.0,0.0,0.1196199999999999,,,,,,,,,,3921,,,1.9011004300919488e-11,Information
624209,11774.0,4318.128056,BRA,Brazil,Pará,2.220941563,0.0,0.63,0.51,11774.0,,,,,,,,,,,,,,,,,,,,,,,,,0.491625,44.41883126,0.0,,58.375,1.352,14.25,0.33,0.375,0.009,0.0,0.0,0.1425,0.33,0.005625,0.0134999999999999,0.0,0.0,0.491625,,,,,,,,,,11634,,,1.1343614274289123e-06,Information
624300,11775.0,5173.810305,BRA,Brazil,Pará,3.489424393,0.0,0.63,0.51,11775.0,11775.0,0.0,1.0,-9999.0,-9999.0,-9999.0,0.0,10.0,-999.9,-999.9,-999.9,-5979.4,0.0,0.0,0.0,0.0,0.0,0.0,0.0,0.0,0.0,0.0,0.0,-5979.4,1.277625,69.78848786,0.0,,68.75,1.329,29.75,0.575,7.125,0.138,1.25,0.024,0.2975,0.575,0.106875,0.207,0.03125,0.06,1.277625,2.953125,0.0570783392883367,8.71875,0.1685170017084228,0.044296875,0.085617508932505,0.30515625,0.5898095059794798,1.024880139911985,136085,,,0.0007801714051771,Information
624411,11776.0,9937.449814,BRA,Brazil,Maranhão,1.33936656,0.0,0.63,0.51,11776.0,11776.0,0.0,1.0,-9999.0,-9999.0,-9999.0,0.0,10.0,-999.9,-999.9,-999.9,-5979.4,0.0,0.0,0.0,0.0,0.0,0.0,0.0,0.0,0.0,0.0,0.0,-5979.4,2.8961173004503973,26.7873312,0.0,,102.812,1.035,57.562,0.579,11.812,0.119,2.25,0.023,0.57562,0.579,0.17718,0.1785,0.05625,0.0574999999999999,1.62405,11.25,0.1132081188855643,36.421875,0.3665112848920145,0.16875,0.1698121783283464,1.274765625,1.2827894971220508,2.8961173004503973,473121,,,0.0006189565047225,Information
624413,11778.0,2415.102759,BRA,Brazil,Maranhão,0.421726689,0.0,0.63,0.51,11778.0,,,,,,,,,,,,,,,,,,,,,,,,,0.8494055737458706,8.434533779999999,0.0,,33.688,1.395,9.062,0.375,0.625,0.026,0.0,0.0,0.0906199999999999,0.375,0.009375,0.039,0.0,0.0,0.513995,1.828125,0.0756955368825218,3.9375,0.1630365409777394,0.027421875,0.1135433053237827,0.1378125,0.5706278934220879,0.8494055737458706,9709,,,1.4324679743844578e-06,Information
624414,11779.0,3757.658578,BRA,Brazil,Maranhão,1.482502876,0.0,0.63,0.51,11779.0,,,,,,,,,,,,,,,,,,,,,,,,,0.61481,29.65005752,0.0,,50.0,1.331,16.688,0.444,0.062,0.002,0.0,0.0,0.16688,0.444,0.0009299999999999,0.003,0.0,0.0,0.61481,,,,,,,,,,18818,,,1.0689921530963778e-06,Information
624415,11780.0,2394.098906,BRA,Brazil,Tocantins,0.92102701,0.0,0.63,0.51,11780.0,11780.0,0.0,1.0,-9999.0,-9999.0,-9999.0,0.0,10.0,-999.9,-999.9,-999.9,-5979.4,0.0,0.0,0.0,0.0,0.0,0.0,0.0,0.0,0.0,0.0,0.0,-5979.4,1.022849480865644,18.4205402,0.0,,23.188,0.969,8.625,0.36,1.688,0.07,0.188,0.008,0.08625,0.36,0.02532,0.105,0.0046999999999999,0.02,0.6012700000000001,1.6875,0.0704858097536493,4.921875,0.2055836117814772,0.0253125,0.1057287146304739,0.172265625,0.7195426412351702,1.022849480865644,62520,,,5.96166220029298e-06,Information
624416,11781.0,1299.88031,BRA,Brazil,Maranhão,1.140356958,0.0,0.63,0.51,11781.0,,,,,,,,,,,,,,,,,,,,,,,,,0.1085,22.80713916,0.0,,13.75,1.058,1.25,0.096,0.0,0.0,0.0,0.0,0.0125,0.096,0.0,0.0,0.0,0.0,0.1085,,,,,,,,,,714,,,2.5615801254164647e-11,Information
624417,11782.0,2626.717269,BRA,Brazil,Tocantins,1.873927049,0.0,0.63,0.51,11782.0,,,,,,,,,,,,,,,,,,,,,,,,,9.041353567930848,37.47854098,0.0,,50.438,1.92,20.188,0.769,11.062,0.421,3.812,0.145,0.2018799999999999,0.769,0.16593,0.6315,0.0953,0.3625,2.22611,28.265625,1.076081744133907,41.625,1.5846775933514252,0.423984375,1.6141226162008606,1.456875,5.546371576729988,9.041353567930848,66795,,,0.0265749536148298,Information
624418,11783.0,5212.138766,BRA,Brazil,Maranhão,0.688659014,0.0,0.63,0.51,11783.0,,,,,,,,,,,,,,,,,,,,,,,,,0.4904613051463956,13.773180279999998,0.0,,44.625,0.856,12.812,0.246,1.75,0.034,0.125,0.002,0.1281199999999999,0.246,0.02625,0.051,0.003125,0.005,0.459495,2.671875,0.0512625453789248,3.65625,0.0701487463080024,0.040078125,0.0768938180683872,0.12796875,0.2455206120780084,0.4904613051463956,11358,,,1.174295645675488e-07,Information
624419,11784.0,4343.21095,BRA,Brazil,Maranhão,1.715502174,0.0,0.63,0.51,11784.0,11784.0,0.0,1.0,-9999.0,-9999.0,-9999.0,0.0,10.0,-999.9,-999.9,-999.9,-5979.4,0.0,0.0,0.0,0.0,0.0,0.0,0.0,0.0,0.0,0.0,0.0,-5979.4,12.666678771627598,34.310043480000004,0.0,,88.188,2.03,52.562,1.21,25.375,0.584,8.938,0.206,0.52562,1.21,0.380625,0.8759999999999999,0.22345,0.515,3.730695,48.65625,1.120282909709679,88.734375,2.0430592948751656,0.72984375,1.6804243645645185,3.105703125,7.15070753206308,12.666678771627598,33792,,,0.0498848424031638,Information
624420,11785.0,16601.09525,BRA,Brazil,Maranhão,0.98968028,0.0,0.63,0.51,11785.0,11785.0,0.0,1.0,-9999.0,-9999.0,-9999.0,0.0,10.0,-999.9,-999.9,-999.9,-5979.4,0.0,0.0,0.0,0.0,0.0,0.0,0.0,0.0,0.0,0.0,0.0,-5979.4,0.3368732333349298,19.7936056,0.0,,81.75,0.492,17.562,0.106,0.062,0.0,0.0,0.0,0.17562,0.106,0.0009299999999999,0.0,0.0,0.0,0.2825499999999999,2.53125,0.0152474879600584,4.921875,0.0296478932556692,0.03796875,0.0228712319400876,0.172265625,0.1037676263948422,0.3368732333349298,26374,,,2.216753207547304e-08,Information
624430,11786.0,21813.97298,BRA,Brazil,Tocantins,1.030634589,0.0,0.63,0.51,11786.0,11786.0,0.0,1.0,-9999.0,-9999.0,-9999.0,0.0,10.0,-999.9,-999.9,-999.9,-5979.4,0.0,0.0,0.0,0.0,0.0,0.0,0.0,0.0,0.0,0.0,0.0,-5979.4,3.793149920989789,20.61269178,0.0,,334.812,1.535,84.062,0.385,11.5,0.053,1.375,0.006,0.8406199999999999,0.385,0.1725,0.0795,0.034375,0.015,1.526995,16.875,0.0773586728947146,67.078125,0.3075007247564906,0.253125,0.1160380093420719,2.347734375,1.0762525366477171,3.793149920989789,111793,,,0.0011784143435797,Information
624441,11787.0,1653.116291,BRA,Brazil,Tocantins,1.903098121,0.0,0.63,0.51,11787.0,11787.0,0.0,1.0,-9999.0,-9999.0,-9999.0,0.0,10.0,-999.9,-999.9,-999.9,-5979.4,0.0,0.0,0.0,0.0,0.0,0.0,0.0,0.0,0.0,0.0,0.0,-5979.4,0.5511199999999999,38.06196242,0.0,,19.688,1.191,7.812,0.473,0.0,0.0,0.0,0.0,0.07812,0.473,0.0,0.0,0.0,0.0,0.5511199999999999,0.0,0.0,1.828125,0.1105865939228678,0.0,0.0,0.063984375,0.3870530787300373,0.4510374537300373,15894,,,1.1680441129332406e-06,Information
624442,11788.0,9687.225881,BRA,Brazil,Tocantins,1.438205898,0.0,0.63,0.51,11788.0,,,,,,,,,,,,,,,,,,,,,,,,,0.29418,28.76411796,0.0,,24.938,0.257,14.0,0.145,0.312,0.003,0.0,0.0,0.14,0.145,0.00468,0.0045,0.0,0.0,0.29418,,,,,,,,,,7664,,,2.014679918903224e-08,Information
624443,11789.0,3487.268746,BRA,Brazil,Tocantins,1.313810429,0.0,0.63,0.51,11789.0,,,,,,,,,,,,,,,,,,,,,,,,,0.3018520379383195,26.27620858,0.0,,13.25,0.38,5.562,0.16,0.0,0.0,0.0,0.0,0.05562,0.16,0.0,0.0,0.0,0.0,0.21562,0.28125,0.0080650509166962,2.109375,0.0604878818752215,0.00421875,0.0120975763750443,0.073828125,0.2117075865632752,0.3018520379383195,6068,,,1.9190485446841783e-08,Information
624444,11790.0,12437.5805,BRA,Brazil,Tocantins,0.935653497,0.0,0.63,0.51,11790.0,,,,,,,,,,,,,,,,,,,,,,,,,0.86957,18.71306994,0.0,,151.375,1.217,47.5,0.382,0.438,0.004,0.0,0.0,0.475,0.382,0.00657,0.006,0.0,0.0,0.86957,1.125,0.0090451675848015,3.9375,0.0316580865468054,0.016875,0.0135677513772022,0.1378125,0.1108033029138189,0.2790585542910211,20542,,,2.842992436323925e-06,Information
624445,11791.0,8570.310254,BRA,Brazil,Tocantins,1.291073108,0.0,0.63,0.51,11791.0,11791.0,0.0,1.0,-9999.0,-9999.0,-9999.0,0.0,10.0,-999.9,-999.9,-999.9,-5979.4,0.0,0.0,0.0,0.0,0.0,0.0,0.0,0.0,0.0,0.0,0.0,-5979.4,0.6595499999999999,25.82146216,0.0,,95.188,1.111,30.312,0.354,0.062,0.001,0.0,0.0,0.30312,0.354,0.0009299999999999,0.0015,0.0,0.0,0.6595499999999999,,,,,,,,,,4746,,,1.1638283973991515e-06,Information
624446,11792.0,3175.413812,BRA,Brazil,Tocantins,0.959074013,0.0,0.63,0.51,11792.0,,,,,,,,,,,,,,,,,,,,,,,,,0.49931,19.18148026,0.0,,26.375,0.831,11.938,0.376,0.062,0.002,0.0,0.0,0.11938,0.376,0.0009299999999999,0.003,0.0,0.0,0.49931,,,,,,,,,,1437,,,1.8214082837849937e-07,Information
624447,11793.0,1948.417612,BRA,Brazil,Tocantins,2.331910575,0.0,0.63,0.51,11793.0,,,,,,,,,,,,,,,,,,,,,,,,,0.54013,46.6382115,0.0,,28.938,1.485,7.688,0.395,0.75,0.038,0.0,0.0,0.07688,0.395,0.01125,0.0569999999999999,0.0,0.0,0.54013,,,,,,,,,,0,,,2.1841728278738877e-06,Information
624448,11794.0,2427.804769,BRA,Brazil,Tocantins,1.660846942,0.0,0.63,0.51,11794.0,,,,,,,,,,,,,,,,,,,,,,,,,0.8065,33.21693884,0.0,,42.062,1.733,15.75,0.649,0.0,0.0,0.0,0.0,0.1575,0.649,0.0,0.0,0.0,0.0,0.8065,,,,,,,,,,81,,,5.0155752321652526e-06,Information
624449,11795.0,2487.198252,BRA,Brazil,Tocantins,0.909641,0.0,0.63,0.51,11795.0,,,,,,,,,,,,,,,,,,,,,,,,,0.29212,18.19282,0.0,,13.938,0.56,5.812,0.234,0.0,0.0,0.0,0.0,0.05812,0.234,0.0,0.0,0.0,0.0,0.29212,,,,,,,,,,2069,,,8.755171384923215e-09,Information
624451,11796.0,19995.45322,BRA,Brazil,Tocantins,1.05568441,0.0,0.63,0.51,11796.0,11796.0,0.0,1.0,-9999.0,-9999.0,-9999.0,0.0,10.0,-999.9,-999.9,-999.9,-5979.4,0.0,0.0,0.0,0.0,0.0,0.0,0.0,0.0,0.0,0.0,0.0,-5979.4,15.12958418742716,21.1136882,0.0,,496.25,2.482,186.625,0.933,50.375,0.252,17.625,0.088,1.86625,0.933,0.755625,0.378,0.440625,0.2199999999999999,4.5935,98.15625,0.4908928489715781,246.09375,1.2307485468485124,1.47234375,0.7363392734573672,8.61328125,4.307619913969793,15.12958418742716,507139,,,0.049332984498295,Information
624452,11797.0,3449.334093,BRA,Brazil,Tocantins,0.405894369,0.0,0.63,0.51,11797.0,,,,,,,,,,,,,,,,,,,,,,,,,1.20375,8.117887379999999,0.0,,154.938,4.492,30.875,0.895,0.0,0.0,0.0,0.0,0.30875,0.895,0.0,0.0,0.0,0.0,1.20375,,,,,,,,,,9776,,,7.285863306302444e-06,Information
624453,11798.0,2366.70105,BRA,Brazil,Tocantins,2.022870508,0.0,0.63,0.51,11798.0,,,,,,,,,,,,,,,,,,,,,,,,,1.8076240109057824,40.45741016,0.0,,98.875,4.178,28.312,1.196,0.938,0.04,0.125,0.005,0.28312,1.196,0.01407,0.06,0.003125,0.0125,1.568815,0.421875,0.0178254452549485,9.703125,0.409985240863817,0.006328125,0.0267381678824227,0.339609375,1.4349483430233594,1.8076240109057824,4408,,,0.0002373164926328,Information
624454,11799.0,15055.05794,BRA,Brazil,Tocantins,1.247844401,0.0,0.63,0.51,11799.0,11799.0,0.0,1.0,-9999.0,-9999.0,-9999.0,0.0,10.0,-999.9,-999.9,-999.9,-5979.4,0.0,0.0,0.0,0.0,0.0,0.0,0.0,0.0,0.0,0.0,0.0,-5979.4,1.8545000000000005,24.95688802,0.0,,439.25,2.918,103.25,0.686,3.625,0.024,1.125,0.007,1.0325,0.686,0.054375,0.036,0.028125,0.0175,1.8545000000000005,5.765625,0.038296930005506,16.875,0.1120885756258712,0.086484375,0.057445395008259,0.590625,0.3923100146905492,1.1268647846988082,32719,,,0.0001076097350838,Information
624455,11800.0,2813.801312,BRA,Brazil,Tocantins,2.449036691,0.0,0.63,0.51,11800.0,,,,,,,,,,,,,,,,,,,,,,,,,2.817732555353331,48.98073382,0.0,,121.812,4.329,35.812,1.273,2.125,0.076,0.375,0.013,0.35812,1.273,0.031875,0.1139999999999999,0.009375,0.0325,1.81887,4.5,0.1599260040256968,15.75,0.5597410140899388,0.0675,0.2398890060385451,0.55125,1.9590935493147856,2.817732555353331,5533,,,0.0018881317400433,Information
624456,11801.0,3042.958511,BRA,Brazil,Tocantins,0.62789211,0.0,0.63,0.51,11801.0,,,,,,,,,,,,,,,,,,,,,,,,,1.414,12.5578422,0.0,,152.875,5.024,32.625,1.072,0.25,0.008,0.0,0.0,0.32625,1.072,0.00375,0.012,0.0,0.0,1.414,2.953125,0.0970478233448877,7.03125,0.2310662460592564,0.044296875,0.1455717350173315,0.24609375,0.8087318612073975,1.244694221224729,97083,,,1.8572615004970515e-05,Information
624457,11802.0,641.6290525,BRA,Brazil,Tocantins,3.102230658,0.0,0.63,0.51,11802.0,,,,,,,,,,,,,,,,,,,,,,,,,6.483827129462456,62.04461316,0.0,,46.188,7.198,11.375,1.773,0.125,0.019,0.0,0.0,0.11375,1.773,0.001875,0.0284999999999999,0.0,0.0,1.917125,1.125,0.175334953365826,10.6875,1.6656820569753477,0.016875,0.263002430048739,0.3740625,5.829887199413717,6.483827129462456,90,,,0.0386056996484954,Information
624458,11803.0,14708.23389,BRA,Brazil,Goiás,1.009893372,0.0,0.63,0.51,11803.0,11803.0,0.0,1.0,-9999.0,-9999.0,-9999.0,0.0,10.0,-999.9,-999.9,-999.9,-5979.4,0.0,0.0,0.0,0.0,0.0,0.0,0.0,0.0,0.0,0.0,0.0,-5979.4,2.20705,20.197867440000003,0.0,,784.438,5.333,131.312,0.893,0.062,0.0,0.0,0.0,1.31312,0.893,0.0009299999999999,0.0,0.0,0.0,2.20705,3.9375,0.0267707192431738,11.671875,0.0793560606136939,0.0590625,0.0401560788647607,0.408515625,0.2777462121479286,0.7854804160126893,71681,,,0.0001666802323513,Information
624459,11804.0,4188.174744,BRA,Brazil,Tocantins,1.516582282,0.0,0.63,0.51,11804.0,11804.0,0.0,1.0,-9999.0,-9999.0,-9999.0,0.0,10.0,-999.9,-999.9,-999.9,-5979.4,0.0,0.0,0.0,0.0,0.0,0.0,0.0,0.0,0.0,0.0,0.0,-5979.4,12.914981492257446,30.33164564,0.0,,155.812,3.72,81.062,1.936,25.562,0.61,9.812,0.234,0.81062,1.936,0.38343,0.915,0.2452999999999999,0.5850000000000001,4.87535,47.109375,1.1248187545762611,88.734375,2.1186884601123013,0.706640625,1.6872281318643916,3.105703125,7.415409610393055,12.914981492257446,9810,,,0.0459597420899122,Information
624461,11805.0,1792.921136,BRA,Brazil,Tocantins,0.936843466,0.0,0.63,0.51,11805.0,,,,,,,,,,,,,,,,,,,,,,,,,9.309717913382254,18.73686932,0.0,,29.812,1.663,18.812,1.049,7.25,0.404,2.438,0.136,0.18812,1.049,0.10875,0.6060000000000001,0.06095,0.34,2.35282,17.578125,0.980418192794617,32.90625,1.8353428569115229,0.263671875,1.4706272891919254,1.15171875,6.42369999919033,9.309717913382254,823,,,0.0151314006813857,Information
624462,11806.0,17966.24194,BRA,Brazil,Tocantins,0.807567343,0.0,0.63,0.51,11806.0,,,,,,,,,,,,,,,,,,,,,,,,,1.980325,16.15134686,0.0,,462.75,2.576,114.625,0.638,6.875,0.038,0.938,0.005,1.14625,0.638,0.103125,0.0569999999999999,0.02345,0.0125,1.980325,8.15625,0.0453976408999501,18.984375,0.1056669227843668,0.12234375,0.0680964613499251,0.664453125,0.3698342297452838,1.224727566095209,67768,,,8.992693868818853e-05,Information
624463,11807.0,13234.80969,BRA,Brazil,Tocantins,0.831174814,0.0,0.63,0.51,11807.0,,,,,,,,,,,,,,,,,,,,,,,,,0.643255,16.62349628,0.0,,150.438,1.137,32.938,0.249,2.25,0.017,0.125,0.001,0.32938,0.249,0.03375,0.0255,0.003125,0.0025,0.643255,2.671875,0.0201882389061431,5.0625,0.0382514000326923,0.040078125,0.0302823583592146,0.1771875,0.133879900114423,0.3814278834736376,35332,,,5.734988163278435e-07,Information
624464,11808.0,4146.150869,BRA,Brazil,Goiás,0.909224099,0.0,0.63,0.51,11808.0,,,,,,,,,,,,,,,,,,,,,,,,,0.96743,18.18448198,0.0,,112.312,2.709,24.125,0.582,2.812,0.068,0.0,0.0,0.24125,0.582,0.04218,0.102,0.0,0.0,0.96743,0.140625,0.0033917000236165,1.96875,0.0474838003306322,0.002109375,0.0050875500354247,0.06890625,0.1661933011572127,0.2422964761926374,14628,,,4.548813858955672e-06,Information
624465,11809.0,5980.411563,BRA,Brazil,Goiás,1.312503402,0.0,0.63,0.51,11809.0,11809.0,0.0,1.0,-9999.0,-9999.0,-9999.0,0.0,10.0,-999.9,-999.9,-999.9,-5979.4,0.0,0.0,0.0,0.0,0.0,0.0,0.0,0.0,0.0,0.0,0.0,-5979.4,0.565875,26.25006804,0.0,,141.75,2.37,20.625,0.345,0.375,0.006,0.0,0.0,0.20625,0.345,0.005625,0.009,0.0,0.0,0.565875,,,,,,,,,,27664,,,5.578157754968211e-07,Information
624466,11810.0,8190.622688,BRA,Brazil,Goiás,2.814922756,0.0,0.63,0.51,11810.0,,,,,,,,,,,,,,,,,,,,,,,,,1.3756999999999997,56.29845512,0.0,,236.312,2.885,54.375,0.664,4.75,0.058,0.188,0.002,0.54375,0.664,0.07125,0.087,0.0046999999999999,0.005,1.3756999999999997,,,,,,,,,,72429,,,0.0002716760392635,Information
624467,11811.0,1918.537269,BRA,Brazil,Goiás,3.745052242,0.0,0.63,0.51,11811.0,,,,,,,,,,,,,,,,,,,,,,,,,1.6250699999999998,74.90104484,0.0,,89.312,4.655,21.0,1.095,3.438,0.179,0.0,0.0,0.21,1.095,0.05157,0.2684999999999999,0.0,0.0,1.6250699999999998,0.703125,0.0366490144074585,0.84375,0.0439788172889502,0.010546875,0.0549735216111877,0.02953125,0.1539258605113257,0.2489775071225134,9091,,,0.0030975210243217,Information
624468,11812.0,3053.275277,BRA,Brazil,Goiás,0.609209197,0.0,0.63,0.51,11812.0,,,,,,,,,,,,,,,,,,,,,,,,,0.9108119164347044,12.18418394,0.0,,77.812,2.548,9.188,0.301,1.5,0.049,0.0,0.0,0.09188,0.301,0.0225,0.0735,0.0,0.0,0.48888,2.390625,0.0782970673557094,5.0625,0.1658055544003258,0.035859375,0.1174456010335641,0.1771875,0.5803194404011403,0.9108119164347044,10487,,,2.454255777716395e-06,Information
624469,11813.0,4186.25312,BRA,Brazil,Goiás,0.777649783,0.0,0.63,0.51,11813.0,,,,,,,,,,,,,,,,,,,,,,,,,3.459723380246797,15.55299566,0.0,,88.562,2.116,19.812,0.473,5.625,0.134,0.5,0.012,0.19812,0.473,0.084375,0.201,0.0125,0.03,0.998995,13.921875,0.3325617109427451,23.203125,0.5542695182379085,0.208828125,0.4988425664141176,0.812109375,1.93994331383268,3.459723380246797,29528,,,0.0006993103931297,Information
624471,11814.0,3899.298592,BRA,Brazil,Tocantins,1.183213135,0.0,0.63,0.51,11814.0,11814.0,0.0,1.0,-9999.0,-9999.0,-9999.0,0.0,10.0,-999.9,-999.9,-999.9,-5979.4,0.0,0.0,0.0,0.0,0.0,0.0,0.0,0.0,0.0,0.0,0.0,-5979.4,15.128231536782932,23.6642627,0.0,,72.562,1.861,46.312,1.188,24.562,0.63,9.938,0.255,0.46312,1.188,0.36843,0.945,0.24845,0.6375,3.8505,52.59375,1.348800271622537,98.71875,2.531705322671179,0.78890625,2.023200407433805,3.45515625,8.860968629349127,15.128231536782932,10829,,,0.0527689844274008,Information
624472,11815.0,2095.464946,BRA,Brazil,Goiás,0.002598706,0.0,0.63,0.51,11815.0,,,,,,,,,,,,,,,,,,,,,,,,,0.47288,0.05197412,0.0,,32.625,1.557,8.188,0.391,0.0,0.0,0.0,0.0,0.08188,0.391,0.0,0.0,0.0,0.0,0.47288,,,,,,,,,,2870,,,4.31192727712003e-08,Information
624473,11816.0,1444.104062,BRA,Brazil,Goiás,0.351251564,0.0,0.63,0.51,11816.0,,,,,,,,,,,,,,,,,,,,,,,,,16.939064898125253,7.02503128,0.0,,51.375,3.558,24.688,1.71,16.812,1.164,8.375,0.58,0.24688,1.71,0.25218,1.746,0.209375,1.45,5.614435,28.96875,2.006001558561712,48.65625,3.3693035886521963,0.43453125,3.009002337842568,1.70296875,11.792562560282686,16.939064898125253,24904,,,0.0443113806814749,Information
624474,11817.0,1391.078592,BRA,Brazil,Goiás,1.478924098,0.0,0.63,0.51,11817.0,,,,,,,,,,,,,,,,,,,,,,,,,4.082178173124733,29.57848196,0.0,,11.75,0.845,4.25,0.306,2.875,0.207,1.062,0.076,0.0425,0.306,0.043125,0.3105,0.02655,0.19,0.918675,7.3125,0.525671234139594,11.109375,0.7986159134043833,0.1096875,0.7885068512093911,0.388828125,2.7951556969153417,4.082178173124733,162,,,0.0022006576930495,Information
624475,11818.0,109.8526655,BRA,Brazil,Goiás,0.684354798,0.0,0.63,0.51,11818.0,,,,,,,,,,,,,,,,,,,,,,,,,32.61349208635652,13.68709596,0.0,,5.0,4.552,4.5,4.096,1.688,1.536,0.188,0.171,0.045,4.096,0.02532,2.3040000000000003,0.0046999999999999,0.4275,6.90252,4.921875,4.480432928660629,8.015625,7.296705055247308,0.073828125,6.720649392990943,0.280546875,25.53846769336558,32.61349208635652,0,,,0.1652137772982578,Information
624476,11819.0,3843.061508,BRA,Brazil,Goiás,1.12736324,0.0,0.63,0.51,11819.0,,,,,,,,,,,,,,,,,,,,,,,,,0.42857,22.5472648,0.0,,55.25,1.438,11.625,0.302,0.188,0.005,0.0,0.0,0.11625,0.302,0.00282,0.0075,0.0,0.0,0.42857,1.546875,0.0402511122116464,1.96875,0.0512286882693682,0.023203125,0.0603766683174696,0.06890625,0.1793004089427887,0.3317864522602583,897,,,1.01282022226866e-07,Information
624477,11820.0,1241.435466,BRA,Brazil,Goiás,0.425002501,0.0,0.63,0.51,11820.0,,,,,,,,,,,,,,,,,,,,,,,,,19.20266476720723,8.50005002,0.0,,38.688,3.116,30.5,2.457,20.688,1.666,10.312,0.831,0.305,2.457,0.31032,2.499,0.2578,2.0775,7.906619999999999,25.875,2.084280714301148,49.5,3.987319627358717,0.388125,3.126421071451721,1.7325,13.95561869575551,19.20266476720723,1561,,,0.0592277457227889,Information
624478,11821.0,9441.030658,BRA,Brazil,Goiás,0.884214795,0.0,0.63,0.51,11821.0,,,,,,,,,,,,,,,,,,,,,,,,,18.28382223648635,17.6842959,0.0,,237.938,2.52,173.75,1.84,112.812,1.195,72.5,0.768,1.7375,1.84,1.6921799999999998,1.7925,1.8125,1.92,10.79468,124.03125,1.3137469254958762,200.53125,2.1240398137835825,1.86046875,1.9706203882438145,7.01859375,7.434139348242539,18.28382223648635,54547,,,0.0662205135367874,Information
624479,11822.0,6729.993642,BRA,Brazil,Goiás,0.145604246,0.0,0.63,0.51,11822.0,11822.0,0.0,1.0,-9999.0,-9999.0,-9999.0,0.0,10.0,-999.9,-999.9,-999.9,-5979.4,0.0,0.0,0.0,0.0,0.0,0.0,0.0,0.0,0.0,0.0,0.0,-5979.4,35.948817546740685,2.91208492,0.0,,369.75,5.494,294.125,4.37,183.688,2.729,115.875,1.722,2.94125,4.37,2.75532,4.093500000000001,2.896875,4.305,21.361945,170.015625,2.52623752780031,340.3125,5.05665410858292,2.550234375,3.789356291700465,11.9109375,17.698289380040222,35.948817546740685,53894,,,0.1602281297886062,Advisory
624480,11823.0,15734.47175,BRA,Brazil,Goiás,0.254327826,0.0,0.63,0.51,11823.0,11823.0,0.0,1.0,-9999.0,-9999.0,-9999.0,0.0,10.0,-999.9,-999.9,-999.9,-5979.4,0.0,0.0,0.0,0.0,0.0,0.0,0.0,0.0,0.0,0.0,0.0,-5979.4,1.7686910010054058,5.086556519999999,0.0,,239.938,1.525,41.938,0.267,8.875,0.056,4.688,0.03,0.41938,0.267,0.133125,0.084,0.1171999999999999,0.075,1.095705,16.3125,0.1036736425443785,23.90625,0.1519355106253823,0.2446875,0.1555104638165677,0.83671875,0.531774287188838,1.7686910010054058,265662,,,3.406469640725921e-05,Information
624490,11824.0,19011.5777,BRA,Brazil,Goiás,0.995419789,0.0,0.63,0.51,11824.0,11824.0,0.0,1.0,-9999.0,-9999.0,-9999.0,0.0,10.0,-999.9,-999.9,-999.9,-5979.4,0.0,0.0,0.0,0.0,0.0,0.0,0.0,0.0,0.0,0.0,0.0,-5979.4,1.8186763974975728,19.90839578,0.0,,373.875,1.967,68.125,0.358,11.75,0.062,8.25,0.043,0.68125,0.358,0.17625,0.093,0.20625,0.1074999999999999,1.62225,14.484375,0.0761871278079646,27.84375,0.1464568087958931,0.217265625,0.1142806917119469,0.97453125,0.5125988307856258,1.8186763974975728,342407,,,7.683511579078895e-05,Information
624511,11825.0,10037.67923,BRA,Brazil,Tocantins,2.34016798,0.0,0.63,0.51,11825.0,11825.0,0.0,1.0,-9999.0,-9999.0,-9999.0,0.0,10.0,-999.9,-999.9,-999.9,-5979.4,0.0,0.0,0.0,0.0,0.0,0.0,0.0,0.0,0.0,0.0,0.0,-5979.4,2.0338317942584663,46.8033596,0.0,,156.188,1.556,58.0,0.578,14.0,0.139,3.0,0.03,0.58,0.578,0.21,0.2085,0.075,0.075,1.7264999999999997,5.90625,0.0588407924207806,26.578125,0.264783565893513,0.08859375,0.0882611886311709,0.930234375,0.9267424806272956,2.0338317942584663,71361,,,0.0005491130723262,Information
624512,11826.0,3553.23766,BRA,Brazil,Tocantins,0.585423178,0.0,0.63,0.51,11826.0,,,,,,,,,,,,,,,,,,,,,,,,,0.468005,11.70846356,0.0,,54.75,1.541,11.688,0.329,0.375,0.011,0.0,0.0,0.11688,0.329,0.005625,0.0165,0.0,0.0,0.468005,,,,,,,,,,21797,,,8.032287181692862e-08,Information
624513,11827.0,2170.87757,BRA,Brazil,Pará,1.555265866,0.0,0.63,0.51,11827.0,11827.0,0.0,1.0,-9999.0,-9999.0,-9999.0,0.0,10.0,-999.9,-999.9,-999.9,-5979.4,0.0,0.0,0.0,0.0,0.0,0.0,0.0,0.0,0.0,0.0,0.0,-5979.4,1.7068957556861206,31.10531732,0.0,,32.875,1.514,12.562,0.579,2.812,0.13,0.438,0.02,0.1256199999999999,0.579,0.04218,0.195,0.01095,0.05,1.00275,1.265625,0.0583001555481528,8.15625,0.3757121135325404,0.018984375,0.0874502333222292,0.28546875,1.3149923973638915,1.7068957556861206,29400,,,0.0001086941211994,Information
624514,11828.0,3802.236974,BRA,Brazil,Tocantins,0.567063633,0.0,0.63,0.51,11828.0,,,,,,,,,,,,,,,,,,,,,,,,,0.470995,11.34127266,0.0,,64.188,1.688,12.062,0.317,0.625,0.016,0.0,0.0,0.1206199999999999,0.317,0.009375,0.024,0.0,0.0,0.470995,0.421875,0.0110954420500429,0.984375,0.0258893647834335,0.006328125,0.0166431630750643,0.034453125,0.0906127767420172,0.1480371898170815,209401,,,8.129403146498393e-08,Information
624515,11829.0,531.5938481,BRA,Brazil,Tocantins,0.178324159,0.0,0.63,0.51,11829.0,,,,,,,,,,,,,,,,,,,,,,,,,1.1143886560452874,3.56648318,0.0,,9.125,1.717,2.75,0.517,0.188,0.035,0.0,0.0,0.0275,0.517,0.00282,0.0525,0.0,0.0,0.59982,0.140625,0.0264534664011321,1.546875,0.2909881304124541,0.002109375,0.0396801996016981,0.054140625,1.0184584564435892,1.1143886560452874,1056,,,4.087519924005627e-06,Information
624516,11830.0,2971.881007,BRA,Brazil,Tocantins,0.521520899,0.0,0.63,0.51,11830.0,,,,,,,,,,,,,,,,,,,,,,,,,0.7196800000000001,10.43041798,0.0,,75.125,2.528,14.875,0.501,1.062,0.036,0.0,0.0,0.14875,0.501,0.01593,0.0539999999999999,0.0,0.0,0.7196800000000001,0.28125,0.0094637032682093,0.5625,0.0189274065364186,0.00421875,0.0141955549023139,0.0196875,0.0662459228774651,0.104347727779779,9989,,,7.03662784148253e-07,Information
624517,11831.0,6368.951472,BRA,Brazil,Pará,1.378520161,0.0,0.63,0.51,11831.0,,,,,,,,,,,,,,,,,,,,,,,,,3.4299016666252173,27.57040322,0.0,,164.812,2.588,48.0,0.754,5.688,0.089,1.125,0.018,0.48,0.754,0.08532,0.1335,0.028125,0.045,1.525945,8.578125,0.1346866126597874,34.453125,0.5409544278958676,0.128671875,0.2020299189896811,1.205859375,1.8933404976355368,3.4299016666252173,14264,,,0.0011438890648398,Information
624518,11832.0,4578.208956,BRA,Brazil,Pará,0.732064103,0.0,0.63,0.51,11832.0,,,,,,,,,,,,,,,,,,,,,,,,,0.54395,14.64128206,0.0,,116.188,2.538,15.688,0.343,0.938,0.02,0.0,0.0,0.15688,0.343,0.01407,0.03,0.0,0.0,0.54395,,,,,,,,,,67716,,,2.143394782726575e-07,Information
624519,11833.0,2240.471791,BRA,Brazil,Tocantins,1.045598637,0.0,0.63,0.51,11833.0,,,,,,,,,,,,,,,,,,,,,,,,,5.374139449005031,20.911972740000003,0.0,,51.25,2.287,16.125,0.72,3.312,0.148,0.812,0.036,0.16125,0.72,0.04968,0.2219999999999999,0.0203,0.09,1.26323,5.203125,0.2322334528065563,25.875,1.154890684227199,0.078046875,0.3483501792098344,0.905625,4.042117394795197,5.374139449005031,7245,,,0.0035837176969163,Information
624520,11834.0,13534.71673,BRA,Brazil,Pará,0.791299576,0.0,0.63,0.51,11834.0,,,,,,,,,,,,,,,,,,,,,,,,,1.35312,15.82599152,0.0,,445.938,3.295,68.312,0.505,6.125,0.045,0.125,0.001,0.68312,0.505,0.091875,0.0675,0.003125,0.0025,1.35312,1.40625,0.0103899477763748,4.5,0.0332478328843995,0.02109375,0.0155849216645621,0.1575,0.1163674150953982,0.3105460867599605,100107,,,1.810086894942761e-05,Information
624530,11835.0,14843.03504,BRA,Brazil,Tocantins,2.59559011,0.0,0.63,0.51,11835.0,11835.0,0.0,1.0,-9999.0,-9999.0,-9999.0,0.0,10.0,-999.9,-999.9,-999.9,-5979.4,0.0,0.0,0.0,0.0,0.0,0.0,0.0,0.0,0.0,0.0,0.0,-5979.4,4.852078446681375,51.9118022,0.0,,316.688,2.134,62.25,0.419,14.312,0.096,3.375,0.023,0.6225,0.419,0.21468,0.144,0.084375,0.0574999999999999,1.5420550000000004,10.828125,0.0729508821341091,78.1875,0.5267622138514891,0.162421875,0.1094263232011636,2.7365625,1.843667748480212,4.852078446681375,74776,,,0.0109058912525461,Information
624540,11836.0,6051.359331,BRA,Brazil,Tocantins,0.872257948,0.0,0.63,0.51,11836.0,11836.0,0.0,1.0,-9999.0,-9999.0,-9999.0,0.0,10.0,-999.9,-999.9,-999.9,-5979.4,0.0,0.0,0.0,0.0,0.0,0.0,0.0,0.0,0.0,0.0,0.0,-5979.4,0.67487,17.44515896,0.0,,164.75,2.723,22.812,0.377,1.75,0.029,0.0,0.0,0.22812,0.377,0.02625,0.0435,0.0,0.0,0.67487,,,,,,,,,,6993,,,7.672175050694694e-07,Information
624550,11837.0,6624.354199,BRA,Brazil,Tocantins,1.248348306,0.0,0.63,0.51,11837.0,,,,,,,,,,,,,,,,,,,,,,,,,2.9767945371532587,24.96696612,0.0,,282.062,4.258,46.75,0.706,6.938,0.105,0.938,0.014,0.4675,0.706,0.10407,0.1575,0.02345,0.035,1.4935199999999995,8.859375,0.1337394519450566,30.09375,0.4542895669244783,0.132890625,0.2006091779175849,1.05328125,1.590013484235674,2.9767945371532587,11395,,,0.0006252993757693,Information
624560,11838.0,6228.786809,BRA,Brazil,Pará,1.932260138,0.0,0.63,0.51,11838.0,,,,,,,,,,,,,,,,,,,,,,,,,1.003805,38.64520276,0.0,,216.125,3.47,36.688,0.589,1.125,0.018,0.062,0.001,0.36688,0.589,0.016875,0.0269999999999999,0.00155,0.0025,1.003805,2.109375,0.0338649413552844,6.328125,0.1015948240658534,0.031640625,0.0507974120329266,0.221484375,0.3555818842304869,0.6595042962634134,11276,,,1.9538050292747545e-05,Information
624570,11839.0,2363.406622,BRA,Brazil,Pará,3.009201906,0.0,0.63,0.51,11839.0,,,,,,,,,,,,,,,,,,,,,,,,,6.587609250366088,60.18403812,0.0,,89.375,3.782,23.5,0.994,4.25,0.18,0.812,0.034,0.235,0.994,0.06375,0.27,0.0203,0.085,1.66805,10.125,0.4284070251550622,31.640625,1.3387719536095697,0.151875,0.6426105377325932,1.107421875,4.685701837633494,6.587609250366088,250,,,0.0360032201465954,Information
624580,11840.0,6711.70229,BRA,Brazil,Tocantins,0.502562887,0.0,0.63,0.51,11840.0,,,,,,,,,,,,,,,,,,,,,,,,,1.4776207881740766,10.05125774,0.0,,249.688,3.72,39.875,0.594,0.25,0.004,0.0,0.0,0.39875,0.594,0.00375,0.006,0.0,0.0,1.0025,5.765625,0.085904063542979,14.484375,0.2158077693884595,0.086484375,0.1288560953144685,0.506953125,0.7553271928596083,1.4776207881740766,66660,,,1.9885433860674943e-05,Information
624590,11841.0,12179.26792,BRA,Brazil,Pará,2.475650683,0.0,0.63,0.51,11841.0,,,,,,,,,,,,,,,,,,,,,,,,,3.306090979402746,49.51301366,0.0,,550.188,4.517,110.875,0.91,4.25,0.035,1.375,0.011,1.10875,0.91,0.06375,0.0525,0.034375,0.0274999999999999,2.196875,15.046875,0.1235449872549139,45.421875,0.3729442138629644,0.225703125,0.1853174808823708,1.589765625,1.3053047485203757,3.306090979402746,81157,,,0.0032058443645707,Information
624601,11842.0,435.2801122,BRA,Brazil,Tocantins,4.054137305,0.0,0.63,0.51,11842.0,,,,,,,,,,,,,,,,,,,,,,,,,19.738980649941016,81.08274610000001,0.0,,32.562,7.481,10.25,2.355,5.25,1.206,3.188,0.732,0.1025,2.355,0.07875,1.809,0.0797,1.83,6.25495,12.234375,2.8106900955078884,18.28125,4.199881751908339,0.183515625,4.216035143261832,0.63984375,14.699586131679183,19.738980649941016,0,,,0.516958307761372,Advisory
624602,11843.0,6682.949904,BRA,Brazil,Tocantins,3.726423188,0.0,0.63,0.51,11843.0,,,,,,,,,,,,,,,,,,,,,,,,,13.218732906293074,74.52846376,0.0,,654.562,9.795,152.688,2.285,16.812,0.252,10.188,0.152,1.5268799999999998,2.285,0.25218,0.378,0.2547,0.38,5.076759999999999,65.25,0.9763652419386496,123.328125,1.8454144766814569,0.97875,1.4645478629079745,4.316484375,6.458950668385099,13.218732906293074,0,,,0.2559356698017986,Information
624603,11844.0,643.9716088,BRA,Brazil,Tocantins,4.007046998,0.0,0.63,0.51,11844.0,,,,,,,,,,,,,,,,,,,,,,,,,4.055972049076206,80.14093996,0.0,,34.562,5.367,10.062,1.563,0.562,0.087,0.312,0.049,0.1006199999999999,1.563,0.00843,0.1305,0.0078,0.1225,1.93285,2.25,0.3493942853021162,6.046875,0.9389971417494376,0.03375,0.5240914279531743,0.211640625,3.286489996123032,4.055972049076206,328,,,0.0560900550922391,Information
624604,11845.0,5211.035345,BRA,Brazil,Tocantins,2.051268225,0.0,0.63,0.51,11845.0,,,,,,,,,,,,,,,,,,,,,,,,,2.10373562668368,41.0253645,0.0,,251.812,4.832,46.188,0.886,1.188,0.023,0.188,0.004,0.46188,0.886,0.01782,0.0345,0.0046999999999999,0.01,1.4148999999999998,9.0,0.1727104002102547,16.734375,0.3211334003909423,0.135,0.259065600315382,0.585703125,1.123966901368298,2.10373562668368,21275,,,0.0004289686120185,Information
624605,11846.0,405.0771602,BRA,Brazil,Tocantins,4.108994086,0.0,0.63,0.51,11846.0,11846.0,0.0,1.0,-9999.0,-9999.0,-9999.0,0.0,10.0,-999.9,-999.9,-999.9,-5979.4,0.0,0.0,0.0,0.0,0.0,0.0,0.0,0.0,0.0,0.0,0.0,-5979.4,4.930633649389397,82.17988172,0.0,,27.562,6.804,3.062,0.756,0.0,0.0,0.0,0.0,0.0306199999999999,0.756,0.0,0.0,0.0,0.0,0.78662,1.96875,0.4860185153219893,4.640625,1.1456150718304037,0.02953125,0.7290277729829839,0.162421875,4.009652751406413,4.930633649389397,98,,,0.0994205093046381,Information
624606,11847.0,21655.47102,BRA,Brazil,Tocantins,2.482343488,0.0,0.63,0.51,11847.0,11847.0,0.0,1.0,-9999.0,-9999.0,-9999.0,0.0,10.0,-999.9,-999.9,-999.9,-5979.4,0.0,0.0,0.0,0.0,0.0,0.0,0.0,0.0,0.0,0.0,0.0,-5979.4,4.004355566846077,49.64686976,0.0,,1233.312,5.695,204.125,0.943,4.562,0.021,1.0,0.005,2.04125,0.943,0.06843,0.0315,0.025,0.0125,3.12168,29.390625,0.1357191675928286,65.671875,0.3032576615590955,0.440859375,0.2035787513892429,2.298515625,1.0614018154568343,4.004355566846077,40012,,,0.0056759071454744,Information
624607,11848.0,173.9271848,BRA,Brazil,Tocantins,4.104728541,0.0,0.63,0.51,11848.0,,,,,,,,,,,,,,,,,,,,,,,,,16.492939650935632,82.09457082,0.0,,11.25,6.468,7.125,4.097,0.125,0.072,0.0,0.0,0.07125,4.097,0.001875,0.1079999999999999,0.0,0.0,4.278125,2.390625,1.374497610677834,7.03125,4.042640031405394,0.035859375,2.061746416016751,0.24609375,14.14924010991888,16.492939650935632,0,,,0.4672551349988686,Advisory
624608,11849.0,6185.937642,BRA,Brazil,Tocantins,4.004564259,0.0,0.63,0.51,11849.0,,,,,,,,,,,,,,,,,,,,,,,,,2.681175,80.09128518,0.0,,548.312,8.864,101.75,1.645,0.375,0.006,0.062,0.001,1.0175,1.645,0.005625,0.009,0.00155,0.0025,2.681175,2.953125,0.0477393270161321,17.578125,0.2841626608103101,0.044296875,0.0716089905241981,0.615234375,0.9945693128360854,1.7257095533602835,0,,,0.0224867391648473,Information
624609,11850.0,11483.35728,BRA,Brazil,Tocantins,4.00297812,0.0,0.63,0.51,11850.0,11850.0,0.0,1.0,-9999.0,-9999.0,-9999.0,0.0,10.0,-999.9,-999.9,-999.9,-5979.4,0.0,0.0,0.0,0.0,0.0,0.0,0.0,0.0,0.0,0.0,0.0,-5979.4,1.838962973482004,80.0595624,0.0,,661.875,5.764,85.688,0.746,3.375,0.029,0.438,0.004,0.85688,0.746,0.050625,0.0435,0.01095,0.01,1.717955,8.4375,0.0734758990113308,24.46875,0.2130801071328593,0.1265625,0.1102138485169962,0.85640625,0.7457803749650076,1.838962973482004,6130,,,0.0085733264498872,Information
624701,11851.0,594.093284,BRA,Brazil,Mato Grosso,4.076832255,0.0,0.63,0.51,11851.0,,,,,,,,,,,,,,,,,,,,,,,,,5.441660200222698,81.5366451,0.0,,40.938,6.891,7.812,1.315,0.75,0.126,0.25,0.042,0.07812,1.315,0.01125,0.189,0.00625,0.105,1.70462,2.953125,0.4970810274409062,7.453125,1.2545378311603823,0.044296875,0.7456215411613594,0.260859375,4.390882409061338,5.441660200222698,0,,,0.1109098382160913,Information
624702,11852.0,1862.320896,BRA,Brazil,Mato Grosso,1.033744149,0.0,0.63,0.51,11852.0,,,,,,,,,,,,,,,,,,,,,,,,,1.2118099999999998,20.67488298,0.0,,118.562,6.366,18.938,1.017,0.062,0.003,0.0,0.0,0.18938,1.017,0.0009299999999999,0.0045,0.0,0.0,1.2118099999999998,0.0,0.0,1.546875,0.0830616787595761,0.0,0.0,0.054140625,0.2907158756585163,0.3448565006585163,10998,,,1.4483453644221251e-05,Information
624703,11853.0,1162.617813,BRA,Brazil,Mato Grosso,4.006580361,0.0,0.63,0.51,11853.0,,,,,,,,,,,,,,,,,,,,,,,,,4.671622239805464,80.13160722,0.0,,89.062,7.661,22.312,1.919,2.125,0.183,0.688,0.059,0.22312,1.919,0.031875,0.2744999999999999,0.0171999999999999,0.1475,2.613195,5.203125,0.4475352900948039,11.671875,1.0039305156180738,0.078046875,0.6713029351422058,0.408515625,3.513756804663258,4.671622239805464,0,,,0.0738611483676823,Information
624704,11854.0,3735.769495,BRA,Brazil,Mato Grosso,1.200877594,0.0,0.63,0.51,11854.0,,,,,,,,,,,,,,,,,,,,,,,,,1.37294,24.01755188,0.0,,191.062,5.114,37.062,0.992,0.188,0.005,0.0,0.0,0.3706199999999999,0.992,0.00282,0.0075,0.0,0.0,1.37294,0.28125,0.007528569425273,1.265625,0.0338785624137286,0.00421875,0.0112928541379095,0.044296875,0.1185749684480501,0.1783834475859596,16702,,,2.9906423611682348e-05,Information
624705,11855.0,1076.576541,BRA,Brazil,Mato Grosso,3.088467551,0.0,0.63,0.51,11855.0,,,,,,,,,,,,,,,,,,,,,,,,,7.682767616863559,61.76935102,0.0,,85.125,7.907,20.938,1.945,1.688,0.157,0.438,0.041,0.2093799999999999,1.945,0.02532,0.2355,0.01095,0.1025,2.52865,9.421875,0.8751700076833492,17.296875,1.6066553872395817,0.141328125,1.3127550115250235,0.605390625,5.623293855338536,7.682767616863559,3607,,,0.0542845807193276,Information
624706,11856.0,21713.96145,BRA,Brazil,Mato Grosso,3.251057517,0.0,0.63,0.51,11856.0,,,,,,,,,,,,,,,,,,,,,,,,,3.32836,65.02115034,0.0,,1112.938,5.125,203.438,0.937,8.312,0.038,4.812,0.022,2.03438,0.937,0.12468,0.0569999999999999,0.1203,0.0549999999999999,3.32836,19.40625,0.089372222777816,42.890625,0.1975255648350282,0.29109375,0.134058334166724,1.501171875,0.6913394769225987,2.6176634360893227,53095,,,0.0093297658247506,Information
624707,11857.0,1007.79056,BRA,Brazil,Mato Grosso,4.014382687,0.0,0.63,0.51,11857.0,,,,,,,,,,,,,,,,,,,,,,,,,14.215719003208584,80.28765374000001,0.0,,80.875,8.025,22.5,2.233,3.062,0.304,0.5,0.05,0.225,2.233,0.04593,0.4559999999999999,0.0125,0.125,3.09743,9.984375,0.9907192421424198,32.90625,3.26518736142713,0.149765625,1.4860788632136297,1.15171875,11.428155764994957,14.215719003208584,1814,,,0.3718729598746066,Advisory
624708,11858.0,723.6301805,BRA,Brazil,Mato Grosso,3.776565273,0.0,0.63,0.51,11858.0,,,,,,,,,,,,,,,,,,,,,,,,,1.2191118652815789,75.53130546,0.0,,81.688,11.289,7.312,1.011,0.125,0.017,0.0,0.0,0.07312,1.011,0.001875,0.0255,0.0,0.0,1.111495,0.5625,0.0777330762585695,2.109375,0.2914990359696356,0.0084375,0.1165996143878542,0.073828125,1.0202466258937246,1.2191118652815789,101,,,0.0013531283324603,Information
624709,11859.0,633.6936397,BRA,Brazil,Tocantins,3.982381019,0.0,0.63,0.51,11859.0,11859.0,0.0,1.0,-9999.0,-9999.0,-9999.0,0.0,10.0,-999.9,-999.9,-999.9,-5979.4,0.0,0.0,0.0,0.0,0.0,0.0,0.0,0.0,0.0,0.0,0.0,-5979.4,9.297443611891394,79.64762038,0.0,,56.875,8.975,13.125,2.071,1.312,0.207,0.375,0.059,0.13125,2.071,0.01968,0.3105,0.009375,0.1475,2.6893050000000005,3.796875,0.5991657107133697,14.203125,2.2413235845203827,0.056953125,0.8987485660700545,0.497109375,7.844632545821339,9.297443611891394,5229,,,0.2166789990756286,Information
624801,11860.0,2762.468202,BRA,Brazil,Mato Grosso,2.579760821,0.0,0.63,0.51,11860.0,11860.0,0.0,1.0,-9999.0,-9999.0,-9999.0,0.0,10.0,-999.9,-999.9,-999.9,-5979.4,0.0,0.0,0.0,0.0,0.0,0.0,0.0,0.0,0.0,0.0,0.0,-5979.4,4.096236393271347,51.59521642,0.0,,106.5,3.855,19.625,0.71,0.875,0.032,0.062,0.002,0.19625,0.71,0.013125,0.048,0.00155,0.005,0.9739250000000002,4.640625,0.1679883590054789,23.34375,0.845032351360894,0.069609375,0.2519825385082183,0.81703125,2.957613229763129,4.096236393271347,1090,,,0.0067645328707812,Information
624802,11861.0,8051.434773,BRA,Brazil,Mato Grosso,2.143945496,0.0,0.63,0.51,11861.0,,,,,,,,,,,,,,,,,,,,,,,,,0.458737217758033,42.878909920000005,0.0,,62.75,0.779,8.375,0.104,0.25,0.003,0.0,0.0,0.08375,0.104,0.00375,0.0045,0.0,0.0,0.196,0.84375,0.0104794986704343,5.484375,0.0681167413578233,0.01265625,0.0157192480056514,0.191953125,0.2384085947523815,0.458737217758033,11541,,,7.019466131643159e-07,Information
624803,11862.0,10738.94719,BRA,Brazil,Mato Grosso,2.070818938,0.0,0.63,0.51,11862.0,11862.0,0.0,1.0,-9999.0,-9999.0,-9999.0,0.0,10.0,-999.9,-999.9,-999.9,-5979.4,0.0,0.0,0.0,0.0,0.0,0.0,0.0,0.0,0.0,0.0,0.0,-5979.4,3.9704058950874135,41.41637876,0.0,,198.0,1.844,72.938,0.679,0.312,0.003,0.062,0.001,0.72938,0.679,0.00468,0.0045,0.00155,0.0025,1.42161,6.46875,0.0602363516922168,55.96875,0.5211753907283109,0.09703125,0.0903545275383252,1.95890625,1.824113867549088,3.9704058950874135,5975,,,0.0035556492396207,Information
624804,11863.0,10069.72853,BRA,Brazil,Mato Grosso,1.23251799,0.0,0.63,0.51,11863.0,,,,,,,,,,,,,,,,,,,,,,,,,0.91781,24.6503598,0.0,,277.75,2.758,45.938,0.456,0.062,0.001,0.0,0.0,0.45938,0.456,0.0009299999999999,0.0015,0.0,0.0,0.91781,,,,,,,,,,2548,,,5.218788578990659e-06,Information
624805,11864.0,1023.373665,BRA,Brazil,Mato Grosso,3.274838047,0.0,0.63,0.51,11864.0,,,,,,,,,,,,,,,,,,,,,,,,,1.4314449019819122,65.49676094,0.0,,35.625,3.481,6.812,0.666,0.0,0.0,0.0,0.0,0.06812,0.666,0.0,0.0,0.0,0.0,0.73412,0.0,0.0,3.796875,0.3710155077091178,0.0,0.0,0.132890625,1.2985542769819125,1.4314449019819122,0,,,0.0007303782789376,Information
624807,11866.0,1724.210861,BRA,Brazil,Mato Grosso,3.116523941,0.0,0.63,0.51,11866.0,11866.0,0.0,1.0,-9999.0,-9999.0,-9999.0,0.0,10.0,-999.9,-999.9,-999.9,-5979.4,0.0,0.0,0.0,0.0,0.0,0.0,0.0,0.0,0.0,0.0,0.0,-5979.4,0.2486160302696025,62.33047882,0.0,,,,,,,,,,,,,,,,,0.140625,0.0081559050103693,0.984375,0.0570913350725853,0.002109375,0.0122338575155539,0.034453125,0.1998196727540485,0.2486160302696025,17460,,,2.574216845726654e-07,Information
624808,11867.0,3043.795277,BRA,Brazil,Mato Grosso,0.486601265,0.0,0.63,0.51,11867.0,,,,,,,,,,,,,,,,,,,,,,,,,0.157875,9.7320253,0.0,,48.312,1.587,3.5,0.115,0.125,0.004,0.0,0.0,0.035,0.115,0.001875,0.006,0.0,0.0,0.157875,0.0,0.0,0.984375,0.0323403813416697,0.0,0.0,0.034453125,0.1131913346958439,0.1476444596958439,3713,,,1.0854670353027109e-10,Information
624809,11868.0,20762.33826,BRA,Brazil,Mato Grosso,1.029928435,0.0,0.63,0.51,11868.0,11868.0,0.0,1.0,-9999.0,-9999.0,-9999.0,0.0,10.0,-999.9,-999.9,-999.9,-5979.4,0.0,0.0,0.0,0.0,0.0,0.0,0.0,0.0,0.0,0.0,0.0,-5979.4,0.89605,20.5985687,0.0,,322.0,1.551,57.312,0.276,0.812,0.004,0.75,0.004,0.57312,0.276,0.01218,0.006,0.01875,0.01,0.89605,4.78125,0.0230284755958511,15.1875,0.0731492754221155,0.07171875,0.0345427133937766,0.5315625,0.2560224639774042,0.8938464273711809,65054,,,3.658105065590023e-06,Information
624910,11869.0,2942.989814,BRA,Brazil,Mato Grosso,4.048250044,0.0,0.63,0.51,11869.0,11869.0,0.0,1.0,-9999.0,-9999.0,-9999.0,0.0,10.0,-999.9,-999.9,-999.9,-5979.4,0.0,0.0,0.0,0.0,0.0,0.0,0.0,0.0,0.0,0.0,0.0,-5979.4,5.136272096850453,80.96500088,0.0,,251.125,8.533,58.25,1.979,1.188,0.04,0.25,0.008,0.5825,1.979,0.01782,0.06,0.00625,0.02,2.66557,4.359375,0.1481274239944179,31.5,1.0703400959596647,0.065390625,0.2221911359916268,1.1025,3.7461903358588255,5.136272096850453,118,,,0.0951060708824047,Information
624920,11870.0,11830.63493,BRA,Brazil,Mato Grosso,3.631528571,0.0,0.63,0.51,11870.0,,,,,,,,,,,,,,,,,,,,,,,,,1.80032,72.63057142,0.0,,536.812,4.537,96.5,0.816,0.688,0.006,0.0,0.0,0.965,0.816,0.01032,0.009,0.0,0.0,1.80032,2.671875,0.0225843753619536,15.328125,0.1295629954975233,0.040078125,0.0338765630429304,0.536484375,0.4534704842413315,1.063909547284262,934,,,0.0032496907040327,Information
624930,11871.0,2896.300434,BRA,Brazil,Goiás,3.362148429,0.0,0.63,0.51,11871.0,11871.0,0.0,1.0,-9999.0,-9999.0,-9999.0,0.0,10.0,-999.9,-999.9,-999.9,-5979.4,0.0,0.0,0.0,0.0,0.0,0.0,0.0,0.0,0.0,0.0,0.0,-5979.4,3.731902834774055,67.24296858,0.0,,205.5,7.095,43.938,1.517,0.688,0.024,0.188,0.006,0.43938,1.517,0.01032,0.036,0.0046999999999999,0.015,2.0224,6.328125,0.2184899371893162,21.234375,0.7331551225685944,0.094921875,0.3277349057839743,0.743203125,2.5660429289900804,3.731902834774055,18438,,,0.0149203132690021,Information
624940,11872.0,23248.23121,BRA,Brazil,Goiás,1.144272646,0.0,0.63,0.51,11872.0,11872.0,0.0,1.0,-9999.0,-9999.0,-9999.0,0.0,10.0,-999.9,-999.9,-999.9,-5979.4,0.0,0.0,0.0,0.0,0.0,0.0,0.0,0.0,0.0,0.0,0.0,-5979.4,3.540325,22.88545292,0.0,,1390.125,5.979,243.875,1.049,2.125,0.009,0.188,0.001,2.43875,1.049,0.031875,0.0134999999999999,0.0046999999999999,0.0025,3.540325,9.28125,0.0399223920192493,22.359375,0.096176671682737,0.13921875,0.0598835880288739,0.782578125,0.3366183508895795,1.3182988139184535,73433,,,0.0010312789520652,Information
624951,11873.0,2675.464347,BRA,Brazil,Goiás,1.439494658,0.0,0.63,0.51,11873.0,11873.0,0.0,1.0,-9999.0,-9999.0,-9999.0,0.0,10.0,-999.9,-999.9,-999.9,-5979.4,0.0,0.0,0.0,0.0,0.0,0.0,0.0,0.0,0.0,0.0,0.0,-5979.4,3.327842302960068,28.78989316,0.0,,246.5,9.213,47.812,1.787,0.312,0.012,0.0,0.0,0.47812,1.787,0.00468,0.018,0.0,0.0,2.2878,4.5,0.1681951024919362,18.140625,0.6780365069206181,0.0675,0.2522926537379043,0.634921875,2.3731277742221635,3.327842302960068,2559,,,0.0010945135461102,Information
624952,11874.0,11360.23941,BRA,Brazil,Goiás,0.985858363,0.0,0.63,0.51,11874.0,,,,,,,,,,,,,,,,,,,,,,,,,2.69981,19.71716726,0.0,,892.812,7.859,143.438,1.263,0.062,0.001,0.0,0.0,1.43438,1.263,0.0009299999999999,0.0015,0.0,0.0,2.69981,4.640625,0.0408497112772313,11.53125,0.1015053431737264,0.069609375,0.0612745669158469,0.40359375,0.3552687011080424,0.8897463930238894,30461,,,0.0003464484422124,Information
624953,11875.0,3119.308796,BRA,Brazil,Mato Grosso,3.269685606,0.0,0.63,0.51,11875.0,11875.0,0.0,1.0,-9999.0,-9999.0,-9999.0,0.0,10.0,-999.9,-999.9,-999.9,-5979.4,0.0,0.0,0.0,0.0,0.0,0.0,0.0,0.0,0.0,0.0,0.0,-5979.4,7.742028513914205,65.39371212,0.0,,432.438,13.863,72.312,2.318,2.25,0.072,0.875,0.028,0.72312,2.318,0.03375,0.1079999999999999,0.021875,0.07,3.274745,16.734375,0.5364770239922004,45.421875,1.456151922264544,0.251015625,0.8047155359883007,1.589765625,5.096531727925904,7.742028513914205,15596,,,0.0671482889501221,Information
624954,11876.0,10970.91129,BRA,Brazil,Goiás,0.584442976,0.0,0.63,0.51,11876.0,,,,,,,,,,,,,,,,,,,,,,,,,1.7019799999999998,11.68885952,0.0,,600.5,5.474,88.0,0.802,0.562,0.005,0.062,0.001,0.88,0.802,0.00843,0.0075,0.00155,0.0025,1.7019799999999998,1.828125,0.0166633833049609,7.59375,0.0692171306513764,0.027421875,0.0249950749574413,0.26578125,0.2422599572798174,0.5604581572372588,59688,,,3.922705100413594e-05,Information
624955,11877.0,3126.99302,BRA,Brazil,Goiás,1.605011531,0.0,0.63,0.51,11877.0,,,,,,,,,,,,,,,,,,,,,,,,,4.737463958805487,32.10023062,0.0,,278.688,8.912,57.438,1.837,0.062,0.002,0.0,0.0,0.57438,1.837,0.0009299999999999,0.003,0.0,0.0,2.41531,7.3125,0.2338508577668353,29.109375,0.9309062991872098,0.1096875,0.3507762866502529,1.018828125,3.2581720471552345,4.737463958805487,816,,,0.0038777750156234,Information
624956,11878.0,10363.8153,BRA,Brazil,Goiás,0.480653002,0.0,0.63,0.51,11878.0,,,,,,,,,,,,,,,,,,,,,,,,,0.93625,9.61306004,0.0,,251.875,2.43,47.625,0.46,0.0,0.0,0.0,0.0,0.47625,0.46,0.0,0.0,0.0,0.0,0.93625,1.265625,0.0122119602078574,2.53125,0.0244239204157149,0.018984375,0.0183179403117861,0.08859375,0.0854837214550021,0.2113797867667882,81224,,,2.4389407214867376e-06,Information
624957,11879.0,474.4621057,BRA,Brazil,Goiás,1.257244469,0.0,0.63,0.51,11879.0,,,,,,,,,,,,,,,,,,,,,,,,,3.166597796224086,25.14488938,0.0,,28.0,5.901,4.75,1.001,0.0,0.0,0.0,0.0,0.0475,1.001,0.0,0.0,0.0,0.0,1.0485,1.6875,0.3556659172028337,3.375,0.7113318344056674,0.0253125,0.5334988758042505,0.118125,2.489661420419836,3.166597796224086,102,,,0.0007810389452722,Information
624958,11880.0,1542.944296,BRA,Brazil,Goiás,0.009372068,0.0,0.63,0.51,11880.0,,,,,,,,,,,,,,,,,,,,,,,,,1.54325,0.18744136,0.0,,82.438,5.343,20.625,1.337,0.0,0.0,0.0,0.0,0.20625,1.337,0.0,0.0,0.0,0.0,1.54325,0.0,0.0,0.421875,0.0273422054844837,0.0,0.0,0.014765625,0.0956977191956929,0.1104633441956929,3627,,,1.5269899071396012e-05,Information
624959,11881.0,218.0286048,BRA,Brazil,Mato Grosso,2.684698811,0.0,0.63,0.51,11881.0,11881.0,0.0,1.0,-9999.0,-9999.0,-9999.0,0.0,10.0,-999.9,-999.9,-999.9,-5979.4,0.0,0.0,0.0,0.0,0.0,0.0,0.0,0.0,0.0,0.0,0.0,-5979.4,12.027601837453004,53.69397622,0.0,,11.188,5.131,2.625,1.204,0.0,0.0,0.0,0.0,0.02625,1.204,0.0,0.0,0.0,0.0,1.23025,1.6875,0.7739810112297866,6.609375,3.0314256273166644,0.0253125,1.16097151684468,0.231328125,10.609989695608324,12.027601837453004,2110,,,0.0888182732761554,Information
624960,11882.0,12204.67281,BRA,Brazil,Goiás,0.461550221,0.0,0.63,0.51,11882.0,11882.0,0.0,1.0,-9999.0,-9999.0,-9999.0,0.0,10.0,-999.9,-999.9,-999.9,-5979.4,0.0,0.0,0.0,0.0,0.0,0.0,0.0,0.0,0.0,0.0,0.0,-5979.4,1.163495,9.23100442,0.0,,368.5,3.019,61.312,0.502,1.375,0.011,0.25,0.002,0.61312,0.502,0.020625,0.0165,0.00625,0.005,1.163495,6.75,0.0553066854485452,12.375,0.1013955899889996,0.10125,0.0829600281728178,0.433125,0.3548845649614986,0.9722195931343164,67352,,,6.596195461633002e-06,Information
624970,11883.0,1074.445606,BRA,Brazil,Goiás,3.75015185,0.0,0.63,0.51,11883.0,11883.0,0.0,1.0,-9999.0,-9999.0,-9999.0,0.0,10.0,-999.9,-999.9,-999.9,-5979.4,0.0,0.0,0.0,0.0,0.0,0.0,0.0,0.0,0.0,0.0,0.0,-5979.4,1.75862,75.003037,0.0,,75.25,7.004,17.062,1.588,0.0,0.0,0.0,0.0,0.17062,1.588,0.0,0.0,0.0,0.0,1.75862,1.265625,0.1177933059356726,3.515625,0.3272036275990908,0.018984375,0.1766899589035089,0.123046875,1.1452126965968177,1.4639339055003266,21522,,,0.003974541023728,Information
624990,11885.0,23435.8053,BRA,Brazil,Goiás,2.862778649,0.0,0.63,0.51,11885.0,11885.0,0.0,1.0,-9999.0,-9999.0,-9999.0,0.0,10.0,-999.9,-999.9,-999.9,-5979.4,0.0,0.0,0.0,0.0,0.0,0.0,0.0,0.0,0.0,0.0,0.0,-5979.4,0.23088,57.25557298,0.0,,85.375,0.364,16.188,0.069,0.0,0.0,0.0,0.0,0.16188,0.069,0.0,0.0,0.0,0.0,0.23088,0.421875,0.0018001301621796,2.109375,0.0090006508108982,0.006328125,0.0027001952432694,0.073828125,0.0315022778381437,0.1143587230814131,64944,,,8.893364626710057e-08,Information
625001,11886.0,1039.211267,BRA,Brazil,Pará,4.010852361,3.723498168,0.63,0.51,11886.0,,,,,,,,,,,,,,,,,,,,,,,,,15.939003032641342,80.21704722000001,74.46996336,,19.812,1.906,15.562,1.498,1.562,0.15,0.812,0.078,0.1556199999999999,1.498,0.02343,0.2249999999999999,0.0203,0.195,2.11735,1.265625,0.1217870745489897,42.328125,4.073101048805102,0.018984375,0.1826806118234845,1.481484375,14.255853670817856,15.939003032641342,12296,,,0.4144738138979188,Advisory
625002,11887.0,907.3196733,BRA,Brazil,Pará,4.115738543,0.0,0.63,0.51,11887.0,,,,,,,,,,,,,,,,,,,,,,,,,18.697148457007533,82.31477086,0.0,,8.625,0.951,4.312,0.475,1.0,0.11,0.062,0.007,0.04312,0.475,0.015,0.165,0.00155,0.0175,0.7171700000000001,0.0,0.0,44.4375,4.897667416287867,0.0,0.0,1.5553125,17.141835957007533,18.697148457007533,40528,,,0.5221861962849366,Advisory
625003,11888.0,1255.368187,BRA,Brazil,Pará,4.027248832,2.094144683,0.63,0.51,11888.0,,,,,,,,,,,,,,,,,,,,,,,,,12.42532484211085,80.54497663999999,41.88289366,,15.0,1.195,10.5,0.836,2.0,0.159,0.938,0.075,0.105,0.836,0.03,0.2385,0.02345,0.1875,1.42045,1.828125,0.1456246078867996,38.8125,3.0917224443659,0.027421875,0.2184369118301994,1.3584375,10.82102855528065,12.42532484211085,261412,,,0.3269436028066145,Information
625004,11889.0,26370.24673,BRA,Brazil,Pará,3.057942935,1.121864067,0.63,0.51,11889.0,,,,,,,,,,,,,,,,,,,,,,,,,5.489815495280617,61.1588587,22.43728134,,106.75,0.405,36.25,0.137,2.625,0.01,0.062,0.0,0.3625,0.137,0.039375,0.015,0.00155,0.0,0.5554250000000001,1.546875,0.0058659860706895,113.0625,0.4287502546213093,0.023203125,0.0087989791060342,3.9571875,1.5006258911745824,5.489815495280617,428658,,,0.0251981176335396,Information
625005,11890.0,12.57274685,BRA,Brazil,Pará,4.092464687,0.0,0.63,0.51,11890.0,,,,,,,,,,,,,,,,,,,,,,,,,29.11731981311122,81.84929374,0.0,3.0,0.688,5.468,0.562,4.474,0.125,0.994,0.0,0.0,0.00562,4.474,0.001875,1.491,0.0,0.0,5.972495,0.140625,1.118490665888893,0.984375,7.829434661222251,0.002109375,1.6777359988333391,0.034453125,27.40302131427788,29.11731981311122,0,0.0,0.0,0.6817591672102667,Watch
625006,11891.0,49739.49675,BRA,Brazil,Pará,2.698348998,2.10584067,0.63,0.51,11891.0,11891.0,0.0,1.0,-9999.0,-9999.0,-9999.0,0.0,10.0,-999.9,-999.9,-999.9,-5979.4,0.0,0.0,0.0,0.0,0.0,0.0,0.0,0.0,0.0,0.0,0.0,-5979.4,8.254011076668746,53.96697996,42.1168134,,85.812,0.173,34.375,0.069,4.625,0.009,0.375,0.001,0.34375,0.069,0.069375,0.0134999999999999,0.009375,0.0025,0.5075,26.015625,0.0523037559717041,185.203125,0.3723461979174831,0.390234375,0.0784556339575561,6.482109375,1.3032116927111908,8.254011076668746,1250165,,,0.0428381777644788,Information
625007,11892.0,2180.63464,BRA,Brazil,Pará,3.13126492,0.978934741,0.63,0.51,11892.0,,,,,,,,,,,,,,,,,,,,,,,,,16.377801560736536,62.6252984,19.57869482,,111.25,5.102,68.25,3.13,2.688,0.123,0.375,0.017,0.6825,3.13,0.04032,0.1845,0.009375,0.0425,4.089195000000001,5.484375,0.2515036173231295,81.421875,3.733861395643384,0.082265625,0.3772554259846942,2.849765625,13.068514884751844,16.377801560736536,1948362,,,0.2046667219833552,Information
625008,11893.0,524.7695143,BRA,Brazil,Pará,0.176572596,0.0,0.63,0.51,11893.0,,,,,,,,,,,,,,,,,,,,,,,,,5.316402902491109,3.53145192,0.0,,1.188,0.226,1.062,0.202,0.0,0.0,0.0,0.0,0.01062,0.202,0.0,0.0,0.0,0.0,0.21262,0.28125,0.0535949578513645,7.453125,1.4202663830611606,0.00421875,0.0803924367770467,0.260859375,4.970932340714062,5.316402902491109,15481,,,0.0018752392790698,Information
631010,11894.0,18945.2252,BRA,Brazil,Pará,2.277498384,2.19535035,0.63,0.51,11894.0,,,,,,,,,,,,,,,,,,,,,,,,,18.812453919317747,45.54996768,43.907007,,73.25,0.387,63.875,0.337,0.688,0.004,0.062,0.0,0.63875,0.337,0.01032,0.006,0.00155,0.0,0.9936200000000002,26.15625,0.1380624918904866,340.59375,1.797781480423434,0.39234375,0.2070937378357299,11.92078125,6.2922351814820185,18.812453919317747,720958,,,0.1439444151709902,Information
631021,11895.0,9148.556764,BRA,Brazil,Pará,2.941731655,0.0,0.63,0.51,11895.0,11895.0,0.0,1.0,-9999.0,-9999.0,-9999.0,0.0,10.0,-999.9,-999.9,-999.9,-5979.4,0.0,0.0,0.0,0.0,0.0,0.0,0.0,0.0,0.0,0.0,0.0,-5979.4,3.844051273738416,58.8346331,0.0,,,,,,,,,,,,,,,,,2.671875,0.0292054262641882,51.328125,0.561051609812038,0.040078125,0.0438081393962822,1.796484375,1.9636806343421327,3.844051273738416,49778,,,0.0088683246470343,Information
631023,11897.0,4439.890468,BRA,Brazil,Maranhão,3.529331182,0.0,0.63,0.51,11897.0,,,,,,,,,,,,,,,,,,,,,,,,,0.8301007525252984,70.58662364,0.0,,7.375,0.166,5.312,0.12,0.0,0.0,0.0,0.0,0.05312,0.12,0.0,0.0,0.0,0.0,0.17312,0.28125,0.0063346157303063,7.171875,0.1615327011228111,0.00421875,0.0095019235954594,0.251015625,0.5653644539298388,0.8301007525252984,4468,,,0.0001800932716569,Information
631025,11899.0,1211.682773,BRA,Brazil,Maranhão,2.289271196,0.0,0.63,0.51,11899.0,11899.0,0.0,1.0,-9999.0,-9999.0,-9999.0,0.0,10.0,-999.9,-999.9,-999.9,-5979.4,0.0,0.0,0.0,0.0,0.0,0.0,0.0,0.0,0.0,0.0,0.0,-5979.4,0.1106020887943756,45.78542392,0.0,,,,,,,,,,,,,,,,,0.140625,0.0116057604463971,0.28125,0.0232115208927943,0.002109375,0.0174086406695956,0.00984375,0.08124032312478,0.1106020887943756,1918,,,2.9185822128659176e-10,Information
631033,11905.0,2062.587031,BRA,Brazil,Maranhão,4.008708527,4.00360149,0.63,0.51,11905.0,,,,,,,,,,,,,,,,,,,,,,,,,10.59680970395413,80.17417053999999,80.07202980000001,,6.688,0.324,5.25,0.255,0.5,0.024,0.0,0.0,0.0525,0.255,0.0075,0.036,0.0,0.0,0.351,1.6875,0.0818147294896775,51.046875,2.4748955670627466,0.0253125,0.1227220942345162,1.786640625,8.662134484719614,10.59680970395413,20519,,,0.2655156092456443,Information
631034,11906.0,13373.5416,BRA,Brazil,Maranhão,1.613901596,0.0,0.63,0.51,11906.0,,,,,,,,,,,,,,,,,,,,,,,,,7.391732827211115,32.278031920000004,0.0,,37.188,0.278,26.438,0.198,0.375,0.003,0.0,0.0,0.26438,0.198,0.005625,0.0045,0.0,0.0,0.472505,17.15625,0.128285016182795,113.484375,0.8485738365534065,0.25734375,0.1924275242741925,3.971953125,2.9700084279369228,7.391732827211115,150866,,,0.0133783703176248,Information
631035,11907.0,4513.221657,BRA,Brazil,Maranhão,3.133115499,4.006866308,0.63,0.51,11907.0,,,,,,,,,,,,,,,,,,,,,,,,,25.606364022837766,62.66230998,80.13732616,3.0,32.938,0.73,22.312,0.494,1.375,0.03,0.062,0.001,0.22312,0.494,0.020625,0.045,0.00155,0.0025,0.786795,3.234375,0.0716644394084359,226.125,5.010279068207175,0.048515625,0.1074966591126538,7.914375,17.53597673872511,25.606364022837766,90314,203.0,0.22,0.6002516922265227,Watch
631036,11908.0,3767.466685,BRA,Brazil,Maranhão,2.064105931,0.0,0.63,0.51,11908.0,,,,,,,,,,,,,,,,,,,,,,,,,26.90966287319279,41.28211862,0.0,,25.625,0.68,21.375,0.567,3.438,0.091,0.0,0.0,0.21375,0.567,0.05157,0.1365,0.0,0.0,0.96882,5.625,0.1493045717421391,207.984375,5.520536540165595,0.084375,0.2239568576132086,7.279453125,19.321877890579582,26.90966287319279,107640,,,0.2176192594492846,Information
631037,11909.0,1456.548946,BRA,Brazil,Maranhão,1.782191052,3.026386796,0.63,0.51,11909.0,,,,,,,,,,,,,,,,,,,,,,,,,13.86486372229565,35.64382104,60.527735920000005,,3.688,0.253,3.438,0.236,0.875,0.06,0.0,0.0,0.03438,0.236,0.013125,0.09,0.0,0.0,0.373505,6.609375,0.4537695088335824,47.53125,3.263278595441508,0.099140625,0.6806542632503736,1.66359375,11.421475084045277,13.86486372229565,23703,,,0.1477250273640526,Information
631038,11910.0,1196.173907,BRA,Brazil,Maranhão,4.016756244,0.0,0.63,0.51,11910.0,,,,,,,,,,,,,,,,,,,,,,,,,62.287109375,80.33512488,0.0,3.0,21.812,1.824,14.75,1.233,14.75,1.233,3.25,0.272,0.1475,1.233,0.22125,1.8495,0.08125,0.68,4.2125,143.859375,12.026627074444631,289.40625,24.194328953281577,2.157890625,15.0,10.12921875,35.0,62.287109375,69059,2362.0,3.42,0.8755284785496086,Warning
631039,11911.0,2041.939994,BRA,Brazil,Maranhão,3.807028054,3.135866835,0.63,0.51,11911.0,,,,,,,,,,,,,,,,,,,,,,,,,46.59054102960834,76.14056108,62.7173367,3.0,35.75,1.751,32.0,1.567,11.25,0.551,3.188,0.156,0.32,1.567,0.16875,0.8265,0.0797,0.39,3.35195,59.765625,2.926904080648548,200.109375,9.799963545324433,0.896484375,4.390356120972822,7.003828125,34.299872408635515,46.59054102960834,53628,1649.0,3.07,0.748321671559314,Watch
631041,11912.0,309.6183667,BRA,Brazil,Maranhão,4.050350783,0.0,0.63,0.51,11912.0,,,,,,,,,,,,,,,,,,,,,,,,,20.251841563365662,81.00701566,0.0,,1.75,0.565,1.625,0.525,1.062,0.343,0.0,0.0,0.01625,0.525,0.01593,0.5145000000000001,0.0,0.0,1.0716800000000002,3.796875,1.2263080643604,15.75,5.086907526235733,0.056953125,1.8394620965406,0.55125,17.804176341825066,20.251841563365662,1446,,,0.5255849823097469,Advisory
631042,11913.0,2569.276253,BRA,Brazil,Maranhão,3.331972997,0.0,0.63,0.51,11913.0,,,,,,,,,,,,,,,,,,,,,,,,,7.595057698537896,66.63945994,0.0,,21.875,0.851,17.188,0.669,5.5,0.214,0.5,0.019,0.1718799999999999,0.669,0.0825,0.321,0.0125,0.0475,1.30438,2.109375,0.0820999687301344,43.453125,1.6912593558407696,0.031640625,0.1231499530952016,1.520859375,5.919407745442694,7.595057698537896,120169,,,0.0694531663879626,Information
631043,11914.0,2418.310117,BRA,Brazil,Maranhão,2.382088957,0.0,0.63,0.51,11914.0,11914.0,0.0,1.0,-9999.0,-9999.0,-9999.0,0.0,10.0,-999.9,-999.9,-999.9,-5979.4,0.0,0.0,0.0,0.0,0.0,0.0,0.0,0.0,0.0,0.0,0.0,-5979.4,10.886051001122263,47.64177914,0.0,,27.0,1.116,20.562,0.85,9.312,0.385,0.625,0.026,0.20562,0.85,0.13968,0.5775,0.015625,0.065,1.853425,17.296875,0.7152463565592295,53.15625,2.19807416893812,0.259453125,1.0728695348388442,1.86046875,7.69325959128342,10.886051001122263,170609,,,0.0581346902549613,Information
631061,11922.0,1049.345899,BRA,Brazil,Maranhão,3.093985456,0.0,0.63,0.51,11922.0,,,,,,,,,,,,,,,,,,,,,,,,,6.848448154996337,61.87970912,0.0,,1.938,0.185,1.938,0.185,0.062,0.006,0.0,0.0,0.0193799999999999,0.185,0.0009299999999999,0.009,0.0,0.0,0.21431,2.671875,0.2546229039349847,17.4375,1.6617494783125315,0.040078125,0.381934355902477,0.6103125,5.81612317409386,6.848448154996337,66659,,,0.0430147488978022,Information
631062,11923.0,21815.92222,BRA,Brazil,Maranhão,2.32475651,0.0,0.63,0.51,11923.0,11923.0,0.0,1.0,-9999.0,-9999.0,-9999.0,0.0,10.0,-999.9,-999.9,-999.9,-5979.4,0.0,0.0,0.0,0.0,0.0,0.0,0.0,0.0,0.0,0.0,0.0,-5979.4,1.5791529658611645,46.4951302,0.0,,34.75,0.159,14.625,0.067,1.188,0.005,0.0,0.0,0.14625,0.067,0.01782,0.0075,0.0,0.0,0.23857,7.875,0.0360974884262665,27.5625,0.1263412094919328,0.118125,0.0541462326393997,0.9646875,0.4421942332217648,1.5791529658611645,262371,,,0.0002134390209829,Information
631063,11924.0,4081.926442,BRA,Brazil,Maranhão,3.146092986,0.0,0.63,0.51,11924.0,,,,,,,,,,,,,,,,,,,,,,,,,24.55492849506109,62.92185972,0.0,,43.438,1.064,26.812,0.657,21.688,0.531,3.688,0.09,0.26812,0.657,0.3253199999999999,0.7965,0.0922,0.2249999999999999,2.3641400000000004,66.65625,1.6329605873572974,174.796875,4.282215211150044,0.99984375,2.449440881035946,6.117890625,14.987753239025151,24.55492849506109,78860,,,0.3401275682141255,Information
631065,11926.0,2777.903319,BRA,Brazil,Maranhão,2.500430646,0.0,0.63,0.51,11926.0,11926.0,0.0,1.0,-9999.0,-9999.0,-9999.0,0.0,10.0,-999.9,-999.9,-999.9,-5979.4,0.0,0.0,0.0,0.0,0.0,0.0,0.0,0.0,0.0,0.0,0.0,-5979.4,0.5045446544329586,50.00861292,0.0,,,,,,,,,,,,,,,,,0.421875,0.0151868136320368,2.953125,0.1063076954242581,0.006328125,0.0227802204480552,0.103359375,0.3720769339849033,0.5045446544329586,158031,,,2.153913478929512e-06,Information
631066,11927.0,6085.639862,BRA,Brazil,Maranhão,0.337045157,0.0,0.63,0.51,11927.0,,,,,,,,,,,,,,,,,,,,,,,,,2.6130634399450017,6.74090314,0.0,,7.812,0.128,4.562,0.075,2.188,0.036,0.0,0.0,0.04562,0.075,0.03282,0.0539999999999999,0.0,0.0,0.20744,10.125,0.1663752740768707,23.90625,0.3928305082370559,0.151875,0.249562911115306,0.83671875,1.3749067788296956,2.6130634399450017,106258,,,0.0001752087860804,Information
631069,11930.0,8551.544597,BRA,Brazil,Maranhão,1.726326398,0.0,0.63,0.51,11930.0,,,,,,,,,,,,,,,,,,,,,,,,,0.13388,34.52652796,0.0,,17.312,0.202,6.188,0.072,0.0,0.0,0.0,0.0,0.06188,0.072,0.0,0.0,0.0,0.0,0.13388,,,,,,,,,,42433,,,2.9616858328856665e-10,Information
631070,11931.0,3094.338738,BRA,Brazil,Maranhão,4.023492539,3.057980439,0.63,0.51,11931.0,,,,,,,,,,,,,,,,,,,,,,,,,30.08447017333808,80.46985078,61.15960878,3.0,21.812,0.705,20.812,0.673,1.75,0.057,0.0,0.0,0.20812,0.673,0.02625,0.0855,0.0,0.0,0.99287,25.734375,0.8316599176334424,192.09375,6.207909549110832,0.386015625,1.2474898764501636,6.72328125,21.72768342188792,30.08447017333808,1674695,3304.0,0.2,0.667147358615469,Watch
631081,11932.0,3642.835847,BRA,Brazil,Maranhão,2.67872454,0.080759811,0.63,0.51,11932.0,11932.0,0.0,1.0,-9999.0,-9999.0,-9999.0,0.0,10.0,-999.9,-999.9,-999.9,-5979.4,0.0,0.0,0.0,0.0,0.0,0.0,0.0,0.0,0.0,0.0,0.0,-5979.4,3.86039338007346,53.57449080000001,1.61519622,,,,,,,,,,,,,,,,,0.140625,0.0038603166849569,29.390625,0.806806187156007,0.002109375,0.0057904750274353,1.028671875,2.8238216550460247,3.86039338007346,186158,,,0.0064398218997241,Information
631085,11936.0,12561.45978,BRA,Brazil,Maranhão,3.36103386,0.0,0.63,0.51,11936.0,11936.0,0.0,1.0,-9999.0,-9999.0,-9999.0,0.0,10.0,-999.9,-999.9,-999.9,-5979.4,0.0,0.0,0.0,0.0,0.0,0.0,0.0,0.0,0.0,0.0,0.0,-5979.4,0.1237615384751791,67.2206772,0.0,,,,,,,,,,,,,,,,,0.0,0.0,1.96875,0.0156729395643369,0.0,0.0,0.06890625,0.0548552884751791,0.1237615384751791,323232,,,1.2081603720002828e-08,Information
631088,11939.0,6969.265046,BRA,Brazil,Maranhão,1.645229947,0.0,0.63,0.51,11939.0,,,,,,,,,,,,,,,,,,,,,,,,,0.13888,32.90459894,0.0,,9.812,0.141,5.688,0.082,0.0,0.0,0.0,0.0,0.05688,0.082,0.0,0.0,0.0,0.0,0.13888,,,,,,,,,,7860,,,3.1997950718976906e-10,Information
631091,11941.0,77.66044502,BRA,Brazil,Maranhão,4.02485848,0.0,0.63,0.51,11941.0,,,,,,,,,,,,,,,,,,,,,,,,,1.2773809109659109,80.49716959999999,0.0,,0.188,0.241,0.188,0.241,0.125,0.161,0.0,0.0,0.00188,0.241,0.001875,0.2415,0.0,0.0,0.486255,0.0,0.0,0.28125,0.3621534745616888,0.0,0.0,0.00984375,1.2675371609659107,1.2773809109659109,1223,,,0.0032078000634585,Information
631092,11942.0,15911.41076,BRA,Brazil,Maranhão,2.149125286,0.0,0.63,0.51,11942.0,11942.0,0.0,1.0,-9999.0,-9999.0,-9999.0,0.0,10.0,-999.9,-999.9,-999.9,-5979.4,0.0,0.0,0.0,0.0,0.0,0.0,0.0,0.0,0.0,0.0,0.0,-5979.4,3.143093208297559,42.98250572,0.0,,,,,,,,,,,,,,,,,1.6875,0.0106055963566999,54.421875,0.3420304825035741,0.0253125,0.0159083945350498,1.904765625,1.1971066887625093,3.143093208297559,289108,,,0.0018768507349962,Information
631093,11943.0,4238.519624,BRA,Brazil,Maranhão,3.141653746,3.283455171,0.63,0.51,11943.0,,,,,,,,,,,,,,,,,,,,,,,,,12.7596205549479,62.83307492,65.66910342,,8.438,0.199,8.438,0.199,0.625,0.015,0.062,0.001,0.08438,0.199,0.009375,0.0225,0.00155,0.0025,0.319305,7.453125,0.1758426446361491,105.328125,2.4850215251410503,0.111796875,0.2637639669542236,3.686484375,8.697575337993676,12.7596205549479,71129,,,0.1611456753695649,Information
631094,11944.0,1676.38418,BRA,Brazil,Maranhão,4.016372516,0.0,0.63,0.51,11944.0,,,,,,,,,,,,,,,,,,,,,,,,,8.031769012746675,80.32745032,0.0,,2.25,0.134,2.25,0.134,0.75,0.045,0.0,0.0,0.0225,0.134,0.01125,0.0675,0.0,0.0,0.23525,3.375,0.2013261662267319,31.5,1.8790442181161648,0.050625,0.3019892493400978,1.1025,6.576654763406577,8.031769012746675,18913,,,0.1851746020558202,Information
632104,11953.0,24247.22919,BRA,Brazil,Piauí,1.133611367,0.0,0.63,0.51,11953.0,11953.0,0.0,1.0,-9999.0,-9999.0,-9999.0,0.0,10.0,-999.9,-999.9,-999.9,-5979.4,0.0,0.0,0.0,0.0,0.0,0.0,0.0,0.0,0.0,0.0,0.0,-5979.4,5.225726860712412,22.672227340000003,0.0,,,,,,,,,,,,,,,,,31.078125,0.1281718614471467,92.390625,0.3810358052976263,0.466171875,0.19225779217072,3.233671875,1.3336253185416922,5.225726860712412,523607,,,0.0035251470918449,Information
632109,11958.0,9404.066976,BRA,Brazil,Piauí,1.7738878,0.0,0.63,0.51,11958.0,11958.0,0.0,1.0,-9999.0,-9999.0,-9999.0,0.0,10.0,-999.9,-999.9,-999.9,-5979.4,0.0,0.0,0.0,0.0,0.0,0.0,0.0,0.0,0.0,0.0,0.0,-5979.4,3.0031701367187464,35.477756,0.0,,,,,,,,,,,,,,,,,13.359375,0.1420595475732182,35.859375,0.3813177329596911,0.200390625,0.2130893213598273,1.255078125,1.3346120653589189,3.0031701367187464,327344,,,0.0010798594931993,Information
632201,11959.0,4537.75865,BRA,Brazil,Piauí,1.797081308,0.0,0.63,0.51,11959.0,11959.0,0.0,1.0,-9999.0,-9999.0,-9999.0,0.0,10.0,-999.9,-999.9,-999.9,-5979.4,0.0,0.0,0.0,0.0,0.0,0.0,0.0,0.0,0.0,0.0,0.0,-5979.4,1.0001648123826916,35.94162616,0.0,,,,,,,,,,,,,,,,,0.140625,0.0030989969026247,8.859375,0.1952368048653584,0.002109375,0.004648495353937,0.310078125,0.6833288170287545,1.0001648123826916,633825,,,1.5938180308310023e-05,Information
632203,11961.0,325.8195235,BRA,Brazil,Piauí,2.759584261,0.0,0.63,0.51,11961.0,11961.0,0.0,1.0,-9999.0,-9999.0,-9999.0,0.0,10.0,-999.9,-999.9,-999.9,-5979.4,0.0,0.0,0.0,0.0,0.0,0.0,0.0,0.0,0.0,0.0,0.0,-5979.4,0.3119665293760613,55.19168522,0.0,,,,,,,,,,,,,,,,,0.0,0.0,0.28125,0.0863207941074461,0.0,0.0,0.00984375,0.3021227793760613,0.3119665293760613,3616,,,3.395396783009772e-07,Information
632204,11962.0,16570.55979,BRA,Brazil,Piauí,0.521374394,0.0,0.63,0.51,11962.0,11962.0,0.0,1.0,-9999.0,-9999.0,-9999.0,0.0,10.0,-999.9,-999.9,-999.9,-5979.4,0.0,0.0,0.0,0.0,0.0,0.0,0.0,0.0,0.0,0.0,0.0,-5979.4,0.2942636186312154,10.42748788,0.0,,,,,,,,,,,,,,,,,1.40625,0.0084864362935797,4.640625,0.0280052397688131,0.02109375,0.0127296544403695,0.162421875,0.0980183391908458,0.2942636186312154,77382,,,5.3788749414314755e-09,Information
632205,11963.0,11564.85092,BRA,Brazil,Piauí,0.693185499,0.0,0.63,0.51,11963.0,11963.0,0.0,1.0,-9999.0,-9999.0,-9999.0,0.0,10.0,-999.9,-999.9,-999.9,-5979.4,0.0,0.0,0.0,0.0,0.0,0.0,0.0,0.0,0.0,0.0,0.0,-5979.4,0.4103772707431716,13.86370998,0.0,,,,,,,,,,,,,,,,,0.5625,0.0048638759295379,6.046875,0.0522866662425328,0.0084375,0.0072958138943068,0.211640625,0.1830033318488648,0.4103772707431716,50285,,,4.480861611467315e-08,Information
632300,11968.0,10376.04634,BRA,Brazil,Piauí,2.070440745,0.0,0.63,0.51,11968.0,11968.0,0.0,1.0,-9999.0,-9999.0,-9999.0,0.0,10.0,-999.9,-999.9,-999.9,-5979.4,0.0,0.0,0.0,0.0,0.0,0.0,0.0,0.0,0.0,0.0,0.0,-5979.4,1.5381749967483664,41.4088149,0.0,,,,,,,,,,,,,,,,,6.609375,0.0636983951475282,19.546875,0.1883846154363069,0.099140625,0.0955475927212923,0.684140625,0.6593461540270742,1.5381749967483664,587990,,,0.0001363255780713,Information
632402,11970.0,36246.77891,BRA,Brazil,Piauí,1.502371592,0.0,0.63,0.51,11970.0,11970.0,0.0,1.0,-9999.0,-9999.0,-9999.0,0.0,10.0,-999.9,-999.9,-999.9,-5979.4,0.0,0.0,0.0,0.0,0.0,0.0,0.0,0.0,0.0,0.0,0.0,-5979.4,1.3142628597587622,30.04743184,0.0,,,,,,,,,,,,,,,,,0.421875,0.0011638965246092,29.25,0.0806968257062424,0.006328125,0.0017458447869138,1.02375,0.2824388899718484,1.3142628597587622,346862,,,3.525748783138269e-05,Information
632403,11971.0,4259.166373,BRA,Brazil,Piauí,1.244002555,0.0,0.63,0.51,11971.0,11971.0,0.0,1.0,-9999.0,-9999.0,-9999.0,0.0,10.0,-999.9,-999.9,-999.9,-5979.4,0.0,0.0,0.0,0.0,0.0,0.0,0.0,0.0,0.0,0.0,0.0,-5979.4,-5979.4,24.8800511,0.0,,,,,,,,,,,,,,,,,,,,,,,,,,13807,,,,
632500,11978.0,14795.3334,BRA,Brazil,Piauí,1.879043015,0.0,0.63,0.51,11978.0,11978.0,0.0,1.0,-9999.0,-9999.0,-9999.0,0.0,10.0,-999.9,-999.9,-999.9,-5979.4,0.0,0.0,0.0,0.0,0.0,0.0,0.0,0.0,0.0,0.0,0.0,-5979.4,0.4136041164497934,37.5808603,0.0,,,,,,,,,,,,,,,,,1.6875,0.0114056233469944,6.328125,0.0427710875512291,0.0253125,0.0171084350204916,0.221484375,0.1496988064293018,0.4136041164497934,96324,,,2.628082046412272e-07,Information
632601,11979.0,1587.201598,BRA,Brazil,Piauí,2.449055651,0.0,0.63,0.51,11979.0,11979.0,0.0,1.0,-9999.0,-9999.0,-9999.0,0.0,10.0,-999.9,-999.9,-999.9,-5979.4,0.0,0.0,0.0,0.0,0.0,0.0,0.0,0.0,0.0,0.0,0.0,-5979.4,-5979.4,48.98111302,0.0,,,,,,,,,,,,,,,,,,,,,,,,,,3301,,,,
632606,11984.0,4837.042029,BRA,Brazil,Piauí,1.073376501,0.0,0.63,0.51,11984.0,,,,,,,,,,,,,,,,,,,,,,,,,0.2123799999999999,21.46753002,0.0,,13.125,0.271,6.938,0.143,0.0,0.0,0.0,0.0,0.06938,0.143,0.0,0.0,0.0,0.0,0.2123799999999999,,,,,,,,,,10042,,,1.6807801104855715e-09,Information
632608,11986.0,7358.06147,BRA,Brazil,Piauí,1.086701477,0.0,0.63,0.51,11986.0,,,,,,,,,,,,,,,,,,,,,,,,,1.2307625003680744,21.73402954,0.0,,9.562,0.13,5.0,0.068,0.0,0.0,0.0,0.0,0.05,0.068,0.0,0.0,0.0,0.0,0.118,6.890625,0.0936472877844626,11.953125,0.1624493767689659,0.103359375,0.1404709316766939,0.418359375,0.5685728186913807,1.2307625003680744,25738,,,1.6444646626638584e-05,Information
632609,11987.0,8767.835109,BRA,Brazil,Piauí,1.023502585,0.0,0.63,0.51,11987.0,,,,,,,,,,,,,,,,,,,,,,,,,0.654815,20.4700517,0.0,,31.375,0.358,23.312,0.266,2.938,0.034,1.125,0.013,0.23312,0.266,0.04407,0.051,0.028125,0.0325,0.654815,0.703125,0.0080193684217608,2.109375,0.0240581052652825,0.010546875,0.0120290526326412,0.073828125,0.0842033684284887,0.1806074210611299,37857,,,7.951675090189182e-07,Information
632700,11988.0,11536.31957,BRA,Brazil,Piauí,1.249734649,0.0,0.63,0.51,11988.0,,,,,,,,,,,,,,,,,,,,,,,,,3.108267924913048,24.994692980000004,0.0,,21.0,0.182,16.625,0.144,7.812,0.068,0.438,0.004,0.16625,0.144,0.11718,0.102,0.01095,0.01,0.5503800000000001,22.078125,0.1913792772055308,38.109375,0.330342574029929,0.331171875,0.2870689158082962,1.333828125,1.1561990091047516,3.108267924913048,59655,,,0.000727547560788,Information
632802,11990.0,16048.30396,BRA,Brazil,Piauí,1.114995637,0.0,0.63,0.51,11990.0,11990.0,0.0,1.0,-9999.0,-9999.0,-9999.0,0.0,10.0,-999.9,-999.9,-999.9,-5979.4,0.0,0.0,0.0,0.0,0.0,0.0,0.0,0.0,0.0,0.0,0.0,-5979.4,-5979.4,22.29991274,0.0,,,,,,,,,,,,,,,,,,,,,,,,,,10068,,,,
632803,11991.0,10486.91591,BRA,Brazil,Piauí,1.616305018,0.0,0.63,0.51,11991.0,11991.0,0.0,1.0,-9999.0,-9999.0,-9999.0,0.0,10.0,-999.9,-999.9,-999.9,-5979.4,0.0,0.0,0.0,0.0,0.0,0.0,0.0,0.0,0.0,0.0,0.0,-5979.4,0.2307653615471559,32.32610036,0.0,,,,,,,,,,,,,,,,,0.984375,0.0093866967955963,2.953125,0.028160090386789,0.014765625,0.0140800451933944,0.103359375,0.0985603163537615,0.2307653615471559,21252,,,6.693343892534658e-09,Information
632805,11993.0,9914.315345,BRA,Brazil,Maranhão,1.805873409,0.0,0.63,0.51,11993.0,,,,,,,,,,,,,,,,,,,,,,,,,0.16775,36.11746818,0.0,,14.312,0.144,8.375,0.084,0.0,0.0,0.0,0.0,0.08375,0.084,0.0,0.0,0.0,0.0,0.16775,,,,,,,,,,21242,,,1.405025400152125e-09,Information
632809,11997.0,2956.909187,BRA,Brazil,Piauí,0.888422778,0.0,0.63,0.51,11997.0,,,,,,,,,,,,,,,,,,,,,,,,,0.18388,17.76845556,0.0,,7.25,0.245,4.188,0.142,0.0,0.0,0.0,0.0,0.04188,0.142,0.0,0.0,0.0,0.0,0.18388,,,,,,,,,,281,,,5.204437398573025e-10,Information
632900,11998.0,25703.32795,BRA,Brazil,Maranhão,1.537432671,0.0,0.63,0.51,11998.0,11998.0,0.0,1.0,-9999.0,-9999.0,-9999.0,0.0,10.0,-999.9,-999.9,-999.9,-5979.4,0.0,0.0,0.0,0.0,0.0,0.0,0.0,0.0,0.0,0.0,0.0,-5979.4,0.3055,30.74865342,0.0,,51.312,0.2,20.875,0.081,0.75,0.003,0.0,0.0,0.20875,0.081,0.01125,0.0045,0.0,0.0,0.3055,,,,,,,,,,174786,,,2.9213743238073493e-08,Information
633031,12001.0,1973.524153,BRA,Brazil,Ceará,1.240433694,0.089611809,0.63,0.51,12001.0,,,,,,,,,,,,,,,,,,,,,,,,,8.135097858400764,24.80867388,1.79223618,,2.312,0.117,2.312,0.117,0.0,0.0,0.0,0.0,0.0231199999999999,0.117,0.0,0.0,0.0,0.0,0.14012,8.015625,0.4061579376547913,34.875,1.767143307691022,0.120234375,0.609236906482187,1.220625,6.185001576918577,8.135097858400764,68605,,,0.0130793326220745,Information
633034,12004.0,8591.193346,BRA,Brazil,Ceará,0.912670615,0.0,0.63,0.51,12004.0,,,,,,,,,,,,,,,,,,,,,,,,,6.139455464603283,18.2534123,0.0,,2.188,0.025,2.188,0.025,1.375,0.016,1.938,0.023,0.02188,0.025,0.020625,0.024,0.04845,0.0574999999999999,0.197455,39.515625,0.4599550191715105,64.125,0.7464038745274335,0.592734375,0.6899325287572657,2.244375,2.6124135608460173,6.139455464603283,304688,,,0.0048143200537846,Information
633042,12011.0,19692.76244,BRA,Brazil,Ceará,1.693318606,0.0,0.63,0.51,12011.0,12011.0,0.0,7.0,-9999.0,-9999.0,-9999.0,0.0,4.0,-999.9,-999.9,-999.9,-5991.4,0.0,0.0,0.0,0.0,0.0,0.0,0.0,0.0,0.0,0.0,0.0,-5991.4,2.717221909664112,33.86637212,0.0,,10.688,0.054,7.0,0.036,3.75,0.019,1.5,0.008,0.07,0.036,0.05625,0.0284999999999999,0.0375,0.02,0.24825,2.671875,0.0135678019185471,50.34375,0.2556459519389404,0.040078125,0.0203517028778206,1.76203125,0.8947608317862914,2.717221909664112,426203,,,0.0007062919339582,Information
633043,12012.0,10488.37254,BRA,Brazil,Ceará,1.973856735,0.0,0.63,0.51,12012.0,12012.0,0.0,13.0,-9999.0,-9999.0,-9999.0,0.0,1.0,-999.9,-999.9,-999.9,-5997.4,0.0,0.0,0.0,0.0,0.0,0.0,0.0,0.0,0.0,0.0,0.0,-5997.4,7.010396195677767,39.4771347,0.0,,52.25,0.498,52.25,0.498,23.125,0.22,3.125,0.03,0.5225,0.498,0.346875,0.33,0.078125,0.075,1.8505,12.515625,0.1193285703038092,97.171875,0.9264723829205868,0.187734375,0.1789928554557138,3.401015625,3.242653340222054,7.010396195677767,171903,,,0.0155564006952053,Information
633044,12013.0,13092.3582,BRA,Brazil,Ceará,0.636858112,0.0,0.63,0.51,12013.0,12013.0,0.0,7.0,-9999.0,-9999.0,-9999.0,0.0,4.0,-999.9,-999.9,-999.9,-5991.4,0.0,0.0,0.0,0.0,0.0,0.0,0.0,0.0,0.0,0.0,0.0,-5991.4,0.3038428568055856,12.73716224,0.0,,,,,,,,,,,,,,,,,0.0,0.0,4.921875,0.0375934948015959,0.0,0.0,0.172265625,0.1315772318055856,0.3038428568055856,921863,,,7.561185921497257e-09,Information
633045,12014.0,5159.048019,BRA,Brazil,Ceará,2.417093816,0.0,0.63,0.51,12014.0,,,,,,,,,,,,,,,,,,,,,,,,,6.863324396556079,48.34187632,0.0,,50.0,0.969,50.0,0.969,28.688,0.556,1.0,0.019,0.5,0.969,0.43032,0.8340000000000001,0.025,0.0475,2.80582,22.5,0.4361269737802363,57.09375,1.1066721959673498,0.3375,0.6541904606703545,1.99828125,3.873352685885724,6.863324396556079,178063,,,0.0217719202341843,Information
633050,12019.0,18615.1699,BRA,Brazil,Rio Grande do Norte,1.72746582,3.007704698,0.63,0.51,12019.0,,,,,,,,,,,,,,,,,,,,,,,,,2.587533673878443,34.549316399999995,60.15409396,,25.75,0.138,20.688,0.111,0.812,0.004,0.625,0.003,0.2068799999999999,0.111,0.01218,0.006,0.015625,0.0075,0.359185,2.953125,0.0158640776119025,46.828125,0.2515589449887397,0.044296875,0.0237961164178537,1.638984375,0.880456307460589,2.587533673878443,768649,,,0.0031255153813992,Information
633061,12020.0,7520.934702,BRA,Brazil,Rio Grande do Norte,2.044242134,1.768192852,0.63,0.51,12020.0,,,,,,,,,,,,,,,,,,,,,,,,,2.149076265441859,40.884842680000006,35.36385704,,16.125,0.214,15.25,0.203,0.0,0.0,0.0,0.0,0.1525,0.203,0.0,0.0,0.0,0.0,0.3555,2.109375,0.0280467133866278,25.453125,0.3384303415319764,0.031640625,0.0420700700799417,0.890859375,1.1845061953619174,2.149076265441859,178266,,,0.0004591192256833,Information
633063,12022.0,2271.135106,BRA,Brazil,Paraíba,1.527962288,0.0,0.63,0.51,12022.0,12022.0,0.0,7.0,-9999.0,-9999.0,-9999.0,0.0,4.0,-999.9,-999.9,-999.9,-5991.4,0.0,0.0,0.0,0.0,0.0,0.0,0.0,0.0,0.0,0.0,0.0,-5991.4,0.5850527538601011,30.55924576,0.0,,,,,,,,,,,,,,,,,0.0,0.0,3.09375,0.1362204296743146,0.0,0.0,0.10828125,0.4767715038601011,0.5850527538601011,63204,,,8.917422376696359e-07,Information
633065,12024.0,2919.340067,BRA,Brazil,Paraíba,1.591203368,0.0,0.63,0.51,12024.0,,,,,,,,,,,,,,,,,,,,,,,,,0.5725402257373494,31.82406736,0.0,,1.688,0.058,1.688,0.058,0.5,0.017,0.812,0.028,0.01688,0.058,0.0075,0.0255,0.0203,0.07,0.19818,0.421875,0.0144510399696961,3.515625,0.1204253330808015,0.006328125,0.0216765599545441,0.123046875,0.4214886657828052,0.5725402257373494,96255,,,8.775058842884264e-07,Information
633066,12025.0,6023.303185,BRA,Brazil,Paraíba,2.524064287,0.0,0.63,0.51,12025.0,,,,,,,,,,,,,,,,,,,,,,,,,0.3797046396682458,50.48128574,0.0,,4.562,0.076,4.562,0.076,0.0,0.0,0.188,0.003,0.04562,0.076,0.0,0.0,0.0046999999999999,0.0075,0.13382,0.0,0.0,4.078125,0.0677057899052131,0.0,0.0,0.142734375,0.2369702646682458,0.3797046396682458,290763,,,5.559833803110111e-07,Information
633067,12026.0,2078.858665,BRA,Brazil,Paraíba,0.817567918,0.0,0.63,0.51,12026.0,,,,,,,,,,,,,,,,,,,,,,,,,0.4167097357661954,16.35135836,0.0,,1.812,0.087,1.812,0.087,0.062,0.003,0.062,0.003,0.01812,0.087,0.0009299999999999,0.0045,0.00155,0.0075,0.1195999999999999,0.84375,0.040587174796023,1.6875,0.081174349592046,0.01265625,0.0608807621940345,0.0590625,0.284110223572161,0.4167097357661954,61001,,,5.727338127535766e-08,Information
633071,12029.0,10627.12931,BRA,Brazil,Rio Grande do Norte,3.370159266,2.51027935,0.63,0.51,12029.0,,,,,,,,,,,,,,,,,,,,,,,,,4.031492505919877,67.40318532,50.205587,,10.312,0.097,10.25,0.096,0.125,0.001,0.25,0.002,0.1025,0.096,0.001875,0.0015,0.00625,0.005,0.213125,13.78125,0.1296798937577169,53.4375,0.5028404043666577,0.20671875,0.1945198406365753,1.8703125,1.759941415283302,4.031492505919877,590792,,,0.0183054004612456,Information
633077,12035.0,1281.822824,BRA,Brazil,Paraíba,0.83888475,0.0,0.63,0.51,12035.0,,,,,,,,,,,,,,,,,,,,,,,,,2.7971918187473843,16.777694999999998,0.0,,2.125,0.166,2.125,0.166,0.25,0.02,0.0,0.0,0.02125,0.166,0.00375,0.03,0.0,0.0,0.221,2.8125,0.2194140990041933,7.875,0.6143594772117413,0.0421875,0.32912114850629,0.275625,2.1502581702410946,2.7971918187473843,53116,,,0.0003457851455451,Information
633079,12037.0,775.4443468,BRA,Brazil,Paraíba,1.831192597,1.778338042,0.63,0.51,12037.0,,,,,,,,,,,,,,,,,,,,,,,,,4.015678317385987,36.62385194,35.56676084,,3.125,0.403,3.125,0.403,0.125,0.016,0.125,0.016,0.03125,0.403,0.001875,0.024,0.003125,0.04,0.5032500000000001,1.546875,0.1994824008089823,7.59375,0.979277240335004,0.023203125,0.2992236012134734,0.26578125,3.427470341172514,4.015678317385987,32565,,,0.0028999799130442,Information
633080,12038.0,19798.04465,BRA,Brazil,Paraíba,1.094912783,0.0,0.63,0.51,12038.0,12038.0,0.0,7.0,-9999.0,-9999.0,-9999.0,0.0,4.0,-999.9,-999.9,-999.9,-5991.4,0.0,0.0,0.0,0.0,0.0,0.0,0.0,0.0,0.0,0.0,0.0,-5991.4,1.821289053236776,21.89825566,0.0,,10.25,0.052,8.625,0.044,0.0,0.0,0.0,0.0,0.08625,0.044,0.0,0.0,0.0,0.0,0.1302499999999999,0.28125,0.001420594836111,34.453125,0.1740228674236027,0.00421875,0.0021308922541665,1.205859375,0.6090800359826095,1.821289053236776,1398745,,,8.547849312691151e-05,Information
633093,12040.0,7214.07131,BRA,Brazil,Pernambuco,3.683138265,0.024139243,0.63,0.51,12040.0,,,,,,,,,,,,,,,,,,,,,,,,,4.681013674623779,73.6627653,0.48278486,,25.875,0.359,22.062,0.306,2.0,0.028,0.812,0.011,0.22062,0.306,0.03,0.042,0.0203,0.0274999999999999,0.64642,4.78125,0.0662767221772104,54.0,0.7485370975308467,0.07171875,0.0994150832658156,1.89,2.619879841357964,4.681013674623779,2746919,,,0.0420417319634137,Information
633095,12042.0,4239.242155,BRA,Brazil,Alagoas,2.545659392,0.0,0.63,0.51,12042.0,,,,,,,,,,,,,,,,,,,,,,,,,2.3381177829488795,50.913187840000006,0.0,,23.562,0.556,12.875,0.304,1.25,0.029,0.5,0.012,0.12875,0.304,0.01875,0.0435,0.0125,0.03,0.5375,2.109375,0.0497583040287539,18.984375,0.4478247362587854,0.031640625,0.0746374560431308,0.664453125,1.567386576905749,2.3381177829488795,983692,,,0.0011663286700909,Information
633097,12044.0,94.08966902,BRA,Brazil,Alagoas,0.551869751,0.199655483,0.63,0.51,12044.0,,,,,,,,,,,,,,,,,,,,,,,,,7.844966559046662,11.03739502,3.99310966,,1.5,1.594,0.312,0.332,0.062,0.066,0.062,0.066,0.00312,0.332,0.0009299999999999,0.099,0.00155,0.165,0.6016,1.265625,1.3451264236811529,1.546875,1.6440434067214091,0.018984375,2.0176896355217293,0.054140625,5.754151923524932,7.844966559046662,6109,,,0.00758397465288,Information
633099,12046.0,4405.260352,BRA,Brazil,Alagoas,2.61873076,0.112229174,0.63,0.51,12046.0,,,,,,,,,,,,,,,,,,,,,,,,,7.05173278822998,52.3746152,2.24458348,,31.75,0.721,20.812,0.472,4.0,0.091,1.188,0.027,0.20812,0.472,0.06,0.1365,0.0296999999999999,0.0675,0.97382,37.125,0.842742472183055,45.703125,1.0374670585586852,0.556875,1.2641137082745826,1.599609375,3.631134704955398,7.05173278822998,474977,,,0.0280606496118047,Information
634111,12047.0,5851.35459,BRA,Brazil,Alagoas,2.189738357,2.254870382,0.63,0.51,12047.0,12047.0,1.0,1.0,100.0,3.0,-9999.0,3.0,10.0,10.0,0.3,-999.9,-1953.2,0.0,0.0,0.0,0.0,0.0,0.0,0.0,0.0,0.0,0.0,0.0,-1953.2,9.67813551340384,43.79476714,45.09740764,,38.25,0.654,29.688,0.507,6.125,0.105,2.875,0.049,0.29688,0.507,0.091875,0.1575,0.071875,0.1225,1.24763,43.59375,0.745019795475375,83.390625,1.4251507700545076,0.65390625,1.1175296932130625,2.918671875,4.988027695190777,9.67813551340384,610315,,,0.0413092166180191,Information
634113,12049.0,2370.314843,BRA,Brazil,Sergipe,0.543121676,0.0,0.63,0.51,12049.0,12049.0,1.0,1.0,100.0,3.0,-9999.0,3.0,10.0,10.0,0.3,-999.9,-1953.3,0.0,0.0,0.0,0.0,0.0,0.0,0.0,0.0,0.0,0.0,0.0,-1953.3,0.3339247805155797,10.862433520000002,0.0,,,,,,,,,,,,,,,,,0.0,0.0,1.828125,0.0771258301473085,0.0,0.0,0.063984375,0.2699404055155797,0.3339247805155797,67011,,,1.1549930819412482e-08,Information
634115,12051.0,3709.399082,BRA,Brazil,Alagoas,0.797802801,0.0,0.63,0.51,12051.0,,,,,,,,,,,,,,,,,,,,,,,,,0.11886,15.95605602,0.0,,2.938,0.079,2.938,0.079,0.062,0.002,0.062,0.002,0.02938,0.079,0.0009299999999999,0.003,0.00155,0.005,0.11886,0.0,0.0,0.84375,0.0227462718726106,0.0,0.0,0.02953125,0.0796119515541371,0.109143201554137,146113,,,2.6697411027829452e-11,Information
634119,12055.0,6221.529319,BRA,Brazil,Bahia,1.074258809,0.0,0.63,0.51,12055.0,,,,,,,,,,,,,,,,,,,,,,,,,2.5042511557114047,21.48517618,0.0,,5.625,0.09,5.562,0.089,1.188,0.019,0.875,0.014,0.05562,0.089,0.01782,0.0284999999999999,0.021875,0.035,0.247815,10.546875,0.1695222261030093,22.921875,0.3684283047305403,0.158203125,0.2542833391545139,0.802265625,1.289499066556891,2.5042511557114047,54370,,,0.0002852153912991,Information
634120,12056.0,16951.89405,BRA,Brazil,Pernambuco,1.223565743,0.0,0.63,0.51,12056.0,,,,,,,,,,,,,,,,,,,,,,,,,0.688627422715224,24.47131486,0.0,,25.062,0.148,22.438,0.132,0.312,0.002,0.688,0.004,0.22438,0.132,0.00468,0.003,0.0171999999999999,0.01,0.39126,1.96875,0.0116137464870556,11.53125,0.0680233722813259,0.02953125,0.0174206197305834,0.40359375,0.2380818029846406,0.688627422715224,357974,,,1.3163914346754182e-06,Information
634130,12057.0,17407.36393,BRA,Brazil,Bahia,1.068004515,0.0,0.63,0.51,12057.0,,,,,,,,,,,,,,,,,,,,,,,,,1.2620357245636455,21.3600903,0.0,,35.188,0.202,32.812,0.188,0.5,0.003,0.375,0.002,0.3281199999999999,0.188,0.0075,0.0045,0.009375,0.005,0.5424949999999998,3.234375,0.0185804985350243,21.515625,0.1236007076460312,0.048515625,0.0278707478025364,0.753046875,0.4326024767611092,1.2620357245636455,190679,,,1.796903315247173e-05,Information
634140,12058.0,13853.47848,BRA,Brazil,Pernambuco,0.818929942,0.0,0.63,0.51,12058.0,,,,,,,,,,,,,,,,,,,,,,,,,0.5762784479826444,16.378598840000002,0.0,,12.938,0.093,12.25,0.088,0.0,0.0,0.0,0.0,0.1225,0.088,0.0,0.0,0.0,0.0,0.2105,0.0,0.0,9.5625,0.0690259851378984,0.0,0.0,0.3346875,0.2415909479826444,0.5762784479826444,292635,,,3.221141270054641e-07,Information
634150,12059.0,25834.59446,BRA,Brazil,Bahia,3.852405893,0.0,0.63,0.51,12059.0,12059.0,0.0,1.0,-9999.0,-9999.0,-9999.0,0.0,10.0,-999.9,-999.9,-999.9,-5979.4,0.0,0.0,0.0,0.0,0.0,0.0,0.0,0.0,0.0,0.0,0.0,-5979.4,0.8289957630052355,77.04811785999999,0.0,,19.812,0.077,18.688,0.072,0.062,0.0,0.062,0.0,0.18688,0.072,0.0009299999999999,0.0,0.00155,0.0,0.26136,0.140625,0.0005443282658946,17.015625,0.0658637201732553,0.002109375,0.0008164923988419,0.595546875,0.2305230206063935,0.8289957630052355,688024,,,0.0004485738225331,Information
634160,12060.0,14528.27305,BRA,Brazil,Bahia,2.293586036,0.0,0.63,0.51,12060.0,12060.0,0.0,1.0,-9999.0,-9999.0,-9999.0,0.0,10.0,-999.9,-999.9,-999.9,-5979.4,0.0,0.0,0.0,0.0,0.0,0.0,0.0,0.0,0.0,0.0,0.0,-5979.4,0.5756300000000001,45.871720720000006,0.0,,42.0,0.289,33.688,0.232,0.25,0.002,0.0,0.0,0.33688,0.232,0.00375,0.003,0.0,0.0,0.5756300000000001,,,,,,,,,,86087,,,2.764461408725568e-06,Information
634170,12061.0,21633.88976,BRA,Brazil,Bahia,2.951392197,0.0,0.63,0.51,12061.0,,,,,,,,,,,,,,,,,,,,,,,,,26.238028190058053,59.02784394,0.0,,67.875,0.314,59.562,0.275,15.312,0.071,7.812,0.036,0.5956199999999999,0.275,0.22968,0.1064999999999999,0.1953,0.09,1.4921,160.03125,0.7397248103672466,444.09375,2.052768849859196,2.40046875,1.10958721555087,15.54328125,7.184690974507186,26.238028190058053,155710,,,0.3279131594081685,Information
634191,12063.0,819.5867941,BRA,Brazil,Bahia,4.00912111,0.0,0.63,0.51,12063.0,,,,,,,,,,,,,,,,,,,,,,,,,45.2210431033857,80.18242219999999,0.0,3.0,18.312,2.234,15.062,1.838,10.188,1.243,4.438,0.541,0.15062,1.838,0.15282,1.8645,0.11095,1.3525,5.469390000000001,36.703125,4.478247485590469,84.375,10.2948218059551,0.550546875,6.717371228385703,2.953125,35.0,45.2210431033857,11886,0.0,0.0,0.7953122806966488,Watch
634195,12067.0,3106.422337,BRA,Brazil,Bahia,4.005539081,0.0,0.63,0.51,12067.0,12067.0,0.0,1.0,-9999.0,-9999.0,-9999.0,0.0,10.0,-999.9,-999.9,-999.9,-5979.4,0.0,0.0,0.0,0.0,0.0,0.0,0.0,0.0,0.0,0.0,0.0,-5979.4,0.6229819911984251,80.11078162000001,0.0,,,,,,,,,,,,,,,,,0.0,0.0,4.21875,0.1358073546281215,0.0,0.0,0.14765625,0.4753257411984252,0.6229819911984251,7770,,,0.000266682081853,Information
634196,12068.0,5400.94084,BRA,Brazil,Bahia,3.432537174,0.0,0.63,0.51,12068.0,,,,,,,,,,,,,,,,,,,,,,,,,0.417036154360947,68.65074348,0.0,,18.438,0.341,4.375,0.081,0.312,0.006,0.125,0.002,0.04375,0.081,0.00468,0.009,0.003125,0.005,0.146555,0.5625,0.0104148520908056,3.9375,0.0729039646356396,0.0084375,0.0156222781362083,0.1378125,0.2551638762247386,0.417036154360947,37401,,,7.809492158722057e-06,Information
634201,12072.0,8061.137544,BRA,Brazil,Bahia,2.01729579,0.0,0.63,0.51,12072.0,,,,,,,,,,,,,,,,,,,,,,,,,0.24325,40.3459158,0.0,,21.938,0.272,10.5,0.13,0.25,0.003,0.0,0.0,0.105,0.13,0.00375,0.0045,0.0,0.0,0.24325,,,,,,,,,,30904,,,1.87510581370974e-08,Information
634202,12073.0,23013.77649,BRA,Brazil,Bahia,2.009811242,0.0,0.63,0.51,12073.0,12073.0,0.0,1.0,-9999.0,-9999.0,-9999.0,0.0,10.0,-999.9,-999.9,-999.9,-5979.4,0.0,0.0,0.0,0.0,0.0,0.0,0.0,0.0,0.0,0.0,0.0,-5979.4,1.470625,40.19622484,0.0,,146.688,0.637,99.75,0.433,1.875,0.008,0.0,0.0,0.9975,0.433,0.028125,0.012,0.0,0.0,1.470625,,,,,,,,,,53296,,,0.0001055364773253,Information
634203,12074.0,13531.84315,BRA,Brazil,Bahia,1.227918676,0.0,0.63,0.51,12074.0,12074.0,0.0,1.0,-9999.0,-9999.0,-9999.0,0.0,10.0,-999.9,-999.9,-999.9,-5979.4,0.0,0.0,0.0,0.0,0.0,0.0,0.0,0.0,0.0,0.0,0.0,-5979.4,0.2567738686472768,24.55837352,0.0,,14.375,0.106,9.75,0.072,0.688,0.005,0.0,0.0,0.0975,0.072,0.01032,0.0075,0.0,0.0,0.18732,0.984375,0.0072745079098184,3.796875,0.0280588162235855,0.014765625,0.0109117618647276,0.132890625,0.0982058567825492,0.2567738686472768,44544,,,6.620762496961072e-09,Information
634204,12075.0,8308.341238,BRA,Brazil,Bahia,1.19554847,0.0,0.63,0.51,12075.0,,,,,,,,,,,,,,,,,,,,,,,,,2.15126,23.910969400000003,0.0,,135.0,1.625,92.188,1.11,3.312,0.04,0.188,0.002,0.92188,1.11,0.04968,0.06,0.0046999999999999,0.005,2.15126,0.140625,0.0016925761229319,2.953125,0.03554409858157,0.002109375,0.0025388641843978,0.103359375,0.124404345035495,0.2324119592198928,43917,,,0.00018133911722,Information
634206,12077.0,5508.660681,BRA,Brazil,Bahia,1.056957929,0.0,0.63,0.51,12077.0,,,,,,,,,,,,,,,,,,,,,,,,,1.9363,21.13915858,0.0,,85.625,1.554,66.062,1.199,1.812,0.033,0.0,0.0,0.66062,1.199,0.02718,0.0495,0.0,0.0,1.9363,,,,,,,,,,82260,,,0.0001049034425802,Information
634208,12079.0,6375.065948,BRA,Brazil,Bahia,0.125268066,0.0,0.63,0.51,12079.0,,,,,,,,,,,,,,,,,,,,,,,,,2.2219999999999995,2.5053613200000004,0.0,,141.688,2.223,75.875,1.19,6.875,0.108,0.125,0.002,0.75875,1.19,0.103125,0.162,0.003125,0.005,2.2219999999999995,,,,,,,,,,8942,,,7.797766019513122e-05,Information
634209,12080.0,5069.335962,BRA,Brazil,Bahia,0.762015259,0.0,0.63,0.51,12080.0,,,,,,,,,,,,,,,,,,,,,,,,,1.4900499999999997,15.24030518,0.0,,101.75,2.007,41.75,0.824,5.5,0.108,0.062,0.001,0.4175,0.824,0.0825,0.162,0.00155,0.0025,1.4900499999999997,,,,,,,,,,8428,,,2.6610692517052744e-05,Information
634301,12081.0,1513.368911,BRA,Brazil,Bahia,3.690302783,0.0,0.63,0.51,12081.0,,,,,,,,,,,,,,,,,,,,,,,,,1.8347811616633,73.80605566,0.0,,5.438,0.359,3.5,0.231,0.062,0.004,0.0,0.0,0.035,0.231,0.0009299999999999,0.006,0.0,0.0,0.27293,0.0,0.0,6.890625,0.455316939046657,0.0,0.0,0.241171875,1.5936092866632994,1.8347811616633,5856,,,0.0039232676915614,Information
634302,12082.0,17266.81414,BRA,Brazil,Bahia,1.425705206,0.0,0.63,0.51,12082.0,12082.0,0.0,1.0,-9999.0,-9999.0,-9999.0,0.0,10.0,-999.9,-999.9,-999.9,-5979.4,0.0,0.0,0.0,0.0,0.0,0.0,0.0,0.0,0.0,0.0,0.0,-5979.4,0.1043716566665957,28.51410412,0.0,,,,,,,,,,,,,,,,,0.140625,0.0008144235460977,1.828125,0.0105875060992712,0.002109375,0.0012216353191465,0.063984375,0.0370562713474492,0.1043716566665957,149960,,,3.3039486510247256e-11,Information
634303,12083.0,2460.367611,BRA,Brazil,Bahia,3.511319875,0.0,0.63,0.51,12083.0,,,,,,,,,,,,,,,,,,,,,,,,,1.232081659161686,70.22639749999999,0.0,,12.938,0.526,9.375,0.381,0.312,0.013,0.0,0.0,0.09375,0.381,0.00468,0.0195,0.0,0.0,0.49893,0.140625,0.0057156093015126,6.890625,0.2800648557741192,0.002109375,0.0085734139522689,0.241171875,0.9802269952094173,1.232081659161686,4821,,,0.0007239775691821,Information
634307,12087.0,869.6323839,BRA,Brazil,Bahia,2.401549658,0.0,0.63,0.51,12087.0,,,,,,,,,,,,,,,,,,,,,,,,,0.7997478560589595,48.03099316,0.0,,2.438,0.28,1.562,0.18,0.312,0.036,0.0,0.0,0.01562,0.18,0.00468,0.0539999999999999,0.0,0.0,0.2542999999999999,0.0,0.0,1.828125,0.210218137445417,0.0,0.0,0.063984375,0.7357634810589595,0.7997478560589595,11334,,,1.4957903056239894e-05,Information
634309,12089.0,5886.662067,BRA,Brazil,Bahia,1.916262033,0.0,0.63,0.51,12089.0,12089.0,0.0,1.0,-9999.0,-9999.0,-9999.0,0.0,10.0,-999.9,-999.9,-999.9,-5979.4,0.0,0.0,0.0,0.0,0.0,0.0,0.0,0.0,0.0,0.0,0.0,-5979.4,0.8216445682131168,38.32524066,0.0,,6.688,0.114,4.0,0.068,0.25,0.004,0.0,0.0,0.04,0.068,0.00375,0.006,0.0,0.0,0.11775,0.28125,0.004777750052777,8.578125,0.1457213766097004,0.00421875,0.0071666250791655,0.300234375,0.5100248181339514,0.8216445682131168,25871,,,7.860992346280699e-06,Information
634404,12093.0,19771.29638,BRA,Brazil,Bahia,1.291728635,0.0,0.63,0.51,12093.0,,,,,,,,,,,,,,,,,,,,,,,,,1.855375,25.8345727,0.0,,349.062,1.766,112.875,0.571,6.875,0.035,0.0,0.0,1.12875,0.571,0.103125,0.0525,0.0,0.0,1.855375,0.0,0.0,2.8125,0.0142251673660757,0.0,0.0,0.0984375,0.0497880857812649,0.1482255857812649,32866,,,0.0001129180507109,Information
634406,12095.0,3677.183171,BRA,Brazil,Bahia,0.010803832,0.0,0.63,0.51,12095.0,,,,,,,,,,,,,,,,,,,,,,,,,1.328995,0.21607664,0.0,,109.0,2.964,28.062,0.763,5.125,0.139,0.0,0.0,0.28062,0.763,0.076875,0.2085,0.0,0.0,1.328995,0.0,0.0,2.25,0.0611881403599322,0.0,0.0,0.07875,0.2141584912597627,0.2929084912597627,366,,,7.851670443194717e-06,Information
634501,12099.0,3327.667722,BRA,Brazil,Bahia,2.796169847,0.0,0.63,0.51,12099.0,12099.0,0.0,1.0,-9999.0,-9999.0,-9999.0,0.0,10.0,-999.9,-999.9,-999.9,-5979.4,0.0,0.0,0.0,0.0,0.0,0.0,0.0,0.0,0.0,0.0,0.0,-5979.4,0.7687929450198225,55.92339694,0.0,,7.938,0.239,2.875,0.086,0.438,0.013,0.0,0.0,0.02875,0.086,0.00657,0.0195,0.0,0.0,0.14082,0.0,0.0,5.484375,0.1648113771485207,0.0,0.0,0.191953125,0.5768398200198225,0.7687929450198225,97780,,,2.5733563212196477e-05,Information
634504,12102.0,6833.15811,BRA,Brazil,Bahia,0.883341082,0.0,0.63,0.51,12102.0,,,,,,,,,,,,,,,,,,,,,,,,,0.8434950000000001,17.666821640000002,0.0,,52.75,0.772,30.312,0.444,2.625,0.038,0.0,0.0,0.30312,0.444,0.039375,0.0569999999999999,0.0,0.0,0.8434950000000001,0.0,0.0,3.515625,0.0514494900215156,0.0,0.0,0.123046875,0.1800732150753046,0.3031200900753046,126711,,,2.3140606548371068e-06,Information
634507,12105.0,1688.774114,BRA,Brazil,Bahia,3.085505159,0.0,0.63,0.51,12105.0,12105.0,0.0,1.0,-9999.0,-9999.0,-9999.0,0.0,10.0,-999.9,-999.9,-999.9,-5979.4,0.0,0.0,0.0,0.0,0.0,0.0,0.0,0.0,0.0,0.0,0.0,-5979.4,1.2945283893580195,61.71010318,0.0,,,,,,,,,,,,,,,,,0.0,0.0,5.34375,0.3164277541022913,0.0,0.0,0.18703125,1.1074971393580195,1.2945283893580195,30139,,,0.0003532559198751,Information
634508,12106.0,17322.79897,BRA,Brazil,Bahia,2.779621465,0.0,0.63,0.51,12106.0,12106.0,0.0,1.0,-9999.0,-9999.0,-9999.0,0.0,10.0,-999.9,-999.9,-999.9,-5979.4,0.0,0.0,0.0,0.0,0.0,0.0,0.0,0.0,0.0,0.0,0.0,-5979.4,0.97737,55.5924293,0.0,,193.438,1.117,57.812,0.334,2.75,0.016,0.0,0.0,0.57812,0.334,0.04125,0.024,0.0,0.0,0.97737,,,,,,,,,,39546,,,6.773390439194755e-05,Information
634602,12109.0,6065.287982,BRA,Brazil,Minas Gerais,1.737041108,0.0,0.63,0.51,12109.0,,,,,,,,,,,,,,,,,,,,,,,,,0.1736299999999999,34.74082216,0.0,,6.688,0.11,5.25,0.087,0.562,0.009,0.188,0.003,0.0525,0.087,0.00843,0.0134999999999999,0.0046999999999999,0.0075,0.1736299999999999,0.0,0.0,1.40625,0.023185214027205,0.0,0.0,0.04921875,0.0811482490952175,0.1303669990952175,56830,,,1.5221135205309259e-09,Information
634604,12111.0,9967.845335,BRA,Brazil,Minas Gerais,1.362821625,0.0,0.63,0.51,12111.0,,,,,,,,,,,,,,,,,,,,,,,,,0.3825699999999999,27.256432500000003,0.0,,8.062,0.081,8.062,0.081,5.0,0.05,1.438,0.014,0.08062,0.081,0.075,0.075,0.0359499999999999,0.035,0.3825699999999999,1.125,0.0112862906892254,2.25,0.0225725813784508,0.016875,0.016929436033838,0.07875,0.0790040348245778,0.1915584708584159,150785,,,7.696976644360748e-08,Information
634701,12117.0,11867.17876,BRA,Brazil,Minas Gerais,1.150596054,0.0,0.63,0.51,12117.0,12117.0,0.0,1.0,-9999.0,-9999.0,-9999.0,0.0,10.0,-999.9,-999.9,-999.9,-5979.4,0.0,0.0,0.0,0.0,0.0,0.0,0.0,0.0,0.0,0.0,0.0,-5979.4,0.8913869031091807,23.01192108,0.0,,,,,,,,,,,,,,,,,3.375,0.0284397839378498,12.375,0.104279207772116,0.050625,0.0426596759067747,0.433125,0.364977227202406,0.8913869031091807,150512,,,4.124310112901545e-06,Information
634702,12118.0,4047.83131,BRA,Brazil,Minas Gerais,1.061931307,0.0,0.63,0.51,12118.0,,,,,,,,,,,,,,,,,,,,,,,,,0.13343,21.23862614,0.0,,21.5,0.531,3.0,0.074,0.562,0.014,0.0,0.0,0.03,0.074,0.00843,0.021,0.0,0.0,0.13343,,,,,,,,,,10448,,,8.819718323950217e-11,Information
634706,12122.0,1688.77354,BRA,Brazil,Minas Gerais,0.213633819,0.0,0.63,0.51,12122.0,,,,,,,,,,,,,,,,,,,,,,,,,0.2355499999999999,4.27267638,0.0,,16.438,0.973,2.562,0.152,0.562,0.033,0.0,0.0,0.0256199999999999,0.152,0.00843,0.0495,0.0,0.0,0.2355499999999999,,,,,,,,,,2809,,,9.429829774164046e-10,Information
634707,12123.0,342.2235273,BRA,Brazil,Minas Gerais,3.22175371,0.0,0.63,0.51,12123.0,,,,,,,,,,,,,,,,,,,,,,,,,2.592366658476136,64.4350742,0.0,,10.375,3.032,2.375,0.694,0.0,0.0,0.0,0.0,0.02375,0.694,0.0,0.0,0.0,0.0,0.71775,1.125,0.3287325125870342,1.96875,0.5752818970273098,0.016875,0.4930987688805512,0.06890625,2.0134866395955844,2.592366658476136,3272,,,0.0044121294392685,Information
634708,12124.0,25322.71167,BRA,Brazil,Minas Gerais,0.954742368,0.0,0.63,0.51,12124.0,12124.0,0.0,1.0,-9999.0,-9999.0,-9999.0,0.0,10.0,-999.9,-999.9,-999.9,-5979.4,0.0,0.0,0.0,0.0,0.0,0.0,0.0,0.0,0.0,0.0,0.0,-5979.4,0.81888,19.09484736,0.0,,227.625,0.899,51.188,0.202,5.0,0.02,0.0,0.0,0.51188,0.202,0.075,0.03,0.0,0.0,0.81888,2.53125,0.0099959673860634,8.015625,0.0316538967225342,0.03796875,0.0149939510790951,0.280546875,0.1107886385288696,0.4442982146079648,81208,,,2.1835981408287148e-06,Information
634709,12125.0,3773.698644,BRA,Brazil,Minas Gerais,0.696703596,0.0,0.63,0.51,12125.0,12125.0,0.0,1.0,-9999.0,-9999.0,-9999.0,0.0,10.0,-999.9,-999.9,-999.9,-5979.4,0.0,0.0,0.0,0.0,0.0,0.0,0.0,0.0,0.0,0.0,0.0,-5979.4,0.1616800557443924,13.93407192,0.0,,18.438,0.489,2.75,0.073,0.125,0.003,0.0,0.0,0.0275,0.073,0.001875,0.0045,0.0,0.0,0.106875,0.0,0.0,1.265625,0.033538051641255,0.0,0.0,0.044296875,0.1173831807443925,0.1616800557443924,52834,,,1.7230745762894843e-10,Information
634801,12126.0,4226.446986,BRA,Brazil,Minas Gerais,0.853977437,0.0,0.63,0.51,12126.0,12126.0,0.0,1.0,-9999.0,-9999.0,-9999.0,0.0,10.0,-999.9,-999.9,-999.9,-5979.4,0.0,0.0,0.0,0.0,0.0,0.0,0.0,0.0,0.0,0.0,0.0,-5979.4,0.1278048466633077,17.07954874,0.0,,,,,,,,,,,,,,,,,0.5625,0.0133090513575271,0.84375,0.0199635770362906,0.0084375,0.0199635770362906,0.02953125,0.0698725196270171,0.1278048466633077,2934,,,4.736437489225366e-11,Information
634802,12127.0,5927.670527,BRA,Brazil,Minas Gerais,0.801441079,0.0,0.63,0.51,12127.0,,,,,,,,,,,,,,,,,,,,,,,,,0.151143938088169,16.02882158,0.0,,8.375,0.141,2.438,0.041,1.562,0.026,0.0,0.0,0.02438,0.041,0.02343,0.039,0.0,0.0,0.12781,1.125,0.0189787876176338,1.125,0.0189787876176338,0.016875,0.0284681814264506,0.039375,0.0664257566617183,0.151143938088169,5336,,,1.3078479137395672e-10,Information
634803,12128.0,1349.31752,BRA,Brazil,Minas Gerais,0.296071694,0.0,0.63,0.51,12128.0,,,,,,,,,,,,,,,,,,,,,,,,,0.24738,5.92143388,0.0,,14.062,1.042,2.938,0.218,0.0,0.0,0.0,0.0,0.02938,0.218,0.0,0.0,0.0,0.0,0.24738,,,,,,,,,,80,,,1.416789589736508e-09,Information
634804,12129.0,2183.159215,BRA,Brazil,Minas Gerais,0.538026765,0.0,0.63,0.51,12129.0,,,,,,,,,,,,,,,,,,,,,,,,,0.14262,10.7605353,0.0,,29.125,1.334,2.562,0.117,0.0,0.0,0.0,0.0,0.0256199999999999,0.117,0.0,0.0,0.0,0.0,0.14262,,,,,,,,,,3278,,,6.01732470332111e-11,Information
634805,12130.0,2786.622883,BRA,Brazil,Minas Gerais,1.234667161,0.0,0.63,0.51,12130.0,12130.0,0.0,1.0,-9999.0,-9999.0,-9999.0,0.0,10.0,-999.9,-999.9,-999.9,-5979.4,0.0,0.0,0.0,0.0,0.0,0.0,0.0,0.0,0.0,0.0,0.0,-5979.4,0.39444,24.69334322,0.0,,49.25,1.767,8.312,0.298,0.188,0.007,0.0,0.0,0.08312,0.298,0.00282,0.0105,0.0,0.0,0.39444,0.140625,0.0050464309626251,1.125,0.0403714477010012,0.002109375,0.0075696464439376,0.039375,0.1413000669535042,0.1903540883974418,17459,,,7.52867652239417e-08,Information
634806,12131.0,18431.39743,BRA,Brazil,Minas Gerais,0.610550751,0.0,0.63,0.51,12131.0,12131.0,0.0,1.0,-9999.0,-9999.0,-9999.0,0.0,10.0,-999.9,-999.9,-999.9,-5979.4,0.0,0.0,0.0,0.0,0.0,0.0,0.0,0.0,0.0,0.0,0.0,-5979.4,1.0574920178082032,12.21101502,0.0,,334.125,1.813,42.625,0.231,2.438,0.013,0.562,0.003,0.42625,0.231,0.03657,0.0195,0.01405,0.0075,0.7348699999999999,7.3125,0.0396741485662084,16.453125,0.0892668342739688,0.1096875,0.0595112228493125,0.575859375,0.3124339199588908,1.0574920178082032,178043,,,4.957107747238984e-06,Information
634807,12132.0,7258.050086,BRA,Brazil,Minas Gerais,0.621203005,0.0,0.63,0.51,12132.0,,,,,,,,,,,,,,,,,,,,,,,,,2.186815019254952,12.4240601,0.0,,158.062,2.178,44.625,0.615,4.25,0.059,0.312,0.004,0.44625,0.615,0.06375,0.0885,0.0078,0.01,1.2313,10.125,0.139500277349169,21.9375,0.3022506009231995,0.151875,0.2092504160237535,0.7678125,1.0578771032311982,2.186815019254952,94861,,,0.0001121005186745,Information
634808,12133.0,1664.958799,BRA,Brazil,Distrito Federal,1.029322206,0.0,0.63,0.51,12133.0,,,,,,,,,,,,,,,,,,,,,,,,,0.5172512599539307,20.58644412,0.0,,22.938,1.378,4.375,0.263,0.062,0.004,0.0,0.0,0.04375,0.263,0.0009299999999999,0.006,0.0,0.0,0.31368,0.984375,0.0591230846605241,1.6875,0.1013538594180413,0.014765625,0.0886846269907861,0.0590625,0.3547385079631445,0.5172512599539307,99422,,,2.4030573013745977e-07,Information
634809,12134.0,1441.723819,BRA,Brazil,Goiás,0.223391486,0.0,0.63,0.51,12134.0,,,,,,,,,,,,,,,,,,,,,,,,,1.4787263123866223,4.46782972,0.0,,32.5,2.254,15.938,1.105,0.188,0.013,0.0,0.0,0.15938,1.105,0.00282,0.0195,0.0,0.0,1.2867000000000002,2.25,0.1560631773447997,4.359375,0.3023724061055494,0.03375,0.2340947660171995,0.152578125,1.058303421369423,1.4787263123866223,2671,,,1.5345209005695963e-05,Information
634910,12135.0,7237.620977,BRA,Brazil,Minas Gerais,0.845640764,0.0,0.63,0.51,12135.0,12135.0,0.0,1.0,-9999.0,-9999.0,-9999.0,0.0,10.0,-999.9,-999.9,-999.9,-5979.4,0.0,0.0,0.0,0.0,0.0,0.0,0.0,0.0,0.0,0.0,0.0,-5979.4,0.1289450741009252,16.91281528,0.0,,,,,,,,,,,,,,,,,0.0,0.0,1.546875,0.0213726997431215,0.0,0.0,0.054140625,0.0748044491009252,0.1289450741009252,50380,,,4.956916303387053e-11,Information
634930,12137.0,509.3106925,BRA,Brazil,Minas Gerais,1.753121835,0.0,0.63,0.51,12137.0,,,,,,,,,,,,,,,,,,,,,,,,,0.8124787376941142,35.0624367,0.0,,2.25,0.442,0.75,0.147,0.0,0.0,0.0,0.0,0.0075,0.147,0.0,0.0,0.0,0.0,0.1545,0.0,0.0,1.125,0.2208867821983183,0.0,0.0,0.039375,0.7731037376941141,0.8124787376941142,832,,,5.904305748610794e-06,Information
634940,12138.0,27990.19341,BRA,Brazil,Minas Gerais,0.597433163,0.0,0.63,0.51,12138.0,12138.0,0.0,1.0,-9999.0,-9999.0,-9999.0,0.0,10.0,-999.9,-999.9,-999.9,-5979.4,0.0,0.0,0.0,0.0,0.0,0.0,0.0,0.0,0.0,0.0,0.0,-5979.4,0.1546013064244265,11.94866326,0.0,,,,,,,,,,,,,,,,,0.703125,0.0025120405200263,2.953125,0.0105505701841106,0.010546875,0.0037680607800394,0.103359375,0.0369269956443871,0.1546013064244265,4779620,,,1.1133869959898504e-10,Information
634950,12139.0,5424.634678,BRA,Brazil,Minas Gerais,3.553141858,0.0,0.63,0.51,12139.0,12139.0,0.0,1.0,-9999.0,-9999.0,-9999.0,0.0,10.0,-999.9,-999.9,-999.9,-5979.4,0.0,0.0,0.0,0.0,0.0,0.0,0.0,0.0,0.0,0.0,0.0,-5979.4,0.3218865326736264,71.06283716,0.0,,14.25,0.263,1.062,0.02,3.75,0.069,0.0,0.0,0.01062,0.02,0.05625,0.1035,0.0,0.0,0.19037,0.984375,0.0181463832759675,2.8125,0.0518468093599072,0.014765625,0.0272195749139512,0.0984375,0.1814638327596752,0.3218865326736264,82449,,,3.418788474297484e-06,Information
634970,12141.0,8344.42505,BRA,Brazil,Minas Gerais,2.251610114,0.0,0.63,0.51,12141.0,,,,,,,,,,,,,,,,,,,,,,,,,7.108920146192595,45.03220228,0.0,,68.562,0.822,65.5,0.785,24.062,0.288,5.0,0.06,0.655,0.785,0.36093,0.4319999999999999,0.125,0.15,2.5079299999999995,11.8125,0.1415615806828345,87.328125,1.0465445429052411,0.1771875,0.2123423710242517,3.056484375,3.662905900168344,7.108920146192595,55191,,,0.0204078591795258,Information
634980,12142.0,29460.81494,BRA,Brazil,Minas Gerais,1.850603626,0.0,0.63,0.51,12142.0,12142.0,0.0,1.0,-9999.0,-9999.0,-9999.0,0.0,10.0,-999.9,-999.9,-999.9,-5979.4,0.0,0.0,0.0,0.0,0.0,0.0,0.0,0.0,0.0,0.0,0.0,-5979.4,2.4335840094403065,37.01207252,0.0,,19.688,0.067,17.375,0.059,6.125,0.021,0.812,0.003,0.17375,0.059,0.091875,0.0315,0.0203,0.0075,0.383925,11.53125,0.0391409742833631,46.96875,0.1594278708615034,0.17296875,0.0587114614250446,1.64390625,0.5579975480152619,2.4335840094403065,1216233,,,0.0005698071537387,Information
634990,12143.0,13713.64436,BRA,Brazil,Minas Gerais,1.047364945,0.0,0.63,0.51,12143.0,,,,,,,,,,,,,,,,,,,,,,,,,2.997056174512264,20.9472989,0.0,,23.688,0.173,23.688,0.173,9.875,0.072,1.125,0.008,0.2368799999999999,0.173,0.148125,0.1079999999999999,0.028125,0.02,0.7141299999999999,16.453125,0.119976313827939,42.46875,0.3096824510772444,0.246796875,0.1799644707419085,1.48640625,1.0838885787703554,2.997056174512264,1628024,,,0.0005330341527459,Information
635110,12144.0,5885.186644,BRA,Brazil,Sergipe,2.66810672,1.115930152,0.63,0.51,12144.0,,,,,,,,,,,,,,,,,,,,,,,,,7.674953766082963,53.3621344,22.31860304,,24.25,0.412,19.438,0.33,2.875,0.049,1.812,0.031,0.19438,0.33,0.043125,0.0735,0.0453,0.0775,0.7638050000000001,41.90625,0.7120632281368564,63.28125,1.0752632639650517,0.62859375,1.0680948422052845,2.21484375,3.7634214238776806,7.674953766082963,1389074,,,0.0355803555784376,Information
635120,12145.0,16250.18001,BRA,Brazil,Bahia,1.182517049,1.021948446,0.63,0.51,12145.0,12145.0,0.0,1.0,2.0,-9999.0,-9999.0,0.0,10.0,0.2,-999.9,-999.9,-3979.2,0.0,0.0,0.0,0.0,0.0,0.0,0.0,0.0,0.0,0.0,0.0,-3979.2,1.290283016541392,23.650340980000003,20.43896892,,5.5,0.034,4.688,0.029,0.562,0.003,0.75,0.005,0.04688,0.029,0.00843,0.0045,0.01875,0.0125,0.12006,13.21875,0.0813452527374838,17.15625,0.1055757535529046,0.19828125,0.1220178791062257,0.60046875,0.3695151374351661,1.290283016541392,334089,,,2.2473140570001108e-05,Information
635130,12146.0,9625.667122,BRA,Brazil,Sergipe,0.439918003,1.043118483,0.63,0.51,12146.0,,,,,,,,,,,,,,,,,,,,,,,,,4.022664345093012,8.79836006,20.86236966,,24.938,0.259,17.25,0.179,1.125,0.012,0.312,0.003,0.1725,0.179,0.016875,0.018,0.0078,0.0075,0.401675,22.921875,0.2381328453315473,46.546875,0.4835703791701974,0.343828125,0.3571992679973209,1.629140625,1.692496327095691,4.022664345093012,579265,,,0.0014448026983682,Information
635141,12147.0,5530.182479,BRA,Brazil,Bahia,1.372774902,0.0,0.63,0.51,12147.0,12147.0,0.0,1.0,-9999.0,-9999.0,-9999.0,0.0,10.0,-999.9,-999.9,-999.9,-5979.4,0.0,0.0,0.0,0.0,0.0,0.0,0.0,0.0,0.0,0.0,0.0,-5979.4,0.6614765362316409,27.45549804,0.0,,,,,,,,,,,,,,,,,0.28125,0.0050857272982882,6.609375,0.1195145915097739,0.00421875,0.0076285909474322,0.231328125,0.4183010702842086,0.6614765362316409,107250,,,1.316948642592721e-06,Information
635147,12153.0,1807.153469,BRA,Brazil,Bahia,0.331496619,0.0,0.63,0.51,12153.0,12153.0,0.0,15.0,-9999.0,-9999.0,-9999.0,0.0,1.0,-999.9,-999.9,-999.9,-5997.4,0.0,0.0,0.0,0.0,0.0,0.0,0.0,0.0,0.0,0.0,0.0,-5997.4,-5997.4,6.62993238,0.0,,,,,,,,,,,,,,,,,,,,,,,,,,69522,,,,
635150,12156.0,17027.42425,BRA,Brazil,Bahia,4.022189738,0.437755309,0.63,0.51,12156.0,,,,,,,,,,,,,,,,,,,,,,,,,5.209776460294673,80.44379476,8.75510618,,23.375,0.137,19.188,0.113,1.062,0.006,1.375,0.008,0.19188,0.113,0.01593,0.009,0.034375,0.02,0.384185,21.9375,0.1288362801225231,84.375,0.4955241543173966,0.3290625,0.1932544201837846,2.953125,1.734334540110888,5.209776460294673,5050228,,,0.09295831838388,Information
635162,12158.0,12403.98422,BRA,Brazil,Bahia,0.435106778,0.0,0.63,0.51,12158.0,12158.0,0.0,1.0,-9999.0,-9999.0,-9999.0,0.0,10.0,-999.9,-999.9,-999.9,-5979.4,0.0,0.0,0.0,0.0,0.0,0.0,0.0,0.0,0.0,0.0,0.0,-5979.4,0.703568452029044,8.70213556,0.0,,,,,,,,,,,,,,,,,0.703125,0.0056685415528708,10.828125,0.0872955399142108,0.010546875,0.0085028123293062,0.378984375,0.3055343896997378,0.703568452029044,620192,,,5.702115796861129e-07,Information
635163,12159.0,3886.924117,BRA,Brazil,Bahia,0.316468496,0.0,0.63,0.51,12159.0,12159.0,0.0,5.0,-9999.0,-9999.0,-9999.0,0.0,6.0,-999.9,-999.9,-999.9,-5987.4,0.0,0.0,0.0,0.0,0.0,0.0,0.0,0.0,0.0,0.0,0.0,-5987.4,1.1028007690735913,6.32936992,0.0,,,,,,,,,,,,,,,,,0.5625,0.0144715971585164,8.578125,0.2206918566673762,0.0084375,0.0217073957377746,0.300234375,0.7724214983358167,1.1028007690735913,115901,,,4.457745252970298e-06,Information
635164,12160.0,4841.270693,BRA,Brazil,Bahia,0.946923561,0.0,0.63,0.51,12160.0,,,,,,,,,,,,,,,,,,,,,,,,,0.1605,18.93847122,0.0,,7.938,0.164,5.25,0.108,0.0,0.0,0.0,0.0,0.0525,0.108,0.0,0.0,0.0,0.0,0.1605,,,,,,,,,,77099,,,2.4128560264271756e-10,Information
635165,12161.0,930.8683526,BRA,Brazil,Bahia,2.571408211,0.0,0.63,0.51,12161.0,12161.0,0.0,5.0,-9999.0,-9999.0,-9999.0,0.0,6.0,-999.9,-999.9,-999.9,-5987.4,0.0,0.0,0.0,0.0,0.0,0.0,0.0,0.0,0.0,0.0,0.0,-5987.4,0.10607,51.42816422,0.0,,2.562,0.275,0.625,0.067,0.188,0.02,0.0,0.0,0.00625,0.067,0.00282,0.03,0.0,0.0,0.10607,,,,,,,,,,17139,,,4.486023911666287e-10,Information
635170,12166.0,3676.356986,BRA,Brazil,Bahia,2.996833167,3.287860429,0.63,0.51,12166.0,,,,,,,,,,,,,,,,,,,,,,,,,6.21224973251581,59.93666334,65.75720858,,9.562,0.26,5.75,0.156,0.875,0.024,0.5,0.014,0.0575,0.156,0.013125,0.036,0.0125,0.035,0.310125,15.1875,0.413112765146701,41.203125,1.1207596313702166,0.2278125,0.6196691477200514,1.442109375,3.9226587097957584,6.21224973251581,336154,,,0.04391539735344,Information
635190,12168.0,7442.079407,BRA,Brazil,Bahia,4.002958038,1.314547831,0.63,0.51,12168.0,,,,,,,,,,,,,,,,,,,,,,,,,7.044864081460669,80.05916076,26.290956620000003,,4.688,0.063,4.688,0.063,1.188,0.016,0.062,0.001,0.04688,0.063,0.01782,0.024,0.00155,0.0025,0.15575,16.3125,0.2191927700348245,78.890625,1.0600615861166949,0.2446875,0.3287891550522367,2.761171875,3.710215551408432,7.044864081460669,291447,,,0.1490605653183035,Information
635203,12171.0,3378.717872,BRA,Brazil,Bahia,4.012047316,0.0,0.63,0.51,12171.0,12171.0,0.0,1.0,-9999.0,-9999.0,-9999.0,0.0,10.0,-999.9,-999.9,-999.9,-5979.4,0.0,0.0,0.0,0.0,0.0,0.0,0.0,0.0,0.0,0.0,0.0,-5979.4,0.3118265781368444,80.24094632,0.0,,,,,,,,,,,,,,,,,0.0,0.0,2.25,0.0665933080390984,0.0,0.0,0.07875,0.2330765781368443,0.3118265781368444,131420,,,1.670238411021737e-05,Information
635208,12176.0,19567.13502,BRA,Brazil,Bahia,1.557891067,0.0,0.63,0.51,12176.0,,,,,,,,,,,,,,,,,,,,,,,,,0.21838,31.15782134,0.0,,24.0,0.123,14.438,0.074,0.0,0.0,0.0,0.0,0.14438,0.074,0.0,0.0,0.0,0.0,0.21838,,,,,,,,,,285933,,,4.3749863768620775e-09,Information
635301,12178.0,259.3831153,BRA,Brazil,Bahia,0.18839338,0.0,0.63,0.51,12178.0,,,,,,,,,,,,,,,,,,,,,,,,,2.113614004917907,3.7678676,0.0,,0.188,0.072,0.188,0.072,0.188,0.072,0.0,0.0,0.00188,0.072,0.00282,0.1079999999999999,0.0,0.0,0.1846999999999999,0.28125,0.1084303423641003,1.40625,0.5421517118205019,0.00421875,0.1626455135461504,0.04921875,1.8975309913717568,2.113614004917907,11583,,,6.716979464834275e-05,Information
635307,12183.0,435.6796659,BRA,Brazil,Bahia,4.001987254,2.225230862,0.63,0.51,12183.0,,,,,,,,,,,,,,,,,,,,,,,,,24.67309398468214,80.03974508,44.50461724,,0.812,0.186,0.812,0.186,0.125,0.029,0.0,0.0,0.00812,0.186,0.001875,0.0435,0.0,0.0,0.2394949999999999,8.296875,1.9043521306774696,25.875,5.938996475333125,0.124453125,2.856528196016204,0.905625,20.786487663665937,24.67309398468214,17627,,,0.5839348956346717,Advisory
635309,12185.0,46.98398713,BRA,Brazil,Bahia,2.298398689,0.0,0.63,0.51,12185.0,,,,,,,,,,,,,,,,,,,,,,,,,30.82281091473217,45.96797378,0.0,,0.25,0.532,0.25,0.532,0.0,0.0,0.0,0.0,0.0025,0.532,0.0,0.0,0.0,0.0,0.5345,1.40625,2.993041003876309,3.515625,7.482602509690772,0.02109375,4.489561505814463,0.123046875,26.189108783917703,30.82281091473217,782,,,0.2872890509238049,Information
635401,12186.0,30407.98302,BRA,Brazil,Minas Gerais,2.126954746,0.0,0.63,0.51,12186.0,12186.0,0.0,1.0,-9999.0,-9999.0,-9999.0,0.0,10.0,-999.9,-999.9,-999.9,-5979.4,0.0,0.0,0.0,0.0,0.0,0.0,0.0,0.0,0.0,0.0,0.0,-5979.4,1.858432885573963,42.53909492,0.0,,,,,,,,,,,,,,,,,1.6875,0.005549529539354,39.234375,0.1290265617899805,0.0253125,0.008324294309031,1.373203125,0.4515929662649318,1.858432885573963,305606,,,0.0003002691088121,Information
635407,12192.0,784.170571,BRA,Brazil,Minas Gerais,0.817853695,0.0,0.63,0.51,12192.0,12192.0,0.0,3.0,-9999.0,-9999.0,-9999.0,0.0,8.0,-999.9,-999.9,-999.9,-5983.4,0.0,0.0,0.0,0.0,0.0,0.0,0.0,0.0,0.0,0.0,0.0,-5983.4,0.2285499999999999,16.3570739,0.0,,0.812,0.104,0.812,0.104,0.562,0.072,0.0,0.0,0.00812,0.104,0.00843,0.1079999999999999,0.0,0.0,0.2285499999999999,0.140625,0.0179329606595572,0.28125,0.0358659213191144,0.002109375,0.0268994409893357,0.00984375,0.1255307246169004,0.1643832906062362,6997,,,1.789550552717466e-09,Information
635408,12193.0,5150.133221,BRA,Brazil,Minas Gerais,0.967586295,0.0,0.63,0.51,12193.0,,,,,,,,,,,,,,,,,,,,,,,,,1.4933710426846938,19.3517259,0.0,,4.75,0.092,4.5,0.087,3.0,0.058,0.188,0.004,0.045,0.087,0.045,0.087,0.0046999999999999,0.01,0.2787,7.59375,0.1474476421190401,11.25,0.2184409512874668,0.11390625,0.2211714631785601,0.39375,0.7645433295061338,1.4933710426846938,15861,,,3.316762626026632e-05,Information
635409,12194.0,10767.02613,BRA,Brazil,Minas Gerais,1.152761804,0.0,0.63,0.51,12194.0,,,,,,,,,,,,,,,,,,,,,,,,,2.666211489218986,23.05523608,0.0,,19.0,0.176,18.625,0.173,12.375,0.115,0.438,0.004,0.18625,0.173,0.185625,0.1725,0.01095,0.01,0.738325,24.890625,0.2311745573161348,28.828125,0.2677445437842239,0.373359375,0.3467618359742022,1.008984375,0.9371059032447836,2.666211489218986,74997,,,0.0003862995851213,Information
635501,12195.0,10133.88197,BRA,Brazil,Bahia,1.386702605,1.004503895,0.63,0.51,12195.0,,,,,,,,,,,,,,,,,,,,,,,,,3.949208152789917,27.7340521,20.0900779,,6.125,0.06,5.875,0.058,1.688,0.017,0.312,0.003,0.05875,0.058,0.02532,0.0255,0.0078,0.0075,0.18287,22.921875,0.2261904674777195,46.96875,0.4634823075923823,0.343828125,0.3392857012165792,1.64390625,1.622188076573338,3.949208152789917,384471,,,0.0018255114490117,Information
635503,12197.0,50.35515634,BRA,Brazil,Bahia,4.021316471,1.578294317,0.63,0.51,12197.0,,,,,,,,,,,,,,,,,,,,,,,,,23.43616091395075,80.42632941999999,31.56588634,,0.75,1.489,0.75,1.489,0.25,0.496,0.125,0.248,0.0075,1.489,0.00375,0.744,0.003125,0.62,2.867375,2.25,4.468261372733077,2.390625,4.747527708528895,0.03375,6.702392059099616,0.083671875,16.616346979851134,23.43616091395075,7224,,,0.5714609441976392,Advisory
635505,12199.0,5815.783992,BRA,Brazil,Bahia,2.206457447,2.220299016,0.63,0.51,12199.0,,,,,,,,,,,,,,,,,,,,,,,,,6.766990387588092,44.12914894,44.40598032,,16.875,0.29,16.375,0.282,5.625,0.097,2.5,0.043,0.16375,0.282,0.084375,0.1455,0.0625,0.1074999999999999,0.8456249999999998,27.421875,0.4715077973747827,59.34375,1.0203912332931195,0.411328125,0.707261696062174,2.07703125,3.571369316525918,6.766990387588092,220159,,,0.0176013423387641,Information
635507,12201.0,5700.500158,BRA,Brazil,Espírito Santo,0.567253597,1.19238244,0.63,0.51,12201.0,,,,,,,,,,,,,,,,,,,,,,,,,1.249087263267112,11.34507194,23.8476488,,5.125,0.09,5.125,0.09,1.125,0.02,0.125,0.002,0.05125,0.09,0.016875,0.03,0.003125,0.005,0.1962499999999999,8.578125,0.1504802168505235,9.28125,0.1628146608546648,0.128671875,0.2257203252757852,0.32484375,0.5698513129913269,1.249087263267112,126089,,,1.975531429964184e-05,Information
635509,12203.0,4554.27145,BRA,Brazil,Espírito Santo,1.347754773,0.0,0.63,0.51,12203.0,,,,,,,,,,,,,,,,,,,,,,,,,2.0088227437361783,26.95509546,0.0,,4.688,0.103,4.688,0.103,1.25,0.027,0.875,0.019,0.04688,0.103,0.01875,0.0405,0.021875,0.0475,0.278505,7.453125,0.1636513124564148,14.765625,0.3242148643004446,0.111796875,0.2454769686846221,0.516796875,1.134752025051556,2.0088227437361783,95250,,,0.0001631168326313,Information
635601,12204.0,11408.32772,BRA,Brazil,Espírito Santo,2.293713986,0.0,0.63,0.51,12204.0,12204.0,0.0,1.0,-9999.0,-9999.0,-9999.0,0.0,10.0,-999.9,-999.9,-999.9,-5979.4,0.0,0.0,0.0,0.0,0.0,0.0,0.0,0.0,0.0,0.0,0.0,-5979.4,1.4738268657344242,45.87427972,0.0,,10.062,0.088,9.812,0.086,2.625,0.023,0.0,0.0,0.09812,0.086,0.039375,0.0345,0.0,0.0,0.257995,8.71875,0.0764244349606702,18.703125,0.1639427395124054,0.13078125,0.1146366524410053,0.654609375,0.5737995882934189,1.4738268657344242,516577,,,0.0001570123010336,Information
635603,12206.0,9120.627408,BRA,Brazil,Minas Gerais,1.745765748,0.0,0.63,0.51,12206.0,12206.0,0.0,1.0,-9999.0,-9999.0,-9999.0,0.0,10.0,-999.9,-999.9,-999.9,-5979.4,0.0,0.0,0.0,0.0,0.0,0.0,0.0,0.0,0.0,0.0,0.0,-5979.4,1.471094274958065,34.91531496,0.0,,3.312,0.036,3.312,0.036,1.062,0.012,0.0,0.0,0.03312,0.036,0.01593,0.018,0.0,0.0,0.1030499999999999,10.6875,0.1171794386709678,15.46875,0.1696018191290324,0.1603125,0.1757691580064517,0.54140625,0.5936063669516134,1.471094274958065,265524,,,7.541990588563214e-05,Information
635605,12208.0,6070.790523,BRA,Brazil,Minas Gerais,2.076683866,0.0,0.63,0.51,12208.0,12208.0,0.0,1.0,-9999.0,-9999.0,-9999.0,0.0,10.0,-999.9,-999.9,-999.9,-5979.4,0.0,0.0,0.0,0.0,0.0,0.0,0.0,0.0,0.0,0.0,0.0,-5979.4,0.5770138350967982,41.53367732,0.0,,,,,,,,,,,,,,,,,3.375,0.0555940776924074,4.78125,0.0787582767309106,0.050625,0.0833911165386111,0.16734375,0.2756539685581871,0.5770138350967982,375777,,,1.9341108994298494e-06,Information
635607,12210.0,1029.495326,BRA,Brazil,Minas Gerais,1.252402276,0.0,0.63,0.51,12210.0,,,,,,,,,,,,,,,,,,,,,,,,,1.8907648624639568,25.04804552,0.0,,0.625,0.061,0.625,0.061,0.438,0.042,0.0,0.0,0.00625,0.061,0.00657,0.063,0.0,0.0,0.13682,0.28125,0.0273192109556009,4.921875,0.4780861917230158,0.00421875,0.0409788164334013,0.172265625,1.6733016710305553,1.8907648624639568,324388,,,0.0001166783338866,Information
635700,12213.0,21179.5951,BRA,Brazil,Espírito Santo,3.063588471,3.073346452,0.63,0.51,12213.0,,,,,,,,,,,,,,,,,,,,,,,,,5.35253967896483,61.27176942,61.46692904,,48.812,0.23,48.5,0.229,14.312,0.068,1.0,0.005,0.485,0.229,0.21468,0.102,0.025,0.0125,1.06818,48.796875,0.2303956934735239,82.96875,0.3917390753584413,0.731953125,0.3455935402102859,2.90390625,1.3710867637545443,5.35253967896483,3041491,,,0.0241939585623404,Information
635801,12214.0,1347.68482,BRA,Brazil,Rio de Janeiro,1.746372794,0.0,0.63,0.51,12214.0,12214.0,0.0,1.0,-9999.0,-9999.0,-9999.0,0.0,10.0,-999.9,-999.9,-999.9,-5979.4,0.0,0.0,0.0,0.0,0.0,0.0,0.0,0.0,0.0,0.0,0.0,-5979.4,5.067867277062944,34.92745588,0.0,,2.688,0.199,2.688,0.199,1.062,0.079,0.125,0.009,0.02688,0.199,0.01593,0.1185,0.003125,0.0225,0.385935,4.359375,0.3234714032452132,15.328125,1.1373671920557498,0.065390625,0.4852071048678197,0.536484375,3.980785172195124,5.067867277062944,407604,,,0.005346377036215,Information
635809,12222.0,21670.89113,BRA,Brazil,São Paulo,2.158517879,0.0,0.63,0.51,12222.0,12222.0,0.0,1.0,-9999.0,-9999.0,-9999.0,0.0,10.0,-999.9,-999.9,-999.9,-5979.4,0.0,0.0,0.0,0.0,0.0,0.0,0.0,0.0,0.0,0.0,0.0,-5979.4,9.632544012129012,43.17035758,0.0,,67.438,0.311,67.25,0.31,24.812,0.114,6.125,0.028,0.6725,0.31,0.37218,0.171,0.153125,0.07,1.748805,28.265625,0.1304312999120826,176.203125,0.813086660645968,0.423984375,0.1956469498681239,6.167109375,2.845803312260888,9.632544012129012,3864587,,,0.0379563169153193,Information
641101,12223.0,3658.24372,BRA,Brazil,São Paulo,4.001550652,0.0,0.63,0.51,12223.0,,,,,,,,,,,,,,,,,,,,,,,,,8.263984345236688,80.03101303999999,0.0,,69.625,1.903,49.625,1.357,14.875,0.407,5.5,0.15,0.49625,1.357,0.223125,0.6104999999999999,0.1375,0.375,3.1993750000000003,5.484375,0.149918250930261,60.890625,1.6644769910975132,0.082265625,0.2248773763953915,2.131171875,5.825669468841296,8.263984345236688,1901088,,,0.1888144398958415,Information
641102,12224.0,24809.54574,BRA,Brazil,São Paulo,2.017064084,0.0,0.63,0.51,12224.0,12224.0,0.0,1.0,-9999.0,-9999.0,-9999.0,0.0,10.0,-999.9,-999.9,-999.9,-5979.4,0.0,0.0,0.0,0.0,0.0,0.0,0.0,0.0,0.0,0.0,0.0,-5979.4,1.5962121067222943,40.34128168,0.0,,15.188,0.061,9.25,0.037,1.375,0.006,0.438,0.002,0.0925,0.037,0.020625,0.009,0.01095,0.005,0.175075,7.59375,0.0306081783226253,29.25,0.1178981683538162,0.11390625,0.0459122674839379,1.02375,0.4126435892383567,1.5962121067222943,469495,,,0.0001467293398208,Information
641103,12225.0,12855.8832,BRA,Brazil,Paraná,4.001217459,1.167021817,0.63,0.51,12225.0,,,,,,,,,,,,,,,,,,,,,,,,,15.863179987595196,80.02434918,23.34043634,,206.25,1.604,183.375,1.426,46.312,0.36,16.25,0.126,1.83375,1.426,0.6946799999999999,0.54,0.40625,0.315,5.21568,57.375,0.4462937249706604,230.34375,1.7917380428969163,0.860625,0.6694405874559906,8.06203125,6.271083150139207,15.863179987595196,1513247,,,0.408846436514332,Advisory
641104,12226.0,15082.70697,BRA,Brazil,Santa Catarina,3.775724365,0.0,0.63,0.51,12226.0,12226.0,0.0,12.0,-9999.0,-9999.0,-9999.0,0.0,1.0,-999.9,-999.9,-999.9,-5997.4,0.0,0.0,0.0,0.0,0.0,0.0,0.0,0.0,0.0,0.0,0.0,-5997.4,1.0710829953662562,75.5144873,0.0,,21.625,0.143,9.875,0.065,0.562,0.004,0.438,0.003,0.09875,0.065,0.00843,0.006,0.01095,0.0075,0.19663,3.234375,0.0214442606843316,17.015625,0.1128154583827882,0.048515625,0.0321663910264974,0.595546875,0.3948541043397587,1.0710829953662562,1425242,,,0.0008757846010788,Information
641105,12227.0,6923.794887,BRA,Brazil,Santa Catarina,1.536843029,2.038491034,0.63,0.51,12227.0,,,,,,,,,,,,,,,,,,,,,,,,,12.903584291808157,30.73686058,40.76982068,,75.562,1.091,49.125,0.71,13.438,0.194,2.125,0.031,0.49125,0.71,0.20157,0.291,0.053125,0.0775,1.824445,25.453125,0.3676181258170687,139.921875,2.0208841723093003,0.381796875,0.551427188725603,4.897265625,7.073094603082551,12.903584291808157,1751477,,,0.0637635897458593,Information
641107,12229.0,17850.17247,BRA,Brazil,Rio Grande do Sul,2.286900351,0.039077154,0.63,0.51,12229.0,,,,,,,,,,,,,,,,,,,,,,,,,72.04540776710174,45.73800702,0.7815430800000001,3.0,173.938,0.974,116.312,0.652,2.688,0.015,0.5,0.003,1.16312,0.652,0.04032,0.0225,0.0125,0.0075,1.89794,178.171875,0.998152120202216,1676.671875,9.39302898908526,2.672578125,1.497228180303324,35.0,32.87560146179841,72.04540776710174,3417196,25368.0,0.74,0.6115926883336871,Watch
641201,12232.0,3071.967926,BRA,Brazil,Rio Grande do Sul,2.107347614,0.0,0.63,0.51,12232.0,12232.0,0.0,13.0,17.0,7.0,2.0,0.0,1.0,1.7,0.7,0.2,7.200000000000001,0.0,0.0,0.0,0.0,0.0,0.0,0.0,0.0,0.0,0.0,0.0,7.200000000000001,34.955153458965995,42.14695228,0.0,,7.438,0.242,7.438,0.242,0.0,0.0,0.0,0.0,0.07438,0.242,0.0,0.0,0.0,0.0,0.31638,3.9375,0.1281751663701186,233.015625,7.585223238403091,0.0590625,0.1922627495551779,8.155546875,26.54828133441082,34.955153458965995,108656,,,0.3071868290597375,Information
641202,12233.0,26475.15851,BRA,Brazil,Rio Grande do Sul,1.084494076,0.0,0.63,0.51,12233.0,12233.0,0.0,8.0,7.0,3.0,-9999.0,0.0,3.0,0.7,0.3,-999.9,-1991.8,0.0,0.0,0.0,0.0,0.0,0.0,0.0,0.0,0.0,0.0,0.0,-1991.8,7.923999917859137,21.68988152,0.0,,,,,,,,,,,,,,,,,29.390625,0.1110120832108948,151.734375,0.5731197980122271,0.440859375,0.1665181248163422,5.310703125,2.005919293042795,7.923999917859137,1337979,,,0.0109880501234956,Information
641204,12235.0,3638.867963,BRA,Brazil,Rio Grande do Sul,1.323292407,0.0,0.63,0.51,12235.0,12235.0,0.0,14.0,29.0,11.0,2.0,0.0,1.0,2.9,1.1,0.2,10.4,0.0,0.0,0.0,0.0,0.0,0.0,0.0,0.0,0.0,0.0,0.0,10.4,12.070077131803716,26.46584814,0.0,,,,,,,,,,,,,,,,,35.859375,0.9854541402226844,76.640625,2.1061666918484825,0.537890625,1.4781812103340266,2.682421875,7.371583421469689,12.070077131803716,216701,,,0.0353795395851816,Information
641205,12236.0,4964.760814,BRA,Brazil,Rio Grande do Sul,1.364451321,0.0,0.63,0.51,12236.0,12236.0,1.0,14.0,33.0,9.0,2.0,3.0,1.0,3.3,0.9,0.2,16.799999999999997,0.0,0.0,0.0,0.0,0.0,0.0,0.0,0.0,0.0,0.0,0.0,16.799999999999997,33.61723071007944,27.28902642,0.0,,,,,,,,,,,,,,,,,122.0625,2.458577654942498,266.34375,5.364684422190198,1.8309375,3.687866482413747,9.32203125,18.77639547766569,33.61723071007944,108626,,,0.2202190687424294,Information
641207,12238.0,263.904127,BRA,Brazil,Rio Grande do Sul,3.610659869,0.0,0.63,0.51,12238.0,12238.0,0.0,14.0,29.0,11.0,2.0,0.0,1.0,2.9,1.1,0.2,10.4,0.0,0.0,0.0,0.0,0.0,0.0,0.0,0.0,0.0,0.0,0.0,10.4,52.02921875,72.21319738,0.0,3.0,,,,,,,,,,,,,,,,27.0,10.230988166508292,46.40625,17.584510911186126,0.405,15.0,1.62421875,35.0,52.02921875,2475,68.0,2.75,0.7347504384065727,Watch
641208,12239.0,10102.5371,BRA,Brazil,Rio Grande do Sul,0.972156805,0.0,0.63,0.51,12239.0,,,,,,,,,,,,,,,,,,,,,,,,,13.701518850164142,19.4431361,0.0,,16.375,0.162,7.938,0.079,0.0,0.0,0.0,0.0,0.0793799999999999,0.079,0.0,0.0,0.0,0.0,0.15838,28.546875,0.2825713452891495,184.5,1.826273916351548,0.428203125,0.4238570179337242,6.4575,6.391958707230418,13.701518850164142,337187,,,0.0382423995523339,Information
641209,12240.0,17272.58506,BRA,Brazil,Rio Grande do Sul,1.017708763,0.0,0.63,0.51,12240.0,,,,,,,,,,,,,,,,,,,,,,,,,29.72340387888141,20.35417526,0.0,,153.625,0.889,37.0,0.214,5.438,0.031,3.562,0.021,0.37,0.214,0.08157,0.0465,0.0890499999999999,0.0525,0.8536199999999999,168.890625,0.9777958796482702,465.46875,2.694841266974,2.533359375,1.4666938194724053,16.29140625,9.431944434409,29.72340387888141,493275,,,0.1621512512727467,Information
641404,12245.0,7558.076448,BRA,Brazil,Rio Grande do Sul,0.338969604,0.0,0.63,0.51,12245.0,12245.0,0.0,14.0,7.0,2.0,-9999.0,0.0,1.0,0.7,0.2,-999.9,-1996.0,0.0,0.0,0.0,0.0,0.0,0.0,0.0,0.0,0.0,0.0,0.0,-1996.0,4.996635532089053,6.779392079999999,0.0,,,,,,,,,,,,,,,,,35.4375,0.4688692981931621,46.265625,0.6121349170855173,0.5315625,0.7033039472897431,1.619296875,2.1424722097993105,4.996635532089053,56714,,,0.0017156291693048,Information
641501,12251.0,1581.761161,BRA,Brazil,Rio Grande do Sul,2.716121084,1.519394393,0.63,0.51,12251.0,,,,,,,,,,,,,,,,,,,,,,,,,55.95878798174592,54.322421680000005,30.38788786,,16.062,1.015,15.062,0.952,0.0,0.0,0.0,0.0,0.15062,0.952,0.0,0.0,0.0,0.0,1.10262,124.59375,7.876900321163941,207.84375,13.140021077517272,1.86890625,11.815350481745911,7.27453125,35.0,55.95878798174592,202255,,,0.580435587276136,Advisory
641502,12252.0,1955.694546,BRA,Brazil,Rio Grande do Sul,0.017066632,0.0,0.63,0.51,12252.0,,,,,,,,,,,,,,,,,,,,,,,,,2.69,0.34133264,0.0,,44.0,2.25,44.0,2.25,0.0,0.0,0.0,0.0,0.44,2.25,0.0,0.0,0.0,0.0,2.69,0.0,0.0,8.15625,0.4170513241987775,0.0,0.0,0.28546875,1.4596796346957213,1.7451483846957212,1457,,,0.0001517993733551,Information
641861,12283.0,5044.115084,BRA,Brazil,Rio Grande do Sul,2.041292354,0.0,0.63,0.51,12283.0,12283.0,0.0,14.0,11.0,3.0,2.0,0.0,1.0,1.1,0.3,0.2,5.2,0.0,0.0,0.0,0.0,0.0,0.0,0.0,0.0,0.0,0.0,0.0,5.2,34.37946633357623,40.82584708,0.0,,31.188,0.618,18.812,0.373,0.875,0.017,0.0,0.0,0.18812,0.373,0.013125,0.0255,0.0,0.0,0.5997450000000001,64.96875,1.288010858681496,301.5,5.977262513015426,0.97453125,1.932016288022244,10.5525,20.920418795553992,34.37946633357623,5103,,,0.2935561697784451,Information
641863,12285.0,6762.253526,BRA,Brazil,Rio Grande do Sul,1.529413439,0.0,0.63,0.51,12285.0,12285.0,0.0,14.0,13.0,3.0,2.0,0.0,1.0,1.3,0.3,0.2,5.6,0.0,0.0,0.0,0.0,0.0,0.0,0.0,0.0,0.0,0.0,0.0,5.6,8.580316967766194,30.58826878,0.0,,,,,,,,,,,,,,,,,12.234375,0.1809215663500544,93.65625,1.3849857837831754,0.183515625,0.2713823495250816,3.27796875,4.847450243241114,8.580316967766194,31183,,,0.018282639173486,Information
641873,12294.0,16154.79446,BRA,Brazil,Rio Grande do Sul,1.434669362,0.0,0.63,0.51,12294.0,12294.0,0.0,1.0,-9999.0,-9999.0,-9999.0,0.0,10.0,-999.9,-999.9,-999.9,-4988.3,0.0,0.0,0.0,0.0,0.0,0.0,0.0,0.0,0.0,0.0,0.0,-4988.3,32.81799107812196,28.69338724,0.0,,87.125,0.539,55.062,0.341,11.25,0.07,2.938,0.018,0.55062,0.341,0.16875,0.105,0.07345,0.045,1.28382,241.3125,1.4937515957929357,475.734375,2.944849445552157,3.6196875,2.240627393689404,16.650703125,10.306973059432549,32.81799107812196,186622,,,0.2188708926523381,Information
641876,12297.0,10818.01226,BRA,Brazil,Rio Grande do Sul,0.327257334,0.0,0.63,0.51,12297.0,,,,,,,,,,,,,,,,,,,,,,,,,9.26320393354387,6.54514668,0.0,,25.438,0.235,16.75,0.155,2.375,0.022,1.375,0.013,0.1675,0.155,0.035625,0.033,0.034375,0.0325,0.4580000000000001,66.9375,0.618759698325119,108.84375,1.0061344674446262,1.0040625,0.9281395474876786,3.80953125,3.521470636056192,9.26320393354387,326623,,,0.0104045996373679,Information
641877,12298.0,36334.73779,BRA,Brazil,Rio Grande do Sul,0.583201942,0.0,0.63,0.51,12298.0,12298.0,0.0,10.0,2.0,2.0,-9999.0,0.0,1.0,0.2,0.2,-999.9,-1997.0,0.0,0.0,0.0,0.0,0.0,0.0,0.0,0.0,0.0,0.0,0.0,-1997.0,4.189093492952338,11.66403884,0.0,,110.312,0.304,88.5,0.244,7.375,0.02,3.812,0.01,0.885,0.244,0.110625,0.03,0.0953,0.025,1.389925,35.578125,0.0979176599815674,78.609375,0.2163477151371391,0.533671875,0.1468764899723511,2.751328125,0.7572170029799868,4.189093492952338,1031951,,,0.0011493111662694,Information
641878,12299.0,8382.398168,BRA,Brazil,Santa Catarina,0.843005392,0.0,0.63,0.51,12299.0,,,,,,,,,,,,,,,,,,,,,,,,,1.842613835052992,16.86010784,0.0,,41.0,0.489,9.75,0.116,0.0,0.0,0.0,0.0,0.0975,0.116,0.0,0.0,0.0,0.0,0.2135,3.515625,0.0419405631821335,22.5,0.2684196043656546,0.052734375,0.0629108447732002,0.7875,0.9394686152797912,1.842613835052992,189506,,,6.966925820281648e-05,Information
641879,12300.0,24880.60434,BRA,Brazil,Rio Grande do Sul,1.687820392,0.0,0.63,0.51,12300.0,12300.0,0.0,10.0,2.0,2.0,-9999.0,0.0,1.0,0.2,0.2,-999.9,-1997.0,0.0,0.0,0.0,0.0,0.0,0.0,0.0,0.0,0.0,0.0,0.0,-1997.0,14.32257911850917,33.756407839999994,0.0,,100.0,0.402,49.75,0.2,6.375,0.026,3.5,0.014,0.4975,0.2,0.095625,0.039,0.0875,0.035,0.954625,91.125,0.3662491422978585,252.84375,1.0162283300178236,1.366875,0.5493737134467878,8.84953125,3.5567991550623828,14.32257911850917,1210546,,,0.062822749634776,Information
641880,12301.0,13409.15142,BRA,Brazil,Santa Catarina,0.22685291,0.0,0.63,0.51,12301.0,,,,,,,,,,,,,,,,,,,,,,,,,4.906265700529536,4.5370582,0.0,,60.25,0.449,7.875,0.059,1.25,0.009,1.5,0.011,0.07875,0.059,0.01875,0.0134999999999999,0.0375,0.0274999999999999,0.235,25.59375,0.1908677827102204,69.328125,0.5170209718469159,0.38390625,0.2863016740653306,2.426484375,1.809573401464205,4.906265700529536,98712,,,0.0014976248172349,Information
641890,12302.0,14917.41791,BRA,Brazil,Santa Catarina,0.838425008,0.0,0.63,0.51,12302.0,12302.0,0.0,12.0,3.0,2.0,-9999.0,0.0,1.0,0.3,0.2,-999.9,-1996.8,0.0,0.0,0.0,0.0,0.0,0.0,0.0,0.0,0.0,0.0,0.0,-1996.8,8.889563254554119,16.76850016,0.0,,98.688,0.662,23.125,0.155,0.812,0.005,0.625,0.004,0.23125,0.155,0.01218,0.0075,0.015625,0.01,0.431555,50.625,0.3393683833107365,130.359375,0.8738735870251466,0.759375,0.5090525749661048,4.562578125,3.0585575545880133,8.889563254554119,394013,,,0.0126514087724679,Information
642459,12401.0,23434.46925,BRA,Brazil,Mato Grosso do Sul,4.008260006,0.0,0.63,0.51,12401.0,,,,,,,,,,,,,,,,,,,,,,,,,2.3413843060919053,80.16520012000001,0.0,,25.062,0.107,11.188,0.048,0.0,0.0,0.0,0.0,0.11188,0.048,0.0,0.0,0.0,0.0,0.15988,11.953125,0.0510065957736178,41.765625,0.1782230464089939,0.179296875,0.0765098936604267,1.461796875,0.6237806624314786,2.3413843060919053,3622,,,0.0163113779857931,Information
642473,12413.0,4277.905653,BRA,Brazil,Mato Grosso do Sul,3.690426175,0.0,0.63,0.51,12413.0,12413.0,0.0,1.0,-9999.0,-9999.0,-9999.0,0.0,10.0,-999.9,-999.9,-999.9,-5979.4,0.0,0.0,0.0,0.0,0.0,0.0,0.0,0.0,0.0,0.0,0.0,-5979.4,4.68175567394151,73.80852349999999,0.0,,9.938,0.232,4.438,0.104,0.125,0.003,0.188,0.004,0.0443799999999999,0.104,0.001875,0.0045,0.0046999999999999,0.01,0.169455,13.78125,0.3221494609486396,34.171875,0.7987991735767287,0.20671875,0.4832241914229594,1.196015625,2.7957971075185504,4.68175567394151,2340,,,0.0425564246592455,Information
642474,12414.0,42671.62239,BRA,Brazil,Mato Grosso do Sul,2.476370364,0.0,0.63,0.51,12414.0,12414.0,0.0,1.0,-9999.0,-9999.0,-9999.0,0.0,10.0,-999.9,-999.9,-999.9,-5979.4,0.0,0.0,0.0,0.0,0.0,0.0,0.0,0.0,0.0,0.0,0.0,-5979.4,1.6281818693169383,49.527407280000006,0.0,,31.875,0.075,11.438,0.027,0.625,0.001,0.25,0.001,0.11438,0.027,0.009375,0.0015,0.00625,0.0025,0.161005,3.9375,0.0092274438602071,36.0,0.0843652010076079,0.0590625,0.0138411657903106,1.26,0.2952782035266276,1.6281818693169383,233839,,,0.0002974088563517,Information
642475,12415.0,1023.421963,BRA,Brazil,Mato Grosso do Sul,1.675027502,0.0,0.63,0.51,12415.0,12415.0,0.0,1.0,-9999.0,-9999.0,-9999.0,0.0,10.0,-999.9,-999.9,-999.9,-5979.4,0.0,0.0,0.0,0.0,0.0,0.0,0.0,0.0,0.0,0.0,0.0,-5979.4,2.5598289080398864,33.50055004,0.0,,,,,,,,,,,,,,,,,0.421875,0.0412219998468618,6.609375,0.6458113309341696,0.006328125,0.0618329997702927,0.231328125,2.2603396582695936,2.5598289080398864,221,,,0.0005624800802457,Information
642476,12416.0,32010.77406,BRA,Brazil,Mato Grosso do Sul,2.180155473,0.0,0.63,0.51,12416.0,12416.0,0.0,1.0,-9999.0,-9999.0,-9999.0,0.0,10.0,-999.9,-999.9,-999.9,-5979.4,0.0,0.0,0.0,0.0,0.0,0.0,0.0,0.0,0.0,0.0,0.0,-5979.4,0.3543466014047149,43.60310946,0.0,,,,,,,,,,,,,,,,,1.265625,0.003953746940846,7.171875,0.0224045659981274,0.018984375,0.005930620411269,0.251015625,0.0784159809934459,0.3543466014047149,9490,,,1.990189034933075e-07,Information
642477,12417.0,26.53549865,BRA,Brazil,Mato Grosso do Sul,2.102716499,0.0,0.63,0.51,12417.0,,,,,,,,,,,,,,,,,,,,,,,,,7.438994091233502,42.05432998,0.0,,0.812,3.062,0.812,3.062,0.0,0.0,0.0,0.0,0.00812,3.062,0.0,0.0,0.0,0.0,3.07012,0.0,0.0,0.5625,2.119801883209572,0.0,0.0,0.0196875,7.419306591233502,7.438994091233502,0,,,0.0200474344676782,Information
642478,12418.0,37989.39754,BRA,Brazil,Mato Grosso do Sul,2.66009783,0.0,0.63,0.51,12418.0,12418.0,0.0,1.0,-9999.0,-9999.0,-9999.0,0.0,10.0,-999.9,-999.9,-999.9,-5979.4,0.0,0.0,0.0,0.0,0.0,0.0,0.0,0.0,0.0,0.0,0.0,-5979.4,2.136143932979228,53.2019566,0.0,,,,,,,,,,,,,,,,,20.53125,0.0540446843783512,39.515625,0.1040175089747718,0.30796875,0.0810670265675268,1.383046875,0.3640612814117013,2.136143932979228,109103,,,0.0010114853499802,Information
642479,12419.0,23090.94977,BRA,Brazil,Mato Grosso do Sul,3.607171451,0.0,0.63,0.51,12419.0,12419.0,0.0,1.0,-9999.0,-9999.0,-9999.0,0.0,10.0,-999.9,-999.9,-999.9,-5979.4,0.0,0.0,0.0,0.0,0.0,0.0,0.0,0.0,0.0,0.0,0.0,-5979.4,67.76158754272822,72.14342902,0.0,3.0,191.938,0.831,178.188,0.772,2.312,0.01,3.375,0.015,1.78188,0.772,0.03468,0.015,0.084375,0.0375,2.725435,664.171875,2.876329824634524,1219.5,5.281289908793265,9.962578125,4.314494736951786,35.0,18.484514680776428,67.76158754272822,170999,0.0,0.0,0.8129787353008018,Warning
642483,12422.0,14019.49563,BRA,Brazil,Mato Grosso,1.96608186,0.0,0.63,0.51,12422.0,,,,,,,,,,,,,,,,,,,,,,,,,22.751184863789664,39.3216372,0.0,,187.688,1.339,146.562,1.045,34.375,0.245,43.75,0.312,1.46562,1.045,0.515625,0.3675,1.09375,0.78,5.267495000000001,187.03125,1.334079734336572,299.25,2.134527574938516,2.80546875,2.001119601504858,10.47375,7.470846512284805,22.751184863789664,30297,,,0.1633037809151257,Information
642484,12423.0,8028.536994,BRA,Brazil,Mato Grosso,2.711678835,0.0,0.63,0.51,12423.0,,,,,,,,,,,,,,,,,,,,,,,,,4.398835531454592,54.2335767,0.0,,40.062,0.499,16.938,0.211,2.688,0.033,4.75,0.059,0.1693799999999999,0.211,0.04032,0.0495,0.11875,0.1475,0.7364499999999999,23.625,0.2942628279141216,45.84375,0.5710100113095457,0.354375,0.4413942418711824,1.60453125,1.9985350395834096,4.398835531454592,2691,,,0.0095849407348409,Information
642485,12424.0,2313.690301,BRA,Brazil,Mato Grosso,4.008787464,0.0,0.63,0.51,12424.0,,,,,,,,,,,,,,,,,,,,,,,,,11.01674624007212,80.17574928,0.0,,36.562,1.58,31.125,1.345,5.688,0.246,7.188,0.311,0.31125,1.345,0.08532,0.369,0.1797,0.7775,3.06777,26.4375,1.1426550904439934,47.8125,2.06650388697318,0.3965625,1.7139826356659902,1.6734375,7.232763604406129,11.01674624007212,950,,,0.2784375097340292,Information
642486,12425.0,10994.71595,BRA,Brazil,Mato Grosso,0.51322607,0.0,0.63,0.51,12425.0,,,,,,,,,,,,,,,,,,,,,,,,,1.6608416554169596,10.2645214,0.0,,11.438,0.104,7.688,0.07,0.812,0.007,1.25,0.011,0.07688,0.07,0.01218,0.0105,0.03125,0.0274999999999999,0.22831,13.359375,0.1215072318344562,19.125,0.1739471950472215,0.200390625,0.1822608477516843,0.669375,0.6088151826652752,1.6608416554169596,86979,,,3.3100537438099786e-05,Information
642487,12426.0,8926.862924,BRA,Brazil,Mato Grosso,1.319947067,0.0,0.63,0.51,12426.0,12426.0,0.0,1.0,-9999.0,-9999.0,-9999.0,0.0,10.0,-999.9,-999.9,-999.9,-5979.4,0.0,0.0,0.0,0.0,0.0,0.0,0.0,0.0,0.0,0.0,0.0,-5979.4,0.4054909955603521,26.39894134,0.0,,,,,,,,,,,,,,,,,0.28125,0.0031506028758875,5.34375,0.0598614546418631,0.00421875,0.0047259043138312,0.18703125,0.2095150912465208,0.4054909955603521,104523,,,9.894114840061627e-08,Information
642488,12427.0,9960.916051,BRA,Brazil,Mato Grosso,1.260216471,0.0,0.63,0.51,12427.0,,,,,,,,,,,,,,,,,,,,,,,,,0.5974197621101552,25.20432942,0.0,,11.125,0.112,9.438,0.095,1.938,0.019,2.312,0.023,0.09438,0.095,0.02907,0.0284999999999999,0.0577999999999999,0.0574999999999999,0.3622499999999999,2.8125,0.0282353549160524,7.3125,0.0734119227817362,0.0421875,0.0423530323740786,0.2559375,0.2569417297360766,0.5974197621101552,116386,,,6.830243176003367e-07,Information
642489,12428.0,16618.9439,BRA,Brazil,Mato Grosso,1.406885057,0.0,0.63,0.51,12428.0,,,,,,,,,,,,,,,,,,,,,,,,,0.6149114525036574,28.13770114,0.0,,18.25,0.11,6.875,0.041,0.062,0.0,0.0,0.0,0.06875,0.041,0.0009299999999999,0.0,0.0,0.0,0.11068,2.953125,0.0177696309618198,9.703125,0.0583859303031222,0.044296875,0.0266544464427297,0.339609375,0.2043507560609276,0.6149114525036574,111509,,,9.63042911995336e-07,Information
642491,12429.0,5481.818414,BRA,Brazil,Mato Grosso,3.743955529,0.0,0.63,0.51,12429.0,12429.0,0.0,1.0,-9999.0,-9999.0,-9999.0,0.0,10.0,-999.9,-999.9,-999.9,-5979.4,0.0,0.0,0.0,0.0,0.0,0.0,0.0,0.0,0.0,0.0,0.0,-5979.4,19.71873780113596,74.87911058,0.0,,59.812,1.091,39.312,0.717,2.625,0.048,6.938,0.127,0.3931199999999999,0.717,0.039375,0.072,0.17345,0.3175,1.7124449999999998,107.15625,1.9547573800534943,153.5625,2.8013058517302047,1.60734375,2.932136070080241,5.3746875,9.804570481055716,19.71873780113596,88,,,0.4043395589581987,Advisory
642493,12431.0,367.5616128,BRA,Brazil,Mato Grosso do Sul,4.111476091,0.0,0.63,0.51,12431.0,12431.0,0.0,1.0,-9999.0,-9999.0,-9999.0,0.0,10.0,-999.9,-999.9,-999.9,-5979.4,0.0,0.0,0.0,0.0,0.0,0.0,0.0,0.0,0.0,0.0,0.0,-5979.4,3.450867342911105,82.22952182,0.0,,0.438,0.119,0.438,0.119,0.0,0.0,0.0,0.0,0.00438,0.119,0.0,0.0,0.0,0.0,0.1233799999999999,1.265625,0.3443300268528729,2.953125,0.8034367293233702,0.018984375,0.5164950402793094,0.103359375,2.812028552631796,3.450867342911105,0,,,0.0506156953630599,Information
642494,12432.0,55226.20489,BRA,Brazil,Mato Grosso,2.181362275,0.0,0.63,0.51,12432.0,12432.0,0.0,1.0,-9999.0,-9999.0,-9999.0,0.0,10.0,-999.9,-999.9,-999.9,-5979.4,0.0,0.0,0.0,0.0,0.0,0.0,0.0,0.0,0.0,0.0,0.0,-5979.4,3.293534068724318,43.6272455,0.0,,55.75,0.101,26.688,0.048,4.0,0.007,3.562,0.006,0.26688,0.048,0.06,0.0105,0.0890499999999999,0.015,0.48943,33.328125,0.0603483890759775,65.390625,0.1184050671743862,0.499921875,0.0905225836139662,2.288671875,0.4144177351103517,3.293534068724318,441946,,,0.0022555013889865,Information
642495,12433.0,25439.7674,BRA,Brazil,Mato Grosso,1.687471957,0.0,0.63,0.51,12433.0,12433.0,0.0,1.0,-9999.0,-9999.0,-9999.0,0.0,10.0,-999.9,-999.9,-999.9,-5979.4,0.0,0.0,0.0,0.0,0.0,0.0,0.0,0.0,0.0,0.0,0.0,-5979.4,2.744595818999243,33.74943914,0.0,,52.688,0.207,31.25,0.123,4.625,0.018,4.688,0.018,0.3125,0.123,0.069375,0.0269999999999999,0.1171999999999999,0.045,0.694075,17.15625,0.0674387062226321,48.9375,0.1923661456186556,0.25734375,0.1011580593339481,1.7128125,0.6732815096652945,2.744595818999243,991189,,,0.0007267516442565,Information
642498,12436.0,5022.655486,BRA,Brazil,Mato Grosso,0.16169936,0.0,0.63,0.51,12436.0,,,,,,,,,,,,,,,,,,,,,,,,,10.595074640864471,3.2339872,0.0,,76.875,1.531,74.688,1.487,17.875,0.356,15.75,0.314,0.74688,1.487,0.268125,0.534,0.39375,0.785,4.214755,33.046875,0.6579562363450381,87.046875,1.7330847246705472,0.495703125,0.9869343545175572,3.046640625,6.065796536346915,10.595074640864471,16720,,,0.0134865599622686,Information
642499,12437.0,4363.809279,BRA,Brazil,Mato Grosso,0.701044813,0.0,0.63,0.51,12437.0,,,,,,,,,,,,,,,,,,,,,,,,,7.644427779643075,14.02089626,0.0,,46.812,1.073,46.812,1.073,11.938,0.274,11.375,0.261,0.46812,1.073,0.17907,0.411,0.284375,0.6525000000000001,3.068065,23.90625,0.5478298539444885,56.109375,1.2857888924932406,0.35859375,0.8217447809167326,1.963828125,4.500261123726342,7.644427779643075,3504,,,0.0077575373098453,Information
642521,12447.0,14193.69844,BRA,Brazil,Paraná,0.521947839,0.0,0.63,0.51,12447.0,12447.0,0.0,10.0,-9999.0,-9999.0,-9999.0,0.0,1.0,-999.9,-999.9,-999.9,-5997.4,0.0,0.0,0.0,0.0,0.0,0.0,0.0,0.0,0.0,0.0,0.0,-5997.4,5.0828524343698565,10.43895678,0.0,,112.0,0.789,69.75,0.491,6.812,0.048,3.562,0.025,0.6975,0.491,0.1021799999999999,0.072,0.0890499999999999,0.0625,1.51423,23.90625,0.1684286171152443,74.953125,0.5280732524848541,0.35859375,0.2526429256728664,2.623359375,1.8482563836969887,5.0828524343698565,474055,,,0.0020585476532533,Information
642522,12448.0,7499.85331,BRA,Brazil,Paraná,0.409852165,0.0,0.63,0.51,12448.0,,,,,,,,,,,,,,,,,,,,,,,,,0.8268842416532742,8.1970433,0.0,,18.938,0.253,4.5,0.06,0.0,0.0,0.0,0.0,0.045,0.06,0.0,0.0,0.0,0.0,0.105,2.953125,0.0393757701377728,8.859375,0.1181273104133186,0.044296875,0.0590636552066591,0.310078125,0.4134455864466151,0.8268842416532742,372077,,,1.2401949426768529e-06,Information
642523,12449.0,6817.62969,BRA,Brazil,Paraná,2.078678485,0.0,0.63,0.51,12449.0,12449.0,0.0,26.0,-9999.0,-9999.0,-9999.0,0.0,1.0,-999.9,-999.9,-999.9,-5997.4,0.0,0.0,0.0,0.0,0.0,0.0,0.0,0.0,0.0,0.0,0.0,-5997.4,4.082915346968512,41.57356970000001,0.0,,56.875,0.834,17.062,0.25,4.75,0.07,2.375,0.035,0.17062,0.25,0.07125,0.105,0.059375,0.0875,0.743745,14.203125,0.2083293702581305,41.203125,0.6043614404518045,0.213046875,0.3124940553871957,1.442109375,2.115265041581316,4.082915346968512,131865,,,0.0038959444162516,Information
642524,12450.0,4734.191726,BRA,Brazil,Paraná,0.151016221,0.0,0.63,0.51,12450.0,,,,,,,,,,,,,,,,,,,,,,,,,2.2058376572521565,3.02032442,0.0,,59.0,1.246,12.062,0.255,0.75,0.016,0.5,0.011,0.1206199999999999,0.255,0.01125,0.024,0.0125,0.0274999999999999,0.45087,12.796875,0.2703074936705282,14.765625,0.3118932619275326,0.191953125,0.4054612405057923,0.516796875,1.091626416746364,2.2058376572521565,204298,,,7.735208222393725e-05,Information
642525,12451.0,10924.32465,BRA,Brazil,Paraná,3.604722263,0.0,0.63,0.51,12451.0,12451.0,0.0,1.0,-9999.0,-9999.0,-9999.0,0.0,10.0,-999.9,-999.9,-999.9,-5979.4,0.0,0.0,0.0,0.0,0.0,0.0,0.0,0.0,0.0,0.0,0.0,-5979.4,6.371509564638419,72.09444526,0.0,,96.438,0.883,48.125,0.441,5.0,0.046,2.75,0.025,0.48125,0.441,0.075,0.069,0.06875,0.0625,1.1975,22.921875,0.2098241834331272,85.21875,0.7800825469967796,0.343828125,0.3147362751496908,2.98265625,2.730288914488729,6.371509564638419,169578,,,0.069839247151295,Information
642527,12453.0,4640.520743,BRA,Brazil,Paraná,1.49315545,0.0,0.63,0.51,12453.0,,,,,,,,,,,,,,,,,,,,,,,,,0.765317141694525,29.863109,0.0,,117.688,2.536,17.25,0.372,0.0,0.0,0.0,0.0,0.1725,0.372,0.0,0.0,0.0,0.0,0.5445,0.421875,0.0090911133338178,6.75,0.1454578133410852,0.006328125,0.0136366700007267,0.23625,0.5091023466937983,0.765317141694525,81488,,,3.122593602291022e-06,Information
642528,12454.0,9824.293393,BRA,Brazil,Santa Catarina,1.811263871,0.0,0.63,0.51,12454.0,,,,,,,,,,,,,,,,,,,,,,,,,1.4344324062232947,36.22527742,0.0,,150.125,1.528,15.5,0.158,0.0,0.0,0.0,0.0,0.155,0.158,0.0,0.0,0.0,0.0,0.313,0.140625,0.0014314006552389,20.25,0.2061216943544104,0.002109375,0.0021471009828583,0.70875,0.7214259302404364,1.4344324062232947,430988,,,7.394450752153067e-05,Information
642529,12455.0,6320.554863,BRA,Brazil,Paraná,0.164154353,0.0,0.63,0.51,12455.0,,,,,,,,,,,,,,,,,,,,,,,,,1.8573249288998728,3.28308706,0.0,,202.188,3.199,26.688,0.422,2.5,0.04,2.375,0.038,0.26688,0.422,0.0375,0.06,0.059375,0.095,0.9407549999999998,5.625,0.0889953512336166,18.140625,0.2870100077284137,0.084375,0.1334930268504249,0.634921875,1.0045350270494475,1.8573249288998728,3456268,,,3.864505501424833e-05,Information
642540,12457.0,26107.4374,BRA,Brazil,Paraná,0.321735872,0.0,0.63,0.51,12457.0,12457.0,0.0,29.0,-9999.0,-9999.0,-9999.0,0.0,1.0,-999.9,-999.9,-999.9,-5997.4,0.0,0.0,0.0,0.0,0.0,0.0,0.0,0.0,0.0,0.0,0.0,-5997.4,1.777629107079,6.43471744,0.0,,153.812,0.589,55.688,0.213,1.125,0.004,0.5,0.002,0.55688,0.213,0.016875,0.006,0.0125,0.005,0.810255,4.640625,0.0177751072577757,34.734375,0.1330439846263818,0.069609375,0.0266626608866635,1.215703125,0.4656539461923363,1.777629107079,646018,,,3.694818019412293e-05,Information
642550,12458.0,23523.9133,BRA,Brazil,Mato Grosso do Sul,0.503207363,0.0,0.63,0.51,12458.0,,,,,,,,,,,,,,,,,,,,,,,,,4.801694085865744,10.06414726,0.0,,90.0,0.383,72.188,0.307,8.875,0.038,4.75,0.02,0.7218800000000001,0.307,0.133125,0.0569999999999999,0.11875,0.05,1.3877549999999998,7.734375,0.0328787770127779,92.953125,0.3951431200990222,0.116015625,0.0493181655191668,3.253359375,1.3830009203465776,4.801694085865744,240753,,,0.0016941126874859,Information
642561,12459.0,14105.86864,BRA,Brazil,Paraná,0.162700693,0.0,0.63,0.51,12459.0,12459.0,0.0,29.0,-9999.0,-9999.0,-9999.0,0.0,1.0,-999.9,-999.9,-999.9,-5988.4,0.0,0.0,0.0,0.0,0.0,0.0,0.0,0.0,0.0,0.0,0.0,-5988.4,2.907842342367615,3.25401386,0.0,,87.438,0.62,17.75,0.126,0.25,0.002,0.0,0.0,0.1775,0.126,0.00375,0.003,0.0,0.0,0.3102499999999999,4.5,0.0319016156659204,46.6875,0.3309792625339242,0.0675,0.0478524234988806,1.6340625,1.158427418868735,2.907842342367615,723523,,,0.0002285803514252,Information
642562,12460.0,1655.397199,BRA,Brazil,Paraná,0.128134077,0.0,0.63,0.51,12460.0,,,,,,,,,,,,,,,,,,,,,,,,,2.2178665763792424,2.5626815400000003,0.0,,6.25,0.378,2.438,0.147,0.375,0.023,0.188,0.011,0.02438,0.147,0.005625,0.0345,0.0046999999999999,0.0274999999999999,0.243705,1.96875,0.1189291610237026,8.15625,0.4927065242410538,0.02953125,0.1783937415355539,0.28546875,1.7244728348436884,2.2178665763792424,110580,,,7.75795386849834e-05,Information
642563,12461.0,1410.186987,BRA,Brazil,Paraná,0.118653905,0.0,0.63,0.51,12461.0,,,,,,,,,,,,,,,,,,,,,,,,,1.160589844146377,2.3730781,0.0,,8.688,0.616,2.125,0.151,0.0,0.0,0.0,0.0,0.02125,0.151,0.0,0.0,0.0,0.0,0.17225,1.6875,0.1196649816642796,3.375,0.2393299633285593,0.0253125,0.1794974724964194,0.118125,0.8376548716499576,1.160589844146377,35550,,,4.663282296701965e-06,Information
642565,12463.0,1048.671682,BRA,Brazil,Paraná,0.155561555,0.0,0.63,0.51,12463.0,,,,,,,,,,,,,,,,,,,,,,,,,0.7778437502721982,3.1112311,0.0,,11.625,1.109,2.375,0.226,0.0,0.0,0.0,0.0,0.02375,0.226,0.0,0.0,0.0,0.0,0.24975,0.984375,0.0938687500362931,1.6875,0.1609178572050739,0.014765625,0.1408031250544396,0.0590625,0.5632125002177586,0.7778437502721982,31738,,,7.00742971208541e-07,Information
642569,12467.0,9827.565397,BRA,Brazil,Paraná,0.553206179,0.0,0.63,0.51,12467.0,,,,,,,,,,,,,,,,,,,,,,,,,0.3276936065462574,11.06412358,0.0,,45.438,0.462,6.5,0.066,0.0,0.0,0.0,0.0,0.065,0.066,0.0,0.0,0.0,0.0,0.131,0.984375,0.010016468578561,4.21875,0.0429277224795474,0.014765625,0.0150247028678415,0.14765625,0.1502470286784159,0.3276936065462574,160592,,,1.0497738538466064e-08,Information
642570,12468.0,2089.275007,BRA,Brazil,Mato Grosso do Sul,1.660855302,0.0,0.63,0.51,12468.0,,,,,,,,,,,,,,,,,,,,,,,,,3.812209670267807,33.217106040000004,0.0,,15.25,0.73,12.875,0.616,0.75,0.036,0.5,0.024,0.12875,0.616,0.01125,0.0539999999999999,0.0125,0.06,0.8825000000000001,2.25,0.1076928596035963,17.859375,0.8548120731035465,0.03375,0.1615392894053944,0.625078125,2.9918422558624127,3.812209670267807,6050,,,0.0020966773795411,Information
642581,12469.0,1978.832266,BRA,Brazil,Mato Grosso do Sul,0.838338218,0.0,0.63,0.51,12469.0,,,,,,,,,,,,,,,,,,,,,,,,,6.158948483700618,16.76676436,0.0,,3.062,0.155,2.5,0.126,0.25,0.013,0.125,0.006,0.025,0.126,0.00375,0.0195,0.003125,0.015,0.1923749999999999,0.5625,0.0284258554731202,28.828125,1.4568250929974107,0.0084375,0.0426387832096803,1.008984375,5.098887825490937,6.158948483700618,3973,,,0.0046106249812094,Information
642583,12471.0,6130.325583,BRA,Brazil,Mato Grosso do Sul,0.816748777,0.0,0.63,0.51,12471.0,12471.0,0.0,1.0,-9999.0,-9999.0,-9999.0,0.0,10.0,-999.9,-999.9,-999.9,-5979.4,0.0,0.0,0.0,0.0,0.0,0.0,0.0,0.0,0.0,0.0,0.0,-5979.4,0.7196838118234404,16.334975540000002,0.0,,,,,,,,,,,,,,,,,1.828125,0.0298210099162196,7.03125,0.1146961919854603,0.027421875,0.0447315148743294,0.24609375,0.401436671949111,0.7196838118234404,31951,,,9.884849381819915e-07,Information
642584,12472.0,6623.491165,BRA,Brazil,Mato Grosso do Sul,0.950832023,0.0,0.63,0.51,12472.0,,,,,,,,,,,,,,,,,,,,,,,,,3.841724740128956,19.01664046,0.0,,21.562,0.326,3.75,0.057,0.188,0.003,0.0,0.0,0.0375,0.057,0.00282,0.0045,0.0,0.0,0.10182,9.84375,0.1486187533844987,39.515625,0.596598138586345,0.14765625,0.222928130076748,1.383046875,2.0880934850522075,3.841724740128956,66072,,,0.0011506149273673,Information
642590,12478.0,2655.97172,BRA,Brazil,Mato Grosso do Sul,0.340249749,0.0,0.63,0.51,12478.0,12478.0,0.0,1.0,-9999.0,-9999.0,-9999.0,0.0,10.0,-999.9,-999.9,-999.9,-5979.4,0.0,0.0,0.0,0.0,0.0,0.0,0.0,0.0,0.0,0.0,0.0,-5979.4,7.8869855923914916,6.80499498,0.0,,69.562,2.619,65.625,2.471,7.0,0.264,1.938,0.073,0.65625,2.471,0.105,0.396,0.04845,0.1825,3.8592,2.390625,0.0900094297541676,46.265625,1.7419471993600684,0.035859375,0.1350141446312514,1.619296875,6.09681519776024,7.8869855923914916,68705,,,0.0067654768653889,Information
642610,12479.0,24214.19164,BRA,Brazil,Paraná,0.125471961,0.0,0.63,0.51,12479.0,,,,,,,,,,,,,,,,,,,,,,,,,6.681302526178805,2.50943922,0.0,,137.5,0.568,87.688,0.362,4.75,0.02,2.312,0.01,0.87688,0.362,0.07125,0.03,0.0577999999999999,0.025,1.42293,6.46875,0.0267147055625948,132.328125,0.5464899550956892,0.09703125,0.0400720583438922,4.631484375,1.9127148428349123,6.681302526178805,1184448,,,0.0036762436143163,Information
642620,12480.0,24948.49564,BRA,Brazil,Paraná,0.268687965,0.0,0.63,0.51,12480.0,12480.0,0.0,1.0,-9999.0,-9999.0,-9999.0,0.0,10.0,-999.9,-999.9,-999.9,-5979.4,0.0,0.0,0.0,0.0,0.0,0.0,0.0,0.0,0.0,0.0,0.0,-5979.4,6.935072522350064,5.3737593,0.0,,328.562,1.317,81.312,0.326,0.0,0.0,0.625,0.003,0.81312,0.326,0.0,0.0,0.015625,0.0075,1.162245,29.8125,0.1194961829962259,128.671875,0.5157500351016354,0.4471875,0.1792442744943388,4.503515625,1.805125122855724,6.935072522350064,1758965,,,0.0044830592960613,Information
642630,12481.0,1735.132918,BRA,Brazil,São Paulo,1.347954437,0.0,0.63,0.51,12481.0,,,,,,,,,,,,,,,,,,,,,,,,,11.698304212041103,26.95908874,0.0,,21.25,1.225,17.188,0.991,0.0,0.0,0.0,0.0,0.1718799999999999,0.991,0.0,0.0,0.0,0.0,1.16288,2.109375,0.1215684964883061,48.515625,2.796075419231041,0.031640625,0.1823527447324591,1.698046875,9.786263967308644,11.698304212041103,49712,,,0.0335073209955254,Information
642650,12483.0,3672.769284,BRA,Brazil,São Paulo,0.377990226,0.0,0.63,0.51,12483.0,,,,,,,,,,,,,,,,,,,,,,,,,6.758520190890515,7.55980452,0.0,,13.5,0.368,8.438,0.23,0.0,0.0,0.125,0.003,0.08438,0.23,0.0,0.0,0.003125,0.0075,0.325005,7.171875,0.1952715906161241,48.796875,1.3286125871332366,0.107578125,0.2929073859241861,1.707890625,4.650144054966328,6.758520190890515,156231,,,0.0044514823888455,Information
642670,12485.0,888.3900256,BRA,Brazil,Paraná,0.585615524,0.0,0.63,0.51,12485.0,,,,,,,,,,,,,,,,,,,,,,,,,5.067221177091211,11.71231048,0.0,,2.75,0.31,1.75,0.197,0.312,0.035,0.188,0.021,0.0175,0.197,0.00468,0.0525,0.0046999999999999,0.0525,0.32888,2.953125,0.3324131197922293,10.546875,1.1871897135436762,0.044296875,0.498619679688344,0.369140625,4.155163997402867,5.067221177091211,107043,,,0.0021328913878075,Information
642680,12486.0,8530.468931,BRA,Brazil,Paraná,2.104381948,0.0,0.63,0.51,12486.0,,,,,,,,,,,,,,,,,,,,,,,,,2.4865685961950224,42.08763896,0.0,,65.5,0.768,64.312,0.754,13.438,0.158,4.812,0.056,0.64312,0.754,0.20157,0.237,0.1203,0.14,2.09599,1.828125,0.021430533477316,31.921875,0.3742100845654424,0.027421875,0.032145800215974,1.117265625,1.3097352959790485,2.4865685961950224,232634,,,0.000821882084397,Information
642690,12487.0,19258.50465,BRA,Brazil,São Paulo,0.16125707,0.0,0.63,0.51,12487.0,,,,,,,,,,,,,,,,,,,,,,,,,8.975213340907704,3.2251414,0.0,,86.25,0.448,74.25,0.386,12.375,0.064,2.188,0.011,0.7425,0.386,0.185625,0.096,0.0547,0.0274999999999999,1.492325,19.125,0.0993067756161503,160.59375,0.8338848364238508,0.286875,0.1489601634242254,5.62078125,2.918596927483478,8.975213340907704,672877,,,0.0087052888529714,Information
642710,12488.0,10846.53944,BRA,Brazil,Mato Grosso do Sul,0.184614445,0.0,0.63,0.51,12488.0,,,,,,,,,,,,,,,,,,,,,,,,,9.179878354258197,3.6922889,0.0,,95.562,0.881,88.25,0.814,15.0,0.138,11.0,0.101,0.8825,0.814,0.225,0.207,0.275,0.2525,2.656,17.859375,0.1646550505272459,128.8125,1.187590758133522,0.267890625,0.2469825757908688,4.5084375,4.156567653467327,9.179878354258197,247640,,,0.0093732364719499,Information
642721,12489.0,2966.284459,BRA,Brazil,Mato Grosso do Sul,0.563033282,0.0,0.63,0.51,12489.0,12489.0,0.0,1.0,-9999.0,-9999.0,-9999.0,0.0,10.0,-999.9,-999.9,-999.9,-5979.4,0.0,0.0,0.0,0.0,0.0,0.0,0.0,0.0,0.0,0.0,0.0,-5979.4,4.576463323746432,11.26066564,0.0,,18.438,0.622,17.75,0.598,2.75,0.093,2.188,0.074,0.1775,0.598,0.04125,0.1395,0.0547,0.185,1.19595,5.484375,0.1848903932184161,27.5625,0.9291927454053736,0.082265625,0.2773355898276242,0.9646875,3.2521746089188075,4.576463323746432,20706,,,0.0015145133107646,Information
642722,12490.0,13843.149,BRA,Brazil,Mato Grosso do Sul,0.086659768,0.0,0.63,0.51,12490.0,12490.0,0.0,1.0,-9999.0,-9999.0,-9999.0,0.0,10.0,-999.9,-999.9,-999.9,-5979.4,0.0,0.0,0.0,0.0,0.0,0.0,0.0,0.0,0.0,0.0,0.0,-5979.4,0.2155664955261987,1.73319536,0.0,,39.438,0.285,10.375,0.075,0.0,0.0,0.0,0.0,0.10375,0.075,0.0,0.0,0.0,0.0,0.17875,0.140625,0.0010158454553505,3.515625,0.0253961363837637,0.002109375,0.0015237681830257,0.123046875,0.0888864773431729,0.2155664955261987,870176,,,4.615411217846542e-10,Information
642727,12495.0,1631.98086,BRA,Brazil,Mato Grosso do Sul,1.154123226,0.0,0.63,0.51,12495.0,,,,,,,,,,,,,,,,,,,,,,,,,0.3307616069460412,23.08246452,0.0,,3.25,0.199,2.375,0.146,0.0,0.0,0.0,0.0,0.02375,0.146,0.0,0.0,0.0,0.0,0.1697499999999999,0.140625,0.0086168289983648,1.265625,0.077551460985284,0.002109375,0.0129252434975472,0.044296875,0.271430113448494,0.3307616069460412,577,,,2.5313915404983625e-08,Information
642730,12498.0,15816.56078,BRA,Brazil,São Paulo,0.107131225,0.0,0.63,0.51,12498.0,,,,,,,,,,,,,,,,,,,,,,,,,6.501578125299284,2.1426245,0.0,,48.062,0.304,46.75,0.296,6.062,0.038,4.125,0.026,0.4675,0.296,0.09093,0.0569999999999999,0.103125,0.065,1.0795549999999998,24.046875,0.152036054740045,103.5,0.6543774051969191,0.360703125,0.2280540821100675,3.6225,2.290320918189217,6.501578125299284,594119,,,0.0033493192059076,Information
642740,12499.0,22521.32769,BRA,Brazil,Mato Grosso do Sul,1.611496168,0.0,0.63,0.51,12499.0,12499.0,0.0,1.0,-9999.0,-9999.0,-9999.0,0.0,10.0,-999.9,-999.9,-999.9,-5979.4,0.0,0.0,0.0,0.0,0.0,0.0,0.0,0.0,0.0,0.0,0.0,-5979.4,4.592333350203486,32.22992336,0.0,,18.688,0.083,16.5,0.073,0.25,0.001,0.625,0.003,0.165,0.073,0.00375,0.0015,0.015625,0.0075,0.266375,28.265625,0.1255060331708603,78.75,0.3496685501277701,0.423984375,0.1882590497562904,2.75625,1.2238399254471952,4.592333350203486,20427,,,0.00355409666661,Information
642750,12500.0,14675.67642,BRA,Brazil,São Paulo,0.15837384,0.0,0.63,0.51,12500.0,,,,,,,,,,,,,,,,,,,,,,,,,3.024154806818313,3.1674768,0.0,,26.812,0.183,26.812,0.183,0.0,0.0,0.0,0.0,0.26812,0.183,0.0,0.0,0.0,0.0,0.45112,3.09375,0.0210808000390952,50.0625,0.3411256733599056,0.04640625,0.0316212000586428,1.7521875,1.1939398567596695,3.024154806818313,619632,,,0.0002637867621846,Information
642760,12501.0,25275.82284,BRA,Brazil,Mato Grosso do Sul,1.36997954,0.0,0.63,0.51,12501.0,12501.0,0.0,1.0,-9999.0,-9999.0,-9999.0,0.0,10.0,-999.9,-999.9,-999.9,-5979.4,0.0,0.0,0.0,0.0,0.0,0.0,0.0,0.0,0.0,0.0,0.0,-5979.4,4.984052436046311,27.3995908,0.0,,46.312,0.183,40.062,0.159,3.25,0.013,2.625,0.01,0.40062,0.159,0.04875,0.0195,0.065625,0.025,0.718495,16.59375,0.0656506817103621,94.921875,0.3755441538516481,0.24890625,0.0984760225655431,3.322265625,1.3144045384807683,4.984052436046311,38439,,,0.0036951281894106,Information
642770,12502.0,646.172291,BRA,Brazil,Mato Grosso do Sul,0.943415019,0.0,0.63,0.51,12502.0,,,,,,,,,,,,,,,,,,,,,,,,,5.004508671232165,18.86830038,0.0,,5.688,0.88,5.688,0.88,0.0,0.0,0.0,0.0,0.05688,0.88,0.0,0.0,0.0,0.0,0.93688,0.5625,0.0870510865042993,8.4375,1.3057662975644904,0.0084375,0.1305766297564489,0.2953125,4.570182041475716,5.004508671232165,3328,,,0.0026703296241562,Information
642781,12503.0,24493.96143,BRA,Brazil,São Paulo,0.494887268,0.0,0.63,0.51,12503.0,,,,,,,,,,,,,,,,,,,,,,,,,10.47715328725641,9.89774536,0.0,,229.062,0.935,229.062,0.935,13.5,0.055,3.5,0.014,2.29062,0.935,0.2025,0.0825,0.0875,0.035,3.63312,17.578125,0.0717651370913999,205.03125,0.8370685590340885,0.263671875,0.1076477056370998,7.17609375,2.9297399566193096,10.47715328725641,1168374,,,0.0157085966485441,Information
642783,12505.0,626.9583042,BRA,Brazil,São Paulo,0.160565694,0.0,0.63,0.51,12505.0,,,,,,,,,,,,,,,,,,,,,,,,,2.0737294989503385,3.21131388,0.0,,7.188,1.146,7.188,1.146,1.25,0.199,0.25,0.04,0.07188,1.146,0.01875,0.2985,0.00625,0.1,1.64138,0.28125,0.0448594425046054,3.375,0.5383133100552658,0.00421875,0.0672891637569081,0.118125,1.8840965851934304,2.0737294989503385,13099,,,6.072480802095639e-05,Information
642784,12506.0,4056.721152,BRA,Brazil,São Paulo,0.018566239,0.0,0.63,0.51,12506.0,,,,,,,,,,,,,,,,,,,,,,,,,2.246323673092468,0.3713247799999999,0.0,,3.375,0.083,3.375,0.083,0.062,0.002,0.0,0.0,0.03375,0.083,0.0009299999999999,0.003,0.0,0.0,0.12068,0.5625,0.0138658778576352,18.28125,0.4506410303731472,0.0084375,0.0207988167864528,0.63984375,1.5772436063060151,2.246323673092468,658236,,,7.467280263622138e-05,Information
642785,12507.0,7963.710446,BRA,Brazil,São Paulo,3.271414551,0.0,0.63,0.51,12507.0,,,,,,,,,,,,,,,,,,,,,,,,,5.344942355385247,65.42829102,0.0,,39.812,0.5,39.812,0.5,3.562,0.045,0.688,0.009,0.39812,0.5,0.05343,0.0675,0.0171999999999999,0.0225,1.05875,4.078125,0.0512088558196867,65.953125,0.8281708061873477,0.061171875,0.07681328372953,2.308359375,2.898597821655717,5.344942355385247,927003,,,0.0309588295027217,Information
642786,12508.0,12652.3747,BRA,Brazil,São Paulo,1.813787647,0.0,0.63,0.51,12508.0,,,,,,,,,,,,,,,,,,,,,,,,,4.20330254339758,36.27575294,0.0,,40.375,0.319,40.375,0.319,9.938,0.079,3.625,0.029,0.40375,0.319,0.14907,0.1185,0.090625,0.0725,1.153445,5.90625,0.0466809602112598,64.546875,0.5101562080230543,0.08859375,0.0700214403168897,2.259140625,1.78554672808069,4.20330254339758,4072568,,,0.0032770045343179,Information
642787,12509.0,3464.461008,BRA,Brazil,São Paulo,0.236334645,0.0,0.63,0.51,12509.0,,,,,,,,,,,,,,,,,,,,,,,,,3.481410725421431,4.7266929,0.0,,19.688,0.568,19.688,0.568,3.875,0.112,1.5,0.043,0.19688,0.568,0.058125,0.168,0.0375,0.1074999999999999,1.136005,0.984375,0.0284135107189168,25.171875,0.7265740598123016,0.014765625,0.0426202660783752,0.881015625,2.5430092093430554,3.481410725421431,179899,,,0.0004676276188652,Information
642788,12510.0,5281.484167,BRA,Brazil,São Paulo,0.16074603,0.0,0.63,0.51,12510.0,,,,,,,,,,,,,,,,,,,,,,,,,0.9480429436526908,3.2149206,0.0,,11.0,0.208,11.0,0.208,3.562,0.067,1.0,0.019,0.11,0.208,0.05343,0.1005,0.025,0.0475,0.54443,0.84375,0.0159756230125156,9.0,0.1704066454668335,0.01265625,0.0239634345187734,0.315,0.5964232591339172,0.9480429436526908,1518967,,,1.865341253831785e-06,Information
642789,12511.0,10962.75552,BRA,Brazil,São Paulo,1.536327454,0.0,0.63,0.51,12511.0,,,,,,,,,,,,,,,,,,,,,,,,,5.084903374501639,30.72654908,0.0,,60.625,0.553,59.188,0.54,22.5,0.205,6.25,0.057,0.5918800000000001,0.54,0.3375,0.3075,0.15625,0.1425,2.0756300000000003,12.234375,0.111599451259462,70.734375,0.6452244136035563,0.183515625,0.1673991768891929,2.475703125,2.258285447612447,5.084903374501639,23822894,,,0.0045035346824349,Information
642790,12512.0,12333.89765,BRA,Brazil,São Paulo,0.376448854,0.0,0.63,0.51,12512.0,,,,,,,,,,,,,,,,,,,,,,,,,5.856721229297398,7.52897708,0.0,,94.875,0.769,94.875,0.769,0.0,0.0,0.0,0.0,0.94875,0.769,0.0,0.0,0.0,0.0,1.71775,8.578125,0.0695491826031049,88.734375,0.7194349872550688,0.128671875,0.1043237739046573,3.105703125,2.518022455392741,5.856721229297398,235628,,,0.0028962187176908,Information
642811,12513.0,5948.052299,BRA,Brazil,Mato Grosso do Sul,0.634650064,0.0,0.63,0.51,12513.0,,,,,,,,,,,,,,,,,,,,,,,,,3.896780014228381,12.69300128,0.0,,44.562,0.749,44.562,0.749,6.0,0.101,1.562,0.026,0.4456199999999999,0.749,0.09,0.1515,0.03905,0.065,1.54017,3.375,0.0567412630299769,40.078125,0.673802498480976,0.050625,0.0851118945449653,1.402734375,2.358308744683416,3.896780014228381,56984,,,0.0009377193031841,Information
642812,12514.0,7214.438259,BRA,Brazil,Goiás,2.374160003,0.0,0.63,0.51,12514.0,,,,,,,,,,,,,,,,,,,,,,,,,1.5955241827586677,47.48320006,0.0,,14.688,0.204,14.688,0.204,2.0,0.028,0.688,0.01,0.14688,0.204,0.03,0.042,0.0171999999999999,0.025,0.46508,3.234375,0.0448319728253403,17.71875,0.2456012424344734,0.048515625,0.0672479592380104,0.62015625,0.8596043485206569,1.5955241827586677,70427,,,0.0002379821922967,Information
642813,12515.0,1096.221049,BRA,Brazil,Minas Gerais,0.341569596,0.0,0.63,0.51,12515.0,,,,,,,,,,,,,,,,,,,,,,,,,5.878811701960531,6.83139192,0.0,,14.938,1.363,13.312,1.214,2.562,0.234,1.062,0.097,0.13312,1.214,0.03843,0.351,0.02655,0.2425,2.0056,1.96875,0.1795942526088315,15.75,1.4367540208706526,0.02953125,0.2693913789132472,0.55125,5.028639073047284,5.878811701960531,7035,,,0.0028631453642594,Information
642814,12516.0,7504.053808,BRA,Brazil,Goiás,0.650238363,0.0,0.63,0.51,12516.0,,,,,,,,,,,,,,,,,,,,,,,,,3.188390456840764,13.00476726,0.0,,26.5,0.353,26.438,0.352,4.812,0.064,3.75,0.05,0.26438,0.352,0.07218,0.096,0.09375,0.125,1.00331,13.359375,0.178028774073943,33.328125,0.4441349416370999,0.200390625,0.2670431611109145,1.166484375,1.5544722957298496,3.188390456840764,3109,,,0.0004726214880625,Information
642815,12517.0,4121.100227,BRA,Brazil,Minas Gerais,0.528894561,0.0,0.63,0.51,12517.0,,,,,,,,,,,,,,,,,,,,,,,,,1.4793000420075637,10.57789122,0.0,,8.562,0.208,5.875,0.143,0.125,0.003,0.0,0.0,0.05875,0.143,0.001875,0.0045,0.0,0.0,0.2081249999999999,0.5625,0.013649267648307,12.09375,0.2934592544386008,0.0084375,0.0204739014724605,0.42328125,1.027107390535103,1.4793000420075637,4813,,,2.0497522945374003e-05,Information
642816,12518.0,12031.8133,BRA,Brazil,Goiás,0.45199799,0.0,0.63,0.51,12518.0,,,,,,,,,,,,,,,,,,,,,,,,,4.601572261400262,9.0399598,0.0,,38.375,0.319,37.0,0.308,6.812,0.057,2.688,0.022,0.37,0.308,0.1021799999999999,0.0855,0.0672,0.0549999999999999,0.98788,23.484375,0.1951856667061242,61.734375,0.5130928603831648,0.352265625,0.2927785000591862,2.160703125,1.7958250113410767,4.601572261400262,88298,,,0.0014224304166183,Information
642817,12519.0,72.77543548,BRA,Brazil,Goiás,2.914938371,0.0,0.63,0.51,12519.0,,,,,,,,,,,,,,,,,,,,,,,,,12.262172570669769,58.29876742,0.0,,2.688,3.693,2.25,3.092,0.125,0.172,0.0,0.0,0.0225,3.092,0.001875,0.258,0.0,0.0,3.374375,0.0,0.0,2.53125,3.478165377334219,0.0,0.0,0.08859375,12.173578820669768,12.262172570669769,0,,,0.1104739326322579,Information
642818,12520.0,13622.92742,BRA,Brazil,Goiás,0.972614692,0.0,0.63,0.51,12520.0,,,,,,,,,,,,,,,,,,,,,,,,,3.61997865878727,19.45229384,0.0,,33.25,0.244,30.375,0.223,5.062,0.037,2.125,0.016,0.30375,0.223,0.07593,0.0554999999999999,0.053125,0.04,0.7513050000000001,24.328125,0.1785822110779371,49.21875,0.3612934906201042,0.364921875,0.2678733166169056,1.72265625,1.2645272171703643,3.61997865878727,139662,,,0.0009598519336598,Information
642819,12521.0,8843.569143,BRA,Brazil,Goiás,0.30565885,0.0,0.63,0.51,12521.0,,,,,,,,,,,,,,,,,,,,,,,,,5.167272012617386,6.113176999999999,0.0,,81.312,0.919,70.062,0.792,16.625,0.188,4.812,0.054,0.70062,0.792,0.249375,0.282,0.1203,0.135,2.2792950000000003,5.484375,0.0620154025033795,66.9375,0.7569059382463762,0.082265625,0.0930231037550692,2.3428125,2.6491707838623166,5.167272012617386,98523,,,0.0018673308395381,Information
642820,12522.0,14462.81993,BRA,Brazil,Minas Gerais,0.666063273,0.0,0.63,0.51,12522.0,,,,,,,,,,,,,,,,,,,,,,,,,0.4697677241604429,13.32126546,0.0,,65.188,0.451,14.625,0.101,2.25,0.016,0.312,0.002,0.14625,0.101,0.03375,0.024,0.0078,0.005,0.3178,1.125,0.007778566041942,7.453125,0.0515330000278657,0.016875,0.011667849062913,0.260859375,0.1803655000975299,0.4697677241604429,169011,,,9.056682377837297e-08,Information
642830,12523.0,153.2388566,BRA,Brazil,Goiás,0.078578501,0.0,0.63,0.51,12523.0,,,,,,,,,,,,,,,,,,,,,,,,,14.675023115318726,1.5715700199999998,0.0,,7.75,5.057,4.688,3.059,1.188,0.775,0.375,0.245,0.04688,3.059,0.01782,1.1625,0.009375,0.6125,4.908075,2.953125,1.9271384987091635,5.0625,3.303665997787137,0.044296875,2.890707748063745,0.1771875,11.56283099225498,14.675023115318726,2975,,,0.0285083519985914,Information
642841,12524.0,2268.218983,BRA,Brazil,Goiás,0.467427279,0.0,0.63,0.51,12524.0,,,,,,,,,,,,,,,,,,,,,,,,,4.464750302417053,9.34854558,0.0,,56.125,2.474,13.688,0.603,2.375,0.105,0.688,0.03,0.13688,0.603,0.035625,0.1575,0.0171999999999999,0.075,1.025205,12.375,0.5455822429517898,18.28125,0.8059737679969623,0.185625,0.8183733644276847,0.63984375,2.8209081879893683,4.464750302417053,36309,,,0.0013027647755202,Information
642842,12525.0,1557.208602,BRA,Brazil,Goiás,0.28427297,0.0,0.63,0.51,12525.0,,,,,,,,,,,,,,,,,,,,,,,,,0.3478799999999999,5.6854594,0.0,,43.125,2.769,4.688,0.301,0.0,0.0,0.0,0.0,0.04688,0.301,0.0,0.0,0.0,0.0,0.3478799999999999,0.28125,0.0180611640394307,0.703125,0.0451529100985769,0.00421875,0.027091746059146,0.024609375,0.1580351853450191,0.2139550564041651,2061,,,1.0562086519793774e-08,Information
642843,12526.0,755.6540167,BRA,Brazil,Goiás,1.468823898,0.0,0.63,0.51,12526.0,,,,,,,,,,,,,,,,,,,,,,,,,1.7113643410506998,29.37647796,0.0,,14.0,1.853,4.312,0.571,0.0,0.0,0.0,0.0,0.04312,0.571,0.0,0.0,0.0,0.0,0.61412,1.125,0.1488776576421707,2.953125,0.3908038513106982,0.016875,0.223316486463256,0.103359375,1.3678134795874437,1.7113643410506998,2686,,,9.958285790190775e-05,Information
642844,12527.0,12933.0894,BRA,Brazil,Goiás,0.695097898,0.0,0.63,0.51,12527.0,12527.0,0.0,1.0,-9999.0,-9999.0,-9999.0,0.0,10.0,-999.9,-999.9,-999.9,-5979.4,0.0,0.0,0.0,0.0,0.0,0.0,0.0,0.0,0.0,0.0,0.0,-5979.4,2.9586293588610326,13.90195796,0.0,,145.188,1.123,34.688,0.268,1.625,0.013,0.438,0.003,0.34688,0.268,0.024375,0.0195,0.01095,0.0075,0.6772050000000001,26.578125,0.2055048425619344,36.28125,0.2805304200051803,0.398671875,0.3082572638429016,1.26984375,0.981856470018131,2.9586293588610326,337457,,,0.0003748048943691,Information
642845,12528.0,511.8113585,BRA,Brazil,Goiás,0.948669635,0.0,0.63,0.51,12528.0,12528.0,0.0,1.0,-9999.0,-9999.0,-9999.0,0.0,10.0,-999.9,-999.9,-999.9,-5979.4,0.0,0.0,0.0,0.0,0.0,0.0,0.0,0.0,0.0,0.0,0.0,-5979.4,5.1699126478908175,18.9733927,0.0,,,,,,,,,,,,,,,,,0.703125,0.1373797178181792,6.890625,1.3463212346181568,0.010546875,0.2060695767272688,0.241171875,4.712124321163548,5.1699126478908175,4295,,,0.0029623333948219,Information
642846,12529.0,8138.267686,BRA,Brazil,Goiás,0.2188919,0.0,0.63,0.51,12529.0,,,,,,,,,,,,,,,,,,,,,,,,,1.4765,4.377838,0.0,,312.688,3.842,66.25,0.814,0.0,0.0,0.0,0.0,0.6625,0.814,0.0,0.0,0.0,0.0,1.4765,8.015625,0.0984930123890561,12.9375,0.1589711778911081,0.120234375,0.1477395185835841,0.4528125,0.5563991226188784,1.2771855162024623,111496,,,1.5181258965475648e-05,Information
642847,12530.0,5390.451413,BRA,Brazil,Goiás,0.521414901,0.0,0.63,0.51,12530.0,,,,,,,,,,,,,,,,,,,,,,,,,1.9633495032414088,10.42829802,0.0,,175.688,3.259,27.062,0.502,0.0,0.0,0.0,0.0,0.27062,0.502,0.0,0.0,0.0,0.0,0.7726200000000001,7.453125,0.1382653219259605,16.453125,0.3052272201007053,0.111796875,0.2073979828889407,0.575859375,1.0682952703524686,1.9633495032414088,58494,,,6.662108560637936e-05,Information
642848,12531.0,2143.370086,BRA,Brazil,Goiás,0.130579063,0.0,0.63,0.51,12531.0,,,,,,,,,,,,,,,,,,,,,,,,,0.4991199999999999,2.61158126,0.0,,50.562,2.359,8.812,0.411,0.0,0.0,0.0,0.0,0.0881199999999999,0.411,0.0,0.0,0.0,0.0,0.4991199999999999,,,,,,,,,,172674,,,6.688080869923547e-08,Information
642850,12533.0,19759.68027,BRA,Brazil,Goiás,1.239365425,0.0,0.63,0.51,12533.0,12533.0,0.0,1.0,-9999.0,-9999.0,-9999.0,0.0,10.0,-999.9,-999.9,-999.9,-5979.4,0.0,0.0,0.0,0.0,0.0,0.0,0.0,0.0,0.0,0.0,0.0,-5979.4,7.280372326487235,24.7873085,0.0,,328.0,1.66,136.062,0.689,30.438,0.154,15.812,0.08,1.3606200000000002,0.689,0.45657,0.2309999999999999,0.3953,0.2,3.33249,24.328125,0.1231200336312121,127.6875,0.6462022574401195,0.364921875,0.1846800504468181,4.4690625,2.261707901040418,7.280372326487235,2876019,,,0.0097681068483781,Information
642861,12534.0,195.3820305,BRA,Brazil,Goiás,1.858601845,0.0,0.63,0.51,12534.0,,,,,,,,,,,,,,,,,,,,,,,,,27.00407088559222,37.1720369,0.0,,20.0,10.236,10.062,5.15,6.812,3.487,3.75,1.919,0.1006199999999999,5.15,0.1021799999999999,5.2305,0.09375,4.7975,15.47455,2.671875,1.3675131707235115,13.640625,6.981514608430558,0.040078125,2.051269756085268,0.477421875,24.43530112950696,27.00407088559222,334,,,0.199219436777393,Information
642862,12535.0,4746.439836,BRA,Brazil,Goiás,0.215855645,0.0,0.63,0.51,12535.0,,,,,,,,,,,,,,,,,,,,,,,,,1.2123966449981347,4.317112900000001,0.0,,64.812,1.365,10.562,0.223,1.875,0.04,0.938,0.02,0.1056199999999999,0.223,0.028125,0.06,0.02345,0.05,0.490195,2.390625,0.0503666976215073,10.125,0.2133177781616782,0.035859375,0.0755500464322609,0.354375,0.7466122235658738,1.2123966449981347,93135,,,6.256848805312578e-06,Information
642863,12536.0,3777.570304,BRA,Brazil,Goiás,0.42936544,0.0,0.63,0.51,12536.0,,,,,,,,,,,,,,,,,,,,,,,,,6.300830204618677,8.587308799999999,0.0,,68.188,1.805,31.75,0.84,17.25,0.457,7.375,0.195,0.3175,0.84,0.25875,0.6855,0.184375,0.4875,2.773625,10.828125,0.2866425804889199,44.71875,1.183796631110085,0.162421875,0.4299638707333798,1.56515625,4.143288208885298,6.300830204618677,110721,,,0.0037397748370998,Information
642864,12537.0,3371.439183,BRA,Brazil,Goiás,0.287049068,0.0,0.63,0.51,12537.0,,,,,,,,,,,,,,,,,,,,,,,,,0.17375,5.74098136,0.0,,21.938,0.651,4.375,0.13,0.0,0.0,0.0,0.0,0.04375,0.13,0.0,0.0,0.0,0.0,0.17375,,,,,,,,,,26456,,,1.5253081704104888e-10,Information
642866,12539.0,4327.450959,BRA,Brazil,Goiás,0.400945396,0.0,0.63,0.51,12539.0,,,,,,,,,,,,,,,,,,,,,,,,,0.44275,8.01890792,0.0,,33.125,0.765,13.375,0.309,0.0,0.0,0.0,0.0,0.13375,0.309,0.0,0.0,0.0,0.0,0.44275,,,,,,,,,,38466,,,4.7422562886138486e-08,Information
642868,12541.0,5497.610009,BRA,Brazil,Goiás,0.025303449,0.0,0.63,0.51,12541.0,,,,,,,,,,,,,,,,,,,,,,,,,1.36525,0.50606898,0.0,,97.875,1.78,40.5,0.737,4.0,0.073,0.75,0.014,0.405,0.737,0.06,0.1094999999999999,0.01875,0.035,1.36525,3.796875,0.0690641022918183,9.421875,0.17138129087229,0.056953125,0.1035961534377274,0.329765625,0.599834518053015,1.0901494214907426,1921210,,,8.98370645477947e-06,Information
642869,12542.0,8961.035308,BRA,Brazil,Goiás,0.06682224,0.0,0.63,0.51,12542.0,,,,,,,,,,,,,,,,,,,,,,,,,15.306198942782896,1.3364448000000002,0.0,,135.25,1.509,83.312,0.93,40.0,0.446,13.0,0.145,0.83312,0.93,0.6,0.669,0.325,0.3625,3.71962,99.0,1.104783059043382,164.25,1.8329355297765204,1.485,1.657174588565073,5.74875,6.415274354217821,15.306198942782896,2546653,,,0.0311989475831582,Information
642870,12543.0,682.4356772,BRA,Brazil,Minas Gerais,0.148277428,0.0,0.63,0.51,12543.0,,,,,,,,,,,,,,,,,,,,,,,,,20.812901638806608,2.96554856,0.0,,35.312,5.174,22.5,3.297,9.438,1.383,3.938,0.577,0.225,3.297,0.14157,2.0745,0.09845,1.4425,7.27902,4.640625,0.6800091429990672,36.0,5.275222442659431,0.069609375,1.0200137144986008,1.26,18.463278549308008,20.812901638806608,23433,,,0.0618419903815582,Information
642880,12544.0,22145.95232,BRA,Brazil,Minas Gerais,0.514504943,0.0,0.63,0.51,12544.0,,,,,,,,,,,,,,,,,,,,,,,,,15.560386885387082,10.29009886,0.0,,227.688,1.028,169.875,0.767,79.938,0.361,40.625,0.183,1.69875,0.767,1.19907,0.5415,1.015625,0.4575,5.679444999999999,60.046875,0.2711415346727384,280.546875,1.2668088095365646,0.900703125,0.4067123020091076,9.819140625,4.433830833377976,15.560386885387082,1052229,,,0.039899564566101,Information
642891,12545.0,892.6594455,BRA,Brazil,Goiás,2.062596903,0.0,0.63,0.51,12545.0,,,,,,,,,,,,,,,,,,,,,,,,,14.602937168599489,41.25193806,0.0,,32.875,3.683,17.25,1.932,8.438,0.945,4.062,0.455,0.1725,1.932,0.12657,1.4175,0.10155,1.1375,4.88762,4.640625,0.519865109064375,32.203125,3.607548787143693,0.069609375,0.7797976635965624,1.127109375,12.626420755002924,14.602937168599489,2252,,,0.0819558271475565,Information
642892,12546.0,4541.091888,BRA,Brazil,Goiás,0.330363341,0.0,0.63,0.51,12546.0,,,,,,,,,,,,,,,,,,,,,,,,,1.4432025857616655,6.60726682,0.0,,52.625,1.159,18.688,0.412,1.188,0.026,0.062,0.001,0.18688,0.412,0.01782,0.039,0.00155,0.0025,0.65975,7.734375,0.170319720255512,9.5625,0.2105771086795421,0.116015625,0.255479580383268,0.3346875,0.7370198803783974,1.4432025857616655,43383,,,1.523339876056579e-05,Information
642893,12547.0,3141.373285,BRA,Brazil,Minas Gerais,0.684181098,0.0,0.63,0.51,12547.0,,,,,,,,,,,,,,,,,,,,,,,,,9.45365214120942,13.68362196,0.0,,56.375,1.795,40.688,1.295,19.312,0.615,12.5,0.398,0.40688,1.295,0.28968,0.9225,0.3125,0.995,4.22156,15.46875,0.4924199894418397,57.9375,1.8443366877276173,0.23203125,0.7386299841627595,2.0278125,6.4551784070466605,9.45365214120942,201738,,,0.0134965275847809,Information
642894,12548.0,1379.089421,BRA,Brazil,Minas Gerais,0.040047833,0.0,0.63,0.51,12548.0,,,,,,,,,,,,,,,,,,,,,,,,,7.484061253438983,0.80095666,0.0,,26.5,1.922,23.125,1.677,12.938,0.938,10.25,0.743,0.23125,1.677,0.19407,1.407,0.25625,1.8575,5.62307,9.28125,0.6729984189565472,21.9375,1.5907235357154752,0.13921875,1.0094976284348207,0.7678125,5.567532375004163,7.484061253438983,17255,,,0.0048780973247304,Information
642895,12549.0,1706.31007,BRA,Brazil,Minas Gerais,0.19498093,0.0,0.63,0.51,12549.0,,,,,,,,,,,,,,,,,,,,,,,,,22.07397899492111,3.8996186,0.0,,97.875,5.736,79.875,4.681,53.562,3.139,38.688,2.267,0.79875,4.681,0.8034299999999999,4.7085,0.9672,5.6675,17.626379999999997,32.0625,1.8790547250183625,78.1875,4.582256259255304,0.4809375,2.818582087527544,2.7365625,16.037896907393566,22.07397899492111,51300,,,0.0706463980184704,Information
642896,12550.0,2457.228218,BRA,Brazil,Minas Gerais,1.923366774,0.0,0.63,0.51,12550.0,,,,,,,,,,,,,,,,,,,,,,,,,2.391833734009565,38.46733548,0.0,,20.75,0.844,9.75,0.397,7.688,0.313,5.938,0.242,0.0975,0.397,0.11532,0.4695,0.14845,0.605,1.83277,7.171875,0.2918684942160591,10.40625,0.4234954621958504,0.107578125,0.4378027413240886,0.36421875,1.4822341176854763,2.391833734009565,27267,,,0.0005821022839352,Information
642897,12551.0,583.722227,BRA,Brazil,Minas Gerais,0.235222426,0.0,0.63,0.51,12551.0,,,,,,,,,,,,,,,,,,,,,,,,,16.101565119913392,4.704448520000001,0.0,,20.812,3.565,12.938,2.216,10.375,1.777,5.625,0.964,0.12938,2.216,0.155625,2.6655,0.140625,2.41,7.71713,9.0,1.5418292441400747,21.515625,3.685935536772366,0.135,2.312743866210112,0.753046875,12.90077437870328,16.101565119913392,169,,,0.0376964544445609,Information
642898,12552.0,10540.56297,BRA,Brazil,Minas Gerais,0.790762421,0.0,0.63,0.51,12552.0,,,,,,,,,,,,,,,,,,,,,,,,,0.2384132145680865,15.81524842,0.0,,34.875,0.331,6.812,0.065,0.5,0.005,0.125,0.001,0.06812,0.065,0.0075,0.0075,0.003125,0.0025,0.153745,2.25,0.0213461084263148,2.53125,0.0240143719796041,0.03375,0.0320191626394722,0.08859375,0.0840503019286143,0.2384132145680865,256335,,,2.2219160858780422e-09,Information
642899,12553.0,12077.30328,BRA,Brazil,Goiás,0.367756355,0.0,0.63,0.51,12553.0,,,,,,,,,,,,,,,,,,,,,,,,,9.024176155161218,7.3551271,0.0,,228.625,1.893,103.688,0.859,28.938,0.24,10.062,0.083,1.03688,0.859,0.4340699999999999,0.36,0.25155,0.2075,3.149,51.1875,0.4238321985411433,119.109375,0.9862249235284296,0.7678125,0.6357482978117149,4.168828125,3.451787232349504,9.024176155161218,47812,,,0.009933072279762,Information
642910,12554.0,8344.060478,BRA,Brazil,São Paulo,0.157081731,0.0,0.63,0.51,12554.0,,,,,,,,,,,,,,,,,,,,,,,,,4.206095332635537,3.14163462,0.0,,89.375,1.071,81.0,0.971,14.312,0.172,5.812,0.07,0.81,0.971,0.21468,0.258,0.1453,0.175,2.57398,6.46875,0.0775252051093235,51.890625,0.6218869714204435,0.09703125,0.1162878076639852,1.816171875,2.176604399971552,4.206095332635537,307483,,,0.000854260536558,Information
642920,12555.0,9936.122455,BRA,Brazil,São Paulo,0.06933777,0.0,0.63,0.51,12555.0,,,,,,,,,,,,,,,,,,,,,,,,,1.0058791984128823,1.3867554000000002,0.0,,12.5,0.126,11.875,0.12,3.25,0.033,1.25,0.013,0.11875,0.12,0.04875,0.0495,0.03125,0.0325,0.4007499999999999,3.234375,0.0325516821556698,12.9375,0.1302067286226793,0.048515625,0.0488275232335047,0.4528125,0.4557235501793775,1.0058791984128823,1017270,,,2.2662022752427837e-06,Information
642930,12556.0,12241.287,BRA,Brazil,Minas Gerais,0.543089914,0.0,0.63,0.51,12556.0,,,,,,,,,,,,,,,,,,,,,,,,,3.813376706015869,10.86179828,0.0,,69.125,0.565,67.5,0.551,17.562,0.143,6.188,0.051,0.675,0.551,0.26343,0.2144999999999999,0.1546999999999999,0.1275,1.98613,9.0,0.0735216811959903,56.109375,0.4583617312062525,0.135,0.1102825217939854,1.963828125,1.6042660592218838,3.813376706015869,206994,,,0.000811690032497,Information
642942,12558.0,12672.40364,BRA,Brazil,São Paulo,0.493064818,0.0,0.63,0.51,12558.0,12558.0,0.0,1.0,-9999.0,-9999.0,-9999.0,0.0,10.0,-999.9,-999.9,-999.9,-5979.4,0.0,0.0,0.0,0.0,0.0,0.0,0.0,0.0,0.0,0.0,0.0,-5979.4,2.128489272299484,9.86129636,0.0,,15.875,0.125,10.562,0.083,2.562,0.02,0.312,0.002,0.1056199999999999,0.083,0.03843,0.03,0.0078,0.005,0.26985,5.484375,0.0432780958861464,31.640625,0.2496813224200755,0.082265625,0.0649171438292196,1.107421875,0.8738846284702643,2.128489272299484,1586135,,,8.986078620324435e-05,Information
642943,12559.0,1190.808682,BRA,Brazil,São Paulo,0.101317614,0.0,0.63,0.51,12559.0,,,,,,,,,,,,,,,,,,,,,,,,,1.638716019561129,2.02635228,0.0,,3.625,0.304,1.188,0.1,0.0,0.0,0.0,0.0,0.01188,0.1,0.0,0.0,0.0,0.0,0.11188,1.125,0.0944736141652341,4.5,0.3778944566609365,0.016875,0.1417104212478511,0.1575,1.3226305983132778,1.638716019561129,189202,,,2.149572884265499e-05,Information
642945,12561.0,6138.70716,BRA,Brazil,São Paulo,0.554822778,0.0,0.63,0.51,12561.0,12561.0,0.0,1.0,-9999.0,-9999.0,-9999.0,0.0,10.0,-999.9,-999.9,-999.9,-5979.4,0.0,0.0,0.0,0.0,0.0,0.0,0.0,0.0,0.0,0.0,0.0,-5979.4,1.9816144026067632,11.09645556,0.0,,,,,,,,,,,,,,,,,3.65625,0.0595605866936116,19.96875,0.325292435018956,0.05484375,0.0893408800404174,0.69890625,1.138523522566346,1.9816144026067632,471733,,,7.129263364571208e-05,Information
642950,12566.0,2571.563388,BRA,Brazil,Minas Gerais,0.352489724,0.0,0.63,0.51,12566.0,,,,,,,,,,,,,,,,,,,,,,,,,1.3165075961381714,7.04979448,0.0,,12.5,0.486,12.5,0.486,2.5,0.097,0.5,0.019,0.125,0.486,0.0375,0.1455,0.0125,0.0475,0.854,0.5625,0.0218738531830427,7.453125,0.2898285546753164,0.0084375,0.032810779774564,0.260859375,1.0143999413636071,1.3165075961381714,259220,,,1.0355645522330203e-05,Information
642960,12567.0,6685.307566,BRA,Brazil,São Paulo,0.111160665,0.0,0.63,0.51,12567.0,,,,,,,,,,,,,,,,,,,,,,,,,2.885009032615969,2.2232133000000003,0.0,,8.875,0.133,8.875,0.133,1.562,0.023,0.375,0.006,0.08875,0.133,0.02343,0.0345,0.009375,0.015,0.3040550000000001,10.125,0.1514515211050484,28.6875,0.4291126431309705,0.151875,0.2271772816575726,1.0040625,1.5018942509583966,2.885009032615969,587615,,,0.0002132175941474,Information
642970,12568.0,16524.09651,BRA,Brazil,Minas Gerais,1.787813057,0.0,0.63,0.51,12568.0,,,,,,,,,,,,,,,,,,,,,,,,,6.701863986387447,35.75626114,0.0,,150.812,0.913,150.812,0.913,46.062,0.279,15.125,0.092,1.50812,0.913,0.6909299999999999,0.4185,0.378125,0.2299999999999999,4.138674999999999,12.234375,0.0740396002242195,114.046875,0.6901852388717479,0.183515625,0.1110594003363292,3.991640625,2.4156483360511176,6.701863986387447,648234,,,0.0119013631926431,Information
642980,12569.0,25256.60136,BRA,Brazil,Minas Gerais,2.740440753,0.0,0.63,0.51,12569.0,,,,,,,,,,,,,,,,,,,,,,,,,11.863602790945734,54.80881506,0.0,,150.438,0.596,150.438,0.596,72.25,0.286,34.562,0.137,1.5043799999999998,0.596,1.08375,0.4289999999999999,0.86405,0.3425,4.81968,69.46875,0.2750518528133022,213.046875,0.843529467635937,1.04203125,0.4125777792199533,7.456640625,2.952353136725779,11.863602790945734,1565905,,,0.0905416610229094,Information
642990,12570.0,26491.18589,BRA,Brazil,Minas Gerais,1.416796172,0.0,0.63,0.51,12570.0,,,,,,,,,,,,,,,,,,,,,,,,,12.052554928241056,28.33592344,0.0,,148.562,0.561,148.562,0.561,60.25,0.227,23.625,0.089,1.4856200000000002,0.561,0.90375,0.3405,0.590625,0.2224999999999999,4.103995,58.640625,0.2213590031463388,224.859375,0.8488082638632993,0.879609375,0.3320385047195082,7.870078125,2.970828923521548,12.052554928241056,989592,,,0.0373165224827344,Information
625009,16254.0,1056.617791,BRA,Brazil,Pará,1.189031664,1.945257906,0.63,0.51,16254.0,,,,,,,,,,,,,,,,,,,,,,,,,27.664623418409263,23.78063328,38.90515812,,17.0,1.609,15.562,1.473,0.0,0.0,0.0,0.0,0.1556199999999999,1.473,0.0,0.0,0.0,0.0,1.6286200000000002,2.671875,0.2528705292286042,74.390625,7.040447892733244,0.040078125,0.3793057938429063,2.603671875,24.64156762456636,27.664623418409263,63465,,,0.2141007622283743,Information
631031,16255.0,1486.10267,BRA,Brazil,Maranhão,4.000983784,4.012000461,0.63,0.51,16255.0,,,,,,,,,,,,,,,,,,,,,,,,,29.856924811608025,80.01967567999999,80.24000922,3.0,13.625,0.917,8.5,0.572,0.75,0.05,0.0,0.0,0.085,0.572,0.01125,0.075,0.0,0.0,0.74325,33.75,2.2710409373083094,95.90625,6.453541330184446,0.50625,3.406561405962464,3.35671875,22.58739465564556,29.856924811608025,41535,729.0,1.76,0.66010788104961,Watch
633091,16257.0,5482.866321,BRA,Brazil,Pernambuco,3.334104665,0.958406843,0.63,0.51,16257.0,,,,,,,,,,,,,,,,,,,,,,,,,4.485310134121413,66.68209329999999,19.16813686,,27.125,0.495,21.25,0.388,0.625,0.011,0.625,0.011,0.2125,0.388,0.009375,0.0165,0.015625,0.0274999999999999,0.6695,4.5,0.0820738594881675,43.453125,0.7925257056826176,0.0675,0.1231107892322512,1.520859375,2.7738399698891616,4.485310134121413,2662100,,,0.0224661682594489,Information
635900,16259.0,22559.19714,BRA,Brazil,Rio de Janeiro,2.419923632,1.055197865,0.63,0.51,16259.0,,,,,,,,,,,,,,,,,,,,,,,,,21.825410597719,48.39847264,21.1039573,,374.125,1.658,365.938,1.622,170.188,0.754,53.562,0.237,3.65938,1.622,2.55282,1.131,1.33905,0.5925,10.89675,80.859375,0.3584319712710673,397.40625,1.7616152188035417,1.212890625,0.5376479569066009,13.90921875,6.165653265812396,21.825410597719,15422534,,,0.1947632553773413,Information
622658,11555.0,32171.39233,BOL,Bolivia,Pando,2.678785391,0.0,0.55,0.63,11555.0,11555.0,0.0,1.0,-9999.0,-9999.0,-9999.0,0.0,10.0,-999.9,-999.9,-999.9,-5979.4,0.0,0.0,0.0,0.0,0.0,0.0,0.0,0.0,0.0,0.0,0.0,-5979.4,0.4553104013791686,53.57570782,0.0,,49.75,0.155,27.75,0.086,0.875,0.003,0.0,0.0,0.2775,0.086,0.013125,0.0045,0.0,0.0,0.381125,1.828125,0.0056824553357457,9.140625,0.0284122766787286,0.027421875,0.0085236830036185,0.319921875,0.0994429683755501,0.4553104013791686,51875,,,1.87662120096532e-06,Information
622661,11557.0,3525.10307,BOL,Bolivia,El Beni,2.79763177,0.0,0.55,0.63,11557.0,,,,,,,,,,,,,,,,,,,,,,,,,4.529518101129092,55.952635400000005,0.0,,9.438,0.268,3.375,0.096,2.5,0.071,1.625,0.046,0.03375,0.096,0.0375,0.1064999999999999,0.040625,0.1149999999999999,0.429375,7.171875,0.203451497954239,30.65625,0.8696554226279237,0.107578125,0.3051772469313585,1.07296875,3.043793979197733,4.529518101129092,21962,,,0.0114634680074768,Information
622662,11558.0,33784.10942,BOL,Bolivia,Pando,4.076652379,0.0,0.55,0.63,11558.0,,,,,,,,,,,,,,,,,,,,,,,,,0.7435783630584691,81.53304758000002,0.0,,69.188,0.205,32.875,0.097,1.062,0.003,0.0,0.0,0.32875,0.097,0.01593,0.0045,0.0,0.0,0.4461799999999999,3.796875,0.0112386416729869,14.765625,0.0437058287282825,0.056953125,0.0168579625094803,0.516796875,0.1529704005489887,0.7435783630584691,54318,,,0.000658466717403,Information
622663,11559.0,267.8135128,BOL,Bolivia,El Beni,3.105933438,0.0,0.55,0.63,11559.0,,,,,,,,,,,,,,,,,,,,,,,,,13.883061742667383,62.118668760000006,0.0,,0.0,0.0,0.0,0.0,2.312,0.863,1.938,0.723,0.0,0.0,0.03468,1.2945,0.04845,1.8075,3.18513,3.796875,1.4177309278719197,8.71875,3.255530278817001,0.056953125,2.12659639180788,0.30515625,11.394355975859504,13.883061742667383,36832,,,0.1577401893541029,Information
622665,11561.0,66294.37413,BOL,Bolivia,La Paz,4.0342193,0.0,0.55,0.63,11561.0,,,,,,,,,,,,,,,,,,,,,,,,,19.067659751798512,80.684386,0.0,,152.25,0.23,94.312,0.142,33.0,0.05,3.562,0.005,0.94312,0.142,0.495,0.075,0.0890499999999999,0.0125,1.75667,74.25,0.112000453993347,441.5625,0.6660633059452833,1.11375,0.1680006809900205,15.4546875,2.331221570808492,19.067659751798512,140051,,,0.4948457727791705,Advisory
622674,11569.0,20760.84301,BOL,Bolivia,El Beni,4.025119481,0.0,0.55,0.63,11569.0,,,,,,,,,,,,,,,,,,,,,,,,,2.412816775588211,80.50238962,0.0,,55.688,0.268,41.688,0.201,10.5,0.051,2.375,0.011,0.41688,0.201,0.1575,0.0765,0.059375,0.0274999999999999,0.938755,4.21875,0.0203207066214562,44.71875,0.2153994901874362,0.06328125,0.0304810599321843,1.56515625,0.7538982156560268,2.412816775588211,7925,,,0.0183315010778357,Information
622677,11572.0,2634.989511,BOL,Bolivia,El Beni,3.073720645,0.0,0.55,0.63,11572.0,,,,,,,,,,,,,,,,,,,,,,,,,4.672956787413354,61.4744129,0.0,,13.5,0.512,8.125,0.308,1.688,0.064,0.875,0.033,0.08125,0.308,0.02532,0.096,0.021875,0.0825,0.614945,2.953125,0.1120735011337379,26.578125,1.008661510203642,0.044296875,0.1681102517006068,0.930234375,3.530315285712747,4.672956787413354,127,,,0.0174494036180902,Information
622679,11574.0,1706.399066,BOL,Bolivia,El Beni,3.419365092,0.0,0.55,0.63,11574.0,,,,,,,,,,,,,,,,,,,,,,,,,4.500459976209122,68.38730184,0.0,,7.375,0.432,6.25,0.366,1.438,0.084,0.25,0.015,0.0625,0.366,0.02157,0.126,0.00625,0.0375,0.6198199999999999,3.375,0.1977849183901799,17.296875,1.013647706749672,0.050625,0.2966773775852698,0.605390625,3.5477669736238524,4.500459976209122,1049,,,0.0256250740252485,Information
622682,11576.0,217661.3313,BOL,Bolivia,Santa Cruz,3.287612385,0.0,0.55,0.63,11576.0,11576.0,0.0,1.0,-9999.0,-9999.0,-9999.0,0.0,10.0,-999.9,-999.9,-999.9,-5979.4,0.0,0.0,0.0,0.0,0.0,0.0,0.0,0.0,0.0,0.0,0.0,-5979.4,21.729709579490656,65.7522477,0.0,,352.25,0.162,168.688,0.077,17.938,0.008,24.938,0.011,1.68688,0.077,0.26907,0.012,0.62345,0.0274999999999999,2.6959,135.84375,0.0624106032787068,535.359375,0.2459597998778849,2.03765625,0.0936159049180602,18.737578125,0.8608592995725972,21.729709579490656,332828,,,0.3245760200452332,Information
622684,11578.0,19077.5148,BOL,Bolivia,El Beni,4.21103083,0.0,0.55,0.63,11578.0,,,,,,,,,,,,,,,,,,,,,,,,,3.944880423895748,84.2206166,0.0,,23.75,0.124,18.938,0.099,4.75,0.025,2.625,0.014,0.18938,0.099,0.07125,0.0375,0.065625,0.035,0.4977549999999999,18.0,0.0943519121209756,66.234375,0.3471855516326527,0.27,0.1415278681814634,2.318203125,1.2151494307142845,3.944880423895748,12629,,,0.0828298565605395,Information
622685,11579.0,48717.29645,BOL,Bolivia,Santa Cruz,4.038987415,0.0,0.55,0.63,11579.0,,,,,,,,,,,,,,,,,,,,,,,,,4.4126856374509575,80.77974830000001,0.0,,25.625,0.053,14.125,0.029,3.75,0.008,2.062,0.004,0.14125,0.029,0.05625,0.012,0.0515499999999999,0.01,0.30005,11.109375,0.0228037592600828,99.84375,0.204945178160238,0.166640625,0.0342056388901242,3.49453125,0.717308123560833,4.4126856374509575,138159,,,0.0705805401210036,Information
622686,11580.0,15231.82049,BOL,Bolivia,Santa Cruz,2.220930018,0.0,0.55,0.63,11580.0,,,,,,,,,,,,,,,,,,,,,,,,,0.512175,44.41860036,0.0,,36.5,0.24,28.75,0.189,1.375,0.009,0.062,0.0,0.2875,0.189,0.020625,0.0134999999999999,0.00155,0.0,0.512175,0.84375,0.0055393903881324,2.53125,0.0166181711643972,0.01265625,0.0083090855821986,0.08859375,0.0581635990753901,0.1677226846575887,43014,,,1.386617910469992e-06,Information
622691,11584.0,19369.71819,BOL,Bolivia,El Beni,4.141722118,0.0,0.55,0.63,11584.0,,,,,,,,,,,,,,,,,,,,,,,,,14.28183975120887,82.83444236,0.0,,62.75,0.324,51.438,0.266,16.438,0.085,5.312,0.027,0.5143800000000001,0.266,0.2465699999999999,0.1275,0.1328,0.0675,1.35475,47.8125,0.2468414848329376,248.625,1.2835757211312755,0.7171875,0.3702622272494064,8.701875,4.492515023959465,14.28183975120887,7963,,,0.4270396251021667,Advisory
622692,11585.0,21511.3874,BOL,Bolivia,El Beni,4.1201444,0.0,0.55,0.63,11585.0,,,,,,,,,,,,,,,,,,,,,,,,,4.316674522012182,82.402888,0.0,,5.812,0.027,4.062,0.019,7.562,0.035,1.0,0.005,0.04062,0.019,0.11343,0.0525,0.025,0.0125,0.26305,19.265625,0.089560122949496,75.9375,0.3530107035965538,0.288984375,0.134340184424244,2.6578125,1.2355374625879385,4.316674522012182,65217,,,0.0799735528914031,Information
622693,11586.0,44028.79109,BOL,Bolivia,El Beni,4.232319727,0.0,0.55,0.63,11586.0,,,,,,,,,,,,,,,,,,,,,,,,,13.743885903242385,84.64639454,0.0,,43.125,0.098,31.938,0.073,9.75,0.022,3.875,0.009,0.31938,0.073,0.14625,0.033,0.096875,0.0225,0.691005,34.3125,0.0779319603102695,305.296875,0.6934028107934231,0.5146875,0.1168979404654042,10.685390625,2.426909837776981,13.743885903242385,171253,,,0.4559048132109569,Advisory
622694,11587.0,21164.38648,BOL,Bolivia,El Beni,4.038465576,0.0,0.55,0.63,11587.0,,,,,,,,,,,,,,,,,,,,,,,,,4.243882548740507,80.76931152,0.0,,12.188,0.058,9.312,0.044,4.625,0.022,1.875,0.009,0.09312,0.044,0.069375,0.033,0.046875,0.0225,0.30887,17.578125,0.0830552069858811,74.8125,0.3534829609319101,0.263671875,0.1245828104788216,2.6184375,1.2371903632616854,4.243882548740507,118320,,,0.065390554680304,Information
622695,11588.0,3278.202433,BOL,Bolivia,El Beni,4.213391097,0.0,0.55,0.63,11588.0,,,,,,,,,,,,,,,,,,,,,,,,,46.67260185847067,84.26782193999999,0.0,3.0,7.125,0.217,7.062,0.215,7.438,0.227,4.875,0.149,0.07062,0.215,0.11157,0.3405,0.121875,0.3725,1.232065,74.53125,2.27354019526354,297.28125,9.068422590164388,1.11796875,3.41031029289531,10.40484375,31.73947906557536,46.67260185847067,1478,0.0,0.0,0.8615808169682901,Warning
622697,11590.0,1852.307576,BOL,Bolivia,Santa Cruz,4.369565168,0.0,0.55,0.63,11590.0,,,,,,,,,,,,,,,,,,,,,,,,,5.308897705558813,87.39130336000001,0.0,,8.0,0.432,8.0,0.432,1.75,0.094,0.562,0.03,0.08,0.432,0.02625,0.141,0.01405,0.075,0.7683,4.78125,0.258123977947457,21.65625,1.1691497824678938,0.07171875,0.3871859669211855,0.75796875,4.092024238637628,5.308897705558813,0,,,0.1935186918207042,Information
622698,11591.0,25370.03639,BOL,Bolivia,Santa Cruz,3.535518746,0.0,0.55,0.63,11591.0,,,,,,,,,,,,,,,,,,,,,,,,,2.402648654785169,70.71037492,0.0,,11.062,0.044,10.5,0.041,3.625,0.014,1.125,0.004,0.105,0.041,0.054375,0.021,0.028125,0.01,0.2595,17.4375,0.0687326566245295,41.765625,0.164625798528107,0.2615625,0.1030989849367942,1.461796875,0.5761902948483745,2.402648654785169,1259724,,,0.0061980777420601,Information
622699,11592.0,79413.94459,BOL,Bolivia,Cochabamba,1.334782522,0.0,0.55,0.63,11592.0,,,,,,,,,,,,,,,,,,,,,,,,,7.9237673403857345,26.69565044,0.0,,41.375,0.052,38.812,0.049,17.0,0.021,12.125,0.015,0.3881199999999999,0.049,0.255,0.0315,0.303125,0.0375,1.064245,72.140625,0.0908412563678453,170.15625,0.2142649516668477,1.082109375,0.1362618845517679,5.95546875,0.7499273308339669,7.9237673403857345,3750337,,,0.0130489060556017,Information
642472,12412.0,70999.954,BOL,Bolivia,Santa Cruz,3.036639896,0.0,0.55,0.63,12412.0,,,,,,,,,,,,,,,,,,,,,,,,,0.95837,60.73279792,0.0,,145.375,0.205,82.062,0.116,1.25,0.002,0.0,0.0,0.82062,0.116,0.01875,0.003,0.0,0.0,0.95837,6.609375,0.0093089849043603,9.421875,0.0132702550764285,0.099140625,0.0139634773565404,0.329765625,0.0464458927674997,0.4893156201240402,28286,,,0.000102444487826,Information
642481,12420.0,1988.546253,BOL,Bolivia,Santa Cruz,1.190783982,0.0,0.55,0.63,12420.0,,,,,,,,,,,,,,,,,,,,,,,,,4.149980516625327,23.81567964,0.0,,19.938,1.003,19.688,0.99,2.062,0.104,1.5,0.075,0.19688,0.99,0.03093,0.156,0.0375,0.1875,1.5988099999999998,7.171875,0.3606591996381852,16.59375,0.8344663834765855,0.107578125,0.5409887994572778,0.58078125,2.9206323421680493,4.149980516625327,0,,,0.0018068429463902,Information
642482,12421.0,53412.80956,BOL,Bolivia,Santa Cruz,2.670797911,0.0,0.55,0.63,12421.0,,,,,,,,,,,,,,,,,,,,,,,,,2.338795,53.41595822000001,0.0,,348.938,0.653,186.562,0.349,4.375,0.008,1.562,0.003,1.86562,0.349,0.065625,0.012,0.03905,0.0075,2.338795,6.328125,0.0118475793578338,12.515625,0.0234318791743825,0.094921875,0.0177713690367507,0.438046875,0.0820115771103387,0.6327516961470895,29818,,,0.0013874972897324,Information
653440,12755.0,8463.107281,BOL,Bolivia,Santa Cruz,0.14047878,0.0,0.55,0.63,12755.0,,,,,,,,,,,,,,,,,,,,,,,,,35.85270650138935,2.8095756,0.0,,127.938,1.512,72.312,0.854,0.0,0.0,0.0,0.0,0.72312,0.854,0.0,0.0,0.0,0.0,1.57712,0.0,0.0,469.546875,5.548161678968385,0.0,0.0,16.434140625,19.418565876389348,35.85270650138935,16044,,,0.1593208282314026,Advisory
653601,12762.0,5972.558375,BOL,Bolivia,Santa Cruz,0.009436476,0.0,0.55,0.63,12762.0,,,,,,,,,,,,,,,,,,,,,,,,,9.54859156780698,0.1887295199999999,0.0,,391.312,6.552,264.25,4.424,3.312,0.055,0.062,0.001,2.6425,4.424,0.04968,0.0825,0.00155,0.0025,7.202730000000001,96.609375,1.617554303203386,60.609375,1.014797532286258,1.449140625,2.4263314548050787,2.121328125,3.551791363001903,9.54859156780698,23216,,,0.0094654863046998,Information
653602,12763.0,5010.455651,BOL,Bolivia,Santa Cruz,0.289074069,0.0,0.55,0.63,12763.0,,,,,,,,,,,,,,,,,,,,,,,,,11.67975,5.78148138,0.0,,890.625,17.775,389.875,7.781,0.0,0.0,0.0,0.0,3.89875,7.781,0.0,0.0,0.0,0.0,11.67975,0.0,0.0,9.140625,0.1824310129861929,0.0,0.0,0.319921875,0.6385085454516752,0.9584304204516751,368,,,0.0184097367201668,Information
653603,12764.0,4053.065823,BOL,Bolivia,Santa Cruz,0.675454878,0.0,0.55,0.63,12764.0,,,,,,,,,,,,,,,,,,,,,,,,,4.68262,13.50909756,0.0,,402.438,9.929,135.062,3.332,0.0,0.0,0.0,0.0,1.3506200000000002,3.332,0.0,0.0,0.0,0.0,4.68262,0.0,0.0,20.25,0.499621789670573,0.0,0.0,0.70875,1.7486762638470057,2.457426263847005,5137,,,0.0017717217819363,Information
653605,12766.0,3116.867928,BOL,Bolivia,Santa Cruz,3.037647536,0.0,0.55,0.63,12766.0,,,,,,,,,,,,,,,,,,,,,,,,,31.711553356320746,60.75295072,0.0,,365.5,11.727,180.438,5.789,0.0,0.0,0.0,0.0,1.80438,5.789,0.0,0.0,0.0,0.0,7.59338,0.0,0.0,215.296875,6.90747506609164,0.0,0.0,7.535390625,24.17616273132074,31.711553356320746,1052,,,0.4155873598693981,Advisory
653608,12769.0,1571.867812,BOL,Bolivia,Santa Cruz,0.725595317,0.0,0.55,0.63,12769.0,,,,,,,,,,,,,,,,,,,,,,,,,6.558380322090143,14.51190634,0.0,,22.25,1.416,14.5,0.922,0.0,0.0,0.0,0.0,0.145,0.922,0.0,0.0,0.0,0.0,1.067,0.0,0.0,25.453125,1.6192916991686124,0.0,0.0,0.890859375,5.667520947090143,6.558380322090143,273,,,0.0051197685174917,Information
653701,12771.0,14553.47779,BOL,Bolivia,Santa Cruz,2.350540146,0.0,0.55,0.63,12771.0,,,,,,,,,,,,,,,,,,,,,,,,,23.244704792603905,47.01080292,0.0,,2530.938,17.391,1913.812,13.15,0.0,0.0,0.0,0.0,10.0,10.0,0.0,0.0,0.0,0.0,20.0,0.421875,0.0028987916563216,393.46875,2.703606351462692,0.006328125,0.0043481874844824,13.77140625,9.462622230119422,23.244704792603905,295,,,0.2049667365998371,Information
653702,12772.0,9824.971895,BOL,Bolivia,Santa Cruz,1.10368092,0.0,0.55,0.63,12772.0,,,,,,,,,,,,,,,,,,,,,,,,,15.51312,22.0736184,0.0,,876.312,8.919,768.812,7.825,0.0,0.0,0.0,0.0,7.68812,7.825,0.0,0.0,0.0,0.0,15.51312,5.0625,0.0515268649505702,4.359375,0.0443703559296576,0.0759375,0.0772902974258553,0.152578125,0.1552962457538016,0.4611021681796569,1606,,,0.0532552068444621,Information
653703,12773.0,10876.76628,BOL,Bolivia,Santa Cruz,1.391650341,0.0,0.55,0.63,12773.0,,,,,,,,,,,,,,,,,,,,,,,,,14.25712,27.83300682,0.0,,2020.125,18.573,742.812,6.829,0.0,0.0,0.0,0.0,7.42812,6.829,0.0,0.0,0.0,0.0,14.25712,138.796875,1.2760858461379856,97.59375,0.8972680620261013,2.081953125,1.9141287692069784,3.41578125,3.1404382170913547,10.552301361298332,72,,,0.0524309768787345,Information
653706,12776.0,2581.349585,BOL,Bolivia,Santa Cruz,2.209033501,0.0,0.55,0.63,12776.0,,,,,,,,,,,,,,,,,,,,,,,,,5.32812,44.18067002,0.0,,179.312,6.946,109.312,4.235,0.0,0.0,0.0,0.0,1.09312,4.235,0.0,0.0,0.0,0.0,5.32812,0.0,0.0,2.8125,0.1089546342787579,0.0,0.0,0.0984375,0.3813412199756526,0.4797787199756526,6,,,0.0094088758169171,Information
653707,12777.0,8923.994984,BOL,Bolivia,Santa Cruz,3.450151364,0.0,0.55,0.63,12777.0,,,,,,,,,,,,,,,,,,,,,,,,,17.98688,69.00302728,0.0,,1059.75,11.875,848.188,9.505,0.0,0.0,0.0,0.0,8.48188,9.505,0.0,0.0,0.0,0.0,17.98688,,,,,,,,,,275,,,0.2931357763920076,Information
653710,12779.0,1078.785026,BOL,Bolivia,Santa Cruz,2.461804581,0.0,0.55,0.63,12779.0,,,,,,,,,,,,,,,,,,,,,,,,,2.3251214215650853,49.23609162,0.0,,11.25,1.043,8.875,0.823,0.0,0.0,0.0,0.0,0.08875,0.823,0.0,0.0,0.0,0.0,0.91175,3.9375,0.3649939428808844,4.78125,0.4432069306410739,0.0590625,0.5474909143213266,0.16734375,1.551224257243759,2.3251214215650853,12,,,0.0010232033894711,Information
653730,12781.0,3272.53903,BOL,Bolivia,Santa Cruz,2.468795658,0.0,0.55,0.63,12781.0,,,,,,,,,,,,,,,,,,,,,,,,,37.716400120356376,49.37591316,0.0,,91.25,2.788,91.125,2.785,0.0,0.0,0.0,0.0,0.91125,2.785,0.0,0.0,0.0,0.0,3.69625,0.140625,0.0042971221639734,265.640625,8.117263767745833,0.002109375,0.0064456832459601,9.297421875,28.41042318711041,37.716400120356376,3312,,,0.3842519312644398,Advisory
653740,12782.0,2150.47784,BOL,Bolivia,Santa Cruz,0.049172401,0.0,0.55,0.63,12782.0,,,,,,,,,,,,,,,,,,,,,,,,,1.99875,0.98344802,0.0,,37.938,1.764,35.375,1.645,0.0,0.0,0.0,0.0,0.35375,1.645,0.0,0.0,0.0,0.0,1.99875,0.140625,0.0065392443207986,5.203125,0.24195203986955,0.002109375,0.0098088664811979,0.182109375,0.846832139543425,1.0408597560246229,9766,,,4.755000491622699e-05,Information
653750,12783.0,3158.138243,BOL,Bolivia,Santa Cruz,0.80681874,0.0,0.55,0.63,12783.0,,,,,,,,,,,,,,,,,,,,,,,,,4.880573359556441,16.1363748,0.0,,84.188,2.666,83.875,2.656,0.0,0.0,0.0,0.0,0.83875,2.656,0.0,0.0,0.0,0.0,3.49475,9.84375,0.3116947150887765,29.25,0.9261785819780788,0.14765625,0.4675420726331647,1.02375,3.241625036923276,4.880573359556441,3,,,0.0022280469639568,Information
653780,12786.0,7663.719627,BOL,Bolivia,Santa Cruz,2.718738597,0.0,0.55,0.63,12786.0,,,,,,,,,,,,,,,,,,,,,,,,,5.27962,54.37477194,0.0,,241.062,3.146,229.062,2.989,0.0,0.0,0.0,0.0,2.29062,2.989,0.0,0.0,0.0,0.0,5.27962,0.0,0.0,4.078125,0.0532133898207945,0.0,0.0,0.142734375,0.1862468643727807,0.3289812393727808,67,,,0.0155181616118158,Information
653783,12789.0,309.4115835,BOL,Bolivia,Santa Cruz,2.945623898,0.0,0.55,0.63,12789.0,,,,,,,,,,,,,,,,,,,,,,,,,13.447505856294732,58.91247796,0.0,,33.062,10.686,33.062,10.686,0.0,0.0,0.0,0.0,0.3306199999999999,10.0,0.0,0.0,0.0,0.0,10.33062,0.0,0.0,11.53125,3.7268320303699234,0.0,0.0,0.40359375,13.043912106294732,13.447505856294732,0,,,0.132016227901667,Information
653784,12790.0,8269.383673,BOL,Bolivia,Santa Cruz,2.673430648,0.0,0.55,0.63,12790.0,,,,,,,,,,,,,,,,,,,,,,,,,20.0,53.46861296,0.0,,2032.438,24.578,1780.312,21.529,0.0,0.0,0.0,0.0,10.0,10.0,0.0,0.0,0.0,0.0,20.0,5.0625,0.0612197982358285,6.1875,0.0748241978437904,0.0759375,0.0918296973537427,0.2165625,0.2618846924532664,0.6462143898070092,2152,,,0.1992244131833966,Information
653787,12793.0,9384.147506,BOL,Bolivia,Santa Cruz,1.115195156,0.0,0.55,0.63,12793.0,,,,,,,,,,,,,,,,,,,,,,,,,20.0,22.30390312,0.0,,1420.562,15.138,1111.188,11.841,0.0,0.0,0.0,0.0,10.0,10.0,0.0,0.0,0.0,0.0,20.0,2.390625,0.025475143036404,5.203125,0.0554458995498206,0.035859375,0.038212714554606,0.182109375,0.1940606484243721,0.4502421129789781,8157,,,0.08737904806953,Information
653800,12797.0,28967.12901,BOL,Bolivia,Santa Cruz,2.261500905,2.654993564,0.55,0.63,12797.0,12797.0,0.0,1.0,-9999.0,-9999.0,-9999.0,0.0,10.0,-999.9,-999.9,-999.9,-5979.4,0.0,0.0,0.0,0.0,0.0,0.0,0.0,0.0,0.0,0.0,0.0,-5979.4,21.71876910165341,45.2300181,53.09987128,,777.125,2.683,484.188,1.672,0.0,0.0,0.0,0.0,4.84188,1.672,0.0,0.0,0.0,0.0,6.51388,2.390625,0.0082528889885992,460.265625,1.5889238623344348,0.035859375,0.0123793334828988,16.109296875,5.561233518170522,21.71876910165341,43046,,,0.2206963372240014,Information
653901,12799.0,3051.654628,BOL,Bolivia,Santa Cruz,4.091655863,0.0,0.55,0.63,12799.0,,,,,,,,,,,,,,,,,,,,,,,,,36.564580114673895,81.83311726,0.0,3.0,3.625,0.119,3.625,0.119,0.0,0.0,0.0,0.0,0.03625,0.119,0.0,0.0,0.0,0.0,0.15525,8.859375,0.2903138159551699,240.46875,7.8799464330688975,0.132890625,0.4354707239327549,8.41640625,27.579812515741143,36.564580114673895,6935,14.0,0.2,0.7578738551358577,Watch
664053,12904.0,53246.44228,BOL,Bolivia,Oruro,2.873468997,0.0,0.55,0.63,12904.0,,,,,,,,,,,,,,,,,,,,,,,,,3.906118507760871,57.46937994,0.0,,14.438,0.027,14.438,0.027,12.688,0.024,10.688,0.02,0.14438,0.027,0.19032,0.036,0.2672,0.05,0.7149000000000001,17.4375,0.032748666864378,86.484375,0.1624228235612296,0.2615625,0.049123000296567,3.026953125,0.5684798824643036,3.906118507760871,670453,,,0.0084775461280998,Information
664054,12905.0,9939.11338,BOL,Bolivia,La Paz,1.565831602,0.0,0.55,0.63,12905.0,12905.0,1.0,1.0,100.0,-9999.0,-9999.0,3.0,10.0,10.0,-999.9,-999.9,-3953.6,0.0,0.0,0.0,0.0,0.0,0.0,0.0,0.0,0.0,0.0,0.0,-3953.6,0.644624693537403,31.31663204,0.0,,,,,,,,,,,,,,,,,2.390625,0.0240526987533297,8.15625,0.082062148687831,0.035859375,0.0360790481299945,0.28546875,0.2872175204074085,0.644624693537403,22442,,,1.5163395224021272e-06,Information
664055,12906.0,16844.70752,BOL,Bolivia,La Paz,1.769618776,0.0,0.55,0.63,12906.0,,,,,,,,,,,,,,,,,,,,,,,,,1.4163637913674534,35.39237552,0.0,,27.562,0.164,26.562,0.158,20.438,0.121,8.375,0.05,0.26562,0.158,0.3065699999999999,0.1815,0.209375,0.125,1.246065,3.796875,0.022540462605888,23.765625,0.1410865992738918,0.056953125,0.033810693908832,0.831796875,0.4938030974586213,1.4163637913674534,1417695,,,6.666106117890884e-05,Information
664057,12908.0,131.1564002,BOL,Bolivia,La Paz,4.212271421,0.0,0.55,0.63,12908.0,,,,,,,,,,,,,,,,,,,,,,,,,10.04786519468444,84.24542842,0.0,,0.125,0.095,0.125,0.095,0.125,0.095,0.125,0.095,0.00125,0.095,0.001875,0.1425,0.003125,0.2375,0.48125,0.140625,0.1072193196722642,3.65625,2.78770231147887,0.002109375,0.1608289795083963,0.12796875,9.756958090176044,10.04786519468444,7694,,,0.3264380056283684,Information
622664,11560.0,125835.6812,PER,Peru,Madre de Dios,3.121758228,0.0,0.59,0.57,11560.0,,,,,,,,,,,,,,,,,,,,,,,,,14.135642834602834,62.43516456,0.0,,109.875,0.087,78.875,0.063,37.25,0.03,3.562,0.003,0.78875,0.063,0.55875,0.045,0.0890499999999999,0.0075,1.55205,52.03125,0.0413485662374407,351.84375,0.2796057100704778,0.78046875,0.062022849356161,12.31453125,0.9786199852466724,14.135642834602834,390602,,,0.164193272794907,Information
622929,11676.0,36871.28497,PER,Peru,Ucayali,3.868855105,0.0,0.59,0.57,11676.0,11676.0,0.0,1.0,-9999.0,-9999.0,-9999.0,0.0,10.0,-999.9,-999.9,-999.9,-5979.4,0.0,0.0,0.0,0.0,0.0,0.0,0.0,0.0,0.0,0.0,0.0,-5979.4,2.232767801153551,77.3771021,0.0,,24.0,0.065,12.312,0.033,0.188,0.001,0.0,0.0,0.12312,0.033,0.00282,0.0015,0.0,0.0,0.1604399999999999,20.953125,0.0568277591047871,41.203125,0.1117485464275344,0.314296875,0.0852416386571806,1.442109375,0.3911199124963704,2.232767801153551,18547,,,0.0102867646551072,Information
622977,11719.0,33013.60099,PER,Peru,Loreto,3.889850313,0.0,0.59,0.57,11719.0,11719.0,2.0,3.0,100.0,100.0,-9999.0,7.0,8.0,10.0,10.0,-999.9,-3154.1599999999994,0.0,0.0,0.0,0.0,0.0,0.0,0.0,0.0,0.0,0.0,0.0,-3154.1599999999994,19.38295808936754,77.79700626,0.0,,321.312,0.973,201.062,0.609,66.938,0.203,10.938,0.033,2.0106200000000003,0.609,1.00407,0.3045,0.27345,0.0825,4.28414,146.53125,0.4438511571623951,362.25,1.0972750296068423,2.19796875,0.6657767357435926,12.67875,3.840462603623948,19.38295808936754,232185,,,0.4459766900631522,Advisory
622979,11721.0,27894.13656,PER,Peru,Loreto,3.835304005,0.0,0.59,0.57,11721.0,11721.0,0.0,1.0,-9999.0,-9999.0,-9999.0,0.0,10.0,-999.9,-999.9,-999.9,-5979.4,0.0,0.0,0.0,0.0,0.0,0.0,0.0,0.0,0.0,0.0,0.0,-5979.4,5.785610685655496,76.7060801,0.0,,98.438,0.353,51.312,0.184,1.688,0.006,0.25,0.001,0.51312,0.184,0.02532,0.009,0.00625,0.0025,0.7401899999999999,4.359375,0.0156282844247384,119.8125,0.4295257525766825,0.065390625,0.0234424266371075,4.1934375,1.5033401340183887,5.785610685655496,248100,,,0.0818373474561252,Information
622981,11722.0,2227.383096,PER,Peru,Loreto,3.638317105,0.0,0.59,0.57,11722.0,11722.0,0.0,18.0,-9999.0,-9999.0,-9999.0,0.0,1.0,-999.9,-999.9,-999.9,-5997.4,0.0,0.0,0.0,0.0,0.0,0.0,0.0,0.0,0.0,0.0,0.0,-5997.4,7.121434925691415,72.7663421,0.0,,,,,,,,,,,,,,,,,18.5625,0.8333770706680399,29.109375,1.3068867699112443,0.2784375,1.2500656060020598,1.018828125,4.574103694689355,7.121434925691415,28687,,,0.0899043316246249,Information
622982,11723.0,43192.54138,PER,Peru,Loreto,4.020638943,0.0,0.59,0.57,11723.0,,,,,,,,,,,,,,,,,,,,,,,,,3.300862348264185,80.41277886,0.0,,224.875,0.521,136.625,0.316,0.0,0.0,0.0,0.0,1.36625,0.316,0.0,0.0,0.0,0.0,1.68225,22.5,0.0520923272414846,66.9375,0.1549746735434167,0.3375,0.0781384908622268,2.3428125,0.5424113574019584,3.300862348264185,27441,,,0.0374812580792661,Information
622983,11724.0,36423.99043,PER,Peru,Loreto,4.025740903,0.0,0.59,0.57,11724.0,11724.0,0.0,17.0,-9999.0,-9999.0,-9999.0,0.0,1.0,-999.9,-999.9,-999.9,-5997.4,0.0,0.0,0.0,0.0,0.0,0.0,0.0,0.0,0.0,0.0,0.0,-5997.4,10.822076235913782,80.51481806,0.0,,360.0,0.988,221.75,0.609,3.5,0.01,0.312,0.001,2.2175,0.609,0.0525,0.015,0.0078,0.0025,2.9043,139.5,0.3829893385270737,182.8125,0.5019013508923346,2.0925,0.5744840077906105,6.3984375,1.756654728123171,10.822076235913782,29148,,,0.2782439522406592,Information
622984,11725.0,90274.41672,PER,Peru,San Martín,3.155560974,0.0,0.59,0.57,11725.0,11725.0,0.0,4.0,-9999.0,-9999.0,-9999.0,0.0,7.0,-999.9,-999.9,-999.9,-5991.4,0.0,0.0,0.0,0.0,0.0,0.0,0.0,0.0,0.0,0.0,0.0,-5991.4,10.135199409088298,63.11121948,0.0,,253.375,0.281,105.5,0.117,5.438,0.006,0.625,0.001,1.055,0.117,0.08157,0.009,0.015625,0.0025,1.2806949999999997,125.296875,0.1387955519954802,207.0,0.2293008445985936,1.879453125,0.2081933279932202,7.245,0.8025529560950776,10.135199409088298,2004345,,,0.0981971013138116,Information
622985,11726.0,4295.200149,PER,Peru,Loreto,4.036988724,0.0,0.59,0.57,11726.0,,,,,,,,,,,,,,,,,,,,,,,,,9.697485096979207,80.73977448000001,0.0,,152.438,3.549,127.0,2.957,5.688,0.132,0.562,0.013,1.27,2.957,0.08532,0.198,0.01405,0.0325,4.556870000000001,45.28125,1.0542291029089312,63.84375,1.4863975550330892,0.67921875,1.5813436543633967,2.23453125,5.202391442615812,9.697485096979207,4547,,,0.2463012126162742,Information
622987,11728.0,31867.06685,PER,Peru,Loreto,3.64066584,0.0,0.59,0.57,11728.0,11728.0,0.0,15.0,-9999.0,-9999.0,-9999.0,0.0,1.0,-999.9,-999.9,-999.9,-4971.5,0.0,0.0,0.0,0.0,0.0,0.0,0.0,0.0,0.0,0.0,0.0,-4971.5,11.020554025348746,72.8133168,0.0,,95.562,0.3,46.562,0.146,0.0,0.0,0.0,0.0,0.46562,0.146,0.0,0.0,0.0,0.0,0.6116199999999999,101.8125,0.3194912806961429,196.03125,0.6151531012298663,1.5271875,0.4792369210442143,6.86109375,2.153035854304532,11.020554025348746,100197,,,0.1832721855058924,Information
622991,11731.0,4607.210683,PER,Peru,Loreto,3.470181231,0.0,0.59,0.57,11731.0,11731.0,0.0,1.0,-9999.0,-9999.0,-9999.0,0.0,10.0,-999.9,-999.9,-999.9,-5979.4,0.0,0.0,0.0,0.0,0.0,0.0,0.0,0.0,0.0,0.0,0.0,-5979.4,9.180114600423485,69.40362462,0.0,,,,,,,,,,,,,,,,,44.71875,0.970625245475798,63.5625,1.3796308520599392,0.67078125,1.455937868213697,2.2246875,4.828707982209787,9.180114600423485,12076,,,0.1143253530766015,Information
622992,11732.0,18829.29874,PER,Peru,Loreto,4.028006719,0.0,0.59,0.57,11732.0,,,,,,,,,,,,,,,,,,,,,,,,,2.55356641077954,80.56013438000001,0.0,,48.812,0.259,18.75,0.1,0.125,0.001,0.0,0.0,0.1875,0.1,0.001875,0.0015,0.0,0.0,0.290875,29.8125,0.1583303786553646,34.875,0.1852166693704265,0.4471875,0.2374955679830468,1.220625,0.6482583427964927,2.55356641077954,34711,,,0.0211866614678456,Information
622993,11733.0,87889.73514,PER,Peru,Loreto,2.752972125,0.0,0.59,0.57,11733.0,11733.0,0.0,1.0,-9999.0,-9999.0,-9999.0,0.0,10.0,-999.9,-999.9,-999.9,-5979.4,0.0,0.0,0.0,0.0,0.0,0.0,0.0,0.0,0.0,0.0,0.0,-5979.4,37.71690526019557,55.0594425,0.0,,864.062,0.983,433.875,0.494,52.312,0.06,9.875,0.011,4.33875,0.494,0.7846799999999999,0.09,0.246875,0.0274999999999999,5.981805,451.265625,0.5134451984434856,774.140625,0.8808089178658113,6.768984375,0.7701677976652284,27.094921875,3.08283121253034,37.71690526019557,639373,,,0.4304485672467538,Advisory
622995,11735.0,22094.77141,PER,Peru,Ucayali,3.155660365,0.0,0.59,0.57,11735.0,11735.0,0.0,1.0,-9999.0,-9999.0,-9999.0,0.0,10.0,-999.9,-999.9,-999.9,-5979.4,0.0,0.0,0.0,0.0,0.0,0.0,0.0,0.0,0.0,0.0,0.0,-5979.4,21.276896488575208,63.1132073,0.0,,155.0,0.702,118.875,0.538,9.312,0.042,1.812,0.008,1.18875,0.538,0.13968,0.063,0.0453,0.02,1.99473,126.0,0.5702706656838888,364.5,1.6497115685855357,1.89,0.8554059985258333,12.7575,5.773990490049375,21.276896488575208,21989,,,0.2910802134384851,Information
622996,11736.0,59722.35011,PER,Peru,Cusco,1.720006637,0.0,0.59,0.57,11736.0,11736.0,0.0,7.0,-9999.0,-9999.0,-9999.0,0.0,4.0,-999.9,-999.9,-999.9,-5991.4,0.0,0.0,0.0,0.0,0.0,0.0,0.0,0.0,0.0,0.0,0.0,-5991.4,3.849820765284016,34.400132740000004,0.0,,52.75,0.088,28.5,0.048,8.562,0.014,3.312,0.006,0.285,0.048,0.12843,0.021,0.0828,0.015,0.58023,16.734375,0.0280202888353082,87.046875,0.1457525948660152,0.251015625,0.0420304332529622,3.046640625,0.5101340820310531,3.849820765284016,1122807,,,0.002287363592069,Information
622997,11737.0,32476.9302,PER,Peru,Junín,2.377720199,0.0,0.59,0.57,11737.0,,,,,,,,,,,,,,,,,,,,,,,,,2.6273681510590743,47.55440398,0.0,,15.625,0.048,8.375,0.026,0.562,0.002,0.188,0.001,0.08375,0.026,0.00843,0.003,0.0046999999999999,0.0025,0.12838,12.515625,0.0385369704720039,52.03125,0.1602098772431624,0.187734375,0.0578054557080058,1.82109375,0.5607345703510684,2.6273681510590743,885383,,,0.0013776607821095,Information
622998,11738.0,65046.88784,PER,Peru,Apurímac,1.653508399,0.0,0.59,0.57,11738.0,,,,,,,,,,,,,,,,,,,,,,,,,3.238390648665611,33.07016798,0.0,,26.375,0.041,23.562,0.036,8.188,0.013,2.312,0.004,0.23562,0.036,0.12282,0.0195,0.0577999999999999,0.01,0.48174,22.078125,0.0339418621445395,70.734375,0.1087436729853719,0.331171875,0.0509127932168092,2.475703125,0.3806028554488016,3.238390648665611,965899,,,0.0012285776605743,Information
622999,11739.0,34747.32781,PER,Peru,Junín,1.226072426,0.0,0.59,0.57,11739.0,,,,,,,,,,,,,,,,,,,,,,,,,6.789279217761213,24.52144852,0.0,,30.25,0.087,21.812,0.063,6.875,0.02,4.375,0.013,0.21812,0.063,0.103125,0.03,0.109375,0.0325,0.5561200000000001,40.078125,0.115341603310735,133.453125,0.3840673036557459,0.601171875,0.1730124049661024,4.670859375,1.3442355627951106,6.789279217761213,1842496,,,0.0080090309277392,Information
664056,12907.0,11980.83349,PER,Peru,Puno,1.162675683,0.0,0.59,0.57,12907.0,12907.0,0.0,1.0,-9999.0,-9999.0,-9999.0,0.0,10.0,-999.9,-999.9,-999.9,-5979.4,0.0,0.0,0.0,0.0,0.0,0.0,0.0,0.0,0.0,0.0,0.0,-5979.4,3.0611696718686465,23.25351366,0.0,,26.875,0.224,25.188,0.21,21.312,0.178,8.438,0.07,0.25188,0.21,0.31968,0.267,0.21095,0.175,1.4345100000000002,9.84375,0.0821624806412181,43.453125,0.3626886645448056,0.14765625,0.1232437209618271,1.520859375,1.2694103259068197,3.0611696718686465,257008,,,0.000637139058874,Information
664058,12909.0,10382.47398,PER,Peru,Puno,2.287295967,0.0,0.59,0.57,12909.0,12909.0,0.0,1.0,-9999.0,-9999.0,-9999.0,0.0,10.0,-999.9,-999.9,-999.9,-5979.4,0.0,0.0,0.0,0.0,0.0,0.0,0.0,0.0,0.0,0.0,0.0,-5979.4,0.4389506586584818,45.74591934,0.0,,8.312,0.08,8.312,0.08,4.938,0.048,2.625,0.025,0.08312,0.08,0.07407,0.072,0.065625,0.0625,0.4373149999999999,0.140625,0.0013544459664055,6.328125,0.0609500684882496,0.002109375,0.0020316689496082,0.221484375,0.2133252397088736,0.4389506586584818,147195,,,7.284938060779532e-07,Information
664059,12910.0,27359.78378,PER,Peru,Puno,3.319479096,0.0,0.59,0.57,12910.0,12910.0,0.0,1.0,-9999.0,-9999.0,-9999.0,0.0,10.0,-999.9,-999.9,-999.9,-5979.4,0.0,0.0,0.0,0.0,0.0,0.0,0.0,0.0,0.0,0.0,0.0,-5979.4,4.051694425801114,66.38958192,0.0,,45.812,0.167,44.625,0.163,29.125,0.106,9.375,0.034,0.44625,0.163,0.436875,0.159,0.234375,0.085,1.5245,19.96875,0.0729857741534399,76.21875,0.2785795041631298,0.29953125,0.1094786612301598,2.66765625,0.9750282645709544,4.051694425801114,952931,,,0.0171851265510469,Information
671013,12913.0,270.9580869,PER,Peru,Tacna,3.81659406,0.0,0.59,0.57,12913.0,,,,,,,,,,,,,,,,,,,,,,,,,2.078911406971116,76.3318812,0.0,,0.688,0.254,0.625,0.231,0.25,0.092,0.0,0.0,0.00625,0.231,0.00375,0.138,0.0,0.0,0.379,0.703125,0.2594958534578353,1.265625,0.4670925362241036,0.010546875,0.389243780186753,0.044296875,1.6348238767843628,2.078911406971116,221,,,0.0075019574406,Information
671014,12914.0,5812.06242,PER,Peru,Tacna,4.021789953,0.0,0.59,0.57,12914.0,,,,,,,,,,,,,,,,,,,,,,,,,1.3275480848020156,80.43579906,0.0,,2.688,0.046,2.688,0.046,1.5,0.026,0.5,0.009,0.02688,0.046,0.0225,0.039,0.0125,0.0225,0.16938,5.625,0.0967814795160825,11.53125,0.1984020330079691,0.084375,0.1451722192741237,0.40359375,0.6944071155278919,1.3275480848020156,15762,,,0.0035686662581151,Information
671015,12915.0,506.78043,PER,Peru,Moquegua,1.322831993,0.0,0.59,0.57,12915.0,,,,,,,,,,,,,,,,,,,,,,,,,0.6122540279888816,26.456639860000003,0.0,,2.438,0.481,2.062,0.407,0.062,0.012,0.0,0.0,0.02062,0.407,0.0009299999999999,0.018,0.0,0.0,0.44655,0.0,0.0,0.84375,0.1664922222825376,0.0,0.0,0.02953125,0.5827227779888816,0.6122540279888816,76010,,,8.402332677336388e-07,Information
671018,12918.0,13206.40903,PER,Peru,Moquegua,1.699165001,0.0,0.59,0.57,12918.0,,,,,,,,,,,,,,,,,,,,,,,,,1.2911361139781214,33.98330002,0.0,,4.0,0.03,4.0,0.03,1.188,0.009,0.625,0.005,0.04,0.03,0.01782,0.0134999999999999,0.015625,0.0125,0.129445,4.359375,0.0330095409728646,19.125,0.1448160507196641,0.065390625,0.0495143114592969,0.669375,0.5068561775188244,1.2911361139781214,68015,,,4.170496154044172e-05,Information
671019,12919.0,1704.159856,PER,Peru,Arequipa,0.144914528,0.0,0.59,0.57,12919.0,,,,,,,,,,,,,,,,,,,,,,,,,0.4732477191647138,2.8982905599999995,0.0,,3.875,0.227,2.5,0.147,0.375,0.022,0.0,0.0,0.025,0.147,0.005625,0.033,0.0,0.0,0.2106249999999999,0.0,0.0,1.96875,0.1155261340470611,0.0,0.0,0.06890625,0.4043414691647138,0.4732477191647138,34162,,,5.078419401941764e-08,Information
671020,12920.0,13611.97791,PER,Peru,Arequipa,3.223959274,0.0,0.59,0.57,12920.0,12920.0,0.0,1.0,-9999.0,-9999.0,-9999.0,0.0,10.0,-999.9,-999.9,-999.9,-5979.4,0.0,0.0,0.0,0.0,0.0,0.0,0.0,0.0,0.0,0.0,0.0,-5979.4,1.9112287463650568,64.47918548,0.0,,8.938,0.066,8.625,0.063,6.812,0.05,3.5,0.026,0.08625,0.063,0.1021799999999999,0.075,0.0875,0.065,0.47893,12.09375,0.0888463828173515,26.296875,0.1931892277540086,0.18140625,0.1332695742260272,0.920390625,0.6761622971390301,1.9112287463650568,1206660,,,0.0017368791145137,Information
671030,12921.0,449.1732496,PER,Peru,Arequipa,4.067822943,0.0,0.59,0.57,12921.0,,,,,,,,,,,,,,,,,,,,,,,,,0.36363,81.35645886,0.0,,1.938,0.431,1.188,0.264,0.25,0.056,0.0,0.0,0.01188,0.264,0.00375,0.084,0.0,0.0,0.36363,0.28125,0.0626150377994182,0.28125,0.0626150377994182,0.00421875,0.0939225566991273,0.00984375,0.2191526322979637,0.327137688997091,35775,,,4.1232999963597685e-05,Information
671040,12922.0,17132.15155,PER,Peru,Arequipa,2.53859212,0.0,0.59,0.57,12922.0,12922.0,0.0,1.0,-9999.0,-9999.0,-9999.0,0.0,10.0,-999.9,-999.9,-999.9,-5979.4,0.0,0.0,0.0,0.0,0.0,0.0,0.0,0.0,0.0,0.0,0.0,-5979.4,1.5188652179071704,50.7718424,0.0,,17.875,0.104,17.375,0.101,8.812,0.051,3.25,0.019,0.17375,0.101,0.13218,0.0765,0.08125,0.0475,0.6121800000000001,8.15625,0.0476078557750966,23.90625,0.1395402669270073,0.12234375,0.0714117836626449,0.83671875,0.4883909342445255,1.5188652179071704,192167,,,0.0002521120743311,Information
671050,12923.0,2483.809782,PER,Peru,Arequipa,1.689498681,0.0,0.59,0.57,12923.0,,,,,,,,,,,,,,,,,,,,,,,,,0.5548313620304631,33.78997362,0.0,,3.25,0.131,1.562,0.063,0.438,0.018,0.0,0.0,0.01562,0.063,0.00657,0.0269999999999999,0.0,0.0,0.11219,1.125,0.0452933235190281,2.671875,0.1075716433576917,0.016875,0.0679399852785421,0.093515625,0.376500751751921,0.5548313620304631,3429,,,8.681310743742215e-07,Information
671060,12924.0,16098.68144,PER,Peru,Arequipa,1.016035621,0.0,0.59,0.57,12924.0,12924.0,0.0,1.0,-9999.0,-9999.0,-9999.0,0.0,10.0,-999.9,-999.9,-999.9,-5979.4,0.0,0.0,0.0,0.0,0.0,0.0,0.0,0.0,0.0,0.0,0.0,-5979.4,1.1022681879732894,20.320712420000003,0.0,,8.062,0.05,8.062,0.05,1.938,0.012,1.188,0.007,0.08062,0.05,0.02907,0.018,0.0296999999999999,0.0175,0.22489,3.65625,0.0227114873574054,17.859375,0.1109368805534804,0.05484375,0.0340672310361081,0.625078125,0.3882790819371814,1.1022681879732894,61837,,,9.317846086901664e-06,Information
671071,12925.0,22399.68202,PER,Peru,Arequipa,1.798826721,0.0,0.59,0.57,12925.0,,,,,,,,,,,,,,,,,,,,,,,,,1.198054914358401,35.97653442,0.0,,26.312,0.117,21.312,0.095,3.875,0.017,0.438,0.002,0.21312,0.095,0.058125,0.0255,0.01095,0.005,0.407695,8.296875,0.0370401463448992,20.109375,0.0897752699545863,0.124453125,0.0555602195173488,0.703828125,0.314213444841052,1.198054914358401,134375,,,3.466836768830074e-05,Information
671073,12927.0,143.2207437,PER,Peru,Ica,0.458438548,0.0,0.59,0.57,12927.0,,,,,,,,,,,,,,,,,,,,,,,,,3.5853783254017784,9.16877096,0.0,,0.688,0.48,0.562,0.393,0.062,0.044,0.0,0.0,0.00562,0.393,0.0009299999999999,0.066,0.0,0.0,0.46555,0.421875,0.2945627771168148,1.265625,0.8836883313504447,0.006328125,0.4418441656752221,0.044296875,3.092909159726556,3.5853783254017784,0,,,0.0006143360229355,Information
671075,12929.0,67047.68295,PER,Peru,Lima,3.758784168,0.0,0.59,0.57,12929.0,12929.0,0.0,1.0,-9999.0,-9999.0,-9999.0,0.0,10.0,-999.9,-999.9,-999.9,-5983.4,0.0,0.0,0.0,0.0,0.0,0.0,0.0,0.0,0.0,0.0,0.0,-5983.4,4.535272543526077,75.17568336,0.0,,70.875,0.106,55.625,0.083,8.625,0.013,4.625,0.007,0.55625,0.083,0.129375,0.0195,0.115625,0.0175,0.92125,18.0,0.02684656532027,105.046875,0.1566748772987632,0.27,0.040269847980405,3.676640625,0.5483620705456712,4.535272543526077,14050951,,,0.0445712468063264,Information
671076,12930.0,12006.30651,PER,Peru,Ancash,0.745215813,0.0,0.59,0.57,12930.0,12930.0,0.0,1.0,-9999.0,-9999.0,-9999.0,0.0,10.0,-999.9,-999.9,-999.9,-5979.4,0.0,0.0,0.0,0.0,0.0,0.0,0.0,0.0,0.0,0.0,0.0,-5979.4,3.2876133075979155,14.904316259999998,0.0,,,,,,,,,,,,,,,,,0.140625,0.0011712594532323,51.1875,0.4263384409765907,0.002109375,0.0017568891798484,1.7915625,1.4921845434180674,3.2876133075979155,417490,,,0.0005697340700993,Information
671077,12931.0,46982.31978,PER,Peru,La Libertad,4.002740063,0.486082264,0.59,0.57,12931.0,12931.0,0.0,1.0,-9999.0,-9999.0,-9999.0,0.0,10.0,-999.9,-999.9,-999.9,-5984.733333333333,0.0,0.0,0.0,0.0,0.0,0.0,0.0,0.0,0.0,0.0,0.0,-5984.733333333333,10.786844086609976,80.05480126,9.72164528,,240.0,0.511,133.812,0.285,35.5,0.076,28.125,0.06,1.3381200000000002,0.285,0.5325,0.1139999999999999,0.703125,0.15,3.122745,130.921875,0.2786620065236602,198.0,0.4214351290927106,1.963828125,0.4179930097854902,6.93,1.475022951824487,10.786844086609976,3398435,,,0.269389244845687,Information
671078,12932.0,9590.625177,PER,Peru,Piura,3.539763086,0.0,0.59,0.57,12932.0,12932.0,0.0,18.0,-9999.0,-9999.0,-9999.0,0.0,1.0,-999.9,-999.9,-999.9,-5997.4,0.0,0.0,0.0,0.0,0.0,0.0,0.0,0.0,0.0,0.0,0.0,-5997.4,0.6520633186309908,70.79526172,0.0,,32.062,0.334,6.688,0.07,0.062,0.001,0.0,0.0,0.06688,0.07,0.0009299999999999,0.0015,0.0,0.0,0.13931,4.21875,0.0439882689820693,7.3125,0.0762463329022534,0.06328125,0.0659824034731039,0.2559375,0.2668621651578869,0.6520633186309908,1102089,,,7.178242445334127e-05,Information
671079,12933.0,927.8853406,PER,Peru,Piura,1.838288657,1.761148979,0.59,0.57,12933.0,,,,,,,,,,,,,,,,,,,,,,,,,7.3947894814869475,36.76577314,35.22297958,,2.688,0.29,2.312,0.249,0.062,0.007,0.0,0.0,0.0231199999999999,0.249,0.0009299999999999,0.0105,0.0,0.0,0.2835499999999999,9.703125,1.0457245713272103,13.78125,1.4852319998560377,0.145546875,1.5685868569908157,0.48234375,5.198311999496132,7.3947894814869475,129611,,,0.0159336935465931,Information
671080,12934.0,17801.51659,PER,Peru,Piura,1.704184965,0.0,0.59,0.57,12934.0,12934.0,0.0,5.0,-9999.0,-9999.0,-9999.0,0.0,6.0,-999.9,-999.9,-999.9,-5987.4,0.0,0.0,0.0,0.0,0.0,0.0,0.0,0.0,0.0,0.0,0.0,-5987.4,1.8722696933293284,34.0836993,0.0,,24.625,0.138,16.75,0.094,2.938,0.017,0.5,0.003,0.1675,0.094,0.04407,0.0255,0.0125,0.0075,0.35107,14.625,0.0821559215322582,27.984375,0.1572021960088403,0.219375,0.1232338822983873,0.979453125,0.5502076860309411,1.8722696933293284,742095,,,0.0001845577347042,Information
671090,12935.0,11259.65853,PER,Peru,Tumbes,2.379603122,0.379675952,0.59,0.57,12935.0,12935.0,0.0,6.0,-9999.0,-9999.0,-9999.0,0.0,5.0,-999.9,-999.9,-999.9,-5988.066666666666,0.0,0.0,0.0,0.0,0.0,0.0,0.0,0.0,0.0,0.0,0.0,-5988.066666666666,0.5615700941318359,47.59206243999999,7.593519039999999,,6.688,0.059,5.688,0.051,0.062,0.001,0.125,0.001,0.05688,0.051,0.0009299999999999,0.0015,0.003125,0.0025,0.115935,3.09375,0.027476410500711,7.171875,0.0636953152516484,0.04640625,0.0412146157510665,0.251015625,0.2229336033807694,0.5615700941318359,371981,,,2.865516718585582e-06,Information
622978,11720.0,102875.352,ECU,Ecuador,Orellana,3.744630589,0.0,0.57,0.6,11720.0,11720.0,1.0,2.0,62.0,2.0,-9999.0,3.0,9.0,6.2,0.2,-999.9,-2424.222222222222,0.0,0.0,0.0,0.0,0.0,0.0,0.0,0.0,0.0,0.0,0.0,-2424.222222222222,5.560772159925749,74.89261178,0.0,,733.688,0.713,390.0,0.379,6.562,0.006,2.312,0.002,3.9,0.379,0.09843,0.009,0.0577999999999999,0.005,4.44923,23.203125,0.022554600829009,134.859375,0.1310900739092102,0.348046875,0.0338319012435135,4.720078125,0.4588152586822357,5.560772159925749,683327,,,0.0658508545596691,Information
622986,11727.0,42554.07429,ECU,Ecuador,Morona Santiago,1.961583459,0.0,0.57,0.6,11727.0,11727.0,0.0,1.0,-9999.0,-9999.0,-9999.0,0.0,10.0,-999.9,-999.9,-999.9,-3461.45,0.0,0.0,0.0,0.0,0.0,0.0,0.0,0.0,0.0,0.0,0.0,-3461.45,3.330145057265594,39.23166918,0.0,,77.688,0.183,62.812,0.148,0.375,0.001,0.0,0.0,0.62812,0.148,0.005625,0.0015,0.0,0.0,0.783245,27.84375,0.0654314550657562,65.109375,0.1530038570477028,0.41765625,0.0981471825986343,2.278828125,0.5355134996669598,3.330145057265594,1472130,,,0.0018418294818496,Information
622988,11729.0,33171.17161,ECU,Ecuador,Morona Santiago,1.688855418,0.0,0.57,0.6,11729.0,11729.0,0.0,14.0,5.0,2.0,-9999.0,0.0,1.0,0.5,0.2,-999.9,-3659.433333333333,0.0,0.0,0.0,0.0,0.0,0.0,0.0,0.0,0.0,0.0,0.0,-3659.433333333333,2.030592912089445,33.77710836,0.0,,41.938,0.126,39.625,0.119,0.0,0.0,0.0,0.0,0.39625,0.119,0.0,0.0,0.0,0.0,0.51525,29.53125,0.0890268524459517,31.921875,0.0962337881201478,0.44296875,0.1335402786689275,1.117265625,0.3368182584205172,2.030592912089445,1275204,,,0.0002463460485236,Information
672010,12937.0,16512.61257,ECU,Ecuador,Azuay,3.527973304,2.290431775,0.57,0.6,12937.0,,,,,,,,,,,,,,,,,,,,,,,,,14.155726931301682,70.55946608,45.8086355,,225.875,1.368,198.625,1.203,3.625,0.022,6.5,0.039,1.98625,1.203,0.054375,0.033,0.1625,0.0975,3.5366250000000004,65.390625,0.3960041133551769,223.875,1.3557818246482618,0.980859375,0.5940061700327653,7.835625,4.745236386268917,14.155726931301682,1247619,,,0.2320070322919297,Information
672021,12938.0,365.7532425,ECU,Ecuador,Guayas,3.073126444,4.005958475,0.57,0.6,12938.0,,,,,,,,,,,,,,,,,,,,,,,,,52.930625,61.46252888,80.1191695,3.0,24.438,6.681,15.875,4.34,0.0,0.0,2.438,0.666,0.15875,4.34,0.0,0.0,0.06095,1.665,6.2247,51.328125,14.03353929105001,61.734375,16.878695202112205,0.769921875,15.0,2.160703125,35.0,52.930625,293318,1279.0,0.44,0.8362658667829131,Warning
672022,12939.0,18790.06237,ECU,Ecuador,Bolivar,3.321078062,0.0,0.57,0.6,12939.0,12939.0,0.0,25.0,-9999.0,-9999.0,-9999.0,0.0,1.0,-999.9,-999.9,-999.9,-5997.4,0.0,0.0,0.0,0.0,0.0,0.0,0.0,0.0,0.0,0.0,0.0,-5997.4,11.437964417837112,66.42156124,0.0,,24.312,0.129,21.75,0.116,0.0,0.0,0.25,0.001,0.2175,0.116,0.0,0.0,0.00625,0.0025,0.34225,128.53125,0.6840384424325368,158.203125,0.8419510369109451,1.92796875,1.026057663648805,5.537109375,2.946828629188308,11.437964417837112,2088726,,,0.1407521680177259,Information
672023,12940.0,264.4305023,ECU,Ecuador,Guayas,2.860093739,0.0,0.57,0.6,12940.0,,,,,,,,,,,,,,,,,,,,,,,,,6.428124999999999,57.20187478,0.0,,16.25,6.145,16.25,6.145,0.0,0.0,0.125,0.047,0.1625,6.145,0.0,0.0,0.003125,0.1175,6.428124999999999,1.125,0.4254425984295861,1.125,0.4254425984295861,0.016875,0.6381638976443791,0.039375,1.4890490945035513,2.1834629921479305,1285674,,,0.0289924936474682,Information
672024,12941.0,1600.681522,ECU,Ecuador,Los Rios,3.427720834,0.0,0.57,0.6,12941.0,,,,,,,,,,,,,,,,,,,,,,,,,4.387471048893082,68.55441668,0.0,,1.625,0.102,1.625,0.102,0.0,0.0,0.0,0.0,0.01625,0.102,0.0,0.0,0.0,0.0,0.11825,11.8125,0.737966911979138,12.234375,0.76432287312125,0.1771875,1.106950367968707,0.428203125,2.675130055924375,4.387471048893082,154650,,,0.0244475330515809,Information
672025,12942.0,2816.056647,ECU,Ecuador,Guayas,3.338080932,0.0,0.57,0.6,12942.0,12942.0,0.0,1.0,-9999.0,-9999.0,-9999.0,0.0,10.0,-999.9,-999.9,-999.9,-5979.4,0.0,0.0,0.0,0.0,0.0,0.0,0.0,0.0,0.0,0.0,0.0,-5979.4,1.5807839594393336,66.76161864,0.0,,,,,,,,,,,,,,,,,6.75,0.2396968828060243,7.03125,0.249684252922942,0.10125,0.3595453242090364,0.24609375,0.873894885230297,1.5807839594393336,407901,,,0.0011603710156542,Information
672030,12947.0,21089.6456,ECU,Ecuador,Manabi,3.252708554,3.267401295,0.57,0.6,12947.0,12947.0,0.0,1.0,-9999.0,-9999.0,-9999.0,0.0,10.0,-999.9,-999.9,-999.9,-5979.4,0.0,0.0,0.0,0.0,0.0,0.0,0.0,0.0,0.0,0.0,0.0,-5979.4,12.25170429003505,65.05417108,65.3480259,,205.938,0.976,156.375,0.741,1.25,0.006,3.562,0.017,1.56375,0.741,0.01875,0.009,0.0890499999999999,0.0425,2.4640499999999994,100.265625,0.4754258411666653,194.484375,0.9221794366528724,1.503984375,0.713138761749998,6.806953125,3.2276280282850536,12.25170429003505,3306562,,,0.1492420568363356,Information
672040,12948.0,21675.48566,ECU,Ecuador,Pichincha,0.927465963,0.0,0.57,0.6,12948.0,12948.0,0.0,10.0,-9999.0,-9999.0,-9999.0,0.0,1.0,-999.9,-999.9,-999.9,-5996.9,0.0,0.0,0.0,0.0,0.0,0.0,0.0,0.0,0.0,0.0,0.0,-5996.9,-5996.9,18.54931926,0.0,,,,,,,,,,,,,,,,,,,,,,,,,,3895936,,,,
672050,12949.0,22718.71045,ECU,Ecuador,Esmeraldas,2.314925836,3.71430211,0.57,0.6,12949.0,12949.0,0.0,5.0,-9999.0,-9999.0,-9999.0,0.0,6.0,-999.9,-999.9,-999.9,-5486.35,0.0,0.0,0.0,0.0,0.0,0.0,0.0,0.0,0.0,0.0,0.0,-5486.35,4.298557458128602,46.29851672,74.2860422,,,,,,,,,,,,,,,,,0.140625,0.0006189831958203,85.21875,0.3751038166671064,0.002109375,0.0009284747937304,2.98265625,1.3128633583348723,4.298557458128602,992535,,,0.0368271841662162,Information
641408,12249.0,5454.146757,URY,Uruguay,Treinta y Tres,0.606839033,0.0,0.73,0.38,12249.0,12249.0,0.0,18.0,2.0,-9999.0,-9999.0,0.0,1.0,0.2,-999.9,-999.9,-3997.2,0.0,0.0,0.0,0.0,0.0,0.0,0.0,0.0,0.0,0.0,0.0,-3997.2,0.916449595960996,12.13678066,0.0,,,,,,,,,,,,,,,,,6.46875,0.1186024191921992,6.46875,0.1186024191921992,0.09703125,0.1779036287882988,0.22640625,0.4151084671726972,0.916449595960996,39818,,,2.5210364723032694e-06,Information
641409,12250.0,9282.809173,URY,Uruguay,Lavalleja,2.04600471,0.0,0.73,0.38,12250.0,12250.0,0.0,6.0,3.0,2.0,-9999.0,0.0,5.0,0.3,0.2,-999.9,-1992.8,0.0,0.0,0.0,0.0,0.0,0.0,0.0,0.0,0.0,0.0,0.0,-1992.8,3.096415846510128,40.9200942,0.0,,,,,,,,,,,,,,,,,29.8125,0.3211581693020256,29.8125,0.3211581693020256,0.4471875,0.4817372539530384,1.0434375,1.1240535925570896,3.096415846510128,10476,,,0.0015958487756386,Information
641503,12253.0,10920.27049,URY,Uruguay,Maldonado,0.480896184,0.069496433,0.73,0.38,12253.0,12253.0,0.0,20.0,3.0,2.0,-9999.0,0.0,1.0,0.3,0.2,-999.9,-1996.8,0.0,0.0,0.0,0.0,0.0,0.0,0.0,0.0,0.0,0.0,0.0,-1996.8,2.011065645813595,9.61792368,1.3899286599999998,,,,,,,,,,,,,,,,,10.265625,0.0940052264157969,25.59375,0.2343691946256856,0.153984375,0.1410078396236953,0.89578125,0.8202921811898995,2.011065645813595,1918935,,,7.079297359440468e-05,Information
641504,12254.0,13490.49633,URY,Uruguay,Florida,0.765248928,0.009443543,0.73,0.38,12254.0,12254.0,0.0,6.0,5.0,2.0,-9999.0,0.0,5.0,0.5,0.2,-999.9,-1988.4,0.0,0.0,0.0,0.0,0.0,0.0,0.0,0.0,0.0,0.0,0.0,-1988.4,2.610261423669756,15.30497856,0.18887086,,,,,,,,,,,,,,,,,29.390625,0.2178617026707121,30.234375,0.2241161056181966,0.440859375,0.3267925540060681,1.058203125,0.784406369663688,2.610261423669756,394232,,,0.0002510754236961,Information
641606,12265.0,13786.23295,URY,Uruguay,Florida,1.035326112,0.0,0.73,0.38,12265.0,12265.0,0.0,20.0,3.0,2.0,-9999.0,0.0,1.0,0.3,0.2,-999.9,-1996.8,0.0,0.0,0.0,0.0,0.0,0.0,0.0,0.0,0.0,0.0,0.0,-1996.8,3.644286593458501,20.70652224,0.0,,,,,,,,,,,,,,,,,41.0625,0.2978514882089762,42.75,0.3100919603271533,0.6159375,0.4467772323134643,1.49625,1.0853218611450366,3.644286593458501,80439,,,0.0010350194702613,Information
641608,12267.0,16276.86246,URY,Uruguay,Rivera,0.2368994,0.0,0.73,0.38,12267.0,12267.0,0.0,14.0,3.0,2.0,-9999.0,0.0,1.0,0.3,0.2,-999.9,-1996.6,0.0,0.0,0.0,0.0,0.0,0.0,0.0,0.0,0.0,0.0,0.0,-1996.6,5.656219322369197,4.7379880000000005,0.0,,,,,,,,,,,,,,,,,51.46875,0.3162080536773535,78.046875,0.479495819100905,0.77203125,0.4743120805160302,2.731640625,1.6782353668531675,5.656219322369197,165374,,,0.0023723412214506,Information
641609,12268.0,14420.44324,URY,Uruguay,Cerro Largo,0.262683929,0.0,0.73,0.38,12268.0,12268.0,0.0,20.0,3.0,-9999.0,-9999.0,0.0,1.0,0.3,-999.9,-999.9,-1995.9333333333336,0.0,0.0,0.0,0.0,0.0,0.0,0.0,0.0,0.0,0.0,0.0,-1995.9333333333336,15.100635390448817,5.25367858,0.0,,,,,,,,,,,,,,,,,113.765625,0.7889190584486819,206.015625,1.4286358722216552,1.706484375,1.183378587673023,7.210546875,5.0002255527757935,15.100635390448817,130207,,,0.033144368486469,Information
641815,12274.0,4671.293838,ARG,Argentina,Entre Ríos,3.64174687,0.0,0.65,0.49,12274.0,12274.0,0.0,18.0,2.0,-9999.0,-9999.0,0.0,1.0,0.2,-999.9,-999.9,-3997.2,0.0,0.0,0.0,0.0,0.0,0.0,0.0,0.0,0.0,0.0,0.0,-3997.2,10.58452072249617,72.8349374,0.0,,,,,,,,,,,,,,,,,36.984375,0.7917372848493608,80.4375,1.72195333434918,0.554765625,1.1876059272740411,2.8153125,6.02683667022213,10.58452072249617,314544,,,0.1729583615736312,Information
641818,12277.0,3791.769444,ARG,Argentina,Corrientes,0.513595908,0.0,0.65,0.49,12277.0,12277.0,0.0,9.0,-9999.0,-9999.0,-9999.0,0.0,2.0,-999.9,-999.9,-999.9,-5995.4,0.0,0.0,0.0,0.0,0.0,0.0,0.0,0.0,0.0,0.0,0.0,-5995.4,4.966607400562854,10.27191816,0.0,,,,,,,,,,,,,,,,,2.109375,0.0556303602043695,38.109375,1.0050551743589426,0.031640625,0.0834455403065542,1.333828125,3.517693110256299,4.966607400562854,63433,,,0.0019015574108236,Information
641840,12281.0,12501.69425,ARG,Argentina,Corrientes,0.91939365,0.0,0.65,0.49,12281.0,12281.0,0.0,1.0,-9999.0,-9999.0,-9999.0,0.0,10.0,-999.9,-999.9,-999.9,-4492.3,0.0,0.0,0.0,0.0,0.0,0.0,0.0,0.0,0.0,0.0,0.0,-4492.3,14.561404139597771,18.387873,0.0,,,,,,,,,,,,,,,,,61.59375,0.4926832219092342,204.75,1.637778016209692,0.92390625,0.7390248328638513,7.16625,5.732223056733922,14.561404139597771,47005,,,0.0423897330844884,Information
641850,12282.0,6664.30676,ARG,Argentina,Corrientes,1.343243249,0.0,0.65,0.49,12282.0,12282.0,0.0,14.0,3.0,-9999.0,-9999.0,0.0,1.0,0.3,-999.9,-999.9,-3997.0,0.0,0.0,0.0,0.0,0.0,0.0,0.0,0.0,0.0,0.0,0.0,-3997.0,23.570241204671703,26.86486498,0.0,,,,,,,,,,,,,,,,,41.0625,0.6161556104377348,251.71875,3.777118296861457,0.6159375,0.9242334156566022,8.81015625,13.2199140390151,23.570241204671703,171726,,,0.1287491335655641,Information
641871,12292.0,726.2427358,ARG,Argentina,Corrientes,0.478291795,0.0,0.65,0.49,12292.0,12292.0,0.0,13.0,2.0,-9999.0,-9999.0,0.0,1.0,0.2,-999.9,-999.9,-3997.2,0.0,0.0,0.0,0.0,0.0,0.0,0.0,0.0,0.0,0.0,0.0,-3997.2,39.794573971078776,9.5658359,0.0,,,,,,,,,,,,,,,,,22.78125,3.136864422398101,67.21875,9.255686382137608,0.34171875,4.705296633597151,2.35265625,32.394902337481625,39.794573971078776,30987,,,0.2058540232192743,Advisory
641875,12296.0,687.1025376,ARG,Argentina,Misiones,0.200857006,0.0,0.65,0.49,12296.0,,,,,,,,,,,,,,,,,,,,,,,,,4.462016034995502,4.0171401200000005,0.0,,9.25,1.346,9.25,1.346,1.5,0.218,0.812,0.118,0.0925,1.346,0.0225,0.327,0.0203,0.295,2.1033,4.359375,0.6344577062983361,6.328125,0.9209869930137136,0.065390625,0.951686559447504,0.221484375,3.2234544755479977,4.462016034995502,3596,,,0.0010754334649998,Information
641900,12303.0,12667.10573,ARG,Argentina,Entre Ríos,1.57897664,0.0,0.65,0.49,12303.0,12303.0,0.0,20.0,3.0,-9999.0,-9999.0,0.0,1.0,0.3,-999.9,-999.9,-3997.0,0.0,0.0,0.0,0.0,0.0,0.0,0.0,0.0,0.0,0.0,0.0,-3997.0,40.19459915715454,31.579532800000003,0.0,,,,,,,,,,,,,,,,,413.015625,3.2605366520574024,464.765625,3.669075122590983,6.195234375,4.890804978086104,16.266796875,12.84176292906844,40.19459915715454,144050,,,0.297383994014846,Advisory
642110,12304.0,1411.133834,ARG,Argentina,Entre Ríos,4.012557098,0.0,0.65,0.49,12304.0,,,,,,,,,,,,,,,,,,,,,,,,,18.547145999380685,80.25114196000001,0.0,,7.75,0.549,7.75,0.549,3.25,0.23,3.5,0.248,0.0775,0.549,0.04875,0.345,0.0875,0.62,1.72775,41.34375,2.9298248689870765,47.8125,3.3882328416857344,0.62015625,4.394737303480615,1.6734375,11.85881494590007,18.547145999380685,2669,,,0.4749709471279523,Advisory
642120,12305.0,21705.7409,ARG,Argentina,Buenos Aires,0.571410719,0.0,0.65,0.49,12305.0,,,,,,,,,,,,,,,,,,,,,,,,,23.656273850213807,11.42821438,0.0,,1.062,0.005,1.062,0.005,0.0,0.0,30.062,0.139,0.01062,0.005,0.0,0.0,0.75155,0.3475,1.11467,275.765625,1.270473218177769,344.53125,1.5872816851277585,4.136484375,1.9057098272666533,12.05859375,5.555485897947155,23.656273850213807,692849,,,0.0933866291890418,Information
642130,12306.0,1804.157603,ARG,Argentina,Entre Ríos,3.054503634,0.0,0.65,0.49,12306.0,,,,,,,,,,,,,,,,,,,,,,,,,69.17,61.09007268,0.0,3.0,0.0,0.0,0.0,0.0,0.0,0.0,14.875,0.824,0.0,0.0,0.0,0.0,0.371875,2.06,2.431875,336.9375,18.67561345348904,403.3125,22.354615769869184,5.0540625,15.0,14.1159375,35.0,69.17,4659,0.0,0.0,0.7174618152796395,Watch
642150,12308.0,432.6367715,ARG,Argentina,Entre Ríos,4.021316278,0.0,0.65,0.49,12308.0,,,,,,,,,,,,,,,,,,,,,,,,,54.18078125,80.42632556,0.0,3.0,0.0,0.0,0.0,0.0,0.0,0.0,0.375,0.087,0.0,0.0,0.0,0.0,0.009375,0.2174999999999999,0.2268749999999999,65.109375,15.049431600306152,91.546875,21.16021592181276,0.976640625,15.0,3.204140625,35.0,54.18078125,28,0.0,0.0,0.8456944600538647,Warning
642160,12309.0,9355.661382,ARG,Argentina,Entre Ríos,0.377516149,0.0,0.65,0.49,12309.0,12309.0,0.0,7.0,-9999.0,-9999.0,-9999.0,0.0,4.0,-999.9,-999.9,-999.9,-5991.4,0.0,0.0,0.0,0.0,0.0,0.0,0.0,0.0,0.0,0.0,0.0,-5991.4,27.884670582891005,7.550322980000001,0.0,,3.375,0.036,2.375,0.025,1.75,0.019,2.062,0.022,0.02375,0.025,0.02625,0.0284999999999999,0.0515499999999999,0.0549999999999999,0.21005,183.234375,1.9585400487904407,306.5625,3.276759252772955,2.748515625,2.937810073185661,10.7296875,11.468657384705343,27.884670582891005,78802,,,0.1153442162173989,Information
642170,12310.0,13053.69268,ARG,Argentina,Santa Fe,1.295996494,0.0,0.65,0.49,12310.0,12310.0,0.0,21.0,-9999.0,-9999.0,-9999.0,0.0,1.0,-999.9,-999.9,-999.9,-5997.4,0.0,0.0,0.0,0.0,0.0,0.0,0.0,0.0,0.0,0.0,0.0,-5997.4,60.57581376198947,25.91992988,0.0,3.0,8.938,0.068,2.062,0.016,1.875,0.014,1.0,0.008,0.02062,0.016,0.028125,0.021,0.025,0.02,0.130745,477.703125,3.659524830090125,775.265625,5.9390522191012245,7.165546875,5.489287245135188,27.134296875,20.786682766854284,60.57581376198947,1580931,67773.0,4.29,0.4202512214644893,Watch
642182,12313.0,15128.07603,ARG,Argentina,Santa Fe,0.914905552,0.0,0.65,0.49,12313.0,12313.0,0.0,22.0,-9999.0,-9999.0,-9999.0,0.0,1.0,-999.9,-999.9,-999.9,-5997.4,0.0,0.0,0.0,0.0,0.0,0.0,0.0,0.0,0.0,0.0,0.0,-5997.4,4.363298716073039,18.29811104,0.0,,,,,,,,,,,,,,,,,33.046875,0.2184473090348845,60.890625,0.4025007864344894,0.495703125,0.3276709635523267,2.131171875,1.4087527525207129,4.363298716073039,284051,,,0.0016956350535932,Information
642190,12321.0,2656.359567,ARG,Argentina,Entre Ríos,0.364052829,0.0,0.65,0.49,12321.0,12321.0,0.0,22.0,-9999.0,-9999.0,-9999.0,0.0,1.0,-999.9,-999.9,-999.9,-5997.4,0.0,0.0,0.0,0.0,0.0,0.0,0.0,0.0,0.0,0.0,0.0,-5997.4,35.84914872571329,7.28105658,0.0,,,,,,,,,,,,,,,,,108.84375,4.09747804316458,168.328125,6.336797438847548,1.63265625,6.14621706474687,5.891484375,22.17879103596642,35.84914872571329,81693,,,0.1709918615960821,Advisory
642220,12323.0,15293.92027,ARG,Argentina,Santa Fe,1.509755139,0.0,0.65,0.49,12323.0,12323.0,0.0,14.0,-9999.0,-9999.0,-9999.0,0.0,1.0,-999.9,-999.9,-999.9,-5991.4,0.0,0.0,0.0,0.0,0.0,0.0,0.0,0.0,0.0,0.0,0.0,-5991.4,15.033538242881196,30.19510278,0.0,,,,,,,,,,,,,,,,,130.21875,0.8514412767493796,203.90625,1.3332503793591797,1.95328125,1.2771619151240694,7.13671875,4.666376327757129,15.033538242881196,308278,,,0.0623402758675977,Information
642230,12324.0,26672.31813,ARG,Argentina,Santa Fe,1.711891748,0.0,0.65,0.49,12324.0,,,,,,,,,,,,,,,,,,,,,,,,,5.395381559644175,34.23783496,0.0,,3.812,0.014,3.812,0.014,3.438,0.013,0.0,0.0,0.03812,0.014,0.05157,0.0195,0.0,0.0,0.12319,54.5625,0.204566021373209,88.734375,0.3326834007383889,0.8184375,0.3068490320598135,3.105703125,1.1643919025843612,5.395381559644175,691620,,,0.0062008829707708,Information
642241,12325.0,14300.59115,ARG,Argentina,Santa Fe,2.736904824,0.0,0.65,0.49,12325.0,,,,,,,,,,,,,,,,,,,,,,,,,10.882242760557908,54.73809648,0.0,,18.375,0.128,16.312,0.114,6.438,0.045,0.0,0.0,0.16312,0.114,0.09657,0.0675,0.0,0.0,0.44119,84.375,0.5900105745135582,146.8125,1.0266183996535911,1.265625,0.8850158617703373,5.1384375,3.593164398787569,10.882242760557908,10407,,,0.0770304334649908,Information
642242,12326.0,6746.132466,ARG,Argentina,Chaco,0.304111221,0.0,0.65,0.49,12326.0,,,,,,,,,,,,,,,,,,,,,,,,,15.254698552713243,6.082224419999999,0.0,,12.562,0.186,11.625,0.172,8.0,0.119,2.625,0.039,0.11625,0.172,0.12,0.1785,0.065625,0.0975,0.7498750000000001,96.328125,1.4279014750820531,134.296875,1.990723954311476,1.444921875,2.14185221262308,4.700390625,6.967533840090165,15.254698552713243,101154,,,0.0345678378025681,Information
642244,12328.0,9107.685984,ARG,Argentina,Santiago del Estero,3.842864348,0.0,0.65,0.49,12328.0,,,,,,,,,,,,,,,,,,,,,,,,,0.21388,76.85728696,0.0,,19.438,0.213,10.188,0.112,0.0,0.0,0.0,0.0,0.10188,0.112,0.0,0.0,0.0,0.0,0.21388,1.265625,0.0138962300876187,1.546875,0.0169842812182006,0.018984375,0.020844345131428,0.054140625,0.0594449842637021,0.1534143293951301,44357,,,1.4065118299182837e-06,Information
642246,12330.0,8682.796404,ARG,Argentina,Chaco,0.909202944,0.0,0.65,0.49,12330.0,,,,,,,,,,,,,,,,,,,,,,,,,0.16038,18.18405888,0.0,,12.5,0.144,7.438,0.086,0.0,0.0,0.0,0.0,0.07438,0.086,0.0,0.0,0.0,0.0,0.16038,,,,,,,,,,38302,,,2.2634926224505484e-10,Information
642248,12332.0,8282.049475,ARG,Argentina,Santiago del Estero,2.804662555,0.0,0.65,0.49,12332.0,,,,,,,,,,,,,,,,,,,,,,,,,0.8614153021041429,56.0932511,0.0,,4.188,0.051,3.125,0.038,1.562,0.019,0.0,0.0,0.03125,0.038,0.02343,0.0284999999999999,0.0,0.0,0.12118,6.328125,0.0764077179087799,8.4375,0.1018769572117066,0.094921875,0.1146115768631698,0.2953125,0.3565693502409731,0.8614153021041429,2847,,,4.225327092532568e-05,Information
642280,12337.0,16709.91467,ARG,Argentina,Santiago del Estero,0.45522506,0.0,0.65,0.49,12337.0,,,,,,,,,,,,,,,,,,,,,,,,,0.308625,9.1045012,0.0,,36.75,0.22,19.125,0.114,0.125,0.001,0.0,0.0,0.19125,0.114,0.001875,0.0015,0.0,0.0,0.308625,1.125,0.0067325298919721,2.671875,0.0159897584934338,0.016875,0.0100987948379581,0.093515625,0.0559641547270183,0.1764535745649764,75576,,,6.5276784608171756e-09,Information
642291,12338.0,2676.459993,ARG,Argentina,Santiago del Estero,2.510294301,0.0,0.65,0.49,12338.0,,,,,,,,,,,,,,,,,,,,,,,,,1.096245,50.20588602,0.0,,13.062,0.488,9.812,0.367,8.875,0.332,0.0,0.0,0.09812,0.367,0.133125,0.498,0.0,0.0,1.096245,2.25,0.0840662668559606,2.53125,0.0945745502129557,0.03375,0.1260994002839409,0.08859375,0.3310109257453449,0.5794540760292859,9024,,,6.78145816649702e-05,Information
642293,12340.0,16955.1866,ARG,Argentina,Salta,3.555398962,0.0,0.65,0.49,12340.0,12340.0,0.0,1.0,-9999.0,-9999.0,-9999.0,0.0,10.0,-999.9,-999.9,-999.9,-5979.4,0.0,0.0,0.0,0.0,0.0,0.0,0.0,0.0,0.0,0.0,0.0,-5979.4,0.470602689089344,71.10797923999999,0.0,,,,,,,,,,,,,,,,,3.65625,0.0215641979397764,6.890625,0.0406402191941941,0.05484375,0.0323462969096646,0.241171875,0.1422407671796793,0.470602689089344,66875,,,1.9166302758526287e-05,Information
642294,12341.0,7098.583872,ARG,Argentina,Salta,0.32761735,0.0,0.65,0.49,12341.0,,,,,,,,,,,,,,,,,,,,,,,,,1.5124200414760054,6.552346999999999,0.0,,3.062,0.043,3.062,0.043,4.25,0.06,1.125,0.016,0.0306199999999999,0.043,0.06375,0.09,0.028125,0.04,0.2954949999999999,7.734375,0.108956591055275,14.625,0.2060270085408837,0.116015625,0.1634348865829125,0.511875,0.721094529893093,1.5124200414760054,668575,,,1.8642501088363466e-05,Information
642295,12342.0,3148.853491,ARG,Argentina,Salta,3.170993448,0.0,0.65,0.49,12342.0,,,,,,,,,,,,,,,,,,,,,,,,,2.8597424929758537,63.41986896,0.0,,9.25,0.294,9.25,0.294,11.0,0.349,3.062,0.097,0.0925,0.294,0.165,0.5235,0.0765499999999999,0.2425,1.3940499999999998,7.59375,0.2411592035332568,16.3125,0.5180456964788481,0.11390625,0.3617388052998851,0.5709375,1.8131599376759684,2.8597424929758537,9652,,,0.0054051220372141,Information
642296,12343.0,13268.12096,ARG,Argentina,Salta,3.575441507,0.0,0.65,0.49,12343.0,12343.0,0.0,1.0,-9999.0,-9999.0,-9999.0,0.0,10.0,-999.9,-999.9,-999.9,-5979.4,0.0,0.0,0.0,0.0,0.0,0.0,0.0,0.0,0.0,0.0,0.0,-5979.4,0.3045659748611737,71.50883014,0.0,,,,,,,,,,,,,,,,,1.40625,0.0105987125393663,4.359375,0.0328560088720355,0.02109375,0.0158980688090494,0.152578125,0.1149960310521242,0.3045659748611737,21126,,,2.833303462164763e-06,Information
642310,12347.0,25254.32878,ARG,Argentina,Entre Ríos,1.05521363,0.0,0.65,0.49,12347.0,12347.0,0.0,13.0,-9999.0,-9999.0,-9999.0,0.0,1.0,-999.9,-999.9,-999.9,-5997.4,0.0,0.0,0.0,0.0,0.0,0.0,0.0,0.0,0.0,0.0,0.0,-5997.4,15.846023985302914,21.1042726,0.0,,,,,,,,,,,,,,,,,153.0,0.6058367314184303,258.75,1.0245768251929337,2.295,0.9087550971276456,9.05625,3.586018888175268,15.846023985302914,395830,,,0.0542239683537359,Information
642320,12348.0,26933.01685,ARG,Argentina,Corrientes,1.568232549,0.0,0.65,0.49,12348.0,12348.0,0.0,25.0,2.0,-9999.0,-9999.0,0.0,1.0,0.2,-999.9,-999.9,-3997.2,0.0,0.0,0.0,0.0,0.0,0.0,0.0,0.0,0.0,0.0,0.0,-3997.2,79.20911797257963,31.36465098,0.0,3.0,,,,,,,,,,,,,,,,925.453125,3.436128712608836,1937.109375,7.192322293904682,13.881796875,5.154193068913254,35.0,25.173128028666387,79.20911797257963,109968,122.0,0.11,0.5569669453212918,Watch
642330,12349.0,11437.94571,ARG,Argentina,Santa Fe,1.531583405,0.0,0.65,0.49,12349.0,12349.0,0.0,20.0,-9999.0,-9999.0,-9999.0,0.0,1.0,-999.9,-999.9,-999.9,-5197.32,0.0,0.0,0.0,0.0,0.0,0.0,0.0,0.0,0.0,0.0,0.0,-5197.32,12.51039887130158,30.6316681,0.0,,6.938,0.061,5.375,0.047,4.062,0.036,0.5,0.004,0.05375,0.047,0.06093,0.0539999999999999,0.0125,0.01,0.23818,95.203125,0.8323446134512101,149.90625,1.3106046646070753,1.428046875,1.2485169201768151,5.24671875,4.587116326124764,12.51039887130158,226176,,,0.043368206944654,Information
642340,12350.0,17479.77911,ARG,Argentina,Chaco,0.585953182,0.0,0.65,0.49,12350.0,12350.0,0.0,30.0,-9999.0,-9999.0,-9999.0,0.0,1.0,-999.9,-999.9,-999.9,-5997.4,0.0,0.0,0.0,0.0,0.0,0.0,0.0,0.0,0.0,0.0,0.0,-5997.4,7.778527438810235,11.71906364,0.0,,46.625,0.267,35.625,0.204,0.0,0.0,0.0,0.0,0.35625,0.204,0.0,0.0,0.0,0.0,0.56025,42.75,0.2445683079148249,123.046875,0.7039383862679994,0.64125,0.3668524618722373,4.306640625,2.463784351937998,7.778527438810235,151834,,,0.0075669856340961,Information
642352,12352.0,6978.931917,ARG,Argentina,Corrientes,1.577513976,0.0,0.65,0.49,12352.0,,,,,,,,,,,,,,,,,,,,,,,,,28.92490020276678,31.550279520000004,0.0,,25.125,0.36,23.812,0.341,1.938,0.028,0.0,0.0,0.23812,0.341,0.02907,0.042,0.0,0.0,0.6501900000000002,146.53125,2.0996228612020795,276.890625,3.9675215102753305,2.19796875,3.14943429180312,9.691171875,13.886325285963656,28.92490020276678,71420,,,0.1945098115354877,Information
642354,12354.0,11534.52048,ARG,Argentina,Chaco,3.222138333,0.0,0.65,0.49,12354.0,,,,,,,,,,,,,,,,,,,,,,,,,2.109522090877641,64.44276666,0.0,,57.5,0.499,41.5,0.36,0.312,0.003,0.0,0.0,0.415,0.36,0.00468,0.0045,0.0,0.0,0.7841799999999999,15.609375,0.135327472261877,25.59375,0.2218882878528074,0.234140625,0.2029912083928154,0.89578125,0.7766090074848259,2.109522090877641,147000,,,0.0023663767314185,Information
642356,12356.0,7049.916614,ARG,Argentina,Chaco,2.252329742,0.0,0.65,0.49,12356.0,,,,,,,,,,,,,,,,,,,,,,,,,6.480518693286061,45.04659484,0.0,,14.625,0.207,9.5,0.135,1.5,0.021,0.0,0.0,0.095,0.135,0.0225,0.0315,0.0,0.0,0.284,42.46875,0.6024007421266807,58.359375,0.8278023443131541,0.63703125,0.903601113190021,2.042578125,2.8973082050960395,6.480518693286061,214034,,,0.0162711550192238,Information
642357,12357.0,4548.839974,ARG,Argentina,Corrientes,2.238706597,0.0,0.65,0.49,12357.0,12357.0,0.0,21.0,2.0,2.0,-9999.0,0.0,1.0,0.2,0.2,-999.9,-3997.2,0.0,0.0,0.0,0.0,0.0,0.0,0.0,0.0,0.0,0.0,0.0,-3997.2,10.27723880480348,44.77413194,0.0,,5.875,0.129,5.875,0.129,2.312,0.051,0.125,0.003,0.05875,0.129,0.03468,0.0765,0.003125,0.0075,0.309555,39.65625,0.871788197135484,74.8125,1.6446500740286436,0.59484375,1.307682295703226,2.6184375,5.756275259100253,10.27723880480348,21663,,,0.0463329334976465,Information
642359,12359.0,61.80493197,ARG,Argentina,Corrientes,1.486011874,0.0,0.65,0.49,12359.0,,,,,,,,,,,,,,,,,,,,,,,,,2.2893663555473944,29.72023748,0.0,,0.062,0.101,0.062,0.101,0.0,0.0,0.0,0.0,0.00062,0.101,0.0,0.0,0.0,0.0,0.10162,0.28125,0.4550607711094789,0.28125,0.4550607711094789,0.00421875,0.6825911566642183,0.00984375,1.592712698883176,2.2893663555473944,171865,,,0.0003082961249247,Information
642360,12360.0,21168.18197,ARG,Argentina,Chaco,4.05065168,0.0,0.65,0.49,12360.0,,,,,,,,,,,,,,,,,,,,,,,,,0.60525,81.0130336,0.0,,46.25,0.218,40.375,0.191,0.5,0.002,0.0,0.0,0.40375,0.191,0.0075,0.003,0.0,0.0,0.60525,2.8125,0.0132864504111465,3.9375,0.0186010305756051,0.0421875,0.0199296756167197,0.1378125,0.0651036070146178,0.2650332826313376,402504,,,0.0002846158022671,Information
642370,12361.0,40.69350721,ARG,Argentina,Corrientes,0.51505035,0.0,0.65,0.49,12361.0,12361.0,0.0,29.0,-9999.0,-9999.0,-9999.0,0.0,1.0,-999.9,-999.9,-999.9,-5997.4,0.0,0.0,0.0,0.0,0.0,0.0,0.0,0.0,0.0,0.0,0.0,-5997.4,1.7348867437837043,10.301007,0.0,,0.562,1.382,0.562,1.382,0.0,0.0,0.0,0.0,0.00562,1.382,0.0,0.0,0.0,0.0,1.38762,0.140625,0.3455710987567409,0.140625,0.3455710987567409,0.002109375,0.5183566481351114,0.004921875,1.2094988456485931,1.7348867437837043,129613,,,3.981392308230236e-05,Information
642380,12362.0,21705.58568,ARG,Argentina,Chaco,3.483179253,0.0,0.65,0.49,12362.0,,,,,,,,,,,,,,,,,,,,,,,,,0.6778611538702943,69.66358506,0.0,,65.5,0.302,40.875,0.188,1.812,0.008,0.062,0.0,0.40875,0.188,0.02718,0.012,0.00155,0.0,0.63748,3.375,0.0155489930087486,11.8125,0.0544214755306204,0.050625,0.0233234895131229,0.4134375,0.1904751643571714,0.6778611538702943,48098,,,7.20096646726268e-05,Information
642390,12363.0,208.6527665,ARG,Argentina,Corrientes,0.337714883,0.0,0.65,0.49,12363.0,,,,,,,,,,,,,,,,,,,,,,,,,8.084342172074294,6.754297660000001,0.0,,10.438,5.002,2.5,1.198,2.562,1.228,0.125,0.06,0.025,1.198,0.03843,1.842,0.003125,0.15,3.256555,1.828125,0.8761566073358793,3.9375,1.8871065388772783,0.027421875,1.314234911003819,0.1378125,6.604872886070474,8.084342172074294,16955,,,0.0072364073505442,Information
642410,12365.0,5168.230779,ARG,Argentina,Chaco,2.737180012,0.0,0.65,0.49,12365.0,12365.0,0.0,13.0,-9999.0,-9999.0,-9999.0,0.0,1.0,-999.9,-999.9,-999.9,-5997.4,0.0,0.0,0.0,0.0,0.0,0.0,0.0,0.0,0.0,0.0,0.0,-5997.4,5.945232286392634,54.74360024,0.0,,8.062,0.156,6.812,0.132,2.125,0.041,0.812,0.016,0.06812,0.132,0.031875,0.0615,0.0203,0.04,0.3537949999999999,30.375,0.5877253029231578,44.859375,0.8679832020022563,0.455625,0.8815879543847367,1.570078125,3.037941207007897,5.945232286392634,51268,,,0.0211907505609138,Information
642421,12366.0,3897.556356,ARG,Argentina,Formosa,4.045424624,0.0,0.65,0.49,12366.0,12366.0,0.0,1.0,-9999.0,-9999.0,-9999.0,0.0,10.0,-999.9,-999.9,-999.9,-5979.4,0.0,0.0,0.0,0.0,0.0,0.0,0.0,0.0,0.0,0.0,0.0,-5979.4,1.431576920978182,80.90849247999999,0.0,,,,,,,,,,,,,,,,,4.78125,0.1226730177347047,9.421875,0.2417380055360357,0.07171875,0.184009526602057,0.329765625,0.846083019376125,1.431576920978182,46144,,,0.0047922901754591,Information
642422,12367.0,32883.66281,ARG,Argentina,Salta,3.496876151,0.0,0.65,0.49,12367.0,,,,,,,,,,,,,,,,,,,,,,,,,0.10688,69.93752302,0.0,,8.625,0.026,8.188,0.025,0.0,0.0,0.0,0.0,0.08188,0.025,0.0,0.0,0.0,0.0,0.10688,,,,,,,,,,54296,,,8.535835651632169e-09,Information
642423,12368.0,18438.67422,ARG,Argentina,Salta,2.296441832,0.0,0.65,0.49,12368.0,12368.0,0.0,1.0,-9999.0,-9999.0,-9999.0,0.0,10.0,-999.9,-999.9,-999.9,-5979.4,0.0,0.0,0.0,0.0,0.0,0.0,0.0,0.0,0.0,0.0,0.0,-5979.4,1.748144114037182,45.92883664,0.0,,38.188,0.207,35.438,0.192,0.0,0.0,0.0,0.0,0.35438,0.192,0.0,0.0,0.0,0.0,0.5463800000000001,6.328125,0.0343198481782545,29.671875,0.1609219547913715,0.094921875,0.0514797722673817,1.038515625,0.5632268417698003,1.748144114037182,17021,,,0.0002998541441769,Information
642424,12369.0,25563.8448,ARG,Argentina,Salta,4.024172281,0.0,0.65,0.49,12369.0,12369.0,0.0,1.0,-9999.0,-9999.0,-9999.0,0.0,10.0,-999.9,-999.9,-999.9,-5982.733333333333,0.0,0.0,0.0,0.0,0.0,0.0,0.0,0.0,0.0,0.0,0.0,-5982.733333333333,0.4127884383891728,80.48344562,0.0,,,,,,,,,,,,,,,,,0.421875,0.0016502799297038,8.296875,0.0324555052841763,0.006328125,0.0024754198945557,0.290390625,0.113594268494617,0.4127884383891728,516610,,,5.760916210771379e-05,Information
642427,12372.0,8844.330033,ARG,Argentina,Jujuy,3.138626536,0.0,0.65,0.49,12372.0,12372.0,0.0,1.0,-9999.0,-9999.0,-9999.0,0.0,10.0,-999.9,-999.9,-999.9,-5979.4,0.0,0.0,0.0,0.0,0.0,0.0,0.0,0.0,0.0,0.0,0.0,-5979.4,0.3880145982605669,62.77253072,0.0,,,,,,,,,,,,,,,,,0.0,0.0,5.203125,0.0588300637887334,0.0,0.0,0.182109375,0.2059052232605669,0.3880145982605669,177606,,,2.5122850408315013e-06,Information
642428,12373.0,6393.96217,ARG,Argentina,Salta,0.4741971,0.0,0.65,0.49,12373.0,,,,,,,,,,,,,,,,,,,,,,,,,0.393009365244955,9.483942,0.0,,2.938,0.046,2.938,0.046,2.312,0.036,0.125,0.002,0.02938,0.046,0.03468,0.0539999999999999,0.003125,0.005,0.1721849999999999,1.6875,0.0263920860820134,3.65625,0.0571828531776957,0.0253125,0.0395881291230201,0.12796875,0.2001399861219349,0.393009365244955,240124,,,2.6722786436215144e-08,Information
642433,12377.0,2499.522063,ARG,Argentina,Formosa,1.261805214,0.0,0.65,0.49,12377.0,,,,,,,,,,,,,,,,,,,,,,,,,10.773522765367186,25.23610428,0.0,,3.188,0.128,2.625,0.105,0.562,0.023,1.125,0.045,0.02625,0.105,0.00843,0.0345,0.028125,0.1124999999999999,0.314805,31.078125,1.2433626998343,48.234375,1.9297439187473528,0.466171875,1.8650440497514496,1.688203125,6.754103715615735,10.773522765367186,8503,,,0.0263577887470259,Information
642437,12381.0,10911.58017,ARG,Argentina,Formosa,2.872031238,0.0,0.65,0.49,12381.0,12381.0,0.0,11.0,-9999.0,-9999.0,-9999.0,0.0,1.0,-999.9,-999.9,-999.9,-5997.4,0.0,0.0,0.0,0.0,0.0,0.0,0.0,0.0,0.0,0.0,0.0,-5997.4,4.251391567616775,57.44062476,0.0,,9.438,0.086,7.25,0.066,1.062,0.01,0.625,0.006,0.0725,0.066,0.01593,0.015,0.015625,0.015,0.200055,21.234375,0.1946040323836025,54.28125,0.4974646125832489,0.318515625,0.2919060485754037,1.89984375,1.7411261440413712,4.251391567616775,326067,,,0.0106210423676054,Information
642438,12382.0,56344.58639,ARG,Argentina,Formosa,3.000509911,0.0,0.65,0.49,12382.0,,,,,,,,,,,,,,,,,,,,,,,,,17.81839009255919,60.01019822,0.0,,32.5,0.058,18.062,0.032,3.875,0.007,16.0,0.028,0.18062,0.032,0.058125,0.0105,0.4,0.07,0.7512450000000002,52.03125,0.0923447190546325,410.0625,0.7277762182792118,0.78046875,0.1385170785819487,14.3521875,2.547216763977241,17.81839009255919,361762,,,0.2094320777058018,Information
642439,12383.0,8770.930646,ARG,Argentina,Formosa,0.445474177,0.0,0.65,0.49,12383.0,12383.0,0.0,9.0,-9999.0,-9999.0,-9999.0,0.0,2.0,-999.9,-999.9,-999.9,-5995.4,0.0,0.0,0.0,0.0,0.0,0.0,0.0,0.0,0.0,0.0,0.0,-5995.4,5.423222843749711,8.90948354,0.0,,,,,,,,,,,,,,,,,36.703125,0.4184632906318949,56.671875,0.646132973657677,0.550546875,0.6276949359478423,1.983515625,2.261465407801869,5.423222843749711,1043550,,,0.002392490875112,Information
642511,12438.0,10428.79877,ARG,Argentina,Corrientes,2.481659077,0.0,0.65,0.49,12438.0,12438.0,0.0,30.0,-9999.0,-9999.0,-9999.0,0.0,1.0,-999.9,-999.9,-999.9,-5997.4,0.0,0.0,0.0,0.0,0.0,0.0,0.0,0.0,0.0,0.0,0.0,-5997.4,20.544399772695726,49.63318154,0.0,,25.875,0.248,19.875,0.191,5.812,0.056,2.5,0.024,0.19875,0.191,0.08718,0.084,0.0625,0.06,0.68343,127.265625,1.220328704986542,245.109375,2.350312632918832,1.908984375,1.8304930574798128,8.578828125,8.226094215215912,20.544399772695726,150938,,,0.1849277126064601,Information
642516,12443.0,2539.52051,ARG,Argentina,Misiones,0.239787204,0.0,0.65,0.49,12443.0,,,,,,,,,,,,,,,,,,,,,,,,,5.148762937961841,4.79574408,0.0,,33.188,1.307,33.188,1.307,6.062,0.239,6.25,0.246,0.33188,1.307,0.09093,0.3585,0.15625,0.615,2.85956,8.15625,0.3211728343247293,26.296875,1.0355055175642134,0.12234375,0.481759251487094,0.920390625,3.624269311474747,5.148762937961841,14630,,,0.0017655601970489,Information
643000,12571.0,19455.23382,ARG,Argentina,Buenos Aires,2.18115506,0.029133223,0.65,0.49,12571.0,,,,,,,,,,,,,,,,,,,,,,,,,8.27034603797724,43.6231012,0.5826644599999999,,141.0,0.725,30.562,0.157,1.875,0.01,1.5,0.008,0.30562,0.157,0.028125,0.015,0.0375,0.02,0.563245,87.890625,0.4517582560460227,118.40625,0.6086087225452018,1.318359375,0.6776373840690341,4.14421875,2.1301305289082064,8.27034603797724,17259544,,,0.0274679322882615,Information
644015,12576.0,11792.59958,ARG,Argentina,Santiago del Estero,2.487497027,0.0,0.65,0.49,12576.0,,,,,,,,,,,,,,,,,,,,,,,,,18.01703086381661,49.74994054,0.0,,75.875,0.643,39.062,0.331,1.062,0.009,0.0,0.0,0.3906199999999999,0.331,0.01593,0.0134999999999999,0.0,0.0,0.7510499999999999,134.15625,1.1376308425762371,221.0625,1.8745866714149315,2.01234375,1.7064462638643558,7.7371875,6.56105334995226,18.01703086381661,69497,,,0.1525178602811652,Information
644016,12577.0,25554.67931,ARG,Argentina,Santiago del Estero,1.531864196,0.0,0.65,0.49,12577.0,,,,,,,,,,,,,,,,,,,,,,,,,0.81475,30.63728392,0.0,,127.938,0.501,49.625,0.194,6.0,0.023,0.0,0.0,0.49625,0.194,0.09,0.0345,0.0,0.0,0.81475,5.203125,0.0203607524718625,8.15625,0.0319168552261629,0.078046875,0.0305411287077937,0.28546875,0.1117089932915701,0.5057657469993639,72506,,,4.410494475489709e-06,Information
644017,12578.0,9107.470407,ARG,Argentina,Santiago del Estero,3.140341926,0.0,0.65,0.49,12578.0,,,,,,,,,,,,,,,,,,,,,,,,,0.16138,62.80683852,0.0,,6.188,0.068,6.188,0.068,1.0,0.011,0.0,0.0,0.06188,0.068,0.015,0.0165,0.0,0.0,0.16138,0.0,0.0,1.546875,0.0169846832425251,0.0,0.0,0.054140625,0.0594463913488378,0.1135870163488378,485511,,,2.6622592436364496e-08,Information
644018,12579.0,10092.4836,ARG,Argentina,Tucumán,3.451294225,0.0,0.65,0.49,12579.0,12579.0,0.0,13.0,-9999.0,-9999.0,-9999.0,0.0,1.0,-999.9,-999.9,-999.9,-5997.4,0.0,0.0,0.0,0.0,0.0,0.0,0.0,0.0,0.0,0.0,0.0,-5997.4,0.960267489036789,69.02588449999999,0.0,,,,,,,,,,,,,,,,,0.0,0.0,13.78125,0.1365496397247969,0.0,0.0,0.48234375,0.4779237390367891,0.960267489036789,176942,,,0.0002566718396448,Information
644019,12580.0,14176.72728,ARG,Argentina,Tucumán,1.221187617,0.0,0.65,0.49,12580.0,12580.0,0.0,12.0,-9999.0,-9999.0,-9999.0,0.0,1.0,-999.9,-999.9,-999.9,-5994.400000000001,0.0,0.0,0.0,0.0,0.0,0.0,0.0,0.0,0.0,0.0,0.0,-5994.400000000001,0.9496842773826232,24.42375234,0.0,,12.812,0.09,6.0,0.042,0.938,0.007,0.188,0.001,0.06,0.042,0.01407,0.0105,0.0046999999999999,0.0025,0.13377,1.6875,0.011903311435837,15.1875,0.1071298029225336,0.0253125,0.0178549671537555,0.5315625,0.3749543102288676,0.9496842773826232,1401380,,,6.0226104148057964e-06,Information
644021,12582.0,16417.94215,ARG,Argentina,Catamarca,0.546000014,0.0,0.65,0.49,12582.0,,,,,,,,,,,,,,,,,,,,,,,,,0.350731277749484,10.92000028,0.0,,38.688,0.236,6.5,0.04,7.188,0.044,0.0,0.0,0.065,0.04,0.10782,0.066,0.0,0.0,0.27882,4.359375,0.0265525055498968,4.359375,0.0265525055498968,0.065390625,0.0398287583248452,0.152578125,0.0929337694246388,0.350731277749484,60134,,,1.5361156790653105e-08,Information
644024,12585.0,12261.08884,ARG,Argentina,Catamarca,1.708940371,0.0,0.65,0.49,12585.0,12585.0,0.0,1.0,-9999.0,-9999.0,-9999.0,0.0,10.0,-999.9,-999.9,-999.9,-5979.4,0.0,0.0,0.0,0.0,0.0,0.0,0.0,0.0,0.0,0.0,0.0,-5979.4,6.891008469864004,34.17880742,0.0,,0.75,0.006,0.75,0.006,12.875,0.105,0.5,0.004,0.0075,0.006,0.193125,0.1575,0.0125,0.01,0.386625,75.515625,0.6158965652341498,76.078125,0.6204842491465085,1.132734375,0.9238448478512248,2.662734375,2.17169487201278,6.891008469864004,254937,,,0.0120126499604906,Information
644027,12588.0,4690.775979,ARG,Argentina,La Rioja,2.732946314,0.0,0.65,0.49,12588.0,12588.0,0.0,1.0,-9999.0,-9999.0,-9999.0,0.0,10.0,-999.9,-999.9,-999.9,-5979.4,0.0,0.0,0.0,0.0,0.0,0.0,0.0,0.0,0.0,0.0,0.0,-5979.4,-5979.4,54.65892628,0.0,,,,,,,,,,,,,,,,,,,,,,,,,,3179,,,,
651010,12592.0,27605.93805,ARG,Argentina,Buenos Aires,2.077906956,0.0,0.65,0.49,12592.0,,,,,,,,,,,,,,,,,,,,,,,,,12.63807,41.55813912,0.0,,1737.125,6.293,902.625,3.27,15.438,0.056,0.75,0.003,9.02625,3.27,0.23157,0.084,0.01875,0.0075,12.63807,5.0625,0.0183384458445336,163.546875,0.5924336810331301,0.0759375,0.0275076687668004,5.724140625,2.073517883615956,7.901103677382756,122550,,,0.0628453178949223,Information
651020,12593.0,12085.28461,ARG,Argentina,La Pampa,2.097530134,0.0,0.65,0.49,12593.0,,,,,,,,,,,,,,,,,,,,,,,,,5.206526633410848,41.95060268,0.0,,637.125,5.272,239.0,1.978,0.125,0.001,0.062,0.001,2.39,1.978,0.001875,0.0015,0.00155,0.0025,4.375425000000001,18.984375,0.157086701880782,73.265625,0.6062383087399068,0.284765625,0.235630052821173,2.564296875,2.121834080589674,5.206526633410848,140342,,,0.0079461105620131,Information
651030,12594.0,24082.82816,ARG,Argentina,La Pampa,2.868234797,0.0,0.65,0.49,12594.0,,,,,,,,,,,,,,,,,,,,,,,,,4.173559999999999,57.36469594,0.0,,481.125,1.998,294.438,1.223,0.312,0.001,0.0,0.0,2.94438,1.223,0.00468,0.0015,0.0,0.0,4.173559999999999,7.03125,0.0291961141463797,10.40625,0.0432102489366421,0.10546875,0.0437941712195695,0.36421875,0.1512358712782473,0.6647175424978169,79982,,,0.0100650718443399,Information
651040,12595.0,23638.50766,ARG,Argentina,San Luis,2.823382014,0.0,0.65,0.49,12595.0,,,,,,,,,,,,,,,,,,,,,,,,,1.9191008943051344,56.46764028,0.0,,95.625,0.405,40.938,0.173,0.0,0.0,0.0,0.0,0.40938,0.173,0.0,0.0,0.0,0.0,0.58238,0.0,0.0,38.53125,0.1630020412300385,0.0,0.0,1.34859375,0.5705071443051347,1.9191008943051344,38854,,,0.0008992098331122,Information
651053,12598.0,9198.902313,ARG,Argentina,San Luis,2.267725471,0.0,0.65,0.49,12598.0,,,,,,,,,,,,,,,,,,,,,,,,,0.9142415992159576,45.35450942,0.0,,3.25,0.035,3.25,0.035,0.688,0.007,0.25,0.003,0.0325,0.035,0.01032,0.0105,0.00625,0.0075,0.10207,0.0,0.0,12.515625,0.1360556354902736,0.0,0.0,0.438046875,0.4761947242159576,0.9142415992159576,162925,,,2.151969506070085e-05,Information
651061,12600.0,23435.68273,ARG,Argentina,Buenos Aires,2.158439753,0.0,0.65,0.49,12600.0,,,,,,,,,,,,,,,,,,,,,,,,,1.7464811257145678,43.16879506,0.0,,897.438,3.829,80.625,0.344,0.312,0.001,0.062,0.0,0.80625,0.344,0.00468,0.0015,0.00155,0.0,1.15798,4.5,0.0192014888258083,33.046875,0.1410109335645301,0.0675,0.0288022332387124,1.156640625,0.4935382674758553,1.7464811257145678,141250,,,0.0002483937713895,Information
651062,12601.0,13113.1468,ARG,Argentina,Buenos Aires,0.508022485,0.0,0.65,0.49,12601.0,,,,,,,,,,,,,,,,,,,,,,,,,2.2456542314357777,10.1604497,0.0,,43.5,0.332,21.062,0.161,0.0,0.0,0.0,0.0,0.21062,0.161,0.0,0.0,0.0,0.0,0.37162,0.28125,0.0021447941091297,36.28125,0.276678440077738,0.00421875,0.0032171911636945,1.26984375,0.968374540272083,2.2456542314357777,72832,,,0.0001125560421702,Information
651063,12602.0,10677.39313,ARG,Argentina,Buenos Aires,3.05765943,0.0,0.65,0.49,12602.0,,,,,,,,,,,,,,,,,,,,,,,,,2.6769891130949555,61.15318860000001,0.0,,116.438,1.091,54.25,0.508,0.375,0.004,0.0,0.0,0.5425,0.508,0.005625,0.006,0.0,0.0,1.062125,1.265625,0.0118533146163322,38.953125,0.3648186831915593,0.018984375,0.0177799719244983,1.363359375,1.2768653911704575,2.6769891130949555,79126,,,0.0037372059447513,Information
651064,12603.0,491.9325855,ARG,Argentina,Buenos Aires,4.060277263,0.0,0.65,0.49,12603.0,,,,,,,,,,,,,,,,,,,,,,,,,12.491869585480702,81.20554526,0.0,,3.125,0.635,1.812,0.368,0.0,0.0,0.0,0.0,0.01812,0.368,0.0,0.0,0.0,0.0,0.38612,0.0,0.0,16.734375,3.4017618458516288,0.0,0.0,0.585703125,11.9061664604807,12.491869585480702,803,,,0.3414592365204597,Information
651204,12610.0,23193.07889,ARG,Argentina,Buenos Aires,3.2163327,0.0,0.65,0.49,12610.0,,,,,,,,,,,,,,,,,,,,,,,,,6.729700000000001,64.326654,0.0,,1124.688,4.849,469.188,2.023,0.688,0.003,0.0,0.0,4.69188,2.023,0.01032,0.0045,0.0,0.0,6.729700000000001,48.796875,0.2103941233025111,63.703125,0.274664374224892,0.731953125,0.3155911849537666,2.229609375,0.961325309787122,4.2384789947408885,248838,,,0.0476704471222071,Information
651207,12613.0,18316.19856,ARG,Argentina,Buenos Aires,1.182895627,0.0,0.65,0.49,12613.0,,,,,,,,,,,,,,,,,,,,,,,,,7.3579470809509555,23.65791254,0.0,,461.375,2.519,158.875,0.867,0.0,0.0,0.0,0.0,1.58875,0.867,0.0,0.0,0.0,0.0,2.45575,63.984375,0.3493321760844097,108.5625,0.5927130548069545,0.959765625,0.5239982641266145,3.7996875,2.0744956918243407,7.3579470809509555,82924,,,0.0096562481252661,Information
651209,12615.0,2124.753098,ARG,Argentina,Buenos Aires,0.441215563,0.0,0.65,0.49,12615.0,,,,,,,,,,,,,,,,,,,,,,,,,2.953505,8.82431126,0.0,,103.438,4.868,51.438,2.421,0.0,0.0,0.125,0.006,0.5143800000000001,2.421,0.0,0.0,0.003125,0.015,2.953505,2.53125,0.1191314888613002,6.46875,0.3044471382011007,0.03796875,0.1786972332919503,0.22640625,1.0655649837038523,1.5086372169958029,1969,,,0.0003020179438552,Information
651400,12617.0,17460.29853,ARG,Argentina,Buenos Aires,0.917379717,0.097129509,0.65,0.49,12617.0,,,,,,,,,,,,,,,,,,,,,,,,,8.669662513026136,18.34759434,1.94259018,,137.062,0.785,39.688,0.227,1.688,0.01,0.0,0.0,0.39688,0.227,0.02532,0.015,0.0,0.0,0.6642,104.34375,0.5976057613942327,112.78125,0.6459296774099389,1.56515625,0.8964086420913491,3.94734375,2.2607538709347863,8.669662513026136,212055,,,0.0124599735659427,Information
651500,12618.0,17690.6916,ARG,Argentina,Buenos Aires,1.078530615,1.886936446,0.65,0.49,12618.0,,,,,,,,,,,,,,,,,,,,,,,,,24.20945349898105,21.5706123,37.73872892,,107.25,0.606,71.312,0.403,27.75,0.157,10.812,0.061,0.71312,0.403,0.41625,0.2355,0.2703,0.1525,2.19067,253.125,1.4308372208179203,333.421875,1.8847305836440496,3.796875,2.14625583122688,11.669765625,6.596557042754173,24.20945349898105,987416,,,0.1724324871262997,Information
651600,12619.0,10345.28311,ARG,Argentina,Buenos Aires,2.093020107,0.0,0.65,0.49,12619.0,,,,,,,,,,,,,,,,,,,,,,,,,3.3546305195146555,41.860402140000005,0.0,,47.0,0.454,19.188,0.185,0.0,0.0,0.0,0.0,0.19188,0.185,0.0,0.0,0.0,0.0,0.37688,7.734375,0.0747623329128656,45.421875,0.439058791470102,0.116015625,0.1121434993692984,1.589765625,1.536705770145357,3.3546305195146555,122816,,,0.0021688041660902,Information
651700,12620.0,11756.41703,ARG,Argentina,Buenos Aires,3.223733607,0.0,0.65,0.49,12620.0,,,,,,,,,,,,,,,,,,,,,,,,,11.021186250702485,64.47467214,0.0,,223.312,1.899,141.688,1.205,2.062,0.018,0.125,0.001,1.41688,1.205,0.03093,0.0269999999999999,0.003125,0.0025,2.685435,34.453125,0.2930580372307222,155.390625,1.3217515556732573,0.516796875,0.4395870558460833,5.438671875,4.6261304448564005,11.021186250702485,87531,,,0.1209146963508866,Information
651800,12621.0,9919.135743,ARG,Argentina,Buenos Aires,0.361334737,0.0,0.65,0.49,12621.0,,,,,,,,,,,,,,,,,,,,,,,,,2.2224598575341536,7.22669474,0.0,,18.0,0.181,13.25,0.134,0.5,0.005,0.25,0.003,0.1325,0.134,0.0075,0.0075,0.00625,0.0075,0.29525,5.203125,0.0524554269107543,29.390625,0.2963022763337207,0.078046875,0.0786831403661314,1.028671875,1.0370579671680225,2.2224598575341536,23511,,,9.51547622368976e-05,Information
651900,12622.0,22905.87403,ARG,Argentina,La Pampa,2.114569859,0.0,0.65,0.49,12622.0,,,,,,,,,,,,,,,,,,,,,,,,,3.861565454166164,42.29139718,0.0,,339.438,1.482,94.812,0.414,0.688,0.003,0.0,0.0,0.94812,0.414,0.01032,0.0045,0.0,0.0,1.37694,26.296875,0.1148040671221934,65.53125,0.2860892795665354,0.394453125,0.1722061006832901,2.29359375,1.001312478482874,3.861565454166164,15293,,,0.0034220769688563,Information
651901,12623.0,2521.803039,ARG,Argentina,Buenos Aires,0.939007063,0.0,0.65,0.49,12623.0,,,,,,,,,,,,,,,,,,,,,,,,,9.353215871551656,18.78014126,0.0,,37.562,1.49,36.188,1.435,0.812,0.032,0.0,0.0,0.36188,1.435,0.01218,0.048,0.0,0.0,1.85706,21.234375,0.8420314620972752,44.71875,1.7732848009730695,0.318515625,1.2630471931459128,1.56515625,6.206496803405743,9.353215871551656,12966,,,0.0153307006803062,Information
651902,12624.0,4643.322291,ARG,Argentina,Buenos Aires,2.106062271,0.0,0.65,0.49,12624.0,,,,,,,,,,,,,,,,,,,,,,,,,3.995748256109744,42.12124542,0.0,,155.25,3.344,88.438,1.905,1.688,0.036,0.188,0.004,0.88438,1.905,0.02532,0.0539999999999999,0.0046999999999999,0.01,2.8833999999999995,4.078125,0.0878277393753413,34.453125,0.7419929705847806,0.061171875,0.1317416090630119,1.205859375,2.5969753970467324,3.995748256109744,7822,,,0.0037574734766784,Information
651903,12625.0,333.9560396,ARG,Argentina,Buenos Aires,4.007262981,0.0,0.65,0.49,12625.0,,,,,,,,,,,,,,,,,,,,,,,,,21.539967417986137,80.14525962,0.0,,4.562,1.366,4.188,1.254,1.0,0.299,0.0,0.0,0.04188,1.254,0.015,0.4485,0.0,0.0,1.7593799999999995,4.078125,1.2211562350941374,18.140625,5.432039804384266,0.061171875,1.831734352641206,0.634921875,19.01213931534493,21.539967417986137,12801,,,0.5324648633763446,Advisory
651904,12626.0,1338.227658,ARG,Argentina,Buenos Aires,3.817114044,0.0,0.65,0.49,12626.0,,,,,,,,,,,,,,,,,,,,,,,,,9.478025894260806,76.34228088,0.0,,44.125,3.297,8.25,0.616,0.0,0.0,0.0,0.0,0.0825,0.616,0.0,0.0,0.0,0.0,0.6985,15.1875,1.1348965858958733,25.453125,1.9020026115477136,0.2278125,1.7023448788438098,0.890859375,6.6570091404169975,9.478025894260806,6961,,,0.1801710549654911,Information
651905,12627.0,833.7485843,ARG,Argentina,Buenos Aires,4.025647404,2.002250285,0.65,0.49,12627.0,,,,,,,,,,,,,,,,,,,,,,,,,32.92766733050809,80.51294808,40.0450057,3.0,70.312,8.433,8.5,1.019,0.0,0.0,0.0,0.0,0.085,1.019,0.0,0.0,0.0,0.0,1.104,31.78125,3.811850550330094,58.78125,7.05023685857513,0.47671875,5.717775825495141,2.05734375,24.67582900501296,32.92766733050809,219677,552.0,0.25,0.7000564986982631,Watch
651906,12628.0,1297.68517,ARG,Argentina,Buenos Aires,4.004928651,0.0,0.65,0.49,12628.0,,,,,,,,,,,,,,,,,,,,,,,,,2.6138492782064606,80.09857302,0.0,,114.25,8.804,7.188,0.554,0.0,0.0,0.0,0.0,0.07188,0.554,0.0,0.0,0.0,0.0,0.62588,0.0,0.0,8.578125,0.6610328294875601,0.0,0.0,0.300234375,2.313614903206461,2.6138492782064606,125706,,,0.0211799223581373,Information
651907,12629.0,889.6233529,ARG,Argentina,Buenos Aires,3.340723126,0.332967786,0.65,0.49,12629.0,,,,,,,,,,,,,,,,,,,,,,,,,2.409890197434309,66.81446251999999,6.65935572,,2.188,0.246,2.062,0.232,0.0,0.0,0.0,0.0,0.02062,0.232,0.0,0.0,0.0,0.0,0.25262,2.953125,0.3319522796151464,4.359375,0.490024793717597,0.044296875,0.4979284194227196,0.152578125,1.7150867780115897,2.409890197434309,22692,,,0.0043639410329364,Information
651908,12630.0,1637.863215,ARG,Argentina,Buenos Aires,3.982022378,0.038214817,0.65,0.49,12630.0,,,,,,,,,,,,,,,,,,,,,,,,,0.4946105251696129,79.64044756,0.76429634,,5.438,0.332,1.312,0.08,0.125,0.008,0.0,0.0,0.01312,0.08,0.001875,0.012,0.0,0.0,0.106995,0.703125,0.0429294091080417,1.6875,0.1030305818593001,0.010546875,0.0643941136620625,0.0590625,0.3606070365075503,0.4946105251696129,12394,,,0.0001005881197943,Information
652001,12631.0,16466.64982,ARG,Argentina,La Pampa,0.658950657,0.0,0.65,0.49,12631.0,,,,,,,,,,,,,,,,,,,,,,,,,1.7064878813318312,13.17901314,0.0,,0.0,0.0,0.0,0.0,8.125,0.049,2.938,0.018,0.0,0.0,0.121875,0.0735,0.07345,0.045,0.313825,4.5,0.0273279631822763,28.40625,0.1725077675881191,0.0675,0.0409919447734144,0.99421875,0.6037771865584168,1.7064878813318312,1009,,,4.257709511611717e-05,Information
652002,12632.0,5225.301253,ARG,Argentina,La Pampa,3.258100983,0.0,0.65,0.49,12632.0,,,,,,,,,,,,,,,,,,,,,,,,,1.1022227638946644,65.16201966,0.0,,0.0,0.0,0.0,0.0,0.0,0.0,2.562,0.049,0.0,0.0,0.0,0.0,0.06405,0.1225,0.18655,1.265625,0.0242210915429441,10.265625,0.1964599647372138,0.018984375,0.0363316373144161,0.359296875,0.6876098765802483,1.1022227638946644,713,,,0.0002768049467076,Information
652003,12633.0,3229.010418,ARG,Argentina,Mendoza,0.136610845,0.0,0.65,0.49,12633.0,,,,,,,,,,,,,,,,,,,,,,,,,2.21695,2.7322169,0.0,,0.0,0.0,0.0,0.0,29.5,0.914,3.938,0.122,0.0,0.0,0.4425,1.371,0.09845,0.305,2.21695,9.0,0.2787231638908475,9.0,0.2787231638908475,0.135,0.4180847458362712,0.315,0.9755310736179664,1.8436158194542376,26,,,7.79946575211245e-05,Information
652005,12635.0,8392.827771,ARG,Argentina,Mendoza,0.523987845,0.0,0.65,0.49,12635.0,,,,,,,,,,,,,,,,,,,,,,,,,2.804695,10.479756899999998,0.0,,344.5,4.105,61.5,0.733,13.688,0.163,18.375,0.219,0.615,0.733,0.20532,0.2445,0.459375,0.5475,2.804695,1.125,0.0134043022285643,1.546875,0.018430915564276,0.016875,0.0201064533428464,0.054140625,0.064508204474966,0.1556302828178124,16584,,,0.0002669255141804,Information
652100,12636.0,27443.19788,ARG,Argentina,Río Negro,4.029230426,0.0,0.65,0.49,12636.0,12636.0,0.0,10.0,-9999.0,-9999.0,-9999.0,0.0,1.0,-999.9,-999.9,-999.9,-5997.4,0.0,0.0,0.0,0.0,0.0,0.0,0.0,0.0,0.0,0.0,0.0,-5997.4,18.772287438334327,80.58460851999999,0.0,,446.75,1.628,199.75,0.728,0.0,0.0,0.0,0.0,1.9975,0.728,0.0,0.0,0.0,0.0,2.7255000000000003,154.6875,0.5636642663703763,326.8125,1.1908688682225042,2.3203125,0.8454963995555644,11.4384375,4.168041038778765,18.772287438334327,32099,,,0.4865644027256292,Advisory
652200,12637.0,3485.877212,ARG,Argentina,Río Negro,0.834999753,0.0,0.65,0.49,12637.0,,,,,,,,,,,,,,,,,,,,,,,,,1.7327626895437604,16.69999506,0.0,,7.188,0.206,7.188,0.206,0.125,0.004,0.0,0.0,0.07188,0.206,0.001875,0.006,0.0,0.0,0.285755,0.0,0.0,12.796875,0.3671063041553601,0.0,0.0,0.447890625,1.2848720645437604,1.7327626895437604,409,,,5.381117545193421e-05,Information
652201,12638.0,5943.01275,ARG,Argentina,La Pampa,2.645186885,0.0,0.65,0.49,12638.0,,,,,,,,,,,,,,,,,,,,,,,,,10.13494,52.90373770000001,0.0,,756.188,12.724,376.312,6.332,0.188,0.003,0.5,0.008,3.76312,6.332,0.00282,0.0045,0.0125,0.02,10.13494,23.0625,0.3880607525152686,62.15625,1.045871052510663,0.3459375,0.5820911287729029,2.17546875,3.660548683787321,6.764046062560223,525,,,0.0622440818558604,Information
652202,12639.0,953.134686,ARG,Argentina,La Pampa,0.740326154,0.0,0.65,0.49,12639.0,,,,,,,,,,,,,,,,,,,,,,,,,22.533425,14.80652308,0.0,,0.562,0.059,0.562,0.059,0.562,0.059,77.875,8.17,0.00562,0.059,0.00843,0.0885,1.946875,20.425,22.533425,22.78125,2.3901396449801857,38.671875,4.057335817095995,0.34171875,3.5852094674702784,1.353515625,14.20067535983598,19.48111920230626,188,,,0.0917714741965761,Information
652203,12640.0,3307.2948,ARG,Argentina,Río Negro,0.226546452,0.0,0.65,0.49,12640.0,,,,,,,,,,,,,,,,,,,,,,,,,4.80933,4.53092904,0.0,,26.25,0.794,26.188,0.792,0.25,0.008,37.188,1.124,0.26188,0.792,0.00375,0.012,0.9297,2.8100000000000005,4.80933,1.828125,0.055275538190403,25.3125,0.7653536057132723,0.027421875,0.0829133072856045,0.8859375,2.6787376199964528,3.6750103022820575,5575,,,0.0014029247292971,Information
652205,12642.0,11932.06694,ARG,Argentina,Mendoza,4.017911538,0.0,0.65,0.49,12642.0,12642.0,0.0,5.0,2.0,-9999.0,-9999.0,0.0,6.0,0.2,-999.9,-999.9,-3987.2,0.0,0.0,0.0,0.0,0.0,0.0,0.0,0.0,0.0,0.0,0.0,-3987.2,1.3932055065768387,80.35823076,0.0,,,,,,,,,,,,,,,,,0.0,0.0,21.65625,0.1814962161648111,0.0,0.0,0.75796875,0.6352367565768389,1.3932055065768387,85035,,,0.0040718748200314,Information
652206,12643.0,3567.432769,ARG,Argentina,Neuquén,1.015649707,0.0,0.65,0.49,12643.0,12643.0,0.0,5.0,-9999.0,-9999.0,-9999.0,0.0,6.0,-999.9,-999.9,-999.9,-5987.4,0.0,0.0,0.0,0.0,0.0,0.0,0.0,0.0,0.0,0.0,0.0,-5987.4,0.7487424429384263,20.31299414,0.0,,,,,,,,,,,,,,,,,0.0,0.0,5.625,0.1576764122681218,0.0,0.0,0.196875,0.5518674429384263,0.7487424429384263,1226,,,1.5246803369320596e-06,Information
652207,12644.0,5342.885988,ARG,Argentina,Mendoza,2.900606928,0.0,0.65,0.49,12644.0,12644.0,0.0,5.0,-9999.0,-9999.0,-9999.0,0.0,6.0,-999.9,-999.9,-999.9,-5987.4,0.0,0.0,0.0,0.0,0.0,0.0,0.0,0.0,0.0,0.0,0.0,-5987.4,1.037425,58.01213856,0.0,,0.0,0.0,0.0,0.0,16.875,0.316,4.312,0.081,0.0,0.0,0.253125,0.474,0.1078,0.2025,1.037425,1.125,0.0210560360565314,1.546875,0.0289520495777307,0.016875,0.0315840540847971,0.054140625,0.1013321735220574,0.2039318526068545,5654,,,0.0001075286696066,Information
652300,12647.0,15441.81403,ARG,Argentina,La Pampa,1.233926181,0.0,0.65,0.49,12647.0,,,,,,,,,,,,,,,,,,,,,,,,,6.632000000000001,24.67852362,0.0,,576.375,3.733,402.5,2.607,0.0,0.0,0.0,0.0,4.025,2.607,0.0,0.0,0.0,0.0,6.632000000000001,0.0,0.0,5.625,0.0364270673824772,0.0,0.0,0.196875,0.1274947358386702,0.3243697358386702,525,,,0.0075523512191173,Information
652301,12648.0,15542.20343,ARG,Argentina,La Pampa,3.079776301,0.0,0.65,0.49,12648.0,,,,,,,,,,,,,,,,,,,,,,,,,11.8123,61.59552602,0.0,,1728.188,11.119,704.0,4.53,9.75,0.063,0.062,0.0,7.04,4.53,0.14625,0.0945,0.00155,0.0,11.8123,21.375,0.1375287622565623,43.875,0.2822958804213648,0.320625,0.2062931433848434,1.535625,0.9880355814747768,3.05057872485962,1069,,,0.1191925972052209,Information
652303,12650.0,4394.203425,ARG,Argentina,La Pampa,4.031021315,0.0,0.65,0.49,12650.0,,,,,,,,,,,,,,,,,,,,,,,,,1.28975,80.6204263,0.0,,39.75,0.905,39.375,0.896,0.0,0.0,0.0,0.0,0.39375,0.896,0.0,0.0,0.0,0.0,1.28975,,,,,,,,,,395,,,0.003366481722098,Information
652401,12657.0,10873.78675,ARG,Argentina,Mendoza,1.508829935,0.0,0.65,0.49,12657.0,,,,,,,,,,,,,,,,,,,,,,,,,10.478100427073004,30.1765987,0.0,,106.125,0.976,70.5,0.648,1.25,0.011,0.0,0.0,0.705,0.648,0.01875,0.0165,0.0,0.0,1.38825,0.0,0.0,155.953125,1.4342117291637155,0.0,0.0,5.458359375,5.019741052073004,10.478100427073004,19031,,,0.0289349729155142,Information
652402,12658.0,3527.228965,ARG,Argentina,Mendoza,0.433162542,0.0,0.65,0.49,12658.0,,,,,,,,,,,,,,,,,,,,,,,,,3.045045,8.66325084,0.0,,125.5,3.558,32.062,0.909,29.375,0.833,1.312,0.037,0.3206199999999999,0.909,0.440625,1.2494999999999998,0.0328,0.0925,3.045045,1.40625,0.0398684070085132,9.0,0.2551578048544846,0.02109375,0.0598026105127698,0.315,0.8930523169906961,1.2889486775034658,504,,,0.0003356530450125,Information
652404,12660.0,6037.141246,ARG,Argentina,Mendoza,0.226784599,0.0,0.65,0.49,12660.0,12660.0,0.0,5.0,-9999.0,-9999.0,-9999.0,0.0,6.0,-999.9,-999.9,-999.9,-5987.4,0.0,0.0,0.0,0.0,0.0,0.0,0.0,0.0,0.0,0.0,0.0,-5987.4,1.3298668209253512,4.53569198,0.0,,8.5,0.141,6.812,0.113,4.5,0.075,3.125,0.052,0.06812,0.113,0.0675,0.1124999999999999,0.078125,0.13,0.569245,2.53125,0.0419279572377986,13.21875,0.2189571100196152,0.03796875,0.0628919358566979,0.46265625,0.7663498850686532,1.3298668209253512,46410,,,9.613920908948927e-06,Information
652405,12661.0,1752.107909,ARG,Argentina,Mendoza,2.555212007,0.0,0.65,0.49,12661.0,,,,,,,,,,,,,,,,,,,,,,,,,1.070375,51.10424014,0.0,,4.625,0.264,4.625,0.264,3.375,0.193,2.5,0.143,0.04625,0.264,0.050625,0.2895,0.0625,0.3575,1.070375,0.0,0.0,3.375,0.1926251221550761,0.0,0.0,0.118125,0.6741879275427664,0.7923129275427664,9749,,,6.627236948848696e-05,Information
652406,12662.0,1441.962622,ARG,Argentina,Mendoza,2.355014256,0.0,0.65,0.49,12662.0,,,,,,,,,,,,,,,,,,,,,,,,,4.563860541506987,47.10028512,0.0,,18.938,1.313,5.938,0.412,8.812,0.611,11.688,0.811,0.0593799999999999,0.412,0.13218,0.9165,0.2922,2.0275000000000003,3.83976,9.140625,0.6339016600194477,12.515625,0.86795765756509,0.137109375,0.9508524900291716,0.438046875,3.037851801477815,4.563860541506987,0,,,0.0071382677936073,Information
652408,12664.0,2368.651374,ARG,Argentina,Mendoza,4.005642387,0.0,0.65,0.49,12664.0,,,,,,,,,,,,,,,,,,,,,,,,,5.347049999999999,80.11284774,0.0,,179.25,7.568,45.875,1.937,13.0,0.549,14.812,0.625,0.45875,1.937,0.195,0.8235000000000001,0.3703,1.5625,5.347049999999999,2.671875,0.1128015304078462,4.640625,0.1959184475504698,0.040078125,0.1692022956117693,0.162421875,0.6857145664266443,1.0574168620384137,273,,,0.0945023943973865,Information
652409,12665.0,5271.487632,ARG,Argentina,Mendoza,3.643683918,0.0,0.65,0.49,12665.0,12665.0,0.0,4.0,-9999.0,-9999.0,-9999.0,0.0,7.0,-999.9,-999.9,-999.9,-4986.3,0.0,0.0,0.0,0.0,0.0,0.0,0.0,0.0,0.0,0.0,0.0,-4986.3,4.691999999999999,72.87367836,0.0,,480.688,9.119,85.25,1.617,48.25,0.915,1.75,0.033,0.8525,1.617,0.72375,1.3725,0.04375,0.0825,4.691999999999999,0.703125,0.0133382651923351,0.84375,0.0160059182308022,0.010546875,0.0200073977885026,0.02953125,0.0560207138078077,0.1161062365963103,473,,,0.0396599728934222,Information
652506,12672.0,15378.87155,ARG,Argentina,Mendoza,2.131191813,0.0,0.65,0.49,12672.0,12672.0,0.0,5.0,-9999.0,-9999.0,-9999.0,0.0,6.0,-999.9,-999.9,-999.9,-5987.4,0.0,0.0,0.0,0.0,0.0,0.0,0.0,0.0,0.0,0.0,0.0,-5987.4,4.99389,42.62383626,0.0,,213.5,1.388,159.562,1.038,90.938,0.591,2.688,0.017,1.59562,1.038,1.36407,0.8865,0.0672,0.0425,4.99389,0.28125,0.001828807784074,2.8125,0.0182880778407401,0.00421875,0.002743211676111,0.0984375,0.0640082724425903,0.1694077341187013,204151,,,0.0073149405335531,Information
652507,12673.0,4903.781707,ARG,Argentina,Mendoza,2.102720785,0.0,0.65,0.49,12673.0,12673.0,0.0,9.0,-9999.0,-9999.0,-9999.0,0.0,2.0,-999.9,-999.9,-999.9,-5995.4,0.0,0.0,0.0,0.0,0.0,0.0,0.0,0.0,0.0,0.0,0.0,-5995.4,0.2842166606168299,42.05441569999999,0.0,,,,,,,,,,,,,,,,,0.0,0.0,2.671875,0.0544860101762371,0.0,0.0,0.093515625,0.1907010356168298,0.2842166606168299,27446,,,5.2594750464234765e-08,Information
652602,12678.0,9832.220778,ARG,Argentina,Mendoza,0.820674473,0.0,0.65,0.49,12678.0,12678.0,0.0,4.0,-9999.0,-9999.0,-9999.0,0.0,7.0,-999.9,-999.9,-999.9,-5984.4,0.0,0.0,0.0,0.0,0.0,0.0,0.0,0.0,0.0,0.0,0.0,-5984.4,0.7743635624136104,16.41348946,0.0,,16.688,0.17,11.875,0.121,3.562,0.036,6.25,0.064,0.11875,0.121,0.05343,0.0539999999999999,0.15625,0.16,0.6634300000000001,0.0,0.0,10.96875,0.1115592321181744,0.0,0.0,0.38390625,0.3904573124136103,0.7743635624136104,166355,,,1.423250566959509e-06,Information
652604,12680.0,9520.157313,ARG,Argentina,Mendoza,0.160705101,0.0,0.65,0.49,12680.0,,,,,,,,,,,,,,,,,,,,,,,,,10.276362586768096,3.21410202,0.0,,29.625,0.311,16.5,0.173,0.062,0.001,0.062,0.001,0.165,0.173,0.0009299999999999,0.0015,0.00155,0.0025,0.3444799999999999,1.40625,0.014771289525163,142.59375,1.4978087578515291,0.02109375,0.0221569342877444,4.99078125,5.242330652480352,10.276362586768096,1317508,,,0.0124595372890078,Information
652605,12681.0,7256.863461,ARG,Argentina,San Juan,0.109216969,0.0,0.65,0.49,12681.0,12681.0,0.0,7.0,-9999.0,-9999.0,-9999.0,0.0,4.0,-999.9,-999.9,-999.9,-5991.4,0.0,0.0,0.0,0.0,0.0,0.0,0.0,0.0,0.0,0.0,0.0,-5991.4,2.096732308949321,2.18433938,0.0,,,,,,,,,,,,,,,,,0.703125,0.0096891033409036,24.890625,0.3429942582679904,0.010546875,0.0145336550113553,0.871171875,1.2004799039379663,2.096732308949321,520284,,,6.08429477089609e-05,Information
652607,12683.0,7134.3634,ARG,Argentina,San Juan,2.112332966,0.0,0.65,0.49,12683.0,12683.0,0.0,5.0,-9999.0,-9999.0,-9999.0,0.0,6.0,-999.9,-999.9,-999.9,-5987.4,0.0,0.0,0.0,0.0,0.0,0.0,0.0,0.0,0.0,0.0,0.0,-5987.4,0.16382,42.24665932,0.0,,15.75,0.221,4.0,0.056,1.438,0.02,0.25,0.004,0.04,0.056,0.02157,0.03,0.00625,0.01,0.16382,,,,,,,,,,3710,,,2.243388036051032e-09,Information
652608,12684.0,3579.111188,ARG,Argentina,San Juan,3.340916036,0.0,0.65,0.49,12684.0,12684.0,0.0,6.0,-9999.0,-9999.0,-9999.0,0.0,5.0,-999.9,-999.9,-999.9,-5989.4,0.0,0.0,0.0,0.0,0.0,0.0,0.0,0.0,0.0,0.0,0.0,-5989.4,-5989.4,66.81832072,0.0,,,,,,,,,,,,,,,,,,,,,,,,,,747,,,,
652609,12685.0,4878.642499,ARG,Argentina,San Juan,3.101790775,0.0,0.65,0.49,12685.0,12685.0,0.0,5.0,-9999.0,-9999.0,-9999.0,0.0,6.0,-999.9,-999.9,-999.9,-5987.4,0.0,0.0,0.0,0.0,0.0,0.0,0.0,0.0,0.0,0.0,0.0,-5987.4,-5987.4,62.0358155,0.0,,,,,,,,,,,,,,,,,,,,,,,,,,94,,,,
652903,12691.0,5866.134004,ARG,Argentina,San Juan,4.035743519,0.0,0.65,0.49,12691.0,,,,,,,,,,,,,,,,,,,,,,,,,0.4830425571449147,80.71487038000001,0.0,,7.5,0.128,7.5,0.128,1.062,0.018,0.0,0.0,0.075,0.128,0.01593,0.0269999999999999,0.0,0.0,0.24593,0.421875,0.0071917041057853,4.921875,0.0839032145674962,0.006328125,0.0107875561586779,0.172265625,0.2936612509862367,0.4830425571449147,9645,,,0.0001134634386153,Information
652907,12695.0,7614.159613,ARG,Argentina,San Juan,0.357609675,0.0,0.65,0.49,12695.0,,,,,,,,,,,,,,,,,,,,,,,,,0.539825,7.1521935,0.0,,12.938,0.17,7.438,0.098,9.938,0.131,0.375,0.005,0.07438,0.098,0.14907,0.1965,0.009375,0.0125,0.539825,0.0,0.0,3.796875,0.0498659759292132,0.0,0.0,0.132890625,0.1745309157522462,0.3074215407522462,354,,,1.3201024897768908e-07,Information
652908,12696.0,1861.708276,ARG,Argentina,San Juan,0.559566276,0.0,0.65,0.49,12696.0,,,,,,,,,,,,,,,,,,,,,,,,,0.74205,11.19132552,0.0,,10.062,0.54,10.062,0.54,1.062,0.057,0.0,0.0,0.1006199999999999,0.54,0.01593,0.0855,0.0,0.0,0.74205,0.0,0.0,2.671875,0.1435173831359076,0.0,0.0,0.093515625,0.5023108409756766,0.5958264659756766,0,,,8.556904632281023e-07,Information
653010,12699.0,3314.439467,ARG,Argentina,Chubut,0.776026798,0.0,0.65,0.49,12699.0,,,,,,,,,,,,,,,,,,,,,,,,,0.50725,15.52053596,0.0,,59.625,1.799,12.625,0.381,0.0,0.0,0.0,0.0,0.12625,0.381,0.0,0.0,0.0,0.0,0.50725,,,,,,,,,,0,,,1.5665472923734897e-07,Information
653020,12700.0,25563.13819,ARG,Argentina,Chubut,2.511021067,0.0,0.65,0.49,12700.0,12700.0,0.0,21.0,2.0,-9999.0,-9999.0,0.0,1.0,0.2,-999.9,-999.9,-3997.2,0.0,0.0,0.0,0.0,0.0,0.0,0.0,0.0,0.0,0.0,0.0,-3997.2,2.0473291865152983,50.22042134,0.0,,,,,,,,,,,,,,,,,0.0,0.0,42.046875,0.1644824461472281,0.0,0.0,1.471640625,0.5756885615152983,2.0473291865152983,760,,,0.0007087377927397,Information
653060,12704.0,19077.01742,ARG,Argentina,Río Negro,4.004219915,0.0,0.65,0.49,12704.0,,,,,,,,,,,,,,,,,,,,,,,,,2.213053821588027,80.0843983,0.0,,0.0,0.0,0.0,0.0,0.0,0.0,3.5,0.018,0.0,0.0,0.0,0.0,0.0875,0.045,0.1325,0.0,0.0,41.484375,0.2174573418822934,0.0,0.0,1.451953125,0.7611006965880269,2.213053821588027,10256,,,0.014005579833354,Information
653100,12708.0,9590.915217,ARG,Argentina,Buenos Aires,1.255421842,0.0,0.65,0.49,12708.0,,,,,,,,,,,,,,,,,,,,,,,,,20.806818230941527,25.108436840000003,0.0,,5.125,0.053,5.125,0.053,0.0,0.0,0.0,0.0,0.05125,0.053,0.0,0.0,0.0,0.0,0.10425,76.640625,0.799096053563627,258.1875,2.69200065017031,1.149609375,1.1986440803454406,9.0365625,9.422002275596084,20.806818230941527,6064,,,0.1001388992678123,Information
653210,12710.0,26636.51056,ARG,Argentina,Río Negro,3.598068746,0.0,0.65,0.49,12710.0,12710.0,0.0,12.0,5.0,2.0,-9999.0,0.0,1.0,0.5,0.2,-999.9,-1994.6,0.0,0.0,0.0,0.0,0.0,0.0,0.0,0.0,0.0,0.0,0.0,-1994.6,8.942731043237968,71.96137492,0.0,,9.0,0.034,9.0,0.034,0.0,0.0,0.0,0.0,0.09,0.034,0.0,0.0,0.0,0.0,0.124,0.0,0.0,185.765625,0.697409762353705,0.0,0.0,6.501796875,2.4409341682379675,8.942731043237968,417005,,,0.1265728634450846,Information
653221,12712.0,1033.513944,ARG,Argentina,Neuquén,4.033954311,0.0,0.65,0.49,12712.0,12712.0,0.0,7.0,3.0,2.0,-9999.0,0.0,4.0,0.3,0.2,-999.9,-1990.8,0.0,0.0,0.0,0.0,0.0,0.0,0.0,0.0,0.0,0.0,0.0,-1990.8,0.683079795696775,80.67908621999999,0.0,,,,,,,,,,,,,,,,,0.0,0.0,1.828125,0.1768844059133643,0.0,0.0,0.063984375,0.619095420696775,0.683079795696775,135651,,,0.000415388561407,Information
653223,12714.0,2176.488194,ARG,Argentina,Neuquén,2.984530119,0.0,0.65,0.49,12714.0,12714.0,0.0,4.0,3.0,2.0,-9999.0,0.0,7.0,0.3,0.2,-999.9,-1984.8,0.0,0.0,0.0,0.0,0.0,0.0,0.0,0.0,0.0,0.0,0.0,-1984.8,2.395606974342764,59.69060238,0.0,,,,,,,,,,,,,,,,,0.0,0.0,12.234375,0.5621153855265039,0.0,0.0,0.428203125,1.967403849342764,2.395606974342764,11464,,,0.0023792144339319,Information
653226,12717.0,9687.212575,ARG,Argentina,Neuquén,3.02042958,0.0,0.65,0.49,12717.0,12717.0,0.0,4.0,3.0,2.0,2.0,0.0,7.0,0.3,0.2,0.2,15.4,0.0,0.0,0.0,0.0,0.0,0.0,0.0,0.0,0.0,0.0,0.0,15.4,15.4,60.4085916,0.0,,,,,,,,,,,,,,,,,0.0,0.0,7.453125,0.0769377665907163,0.0,0.0,0.260859375,0.269282183067507,0.5301415580675071,19372,,,0.1725223278410843,Information
653280,12726.0,10032.38037,ARG,Argentina,Neuquén,1.10897554,0.0,0.65,0.49,12726.0,12726.0,0.0,2.0,3.0,2.0,-9999.0,0.0,9.0,0.3,0.2,-999.9,-1980.8,0.0,0.0,0.0,0.0,0.0,0.0,0.0,0.0,0.0,0.0,0.0,-1980.8,0.3144916552023438,22.179510800000003,0.0,,,,,,,,,,,,,,,,,0.0,0.0,4.5,0.0448547586292411,0.0,0.0,0.1575,0.1569916552023438,0.3144916552023438,168195,,,1.7819521362520923e-08,Information
653290,12727.0,16228.17649,ARG,Argentina,Neuquén,1.486560068,0.0,0.65,0.49,12727.0,12727.0,0.0,4.0,17.0,2.0,-9999.0,0.0,7.0,1.7,0.2,-999.9,-1982.0,0.0,0.0,0.0,0.0,0.0,0.0,0.0,0.0,0.0,0.0,0.0,-1982.0,0.1829602693698325,29.73120136,0.0,,,,,,,,,,,,,,,,,0.0,0.0,3.234375,0.019930612677095,0.0,0.0,0.113203125,0.0697571443698324,0.1829602693698325,30916,,,1.334059791641946e-09,Information
653401,12737.0,5163.469561,ARG,Argentina,Chubut,2.451722241,0.0,0.65,0.49,12737.0,,,,,,,,,,,,,,,,,,,,,,,,,2.74438,49.03444482,0.0,,110.438,2.139,92.188,1.785,0.0,0.0,0.5,0.01,0.92188,1.785,0.0,0.0,0.0125,0.025,2.74438,0.0,0.0,23.765625,0.4602646480261589,0.0,0.0,0.831796875,1.610926268091556,2.4427231430915564,31,,,0.0017412212064923,Information
653402,12738.0,4217.370026,ARG,Argentina,Chubut,1.332247763,0.0,0.65,0.49,12738.0,,,,,,,,,,,,,,,,,,,,,,,,,2.401,26.64495526,0.0,,86.312,2.047,66.25,1.571,0.0,0.0,2.0,0.047,0.6625,1.571,0.0,0.0,0.05,0.1175,2.401,0.0,0.0,16.734375,0.3967964607194562,0.0,0.0,0.585703125,1.388787612518097,1.974490737518097,28,,,0.0003137670366082,Information
653403,12739.0,3722.117891,ARG,Argentina,Chubut,1.676792134,0.0,0.65,0.49,12739.0,,,,,,,,,,,,,,,,,,,,,,,,,6.151549999999999,33.53584268,0.0,,250.312,6.725,102.375,2.75,0.0,0.0,25.812,0.693,1.02375,2.75,0.0,0.0,0.6453,1.7325,6.151549999999999,,,,,,,,,,20,,,0.0086572884966968,Information
653404,12740.0,4396.715897,ARG,Argentina,Chubut,4.039519712,0.0,0.65,0.49,12740.0,,,,,,,,,,,,,,,,,,,,,,,,,5.03795,80.79039424,0.0,,393.0,8.938,114.625,2.607,0.0,0.0,15.688,0.357,1.14625,2.607,0.0,0.0,0.3922,0.8925,5.03795,0.0,0.0,20.25,0.4605710369985012,0.0,0.0,0.70875,1.6119986294947544,2.320748629494754,36,,,0.090381214846673,Information
653406,12742.0,7656.951458,ARG,Argentina,Chubut,2.405032747,0.0,0.65,0.49,12742.0,,,,,,,,,,,,,,,,,,,,,,,,,6.880055,48.10065494,0.0,,516.562,6.746,176.438,2.304,17.875,0.233,38.062,0.497,1.7643799999999998,2.304,0.268125,0.3495,0.95155,1.2425,6.880055,0.0,0.0,8.4375,0.1101939857639523,0.0,0.0,0.2953125,0.385678950173833,0.680991450173833,943,,,0.0216564753642958,Information
653407,12743.0,6184.137609,ARG,Argentina,Chubut,2.530693469,0.0,0.65,0.49,12743.0,,,,,,,,,,,,,,,,,,,,,,,,,5.33495,50.61386938,0.0,,322.625,5.217,174.0,2.814,0.0,0.0,11.938,0.193,1.74,2.814,0.0,0.0,0.29845,0.4825,5.33495,0.0,0.0,31.5,0.5093677080435498,0.0,0.0,1.1025,1.7827869781524244,2.8852869781524246,324,,,0.0130275302630419,Information
653410,12744.0,6095.870395,ARG,Argentina,Chubut,4.061414348,0.0,0.65,0.49,12744.0,12744.0,0.0,12.0,-9999.0,-9999.0,-9999.0,0.0,1.0,-999.9,-999.9,-999.9,-5997.4,0.0,0.0,0.0,0.0,0.0,0.0,0.0,0.0,0.0,0.0,0.0,-5997.4,13.532,81.22828695999999,0.0,,1162.188,19.065,512.5,8.407,0.0,0.0,0.0,0.0,5.125,8.407,0.0,0.0,0.0,0.0,13.532,0.0,0.0,11.8125,0.1937787261760691,0.0,0.0,0.4134375,0.6782255416162418,1.0916630416162418,153568,,,0.3717228178627447,Advisory
653422,12746.0,3144.021544,ARG,Argentina,Chubut,3.13607707,0.0,0.65,0.49,12746.0,,,,,,,,,,,,,,,,,,,,,,,,,3.107125,62.72154139999999,0.0,,75.562,2.403,73.375,2.334,0.0,0.0,0.375,0.012,0.73375,2.334,0.0,0.0,0.009375,0.03,3.107125,0.0,0.0,8.296875,0.263893706962408,0.0,0.0,0.290390625,0.923627974368428,1.214018599368428,14,,,0.0064827088013899,Information
653423,12747.0,13215.04238,ARG,Argentina,Chubut,4.017388093,0.0,0.65,0.49,12747.0,12747.0,0.0,24.0,2.0,-9999.0,-9999.0,0.0,1.0,0.2,-999.9,-999.9,-3997.2,0.0,0.0,0.0,0.0,0.0,0.0,0.0,0.0,0.0,0.0,0.0,-3997.2,2.84568,80.34776186,0.0,,297.875,2.254,136.188,1.031,0.0,0.0,10.312,0.078,1.36188,1.031,0.0,0.0,0.2578,0.195,2.84568,0.0,0.0,18.984375,0.1436573145986177,0.0,0.0,0.664453125,0.5028006010951619,1.167253726095162,1041,,,0.0266557444277194,Information
653426,12750.0,10608.10499,ARG,Argentina,Chubut,1.366175155,0.0,0.65,0.49,12750.0,12750.0,0.0,30.0,2.0,-9999.0,-9999.0,0.0,1.0,0.2,-999.9,-999.9,-3997.2,0.0,0.0,0.0,0.0,0.0,0.0,0.0,0.0,0.0,0.0,0.0,-3997.2,7.219250000000001,27.323503100000003,0.0,,753.25,7.101,238.312,2.247,11.062,0.104,46.688,0.44,2.38312,2.247,0.16593,0.156,1.1672,1.1,7.219250000000001,0.0,0.0,5.765625,0.0543511306433844,0.0,0.0,0.201796875,0.1902289572518454,0.3920258322518454,2961,,,0.0104643855572715,Information
653428,12752.0,5357.027162,ARG,Argentina,Chubut,1.199705008,0.0,0.65,0.49,12752.0,12752.0,0.0,4.0,2.0,2.0,-9999.0,0.0,7.0,0.2,0.2,-999.9,-1985.0,0.0,0.0,0.0,0.0,0.0,0.0,0.0,0.0,0.0,0.0,0.0,-1985.0,-1985.0,23.99410016,0.0,,,,,,,,,,,,,,,,,,,,,,,,,,15259,,,,
653430,12754.0,10803.31241,ARG,Argentina,Chubut,1.080360482,0.0,0.65,0.49,12754.0,,,,,,,,,,,,,,,,,,,,,,,,,20.79422596063945,21.60720964,0.0,,65.625,0.607,61.188,0.566,0.0,0.0,2.438,0.023,0.61188,0.566,0.0,0.0,0.06095,0.0574999999999999,1.2963300000000002,0.0,0.0,308.53125,2.855894917325558,0.0,0.0,10.79859375,9.995632210639451,20.79422596063945,6801,,,0.0922449779790108,Information
653450,12756.0,9442.559308,ARG,Argentina,Chubut,4.085375576,0.0,0.65,0.49,12756.0,,,,,,,,,,,,,,,,,,,,,,,,,13.42725,81.70751152,0.0,,971.375,10.287,416.5,4.411,0.0,0.0,94.25,0.998,4.165,4.411,0.0,0.0,2.35625,2.495,13.42725,0.0,0.0,183.515625,1.9434945443095064,0.0,0.0,6.423046875,6.802230905083272,13.225277780083273,8990,,,0.378583066939144,Advisory
653460,12757.0,8750.795491,ARG,Argentina,Chubut,4.048978237,0.0,0.65,0.49,12757.0,,,,,,,,,,,,,,,,,,,,,,,,,13.02475911967272,80.97956474,0.0,,731.75,8.362,255.25,2.917,1.062,0.012,3.562,0.041,2.5525,2.917,0.01593,0.018,0.0890499999999999,0.1025,5.69498,0.0,0.0,173.671875,1.98464099847792,0.0,0.0,6.078515625,6.946243494672719,13.02475911967272,4000,,,0.3524694942491989,Advisory
653470,12758.0,5714.053622,ARG,Argentina,Chubut,0.819052558,0.0,0.65,0.49,12758.0,,,,,,,,,,,,,,,,,,,,,,,,,13.012065,16.38105116,0.0,,899.312,15.739,370.312,6.481,0.438,0.008,40.875,0.715,3.70312,6.481,0.00657,0.012,1.021875,1.7875,13.012065,0.0,0.0,63.5625,1.1123889309264767,0.0,0.0,2.2246875,3.8933612582426687,6.118048758242669,68,,,0.0314149614782705,Information
653480,12759.0,8497.513188,ARG,Argentina,Chubut,3.469172154,0.0,0.65,0.49,12759.0,12759.0,0.0,4.0,-9999.0,-9999.0,-9999.0,0.0,7.0,-999.9,-999.9,-999.9,-5985.4,0.0,0.0,0.0,0.0,0.0,0.0,0.0,0.0,0.0,0.0,0.0,-5985.4,19.8858,69.38344307999999,0.0,,1266.312,14.902,785.875,9.248,0.0,0.0,51.062,0.601,7.85875,9.248,0.0,0.0,1.27655,1.5025,19.8858,0.28125,0.0033097918624879,36.5625,0.4302729421234273,0.00421875,0.0049646877937318,1.2796875,1.5059552974319956,2.794826235225728,2364,,,0.3330396940131492,Information
653490,12760.0,5031.285826,ARG,Argentina,Chubut,4.009923517,0.0,0.65,0.49,12760.0,,,,,,,,,,,,,,,,,,,,,,,,,8.61967,80.19847034,0.0,,352.312,7.002,253.312,5.035,0.0,0.0,14.062,0.28,2.5331200000000003,5.035,0.0,0.0,0.35155,0.7000000000000001,8.61967,0.0,0.0,5.484375,0.1090054349784476,0.0,0.0,0.191953125,0.3815190224245666,0.5734721474245665,3674,,,0.2027856528788089,Information
661902,12830.0,11414.83709,ARG,Argentina,Chubut,3.59561747,0.0,0.65,0.49,12830.0,12830.0,0.0,8.0,2.0,-9999.0,-9999.0,0.0,3.0,0.2,-999.9,-999.9,-3993.2,0.0,0.0,0.0,0.0,0.0,0.0,0.0,0.0,0.0,0.0,0.0,-3993.2,1.12455,71.9123494,0.0,,132.5,1.161,45.375,0.398,0.0,0.0,5.812,0.051,0.45375,0.398,0.0,0.0,0.1453,0.1275,1.12455,,,,,,,,,,51701,,,0.0006455582660272,Information
661904,12832.0,9170.135092,ARG,Argentina,Río Negro,2.525541021,0.0,0.65,0.49,12832.0,12832.0,0.0,4.0,2.0,2.0,-9999.0,0.0,7.0,0.2,0.2,-999.9,-1984.9,0.0,0.0,0.0,0.0,0.0,0.0,0.0,0.0,0.0,0.0,0.0,-1984.9,-1984.9,50.51082042,0.0,,,,,,,,,,,,,,,,,,,,,,,,,,34732,,,,
664021,12889.0,8854.752002,ARG,Argentina,Catamarca,1.126361321,0.0,0.65,0.49,12889.0,,,,,,,,,,,,,,,,,,,,,,,,,2.21337,22.52722642,0.0,,19.75,0.223,19.75,0.223,25.188,0.284,18.562,0.21,0.1975,0.223,0.37782,0.4259999999999999,0.46405,0.525,2.21337,3.515625,0.0397032576320341,8.15625,0.0921115577063192,0.052734375,0.0595548864480511,0.28546875,0.3223904519721172,0.7201484634201682,1334,,,0.0001886948250667,Information
664023,12891.0,5326.059995,ARG,Argentina,Catamarca,1.704052307,0.0,0.65,0.49,12891.0,,,,,,,,,,,,,,,,,,,,,,,,,1.2868090971946646,34.08104614,0.0,,10.188,0.191,7.875,0.148,8.562,0.161,7.938,0.149,0.07875,0.148,0.12843,0.2415,0.19845,0.3725,1.16763,3.234375,0.0607273482247713,11.390625,0.2138658785307165,0.048515625,0.0910910223371569,0.398671875,0.7485305748575077,1.2868090971946646,104,,,4.138057946746333e-05,Information
664025,12893.0,16712.78662,ARG,Argentina,Salta,0.141309428,0.0,0.65,0.49,12893.0,,,,,,,,,,,,,,,,,,,,,,,,,2.475810290172889,2.82618856,0.0,,8.625,0.052,8.625,0.052,6.75,0.04,4.062,0.024,0.08625,0.052,0.10125,0.06,0.10155,0.06,0.46105,16.3125,0.0976049079982343,37.265625,0.222976729478725,0.2446875,0.1464073619973514,1.304296875,0.7804185531755374,2.475810290172889,163,,,0.0001213067817526,Information
664027,12895.0,10312.33297,ARG,Argentina,Jujuy,0.613733363,0.0,0.65,0.49,12895.0,,,,,,,,,,,,,,,,,,,,,,,,,1.288007429568531,12.27466726,0.0,,3.688,0.036,3.688,0.036,1.0,0.01,0.312,0.003,0.03688,0.036,0.015,0.015,0.0078,0.0075,0.11818,6.1875,0.0600009718301406,16.03125,0.1554570633780916,0.0928125,0.0900014577452109,0.56109375,0.5440997218233206,1.288007429568531,4412,,,1.2154880265993727e-05,Information
651909,16260.0,7567.727138,ARG,Argentina,Buenos Aires,4.051732066,1.190244653,0.65,0.49,16260.0,,,,,,,,,,,,,,,,,,,,,,,,,50.821265004763234,81.03464131999999,23.80489306,3.0,193.562,2.558,106.125,1.402,33.938,0.448,9.5,0.126,1.06125,1.402,0.50907,0.672,0.2375,0.315,4.19682,195.890625,2.588500106091674,541.546875,7.156004241607349,2.938359375,3.882750159137511,18.954140625,25.04601484562572,50.821265004763234,24535,0.0,0.0,0.8378600171233144,Warning
653500,16262.0,29959.98064,ARG,Argentina,Chubut,4.06156882,0.0,0.65,0.49,16262.0,,,,,,,,,,,,,,,,,,,,,,,,,28.21691961541096,81.23137639999999,0.0,3.0,2328.875,7.773,1341.625,4.478,26.625,0.089,1.5,0.005,10.0,4.478,0.399375,0.1335,0.0375,0.0125,15.060874999999998,108.703125,0.3628277544345037,557.859375,1.8620151382169163,1.630546875,0.5442416316517555,19.525078125,6.517052983759207,28.21691961541096,374496,5752.0,1.54,0.6582659783599014,Watch
642431,12375.0,105.4941018,PRY,Paraguay,Ñeembucú,1.874576946,0.0,0.6,0.56,12375.0,,,,,,,,,,,,,,,,,,,,,,,,,2.087966891079487,37.49153892,0.0,,0.0,0.0,0.0,0.0,0.0,0.0,0.062,0.059,0.0,0.0,0.0,0.0,0.00155,0.1475,0.14905,0.140625,0.1333012913599669,0.5625,0.5332051654398676,0.002109375,0.1999519370399503,0.0196875,1.8662180790395368,2.087966891079487,17582,,,0.0003380262274953,Information
642432,12376.0,4435.285942,PRY,Paraguay,Ñeembucú,4.027401942,0.0,0.6,0.56,12376.0,,,,,,,,,,,,,,,,,,,,,,,,,52.45980919897236,80.54803884,0.0,3.0,11.438,0.258,10.438,0.235,6.375,0.144,5.188,0.117,0.10438,0.235,0.095625,0.2159999999999999,0.1296999999999999,0.2925,1.073205,213.890625,4.822476562043007,368.859375,8.316473387402242,3.208359375,7.23371484306451,12.910078125,29.107656855907848,52.45980919897236,19153,148.0,0.77,0.8394254905251168,Warning
642434,12378.0,29656.13146,PRY,Paraguay,Paraguar,2.738555381,0.0,0.6,0.56,12378.0,12378.0,0.0,30.0,3.0,2.0,-9999.0,0.0,1.0,0.3,0.2,-999.9,-2997.0,0.0,0.0,0.0,0.0,0.0,0.0,0.0,0.0,0.0,0.0,0.0,-2997.0,59.32773201814027,54.77110762,0.0,3.0,54.875,0.185,54.312,0.183,28.062,0.095,24.25,0.082,0.5431199999999999,0.183,0.42093,0.1425,0.60625,0.205,2.1008,641.25,2.16228472274864,992.8125,3.3477478382906574,9.61875,3.24342708412296,34.7484375,11.7171174340173,59.32773201814027,667365,488.0,0.07,0.6069355194001005,Watch
642435,12379.0,55.22314192,PRY,Paraguay,Ñeembucú,4.07956743,0.0,0.6,0.56,12379.0,,,,,,,,,,,,,,,,,,,,,,,,,43.14525510845488,81.5913486,0.0,3.0,0.0,0.0,0.0,0.0,0.0,0.0,0.062,0.113,0.0,0.0,0.0,0.0,0.00155,0.2825,0.28405,3.65625,6.620865587951494,5.203125,9.422001029007896,0.05484375,9.931298381927242,0.182109375,32.977003601527635,43.14525510845488,0,0.0,0.0,0.8028240431533169,Warning
642443,12386.0,35788.50361,PRY,Paraguay,Boquerón,3.97498714,0.0,0.6,0.56,12386.0,,,,,,,,,,,,,,,,,,,,,,,,,3.715313813109948,79.4997428,0.0,,9.062,0.025,8.25,0.023,0.125,0.0,0.0,0.0,0.0825,0.023,0.001875,0.0,0.0,0.0,0.107375,11.8125,0.0330064093468453,77.90625,0.2176851283113371,0.1771875,0.0495096140202679,2.72671875,0.7618979490896799,3.715313813109948,129991,,,0.0438205569338322,Information
642451,12393.0,35976.19492,PRY,Paraguay,Presidente Hayes,1.241656795,0.0,0.6,0.56,12393.0,12393.0,0.0,1.0,-9999.0,-9999.0,-9999.0,0.0,10.0,-999.9,-999.9,-999.9,-5979.4,0.0,0.0,0.0,0.0,0.0,0.0,0.0,0.0,0.0,0.0,0.0,-5979.4,10.984978351052728,24.8331359,0.0,,51.438,0.143,27.25,0.076,3.625,0.01,2.688,0.007,0.2725,0.076,0.054375,0.015,0.0672,0.0175,0.502575,99.5625,0.2767454985759233,202.921875,0.5640448509110979,1.4934375,0.4151182478638849,7.102265625,1.9741569781888424,10.984978351052728,2636429,,,0.027228613455045,Information
642453,12395.0,2512.348076,PRY,Paraguay,San Pedro,4.001416663,0.0,0.6,0.56,12395.0,,,,,,,,,,,,,,,,,,,,,,,,,2.570322441379757,80.02833326,0.0,,16.125,0.642,13.562,0.54,0.25,0.01,0.125,0.005,0.13562,0.54,0.00375,0.015,0.003125,0.0125,0.709995,3.234375,0.1287391277976414,13.359375,0.5317485713380843,0.048515625,0.1931086916964621,0.467578125,1.861119999683295,2.570322441379757,6444,,,0.020168399003761,Information
642454,12396.0,18429.27929,PRY,Paraguay,Presidente Hayes,4.130995596,0.0,0.6,0.56,12396.0,,,,,,,,,,,,,,,,,,,,,,,,,0.4946008754939196,82.61991191999999,0.0,,30.125,0.163,24.188,0.131,0.0,0.0,0.0,0.0,0.2418799999999999,0.131,0.0,0.0,0.0,0.0,0.37288,2.671875,0.0144979896244933,8.015625,0.0434939688734799,0.040078125,0.0217469844367399,0.280546875,0.1522288910571796,0.4946008754939196,7585,,,0.0001859015218057,Information
642455,12397.0,32541.79324,PRY,Paraguay,Concepción,2.361877973,0.0,0.6,0.56,12397.0,,,,,,,,,,,,,,,,,,,,,,,,,2.466195628405327,47.23755946,0.0,,144.0,0.443,97.062,0.298,0.5,0.002,0.5,0.002,0.97062,0.298,0.0075,0.003,0.0125,0.005,1.2966199999999997,19.125,0.0587705780567457,45.703125,0.140444396091488,0.286875,0.0881558670851185,1.599609375,0.491555386320208,2.466195628405327,387040,,,0.0010952005785141,Information
642456,12398.0,21769.02244,PRY,Paraguay,Boquerón,4.081511455,0.0,0.6,0.56,12398.0,,,,,,,,,,,,,,,,,,,,,,,,,0.2561299999999999,81.63022910000001,0.0,,21.562,0.099,17.188,0.079,0.25,0.001,0.0,0.0,0.1718799999999999,0.079,0.00375,0.0015,0.0,0.0,0.2561299999999999,,,,,,,,,,23089,,,9.652693434775662e-06,Information
642457,12399.0,93242.49606,PRY,Paraguay,Alto Paraguay,4.001120996,0.0,0.6,0.56,12399.0,12399.0,0.0,1.0,-9999.0,-9999.0,-9999.0,0.0,10.0,-999.9,-999.9,-999.9,-5983.9,0.0,0.0,0.0,0.0,0.0,0.0,0.0,0.0,0.0,0.0,0.0,-5983.9,4.04276,80.02241992,0.0,,512.375,0.55,363.188,0.39,0.562,0.001,0.438,0.0,3.63188,0.39,0.00843,0.0015,0.01095,0.0,4.04276,26.015625,0.0279010387965347,81.703125,0.0876243434637119,0.390234375,0.041851558194802,2.859609375,0.3066852021229916,3.598380510317793,189429,,,0.0550567695945597,Information
642458,12400.0,16379.83938,PRY,Paraguay,Alto Paraguay,4.079926989,0.0,0.6,0.56,12400.0,,,,,,,,,,,,,,,,,,,,,,,,,0.329175,81.59853978,0.0,,41.875,0.256,20.125,0.123,0.125,0.001,0.062,0.0,0.20125,0.123,0.001875,0.0015,0.00155,0.0,0.329175,0.703125,0.0042926245116139,2.25,0.0137363984371646,0.010546875,0.0064389367674208,0.07875,0.0480773945300761,0.1438132062974969,2266,,,2.8658129793776474e-05,Information
642462,12403.0,22990.45667,PRY,Paraguay,Alto Paraguay,2.517470244,0.0,0.6,0.56,12403.0,,,,,,,,,,,,,,,,,,,,,,,,,0.10225,50.34940488,0.0,,7.125,0.031,7.125,0.031,0.0,0.0,0.0,0.0,0.07125,0.031,0.0,0.0,0.0,0.0,0.10225,,,,,,,,,,286,,,3.098342531834744e-10,Information
642512,12439.0,2880.091505,PRY,Paraguay,Itapúa,0.1079473,0.0,0.6,0.56,12439.0,,,,,,,,,,,,,,,,,,,,,,,,,7.637877995540957,2.158946,0.0,,15.75,0.547,12.188,0.423,5.062,0.176,2.688,0.093,0.12188,0.423,0.07593,0.264,0.0672,0.2324999999999999,1.1845100000000002,25.59375,0.8886436405421607,37.828125,1.313434831350776,0.38390625,1.332965460813241,1.323984375,4.597021909727716,7.637877995540957,84541,,,0.0053826793605566,Information
642513,12440.0,23477.82906,PRY,Paraguay,Itapúa,0.216097239,0.0,0.6,0.56,12440.0,12440.0,0.0,12.0,-9999.0,-9999.0,-9999.0,0.0,1.0,-999.9,-999.9,-999.9,-3495.25,0.0,0.0,0.0,0.0,0.0,0.0,0.0,0.0,0.0,0.0,0.0,-3495.25,4.91880306433185,4.32194478,0.0,,97.562,0.416,71.812,0.306,23.875,0.102,12.875,0.055,0.71812,0.306,0.358125,0.153,0.321875,0.1375,1.99462,53.4375,0.2276083528112934,75.65625,0.3222455100328312,0.8015625,0.3414125292169401,2.64796875,1.1278592851149092,4.91880306433185,1372047,,,0.0014990935175138,Information
642515,12442.0,691.9347669,PRY,Paraguay,Alto Paraná,1.682604331,0.0,0.6,0.56,12442.0,12442.0,0.0,11.0,-9999.0,-9999.0,-9999.0,0.0,1.0,-999.9,-999.9,-999.9,-5997.4,0.0,0.0,0.0,0.0,0.0,0.0,0.0,0.0,0.0,0.0,0.0,-5997.4,1.597132775881338,33.65208662,0.0,,,,,,,,,,,,,,,,,0.0,0.0,2.953125,0.4267924002518109,0.0,0.0,0.103359375,1.493773400881338,1.597132775881338,40235,,,9.700068366674404e-05,Information
642530,12456.0,28963.63983,PRY,Paraguay,Alto Paraná,1.348306996,0.0,0.6,0.56,12456.0,12456.0,0.0,1.0,-9999.0,-9999.0,-9999.0,0.0,10.0,-999.9,-999.9,-999.9,-5979.4,0.0,0.0,0.0,0.0,0.0,0.0,0.0,0.0,0.0,0.0,0.0,-5979.4,15.885214024897772,26.96613992,0.0,,372.062,1.285,329.5,1.138,63.938,0.221,45.125,0.156,3.295,1.138,0.95907,0.3315,1.128125,0.39,7.241695,107.015625,0.3694826535306901,291.515625,1.0064882270290678,1.605234375,0.5542239802960351,10.203046875,3.522708794601737,15.885214024897772,1654215,,,0.0635629264272896,Information
661100,12810.0,19202.8524,CHL,Chile,Magallanes y Antártica Chilena,2.701375011,0.0,0.7,0.42,12810.0,,,,,,,,,,,,,,,,,,,,,,,,,20.30031004227591,54.02750022,0.0,,54.812,0.285,54.312,0.283,0.0,0.0,0.0,0.0,0.5431199999999999,0.283,0.0,0.0,0.0,0.0,0.82612,10.546875,0.0549234810424749,376.875,1.962599055917771,0.158203125,0.0823852215637123,13.190625,6.869096695712199,20.30031004227591,213,,,0.2068478732524398,Information
661200,12817.0,14051.61761,CHL,Chile,Aisén del General Carlos Ibáñez del Campo,4.000504201,0.0,0.7,0.42,12817.0,,,,,,,,,,,,,,,,,,,,,,,,,1.97412,80.01008402,0.0,,146.438,1.042,115.312,0.821,0.0,0.0,0.0,0.0,1.15312,0.821,0.0,0.0,0.0,0.0,1.97412,0.0,0.0,8.015625,0.0570441441052984,0.0,0.0,0.280546875,0.1996545043685444,0.4802013793685443,1171,,,0.0103035873248762,Information
661400,12819.0,29358.01365,CHL,Chile,Aisén del General Carlos Ibáñez del Campo,1.492820584,0.0,0.7,0.42,12819.0,12819.0,0.0,1.0,-9999.0,-9999.0,-9999.0,0.0,10.0,-999.9,-999.9,-999.9,-5979.4,0.0,0.0,0.0,0.0,0.0,0.0,0.0,0.0,0.0,0.0,0.0,-5979.4,6.65062,29.85641168,0.0,,648.438,2.209,496.062,1.69,0.0,0.0,0.0,0.0,4.9606200000000005,1.69,0.0,0.0,0.0,0.0,6.65062,0.0,0.0,86.0625,0.2931482389146911,0.0,0.0,3.0121875,1.0260188362014189,4.038206336201419,19000,,,0.009240579249442,Information
661506,12823.0,1701.927884,CHL,Chile,Aisén del General Carlos Ibáñez del Campo,0.589544819,0.0,0.7,0.42,12823.0,,,,,,,,,,,,,,,,,,,,,,,,,1.98112,11.79089638,0.0,,30.688,1.803,28.812,1.693,0.0,0.0,0.0,0.0,0.28812,1.693,0.0,0.0,0.0,0.0,1.98112,0.0,0.0,2.109375,0.1239403278809745,0.0,0.0,0.073828125,0.4337911475834107,0.5076192725834108,0,,,7.351057192363059e-05,Information
661508,12824.0,1817.057363,CHL,Chile,Aisén del General Carlos Ibáñez del Campo,0.681661197,0.0,0.7,0.42,12824.0,,,,,,,,,,,,,,,,,,,,,,,,,0.75162,13.63322394,0.0,,12.312,0.678,11.562,0.636,0.0,0.0,0.0,0.0,0.11562,0.636,0.0,0.0,0.0,0.0,0.75162,,,,,,,,,,0,,,1.047034817523962e-06,Information
661600,12826.0,12321.70755,CHL,Chile,Aisén del General Carlos Ibáñez del Campo,2.563290436,3.086975916,0.7,0.42,12826.0,12826.0,0.0,1.0,2.0,2.0,-9999.0,0.0,10.0,0.2,0.2,-999.9,-1979.0,0.0,0.0,0.0,0.0,0.0,0.0,0.0,0.0,0.0,0.0,0.0,-1979.0,1.84588,51.26580872,61.73951832,,198.375,1.61,77.875,0.632,4.062,0.033,7.188,0.058,0.77875,0.632,0.06093,0.0495,0.1797,0.145,1.84588,0.140625,0.00114127850762,2.390625,0.0194017346295405,0.002109375,0.00171191776143,0.083671875,0.0679060712033917,0.1553992389648217,98098,,,0.0012168650769263,Information
661700,12827.0,13048.97285,CHL,Chile,Aisén del General Carlos Ibáñez del Campo,2.600261987,2.263415446,0.7,0.42,12827.0,,,,,,,,,,,,,,,,,,,,,,,,,0.95637,52.00523974,45.26830892,,55.188,0.423,48.562,0.372,0.0,0.0,2.25,0.017,0.48562,0.372,0.0,0.0,0.05625,0.0425,0.95637,0.0,0.0,6.1875,0.0474175252845406,0.0,0.0,0.2165625,0.1659613384958921,0.3825238384958921,4478,,,4.507071961993206e-05,Information
661800,12828.0,13191.68579,CHL,Chile,Aisén del General Carlos Ibáñez del Campo,2.005848964,0.0,0.7,0.42,12828.0,12828.0,0.0,1.0,-9999.0,-9999.0,-9999.0,0.0,10.0,-999.9,-999.9,-999.9,-5979.4,0.0,0.0,0.0,0.0,0.0,0.0,0.0,0.0,0.0,0.0,0.0,-5979.4,1.981495,40.11697928,0.0,,137.25,1.04,85.562,0.649,0.0,0.0,10.875,0.082,0.8556199999999999,0.649,0.0,0.0,0.271875,0.205,1.981495,0.0,0.0,2.109375,0.0159901852814542,0.0,0.0,0.073828125,0.0559656484850897,0.1297937734850897,7458,,,0.0003265558775331,Information
661901,12829.0,3364.809613,CHL,Chile,Los Lagos,3.059740159,0.0,0.7,0.42,12829.0,,,,,,,,,,,,,,,,,,,,,,,,,0.31538,61.19480318,0.0,,10.438,0.31,7.938,0.236,0.0,0.0,0.0,0.0,0.0793799999999999,0.236,0.0,0.0,0.0,0.0,0.31538,,,,,,,,,,1278,,,7.451530078393053e-07,Information
661903,12831.0,6104.624027,CHL,Chile,Los Lagos,1.449995273,2.492107025,0.7,0.42,12831.0,,,,,,,,,,,,,,,,,,,,,,,,,1.60738,28.99990546,49.8421405,,76.688,1.256,60.938,0.998,0.0,0.0,0.0,0.0,0.60938,0.998,0.0,0.0,0.0,0.0,1.60738,,,,,,,,,,15014,,,0.0002902454539186,Information
661909,12836.0,812.4082088,CHL,Chile,Los Lagos,1.760415969,1.288869834,0.7,0.42,12836.0,,,,,,,,,,,,,,,,,,,,,,,,,1.5558800000000002,35.20831938,25.77739668,,16.312,2.008,11.688,1.439,0.0,0.0,0.0,0.0,0.11688,1.439,0.0,0.0,0.0,0.0,1.5558800000000002,,,,,,,,,,2804,,,9.606875384997264e-05,Information
662102,12838.0,15122.65961,CHL,Chile,Los Ríos,2.242838063,0.0,0.7,0.42,12838.0,12838.0,0.0,3.0,19.0,5.0,-9999.0,0.0,8.0,1.9,0.5,-999.9,-1979.0,0.0,0.0,0.0,0.0,0.0,0.0,0.0,0.0,0.0,0.0,0.0,-1979.0,-1979.0,44.856761260000006,0.0,,,,,,,,,,,,,,,,,,,,,,,,,,351218,,,,
662200,12846.0,24306.30189,CHL,Chile,Bío-Bío,0.860899189,0.0,0.7,0.42,12846.0,12846.0,1.0,3.0,72.0,5.0,-9999.0,3.0,8.0,7.2,0.5,-999.9,-1962.4,0.0,0.0,0.0,0.0,0.0,0.0,0.0,0.0,0.0,0.0,0.0,-1962.4,-1962.4,17.217983779999997,0.0,,,,,,,,,,,,,,,,,,,,,,,,,,1087011,,,,
662300,12847.0,15477.55189,CHL,Chile,Ñuble,1.35012678,0.0,0.7,0.42,12847.0,12847.0,1.0,3.0,37.0,-9999.0,-9999.0,3.0,8.0,3.7,-999.9,-999.9,-3970.2,0.0,0.0,0.0,0.0,0.0,0.0,0.0,0.0,0.0,0.0,0.0,-3970.2,-3970.2,27.0025356,0.0,,,,,,,,,,,,,,,,,,,,,,,,,,946659,,,,
662400,12848.0,21152.15023,CHL,Chile,Maule,0.951736713,0.0,0.7,0.42,12848.0,12848.0,0.0,4.0,19.0,2.0,-9999.0,0.0,7.0,1.9,0.2,-999.9,-3983.5,0.0,0.0,0.0,0.0,0.0,0.0,0.0,0.0,0.0,0.0,0.0,-3983.5,-3983.5,19.03473426,0.0,,,,,,,,,,,,,,,,,,,,,,,,,,797816,,,,
662540,12852.0,15133.763,CHL,Chile,Región Metropolitana de Santiago,1.034044226,0.0,0.7,0.42,12852.0,12852.0,0.0,3.0,11.0,-9999.0,-9999.0,0.0,8.0,1.1,-999.9,-999.9,-3983.3,0.0,0.0,0.0,0.0,0.0,0.0,0.0,0.0,0.0,0.0,0.0,-3983.3,-3983.3,20.68088452,0.0,,,,,,,,,,,,,,,,,,,,,,,,,,8755988,,,,
662560,12854.0,11724.12829,CHL,Chile,Coquimbo,0.581999661,0.0,0.7,0.42,12854.0,12854.0,0.0,6.0,-9999.0,-9999.0,-9999.0,0.0,5.0,-999.9,-999.9,-999.9,-5988.4,0.0,0.0,0.0,0.0,0.0,0.0,0.0,0.0,0.0,0.0,0.0,-5988.4,-5988.4,11.63999322,0.0,,,,,,,,,,,,,,,,,,,,,,,,,,180952,,,,
662570,12855.0,20864.72421,CHL,Chile,Coquimbo,1.546968423,0.0,0.7,0.42,12855.0,12855.0,0.0,4.0,-9999.0,-9999.0,-9999.0,0.0,7.0,-999.9,-999.9,-999.9,-5985.4,0.0,0.0,0.0,0.0,0.0,0.0,0.0,0.0,0.0,0.0,0.0,-5985.4,0.8300135518928701,30.93936846,0.0,,,,,,,,,,,,,,,,,0.0,0.0,16.03125,0.0768342291122486,0.0,0.0,0.56109375,0.2689198018928701,0.8300135518928701,641579,,,4.905485823788489e-06,Information
662600,12858.0,18508.55329,CHL,Chile,Atacama,1.603733431,0.0,0.7,0.42,12858.0,12858.0,0.0,1.0,-9999.0,-9999.0,-9999.0,0.0,10.0,-999.9,-999.9,-999.9,-5979.4,0.0,0.0,0.0,0.0,0.0,0.0,0.0,0.0,0.0,0.0,0.0,-5979.4,1.29962031405183,32.07466862,0.0,,,,,,,,,,,,,,,,,0.140625,0.000759783856753,24.046875,0.1299230395047715,0.002109375,0.0011396757851295,0.841640625,0.4547306382667002,1.29962031405183,227573,,,3.8053907619193984e-05,Information
662709,12868.0,7642.779406,CHL,Chile,Antofagasta,2.610838884,0.0,0.7,0.42,12868.0,,,,,,,,,,,,,,,,,,,,,,,,,0.2548284258776545,52.21677768,0.0,,4.375,0.057,1.625,0.021,1.625,0.021,0.375,0.005,0.01625,0.021,0.024375,0.0315,0.009375,0.0125,0.115,0.140625,0.0018399719857026,3.09375,0.0404793836854573,0.002109375,0.0027599579785538,0.10828125,0.1416778428991005,0.2548284258776545,212584,,,8.30123690734883e-08,Information
662805,12873.0,37.85080442,CHL,Chile,Antofagasta,1.256862579,0.0,0.7,0.42,12873.0,12873.0,0.0,1.0,-9999.0,-9999.0,-9999.0,0.0,10.0,-999.9,-999.9,-999.9,-5979.4,0.0,0.0,0.0,0.0,0.0,0.0,0.0,0.0,0.0,0.0,0.0,-5979.4,-5979.4,25.13725158,0.0,,,,,,,,,,,,,,,,,,,,,,,,,,0,,,,
662907,12885.0,94.80481481,CHL,Chile,Arica y Parinacota,4.007816258,0.0,0.7,0.42,12885.0,12885.0,0.0,1.0,-9999.0,-9999.0,-9999.0,0.0,10.0,-999.9,-999.9,-999.9,-5979.4,0.0,0.0,0.0,0.0,0.0,0.0,0.0,0.0,0.0,0.0,0.0,-5979.4,1.0481612679017067,80.15632516,0.0,,,,,,,,,,,,,,,,,0.0,0.0,0.28125,0.2966621479719162,0.0,0.0,0.00984375,1.0383175179017068,1.0481612679017067,40503,,,0.0016365763065408,Information
664010,12888.0,4103.949223,CHL,Chile,Atacama,0.013341381,0.0,0.7,0.42,12888.0,,,,,,,,,,,,,,,,,,,,,,,,,1.5126750021316808,0.26682762,0.0,,16.562,0.404,9.188,0.224,3.438,0.084,0.625,0.015,0.09188,0.224,0.05157,0.126,0.015625,0.0375,0.5465749999999999,0.140625,0.0034265774828488,12.515625,0.304965395973545,0.002109375,0.0051398662242732,0.438046875,1.0673788859074076,1.5126750021316808,845,,,1.4032872884037371e-05,Information
664024,12892.0,13774.83479,CHL,Chile,Atacama,0.1206172,0.0,0.7,0.42,12892.0,,,,,,,,,,,,,,,,,,,,,,,,,2.97809266665224,2.412344,0.0,,11.0,0.08,8.125,0.059,11.688,0.085,3.375,0.025,0.08125,0.059,0.17532,0.1275,0.084375,0.0625,0.589945,5.765625,0.0418562188938401,46.828125,0.3399541680889942,0.086484375,0.0627843283407601,1.638984375,1.1898395883114796,2.97809266665224,1171,,,0.0002419915373448,Information
664030,12897.0,27777.70419,CHL,Chile,Antofagasta,0.812874973,0.0,0.7,0.42,12897.0,,,,,,,,,,,,,,,,,,,,,,,,,2.2624890864811724,16.25749946,0.0,,9.25,0.033,5.938,0.021,7.75,0.028,6.375,0.023,0.0593799999999999,0.021,0.11625,0.042,0.159375,0.0574999999999999,0.455505,21.65625,0.0779627065241763,38.25,0.1377003647699737,0.32484375,0.1169440597862644,1.33875,0.4819512766949079,2.2624890864811724,68058,,,0.0001523441281502,Information
661500,16271.0,9312.477457,CHL,Chile,Aisén del General Carlos Ibáñez del Campo,2.826374581,0.0,0.7,0.42,16271.0,,,,,,,,,,,,,,,,,,,,,,,,,2.64982,56.52749162,0.0,,134.25,1.442,127.312,1.367,0.0,0.0,0.188,0.002,1.27312,1.367,0.0,0.0,0.0046999999999999,0.005,2.64982,,,,,,,,,,3067,,,0.0025738962690648,Information
661505,16273.0,9873.499536,CHL,Chile,Aisén del General Carlos Ibáñez del Campo,1.673465688,2.363820239,0.7,0.42,16273.0,,,,,,,,,,,,,,,,,,,,,,,,,3.18325,33.46931376,47.27640477999999,,171.312,1.735,158.125,1.602,0.0,0.0,0.0,0.0,1.58125,1.602,0.0,0.0,0.0,0.0,3.18325,0.0,0.0,3.9375,0.0398794772375424,0.0,0.0,0.1378125,0.1395781703313984,0.2773906703313984,653,,,0.0024990174385716,Information
661507,16274.0,3663.507846,CHL,Chile,Aisén del General Carlos Ibáñez del Campo,2.710081699,0.0,0.7,0.42,16274.0,,,,,,,,,,,,,,,,,,,,,,,,,2.57825,54.20163398,0.0,,71.625,1.955,69.125,1.887,0.0,0.0,0.0,0.0,0.69125,1.887,0.0,0.0,0.0,0.0,2.57825,,,,,,,,,,0,,,0.0020065032003881,Information
661900,16275.0,9824.53375,CHL,Chile,Los Lagos,2.347990955,1.796962665,0.7,0.42,16275.0,,,,,,,,,,,,,,,,,,,,,,,,,4.483675,46.9598191,35.9392533,,235.062,2.393,140.75,1.433,28.375,0.289,15.562,0.158,1.4075,1.433,0.425625,0.4335,0.38905,0.395,4.483675,0.703125,0.0071568281803341,2.671875,0.0271959470852698,0.010546875,0.0107352422705011,0.093515625,0.0951858147984443,0.2099835570689454,243573,,,0.0067442030344343,Information
661907,16276.0,2758.312868,CHL,Chile,Los Lagos,0.41669746,1.939221804,0.7,0.42,16276.0,,,,,,,,,,,,,,,,,,,,,,,,,1.48868,8.333949200000001,38.78443608,,36.438,1.321,30.188,1.094,0.0,0.0,0.812,0.029,0.30188,1.094,0.0,0.0,0.0203,0.0725,1.48868,,,,,,,,,,209600,,,0.0001009961663474,Information
711405,12968.0,8341.562426,CAN,Canada,Manitoba,1.337175183,0.0,0.8,0.28,12968.0,12968.0,0.0,4.0,3.0,2.0,-9999.0,0.0,7.0,0.3,0.2,-999.9,-1984.8,0.0,0.0,0.0,0.0,0.0,0.0,0.0,0.0,0.0,0.0,0.0,-1984.8,83.67320098704909,26.74350366,0.0,3.0,0.0,0.0,0.0,0.0,3.562,0.043,125.062,1.499,0.0,0.0,0.05343,0.0645,3.12655,3.747500000000001,6.99198,414.5625,4.969842324699391,1536.046875,18.414378464277966,6.2184375,7.454763487049086,35.0,35.0,83.67320098704909,345,100.0,28.99,0.5528842561849713,Warning
711819,12984.0,20371.3492,CAN,Canada,Manitoba,3.403098834,0.0,0.8,0.28,12984.0,12984.0,0.0,30.0,3.0,-9999.0,-9999.0,0.0,1.0,0.3,-999.9,-999.9,-2996.6,0.0,0.0,0.0,0.0,0.0,0.0,0.0,0.0,0.0,0.0,0.0,-2996.6,72.12590954714992,68.06197668,0.0,3.0,0.0,0.0,0.0,0.0,0.625,0.003,36.312,0.178,0.0,0.0,0.009375,0.0045,0.9078,0.4449999999999999,1.366675,95.0625,0.4666480314332801,3521.671875,17.287376702934374,1.4259375,0.6999720471499201,35.0,35.0,72.12590954714992,3071,56.0,1.82,0.7923539489309075,Watch
711822,12986.0,3703.43378,CAN,Canada,Saskatchewan,3.113014395,0.0,0.8,0.28,12986.0,,,,,,,,,,,,,,,,,,,,,,,,,62.17914695731007,62.2602879,0.0,3.0,0.0,0.0,0.0,0.0,0.0,0.0,6.125,0.165,0.0,0.0,0.0,0.0,0.153125,0.4125,0.565625,20.671875,0.5581813048733777,743.765625,20.0831355202401,0.310078125,0.8372719573100665,26.031796875,35.0,62.17914695731007,20,0.0,0.0,0.6912183582278468,Watch
711823,12987.0,8341.063483,CAN,Canada,Saskatchewan,4.012408699,0.0,0.8,0.28,12987.0,12987.0,1.0,1.0,100.0,9.0,-9999.0,3.0,10.0,10.0,0.9,-999.9,-2974.6,0.0,0.0,0.0,0.0,0.0,0.0,0.0,0.0,0.0,0.0,0.0,-2974.6,76.99452494771825,80.24817397999999,0.0,3.0,0.0,0.0,0.0,0.0,1.125,0.013,39.938,0.479,0.0,0.0,0.016875,0.0195,0.99845,1.1975,2.232325,212.0625,2.542391631812164,1678.5,20.12333323429044,3.1809375,3.8135874477182456,35.0,35.0,76.99452494771825,675,1.0,0.15,0.9131622847880614,Warning
711827,12991.0,27524.09107,CAN,Canada,Saskatchewan,3.564906475,0.0,0.8,0.28,12991.0,12991.0,1.0,1.0,100.0,2.0,-9999.0,3.0,10.0,10.0,0.2,-999.9,-1615.4,0.0,0.0,0.0,0.0,0.0,0.0,0.0,0.0,0.0,0.0,0.0,-1615.4,90.65277522234592,71.2981295,0.0,3.0,0.0,0.0,0.0,0.0,117.5,0.427,479.688,1.743,0.0,0.0,1.7625,0.6405,11.9922,4.3575,18.7527,1037.25,3.768516814897288,4987.828125,18.12168152217894,15.0,5.652775222345931,35.0,35.0,90.65277522234592,1371,164.0,11.96,0.8749433558313,Warning
711829,12993.0,4897.152245,CAN,Canada,Saskatchewan,0.303188751,0.0,0.8,0.28,12993.0,,,,,,,,,,,,,,,,,,,,,,,,,53.79099514982068,6.06377502,0.0,,0.0,0.0,0.0,0.0,0.75,0.015,17.5,0.357,0.0,0.0,0.01125,0.0225,0.4375,0.8925,1.36375,13.359375,0.2727988498804549,519.46875,10.607567910088424,0.200390625,0.4091982748206823,18.18140625,35.0,53.79099514982068,0,,,0.2885895083163928,Advisory
711840,12995.0,15444.88802,CAN,Canada,Saskatchewan,3.389079314,0.0,0.8,0.28,12995.0,12995.0,0.0,1.0,-9999.0,-9999.0,-9999.0,0.0,10.0,-999.9,-999.9,-999.9,-5979.4,0.0,0.0,0.0,0.0,0.0,0.0,0.0,0.0,0.0,0.0,0.0,-5979.4,3.4542674398613418,67.78158628,0.0,,197.312,1.278,163.125,1.056,4.0,0.026,0.125,0.001,1.63125,1.056,0.06,0.039,0.003125,0.0025,2.791875,0.0,0.0,59.90625,0.3878710542460976,0.0,0.0,2.09671875,1.3575486898613416,3.4542674398613418,4659,,,0.0127768550316306,Information
711851,12996.0,8874.729129,CAN,Canada,Saskatchewan,3.452626486,0.0,0.8,0.28,12996.0,12996.0,0.0,16.0,3.0,3.0,-9999.0,0.0,1.0,0.3,0.3,-999.9,-1996.6,0.0,0.0,0.0,0.0,0.0,0.0,0.0,0.0,0.0,0.0,0.0,-1996.6,25.23192979017099,69.05252972000001,0.0,,8.062,0.091,7.188,0.081,0.25,0.003,4.438,0.05,0.07188,0.081,0.00375,0.0045,0.11095,0.125,0.39708,42.46875,0.4785357319838367,320.765625,3.614370876341496,0.63703125,0.7178035979757551,11.226796875,12.650298067195235,25.23192979017099,1246,,,0.4191060243386283,Advisory
711860,13005.0,26983.7217,CAN,Canada,Saskatchewan,3.026215356,0.0,0.8,0.28,13005.0,,,,,,,,,,,,,,,,,,,,,,,,,20.661375,60.52430712,0.0,,3061.5,11.346,2659.875,9.857,39.125,0.145,0.0,0.0,10.0,9.857,0.586875,0.2174999999999999,0.0,0.0,20.661375,0.0,0.0,31.21875,0.1156947523571976,0.0,0.0,1.09265625,0.4049316332501916,1.4975878832501917,6587,,,0.2586803697360611,Information
711870,13006.0,5503.246489,CAN,Canada,Saskatchewan,2.535554128,0.0,0.8,0.28,13006.0,13006.0,0.0,10.0,11.0,3.0,-9999.0,0.0,1.0,1.1,0.3,-999.9,-1995.0,0.0,0.0,0.0,0.0,0.0,0.0,0.0,0.0,0.0,0.0,0.0,-1995.0,11.835745,50.71108256,0.0,,499.375,9.074,418.062,7.597,1.375,0.025,0.0,0.0,4.18062,7.597,0.020625,0.0375,0.0,0.0,11.835745,0.140625,0.00255530985741,17.4375,0.3168584223188425,0.002109375,0.003832964786115,0.6103125,1.1090044781159487,1.7252593179020637,458,,,0.0768512075157779,Information
711880,13007.0,11216.70691,CAN,Canada,Saskatchewan,0.024111552,0.0,0.8,0.28,13007.0,13007.0,0.0,21.0,7.0,3.0,-9999.0,0.0,1.0,0.7,0.3,-999.9,-1995.8,0.0,0.0,0.0,0.0,0.0,0.0,0.0,0.0,0.0,0.0,0.0,-1995.8,19.632250000000003,0.48223104,0.0,,1410.062,12.571,1003.75,8.949,23.875,0.213,0.125,0.001,10.0,8.949,0.358125,0.3195,0.003125,0.0025,19.632250000000003,0.0,0.0,98.015625,0.8738360180158724,0.0,0.0,3.430546875,3.058426063055553,6.488972938055554,8798,,,0.0522773264727659,Information
711892,13009.0,6745.785964,CAN,Canada,Saskatchewan,0.669703433,0.0,0.8,0.28,13009.0,,,,,,,,,,,,,,,,,,,,,,,,,9.85063,13.39406866,0.0,,464.0,6.878,374.438,5.551,13.875,0.206,0.625,0.009,3.74438,5.551,0.208125,0.309,0.015625,0.0225,9.85063,0.0,0.0,86.625,1.2841350208338953,0.0,0.0,3.031875,4.4944725729186334,7.526347572918633,3697,,,0.014858843682519,Information
711893,13010.0,1519.048775,CAN,Canada,Saskatchewan,4.028638087,0.0,0.8,0.28,13010.0,,,,,,,,,,,,,,,,,,,,,,,,,6.644749999999999,80.57276174,0.0,,112.125,7.381,81.938,5.394,3.688,0.243,0.062,0.004,0.81938,5.394,0.05532,0.3645,0.00155,0.01,6.644749999999999,0.0,0.0,9.703125,0.6387632285896715,0.0,0.0,0.339609375,2.23567130006385,2.5752806750638504,298,,,0.1416694254340891,Information
711894,13011.0,4502.919894,CAN,Canada,Saskatchewan,0.133173161,0.0,0.8,0.28,13011.0,,,,,,,,,,,,,,,,,,,,,,,,,5.94460598944556,2.66346322,0.0,,177.375,3.939,126.938,2.819,5.062,0.112,0.188,0.004,1.26938,2.819,0.07593,0.168,0.0046999999999999,0.01,4.347009999999999,0.0,0.0,52.734375,1.171115104127303,0.0,0.0,1.845703125,4.09890286444556,5.94460598944556,8311,,,0.0025894511167461,Information
711895,13012.0,579.6567178,CAN,Canada,Saskatchewan,0.734470618,0.0,0.8,0.28,13012.0,13012.0,0.0,8.0,9.0,3.0,2.0,0.0,3.0,0.9,0.3,0.2,8.8,0.0,0.0,0.0,0.0,0.0,0.0,0.0,0.0,0.0,0.0,0.0,8.8,8.8,14.68941236,0.0,,61.688,10.642,41.062,7.084,1.875,0.323,0.0,0.0,0.41062,7.084,0.028125,0.4845,0.0,0.0,8.007245,0.0,0.0,3.65625,0.6307612571266673,0.0,0.0,0.12796875,2.207664399943336,2.335633149943336,298,,,0.011556947176358,Information
711896,13013.0,2637.020336,CAN,Canada,Saskatchewan,0.218011981,0.0,0.8,0.28,13013.0,,,,,,,,,,,,,,,,,,,,,,,,,10.495951040537474,4.36023962,0.0,,76.875,2.915,67.562,2.562,0.125,0.005,0.125,0.005,0.67562,2.562,0.001875,0.0075,0.003125,0.0125,3.26262,0.0,0.0,62.578125,2.3730619044392784,0.0,0.0,2.190234375,8.305716665537474,10.495951040537474,2263,,,0.0135664999749167,Information
711897,13014.0,6152.868945,CAN,Canada,Alberta,0.203219633,0.0,0.8,0.28,13014.0,13014.0,0.0,6.0,9.0,2.0,2.0,0.0,5.0,0.9,0.2,0.2,12.6,0.0,0.0,0.0,0.0,0.0,0.0,0.0,0.0,0.0,0.0,0.0,12.6,13.85705562616841,4.06439266,0.0,,226.875,3.687,176.312,2.866,1.5,0.024,0.0,0.0,1.76312,2.866,0.0225,0.036,0.0,0.0,4.68762,4.078125,0.0662800562898318,149.0625,2.422650333352475,0.061171875,0.0994200844347477,5.2171875,8.479276166733662,13.85705562616841,16046,,,0.0265023473248525,Information
711898,13015.0,6204.366621,CAN,Canada,Alberta,1.334034295,0.0,0.8,0.28,13015.0,,,,,,,,,,,,,,,,,,,,,,,,,9.35461865894676,26.6806859,0.0,,143.625,2.315,124.062,2.0,2.125,0.034,0.062,0.001,1.24062,2.0,0.031875,0.051,0.00155,0.0025,3.327545,9.421875,0.1518587726342493,98.296875,1.5843176428558248,0.141328125,0.2277881589513739,3.440390625,5.545111749995387,9.35461865894676,12738,,,0.0197493287695484,Information
711900,13017.0,17835.70899,CAN,Canada,Manitoba,2.903017629,0.0,0.8,0.28,13017.0,,,,,,,,,,,,,,,,,,,,,,,,,100.0,58.06035258,0.0,3.0,0.375,0.002,0.375,0.002,67.25,0.377,842.812,4.725,0.00375,0.002,1.00875,0.5655,21.070300000000003,11.8125,34.4628,2146.921875,12.037210721947464,4364.296875,24.46943307497476,15.0,15.0,35.0,35.0,100.0,217,1.0,0.46,0.807559633427506,Warning
712000,13018.0,15145.59768,CAN,Canada,Saskatchewan,3.848978687,0.0,0.8,0.28,13018.0,,,,,,,,,,,,,,,,,,,,,,,,,6.295620003187354,76.97957373999999,0.0,,25.438,0.168,21.688,0.143,2.125,0.014,0.25,0.002,0.21688,0.143,0.031875,0.021,0.00625,0.005,0.4240049999999999,6.046875,0.0399249678331378,105.75,0.6982226932678992,0.090703125,0.0598874517497067,3.70125,2.443779426437647,6.295620003187354,9290,,,0.0973968602112153,Information
712110,13019.0,19280.97207,CAN,Canada,Manitoba,2.057960896,0.0,0.8,0.28,13019.0,13019.0,0.0,1.0,-9999.0,-9999.0,-9999.0,0.0,10.0,-999.9,-999.9,-999.9,-4987.8,0.0,0.0,0.0,0.0,0.0,0.0,0.0,0.0,0.0,0.0,0.0,-4987.8,87.47451433258712,41.15921792,0.0,3.0,0.125,0.001,0.125,0.001,14.312,0.074,81.938,0.425,0.00125,0.001,0.21468,0.1109999999999999,2.04845,1.0625,3.43888,767.109375,3.97858247172475,2073.515625,10.754206882783032,11.506640625,5.967873707587126,35.0,35.0,87.47451433258712,2436,0.0,0.0,0.6541364316889718,Warning
712120,13020.0,20313.39789,CAN,Canada,Manitoba,2.473063174,0.0,0.8,0.28,13020.0,13020.0,0.0,4.0,3.0,2.0,-9999.0,0.0,7.0,0.3,0.2,-999.9,-1984.8,0.0,0.0,0.0,0.0,0.0,0.0,0.0,0.0,0.0,0.0,0.0,-1984.8,93.73411391815284,49.46126348,0.0,3.0,0.0,0.0,0.0,0.0,2.312,0.011,23.125,0.114,0.0,0.0,0.03468,0.0165,0.578125,0.285,0.914305,1182.796875,5.822742612101889,3404.109375,16.757951540976155,15.0,8.734113918152833,35.0,35.0,93.73411391815284,12458,24.0,0.19,0.7316207282631166,Warning
712140,13022.0,16122.90515,CAN,Canada,Manitoba,0.957883978,0.0,0.8,0.28,13022.0,13022.0,0.0,2.0,15.0,2.0,-9999.0,0.0,9.0,1.5,0.2,-999.9,-1978.4,0.0,0.0,0.0,0.0,0.0,0.0,0.0,0.0,0.0,0.0,0.0,-1978.4,89.24839911069333,19.15767956,0.0,3.0,0.0,0.0,0.0,0.0,9.75,0.06,59.062,0.366,0.0,0.0,0.14625,0.09,1.47655,0.915,2.6278,792.0,4.912266073795546,2478.796875,15.374381051632472,11.88,7.368399110693319,35.0,35.0,89.24839911069333,3678,6.0,0.16,0.5394002516359195,Warning
712170,13025.0,25965.20089,CAN,Canada,Manitoba,3.09183102,0.0,0.8,0.28,13025.0,,,,,,,,,,,,,,,,,,,,,,,,,75.18109530219257,61.8366204,0.0,3.0,0.0,0.0,0.0,0.0,17.25,0.066,73.5,0.283,0.0,0.0,0.25875,0.099,1.8375,0.7074999999999999,2.90275,858.09375,3.3047837897169883,1658.25,6.386432390747743,12.87140625,4.957175684575482,35.0,22.3525133676171,75.18109530219257,6242,461.0,7.39,0.7511215718308807,Watch
712180,13026.0,9227.088303,CAN,Canada,Manitoba,3.66205587,0.0,0.8,0.28,13026.0,,,,,,,,,,,,,,,,,,,,,,,,,68.17624903414534,73.24111740000001,0.0,3.0,0.0,0.0,0.0,0.0,8.688,0.094,24.0,0.26,0.0,0.0,0.13032,0.141,0.6,0.65,1.52132,411.609375,4.460880415002297,758.390625,8.21917597475483,6.174140625,6.691320622503445,26.543671875,28.767115911641906,68.17624903414534,774,0.0,0.0,0.8251650506099111,Warning
712200,13028.0,9394.010878,CAN,Canada,Saskatchewan,0.026928772,0.0,0.8,0.28,13028.0,,,,,,,,,,,,,,,,,,,,,,,,,3.3735351504076574,0.53857544,0.0,,10.438,0.111,8.188,0.087,9.688,0.103,4.0,0.043,0.08188,0.087,0.14532,0.1545,0.1,0.1074999999999999,0.6761999999999999,0.0,0.0,46.6875,0.4969921858307592,0.0,0.0,1.6340625,1.7394726504076572,3.3735351504076574,8500,,,0.0003574389984902,Information
712210,13029.0,10828.118,CAN,Canada,Manitoba,0.106738463,0.0,0.8,0.28,13029.0,13029.0,1.0,3.0,33.0,5.0,2.0,3.0,8.0,3.3,0.5,0.2,37.5,0.0,0.0,0.0,0.0,0.0,0.0,0.0,0.0,0.0,0.0,0.0,37.5,37.5,2.13476926,0.0,,,,,,,,,,,,,,,,,33.890625,0.3129872151978908,370.96875,3.4259762393860407,0.508359375,0.4694808227968362,12.98390625,11.990916837851142,25.95266328564798,0,,,0.168716307251838,Advisory
712221,13030.0,8551.563262,CAN,Canada,Manitoba,2.009627038,0.0,0.8,0.28,13030.0,13030.0,0.0,1.0,-9999.0,-9999.0,-9999.0,0.0,10.0,-999.9,-999.9,-999.9,-2981.6,0.0,0.0,0.0,0.0,0.0,0.0,0.0,0.0,0.0,0.0,0.0,-2981.6,37.624112623038855,40.19254076,0.0,,,,,,,,,,,,,,,,,92.109375,1.077105696046416,456.046875,5.332906522562637,1.381640625,1.615658544069624,15.961640625,18.66517282896923,37.624112623038855,2446,,,0.321508291948396,Advisory
712223,13032.0,6313.737614,CAN,Canada,Manitoba,3.080355488,0.0,0.8,0.28,13032.0,13032.0,1.0,26.0,39.0,5.0,-9999.0,3.0,1.0,3.9,0.5,-999.9,-1983.0,0.0,0.0,0.0,0.0,0.0,0.0,0.0,0.0,0.0,0.0,0.0,-1983.0,14.029082865943655,61.60710976,0.0,,,,,,,,,,,,,,,,,28.265625,0.447684505258916,143.015625,2.2651499594443663,0.423984375,0.671526757888374,5.005546875,7.928024858055282,14.029082865943655,1126,,,0.1570299225662929,Information
712224,13033.0,9999.222686,CAN,Canada,Manitoba,0.907343503,0.0,0.8,0.28,13033.0,13033.0,2.0,7.0,100.0,47.0,7.0,7.0,4.0,10.0,4.7,0.7,52.8,0.0,0.0,0.0,0.0,0.0,0.0,0.0,0.0,0.0,0.0,0.0,52.8,52.8,18.14687006,0.0,,,,,,,,,,,,,,,,,0.0,0.0,143.15625,1.4316737859619126,0.0,0.0,5.01046875,5.010858250866694,10.021327000866696,13793,,,0.3305426097254579,Advisory
712229,13038.0,15291.49434,CAN,Canada,Saskatchewan,1.509983688,0.0,0.8,0.28,13038.0,13038.0,0.0,4.0,9.0,5.0,-9999.0,0.0,7.0,0.9,0.5,-999.9,-3981.2,0.0,0.0,0.0,0.0,0.0,0.0,0.0,0.0,0.0,0.0,0.0,-3981.2,1.5467094632980132,30.19967376,0.0,,83.375,0.545,44.688,0.292,7.312,0.048,0.062,0.0,0.44688,0.292,0.10968,0.072,0.00155,0.0,0.92211,0.0,0.0,26.71875,0.174729489513718,0.0,0.0,0.93515625,0.611553213298013,1.5467094632980132,6182,,,6.96215370679429e-05,Information
712232,13040.0,4736.681859,CAN,Canada,Manitoba,4.012829163,0.0,0.8,0.28,13040.0,,,,,,,,,,,,,,,,,,,,,,,,,22.00675519027471,80.25658326,0.0,,0.0,0.0,0.0,0.0,1.75,0.037,4.062,0.086,0.0,0.0,0.02625,0.0554999999999999,0.10155,0.2149999999999999,0.3983,74.53125,1.5734907307844128,170.15625,3.592309026885169,1.11796875,2.360236096176619,5.95546875,12.573081594098092,22.00675519027471,1134,,,0.5432121016155932,Advisory
712234,13042.0,19461.31584,CAN,Canada,Ontario,2.268553612,0.0,0.8,0.28,13042.0,,,,,,,,,,,,,,,,,,,,,,,,,97.1752350009248,45.37107224,0.0,3.0,0.0,0.0,0.0,0.0,61.062,0.314,228.188,1.173,0.0,0.0,0.91593,0.471,5.7047,2.9325,10.02413,1579.640625,8.116823333949878,2672.015625,13.72988161385041,15.0,12.175235000924816,35.0,35.0,97.1752350009248,1389,3.0,0.22,0.717676301842948,Warning
712236,13044.0,4314.130189,CAN,Canada,Manitoba,3.229299378,0.0,0.8,0.28,13044.0,13044.0,1.0,3.0,100.0,17.0,5.0,3.0,8.0,10.0,1.7,0.5,47.06666666666666,0.0,0.0,0.0,0.0,0.0,0.0,0.0,0.0,0.0,0.0,0.0,47.06666666666666,47.06666666666666,64.58598755999999,0.0,,0.0,0.0,0.0,0.0,0.562,0.013,1.312,0.03,0.0,0.0,0.00843,0.0195,0.0328,0.075,0.13573,75.234375,1.7439059952022515,311.0625,7.210317871752114,1.128515625,2.615858992803377,10.8871875,25.2361125511324,39.86767466893578,2114,,,0.6119700861099153,Watch
712238,13046.0,9778.010895,CAN,Canada,Manitoba,3.226895867,0.0,0.8,0.28,13046.0,,,,,,,,,,,,,,,,,,,,,,,,,63.68243013333888,64.53791734,0.0,3.0,3.312,0.034,3.312,0.034,12.875,0.132,45.75,0.468,0.03312,0.034,0.193125,0.198,1.14375,1.1700000000000002,2.7719950000000004,436.640625,4.465536290322809,712.40625,7.285799306529904,6.549609375,6.6983044354842125,24.93421875,25.500297572854663,63.68243013333888,743,0.0,0.0,0.7208756202219189,Watch
712239,13047.0,8011.422414,CAN,Canada,Manitoba,0.750845504,0.0,0.8,0.28,13047.0,,,,,,,,,,,,,,,,,,,,,,,,,33.33070698201457,15.01691008,0.0,,0.0,0.0,0.0,0.0,8.312,0.104,23.562,0.294,0.0,0.0,0.12468,0.156,0.58905,0.735,1.60473,147.375,1.8395609715106729,360.421875,4.498849971356731,2.210625,2.759341457266009,12.614765625,15.74597489974856,33.33070698201457,1198,,,0.1746434955528475,Information
712241,13048.0,15382.12181,CAN,Canada,Manitoba,3.125145574,0.0,0.8,0.28,13048.0,13048.0,0.0,28.0,17.0,5.0,-9999.0,0.0,1.0,1.7,0.5,-999.9,-2655.2,0.0,0.0,0.0,0.0,0.0,0.0,0.0,0.0,0.0,0.0,0.0,-2655.2,61.46320218783457,62.50291148,0.0,3.0,0.562,0.004,0.562,0.004,7.75,0.05,37.562,0.244,0.00562,0.004,0.11625,0.075,0.93905,0.61,1.74992,362.53125,2.3568351258702225,908.859375,5.908543606865496,5.43796875,3.535252688805333,31.810078125,20.67990262402924,61.46320218783457,11055,1232.0,11.14,0.6894088325409394,Watch
712242,13049.0,52031.18288,CAN,Canada,Ontario,2.242561943,0.0,0.8,0.28,13049.0,13049.0,1.0,27.0,41.0,5.0,2.0,3.0,1.0,4.1,0.5,0.2,17.599999999999998,0.0,0.0,0.0,0.0,0.0,0.0,0.0,0.0,0.0,0.0,0.0,17.599999999999998,96.88447479036056,44.85123886,0.0,3.0,75.688,0.145,70.625,0.136,212.375,0.408,574.0,1.103,0.70625,0.136,3.185625,0.612,14.35,2.7575,21.747375,4122.421875,7.922983193573707,8538.890625,16.41110225130442,15.0,11.88447479036056,35.0,35.0,96.88447479036056,18594,948.0,5.1,0.7134476660624799,Warning
712243,13050.0,23719.91225,CAN,Canada,Ontario,2.753232883,0.0,0.8,0.28,13050.0,13050.0,1.0,26.0,33.0,7.0,-9999.0,3.0,1.0,3.3,0.7,-999.9,-1986.1333333333328,0.0,0.0,0.0,0.0,0.0,0.0,0.0,0.0,0.0,0.0,0.0,-1986.1333333333328,80.9602855066449,55.06465766,0.0,3.0,66.125,0.279,56.625,0.239,62.312,0.263,152.75,0.644,0.56625,0.239,0.9346799999999998,0.3945,3.81875,1.61,7.56318,789.328125,3.327702550965168,1974.09375,8.322517087199184,11.839921875,4.991553826447753,35.0,29.128809805197143,80.9602855066449,24755,1313.0,5.3,0.7219801746249968,Warning
712245,13052.0,354.0863813,CAN,Canada,Ontario,1.380229864,0.0,0.8,0.28,13052.0,,,,,,,,,,,,,,,,,,,,,,,,,3.1868879811076654,27.60459728,0.0,,3.375,0.953,2.625,0.741,0.0,0.0,0.0,0.0,0.02625,0.741,0.0,0.0,0.0,0.0,0.76725,0.703125,0.1985744262004945,2.8125,0.7942977048019781,0.010546875,0.2978616393007418,0.0984375,2.780041966806924,3.1868879811076654,606,,,0.0008947910124132,Information
712247,13054.0,5195.984877,CAN,Canada,Ontario,0.635448989,0.0,0.8,0.28,13054.0,13054.0,1.0,28.0,43.0,9.0,2.0,3.0,1.0,4.3,0.9,0.2,18.8,0.0,0.0,0.0,0.0,0.0,0.0,0.0,0.0,0.0,0.0,0.0,18.8,70.46807045869261,12.70897978,0.0,3.0,95.625,1.84,88.25,1.698,21.375,0.411,24.688,0.475,0.8825,1.698,0.320625,0.6164999999999999,0.6172,1.1875,5.322324999999999,289.265625,5.567099055795078,650.8125,12.525296271375606,4.338984375,8.350648583692617,22.7784375,35.0,70.46807045869261,16988,217.0,1.28,0.4152392594492999,Watch
712248,13055.0,12937.70994,CAN,Canada,Ontario,0.038401388,0.0,0.8,0.28,13055.0,,,,,,,,,,,,,,,,,,,,,,,,,89.05419604282166,0.7680277600000001,0.0,3.0,58.75,0.454,54.5,0.421,40.75,0.315,51.0,0.394,0.545,0.421,0.61125,0.4725,1.275,0.985,4.30975,716.484375,5.537953611881105,1447.3125,11.18677498988819,10.747265625,8.306930417821658,35.0,35.0,89.05419604282166,3000,10.0,0.33,0.4569125199440607,Warning
712249,13056.0,20193.77911,CAN,Canada,Ontario,2.033123375,0.0,0.8,0.28,13056.0,13056.0,0.0,25.0,23.0,7.0,2.0,0.0,1.0,2.3,0.7,0.2,8.4,0.0,0.0,0.0,0.0,0.0,0.0,0.0,0.0,0.0,0.0,0.0,8.4,81.43070297450107,40.662467500000005,0.0,3.0,83.125,0.412,77.0,0.381,44.0,0.218,39.75,0.197,0.77,0.381,0.66,0.327,0.99375,0.4925,3.62425,924.46875,4.577987830092491,1482.609375,7.341911422674953,13.86703125,6.8669817451387365,35.0,25.696689979362336,81.43070297450107,11268,269.0,2.39,0.624192417296419,Warning
712250,13057.0,12814.99226,CAN,Canada,Manitoba,1.437098329,0.0,0.8,0.28,13057.0,13057.0,1.0,3.0,100.0,13.0,7.0,3.0,8.0,10.0,1.3,0.7,-1965.9,0.0,0.0,0.0,0.0,0.0,0.0,0.0,0.0,0.0,0.0,0.0,-1965.9,29.99935730328641,28.74196658,0.0,,1.5,0.012,1.375,0.011,0.5,0.004,3.062,0.024,0.01375,0.011,0.0075,0.006,0.0765499999999999,0.06,0.1747999999999999,82.546875,0.6441429952141973,446.0625,3.480786338704317,1.238203125,0.966214492821296,15.6121875,12.18275218546511,29.99935730328641,381730,,,0.1934832799807201,Information
712261,13059.0,12578.17741,CAN,Canada,Manitoba,2.174663056,0.0,0.8,0.28,13059.0,13059.0,0.0,1.0,11.0,2.0,-9999.0,0.0,10.0,1.1,0.2,-999.9,-1977.2,0.0,0.0,0.0,0.0,0.0,0.0,0.0,0.0,0.0,0.0,0.0,-1977.2,1.7695046922831783,43.49326112,0.0,,84.812,0.674,65.75,0.523,0.0,0.0,0.0,0.0,0.6575,0.523,0.0,0.0,0.0,0.0,1.1805,1.40625,0.0111800776359939,27.5625,0.2191295216654821,0.02109375,0.0167701164539908,0.9646875,0.7669533258291874,1.7695046922831783,327771,,,0.000266439562237,Information
712264,13062.0,9624.636702,CAN,Canada,Manitoba,1.497072416,0.0,0.8,0.28,13062.0,,,,,,,,,,,,,,,,,,,,,,,,,2.7297115931496743,29.94144832,0.0,,42.875,0.445,25.562,0.266,0.0,0.0,0.0,0.0,0.25562,0.266,0.0,0.0,0.0,0.0,0.52162,0.0,0.0,38.25,0.3974175980427641,0.0,0.0,1.33875,1.3909615931496744,2.7297115931496743,13616,,,0.0005869739802252,Information
712270,13068.0,5732.17731,CAN,Canada,Manitoba,4.006025578,0.0,0.8,0.28,13068.0,13068.0,0.0,24.0,7.0,3.0,-9999.0,0.0,1.0,0.7,0.3,-999.9,-1995.8,0.0,0.0,0.0,0.0,0.0,0.0,0.0,0.0,0.0,0.0,0.0,-1995.8,2.931295021695087,80.12051156,0.0,,6.938,0.121,5.938,0.104,0.0,0.0,0.0,0.0,0.0593799999999999,0.104,0.0,0.0,0.0,0.0,0.16338,0.0,0.0,30.515625,0.5323566133414533,0.0,0.0,1.068046875,1.8632481466950868,2.931295021695087,268885,,,0.0277944830686203,Information
712281,13070.0,2568.457881,CAN,Canada,Manitoba,1.113187822,0.0,0.8,0.28,13070.0,13070.0,0.0,27.0,5.0,3.0,-9999.0,0.0,1.0,0.5,0.3,-999.9,-1996.2,0.0,0.0,0.0,0.0,0.0,0.0,0.0,0.0,0.0,0.0,0.0,-1996.2,0.8670469730339827,22.26375644,0.0,,,,,,,,,,,,,,,,,0.0,0.0,5.0625,0.1971027065811379,0.0,0.0,0.1771875,0.6898594730339827,0.8670469730339827,59097,,,3.46245160906358e-06,Information
712283,13072.0,9437.783278,CAN,Canada,Manitoba,0.81853415,0.0,0.8,0.28,13072.0,13072.0,0.0,7.0,5.0,3.0,-9999.0,0.0,4.0,0.5,0.3,-999.9,-1990.2,0.0,0.0,0.0,0.0,0.0,0.0,0.0,0.0,0.0,0.0,0.0,-1990.2,3.811493294487916,16.370683,0.0,,,,,,,,,,,,,,,,,0.0,0.0,52.875,0.5602480841394046,0.0,0.0,1.850625,1.9608682944879163,3.811493294487916,13157,,,0.0010062781719686,Information
712284,13073.0,20891.14791,CAN,Canada,Saskatchewan,0.546790786,0.0,0.8,0.28,13073.0,13073.0,0.0,7.0,9.0,5.0,-9999.0,0.0,4.0,0.9,0.5,-999.9,-1987.2,0.0,0.0,0.0,0.0,0.0,0.0,0.0,0.0,0.0,0.0,0.0,-1987.2,5.429266380125617,10.93581572,0.0,,15.562,0.074,14.562,0.07,2.688,0.013,0.688,0.003,0.14562,0.07,0.04032,0.0195,0.0171999999999999,0.0075,0.30014,0.0,0.0,104.90625,0.5021564657501764,0.0,0.0,3.67171875,1.7575476301256172,5.429266380125617,36176,,,0.0025745638423813,Information
712285,13074.0,17525.77513,CAN,Canada,Saskatchewan,1.313943282,0.0,0.8,0.28,13074.0,13074.0,0.0,16.0,2.0,-9999.0,-9999.0,0.0,1.0,0.2,-999.9,-999.9,-3324.333333333333,0.0,0.0,0.0,0.0,0.0,0.0,0.0,0.0,0.0,0.0,0.0,-3324.333333333333,2.520057803197719,26.278865640000003,0.0,,2.812,0.016,2.125,0.012,2.188,0.012,1.562,0.009,0.02125,0.012,0.03282,0.018,0.03905,0.0225,0.14562,0.0,0.0,45.84375,0.2615790151993483,0.0,0.0,1.60453125,0.915526553197719,2.520057803197719,26321,,,0.0003677293298532,Information
712286,13075.0,11090.28345,CAN,Canada,Saskatchewan,0.431557211,0.0,0.8,0.28,13075.0,,,,,,,,,,,,,,,,,,,,,,,,,4.895218023715285,8.63114422,0.0,,3.625,0.033,2.688,0.024,2.875,0.026,1.062,0.01,0.02688,0.024,0.043125,0.039,0.02655,0.025,0.184555,0.0,0.0,73.546875,0.6631649710615098,0.0,0.0,2.574140625,2.3210773987152846,4.895218023715285,14617,,,0.0017131939771653,Information
712291,13079.0,2215.352754,CAN,Canada,Manitoba,2.330445712,0.0,0.8,0.28,13079.0,13079.0,0.0,1.0,7.0,3.0,-9999.0,0.0,10.0,0.7,0.3,-999.9,-1977.8,0.0,0.0,0.0,0.0,0.0,0.0,0.0,0.0,0.0,0.0,0.0,-1977.8,0.6513357935469131,46.60891424,0.0,,,,,,,,,,,,,,,,,0.0,0.0,3.375,0.1523459410134037,0.0,0.0,0.118125,0.533210793546913,0.6513357935469131,4204,,,5.2557762488229806e-06,Information
712292,13080.0,5509.050879,CAN,Canada,Saskatchewan,0.04211349,0.0,0.8,0.28,13080.0,13080.0,0.0,30.0,7.0,2.0,-9999.0,0.0,1.0,0.7,0.2,-999.9,-1996.0,0.0,0.0,0.0,0.0,0.0,0.0,0.0,0.0,0.0,0.0,0.0,-1996.0,4.503211846789288,0.8422698000000001,0.0,,3.188,0.058,1.875,0.034,3.188,0.058,1.0,0.018,0.01875,0.034,0.04782,0.087,0.025,0.045,0.25757,0.0,0.0,45.703125,0.8296007062255109,0.0,0.0,1.599609375,2.903602471789288,4.503211846789288,6140,,,0.0009943290607826,Information
712293,13081.0,13108.01348,CAN,Canada,Manitoba,0.518573366,0.0,0.8,0.28,13081.0,13081.0,0.0,22.0,5.0,3.0,2.0,0.0,1.0,0.5,0.3,0.2,4.0,0.0,0.0,0.0,0.0,0.0,0.0,0.0,0.0,0.0,0.0,0.0,4.0,4.008651376280802,10.37146732,0.0,,,,,,,,,,,,,,,,,0.0,0.0,64.96875,0.4956414646516576,0.0,0.0,2.27390625,1.7347451262808016,4.008651376280802,12136,,,0.0009442826689208,Information
712298,13086.0,5457.825912,CAN,Canada,Saskatchewan,0.409079591,0.0,0.8,0.28,13086.0,,,,,,,,,,,,,,,,,,,,,,,,,6.37052923276951,8.181591820000001,0.0,,0.812,0.015,0.812,0.015,0.75,0.014,1.188,0.022,0.00812,0.015,0.01125,0.021,0.0296999999999999,0.0549999999999999,0.14007,0.0,0.0,64.265625,1.1774949593627169,0.0,0.0,2.249296875,4.121232357769509,6.37052923276951,6755,,,0.003813734056881,Information
712301,13089.0,7318.262954,CAN,Canada,Manitoba,1.36008046,0.0,0.8,0.28,13089.0,13089.0,0.0,1.0,-9999.0,-9999.0,-9999.0,0.0,10.0,-999.9,-999.9,-999.9,-5979.4,0.0,0.0,0.0,0.0,0.0,0.0,0.0,0.0,0.0,0.0,0.0,-5979.4,31.318043877116907,27.2016092,0.0,,0.0,0.0,0.0,0.0,0.062,0.001,10.375,0.142,0.0,0.0,0.0009299999999999,0.0015,0.259375,0.355,0.616805,39.65625,0.541880638173092,361.125,4.93457261995922,0.59484375,0.8128209572596379,12.639375,17.27100416985727,31.318043877116907,1091,,,0.1994745901293268,Information
712303,13091.0,5649.40549,CAN,Canada,Manitoba,1.665527512,0.0,0.8,0.28,13091.0,13091.0,0.0,30.0,11.0,3.0,-9999.0,0.0,1.0,1.1,0.3,-999.9,-1995.0,0.0,0.0,0.0,0.0,0.0,0.0,0.0,0.0,0.0,0.0,0.0,-1995.0,20.85234371224343,33.31055024,0.0,,8.375,0.148,7.938,0.141,0.0,0.0,15.688,0.278,0.0793799999999999,0.141,0.0,0.0,0.3922,0.6950000000000001,1.30758,0.140625,0.0024891999742655,215.015625,3.8059867606520097,0.002109375,0.0037337999613982,7.525546875,13.320953662282031,20.85234371224343,3791,,,0.1224998902246207,Information
712304,13092.0,13545.83998,CAN,Canada,Saskatchewan,0.97141249,0.0,0.8,0.28,13092.0,13092.0,1.0,8.0,100.0,25.0,9.0,3.0,3.0,10.0,2.5,0.9,30.2,0.0,0.0,0.0,0.0,0.0,0.0,0.0,0.0,0.0,0.0,0.0,30.2,30.2,19.4282498,0.0,,47.188,0.348,28.375,0.209,10.875,0.08,0.062,0.0,0.28375,0.209,0.163125,0.12,0.00155,0.0,0.777425,0.0,0.0,29.109375,0.2148953114023981,0.0,0.0,1.018828125,0.7521335899083933,1.7709617149083932,17199,,,0.163220890531738,Information
712306,13094.0,19815.41906,CAN,Canada,Saskatchewan,0.651557822,0.0,0.8,0.28,13094.0,,,,,,,,,,,,,,,,,,,,,,,,,59.893360860424224,13.03115644,0.0,,121.562,0.613,94.062,0.475,1.938,0.01,9.5,0.048,0.94062,0.475,0.02907,0.015,0.2375,0.12,1.81719,227.8125,1.1496728849344802,1118.25,5.643332580863572,3.4171875,1.7245093274017202,35.0,19.751664033022504,59.893360860424224,9841,,,0.3545800746906795,Advisory
712308,13096.0,10992.01111,CAN,Canada,Saskatchewan,0.222583357,0.0,0.8,0.28,13096.0,,,,,,,,,,,,,,,,,,,,,,,,,1.2125430843370355,4.4516671400000005,0.0,,54.625,0.497,32.625,0.297,2.75,0.025,0.188,0.002,0.32625,0.297,0.04125,0.0375,0.0046999999999999,0.005,0.7117,0.0,0.0,18.140625,0.1650346312391531,0.0,0.0,0.634921875,0.5776212093370359,1.2125430843370355,2336,,,6.300763444371612e-06,Information
712309,13097.0,3531.159757,CAN,Canada,Saskatchewan,0.28504984,0.0,0.8,0.28,13097.0,13097.0,0.0,27.0,5.0,3.0,-9999.0,0.0,1.0,0.5,0.3,-999.9,-1996.2,0.0,0.0,0.0,0.0,0.0,0.0,0.0,0.0,0.0,0.0,0.0,-1996.2,3.640034870450677,5.7009968,0.0,,9.25,0.262,8.125,0.23,1.562,0.044,0.0,0.0,0.08125,0.23,0.02343,0.066,0.0,0.0,0.40068,0.0,0.0,27.140625,0.7686037129859077,0.0,0.0,0.949921875,2.690112995450677,3.640034870450677,5565,,,0.00056800607724,Information
712400,13098.0,18878.69397,CAN,Canada,Alberta,0.425961657,0.0,0.8,0.28,13098.0,,,,,,,,,,,,,,,,,,,,,,,,,6.161932890190265,8.51923314,0.0,,474.5,2.513,310.812,1.646,4.0,0.021,0.0,0.0,3.10812,1.646,0.06,0.0315,0.0,0.0,4.84562,8.015625,0.0424585779772543,111.65625,0.591440542349824,0.120234375,0.0636878669658814,3.90796875,2.070041898224384,6.161932890190265,12689,,,0.0034906155214488,Information
712410,13099.0,23306.88485,CAN,Canada,Saskatchewan,1.517528001,0.0,0.8,0.28,13099.0,13099.0,0.0,30.0,7.0,3.0,-9999.0,0.0,1.0,0.7,0.3,-999.9,-1995.8,0.0,0.0,0.0,0.0,0.0,0.0,0.0,0.0,0.0,0.0,0.0,-1995.8,9.003063940063289,30.350560020000003,0.0,,289.625,1.243,204.812,0.879,17.25,0.074,1.062,0.005,2.04812,0.879,0.25875,0.1109999999999999,0.02655,0.0125,3.33592,0.0,0.0,180.0,0.7723039828752251,0.0,0.0,6.3,2.703063940063288,9.003063940063289,60468,,,0.0203826277843305,Information
712420,13100.0,10176.9081,CAN,Canada,Saskatchewan,0.072187801,0.0,0.8,0.28,13100.0,,,,,,,,,,,,,,,,,,,,,,,,,8.479868534634104,1.44375602,0.0,,247.5,2.432,183.25,1.801,3.812,0.037,0.0,0.0,1.8325,1.801,0.05718,0.0554999999999999,0.0,0.0,3.74618,0.0,0.0,122.203125,1.20078833132403,0.0,0.0,4.277109375,4.2027591596341045,8.479868534634104,9718,,,0.0070848473674189,Information
712440,13102.0,29503.65619,CAN,Canada,Alberta,0.422592516,0.0,0.8,0.28,13102.0,13102.0,0.0,26.0,2.0,-9999.0,-9999.0,0.0,1.0,0.2,-999.9,-999.9,-3997.1,0.0,0.0,0.0,0.0,0.0,0.0,0.0,0.0,0.0,0.0,0.0,-3997.1,15.060262404665812,8.45185032,0.0,,112.375,0.381,100.688,0.341,3.75,0.013,0.188,0.001,1.00688,0.341,0.05625,0.0195,0.0046999999999999,0.0025,1.4308299999999998,90.0,0.3050469386742664,282.796875,0.9585146776155464,1.35,0.4575704080113996,9.897890625,3.3548013716544123,15.060262404665812,117999,,,0.0355525684748618,Information
712450,13103.0,13957.69528,CAN,Canada,Saskatchewan,0.111308691,0.0,0.8,0.28,13103.0,13103.0,0.0,28.0,7.0,3.0,-9999.0,0.0,1.0,0.7,0.3,-999.9,-1995.8,0.0,0.0,0.0,0.0,0.0,0.0,0.0,0.0,0.0,0.0,0.0,-1995.8,19.55506644335576,2.22617382,0.0,,244.938,1.755,221.75,1.589,6.938,0.05,0.125,0.001,2.2175,1.589,0.10407,0.075,0.003125,0.0025,3.991195,7.453125,0.0533979632935697,322.3125,2.309210035261544,0.111796875,0.0800969449403545,11.2809375,8.082235123415405,19.55506644335576,67666,,,0.053761993322014,Information
712460,13104.0,8109.617503,CAN,Canada,Alberta,0.769199027,0.0,0.8,0.28,13104.0,,,,,,,,,,,,,,,,,,,,,,,,,6.134580330357862,15.38398054,0.0,,59.188,0.73,28.875,0.356,0.438,0.005,0.188,0.002,0.28875,0.356,0.00657,0.0075,0.0046999999999999,0.005,0.6685199999999999,21.375,0.2635759330506245,69.328125,0.8548877302234071,0.320625,0.3953638995759367,2.426484375,2.992107055781925,6.134580330357862,21307,,,0.0043428687667939,Information
712470,13105.0,27306.3817,CAN,Canada,Alberta,0.558204842,0.0,0.8,0.28,13105.0,13105.0,0.0,26.0,5.0,2.0,-9999.0,0.0,1.0,0.5,0.2,-999.9,-1996.4,0.0,0.0,0.0,0.0,0.0,0.0,0.0,0.0,0.0,0.0,0.0,-1996.4,16.28346542543667,11.16409684,0.0,,186.688,0.684,158.375,0.58,3.938,0.014,0.188,0.001,1.58375,0.58,0.05907,0.021,0.0046999999999999,0.0025,2.25102,49.078125,0.1797313372783196,319.5,1.170056155576912,0.736171875,0.2695970059174794,11.1825,4.095196544519192,16.28346542543667,1432833,,,0.0448823068539617,Information
712480,13106.0,7062.759261,CAN,Canada,Alberta,0.083353662,0.0,0.8,0.28,13106.0,13106.0,1.0,14.0,31.0,5.0,2.0,3.0,1.0,3.1,0.5,0.2,19.6,0.0,0.0,0.0,0.0,0.0,0.0,0.0,0.0,0.0,0.0,0.0,19.6,19.6,1.66707324,0.0,,26.0,0.368,16.312,0.231,0.062,0.001,0.438,0.006,0.16312,0.231,0.0009299999999999,0.0015,0.01095,0.015,0.4225,0.28125,0.0039821547022189,29.953125,0.4240994757863213,0.00421875,0.0059732320533283,1.048359375,1.4843481652521244,2.5428995223054525,477,,,0.0533907920469389,Information
712490,13107.0,13334.96541,CAN,Canada,Alberta,2.111457385,0.0,0.8,0.28,13107.0,13107.0,0.0,14.0,5.0,2.0,2.0,0.0,1.0,0.5,0.2,0.2,12.7,0.0,0.0,0.0,0.0,0.0,0.0,0.0,0.0,0.0,0.0,0.0,12.7,12.7,42.2291477,0.0,,61.938,0.464,28.125,0.211,0.188,0.001,0.188,0.001,0.28125,0.211,0.00282,0.0015,0.0046999999999999,0.0025,0.5037699999999999,1.265625,0.0094910257472919,69.328125,0.5198972992683232,0.018984375,0.0142365386209378,2.426484375,1.819640547439131,4.2793458360600685,11830,,,0.0649010979578379,Information
712500,13108.0,7587.329267,CAN,Canada,Saskatchewan,0.004682871,0.0,0.8,0.28,13108.0,,,,,,,,,,,,,,,,,,,,,,,,,3.69831,0.0936574199999999,0.0,,271.0,3.572,155.688,2.052,2.562,0.034,0.0,0.0,1.5568799999999998,2.052,0.03843,0.051,0.0,0.0,3.69831,1.125,0.0148273517659349,11.671875,0.1538337745715755,0.016875,0.0222410276489023,0.408515625,0.5384182110005142,0.9860498636494166,7871,,,0.0004897369455141,Information
712501,13109.0,4387.387822,CAN,Canada,Saskatchewan,0.515785746,0.0,0.8,0.28,13109.0,13109.0,0.0,24.0,3.0,-9999.0,-9999.0,0.0,1.0,0.3,-999.9,-999.9,-3997.0,0.0,0.0,0.0,0.0,0.0,0.0,0.0,0.0,0.0,0.0,0.0,-3997.0,5.148695263195115,10.31571492,0.0,,3.25,0.074,0.875,0.02,3.125,0.071,0.0,0.0,0.00875,0.02,0.046875,0.1064999999999999,0.0,0.0,0.1821249999999999,0.0,0.0,44.859375,1.0224620394843185,0.0,0.0,1.570078125,3.5786171381951144,5.148695263195115,8305,,,0.002134611875305,Information
712502,13110.0,2136.009414,CAN,Canada,Saskatchewan,0.160239885,0.0,0.8,0.28,13110.0,,,,,,,,,,,,,,,,,,,,,,,,,2.6566046431903567,3.2047977,0.0,,1.812,0.085,1.625,0.076,1.75,0.082,0.375,0.018,0.01625,0.076,0.02625,0.123,0.009375,0.045,0.295875,0.0,0.0,13.359375,0.6254361480543876,0.0,0.0,0.467578125,2.1890265181903565,2.6566046431903567,4475,,,0.0001618543600993,Information
712503,13111.0,2171.223166,CAN,Canada,Saskatchewan,0.654097471,0.0,0.8,0.28,13111.0,13111.0,0.0,23.0,3.0,-9999.0,-9999.0,0.0,1.0,0.3,-999.9,-999.9,-3997.0,0.0,0.0,0.0,0.0,0.0,0.0,0.0,0.0,0.0,0.0,0.0,-3997.0,1.1588030553899449,13.08194942,0.0,,,,,,,,,,,,,,,,,0.0,0.0,5.90625,0.2720240872542699,0.0,0.0,0.20671875,0.9520843053899448,1.1588030553899449,294491,,,7.887529760334039e-06,Information
712505,13113.0,8313.231197,CAN,Canada,Saskatchewan,1.441975347,0.0,0.8,0.28,13113.0,,,,,,,,,,,,,,,,,,,,,,,,,9.281100255676623,28.83950694,0.0,,69.812,0.84,59.25,0.713,5.562,0.067,1.75,0.021,0.5925,0.713,0.08343,0.1005,0.04375,0.0525,1.5856799999999998,0.0,0.0,120.375,1.447992930193321,0.0,0.0,4.213125,5.067975255676624,9.281100255676623,6521,,,0.0208271410680756,Information
712506,13114.0,3951.950026,CAN,Canada,Saskatchewan,0.003274671,0.0,0.8,0.28,13114.0,,,,,,,,,,,,,,,,,,,,,,,,,1.5986076062286654,0.06549342,0.0,,12.438,0.315,11.5,0.291,0.062,0.002,0.0,0.0,0.115,0.291,0.0009299999999999,0.003,0.0,0.0,0.4099299999999999,0.0,0.0,12.9375,0.3273700303510472,0.0,0.0,0.4528125,1.145795106228665,1.5986076062286654,18198,,,1.771823085317884e-05,Information
712509,13117.0,4044.644267,CAN,Canada,Saskatchewan,0.057158853,0.0,0.8,0.28,13117.0,,,,,,,,,,,,,,,,,,,,,,,,,3.0250618526442783,1.14317706,0.0,,10.875,0.269,8.625,0.213,0.0,0.0,0.0,0.0,0.08625,0.213,0.0,0.0,0.0,0.0,0.29925,0.0,0.0,24.890625,0.6153971364697938,0.0,0.0,0.871171875,2.1538899776442784,3.0250618526442783,2051,,,0.0002444722828492,Information
712601,13119.0,8103.565745,CAN,Canada,Alberta,0.012163795,0.0,0.8,0.28,13119.0,,,,,,,,,,,,,,,,,,,,,,,,,2.588676080017779,0.2432759,0.0,,20.438,0.252,14.438,0.178,0.562,0.007,0.062,0.001,0.14438,0.178,0.00843,0.0105,0.00155,0.0025,0.34536,6.046875,0.0746199289329666,30.515625,0.3765703390338083,0.090703125,0.1119298933994498,1.068046875,1.3179961866183292,2.588676080017779,21475,,,0.0001303119399644,Information
712602,13120.0,3860.742551,CAN,Canada,Alberta,0.487833378,0.0,0.8,0.28,13120.0,,,,,,,,,,,,,,,,,,,,,,,,,2.2845500000000003,9.75666756,0.0,,107.125,2.775,59.812,1.549,2.562,0.066,0.0,0.0,0.59812,1.549,0.03843,0.099,0.0,0.0,2.2845500000000003,0.421875,0.0109273020522252,4.078125,0.105630586504844,0.006328125,0.0163909530783378,0.142734375,0.369707052766954,0.5351605058452917,345,,,0.00011830176786,Information
712603,13121.0,6307.304318,CAN,Canada,Alberta,1.234890403,0.0,0.8,0.28,13121.0,,,,,,,,,,,,,,,,,,,,,,,,,4.924701763857701,24.69780806,0.0,,62.312,0.988,41.375,0.656,6.438,0.102,1.188,0.019,0.41375,0.656,0.09657,0.153,0.0296999999999999,0.0475,1.3965200000000002,24.609375,0.3901726277593929,43.875,0.6956220563481749,0.369140625,0.5852589416390893,1.535625,2.434677197218612,4.924701763857701,6827,,,0.003193274887081,Information
712604,13122.0,4229.697209,CAN,Canada,Alberta,0.504825115,0.0,0.8,0.28,13122.0,,,,,,,,,,,,,,,,,,,,,,,,,3.839170853710086,10.0965023,0.0,,4.938,0.117,4.938,0.117,0.625,0.015,0.062,0.001,0.04938,0.117,0.009375,0.0225,0.00155,0.0025,0.2023049999999999,13.078125,0.3091976648429304,27.0,0.6383435661273401,0.196171875,0.4637964972643955,0.945,2.2342024814456902,3.839170853710086,32757,,,0.0008066802345977,Information
712605,13123.0,14109.47627,CAN,Canada,Alberta,1.554018484,0.0,0.8,0.28,13123.0,13123.0,0.0,16.0,7.0,2.0,2.0,0.0,1.0,0.7,0.2,0.2,-1329.4,0.0,0.0,0.0,0.0,0.0,0.0,0.0,0.0,0.0,0.0,0.0,-1329.4,9.579242921463493,31.08036968,0.0,,33.5,0.237,31.25,0.221,5.0,0.035,0.688,0.005,0.3125,0.221,0.075,0.0525,0.0171999999999999,0.0125,0.6906999999999999,65.953125,0.467438505466293,131.90625,0.934877010932586,0.989296875,0.7011577581994395,4.61671875,3.2720695382640512,9.579242921463493,183816,,,0.0242282777552954,Information
712606,13124.0,2819.514395,CAN,Canada,Alberta,0.6265241,0.0,0.8,0.28,13124.0,,,,,,,,,,,,,,,,,,,,,,,,,7.576666020586971,12.530482,0.0,,7.312,0.259,7.312,0.259,0.875,0.031,0.0,0.0,0.07312,0.259,0.013125,0.0465,0.0,0.0,0.391745,14.625,0.518706342735059,41.34375,1.4663429304241091,0.219375,0.7780595141025886,1.44703125,5.132200256484382,7.576666020586971,8480,,,0.0072182020510369,Information
712608,13126.0,2556.506093,CAN,Canada,Alberta,0.096346218,0.0,0.8,0.28,13126.0,,,,,,,,,,,,,,,,,,,,,,,,,3.394751878089425,1.92692436,0.0,,5.812,0.227,3.062,0.12,0.562,0.022,0.0,0.0,0.0306199999999999,0.12,0.00843,0.033,0.0,0.0,0.19205,6.046875,0.2365288710739476,17.15625,0.6710819132795725,0.090703125,0.3547933066109214,0.60046875,2.348786696478504,3.394751878089425,17641,,,0.0003848290016792,Information
712609,13127.0,5541.662661,CAN,Canada,Alberta,1.41273965,0.0,0.8,0.28,13127.0,13127.0,1.0,13.0,39.0,7.0,2.0,3.0,1.0,3.9,0.7,0.2,16.4,0.0,0.0,0.0,0.0,0.0,0.0,0.0,0.0,0.0,0.0,0.0,16.4,16.4,28.254793,0.0,,19.5,0.352,11.438,0.206,0.188,0.003,0.0,0.0,0.11438,0.206,0.00282,0.0045,0.0,0.0,0.3277,12.234375,0.2207708362788332,50.484375,0.9109968991275992,0.183515625,0.3311562544182498,1.766953125,3.188489146946597,5.470114151364847,7754,,,0.0699934629979129,Information
712700,13128.0,17925.93703,CAN,Canada,Alberta,2.295657394,0.0,0.8,0.28,13128.0,13128.0,0.0,18.0,2.0,-9999.0,-9999.0,0.0,1.0,0.2,-999.9,-999.9,-3997.2,0.0,0.0,0.0,0.0,0.0,0.0,0.0,0.0,0.0,0.0,0.0,-3997.2,8.328051806347924,45.91314788,0.0,,54.188,0.302,32.562,0.182,2.25,0.013,0.438,0.002,0.3256199999999999,0.182,0.03375,0.0195,0.01095,0.005,0.5768199999999999,27.28125,0.1521886970094692,141.046875,0.7868312530953485,0.40921875,0.2282830455142037,4.936640625,2.75390938583372,8.328051806347924,92669,,,0.0306752035889511,Information
712800,13129.0,28621.65465,CAN,Canada,Alberta,0.466737054,0.0,0.8,0.28,13129.0,13129.0,0.0,15.0,-9999.0,-9999.0,-9999.0,0.0,1.0,-999.9,-999.9,-999.9,-5997.4,0.0,0.0,0.0,0.0,0.0,0.0,0.0,0.0,0.0,0.0,0.0,-5997.4,15.065787150936908,9.33474108,0.0,,177.688,0.621,94.938,0.332,23.375,0.082,6.25,0.022,0.94938,0.332,0.350625,0.123,0.15625,0.0549999999999999,1.966255,76.921875,0.2687541162462987,286.03125,0.9993526004478456,1.153828125,0.403131174369448,10.01109375,3.49773410156746,15.065787150936908,189902,,,0.0363469431648827,Information
712900,13130.0,24939.36676,CAN,Canada,Alberta,1.518798282,0.0,0.8,0.28,13130.0,13130.0,0.0,15.0,5.0,3.0,-9999.0,0.0,1.0,0.5,0.3,-999.9,-1996.2,0.0,0.0,0.0,0.0,0.0,0.0,0.0,0.0,0.0,0.0,0.0,-1996.2,9.61121853980642,30.375965640000004,0.0,,120.562,0.483,73.438,0.294,5.188,0.021,2.688,0.011,0.73438,0.294,0.07782,0.0315,0.0672,0.0274999999999999,1.2324000000000002,54.421875,0.2182167475720168,172.6875,0.6924293695566839,0.816328125,0.3273251213580252,6.0440625,2.4235027934483937,9.61121853980642,1592221,,,0.023841719736715,Information
713223,13136.0,6897.249564,CAN,Canada,Manitoba,0.697637146,0.0,0.8,0.28,13136.0,13136.0,0.0,2.0,21.0,7.0,-9999.0,0.0,9.0,2.1,0.7,-999.9,-1976.2,0.0,0.0,0.0,0.0,0.0,0.0,0.0,0.0,0.0,0.0,0.0,-1976.2,93.37332297836916,13.95274292,0.0,3.0,0.188,0.003,0.188,0.003,59.438,0.862,96.562,1.4,0.00188,0.003,0.8915700000000001,1.293,2.41405,3.5,8.1035,636.046875,9.221746568912776,1006.453125,14.592093785918358,9.540703125,13.832619853369165,35.0,35.0,93.37332297836916,2145,48.0,2.24,0.5325609540303069,Warning
713260,13146.0,15485.49696,CAN,Canada,Manitoba,4.004601778,0.0,0.8,0.28,13146.0,,,,,,,,,,,,,,,,,,,,,,,,,96.55113074474708,80.09203556,0.0,3.0,0.0,0.0,0.0,0.0,102.312,0.661,237.125,1.531,0.0,0.0,1.5346799999999998,0.9915,5.928125,3.8275,12.281805,1192.5,7.700753829831375,2073.515625,13.390048964724482,15.0,11.551130744747065,35.0,35.0,96.55113074474708,874,0.0,0.0,0.942826563324092,Warning
713270,13147.0,6751.593484,CAN,Canada,Manitoba,0.123100612,0.0,0.8,0.28,13147.0,13147.0,0.0,1.0,2.0,-9999.0,-9999.0,0.0,10.0,0.2,-999.9,-999.9,-3979.2,0.0,0.0,0.0,0.0,0.0,0.0,0.0,0.0,0.0,0.0,0.0,-3979.2,75.43580846578942,2.46201224,0.0,3.0,0.0,0.0,0.0,0.0,37.875,0.561,64.375,0.953,0.0,0.0,0.568125,0.8415000000000001,1.609375,2.3825,5.4015,411.890625,6.10064314385961,717.328125,10.624575171330788,6.178359375,9.150964715789415,25.106484375,35.0,75.43580846578942,1480,35.0,2.36,0.3986048859180573,Watch
713290,13149.0,18160.88106,CAN,Canada,Manitoba,2.287078857,0.0,0.8,0.28,13149.0,13149.0,0.0,3.0,3.0,2.0,-9999.0,0.0,8.0,0.3,0.2,-999.9,-1982.8,0.0,0.0,0.0,0.0,0.0,0.0,0.0,0.0,0.0,0.0,0.0,-1982.8,100.0,45.74157714,0.0,3.0,0.0,0.0,0.0,0.0,105.688,0.582,186.062,1.025,0.0,0.0,1.58532,0.873,4.65155,2.5625,9.67237,1836.984375,10.115061977441885,3157.734375,17.38756156345843,15.0,15.0,35.0,35.0,100.0,7300,810.0,11.1,0.729536551812243,Warning
713440,13154.0,14877.00467,CAN,Canada,Ontario,1.542648955,0.0,0.8,0.28,13154.0,13154.0,1.0,1.0,100.0,2.0,2.0,3.0,10.0,10.0,0.2,0.2,46.8,0.0,0.0,0.0,0.0,0.0,0.0,0.0,0.0,0.0,0.0,0.0,46.8,98.37907928595097,30.8529791,0.0,3.0,0.25,0.002,0.25,0.002,138.438,0.931,298.5,2.006,0.0025,0.002,2.07657,1.3965,7.4625,5.015,15.95507,1326.9375,8.919386190633977,2318.90625,15.587185066082482,15.0,13.379079285950963,35.0,35.0,98.37907928595097,1040,98.0,9.42,0.6378032808074314,Warning
713460,13156.0,20536.41792,CAN,Canada,Ontario,0.261477812,0.0,0.8,0.28,13156.0,,,,,,,,,,,,,,,,,,,,,,,,,94.73111222786954,5.229556239999999,0.0,3.0,0.0,0.0,0.0,0.0,62.438,0.304,192.125,0.936,0.0,0.0,0.93657,0.4559999999999999,4.803125,2.3400000000000003,8.535695,1332.28125,6.4874081519130335,2269.828125,11.052697380201424,15.0,9.73111222786955,35.0,35.0,94.73111222786954,0,0.0,0.0,0.4998343970231517,Warning
713470,13157.0,14571.58411,CAN,Canada,Ontario,1.513828919,0.0,0.8,0.28,13157.0,13157.0,1.0,1.0,100.0,2.0,-9999.0,3.0,10.0,10.0,0.2,-999.9,-2453.85,0.0,0.0,0.0,0.0,0.0,0.0,0.0,0.0,0.0,0.0,0.0,-2453.85,100.0,30.27657838,0.0,3.0,0.0,0.0,0.0,0.0,96.75,0.664,273.938,1.88,0.0,0.0,1.45125,0.996,6.848450000000001,4.699999999999999,13.9957,1846.546875,12.672245246600596,2787.1875,19.12755317855638,15.0,15.0,35.0,35.0,100.0,6,0.0,0.0,0.6408134243347074,Warning
713490,13159.0,24325.6984,CAN,Canada,Ontario,1.002312625,0.0,0.8,0.28,13159.0,,,,,,,,,,,,,,,,,,,,,,,,,98.1172043228171,20.0462525,0.0,3.0,0.0,0.0,0.0,0.0,105.438,0.433,245.125,1.008,0.0,0.0,1.58157,0.6495,6.128125,2.52,10.879195,2127.234375,8.744802881878066,3956.203125,16.26347190294676,15.0,13.117204322817098,35.0,35.0,98.1172043228171,2432,186.0,7.65,0.5811023714381195,Warning
713521,13161.0,596.989084,CAN,Canada,Ontario,4.033801178,0.0,0.8,0.28,13161.0,,,,,,,,,,,,,,,,,,,,,,,,,41.23715311679312,80.67602356,0.0,3.0,0.0,0.0,0.0,0.0,1.875,0.314,1.75,0.293,0.0,0.0,0.028125,0.471,0.04375,0.7324999999999999,1.275375,27.5625,4.616918590127997,54.5625,9.139614351886037,0.4134375,6.925377885191995,1.9096875,31.988650231601127,41.23715311679312,0,0.0,0.0,0.7757724125042185,Watch
713525,13165.0,8602.247904,CAN,Canada,Ontario,3.040048541,0.0,0.8,0.28,13165.0,13165.0,1.0,1.0,100.0,-9999.0,-9999.0,3.0,10.0,10.0,-999.9,-999.9,-3953.6,0.0,0.0,0.0,0.0,0.0,0.0,0.0,0.0,0.0,0.0,0.0,-3953.6,80.74163647879442,60.80097082,0.0,3.0,0.0,0.0,0.0,0.0,31.312,0.364,88.25,1.026,0.0,0.0,0.46968,0.546,2.20625,2.565,5.78693,411.890625,4.788174319196278,925.171875,10.75500131307351,6.178359375,7.182261478794417,32.381015625,35.0,80.74163647879442,0,0.0,0.0,0.765037904272304,Warning
713526,13166.0,14577.01922,CAN,Canada,Ontario,0.158918224,0.0,0.8,0.28,13166.0,13166.0,1.0,1.0,100.0,2.0,-9999.0,3.0,10.0,10.0,0.2,-999.9,-1953.3,0.0,0.0,0.0,0.0,0.0,0.0,0.0,0.0,0.0,0.0,0.0,-1953.3,100.0,3.17836448,0.0,3.0,1.0,0.007,1.0,0.007,128.125,0.879,306.438,2.102,0.01,0.007,1.921875,1.3185,7.660950000000001,5.255,16.173325,1980.84375,13.58881208687786,3060.984375,20.99869889926667,15.0,15.0,35.0,35.0,100.0,0,0.0,0.0,0.5128834794616606,Warning
713529,13169.0,25770.90338,CAN,Canada,Ontario,0.106754593,0.0,0.8,0.28,13169.0,13169.0,1.0,3.0,100.0,2.0,-9999.0,3.0,8.0,10.0,0.2,-999.9,-1956.2,0.0,0.0,0.0,0.0,0.0,0.0,0.0,0.0,0.0,0.0,0.0,-1956.2,100.0,2.13509186,0.0,3.0,15.938,0.062,15.5,0.06,162.375,0.63,479.812,1.862,0.155,0.06,2.435625,0.945,11.9953,4.655,20.245925,3191.484375,12.384060920937344,5724.0,22.21109564775649,15.0,15.0,35.0,35.0,100.0,0,0.0,0.0,0.5086093624470994,Warning
713531,13170.0,4288.553309,CAN,Canada,Ontario,4.033801192,0.0,0.8,0.28,13170.0,,,,,,,,,,,,,,,,,,,,,,,,,37.00003372978268,80.67602384,0.0,3.0,0.0,0.0,0.0,0.0,3.938,0.092,4.812,0.112,0.0,0.0,0.05907,0.138,0.1203,0.28,0.5973700000000001,113.625,2.649494871934204,268.59375,6.263038620537535,1.704375,3.9742423079013056,9.40078125,21.92063517188137,37.00003372978268,0,0.0,0.0,0.742015706050976,Watch
713536,13175.0,2823.746608,CAN,Canada,Ontario,4.033801178,0.0,0.8,0.28,13175.0,,,,,,,,,,,,,,,,,,,,,,,,,36.68949839064356,80.67602356,0.0,3.0,0.5,0.018,0.5,0.018,3.688,0.131,4.875,0.173,0.005,0.018,0.05532,0.1965,0.121875,0.4325,0.829195,54.28125,1.9223130663687404,207.5625,7.350606440311556,0.81421875,2.8834695995531106,7.2646875,25.727122541090445,36.68949839064356,0,0.0,0.0,0.7392854156173262,Watch
713561,13181.0,9721.455956,CAN,Canada,Ontario,1.356379227,0.0,0.8,0.28,13181.0,,,,,,,,,,,,,,,,,,,,,,,,,47.63878332821109,27.12758454,0.0,,3.812,0.039,3.812,0.039,13.125,0.135,32.5,0.334,0.03812,0.039,0.196875,0.2025,0.8125,0.8350000000000001,2.123995,317.671875,3.2677396929264537,534.796875,5.50120143966326,4.765078125,4.90160953938968,18.717890625,19.254205038821407,47.63878332821109,0,,,0.3353953843976822,Advisory
713565,13185.0,13429.37265,CAN,Canada,Ontario,2.249615506,0.0,0.8,0.28,13185.0,13185.0,0.0,5.0,3.0,-9999.0,-9999.0,0.0,6.0,0.3,-999.9,-999.9,-3987.0,0.0,0.0,0.0,0.0,0.0,0.0,0.0,0.0,0.0,0.0,0.0,-3987.0,97.5374667076322,44.99231012,0.0,3.0,22.438,0.167,22.188,0.165,30.438,0.227,122.75,0.914,0.22188,0.165,0.45657,0.3405,3.06875,2.285,6.5377,1122.46875,8.358311138421458,1776.09375,13.225440951924709,15.0,12.537466707632188,35.0,35.0,97.5374667076322,0,0.0,0.0,0.7165976114167805,Warning
713610,13193.0,148.5250978,CAN,Canada,Ontario,4.033801197,0.0,0.8,0.28,13193.0,,,,,,,,,,,,,,,,,,,,,,,,,51.16578125,80.67602394,0.0,3.0,3.688,2.483,3.688,2.483,1.938,1.304,1.562,1.052,0.03688,2.483,0.02907,1.956,0.03905,2.63,7.174,17.015625,11.456397101854282,26.015625,17.515979040025144,0.255234375,15.0,0.910546875,35.0,51.16578125,1243,0.0,0.0,0.834903292116014,Warning
713662,13199.0,11210.00714,CAN,Canada,Ontario,1.260504454,0.0,0.8,0.28,13199.0,,,,,,,,,,,,,,,,,,,,,,,,,88.9415135739462,25.210089080000003,0.0,3.0,6.75,0.06,6.625,0.059,15.062,0.134,37.688,0.336,0.06625,0.059,0.22593,0.201,0.9422,0.8400000000000001,2.3343800000000003,671.203125,5.987535213417687,1117.546875,9.969189679662763,10.068046875,8.981302820126531,35.0,34.89216387881967,88.9415135739462,289,0.0,0.0,0.568790619203913,Warning
713665,13202.0,4102.261092,CAN,Canada,Ontario,4.033801178,0.0,0.8,0.28,13202.0,,,,,,,,,,,,,,,,,,,,,,,,,38.06478656713392,80.67602356,0.0,3.0,4.5,0.11,3.562,0.087,1.875,0.046,1.375,0.034,0.03562,0.087,0.028125,0.069,0.034375,0.085,0.33912,59.625,1.45346672650048,290.8125,7.089078279252342,0.894375,2.18020008975072,10.1784375,24.8117739773832,38.06478656713392,0,0.0,0.0,0.7510960796162995,Watch
713666,13203.0,8457.521344,CAN,Canada,Ontario,0.045699718,0.0,0.8,0.28,13203.0,,,,,,,,,,,,,,,,,,,,,,,,,27.07753285734568,0.91399436,0.0,,56.875,0.672,53.188,0.629,27.75,0.328,2.5,0.03,0.53188,0.629,0.41625,0.492,0.0625,0.075,2.2066300000000005,207.0,2.447525599684102,265.78125,3.1425430593770063,3.105,3.671288399526153,9.30234375,10.998900707819525,27.07753285734568,453,,,0.0972667646273613,Information
713669,13206.0,13280.51646,CAN,Canada,Ontario,4.010851911,0.0,0.8,0.28,13206.0,,,,,,,,,,,,,,,,,,,,,,,,,61.87234838610961,80.21703821999999,0.0,3.0,13.062,0.098,12.25,0.092,26.688,0.201,14.375,0.108,0.1225,0.092,0.4003199999999999,0.3015,0.359375,0.27,1.5456949999999998,608.0625,4.578605822803216,747.84375,5.631134543401365,9.1209375,6.867908734204825,26.17453125,19.708970901904777,61.87234838610961,3420,0.0,0.0,0.8729094009589117,Warning
713680,13208.0,22415.42968,CAN,Canada,Ontario,1.992677461,0.0,0.8,0.28,13208.0,13208.0,0.0,1.0,15.0,7.0,2.0,0.0,10.0,1.5,0.7,0.2,48.55,0.0,0.0,0.0,0.0,0.0,0.0,0.0,0.0,0.0,0.0,0.0,48.55,94.29179991012612,39.85354922,0.0,3.0,7.375,0.033,6.375,0.028,132.438,0.591,285.75,1.275,0.06375,0.028,1.98657,0.8865,7.14375,3.1875,13.29607,1388.53125,6.194533273417411,3352.640625,14.956842998941108,15.0,9.291799910126116,35.0,35.0,94.29179991012612,22,1.0,4.55,0.6735048087077682,Warning
713693,13211.0,8649.756524,CAN,Canada,Ontario,0.03921358,0.0,0.8,0.28,13211.0,13211.0,1.0,1.0,100.0,2.0,-9999.0,3.0,10.0,10.0,0.2,-999.9,-1953.4,0.0,0.0,0.0,0.0,0.0,0.0,0.0,0.0,0.0,0.0,0.0,-1953.4,97.72932340588116,0.7842716,0.0,3.0,8.875,0.103,8.875,0.103,33.125,0.383,113.25,1.309,0.08875,0.103,0.496875,0.5745,2.83125,3.2725,7.366874999999999,857.390625,9.912309353920776,1281.234375,14.81237502436808,12.860859375,14.868464030881164,35.0,35.0,97.72932340588116,0,0.0,0.0,0.4939782336939066,Warning
713694,13212.0,2494.671274,CAN,Canada,Ontario,3.023646406,0.0,0.8,0.28,13212.0,,,,,,,,,,,,,,,,,,,,,,,,,89.697578125,60.472928120000006,0.0,3.0,0.0,0.0,0.0,0.0,16.312,0.654,67.875,2.721,0.0,0.0,0.24468,0.981,1.696875,6.8025,9.725055,313.171875,12.553632948667568,1094.34375,43.86725262978492,4.697578125,15.0,35.0,35.0,89.697578125,0,0.0,0.0,0.793737413190551,Warning
713695,13213.0,2476.008122,CAN,Canada,Ontario,0.315454006,0.0,0.8,0.28,13213.0,,,,,,,,,,,,,,,,,,,,,,,,,80.4453125,6.30908012,0.0,3.0,0.0,0.0,0.0,0.0,36.562,1.477,95.562,3.86,0.0,0.0,0.54843,2.2155,2.38905,9.65,14.802980000000002,257.484375,10.39917327784281,759.515625,30.675005392478976,3.862265625,15.0,26.583046875,35.0,80.4453125,299,100.0,33.44,0.4394263936259371,Warning
713810,13219.0,13711.30249,CAN,Canada,Ontario,4.033745925,0.0,0.8,0.28,13219.0,,,,,,,,,,,,,,,,,,,,,,,,,52.81400042033616,80.67491849999999,0.0,3.0,72.562,0.529,72.562,0.529,51.5,0.376,13.5,0.098,0.7256199999999999,0.529,0.7725,0.5640000000000001,0.3375,0.245,3.17362,555.1875,4.049122981327829,634.640625,4.62859473524126,8.3278125,6.073684471991744,22.212421875,16.200081573344413,52.81400042033616,2374,27.0,1.14,0.8426412424905865,Warning
713820,13220.0,28844.43998,CAN,Canada,Ontario,2.553089798,0.0,0.8,0.28,13220.0,13220.0,0.0,6.0,2.0,-9999.0,-9999.0,0.0,5.0,0.2,-999.9,-999.9,-2989.1,0.0,0.0,0.0,0.0,0.0,0.0,0.0,0.0,0.0,0.0,0.0,-2989.1,82.74512676767816,51.06179596,0.0,3.0,260.688,0.904,260.688,0.904,150.125,0.52,46.312,0.161,2.60688,0.904,2.251875,0.78,1.1578,0.4025,8.103055000000001,1841.484375,6.384191810121946,1909.40625,6.619668300712927,15.0,9.576287715182918,35.0,23.168839052495244,82.74512676767816,41334,1012.0,2.45,0.7002802674108336,Warning
713840,13222.0,24749.05111,CAN,Canada,Ontario,3.406247898,0.0,0.8,0.28,13222.0,13222.0,0.0,23.0,-9999.0,-9999.0,-9999.0,0.0,1.0,-999.9,-999.9,-999.9,-5997.4,0.0,0.0,0.0,0.0,0.0,0.0,0.0,0.0,0.0,0.0,0.0,-5997.4,49.85988959787379,68.12495796,0.0,3.0,128.438,0.519,123.75,0.5,69.312,0.28,8.438,0.034,1.2375,0.5,1.03968,0.42,0.21095,0.085,3.49313,681.1875,2.752378250652436,722.671875,2.9199983133986103,10.2178125,4.128567375978654,25.293515625,10.219994096895135,49.85988959787379,6216,0.0,0.0,0.6727045308959918,Watch
713860,13224.0,8948.227072,CAN,Canada,Ontario,1.985976486,0.0,0.8,0.28,13224.0,,,,,,,,,,,,,,,,,,,,,,,,,31.509488700619432,39.71952972,0.0,,50.0,0.559,45.875,0.513,34.938,0.39,5.875,0.066,0.45875,0.513,0.52407,0.585,0.146875,0.165,2.392695,280.96875,3.139937640465683,304.734375,3.405527961405973,4.21453125,4.709906460698525,10.665703125,11.919347864920905,31.509488700619432,11260,,,0.2582598663294231,Information
713880,13226.0,11795.31672,CAN,Canada,Ontario,2.168148464,0.0,0.8,0.28,13226.0,,,,,,,,,,,,,,,,,,,,,,,,,56.93356796925568,43.36296928,0.0,,41.312,0.35,41.312,0.35,33.188,0.281,6.75,0.057,0.41312,0.35,0.49782,0.4215,0.16875,0.1425,1.99369,590.34375,5.004899522657418,627.328125,5.31845087436273,8.85515625,7.507349283986127,21.956484375,18.614578060269555,56.93356796925568,33688,,,0.5020833028788518,Advisory
713890,13227.0,13178.1982,CAN,Canada,Ontario,1.359116569,0.0,0.8,0.28,13227.0,,,,,,,,,,,,,,,,,,,,,,,,,39.778942597689685,27.18233138,0.0,,68.062,0.516,67.688,0.514,50.625,0.384,10.062,0.076,0.67688,0.514,0.759375,0.5760000000000001,0.25155,0.19,2.967805,427.921875,3.2471956207498422,462.796875,3.511837261875692,6.418828125,4.870793431124763,16.197890625,12.291430416564925,39.778942597689685,847,,,0.2727154467034794,Advisory
721106,13234.0,29292.64484,CAN,Canada,Québec,0.351238672,0.0,0.8,0.28,13234.0,13234.0,0.0,6.0,-9999.0,-9999.0,-9999.0,0.0,5.0,-999.9,-999.9,-999.9,-5989.4,0.0,0.0,0.0,0.0,0.0,0.0,0.0,0.0,0.0,0.0,0.0,-5989.4,58.00903479601923,7.02477344,0.0,,210.0,0.717,209.188,0.714,61.5,0.21,21.75,0.074,2.09188,0.714,0.9225,0.315,0.54375,0.185,4.77213,802.40625,2.739275522797682,891.703125,3.044119539092202,12.03609375,4.108913284196524,31.209609375,10.654418386822709,58.00903479601923,57672,,,0.3185582235595527,Advisory
721204,13241.0,32050.52103,CAN,Canada,Québec,0.064383452,0.0,0.8,0.28,13241.0,13241.0,0.0,4.0,-9999.0,-9999.0,-9999.0,0.0,7.0,-999.9,-999.9,-999.9,-5985.4,0.0,0.0,0.0,0.0,0.0,0.0,0.0,0.0,0.0,0.0,0.0,-5985.4,10.205375,1.28766904,0.0,,500.25,1.561,469.0,1.463,100.125,0.312,63.5,0.198,4.69,1.463,1.501875,0.4679999999999999,1.5875,0.495,10.205375,0.0,0.0,208.40625,0.6502429393671558,0.0,0.0,7.29421875,2.2758502877850453,9.570069037785045,12431,,,0.0116251861691967,Information
721205,13242.0,3916.251265,CAN,Canada,Québec,1.92009627,0.0,0.8,0.28,13242.0,13242.0,0.0,4.0,-9999.0,-9999.0,-9999.0,0.0,7.0,-999.9,-999.9,-999.9,-5985.4,0.0,0.0,0.0,0.0,0.0,0.0,0.0,0.0,0.0,0.0,0.0,-5985.4,3.540414439857461,38.4019254,0.0,,51.688,1.32,51.688,1.32,14.875,0.38,3.312,0.085,0.51688,1.32,0.223125,0.5700000000000001,0.0828,0.2125,2.925305,0.140625,0.003590806372417,28.40625,0.7253428872282387,0.002109375,0.0053862095586254,0.99421875,2.5387001052988354,3.540414439857461,1560,,,0.0021424637126431,Information
721206,13243.0,3654.15206,CAN,Canada,Québec,0.042966223,0.0,0.8,0.28,13243.0,,,,,,,,,,,,,,,,,,,,,,,,,0.2870499999999999,0.85932446,0.0,,4.562,0.125,4.562,0.125,0.812,0.022,0.75,0.021,0.04562,0.125,0.01218,0.033,0.01875,0.0525,0.2870499999999999,0.0,0.0,1.96875,0.0538770682708317,0.0,0.0,0.06890625,0.1885697389479109,0.2574759889479109,2225,,,2.5383449753590056e-09,Information
721207,13244.0,6091.67366,CAN,Canada,Québec,0.402238837,0.0,0.8,0.28,13244.0,,,,,,,,,,,,,,,,,,,,,,,,,3.3233049999999995,8.04477674,0.0,,93.875,1.541,81.25,1.334,14.062,0.231,9.375,0.154,0.8125,1.334,0.21093,0.3465,0.234375,0.385,3.3233049999999995,0.0,0.0,12.9375,0.2123800571348275,0.0,0.0,0.4528125,0.7433301999718962,1.1961426999718965,1237,,,0.0004495361955821,Information
721208,13245.0,2262.558872,CAN,Canada,Québec,4.022456155,0.0,0.8,0.28,13245.0,,,,,,,,,,,,,,,,,,,,,,,,,3.44874,80.44912310000001,0.0,,35.312,1.561,34.312,1.517,6.938,0.307,7.562,0.334,0.34312,1.517,0.10407,0.4605,0.18905,0.8350000000000001,3.44874,,,,,,,,,,5566,,,0.0413694113653737,Information
721209,13246.0,9176.451556,CAN,Canada,Québec,0.220026823,0.0,0.8,0.28,13246.0,,,,,,,,,,,,,,,,,,,,,,,,,1.9645243603292435,4.4005364600000005,0.0,,42.625,0.465,33.625,0.366,3.312,0.036,0.25,0.003,0.33625,0.366,0.04968,0.0539999999999999,0.00625,0.0075,0.81968,0.0,0.0,26.859375,0.2926989243797838,0.0,0.0,0.940078125,1.0244462353292432,1.9645243603292435,9,,,5.118241660872528e-05,Information
721408,13255.0,2442.661328,CAN,Canada,Québec,4.003988136,0.0,0.8,0.28,13255.0,,,,,,,,,,,,,,,,,,,,,,,,,29.555736281139733,80.07976272,0.0,3.0,49.938,2.044,43.562,1.783,2.125,0.087,0.938,0.038,0.4356199999999999,1.783,0.031875,0.1305,0.02345,0.095,2.499445,0.28125,0.0115140808439843,165.65625,6.781793617106787,0.00421875,0.0172711212659764,5.79796875,23.73627765987376,29.555736281139733,1334,0.0,0.0,0.6534094202561697,Watch
721500,13257.0,13112.86725,CAN,Canada,Québec,3.281978611,0.0,0.8,0.28,13257.0,,,,,,,,,,,,,,,,,,,,,,,,,25.41256331553597,65.63957222,0.0,,83.5,0.637,81.75,0.623,37.875,0.289,12.0,0.092,0.8175,0.623,0.568125,0.4335,0.3,0.2299999999999999,2.972125,259.3125,1.9775423254180264,300.796875,2.293906200688264,3.8896875,2.96631348812704,10.527890625,8.028671702408925,25.41256331553597,1669,,,0.3814549166213153,Advisory
721602,13259.0,2124.419373,CAN,Canada,Québec,1.680218718,0.0,0.8,0.28,13259.0,,,,,,,,,,,,,,,,,,,,,,,,,24.149348555069945,33.60437436,0.0,,28.5,1.342,28.312,1.333,12.625,0.594,4.75,0.224,0.28312,1.333,0.189375,0.891,0.11875,0.56,3.375245,61.59375,2.899321611705097,94.5,4.448274253574943,0.92390625,4.348982417557645,3.3075,15.5689598875123,24.149348555069945,0,,,0.1559187850684663,Information
721603,13260.0,1850.255894,CAN,Canada,Québec,0.185172983,0.0,0.8,0.28,13260.0,13260.0,1.0,1.0,100.0,-9999.0,-9999.0,3.0,10.0,10.0,-999.9,-999.9,-3953.6,0.0,0.0,0.0,0.0,0.0,0.0,0.0,0.0,0.0,0.0,0.0,-3953.6,23.80881511047637,3.70345966,0.0,,23.25,1.257,22.188,1.199,9.375,0.507,2.5,0.135,0.22188,1.199,0.140625,0.7605,0.0625,0.3375,2.722005,66.375,3.5873416331170214,77.765625,4.202965938800239,0.995625,5.3810124496755325,2.721796875,14.710380785800837,23.80881511047637,3,,,0.081150191437732,Information
721604,13261.0,11665.8311,CAN,Canada,Québec,1.486917157,0.0,0.8,0.28,13261.0,,,,,,,,,,,,,,,,,,,,,,,,,72.32170990970425,29.73834314,0.0,3.0,419.125,3.593,384.812,3.299,264.438,2.267,174.938,1.5,3.84812,3.299,3.96657,3.4005,4.37345,3.75,22.63764,417.65625,3.5801671257632,933.609375,8.002939241731275,6.26484375,5.3702506886448,32.676328125,28.01028734605946,72.32170990970425,0,0.0,0.0,0.5115270819041322,Watch
721700,13267.0,16139.90864,CAN,Canada,Québec,3.642362663,0.0,0.8,0.28,13267.0,,,,,,,,,,,,,,,,,,,,,,,,,60.64171241110103,72.84725326,0.0,3.0,320.25,1.984,317.625,1.968,175.812,1.089,58.438,0.362,3.17625,1.968,2.6371800000000003,1.6335,1.46095,0.905,11.78088,480.515625,2.977189250966431,863.859375,5.35231886704325,7.207734375,4.465783876449646,30.235078125,18.73311603465137,60.64171241110103,4012,44.0,1.1,0.7891584794538042,Watch
721801,13268.0,3773.939729,CAN,Canada,Québec,4.000208924,0.0,0.8,0.28,13268.0,,,,,,,,,,,,,,,,,,,,,,,,,57.23629575431487,80.00417848,0.0,3.0,196.938,5.218,173.125,4.587,177.562,4.705,82.75,2.193,1.73125,4.587,2.66343,7.0575,2.06875,5.4825,23.590430000000005,149.765625,3.968415919543244,401.0625,10.627156997687637,2.246484375,5.952623879314866,14.0371875,35.0,57.23629575431487,1626,0.0,0.0,0.8535233423124635,Warning
721805,13272.0,8452.825158,CAN,Canada,Québec,4.02360686,0.0,0.8,0.28,13272.0,,,,,,,,,,,,,,,,,,,,,,,,,44.97549615908538,80.4721372,0.0,3.0,430.25,5.09,401.0,4.744,405.188,4.794,190.375,2.252,4.01,4.744,6.077819999999999,7.190999999999999,4.759375,5.629999999999999,32.412195,195.1875,2.309139208990172,504.984375,5.974149063028607,2.9278125,3.463708813485258,17.674453125,20.909521720600125,44.97549615908538,0,0.0,0.0,0.7979371239676294,Watch
721806,13273.0,18271.36809,CAN,Canada,Québec,2.171907011,0.0,0.8,0.28,13273.0,13273.0,0.0,7.0,-9999.0,-9999.0,-9999.0,0.0,4.0,-999.9,-999.9,-999.9,-5985.4,0.0,0.0,0.0,0.0,0.0,0.0,0.0,0.0,0.0,0.0,0.0,-5985.4,28.775147245899444,43.43814022,0.0,,597.688,3.271,549.0,3.005,57.25,0.313,53.438,0.292,5.49,3.005,0.85875,0.4695,1.33595,0.73,11.889200000000002,0.140625,0.0007696468010812,531.28125,2.907725614485092,0.002109375,0.0011544702016217,18.59484375,10.177039650697822,28.775147245899444,0,,,0.2495765687173138,Information
721807,13274.0,2550.008232,CAN,Canada,Québec,4.027129839,0.0,0.8,0.28,13274.0,13274.0,0.0,22.0,5.0,-9999.0,-9999.0,0.0,1.0,0.5,-999.9,-999.9,-3996.6,0.0,0.0,0.0,0.0,0.0,0.0,0.0,0.0,0.0,0.0,0.0,-3996.6,13.274359237624887,80.54259678,0.0,,55.375,2.172,52.875,2.074,8.5,0.333,1.75,0.069,0.52875,2.074,0.1275,0.4995,0.04375,0.1725,3.446,0.0,0.0,77.0625,3.0220490678928247,0.0,0.0,2.6971875,10.577171737624887,13.274359237624887,0,,,0.3510848191494081,Advisory
721808,13275.0,9971.289826,CAN,Canada,Québec,2.450018196,0.0,0.8,0.28,13275.0,,,,,,,,,,,,,,,,,,,,,,,,,39.00779527842036,49.00036392,0.0,,542.938,5.445,483.25,4.846,65.188,0.654,17.438,0.175,4.8325,4.846,0.97782,0.981,0.43595,0.4375,12.51077,0.0,0.0,556.453125,5.580553115262961,0.0,0.0,19.475859375,19.531935903420365,39.00779527842036,0,,,0.3943277250721794,Advisory
721809,13276.0,24616.29213,CAN,Canada,Québec,4.027807339,0.0,0.8,0.28,13276.0,,,,,,,,,,,,,,,,,,,,,,,,,63.46586734634768,80.55614677999999,0.0,3.0,1746.812,7.096,1660.688,6.746,93.0,0.378,42.375,0.172,10.0,6.746,1.395,0.567,1.059375,0.4299999999999999,20.197375,0.5625,0.0022850720048457,2001.234375,8.129714925240117,0.0084375,0.0034276080072685,35.0,28.45400223834041,63.46586734634768,0,0.0,0.0,0.8815897289078015,Warning
721974,13294.0,10520.62358,CAN,Canada,Québec,4.029488482,0.0,0.8,0.28,13294.0,,,,,,,,,,,,,,,,,,,,,,,,,86.82775476944852,80.58976963999999,0.0,3.0,43.438,0.413,41.375,0.393,324.125,3.081,554.812,5.274,0.41375,0.393,4.861875,4.6215,13.8703,13.185,37.345425,575.15625,5.466940679632342,1725.1875,16.398148718271287,8.62734375,8.200411019448513,35.0,35.0,86.82775476944852,775,38.0,4.9,0.9329497493316204,Warning
721975,13295.0,4534.259164,CAN,Canada,Québec,3.677329085,0.0,0.8,0.28,13295.0,,,,,,,,,,,,,,,,,,,,,,,,,65.96777557790432,73.5465817,0.0,3.0,9.875,0.218,9.625,0.212,69.188,1.526,115.25,2.542,0.09625,0.212,1.0378200000000002,2.289,2.88125,6.355,12.87132,198.984375,4.388464968602879,611.4375,13.48483793885888,2.984765625,6.582697452904318,21.4003125,35.0,65.96777557790432,1026,109.0,10.62,0.819584030764395,Warning
721980,13299.0,28217.26683,CAN,Canada,Québec,4.02482127,0.0,0.8,0.28,13299.0,13299.0,1.0,6.0,94.0,-9999.0,-9999.0,3.0,5.0,9.4,-999.9,-999.9,-2526.2571428571428,0.0,0.0,0.0,0.0,0.0,0.0,0.0,0.0,0.0,0.0,0.0,-2526.2571428571428,65.45792588369892,80.4964254,0.0,3.0,0.0,0.0,0.0,0.0,10.375,0.037,41.438,0.147,0.0,0.0,0.155625,0.0554999999999999,1.03595,0.3675,1.614575,386.15625,1.3685104669172856,1823.0625,6.460804695235138,5.79234375,2.0527657003759283,35.0,22.612816433322983,65.45792588369892,1909,75.0,3.93,0.8870158499633618,Warning
722100,13310.0,21822.58763,CAN,Canada,Québec,3.429662935,0.0,0.8,0.28,13310.0,13310.0,2.0,4.0,100.0,86.0,17.0,7.0,7.0,10.0,8.6,1.7,65.46666666666668,0.0,0.0,0.0,0.0,0.0,0.0,0.0,0.0,0.0,0.0,0.0,65.46666666666668,65.46666666666668,68.5932587,0.0,,,,,,,,,,,,,,,,,93.09375,0.426593544166116,13.5,0.061862507915328,1.39640625,0.639890316249174,0.4725,0.216518777703648,2.725315343952822,1404,,,0.7686836194885938,Watch
722500,13330.0,11046.4106,CAN,Canada,Québec,0.076297364,0.0,0.8,0.28,13330.0,,,,,,,,,,,,,,,,,,,,,,,,,23.609885490712053,1.52594728,0.0,,106.938,0.968,85.375,0.773,111.438,1.009,30.875,0.28,0.85375,0.773,1.67157,1.5134999999999998,0.771875,0.7000000000000001,6.283695,147.234375,1.33287074259822,290.953125,2.6339155362327773,2.208515625,1.99930611389733,10.183359375,9.21870437681472,23.609885490712053,838,,,0.0766275690338651,Information
722670,13345.0,3677.055532,CAN,Canada,Québec,2.357352198,0.0,0.8,0.28,13345.0,,,,,,,,,,,,,,,,,,,,,,,,,24.87954639630233,47.147043960000005,0.0,,31.688,0.862,27.438,0.746,1.5,0.041,0.688,0.019,0.27438,0.746,0.0225,0.0615,0.0171999999999999,0.0475,1.16908,0.0,0.0,191.109375,5.1973480775149525,0.0,0.0,6.688828125,18.19071827130233,24.87954639630233,0,,,0.2255844847796291,Information
722690,13347.0,29693.46095,CAN,Canada,Québec,1.526283924,0.0,0.8,0.28,13347.0,,,,,,,,,,,,,,,,,,,,,,,,,67.19996812599284,30.52567848,0.0,3.0,4540.188,15.29,4513.938,15.202,76.25,0.257,68.188,0.23,10.0,10.0,1.14375,0.3855,1.7047,0.5750000000000001,23.80895,86.0625,0.289836540639505,2585.390625,8.706935947152452,1.2909375,0.4347548109592575,35.0,30.474275815033582,67.19996812599284,0,0.0,0.0,0.4867238823578569,Watch
723040,13367.0,11283.28555,CAN,Canada,New foundland and Labrador,2.392253831,0.0,0.8,0.28,13367.0,13367.0,0.0,8.0,2.0,-9999.0,-9999.0,0.0,3.0,0.2,-999.9,-999.9,-3993.2,0.0,0.0,0.0,0.0,0.0,0.0,0.0,0.0,0.0,0.0,0.0,-3993.2,1.0026686310705617,47.84507662,0.0,,,,,,,,,,,,,,,,,0.0,0.0,15.1875,0.1346017517344462,0.0,0.0,0.5315625,0.4711061310705616,1.0026686310705617,18843,,,3.882275305224795e-05,Information
723050,13368.0,2752.763118,CAN,Canada,New foundland and Labrador,1.811572372,0.0,0.8,0.28,13368.0,,,,,,,,,,,,,,,,,,,,,,,,,13.931800340434211,36.23144744,0.0,,2.438,0.089,1.688,0.061,0.875,0.032,3.188,0.116,0.01688,0.061,0.013125,0.048,0.0797,0.29,0.508705,0.0,0.0,85.921875,3.1212956329812034,0.0,0.0,3.007265625,10.924534715434213,13.931800340434211,12557,,,0.0641191109554839,Information
723060,13369.0,5205.822706,CAN,Canada,New foundland and Labrador,1.030036514,0.0,0.8,0.28,13369.0,,,,,,,,,,,,,,,,,,,,,,,,,0.26432,20.60073028,0.0,,7.375,0.142,7.375,0.142,0.688,0.013,0.25,0.005,0.07375,0.142,0.01032,0.0195,0.00625,0.0125,0.26432,,,,,,,,,,13248,,,5.8142877634385275e-09,Information
723071,13370.0,4217.706858,CAN,Canada,New foundland and Labrador,0.243486554,0.161998956,0.8,0.28,13370.0,,,,,,,,,,,,,,,,,,,,,,,,,21.668403818355287,4.86973108,3.23997912,,13.125,0.311,11.375,0.27,1.188,0.028,3.188,0.076,0.11375,0.27,0.01782,0.042,0.0797,0.19,0.7132700000000001,0.0,0.0,183.65625,4.354410019530082,0.0,0.0,6.42796875,15.240435068355287,21.668403818355287,10847,,,0.069517781849425,Information
723072,13371.0,1134.078315,CAN,Canada,New foundland and Labrador,0.327977795,0.0,0.8,0.28,13371.0,,,,,,,,,,,,,,,,,,,,,,,,,0.23043,6.5595559,0.0,,2.25,0.198,2.25,0.198,0.062,0.006,0.0,0.0,0.0225,0.198,0.0009299999999999,0.009,0.0,0.0,0.23043,,,,,,,,,,387,,,9.558790404293341e-10,Information
723077,13375.0,717.9293546,CAN,Canada,New foundland and Labrador,3.217520147,0.0,0.8,0.28,13375.0,,,,,,,,,,,,,,,,,,,,,,,,,2.7187012252294225,64.35040294000001,0.0,,13.312,1.854,10.062,1.402,0.062,0.009,0.0,0.0,0.1006199999999999,1.402,0.0009299999999999,0.0134999999999999,0.0,0.0,1.51705,0.0,0.0,5.203125,0.7247405286369778,0.0,0.0,0.182109375,2.5365918502294225,2.7187012252294225,0,,,0.0050325668258815,Information
723079,13376.0,3100.065558,CAN,Canada,New foundland and Labrador,3.169854396,0.0,0.8,0.28,13376.0,,,,,,,,,,,,,,,,,,,,,,,,,9.712925358971312,63.39708792,0.0,,54.0,1.742,42.688,1.377,3.062,0.099,0.0,0.0,0.42688,1.377,0.04593,0.1485,0.0,0.0,1.99831,0.0,0.0,65.671875,2.118402781134661,0.0,0.0,2.298515625,7.414409733971314,9.712925358971312,4953,,,0.0923088860856874,Information
723150,13390.0,7360.656669,CAN,Canada,New foundland and Labrador,0.515773444,0.0,0.8,0.28,13390.0,,,,,,,,,,,,,,,,,,,,,,,,,66.24903761795605,10.31546888,0.0,3.0,189.438,2.574,182.375,2.478,21.812,0.296,40.312,0.548,1.82375,2.478,0.32718,0.4439999999999999,1.0078,1.37,7.450730000000001,0.140625,0.0019104953040281,892.6875,12.127824189970518,0.002109375,0.0028657429560421,31.2440625,35.0,66.24903761795605,0,0.0,0.0,0.3809916610010561,Watch
723190,13393.0,21780.06019,CAN,Canada,New foundland and Labrador,2.587217727,0.0,0.8,0.28,13393.0,,,,,,,,,,,,,,,,,,,,,,,,,73.90580949085273,51.74435454,0.0,3.0,25.75,0.118,24.75,0.114,2.75,0.013,56.562,0.26,0.2475,0.114,0.04125,0.0195,1.41405,0.65,2.4863,178.453125,0.819341743901825,2478.234375,11.37845512433559,2.676796875,1.2290126158527377,35.0,35.0,73.90580949085273,196,166.0,84.69,0.665047579737519,Watch
723200,13394.0,14691.2774,CAN,Canada,New foundland and Labrador,3.198858388,0.0,0.8,0.28,13394.0,,,,,,,,,,,,,,,,,,,,,,,,,77.2676106902322,63.97716776,0.0,3.0,228.938,1.558,211.25,1.438,131.812,0.897,177.062,1.205,2.1125,1.438,1.97718,1.3455,4.426550000000001,3.0125,14.31223,288.28125,1.962261293488134,1524.09375,10.374140438450924,4.32421875,2.943391940232201,35.0,35.0,77.2676106902322,774,0.0,0.0,0.7773046478792438,Watch
723401,13396.0,12966.71463,CAN,Canada,New foundland and Labrador,0.251096665,0.0,0.8,0.28,13396.0,13396.0,0.0,1.0,-9999.0,-9999.0,-9999.0,0.0,10.0,-999.9,-999.9,-999.9,-5979.4,0.0,0.0,0.0,0.0,0.0,0.0,0.0,0.0,0.0,0.0,0.0,-5979.4,36.99273123550379,5.0219333,0.0,,11.688,0.09,10.938,0.084,3.75,0.029,4.625,0.036,0.10938,0.084,0.05625,0.0435,0.115625,0.09,0.4987549999999999,106.453125,0.8209722205949618,551.109375,4.250185115603243,1.596796875,1.2314583308924427,19.288828125,14.875647904611348,36.99273123550379,4907,,,0.1728597488774467,Advisory
723404,13399.0,24663.19113,CAN,Canada,New foundland and Labrador,0.45345083,0.0,0.8,0.28,13399.0,,,,,,,,,,,,,,,,,,,,,,,,,69.02511937434697,9.0690166,0.0,3.0,1600.188,6.488,1571.438,6.372,200.938,0.815,265.312,1.076,10.0,6.372,3.01407,1.2225,6.6328,2.6900000000000004,29.93137,250.734375,1.016633953522847,2025.140625,8.211186519732202,3.761015625,1.5249509302842703,35.0,28.739152819062703,69.02511937434697,309,0.0,0.0,0.3914160145745806,Watch
723405,13400.0,1996.687553,CAN,Canada,New foundland and Labrador,0.671626871,0.0,0.8,0.28,13400.0,13400.0,0.0,5.0,-9999.0,-9999.0,-9999.0,0.0,6.0,-999.9,-999.9,-999.9,-5987.4,0.0,0.0,0.0,0.0,0.0,0.0,0.0,0.0,0.0,0.0,0.0,-5987.4,51.67956679114111,13.43253742,0.0,,237.438,11.892,236.5,11.845,60.375,3.024,79.188,3.966,2.365,10.0,0.905625,4.536,1.9797,9.915,29.701325000000004,90.703125,4.54267994409407,243.0,12.170156501386902,1.360546875,6.814019916141105,8.505,35.0,51.67956679114111,9,,,0.3029755561541829,Advisory
723409,13404.0,3614.670244,CAN,Canada,New foundland and Labrador,1.740363012,0.0,0.8,0.28,13404.0,,,,,,,,,,,,,,,,,,,,,,,,,58.908778534079545,34.80726024,0.0,,331.938,9.183,331.062,9.159,84.25,2.331,64.812,1.793,3.31062,9.159,1.26375,3.4965,1.6203,4.4825,23.33267,87.609375,2.423716939386364,541.6875,14.985806822658542,1.314140625,3.635575409079546,18.9590625,35.0,58.908778534079545,9314,,,0.4596331425018551,Advisory
723507,13411.0,4311.417883,CAN,Canada,Québec,2.2040033,0.0,0.8,0.28,13411.0,,,,,,,,,,,,,,,,,,,,,,,,,21.925304818068565,44.080066,0.0,,8.75,0.203,8.75,0.203,0.062,0.001,0.125,0.003,0.0875,0.203,0.0009299999999999,0.0015,0.003125,0.0075,0.3035549999999999,0.0,0.0,188.71875,4.377185305162447,0.0,0.0,6.60515625,15.320148568068564,21.925304818068565,915,,,0.1745646560648295,Information
723509,13413.0,7628.335061,CAN,Canada,Québec,2.00134151,0.0,0.8,0.28,13413.0,,,,,,,,,,,,,,,,,,,,,,,,,51.48996663790192,40.0268302,0.0,,3.938,0.052,3.75,0.049,0.0,0.0,5.0,0.066,0.0375,0.049,0.0,0.0,0.125,0.165,0.3765,0.0,0.0,636.609375,8.345325289400549,0.0,0.0,22.281328125,29.20863851290192,51.48996663790192,1297,,,0.439392223333661,Advisory
723700,13415.0,16352.45961,CAN,Canada,Québec,0.156906114,3.074224341,0.8,0.28,13415.0,,,,,,,,,,,,,,,,,,,,,,,,,56.950969602732656,3.13812228,61.48448682,3.0,375.812,2.298,349.125,2.135,11.25,0.069,15.688,0.096,3.49125,2.135,0.16875,0.1035,0.3922,0.24,6.5307,0.0,0.0,1025.578125,6.271705600780758,0.0,0.0,35.0,21.950969602732656,56.950969602732656,615,26.0,4.23,0.6521492845417994,Watch
723901,13418.0,589.4670128,CAN,Canada,Québec,1.065818246,0.0,0.8,0.28,13418.0,,,,,,,,,,,,,,,,,,,,,,,,,22.0163095188448,21.31636492,0.0,,34.688,5.885,33.625,5.704,1.125,0.191,0.938,0.159,0.33625,5.704,0.016875,0.2865,0.02345,0.3975,6.764575,0.0,0.0,35.015625,5.94021789824137,0.0,0.0,1.225546875,20.7907626438448,22.0163095188448,311,,,0.1013934453436864,Information
723903,13420.0,6969.980837,CAN,Canada,Québec,3.352118946,0.0,0.8,0.28,13420.0,,,,,,,,,,,,,,,,,,,,,,,,,60.36734375,67.04237892,0.0,3.0,469.438,6.735,414.5,5.947,5.0,0.072,19.125,0.274,4.145,5.947,0.075,0.1079999999999999,0.478125,0.685,11.438125,0.0,0.0,724.78125,10.398611803495804,0.0,0.0,25.36734375,35.0,60.36734375,1061,374.0,35.25,0.7274855009791978,Watch
723905,13422.0,2473.168413,CAN,Canada,Québec,2.444877972,0.0,0.8,0.28,13422.0,,,,,,,,,,,,,,,,,,,,,,,,,20.727176727961336,48.89755944,0.0,,99.562,4.026,83.125,3.361,1.562,0.063,2.188,0.088,0.83125,3.361,0.02343,0.0945,0.0547,0.2199999999999999,4.584880000000001,0.0,0.0,117.421875,4.747831743703239,0.0,0.0,4.109765625,16.617411102961338,20.727176727961336,754,,,0.1834257864871437,Information
723907,13424.0,79.64584403,CAN,Canada,Québec,0.0,4.001222408,0.8,0.28,13424.0,,,,,,,,,,,,,,,,,,,,,,,,,8.305629999999999,0.0,80.02444816,,5.938,7.455,5.938,7.455,0.0,0.0,0.25,0.314,0.0593799999999999,7.455,0.0,0.0,0.00625,0.785,8.305629999999999,0.0,0.0,0.984375,1.2359401949966673,0.0,0.0,0.034453125,4.325790682488336,4.360243807488335,101,,,0.1900870595481276,Information
724010,13427.0,8186.442271,CAN,Canada,Québec,3.17903469,2.194814357,0.8,0.28,13427.0,,,,,,,,,,,,,,,,,,,,,,,,,51.37934572646455,63.5806938,43.89628714,3.0,199.438,2.436,185.938,2.271,1.188,0.015,1.938,0.024,1.85938,2.271,0.01782,0.0225,0.04845,0.06,4.27915,1.96875,0.0240489083647282,659.953125,8.061537639690702,0.02953125,0.0360733625470923,23.098359375,28.215381738917458,51.37934572646455,332,4.0,1.2,0.6346284585861519,Watch
724020,13428.0,19134.18474,CAN,Canada,Québec,0.122931133,0.0,0.8,0.28,13428.0,13428.0,0.0,1.0,-9999.0,-9999.0,-9999.0,0.0,10.0,-999.9,-999.9,-999.9,-5979.4,0.0,0.0,0.0,0.0,0.0,0.0,0.0,0.0,0.0,0.0,0.0,-5979.4,51.98062728313699,2.45862266,0.0,,446.125,2.332,436.438,2.281,54.125,0.283,39.375,0.206,4.36438,2.281,0.811875,0.4245,0.984375,0.515,9.38113,59.765625,0.3123499945300277,949.78125,4.963792618954841,0.896484375,0.4685249917950416,33.24234375,17.373274166341943,51.98062728313699,1744,,,0.2645417848554775,Advisory
724030,13429.0,18963.42949,CAN,Canada,Québec,3.422920267,2.005888736,0.8,0.28,13429.0,,,,,,,,,,,,,,,,,,,,,,,,,52.19497809534032,68.45840534,40.11777472,3.0,470.062,2.479,427.625,2.255,2.562,0.014,3.5,0.018,4.27625,2.255,0.03843,0.021,0.0875,0.045,6.72318,17.15625,0.0904701863622211,969.046875,5.110082411656281,0.25734375,0.1357052795433316,33.916640625,17.885288440796984,52.19497809534032,56504,1123.0,1.99,0.6927565670775613,Watch
724041,13430.0,425.1581242,CAN,Canada,Québec,1.304136099,0.0,0.8,0.28,13430.0,13430.0,0.0,7.0,-9999.0,-9999.0,-9999.0,0.0,4.0,-999.9,-999.9,-999.9,-5991.4,0.0,0.0,0.0,0.0,0.0,0.0,0.0,0.0,0.0,0.0,0.0,-5991.4,14.482515248453868,26.08272198,0.0,,21.938,5.16,16.188,3.807,0.0,0.0,0.0,0.0,0.16188,3.807,0.0,0.0,0.0,0.0,3.96888,0.0,0.0,16.875,3.969111499558248,0.0,0.0,0.590625,13.891890248453867,14.482515248453868,136,,,0.0515502701593184,Information
724045,13434.0,2031.661553,CAN,Canada,Québec,1.279348569,0.0,0.8,0.28,13434.0,13434.0,1.0,29.0,100.0,-9999.0,-9999.0,3.0,1.0,10.0,-999.9,-999.9,-3971.6,0.0,0.0,0.0,0.0,0.0,0.0,0.0,0.0,0.0,0.0,0.0,-3971.6,24.3550152516282,25.58697138,0.0,,36.438,1.793,32.875,1.618,0.312,0.015,0.5,0.025,0.32875,1.618,0.00468,0.0225,0.0125,0.0625,2.0489300000000004,2.8125,0.1384334903513639,116.296875,5.724224826028901,0.0421875,0.2076502355270458,4.070390625,20.034786891101152,24.3550152516282,6,,,0.1320199857732916,Information
724050,13439.0,19891.18163,CAN,Canada,Québec,3.105966639,1.131897708,0.8,0.28,13439.0,13439.0,1.0,5.0,58.0,-9999.0,-9999.0,3.0,6.0,5.8,-999.9,-999.9,-5321.6,0.0,0.0,0.0,0.0,0.0,0.0,0.0,0.0,0.0,0.0,0.0,-5321.6,51.84472150042518,62.11933278,22.63795416,3.0,834.625,4.196,716.562,3.602,59.5,0.299,47.625,0.239,7.1656200000000005,3.602,0.8925,0.4485,1.190625,0.5974999999999999,13.896745,190.828125,0.9593604267308768,903.9375,4.544413281522532,2.862421875,1.4390406400963154,31.6378125,15.905446485328865,51.84472150042518,7782,208.0,2.67,0.6231681777812799,Watch
724060,13440.0,19017.08272,CAN,Canada,Québec,1.256519593,0.0,0.8,0.28,13440.0,,,,,,,,,,,,,,,,,,,,,,,,,48.079074799065005,25.13039186,0.0,,694.75,3.653,584.438,3.073,6.875,0.036,5.188,0.027,5.84438,3.073,0.103125,0.0539999999999999,0.1296999999999999,0.0675,9.271705,69.890625,0.367514965474419,870.328125,4.576559600243821,1.048359375,0.5512724482116285,30.461484375,16.017958600853376,48.079074799065005,6,,,0.3289186737510359,Advisory
724070,13441.0,7694.954643,CAN,Canada,Québec,2.754470787,0.503993483,0.8,0.28,13441.0,,,,,,,,,,,,,,,,,,,,,,,,,26.752781915115506,55.08941573999999,10.07986966,,162.938,2.117,117.375,1.525,2.062,0.027,0.812,0.011,1.17375,1.525,0.03093,0.0405,0.0203,0.0274999999999999,2.8179800000000004,14.34375,0.1864046074993088,326.25,4.239791072533298,0.21515625,0.2796069112489632,11.41875,14.839268753866545,26.752781915115506,9731,,,0.3022169137675579,Information
724082,13442.0,3564.190025,CAN,Canada,Québec,1.2555198,0.0,0.8,0.28,13442.0,,,,,,,,,,,,,,,,,,,,,,,,,5.523002599655312,25.110396,0.0,,2.875,0.081,2.875,0.081,0.0,0.0,0.0,0.0,0.02875,0.081,0.0,0.0,0.0,0.0,0.10975,0.28125,0.0078909934101847,41.34375,1.1599760312971528,0.00421875,0.011836490115277,1.44703125,4.059916109540035,5.523002599655312,31006,,,0.0045657221499341,Information
724083,13443.0,8738.842702,CAN,Canada,Québec,2.530449974,0.0,0.8,0.28,13443.0,13443.0,0.0,1.0,-9999.0,-9999.0,-9999.0,0.0,10.0,-999.9,-999.9,-999.9,-5979.4,0.0,0.0,0.0,0.0,0.0,0.0,0.0,0.0,0.0,0.0,0.0,-5979.4,20.940756227612017,50.60899948,0.0,,60.062,0.687,52.875,0.605,0.875,0.01,0.75,0.009,0.52875,0.605,0.013125,0.015,0.01875,0.0225,1.203125,55.828125,0.6388503249675241,255.09375,2.919079318617352,0.837421875,0.9582754874512862,8.92828125,10.216777615160732,20.940756227612017,134772,,,0.1954266537638854,Information
724084,13444.0,16833.84957,CAN,Canada,Québec,1.36396982,0.0,0.8,0.28,13444.0,,,,,,,,,,,,,,,,,,,,,,,,,44.89741541439263,27.279396400000003,0.0,,30.438,0.181,26.562,0.158,0.312,0.002,0.0,0.0,0.26562,0.158,0.00468,0.003,0.0,0.0,0.4313,8.71875,0.0517929661087594,801.0,4.758269918636997,0.13078125,0.0776894491631391,28.035,16.65394471522949,44.89741541439263,21607,,,0.3148161269501895,Advisory
724086,13446.0,22041.67903,CAN,Canada,Québec,2.248452509,0.0,0.8,0.28,13446.0,,,,,,,,,,,,,,,,,,,,,,,,,44.7546746425317,44.96905018,0.0,,432.688,1.963,306.125,1.389,6.625,0.03,4.312,0.02,3.06125,1.389,0.099375,0.045,0.1078,0.05,4.752425,142.453125,0.646289807547372,818.578125,3.713773908917328,2.136796875,0.969434711321058,28.650234375,12.998208681210649,44.7546746425317,22275,,,0.4181221371158343,Advisory
724087,13447.0,4660.349524,CAN,Canada,Québec,0.605555527,0.0,0.8,0.28,13447.0,13447.0,0.0,1.0,-9999.0,-9999.0,-9999.0,0.0,10.0,-999.9,-999.9,-999.9,-5979.4,0.0,0.0,0.0,0.0,0.0,0.0,0.0,0.0,0.0,0.0,0.0,-5979.4,16.938452736536885,12.11111054,0.0,,11.0,0.236,9.0,0.193,0.312,0.007,0.0,0.0,0.09,0.193,0.00468,0.0105,0.0,0.0,0.29818,13.78125,0.2957127985585308,147.9375,3.17438636819974,0.20671875,0.4435691978377961,5.1778125,11.110352288699088,16.938452736536885,3815,,,0.0498317620762561,Information
724090,13450.0,7730.373935,CAN,Canada,Québec,1.604738196,0.021266291,0.8,0.28,13450.0,,,,,,,,,,,,,,,,,,,,,,,,,10.645343149163091,32.09476392,0.4253258199999999,,82.688,1.07,76.125,0.985,0.0,0.0,0.0,0.0,0.76125,0.985,0.0,0.0,0.0,0.0,1.74625,0.0,0.0,132.609375,1.7154328640465974,0.0,0.0,4.641328125,6.004015024163091,10.645343149163091,530153,,,0.0319418520853507,Information
725100,13451.0,24788.27955,CAN,Canada,Québec,1.80001856,0.0,0.8,0.28,13451.0,,,,,,,,,,,,,,,,,,,,,,,,,15.866390579640775,36.000371200000004,0.0,,28.25,0.114,18.625,0.075,0.0,0.0,0.0,0.0,0.18625,0.075,0.0,0.0,0.0,0.0,0.26125,4.921875,0.0198556539165902,320.90625,1.2945886353616824,0.073828125,0.0297834808748853,11.23171875,4.531060223765889,15.866390579640775,677933,,,0.0815570524911805,Information
725201,13452.0,2468.344805,CAN,Canada,Québec,0.291050249,0.0,0.8,0.28,13452.0,13452.0,0.0,4.0,-9999.0,-9999.0,-9999.0,0.0,7.0,-999.9,-999.9,-999.9,-5985.4,0.0,0.0,0.0,0.0,0.0,0.0,0.0,0.0,0.0,0.0,0.0,-5985.4,2.6815288194993423,5.82100498,0.0,,,,,,,,,,,,,,,,,1.265625,0.0512742384119048,14.625,0.5925023105375672,0.018984375,0.0769113576178572,0.511875,2.0737580868814853,2.6815288194993423,113784,,,0.0001862693891529,Information
725207,13458.0,4928.300252,CAN,Canada,Québec,0.542086842,0.0,0.8,0.28,13458.0,13458.0,0.0,4.0,-9999.0,-9999.0,-9999.0,0.0,7.0,-999.9,-999.9,-999.9,-5985.4,0.0,0.0,0.0,0.0,0.0,0.0,0.0,0.0,0.0,0.0,0.0,-5985.4,2.195858786203803,10.84173684,0.0,,,,,,,,,,,,,,,,,3.375,0.06848202884363,19.265625,0.3909182479823879,0.050625,0.102723043265445,0.674296875,1.3682138679383575,2.195858786203803,1131,,,0.0001061801931023,Information
725307,13467.0,404.4649476,CAN,Canada,Québec,3.283436042,0.0,0.8,0.28,13467.0,,,,,,,,,,,,,,,,,,,,,,,,,3.4184812744267346,65.66872083999999,0.0,,0.875,0.216,0.75,0.185,0.0,0.0,0.0,0.0,0.0075,0.185,0.0,0.0,0.0,0.0,0.1925,0.0,0.0,3.796875,0.9387401855504957,0.0,0.0,0.132890625,3.2855906494267346,3.4184812744267346,69040,,,0.0105312994614172,Information
725309,13469.0,3518.287942,CAN,Canada,Québec,2.143491245,0.0,0.8,0.28,13469.0,13469.0,0.0,1.0,-9999.0,-9999.0,-9999.0,0.0,10.0,-999.9,-999.9,-999.9,-5979.4,0.0,0.0,0.0,0.0,0.0,0.0,0.0,0.0,0.0,0.0,0.0,-5979.4,0.8320962583636017,42.8698249,0.0,,,,,,,,,,,,,,,,,0.0,0.0,6.1875,0.1758667881038862,0.0,0.0,0.2165625,0.6155337583636017,0.8320962583636017,1595376,,,1.1729338314316515e-05,Information
725410,13470.0,17118.1608,CAN,Canada,Québec,2.457752639,0.0,0.8,0.28,13470.0,13470.0,0.0,1.0,-9999.0,-9999.0,-9999.0,0.0,10.0,-999.9,-999.9,-999.9,-5979.4,0.0,0.0,0.0,0.0,0.0,0.0,0.0,0.0,0.0,0.0,0.0,-5979.4,3.0119125428668707,49.155052780000005,0.0,,,,,,,,,,,,,,,,,0.421875,0.0024644878909767,54.140625,0.3162759460086873,0.006328125,0.003696731836465,1.894921875,1.1069658110304057,3.0119125428668707,645758,,,0.002355151900266,Information
725420,13471.0,9567.745906,CAN,Canada,Québec,1.748759756,0.0,0.8,0.28,13471.0,13471.0,0.0,5.0,3.0,2.0,2.0,0.0,6.0,0.3,0.2,0.2,-2983.0,0.0,0.0,0.0,0.0,0.0,0.0,0.0,0.0,0.0,0.0,0.0,-2983.0,2.888974069121136,34.97519512,0.0,,6.0,0.063,6.0,0.063,0.0,0.0,0.0,0.0,0.06,0.063,0.0,0.0,0.0,0.0,0.123,0.0,0.0,40.359375,0.4218274126060387,0.0,0.0,1.412578125,1.4763959441211354,2.888974069121136,42938,,,0.0009232623861599,Information
725440,13473.0,24188.94778,CAN,Canada,Québec,2.124830375,0.0,0.8,0.28,13473.0,13473.0,0.0,1.0,-9999.0,-9999.0,-9999.0,0.0,10.0,-999.9,-999.9,-999.9,-5979.4,0.0,0.0,0.0,0.0,0.0,0.0,0.0,0.0,0.0,0.0,0.0,-5979.4,4.69572992594112,42.4966075,0.0,,73.938,0.306,55.688,0.23,9.5,0.039,5.188,0.021,0.55688,0.23,0.1425,0.0584999999999999,0.1296999999999999,0.0525,1.17008,0.0,0.0,94.921875,0.392418371697463,0.0,0.0,3.322265625,1.3734643009411205,4.69572992594112,121357,,,0.0061192749687161,Information
725450,13474.0,8697.635078,CAN,Canada,Ontario,2.113045945,0.0,0.8,0.28,13474.0,13474.0,0.0,1.0,-9999.0,-9999.0,-9999.0,0.0,10.0,-999.9,-999.9,-999.9,-5979.4,0.0,0.0,0.0,0.0,0.0,0.0,0.0,0.0,0.0,0.0,0.0,-5979.4,3.787905219334511,42.2609189,0.0,,,,,,,,,,,,,,,,,0.0,0.0,50.34375,0.5788211340955747,0.0,0.0,1.76203125,2.025873969334511,3.787905219334511,939700,,,0.0032236430096815,Information
725472,13477.0,5386.872555,CAN,Canada,Québec,4.017166217,0.0,0.8,0.28,13477.0,,,,,,,,,,,,,,,,,,,,,,,,,1.1246935966331568,80.34332434,0.0,,7.938,0.147,4.938,0.092,0.25,0.005,0.188,0.003,0.04938,0.092,0.00375,0.0075,0.0046999999999999,0.0075,0.16483,0.0,0.0,11.25,0.2088410276094734,0.0,0.0,0.39375,0.7309435966331569,1.1246935966331568,2114,,,0.0021121589500036,Information
725477,13482.0,12697.93041,CAN,Canada,Québec,1.97001982,0.0,0.8,0.28,13482.0,13482.0,0.0,1.0,-9999.0,-9999.0,-9999.0,0.0,10.0,-999.9,-999.9,-999.9,-5980.4,0.0,0.0,0.0,0.0,0.0,0.0,0.0,0.0,0.0,0.0,0.0,-5980.4,3.8887154605173766,39.400396400000005,0.0,,19.312,0.152,19.25,0.152,1.688,0.013,0.688,0.005,0.1925,0.152,0.02532,0.0195,0.0171999999999999,0.0125,0.41902,0.0,0.0,62.15625,0.4894990601478219,0.0,0.0,2.17546875,1.7132467105173768,3.8887154605173766,24152,,,0.0030144129035549,Information
725478,13483.0,8056.937724,CAN,Canada,Québec,3.575669449,0.0,0.8,0.28,13483.0,,,,,,,,,,,,,,,,,,,,,,,,,2.098375,71.51338898,0.0,,74.125,0.92,71.0,0.881,8.25,0.102,4.125,0.051,0.71,0.881,0.12375,0.153,0.103125,0.1275,2.098375,0.0,0.0,26.71875,0.3316241345581562,0.0,0.0,0.93515625,1.1606844709535469,2.0958407209535466,457,,,0.0045500445293685,Information
725480,13485.0,8751.4627,CAN,Canada,Ontario,2.994093423,0.0,0.8,0.28,13485.0,,,,,,,,,,,,,,,,,,,,,,,,,31.86378886795796,59.88186845999999,0.0,,103.812,1.186,103.812,1.186,39.062,0.446,8.188,0.094,1.03812,1.186,0.58593,0.669,0.2047,0.235,3.91875,245.25,2.8023886795005843,319.78125,3.6540320282020233,3.67875,4.2035830192508765,11.19234375,12.78911209870708,31.86378886795796,2098,,,0.408906731152299,Advisory
725491,13486.0,1650.643763,CAN,Canada,Ontario,4.001025032,0.0,0.8,0.28,13486.0,,,,,,,,,,,,,,,,,,,,,,,,,1.5992300000000002,80.02050064000001,0.0,,14.75,0.894,14.75,0.894,3.062,0.186,1.312,0.08,0.1475,0.894,0.04593,0.279,0.0328,0.2,1.5992300000000002,0.0,0.0,2.8125,0.1703880670012224,0.0,0.0,0.0984375,0.5963582345042784,0.6947957345042783,17417,,,0.0057818788688869,Information
725492,13487.0,5047.633691,CAN,Canada,Ontario,0.8240999,0.0,0.8,0.28,13487.0,,,,,,,,,,,,,,,,,,,,,,,,,21.030215942000268,16.481998,0.0,,25.438,0.504,25.438,0.504,12.0,0.238,2.75,0.054,0.25438,0.504,0.18,0.357,0.06875,0.135,1.49913,137.25,2.719095885456446,142.734375,2.827748282518743,2.05875,4.078643828184669,4.995703125,9.8971189888156,21.030215942000268,14600,,,0.0839316623635832,Information
725494,13489.0,1880.734823,CAN,Canada,Québec,2.585601339,0.0,0.8,0.28,13489.0,,,,,,,,,,,,,,,,,,,,,,,,,13.19626196481269,51.71202678,0.0,,39.188,2.084,39.188,2.084,14.25,0.758,3.875,0.206,0.39188,2.084,0.21375,1.137,0.096875,0.515,4.438505,41.484375,2.205753543584479,41.90625,2.2281849355531347,0.622265625,3.3086303153767185,1.46671875,7.798647274435972,13.19626196481269,1815,,,0.0972727762324063,Information
725495,13490.0,3984.299814,CAN,Canada,Québec,1.836177248,0.0,0.8,0.28,13490.0,,,,,,,,,,,,,,,,,,,,,,,,,2.73852,36.72354496,0.0,,58.0,1.456,57.375,1.44,5.938,0.149,4.688,0.118,0.57375,1.44,0.08907,0.2234999999999999,0.1171999999999999,0.295,2.73852,0.0,0.0,6.890625,0.172944439949261,0.0,0.0,0.241171875,0.6053055398224135,0.8464774148224136,953,,,0.0008444633379943,Information
725496,13491.0,4117.182684,CAN,Canada,Québec,0.288405967,0.0,0.8,0.28,13491.0,13491.0,0.0,1.0,-9999.0,-9999.0,-9999.0,0.0,10.0,-999.9,-999.9,-999.9,-5979.4,0.0,0.0,0.0,0.0,0.0,0.0,0.0,0.0,0.0,0.0,0.0,-5979.4,2.5574250000000003,5.76811934,0.0,,44.125,1.072,44.125,1.072,10.625,0.258,5.812,0.141,0.44125,1.072,0.159375,0.387,0.1453,0.3525,2.5574250000000003,10.40625,0.2527517188148179,13.921875,0.3381408130090131,0.15609375,0.3791275782222268,0.487265625,1.183492845531546,2.2059797987537726,42008,,,0.0001550234836658,Information
725497,13492.0,6967.54324,CAN,Canada,Québec,1.031826045,0.0,0.8,0.28,13492.0,,,,,,,,,,,,,,,,,,,,,,,,,4.05276,20.6365209,0.0,,113.625,1.631,107.938,1.549,15.312,0.22,14.188,0.204,1.07938,1.549,0.22968,0.33,0.3547,0.51,4.05276,0.0,0.0,8.015625,0.1150423431097813,0.0,0.0,0.280546875,0.4026482008842345,0.6831950758842344,122,,,0.0014666620322988,Information
725554,13502.0,7889.420645,CAN,Canada,Ontario,4.007733836,0.0,0.8,0.28,13502.0,,,,,,,,,,,,,,,,,,,,,,,,,1.9690224199575992,80.15467672,0.0,,6.312,0.08,5.438,0.069,0.188,0.002,0.0,0.0,0.05438,0.069,0.00282,0.003,0.0,0.0,0.1292,0.140625,0.0017824502752349,24.75,0.3137112484413562,0.002109375,0.0026736754128523,0.86625,1.097989369544747,1.9690224199575992,6017740,,,0.0104321469818014,Information
725603,13530.0,13245.26604,CAN,Canada,Ontario,3.44166471,0.0,0.8,0.28,13530.0,,,,,,,,,,,,,,,,,,,,,,,,,24.579548810696146,68.8332942,0.0,,36.062,0.272,35.812,0.27,17.188,0.13,7.25,0.055,0.35812,0.27,0.2578199999999999,0.195,0.18125,0.1375,1.39969,166.21875,1.2549294932469344,328.921875,2.483316484521641,2.49328125,1.8823942398704008,11.512265625,8.691607695825743,24.579548810696146,8798,,,0.406159415787081,Advisory
725604,13531.0,33683.75604,CAN,Canada,Ontario,1.685775999,0.0,0.8,0.28,13531.0,,,,,,,,,,,,,,,,,,,,,,,,,11.622670175801606,33.71551998,0.0,,84.438,0.251,83.625,0.248,11.375,0.034,3.5,0.01,0.83625,0.248,0.170625,0.051,0.0875,0.025,1.4183749999999995,13.078125,0.0388262074532479,250.453125,0.7435427470347808,0.196171875,0.0582393111798718,8.765859375,2.602399614621733,11.622670175801606,949220,,,0.0408419412168591,Information
725606,13533.0,4333.932481,CAN,Canada,Ontario,0.04714619,0.0,0.8,0.28,13533.0,,,,,,,,,,,,,,,,,,,,,,,,,21.21085664972815,0.9429238,0.0,,15.312,0.353,15.312,0.353,6.75,0.156,1.0,0.023,0.15312,0.353,0.10125,0.2339999999999999,0.025,0.0574999999999999,0.92387,119.109375,2.7482978917760645,132.1875,3.050059053446872,1.786640625,4.122446837664096,4.6265625,10.675206687064051,21.21085664972815,9046,,,0.0616361202374171,Information
725607,13534.0,3393.094843,CAN,Canada,Ontario,1.179869258,0.0,0.8,0.28,13534.0,,,,,,,,,,,,,,,,,,,,,,,,,10.116144347148484,23.59738516,0.0,,20.562,0.606,20.562,0.606,1.5,0.044,0.438,0.013,0.20562,0.606,0.0225,0.066,0.01095,0.0325,0.94357,6.46875,0.1906445383916764,70.453125,2.0763676898745627,0.09703125,0.2859668075875146,2.465859375,7.2672869145609695,10.116144347148484,4049,,,0.0215941518335403,Information
725608,13535.0,2679.599461,CAN,Canada,Ontario,3.612711155,0.0,0.8,0.28,13535.0,,,,,,,,,,,,,,,,,,,,,,,,,3.586633111960984,72.2542231,0.0,,13.062,0.487,12.062,0.45,0.75,0.028,0.125,0.005,0.1206199999999999,0.45,0.01125,0.042,0.003125,0.0125,0.639495,0.0,0.0,21.65625,0.8081898177031381,0.0,0.0,0.75796875,2.828664361960984,3.586633111960984,59750,,,0.0203845944038038,Information
725609,13536.0,7786.124638,CAN,Canada,Ontario,3.539859835,0.0,0.8,0.28,13536.0,,,,,,,,,,,,,,,,,,,,,,,,,12.928092387820698,70.7971967,0.0,,56.75,0.729,56.5,0.726,11.062,0.142,3.0,0.039,0.565,0.726,0.16593,0.2129999999999999,0.075,0.0975,1.84243,56.390625,0.7242450849524412,137.53125,1.7663633243977246,0.845859375,1.0863676274286618,4.81359375,6.182271635392036,12.928092387820698,16781,,,0.2075756362159315,Information
725702,13538.0,1883.247538,CAN,Canada,Ontario,3.096306043,0.0,0.8,0.28,13538.0,,,,,,,,,,,,,,,,,,,,,,,,,7.085413355701168,61.92612086,0.0,,1.188,0.063,1.125,0.06,0.625,0.033,0.312,0.017,0.01125,0.06,0.009375,0.0495,0.0078,0.0425,0.180425,20.390625,1.0827373775224411,23.34375,1.2395476184050018,0.305859375,1.6241060662836615,0.81703125,4.338416664417506,7.085413355701168,335,,,0.0463338647020213,Information
725706,13542.0,31048.35513,CAN,Canada,Ontario,1.57215188,0.0,0.8,0.28,13542.0,,,,,,,,,,,,,,,,,,,,,,,,,69.05445143919485,31.4430376,0.0,3.0,334.25,1.077,321.5,1.035,177.312,0.571,20.25,0.065,3.215,1.035,2.6596800000000003,0.8564999999999999,0.50625,0.1625,8.43493,1081.828125,3.4843331333902072,1226.671875,3.950843354031298,15.0,5.226499700085311,35.0,13.827951739109542,69.05445143919485,185690,3702.0,1.99,0.5028844779891656,Watch
725708,13544.0,2685.757308,CAN,Canada,Ontario,4.023577369,0.0,0.8,0.28,13544.0,,,,,,,,,,,,,,,,,,,,,,,,,17.8940958509224,80.47154738,0.0,,48.688,1.813,47.375,1.764,17.5,0.652,0.75,0.028,0.47375,1.764,0.2625,0.978,0.01875,0.07,3.567,67.5,2.513257612636508,79.3125,2.9530776948478965,1.0125,3.769886418954762,2.7759375,10.335771931967638,17.8940958509224,3675,,,0.4651761118093047,Advisory
725911,13571.0,14495.10812,CAN,Canada,Ontario,3.000345988,0.0,0.8,0.28,13571.0,13571.0,0.0,1.0,-9999.0,-9999.0,-9999.0,0.0,10.0,-999.9,-999.9,-999.9,-5979.4,0.0,0.0,0.0,0.0,0.0,0.0,0.0,0.0,0.0,0.0,0.0,-5979.4,27.02685279492062,60.00691976,0.0,,141.688,0.977,132.562,0.915,42.75,0.295,1.438,0.01,1.32562,0.915,0.64125,0.4425,0.0359499999999999,0.025,3.38532,289.546875,1.9975489150612469,332.859375,2.2963566206653576,4.343203125,2.9963233725918705,11.650078125,8.037248172328752,27.02685279492062,114505,,,0.3475750937463775,Information
725912,13572.0,6596.657142,CAN,Canada,Ontario,1.100091963,0.0,0.8,0.28,13572.0,13572.0,0.0,11.0,-9999.0,-9999.0,-9999.0,0.0,1.0,-999.9,-999.9,-999.9,-5997.4,0.0,0.0,0.0,0.0,0.0,0.0,0.0,0.0,0.0,0.0,0.0,-5997.4,22.047118922151785,22.00183926,0.0,,56.75,0.86,55.875,0.847,31.0,0.47,1.438,0.022,0.55875,0.847,0.465,0.705,0.0359499999999999,0.0549999999999999,2.6667,124.171875,1.8823454413279344,197.15625,2.988729681474252,1.862578125,2.8235181619919016,6.90046875,10.460553885159882,22.047118922151785,23,,,0.1032041782034918,Information
725914,13574.0,9379.217644,CAN,Canada,Ontario,1.352315045,0.0,0.8,0.28,13574.0,,,,,,,,,,,,,,,,,,,,,,,,,66.39239972852464,27.0463009,0.0,3.0,177.188,1.889,162.938,1.737,79.188,0.844,2.438,0.026,1.6293799999999998,1.737,1.18782,1.266,0.06095,0.065,5.94615,570.796875,6.085762125189561,673.453125,7.180269725925796,8.561953125,9.12864318778434,23.570859375,25.130944040740285,66.39239972852464,3798,485.0,12.77,0.462458304929855,Watch
725915,13575.0,16423.858,CAN,Canada,Ontario,2.402446312,0.0,0.8,0.28,13575.0,,,,,,,,,,,,,,,,,,,,,,,,,14.973052369704629,48.04892624,0.0,,33.0,0.201,30.0,0.183,18.75,0.114,0.875,0.005,0.3,0.183,0.28125,0.171,0.021875,0.0125,0.969625,148.921875,0.906741126022545,202.078125,1.2303937659059463,2.233828125,1.3601116890338174,7.072734375,4.306378180670812,14.973052369704629,5216,,,0.106740523727499,Information
725920,13580.0,13448.47291,CAN,Canada,Ontario,1.144008506,0.0,0.8,0.28,13580.0,,,,,,,,,,,,,,,,,,,,,,,,,49.592286263589614,22.88017012,0.0,,39.125,0.291,35.062,0.261,26.875,0.2,1.0,0.007,0.35062,0.261,0.403125,0.3,0.025,0.0175,1.357245,541.6875,4.027873674347237,580.5,4.31647521487679,8.1253125,6.041810511520856,20.3175,15.107663252068765,49.592286263589614,3144,,,0.3294164321646352,Advisory
725950,13583.0,10003.13058,CAN,Canada,Ontario,1.482211755,0.0,0.8,0.28,13583.0,,,,,,,,,,,,,,,,,,,,,,,,,20.31291468932121,29.6442351,0.0,,6.062,0.061,4.938,0.049,7.438,0.074,0.312,0.003,0.04938,0.049,0.11157,0.1109999999999999,0.0078,0.0075,0.3362499999999999,185.34375,1.8528574485049287,210.796875,2.107309040446805,2.78015625,2.779286172757393,7.377890625,7.375581641563818,20.31291468932121,3122,,,0.1070614999180672,Information
725962,13585.0,1700.557783,CAN,Canada,Ontario,2.914039015,0.0,0.8,0.28,13585.0,,,,,,,,,,,,,,,,,,,,,,,,,20.686423367052463,58.2807803,0.0,,0.25,0.015,0.25,0.015,0.938,0.055,0.062,0.004,0.0025,0.015,0.01407,0.0825,0.00155,0.01,0.12562,51.46875,3.026580485192331,63.84375,3.754282896932563,0.77203125,4.539870727788497,2.23453125,13.13999013926397,20.686423367052463,1373,,,0.2415004090874485,Information
725963,13586.0,6389.988988,CAN,Canada,Ontario,3.193180497,0.0,0.8,0.28,13586.0,13586.0,0.0,29.0,7.0,-9999.0,-9999.0,0.0,1.0,0.7,-999.9,-999.9,-3996.2,0.0,0.0,0.0,0.0,0.0,0.0,0.0,0.0,0.0,0.0,0.0,-3996.2,32.294898612053494,63.86360994,0.0,,0.312,0.005,0.312,0.005,8.25,0.129,2.375,0.037,0.00312,0.005,0.12375,0.1935,0.059375,0.0925,0.477245,224.15625,3.5079285803164426,263.671875,4.1263275333082365,3.36234375,5.261892870474664,9.228515625,14.442146366578829,32.294898612053494,3653,,,0.4552566509515545,Advisory
725964,13587.0,1464.032344,CAN,Canada,Ontario,3.076982704,0.0,0.8,0.28,13587.0,,,,,,,,,,,,,,,,,,,,,,,,,24.79255115266113,61.539654080000005,0.0,,0.0,0.0,0.0,0.0,1.625,0.111,0.5,0.034,0.0,0.0,0.024375,0.1665,0.0125,0.085,0.288375,59.484375,4.063050603797761,64.96875,4.437658106275568,0.892265625,6.094575905696641,2.27390625,15.531803371964488,24.79255115266113,376,,,0.3303001610076399,Information
725966,13589.0,14956.94676,CAN,Canada,Ontario,0.110012362,0.0,0.8,0.28,13589.0,,,,,,,,,,,,,,,,,,,,,,,,,83.56751619538024,2.20024724,0.0,3.0,2.062,0.014,2.062,0.014,28.938,0.193,59.938,0.401,0.02062,0.014,0.4340699999999999,0.2895,1.49845,1.0025,3.25914,818.578125,5.472895893176499,1199.953125,8.022714423032996,12.278671875,8.209343839764749,35.0,28.079500480615486,83.56751619538024,144,4.0,2.78,0.4375171477028837,Warning
725969,13592.0,5325.407469,CAN,Canada,Ontario,1.181727553,0.0,0.8,0.28,13592.0,,,,,,,,,,,,,,,,,,,,,,,,,53.12761141583353,23.63455106,0.0,,0.0,0.0,0.0,0.0,8.625,0.162,20.375,0.383,0.0,0.0,0.129375,0.243,0.509375,0.9575,1.83925,254.25,4.774282559401814,418.5,7.858553593351658,3.81375,7.161423839102721,14.6475,27.504937576730804,53.12761141583353,204,,,0.3583646054947205,Advisory
725980,13594.0,22941.40451,CAN,Canada,Ontario,2.40547571,0.0,0.8,0.28,13594.0,,,,,,,,,,,,,,,,,,,,,,,,,72.44954072303717,48.10951420000001,0.0,3.0,0.562,0.002,0.562,0.002,18.25,0.08,24.688,0.108,0.00562,0.002,0.27375,0.12,0.6172,0.27,1.28857,827.015625,3.604904071096914,1287.140625,5.6105572118262295,12.405234375,5.407356106645371,35.0,19.6369502413918,72.44954072303717,116175,1837.0,1.58,0.63071773104202,Watch
726011,13604.0,450.1921027,CAN,Canada,Québec,1.418553445,1.018529694,0.8,0.28,13604.0,,,,,,,,,,,,,,,,,,,,,,,,,3.0847554892916085,28.3710689,20.37059388,,9.688,2.152,9.125,2.027,0.0,0.0,0.0,0.0,0.09125,2.027,0.0,0.0,0.0,0.0,2.11825,0.0,0.0,3.796875,0.8433899612261739,0.0,0.0,0.132890625,2.9518648642916085,3.0847554892916085,38691,,,0.0008303584715862,Information
726013,13606.0,7352.74026,CAN,Canada,Québec,2.051846482,2.070143693,0.8,0.28,13606.0,,,,,,,,,,,,,,,,,,,,,,,,,8.955787898117759,41.03692964,41.40287386,,28.75,0.391,24.312,0.331,0.0,0.0,0.0,0.0,0.24312,0.331,0.0,0.0,0.0,0.0,0.57412,0.0,0.0,108.421875,1.4745777923193597,0.0,0.0,3.794765625,5.161022273117759,8.955787898117759,144162,,,0.030164214430904,Information
726014,13607.0,1810.791968,CAN,Canada,Québec,1.013132541,0.0,0.8,0.28,13607.0,,,,,,,,,,,,,,,,,,,,,,,,,2.3113916332459103,20.26265082,0.0,,15.375,0.849,12.125,0.67,0.0,0.0,0.0,0.0,0.12125,0.67,0.0,0.0,0.0,0.0,0.79125,0.0,0.0,10.125,0.5591476094988315,0.0,0.0,0.354375,1.9570166332459105,2.3113916332459103,6037,,,0.0001993911703232,Information
726016,13609.0,1683.533935,CAN,Canada,Québec,2.658686916,3.031370499,0.8,0.28,13609.0,,,,,,,,,,,,,,,,,,,,,,,,,1.7420198736172692,53.173738320000005,60.62740998,,3.625,0.215,2.5,0.148,0.0,0.0,0.0,0.0,0.025,0.148,0.0,0.0,0.0,0.0,0.173,0.0,0.0,7.171875,0.4260012138906483,0.0,0.0,0.251015625,1.4910042486172692,1.7420198736172692,8719,,,0.0009103380229022,Information
726017,13610.0,12536.81707,CAN,Canada,Québec,1.106905508,2.36071529,0.8,0.28,13610.0,,,,,,,,,,,,,,,,,,,,,,,,,5.691670856852752,22.138110160000004,47.2143058,,108.375,0.864,107.625,0.858,0.25,0.002,0.25,0.002,1.07625,0.858,0.00375,0.003,0.00625,0.005,1.95225,0.421875,0.0033650885834147,90.28125,0.7201289568507514,0.006328125,0.005047632875122,3.15984375,2.52045134897763,5.691670856852752,55407,,,0.0129657407029092,Information
726019,13612.0,1736.228835,CAN,Canada,Québec,1.650047833,3.233369792,0.8,0.28,13612.0,,,,,,,,,,,,,,,,,,,,,,,,,1.1311783936083757,33.00095666,64.66739584,,13.25,0.763,13.125,0.756,0.188,0.011,0.0,0.0,0.13125,0.756,0.00282,0.0165,0.0,0.0,0.90657,0.0,0.0,4.78125,0.2753813267452502,0.0,0.0,0.16734375,0.9638346436083756,1.1311783936083757,8635,,,0.0002891997890087,Information
726030,13613.0,2360.066481,CAN,Canada,Québec,2.33937509,2.625346885,0.8,0.28,13613.0,,,,,,,,,,,,,,,,,,,,,,,,,4.967536414596698,46.7875018,52.5069377,,16.812,0.712,14.25,0.604,1.125,0.048,0.25,0.011,0.1425,0.604,0.016875,0.072,0.00625,0.0274999999999999,0.8691249999999999,2.53125,0.1072533346371246,26.015625,1.1023259393260032,0.03796875,0.1608800019556868,0.910546875,3.858140787641011,4.967536414596698,13433,,,0.0119834443513491,Information
726040,13614.0,11989.70885,CAN,Canada,Québec,2.076095364,0.0,0.8,0.28,13614.0,,,,,,,,,,,,,,,,,,,,,,,,,8.647825766449994,41.52190728,0.0,,59.938,0.5,51.625,0.431,0.0,0.0,0.0,0.0,0.51625,0.431,0.0,0.0,0.0,0.0,0.94725,0.0,0.0,134.71875,1.123619861842856,0.0,0.0,4.71515625,3.9326695164499954,8.647825766449994,23899,,,0.0279801768676803,Information
726050,13615.0,9698.707056,CAN,Canada,New Brunswick,1.462031254,3.072332097,0.8,0.28,13615.0,,,,,,,,,,,,,,,,,,,,,,,,,22.216839180761266,29.24062508,61.44664194,,150.438,1.551,142.0,1.464,1.312,0.014,1.062,0.011,1.42,1.464,0.01968,0.021,0.02655,0.0274999999999999,2.97873,2.109375,0.0217490330187592,311.625,3.213057144638036,0.031640625,0.0326235495281388,10.906875,11.245700006233124,22.216839180761266,101726,,,0.2907507979027291,Information
726060,13616.0,11778.24051,CAN,Canada,New Brunswick,2.417045935,2.853887053,0.8,0.28,13616.0,,,,,,,,,,,,,,,,,,,,,,,,,18.11941663159137,48.3409187,57.07774106,,57.188,0.486,45.062,0.383,0.0,0.0,0.0,0.0,0.4506199999999999,0.383,0.0,0.0,0.0,0.0,0.83362,0.0,0.0,279.984375,2.3771324304546777,0.0,0.0,9.799453125,8.319963506591371,18.11941663159137,29643,,,0.1942319482992057,Information
726071,13617.0,28299.20062,CAN,Canada,Nova Scotia,1.191747992,3.081202256,0.8,0.28,13617.0,,,,,,,,,,,,,,,,,,,,,,,,,35.926180930658056,23.83495984,61.624045120000005,,497.875,1.759,473.938,1.675,78.125,0.276,4.875,0.017,4.73938,1.675,1.171875,0.414,0.121875,0.0425,8.164629999999999,168.46875,0.5953127518900435,686.25,2.4249801579494257,2.52703125,0.8929691278350653,24.01875,8.487430552822989,35.926180930658056,556639,,,0.4737029309611557,Advisory
726072,13618.0,1946.769419,CAN,Canada,Nova Scotia,2.210101743,0.0,0.8,0.28,13618.0,,,,,,,,,,,,,,,,,,,,,,,,,17.091231166490083,44.20203486,0.0,,20.75,1.066,16.125,0.828,0.25,0.013,0.125,0.006,0.16125,0.828,0.00375,0.0195,0.003125,0.015,1.030625,13.078125,0.6717860302239724,73.96875,3.799563998901178,0.196171875,1.0076790453359583,2.58890625,13.298473996154122,17.091231166490083,3037,,,0.1183705200926081,Information
726073,13619.0,8924.873214,CAN,Canada,Nova Scotia,2.145432071,2.077382729,0.8,0.28,13619.0,,,,,,,,,,,,,,,,,,,,,,,,,15.732518303980449,42.90864142,41.54765458,,335.688,3.761,297.562,3.334,23.438,0.263,26.5,0.297,2.97562,3.334,0.3515699999999999,0.3945,0.6625,0.7424999999999999,8.46069,106.453125,1.19276904494185,166.359375,1.8639970675907644,1.596796875,1.789153567412775,5.822578125,6.523989736567676,15.732518303980449,53709,,,0.098712434314133,Information
726074,13620.0,1609.45711,CAN,Canada,Nova Scotia,1.396219453,0.0,0.8,0.28,13620.0,,,,,,,,,,,,,,,,,,,,,,,,,1.8512194643494264,27.924389060000003,0.0,,5.562,0.346,4.312,0.268,0.125,0.008,0.125,0.008,0.04312,0.268,0.001875,0.012,0.003125,0.02,0.34812,3.65625,0.2271728757429319,5.765625,0.3582341502100081,0.05484375,0.3407593136143979,0.201796875,1.2538195257350284,1.8512194643494264,22830,,,0.0001251899056052,Information
726075,13621.0,4229.655681,CAN,Canada,Nova Scotia,1.715436658,2.488149232,0.8,0.28,13621.0,,,,,,,,,,,,,,,,,,,,,,,,,8.201168940549389,34.30873316,49.76298464,,23.938,0.566,21.25,0.502,4.375,0.103,1.875,0.044,0.2125,0.502,0.065625,0.1545,0.046875,0.1099999999999999,1.0915,7.3125,0.1728864132728977,66.515625,1.572601413040012,0.1096875,0.2593296199093465,2.328046875,5.504104945640043,8.201168940549389,68111,,,0.0349563846737626,Information
726076,13622.0,2483.743171,CAN,Canada,Nova Scotia,0.572574014,0.0,0.8,0.28,13622.0,,,,,,,,,,,,,,,,,,,,,,,,,3.071075232198007,11.451480279999998,0.0,,7.062,0.284,6.5,0.262,0.625,0.025,0.0,0.0,0.065,0.262,0.009375,0.0375,0.0,0.0,0.373875,3.65625,0.1472072492224354,15.890625,0.6397853523898154,0.05484375,0.220810873833653,0.556171875,2.239248733364354,3.071075232198007,57134,,,0.0003875696321712,Information
726079,13624.0,2094.207711,CAN,Canada,New Brunswick,1.894322141,3.13342438,0.8,0.28,13624.0,,,,,,,,,,,,,,,,,,,,,,,,,41.446544034027184,37.88644282,62.668487600000006,,71.062,3.393,59.75,2.853,10.875,0.519,7.625,0.364,0.5975,2.853,0.163125,0.7785,0.190625,0.91,5.49275,57.796875,2.7598444366337165,180.28125,8.608565858307601,0.866953125,4.139766654950575,6.30984375,30.12998050407661,41.446544034027184,45424,,,0.5416401783092702,Advisory
726081,13625.0,6149.187059,CAN,Canada,New Brunswick,1.325818373,0.0,0.8,0.28,13625.0,,,,,,,,,,,,,,,,,,,,,,,,,9.814513329787372,26.51636746,0.0,,42.625,0.693,30.438,0.495,2.562,0.042,1.312,0.021,0.30438,0.495,0.03843,0.063,0.0328,0.0525,0.98611,10.265625,0.1669427991343285,102.375,1.6648542160245372,0.153984375,0.2504141987014927,3.583125,5.82698975608588,9.814513329787372,98088,,,0.0220467728209792,Information
726082,13626.0,3832.161359,CAN,Canada,New Brunswick,0.198183982,0.0,0.8,0.28,13626.0,,,,,,,,,,,,,,,,,,,,,,,,,4.575878934238732,3.96367964,0.0,,18.688,0.488,15.125,0.395,0.0,0.0,0.0,0.0,0.15125,0.395,0.0,0.0,0.0,0.0,0.54625,0.84375,0.0220176010598251,35.859375,0.9357480450425698,0.01265625,0.0330264015897376,1.255078125,3.2751181576489943,4.575878934238732,7599,,,0.0011675564163254,Information
726083,13627.0,11754.45599,CAN,Canada,New Brunswick,2.365553954,0.0,0.8,0.28,13627.0,13627.0,0.0,4.0,-9999.0,-9999.0,-9999.0,0.0,7.0,-999.9,-999.9,-999.9,-5986.4,0.0,0.0,0.0,0.0,0.0,0.0,0.0,0.0,0.0,0.0,0.0,-5986.4,10.234743427567247,47.31107908,0.0,,53.688,0.457,38.812,0.33,0.0,0.0,0.0,0.0,0.3881199999999999,0.33,0.0,0.0,0.0,0.0,0.71812,11.671875,0.0992974494883869,153.0,1.3016340366670476,0.175078125,0.1489461742325803,5.355,4.555719128334666,10.234743427567247,171028,,,0.050646519217958,Information
726084,13628.0,4314.725103,CAN,Canada,New Brunswick,2.820804829,0.0,0.8,0.28,13628.0,,,,,,,,,,,,,,,,,,,,,,,,,21.48900713062168,56.41609658,0.0,,20.312,0.471,15.688,0.364,0.0,0.0,0.0,0.0,0.15688,0.364,0.0,0.0,0.0,0.0,0.52088,0.0,0.0,185.0625,4.289091323034764,0.0,0.0,6.4771875,15.011819630621677,21.48900713062168,3685,,,0.2397377560476432,Information
726085,13629.0,22.92567388,CAN,Canada,New Brunswick,3.511916104,0.0,0.8,0.28,13629.0,,,,,,,,,,,,,,,,,,,,,,,,,2.151805332590417,70.23832208,0.0,,0.125,0.545,0.125,0.545,0.0,0.0,0.0,0.0,0.00125,0.545,0.0,0.0,0.0,0.0,0.54625,0.0,0.0,0.140625,0.613395273597262,0.0,0.0,0.004921875,2.146883457590417,2.151805332590417,524,,,0.0043081501725276,Information
726087,13631.0,12432.42371,CAN,Canada,New Brunswick,2.783665788,0.0,0.8,0.28,13631.0,13631.0,0.0,3.0,-9999.0,-9999.0,-9999.0,0.0,8.0,-999.9,-999.9,-999.9,-5982.4,0.0,0.0,0.0,0.0,0.0,0.0,0.0,0.0,0.0,0.0,0.0,-5982.4,17.273111717598557,55.67331576,0.0,,84.25,0.678,71.5,0.575,0.0,0.0,0.0,0.0,0.715,0.575,0.0,0.0,0.0,0.0,1.29,0.0,0.0,273.515625,2.2000185264567307,0.0,0.0,9.573046875,7.700064842598557,17.273111717598557,70797,,,0.1729847847866051,Information
726090,13634.0,44.26075925,CAN,Canada,New Brunswick,1.457753039,2.076536867,0.8,0.28,13634.0,,,,,,,,,,,,,,,,,,,,,,,,,40.43291627727432,29.15506078,41.53073734,,8.0,18.075,6.5,14.686,1.438,3.248,1.438,3.248,0.065,10.0,0.02157,4.872,0.0359499999999999,8.120000000000001,23.11452,1.546875,3.494912934849548,4.78125,10.802458162262235,0.023203125,5.2423694022743215,0.16734375,35.0,40.43291627727432,8395,,,0.3561171657290659,Advisory
742900,14007.0,24547.13913,CAN,Canada,Saskatchewan,1.734420394,0.0,0.8,0.28,14007.0,,,,,,,,,,,,,,,,,,,,,,,,,4.1977291079755625,34.68840788,0.0,,63.25,0.258,31.875,0.13,1.438,0.006,0.0,0.0,0.31875,0.13,0.02157,0.009,0.0,0.0,0.4793199999999999,0.0,0.0,85.21875,0.3471636737073036,0.0,0.0,2.98265625,1.2150728579755627,4.1977291079755625,12328,,,0.0030289960662689,Information
782620,14767.0,21433.74412,CAN,Canada,British Columbia,2.663856377,0.0,0.8,0.28,14767.0,14767.0,0.0,17.0,-9999.0,-9999.0,-9999.0,0.0,1.0,-999.9,-999.9,-999.9,-5991.4,0.0,0.0,0.0,0.0,0.0,0.0,0.0,0.0,0.0,0.0,0.0,-5991.4,13.271168353916844,53.27712754,0.0,,26.125,0.122,22.688,0.106,6.938,0.032,7.75,0.036,0.22688,0.106,0.10407,0.048,0.19375,0.09,0.7686999999999999,55.96875,0.2611244665670403,234.5625,1.0943608297332243,0.83953125,0.3916866998505605,8.2096875,3.830262904066285,13.271168353916844,371065,,,0.1040802087988414,Information
782670,14780.0,989.0756229,CAN,Canada,British Columbia,0.787465793,0.0,0.8,0.28,14780.0,14780.0,0.0,1.0,-9999.0,-9999.0,-9999.0,0.0,10.0,-999.9,-999.9,-999.9,-5979.4,0.0,0.0,0.0,0.0,0.0,0.0,0.0,0.0,0.0,0.0,0.0,-5979.4,2.1795578817178667,15.74931586,0.0,,,,,,,,,,,,,,,,,1.265625,0.1279603875301849,5.0625,0.5118415501207398,0.018984375,0.1919405812952773,0.1771875,1.7914454254225896,2.1795578817178667,22191,,,0.000128754165319,Information
782681,14781.0,142.3869121,CAN,Canada,British Columbia,2.795755387,0.0,0.8,0.28,14781.0,,,,,,,,,,,,,,,,,,,,,,,,,7.713000560541249,55.91510774,0.0,,0.438,0.307,0.438,0.307,0.0,0.0,0.0,0.0,0.00438,0.307,0.0,0.0,0.0,0.0,0.31138,0.0,0.0,3.09375,2.1727769458689283,0.0,0.0,0.10828125,7.604719310541249,7.713000560541249,1413,,,0.0406484823245541,Information
782682,14782.0,3389.096721,CAN,Canada,British Columbia,2.787453281,0.0,0.8,0.28,14782.0,,,,,,,,,,,,,,,,,,,,,,,,,2.1444560786202294,55.74906562,0.0,,12.438,0.367,7.688,0.227,0.688,0.02,0.625,0.018,0.07688,0.227,0.01032,0.03,0.015625,0.045,0.404825,0.421875,0.0124480070877219,15.328125,0.452277590853899,0.006328125,0.0186720106315828,0.536484375,1.5829715679886465,2.1444560786202294,4569,,,0.0012350084279631,Information
782683,14783.0,1075.048079,CAN,Canada,British Columbia,0.201776202,0.0,0.8,0.28,14783.0,14783.0,0.0,1.0,-9999.0,-9999.0,-9999.0,0.0,10.0,-999.9,-999.9,-999.9,-5979.4,0.0,0.0,0.0,0.0,0.0,0.0,0.0,0.0,0.0,0.0,0.0,-5979.4,4.353361626196399,4.035524039999999,0.0,,2.0,0.186,1.75,0.163,1.188,0.11,0.0,0.0,0.0175,0.163,0.01782,0.165,0.0,0.0,0.36332,0.28125,0.0261616206402422,11.953125,1.111868877210296,0.00421875,0.0392424309603633,0.418359375,3.891541070236036,4.353361626196399,15565,,,0.0009906213745817,Information
782686,14786.0,4424.872981,CAN,Canada,British Columbia,3.40531532,0.0,0.8,0.28,14786.0,,,,,,,,,,,,,,,,,,,,,,,,,1.4509332690549064,68.10630640000001,0.0,,21.75,0.492,11.375,0.257,0.188,0.004,0.375,0.008,0.11375,0.257,0.00282,0.006,0.009375,0.02,0.408945,0.140625,0.0031780573271876,12.65625,0.2860251594468929,0.002109375,0.0047670859907814,0.44296875,1.001088058064125,1.4509332690549064,12432,,,0.0010001043576198,Information
782687,14787.0,2989.761426,CAN,Canada,British Columbia,1.472368001,0.0,0.8,0.28,14787.0,14787.0,0.0,15.0,2.0,-9999.0,-9999.0,0.0,1.0,0.2,-999.9,-999.9,-3997.2,0.0,0.0,0.0,0.0,0.0,0.0,0.0,0.0,0.0,0.0,0.0,-3997.2,3.586454100776622,29.44736002,0.0,,9.0,0.301,5.938,0.199,0.062,0.002,0.0,0.0,0.0593799999999999,0.199,0.0009299999999999,0.003,0.0,0.0,0.26231,0.5625,0.0188142102267572,23.34375,0.7807897244104246,0.0084375,0.0282213153401358,0.81703125,2.732764035436486,3.586454100776622,1620,,,0.0014450334880404,Information
782688,14788.0,2702.900737,CAN,Canada,British Columbia,0.128404808,0.0,0.8,0.28,14788.0,,,,,,,,,,,,,,,,,,,,,,,,,0.5848959495713575,2.56809616,0.0,,5.25,0.194,4.0,0.148,0.25,0.009,0.375,0.014,0.04,0.148,0.00375,0.0134999999999999,0.009375,0.035,0.2496249999999999,0.421875,0.0156082313414019,3.375,0.1248658507312156,0.006328125,0.0234123470121028,0.118125,0.4370304775592546,0.5848959495713575,29326,,,1.5647617930079801e-07,Information
782689,14789.0,8806.56513,CAN,Canada,British Columbia,2.419142638,0.0,0.8,0.28,14789.0,,,,,,,,,,,,,,,,,,,,,,,,,2.0315769064193727,48.38285276,0.0,,8.375,0.095,5.438,0.062,0.0,0.0,0.688,0.008,0.05438,0.062,0.0,0.0,0.0171999999999999,0.02,0.15358,0.421875,0.0047904602280238,27.0,0.3065894545935248,0.006328125,0.0071856903420357,0.945,1.0730630910773369,2.0315769064193727,879,,,0.0006081249690375,Information
782691,14790.0,15858.63298,CAN,Canada,British Columbia,3.905009381,0.0,0.8,0.28,14790.0,14790.0,0.0,23.0,-9999.0,-9999.0,-9999.0,0.0,1.0,-999.9,-999.9,-999.9,-5997.4,0.0,0.0,0.0,0.0,0.0,0.0,0.0,0.0,0.0,0.0,0.0,-5997.4,7.0131129605683045,78.10018762,0.0,,11.438,0.072,10.25,0.065,3.438,0.022,4.625,0.029,0.1025,0.065,0.05157,0.033,0.115625,0.0725,0.440195,2.25,0.0141878559323501,121.921875,0.7688044433342225,0.03375,0.0212817838985251,4.267265625,2.690815551669779,7.0131129605683045,13849,,,0.1274149038722554,Information
782697,14796.0,816.8879997,CAN,Canada,British Columbia,3.966437757,0.0,0.8,0.28,14796.0,,,,,,,,,,,,,,,,,,,,,,,,,1.69450847204145,79.32875514,0.0,,3.438,0.421,1.812,0.222,0.0,0.0,0.0,0.0,0.01812,0.222,0.0,0.0,0.0,0.0,0.24012,0.0,0.0,3.65625,0.4475827777261286,0.0,0.0,0.12796875,1.56653972204145,1.69450847204145,2126,,,0.00618602654427,Information
783221,14844.0,705.4366947,CAN,Canada,British Columbia,4.00960522,0.0,0.8,0.28,14844.0,14844.0,0.0,22.0,2.0,-9999.0,-9999.0,0.0,1.0,0.2,-999.9,-999.9,-3997.2,0.0,0.0,0.0,0.0,0.0,0.0,0.0,0.0,0.0,0.0,0.0,-3997.2,0.8963098454148681,80.1921044,0.0,,,,,,,,,,,,,,,,,0.0,0.0,1.6875,0.2392135272613909,0.0,0.0,0.0590625,0.8372473454148681,0.8963098454148681,209,,,0.0009822420978871,Information
783222,14845.0,7239.653087,CAN,Canada,British Columbia,3.14205962,0.0,0.8,0.28,14845.0,,,,,,,,,,,,,,,,,,,,,,,,,15.343639515635468,62.8411924,0.0,,11.438,0.158,10.0,0.138,2.125,0.029,3.375,0.047,0.1,0.138,0.031875,0.0435,0.084375,0.1175,0.51525,52.875,0.7303526752245605,161.4375,2.2299065722281792,0.793125,1.095529012836841,5.6503125,7.804673002798627,15.343639515635468,13294,,,0.1882132349615026,Information
783224,14847.0,5043.229294,CAN,Canada,British Columbia,2.138158529,0.0,0.8,0.28,14847.0,,,,,,,,,,,,,,,,,,,,,,,,,17.426640010357087,42.76317058,0.0,,32.188,0.638,31.5,0.625,0.188,0.004,0.562,0.011,0.315,0.625,0.00282,0.006,0.01405,0.0274999999999999,0.99037,0.0,0.0,166.921875,3.309821252959168,0.0,0.0,5.842265625,11.584374385357089,17.426640010357087,2128,,,0.1171809806647271,Information
783225,14848.0,3571.933588,CAN,Canada,British Columbia,1.975416341,0.0,0.8,0.28,14848.0,,,,,,,,,,,,,,,,,,,,,,,,,12.150421558536324,39.50832682,0.0,,8.938,0.25,7.938,0.222,0.125,0.003,0.25,0.007,0.0793799999999999,0.222,0.001875,0.0045,0.00625,0.0175,0.331505,0.5625,0.0157477731900375,91.125,2.5511392567860764,0.0084375,0.0236216597850562,3.189375,8.928987398751268,12.150421558536324,44296,,,0.0542312948083611,Information
783226,14849.0,20679.24815,CAN,Canada,British Columbia,3.092920892,0.0,0.8,0.28,14849.0,14849.0,0.0,15.0,2.0,-9999.0,-9999.0,0.0,1.0,0.2,-999.9,-999.9,-3997.2,0.0,0.0,0.0,0.0,0.0,0.0,0.0,0.0,0.0,0.0,0.0,-3997.2,25.87090967307297,61.85841784,0.0,,44.75,0.216,38.812,0.188,0.062,0.0,0.375,0.002,0.3881199999999999,0.188,0.0009299999999999,0.0,0.009375,0.005,0.591425,0.984375,0.0047602069139559,497.8125,2.4073046393434385,0.014765625,0.0071403103709338,17.4234375,8.425566237702036,25.87090967307297,30787,,,0.3489392247362283,Information
783227,14850.0,1997.568887,CAN,Canada,British Columbia,3.490968497,0.0,0.8,0.28,14850.0,14850.0,0.0,1.0,-9999.0,-9999.0,-9999.0,0.0,10.0,-999.9,-999.9,-999.9,-5979.4,0.0,0.0,0.0,0.0,0.0,0.0,0.0,0.0,0.0,0.0,0.0,-5979.4,10.924975097304156,69.81936994,0.0,,7.25,0.363,6.875,0.344,1.25,0.063,0.875,0.044,0.06875,0.344,0.01875,0.0945,0.021875,0.1099999999999999,0.6578749999999999,6.75,0.3379107496487046,49.078125,2.4568927422374567,0.10125,0.5068661244730569,1.717734375,8.599124597831098,10.924975097304156,33285,,,0.1547792504829155,Information
783228,14851.0,3327.840777,CAN,Canada,British Columbia,0.066773455,0.0,0.8,0.28,14851.0,14851.0,0.0,1.0,2.0,-9999.0,-9999.0,0.0,10.0,0.2,-999.9,-999.9,-3979.2,0.0,0.0,0.0,0.0,0.0,0.0,0.0,0.0,0.0,0.0,0.0,-3979.2,7.175120848782974,1.3354691,0.0,,7.562,0.227,5.688,0.171,0.625,0.019,0.375,0.011,0.05688,0.171,0.009375,0.0284999999999999,0.009375,0.0274999999999999,0.30263,0.0,0.0,51.1875,1.5381595282237068,0.0,0.0,1.7915625,5.383558348782974,7.175120848782974,53,,,0.0043822513962801,Information
783229,14852.0,11982.03867,CAN,Canada,British Columbia,2.462459317,0.0,0.8,0.28,14852.0,,,,,,,,,,,,,,,,,,,,,,,,,9.008946776847925,49.24918634,0.0,,16.312,0.136,13.062,0.109,0.75,0.006,1.75,0.015,0.1306199999999999,0.109,0.01125,0.009,0.04375,0.0375,0.34112,5.484375,0.0457716349647964,137.953125,1.1513326641144948,0.082265625,0.0686574524471946,4.828359375,4.029664324400732,9.008946776847925,37505,,,0.0419305518517463,Information
783230,14853.0,16051.62279,CAN,Canada,British Columbia,1.661641005,0.0,0.8,0.28,14853.0,,,,,,,,,,,,,,,,,,,,,,,,,7.376489413009407,33.2328201,0.0,,52.188,0.325,38.688,0.241,0.688,0.004,0.812,0.005,0.38688,0.241,0.01032,0.006,0.0203,0.0125,0.6769999999999999,5.0625,0.0315388672241146,127.6875,0.7954803177637816,0.0759375,0.0473083008361719,4.4690625,2.7841811121732354,7.376489413009407,2912,,,0.0138004122206052,Information
783240,14854.0,19751.75341,CAN,Canada,British Columbia,3.077248154,0.0,0.8,0.28,14854.0,14854.0,0.0,30.0,-9999.0,-9999.0,-9999.0,0.0,1.0,-999.9,-999.9,-999.9,-5997.4,0.0,0.0,0.0,0.0,0.0,0.0,0.0,0.0,0.0,0.0,0.0,-5997.4,18.35218970463438,61.54496308,0.0,,351.375,1.779,301.562,1.527,9.312,0.047,8.562,0.043,3.01562,1.527,0.13968,0.0705,0.2140499999999999,0.1074999999999999,5.074350000000001,44.4375,0.2249800261616417,329.0625,1.665991332969119,0.6665625,0.3374700392424625,11.5171875,5.830969665391916,18.35218970463438,858,,,0.2297286464682378,Information
783250,14855.0,25632.92584,CAN,Canada,British Columbia,2.125958849,0.0,0.8,0.28,14855.0,14855.0,0.0,15.0,2.0,-9999.0,-9999.0,0.0,1.0,0.2,-999.9,-999.9,-3997.2,0.0,0.0,0.0,0.0,0.0,0.0,0.0,0.0,0.0,0.0,0.0,-3997.2,36.71326329131734,42.51917698,0.0,,438.25,1.71,421.5,1.644,0.688,0.003,0.0,0.0,4.215,1.644,0.01032,0.0045,0.0,0.0,5.87382,1.265625,0.0049374972176915,754.03125,2.94165112014023,0.018984375,0.0074062458265372,26.39109375,10.295778920490806,36.71326329131734,38839,,,0.326963554505818,Advisory
783260,14856.0,12303.76449,CAN,Canada,British Columbia,1.740754503,0.0,0.8,0.28,14856.0,14856.0,0.0,8.0,3.0,-9999.0,-9999.0,0.0,3.0,0.3,-999.9,-999.9,-3993.0,0.0,0.0,0.0,0.0,0.0,0.0,0.0,0.0,0.0,0.0,0.0,-3993.0,20.138623738048825,34.81509006,0.0,,322.125,2.618,298.938,2.43,2.188,0.018,0.125,0.001,2.98938,2.43,0.03282,0.0269999999999999,0.003125,0.0025,5.484825000000001,1.6875,0.0137153145388083,316.6875,2.573907361783032,0.0253125,0.0205729718082124,11.0840625,9.008675766240613,20.138623738048825,39,,,0.1200797033272749,Information
783270,14857.0,2700.995891,CAN,Canada,British Columbia,2.245562004,0.0,0.8,0.28,14857.0,,,,,,,,,,,,,,,,,,,,,,,,,16.039013997566258,44.91124008,0.0,,2.875,0.106,2.688,0.1,0.125,0.005,0.0,0.0,0.02688,0.1,0.001875,0.0075,0.0,0.0,0.136255,0.0,0.0,97.453125,3.6080441778760735,0.0,0.0,3.410859375,12.628154622566257,16.039013997566258,46518,,,0.1086160651256432,Information
783281,14858.0,311.7142609,CAN,Canada,British Columbia,3.038842815,0.0,0.8,0.28,14858.0,,,,,,,,,,,,,,,,,,,,,,,,,20.026722944885417,60.776856300000006,0.0,,2.062,0.662,2.062,0.662,0.0,0.0,0.0,0.0,0.02062,0.662,0.0,0.0,0.0,0.0,0.68262,0.0,0.0,17.296875,5.548952091395834,0.0,0.0,0.605390625,19.42133231988542,20.026722944885417,25872,,,0.2507283674138317,Information
783282,14859.0,3590.385741,CAN,Canada,British Columbia,0.368235276,0.0,0.8,0.28,14859.0,,,,,,,,,,,,,,,,,,,,,,,,,20.759544288697064,7.36470552,0.0,,30.375,0.846,30.375,0.846,0.312,0.009,0.375,0.01,0.30375,0.846,0.00468,0.0134999999999999,0.009375,0.025,1.202305,6.328125,0.1762519533311199,153.984375,4.288797531057253,0.094921875,0.2643779299966798,5.389453125,15.010791358700386,20.759544288697064,2030,,,0.0673706034093513,Information
783283,14860.0,707.4682075,CAN,Canada,British Columbia,3.525524433,0.0,0.8,0.28,14860.0,14860.0,0.0,21.0,-9999.0,-9999.0,-9999.0,0.0,1.0,-999.9,-999.9,-999.9,-5997.4,0.0,0.0,0.0,0.0,0.0,0.0,0.0,0.0,0.0,0.0,0.0,-5997.4,9.460501658405809,70.51048866000001,0.0,,13.5,1.908,11.875,1.679,0.0,0.0,0.0,0.0,0.11875,1.679,0.0,0.0,0.0,0.0,1.79775,0.0,0.0,17.859375,2.5244067238302312,0.0,0.0,0.625078125,8.835423533405809,9.460501658405809,346,,,0.1277881142500326,Information
783284,14861.0,15538.49244,CAN,Canada,British Columbia,3.832981791,0.0,0.8,0.28,14861.0,14861.0,0.0,22.0,-9999.0,-9999.0,-9999.0,0.0,1.0,-999.9,-999.9,-999.9,-5997.4,0.0,0.0,0.0,0.0,0.0,0.0,0.0,0.0,0.0,0.0,0.0,-5997.4,35.27214765452034,76.65963582,0.0,3.0,55.812,0.359,47.375,0.305,0.188,0.001,1.875,0.012,0.47375,0.305,0.00282,0.0015,0.046875,0.03,0.8599450000000001,15.1875,0.097741142237612,606.65625,3.904215626046835,0.2278125,0.146611713356418,21.23296875,13.664754691163925,35.27214765452034,3378,49.0,1.45,0.6601635046360399,Watch
783285,14862.0,3138.045751,CAN,Canada,British Columbia,1.917315751,0.0,0.8,0.28,14862.0,14862.0,0.0,2.0,-9999.0,-9999.0,-9999.0,0.0,9.0,-999.9,-999.9,-999.9,-5981.4,0.0,0.0,0.0,0.0,0.0,0.0,0.0,0.0,0.0,0.0,0.0,-5981.4,11.145117417262489,38.34631502,0.0,,98.562,3.141,87.875,2.8,0.5,0.016,0.125,0.004,0.87875,2.8,0.0075,0.024,0.003125,0.01,3.723375,1.265625,0.0403316299552891,75.515625,2.406453920665587,0.018984375,0.0604974449329336,2.643046875,8.422588722329554,11.145117417262489,6851,,,0.0435838169874233,Information
783286,14863.0,6501.537154,CAN,Canada,British Columbia,3.259984603,0.0,0.8,0.28,14863.0,,,,,,,,,,,,,,,,,,,,,,,,,18.31356536867452,65.19969206,0.0,,13.0,0.2,13.0,0.2,0.25,0.004,0.062,0.001,0.13,0.2,0.00375,0.006,0.00155,0.0025,0.3438,11.8125,0.1816878027613836,201.09375,3.0930185470092693,0.1771875,0.2725317041420754,7.03828125,10.825564914532444,18.31356536867452,6977,,,0.2604417295724677,Information
783287,14864.0,5355.708033,CAN,Canada,British Columbia,2.365718886,0.0,0.8,0.28,14864.0,14864.0,0.0,5.0,-9999.0,-9999.0,-9999.0,0.0,6.0,-999.9,-999.9,-999.9,-5987.4,0.0,0.0,0.0,0.0,0.0,0.0,0.0,0.0,0.0,0.0,0.0,-5987.4,34.860267816778446,47.31437772,0.0,,42.938,0.802,41.062,0.767,1.312,0.025,0.5,0.009,0.41062,0.767,0.01968,0.0375,0.0125,0.0225,1.2698,10.265625,0.1916763373958856,342.984375,6.404090231624178,0.153984375,0.2875145060938284,12.004453125,22.41431581068462,34.860267816778446,342,,,0.3398051848160173,Information
783291,14867.0,230.016221,CAN,Canada,British Columbia,0.836855394,0.0,0.8,0.28,14867.0,14867.0,0.0,15.0,2.0,-9999.0,-9999.0,0.0,1.0,0.2,-999.9,-999.9,-3997.2,0.0,0.0,0.0,0.0,0.0,0.0,0.0,0.0,0.0,0.0,0.0,-3997.2,19.920022766244003,16.73710788,0.0,,0.438,0.19,0.438,0.19,0.0,0.0,0.0,0.0,0.00438,0.19,0.0,0.0,0.0,0.0,0.19438,0.0,0.0,12.796875,5.563466326069715,0.0,0.0,0.447890625,19.472132141244003,19.920022766244003,2458,,,0.0763186831431189,Information
783292,14868.0,4441.94071,CAN,Canada,British Columbia,3.393510397,0.0,0.8,0.28,14868.0,,,,,,,,,,,,,,,,,,,,,,,,,32.489313809823855,67.87020794,0.0,,46.375,1.044,31.688,0.713,0.0,0.0,0.312,0.007,0.31688,0.713,0.0,0.0,0.0078,0.0175,1.05518,27.984375,0.6300033437454189,273.515625,6.157570369773064,0.419765625,0.9450050156181284,9.573046875,21.551496294205727,32.489313809823855,2439,,,0.5044391498413533,Advisory
783294,14870.0,3171.328354,CAN,Canada,British Columbia,1.170855647,0.0,0.8,0.28,14870.0,,,,,,,,,,,,,,,,,,,,,,,,,8.687761220791268,23.41711294,0.0,,45.875,1.447,45.688,1.441,0.0,0.0,0.062,0.002,0.45688,1.441,0.0,0.0,0.00155,0.005,1.90443,0.0,0.0,59.765625,1.884561241654648,0.0,0.0,2.091796875,6.595964345791268,8.687761220791268,224,,,0.0147605017868964,Information
783295,14871.0,934.3223891,CAN,Canada,British Columbia,2.174156814,0.0,0.8,0.28,14871.0,,,,,,,,,,,,,,,,,,,,,,,,,12.20306176483752,43.48313628,0.0,,3.875,0.415,3.875,0.415,0.0,0.0,0.0,0.0,0.03875,0.415,0.0,0.0,0.0,0.0,0.45375,0.28125,0.0301020293724545,29.671875,3.175764098793954,0.00421875,0.0451530440586817,1.038515625,11.115174345778838,12.20306176483752,36,,,0.0626561400313215,Information
783297,14873.0,297.3929352,CAN,Canada,British Columbia,3.744939811,0.0,0.8,0.28,14873.0,,,,,,,,,,,,,,,,,,,,,,,,,34.25494504351886,74.89879622000001,0.0,3.0,19.562,6.578,19.562,6.578,0.0,0.0,0.0,0.0,0.19562,6.578,0.0,0.0,0.0,0.0,6.77362,0.0,0.0,28.265625,9.504470905291102,0.0,0.0,0.989296875,33.26564816851886,34.25494504351886,0,0.0,0.0,0.622067429258409,Watch
783298,14874.0,3606.274055,CAN,Canada,British Columbia,3.038981541,0.0,0.8,0.28,14874.0,,,,,,,,,,,,,,,,,,,,,,,,,6.576420180085652,60.77963082,0.0,,27.125,0.752,26.188,0.726,0.125,0.003,0.188,0.005,0.26188,0.726,0.001875,0.0045,0.0046999999999999,0.0125,1.011455,0.703125,0.0194972702907852,49.5,1.3726078284712782,0.010546875,0.0292459054361777,1.7325,4.804127399649474,6.576420180085652,13,,,0.0370734624424009,Information
783299,14875.0,14341.37236,CAN,Canada,British Columbia,1.631279818,0.0,0.8,0.28,14875.0,,,,,,,,,,,,,,,,,,,,,,,,,2.648159808795422,32.62559636,0.0,,74.5,0.519,72.438,0.505,0.0,0.0,0.0,0.0,0.72438,0.505,0.0,0.0,0.0,0.0,1.22938,0.0,0.0,44.578125,0.3108358382272634,0.0,0.0,1.560234375,1.0879254337954218,2.648159808795422,2508,,,0.0006052377479537,Information
783309,14883.0,10321.97486,CAN,Canada,British Columbia,1.147685108,1.000598099,0.8,0.28,14883.0,,,,,,,,,,,,,,,,,,,,,,,,,53.93300277013287,22.95370216,20.01196198,,33.125,0.321,31.875,0.309,27.875,0.27,17.5,0.17,0.31875,0.309,0.418125,0.405,0.4375,0.425,2.313375,236.8125,2.294255732284588,681.1875,6.599391191915998,3.5521875,3.441383598426881,23.8415625,23.097869171705995,53.93300277013287,737073,,,0.3606717076474186,Advisory
783310,14884.0,19052.10656,CAN,Canada,British Columbia,2.4342441,3.030800309,0.8,0.28,14884.0,,,,,,,,,,,,,,,,,,,,,,,,,31.71933400997532,48.684882,60.61600618,,51.375,0.27,50.688,0.266,30.812,0.162,22.188,0.116,0.50688,0.266,0.46218,0.243,0.5547,0.29,2.32276,120.515625,0.6325580040933511,542.671875,2.848356286810084,1.807734375,0.9488370061400266,18.993515625,9.969247003835294,31.71933400997532,1348422,,,0.414325089673709,Advisory
783320,14885.0,5759.844558,CAN,Canada,British Columbia,3.338615058,0.0,0.8,0.28,14885.0,,,,,,,,,,,,,,,,,,,,,,,,,4.434499762574684,66.77230116,0.0,,1.25,0.022,1.25,0.022,1.25,0.022,1.25,0.022,0.0125,0.022,0.01875,0.033,0.03125,0.0549999999999999,0.1725,9.28125,0.1611371610237996,42.328125,0.7348831131539956,0.13921875,0.2417057415356994,1.481484375,2.572090896038985,4.434499762574684,188,,,0.0220063933964522,Information
783360,14887.0,5370.059026,CAN,Canada,British Columbia,4.008821353,0.0,0.8,0.28,14887.0,,,,,,,,,,,,,,,,,,,,,,,,,6.80616728265481,80.17642706000001,0.0,,14.562,0.271,13.812,0.257,2.875,0.054,0.562,0.01,0.13812,0.257,0.043125,0.081,0.01405,0.025,0.558295,5.625,0.1047474519847382,65.53125,1.220307815622201,0.084375,0.1571211779771072,2.29359375,4.271077354677703,6.80616728265481,1382,,,0.1425252308915884,Information
783380,14889.0,7785.172166,CAN,Canada,British Columbia,0.663798163,0.0,0.8,0.28,14889.0,,,,,,,,,,,,,,,,,,,,,,,,,10.570956433868629,13.27596326,0.0,,83.625,1.074,70.875,0.91,3.625,0.047,0.062,0.001,0.70875,0.91,0.054375,0.0705,0.00155,0.0025,1.747675,10.546875,0.1354738825908364,127.6875,1.6401371385663923,0.158203125,0.2032108238862546,4.4690625,5.7404799849823736,10.570956433868629,181,,,0.0176621645990042,Information
783390,14890.0,8328.013011,CAN,Canada,British Columbia,1.192163315,0.0,0.8,0.28,14890.0,,,,,,,,,,,,,,,,,,,,,,,,,64.84485183540116,23.8432663,0.0,3.0,43.562,0.523,42.688,0.513,0.625,0.008,3.5,0.042,0.42688,0.513,0.009375,0.012,0.0875,0.105,1.153755,0.703125,0.0084428902674441,852.046875,10.23109442608886,0.010546875,0.0126643354011661,29.821640625,35.0,64.84485183540116,727,16.0,2.2,0.4361270456324329,Watch
783397,14896.0,2702.79378,CAN,Canada,British Columbia,3.027881776,0.0,0.8,0.28,14896.0,,,,,,,,,,,,,,,,,,,,,,,,,20.587656966046843,60.557635520000005,0.0,,2.188,0.081,2.188,0.081,0.0,0.0,0.0,0.0,0.02188,0.081,0.0,0.0,0.0,0.0,0.10288,0.0,0.0,125.15625,4.630625204584813,0.0,0.0,4.38046875,16.207188216046845,20.587656966046843,8,,,0.2577980679402248,Information
783405,14903.0,4362.170469,CAN,Canada,British Columbia,3.206505611,0.0,0.8,0.28,14903.0,14903.0,0.0,11.0,-9999.0,-9999.0,-9999.0,0.0,1.0,-999.9,-999.9,-999.9,-5997.4,0.0,0.0,0.0,0.0,0.0,0.0,0.0,0.0,0.0,0.0,0.0,-5997.4,4.958718448193274,64.13011222,0.0,,,,,,,,,,,,,,,,,0.0,0.0,43.03125,0.9864641994837926,0.0,0.0,1.50609375,3.452624698193274,4.958718448193274,645,,,0.0239220333114252,Information
783408,14906.0,12592.94385,CAN,Canada,British Columbia,1.593220136,0.0,0.8,0.28,14906.0,14906.0,0.0,11.0,-9999.0,-9999.0,-9999.0,0.0,1.0,-999.9,-999.9,-999.9,-5997.4,0.0,0.0,0.0,0.0,0.0,0.0,0.0,0.0,0.0,0.0,0.0,-5997.4,3.1524220170004544,31.86440272,0.0,,127.312,1.011,90.25,0.717,0.0,0.0,0.875,0.007,0.9025,0.717,0.0,0.0,0.021875,0.0175,1.658875,0.0,0.0,50.203125,0.3986607548572727,0.0,0.0,1.757109375,1.3953126420004545,3.1524220170004544,0,,,0.0010584257423045,Information
783409,14907.0,10434.80376,CAN,Canada,British Columbia,1.217540837,0.0,0.8,0.28,14907.0,,,,,,,,,,,,,,,,,,,,,,,,,26.64401654286239,24.35081674,0.0,,12.438,0.119,8.812,0.084,0.0,0.0,0.688,0.007,0.0881199999999999,0.084,0.0,0.0,0.0171999999999999,0.0175,0.20682,26.015625,0.2493159009487899,377.578125,3.618449697554059,0.390234375,0.3739738514231848,13.215234375,12.664573941439206,26.64401654286239,564,,,0.1483486607583667,Information
783500,14908.0,4777.234547,CAN,Canada,British Columbia,1.477496392,0.0,0.8,0.28,14908.0,,,,,,,,,,,,,,,,,,,,,,,,,16.747109782130867,29.54992784,0.0,,3.875,0.081,3.562,0.075,0.0,0.0,0.0,0.0,0.03562,0.075,0.0,0.0,0.0,0.0,0.11062,0.0,0.0,154.6875,3.238013509180248,0.0,0.0,5.4140625,11.333047282130869,16.747109782130867,10560,,,0.0754046735081268,Information
783600,14909.0,19873.87348,CAN,Canada,British Columbia,1.699903891,0.0,0.8,0.28,14909.0,14909.0,0.0,10.0,-9999.0,-9999.0,-9999.0,0.0,1.0,-999.9,-999.9,-999.9,-5997.4,0.0,0.0,0.0,0.0,0.0,0.0,0.0,0.0,0.0,0.0,0.0,-5997.4,9.558772162927712,33.99807782,0.0,,21.5,0.108,16.5,0.083,0.0,0.0,0.0,0.0,0.165,0.083,0.0,0.0,0.0,0.0,0.248,0.0,0.0,181.6875,0.9142027608364888,0.0,0.0,6.3590625,3.199709662927711,9.558772162927712,672,,,0.0266658962028368,Information
783702,14911.0,718.9621381,CAN,Canada,British Columbia,3.735520459,0.0,0.8,0.28,14911.0,,,,,,,,,,,,,,,,,,,,,,,,,0.880559166827948,74.71040918,0.0,,1.25,0.174,1.25,0.174,0.0,0.0,0.0,0.0,0.0125,0.174,0.0,0.0,0.0,0.0,0.1865,0.0,0.0,1.6875,0.2347133333794137,0.0,0.0,0.0590625,0.821496666827948,0.880559166827948,115,,,0.0003931242366708,Information
783803,14921.0,13152.52702,CAN,Canada,British Columbia,2.070443234,0.0,0.8,0.28,14921.0,14921.0,3.0,30.0,100.0,98.0,88.0,10.0,1.0,10.0,9.8,8.8,-3305.1333333333328,0.0,0.0,0.0,0.0,0.0,0.0,0.0,0.0,0.0,0.0,0.0,-3305.1333333333328,8.352121639154156,41.40886467999999,0.0,,107.688,0.819,86.938,0.661,0.0,0.0,0.0,0.0,0.86938,0.661,0.0,0.0,0.0,0.0,1.53038,0.0,0.0,135.5625,1.030695468329759,0.0,0.0,4.7446875,3.607434139154156,8.352121639154156,109,,,0.0257034246071217,Information
783904,14931.0,17459.49125,CAN,Canada,British Columbia,0.192964635,0.0,0.8,0.28,14931.0,14931.0,1.0,19.0,39.0,7.0,-9999.0,3.0,1.0,3.9,0.7,-999.9,-1479.95,0.0,0.0,0.0,0.0,0.0,0.0,0.0,0.0,0.0,0.0,0.0,-1479.95,11.324937344112648,3.8592927,0.0,,274.375,1.571,186.562,1.069,0.0,0.0,0.312,0.002,1.86562,1.069,0.0,0.0,0.0078,0.005,2.94742,0.0,0.0,205.734375,1.178352634032185,0.0,0.0,7.200703125,4.124234219112648,11.324937344112648,0,,,0.0162257046109819,Information
811102,14937.0,28131.30903,CAN,Canada,Yukon,3.816970284,0.0,0.8,0.28,14937.0,14937.0,2.0,27.0,82.0,39.0,9.0,7.0,1.0,8.2,3.9,0.9,-1618.4470588235297,0.0,0.0,0.0,0.0,0.0,0.0,0.0,0.0,0.0,0.0,0.0,-1618.4470588235297,17.972020856294222,76.33940568,0.0,,112.188,0.399,87.688,0.312,57.062,0.203,17.25,0.061,0.87688,0.312,0.8559299999999999,0.3045,0.43125,0.1525,2.93306,197.15625,0.7008427861562818,294.328125,1.0462653005885147,2.95734375,1.0512641792344226,10.301484375,3.6619285520598015,17.972020856294222,639,,,0.3916601067943271,Advisory
812606,15085.0,8475.677495,CAN,Canada,Yukon,4.036179622,0.0,0.8,0.28,15085.0,15085.0,0.0,1.0,-9999.0,-9999.0,-9999.0,0.0,10.0,-999.9,-999.9,-999.9,-4460.05,0.0,0.0,0.0,0.0,0.0,0.0,0.0,0.0,0.0,0.0,0.0,-4460.05,84.65878775792012,80.72359243999999,0.0,3.0,236.438,2.79,174.375,2.057,305.562,3.605,531.5,6.271,1.74375,2.057,4.58343,5.4075,13.2875,15.6775,42.75668,448.3125,5.289400171946746,1080.421875,12.74732168163954,6.7246875,7.93410025792012,35.0,35.0,84.65878775792012,2,0.0,0.0,0.9305296077563704,Warning
812608,15087.0,6479.491855,CAN,Canada,Yukon,2.074168137,0.0,0.8,0.28,15087.0,,,,,,,,,,,,,,,,,,,,,,,,,7.373076541608347,41.48336274,0.0,,10.188,0.157,2.5,0.039,0.0,0.0,1.812,0.028,0.025,0.039,0.0,0.0,0.0453,0.07,0.1793,0.0,0.0,82.828125,1.2783120476023848,0.0,0.0,2.898984375,4.474092166608347,7.373076541608347,7,,,0.0191571651261118,Information
812707,15095.0,4027.757948,CAN,Canada,Yukon,0.859854708,0.0,0.8,0.28,15095.0,15095.0,1.0,1.0,100.0,-9999.0,-9999.0,3.0,10.0,10.0,-999.9,-999.9,-3953.6,0.0,0.0,0.0,0.0,0.0,0.0,0.0,0.0,0.0,0.0,0.0,-3953.6,2.5541226493140226,17.19709416,0.0,,,,,,,,,,,,,,,,,0.984375,0.0244397754941479,20.53125,0.5097438888779431,0.014765625,0.0366596632412218,0.71859375,1.7841036110728008,2.5541226493140226,11,,,0.000251875040709,Information
812708,15096.0,7891.923674,CAN,Canada,Yukon,4.034197813,0.0,0.8,0.28,15096.0,15096.0,1.0,1.0,100.0,-9999.0,-9999.0,3.0,10.0,10.0,-999.9,-999.9,-3286.866666666667,0.0,0.0,0.0,0.0,0.0,0.0,0.0,0.0,0.0,0.0,0.0,-3286.866666666667,1.0712133422770995,80.68395625999999,0.0,,,,,,,,,,,,,,,,,0.0,0.0,13.5,0.1710609549363142,0.0,0.0,0.4725,0.5987133422770997,1.0712133422770995,145,,,0.0019131122863452,Information
812709,15097.0,8944.402053,CAN,Canada,Yukon,2.41247957,0.0,0.8,0.28,15097.0,,,,,,,,,,,,,,,,,,,,,,,,,4.363447445676191,48.2495914,0.0,,2.438,0.027,2.188,0.024,0.062,0.001,1.938,0.022,0.02188,0.024,0.0009299999999999,0.0015,0.04845,0.0549999999999999,0.15176,15.609375,0.1745155786485032,52.171875,0.5832908079152674,0.234140625,0.2617733679727548,1.826015625,2.0415178277034363,4.363447445676191,206,,,0.006696023256799,Information
812804,15101.0,2977.017898,CAN,Canada,Yukon,2.141830596,0.0,0.8,0.28,15101.0,,,,,,,,,,,,,,,,,,,,,,,,,2.038203969485345,42.83661192,0.0,,2.375,0.08,2.0,0.067,0.125,0.004,0.188,0.006,0.02,0.067,0.001875,0.006,0.0046999999999999,0.015,0.114575,0.0,0.0,13.359375,0.4487502412815272,0.0,0.0,0.467578125,1.5706258444853451,2.038203969485345,92,,,0.0004282724704849,Information
812805,15102.0,4069.661998,CAN,Canada,Yukon,0.276115916,0.0,0.8,0.28,15102.0,15102.0,0.0,1.0,-9999.0,-9999.0,-9999.0,0.0,10.0,-999.9,-999.9,-999.9,-5979.4,0.0,0.0,0.0,0.0,0.0,0.0,0.0,0.0,0.0,0.0,0.0,-5979.4,5.598243716126001,5.52231832,0.0,,20.688,0.508,17.312,0.425,0.75,0.018,4.188,0.103,0.17312,0.425,0.01125,0.0269999999999999,0.1046999999999999,0.2575,0.99857,1.96875,0.0483762533875501,45.421875,1.1161092745841932,0.02953125,0.0725643800813251,1.589765625,3.906382461044676,5.598243716126001,260,,,0.0023573202278128,Information
812924,15111.0,12672.03204,CAN,Canada,Yukon,3.979152119,0.0,0.8,0.28,15111.0,15111.0,1.0,14.0,96.0,19.0,-9999.0,3.0,1.0,9.6,1.9,-999.9,-634.0222222222224,0.0,0.0,0.0,0.0,0.0,0.0,0.0,0.0,0.0,0.0,0.0,-634.0222222222224,3.02563,79.58304238,0.0,,164.688,1.3,159.938,1.262,0.875,0.007,3.125,0.025,1.5993799999999998,1.262,0.013125,0.0105,0.078125,0.0625,3.02563,0.0,0.0,47.671875,0.3761975574720271,0.0,0.0,1.668515625,1.3166914511520948,2.985207076152095,91,,,0.0281151516203203,Information
812929,15116.0,9263.313366,CAN,Canada,Yukon,4.008551103,0.0,0.8,0.28,15116.0,15116.0,2.0,24.0,96.0,68.0,17.0,7.0,1.0,9.6,6.8,1.7,-621.8666666666667,0.0,0.0,0.0,0.0,0.0,0.0,0.0,0.0,0.0,0.0,0.0,-621.8666666666667,11.728046785733842,80.17102206000001,0.0,,156.125,1.685,117.312,1.266,7.125,0.077,4.25,0.046,1.17312,1.266,0.106875,0.1154999999999999,0.10625,0.1149999999999999,2.882745,86.90625,0.938176725429127,123.890625,1.337433163597186,1.30359375,1.4072650881436906,4.336171875,4.68101607259015,11.728046785733842,116,,,0.2997355445715095,Information
812930,15117.0,5024.51538,CAN,Canada,Yukon,3.821091803,0.0,0.8,0.28,15117.0,15117.0,0.0,30.0,-9999.0,-9999.0,-9999.0,0.0,1.0,-999.9,-999.9,-999.9,-5997.4,0.0,0.0,0.0,0.0,0.0,0.0,0.0,0.0,0.0,0.0,0.0,-5997.4,8.191393339976495,76.42183606,0.0,,63.688,1.268,38.312,0.763,5.75,0.114,8.688,0.173,0.3831199999999999,0.763,0.08625,0.171,0.2172,0.4325,2.05307,26.4375,0.5261701478006061,66.9375,1.3322180337930245,0.3965625,0.7892552217009092,2.3428125,4.662763118275586,8.191393339976495,0,,,0.1452017149449482,Information
812941,15118.0,1365.949277,CAN,Canada,Yukon,4.034937936,0.0,0.8,0.28,15118.0,15118.0,0.0,4.0,-9999.0,-9999.0,-9999.0,0.0,7.0,-999.9,-999.9,-999.9,-5985.4,0.0,0.0,0.0,0.0,0.0,0.0,0.0,0.0,0.0,0.0,0.0,-5985.4,8.852024530609974,80.69875872,0.0,,3.5,0.256,3.188,0.233,0.312,0.023,0.625,0.046,0.03188,0.233,0.00468,0.0345,0.015625,0.1149999999999999,0.434685,9.5625,0.7000625982570764,26.296875,1.92517214520696,0.1434375,1.0500938973856146,0.920390625,6.73810250822436,8.852024530609974,126,,,0.2178357837551428,Information
812947,15124.0,6115.658841,CAN,Canada,Yukon,2.618907208,0.0,0.8,0.28,15124.0,15124.0,0.0,3.0,-9999.0,-9999.0,-9999.0,0.0,8.0,-999.9,-999.9,-999.9,-5983.4,0.0,0.0,0.0,0.0,0.0,0.0,0.0,0.0,0.0,0.0,0.0,-5983.4,4.776615321478854,52.37814416,0.0,,,,,,,,,,,,,,,,,6.328125,0.1034741336047699,49.078125,0.8024993917347711,0.094921875,0.1552112004071548,1.717734375,2.808747871071699,4.776615321478854,269,,,0.0107365913361533,Information
812950,15127.0,18149.73794,CAN,Canada,Yukon,2.952375893,0.0,0.8,0.28,15127.0,15127.0,1.0,30.0,68.0,2.0,-9999.0,3.0,1.0,6.8,0.2,-999.9,-1977.8,0.0,0.0,0.0,0.0,0.0,0.0,0.0,0.0,0.0,0.0,0.0,-1977.8,18.14855512179453,59.04751786,0.0,,150.438,0.829,135.125,0.745,66.938,0.369,30.375,0.167,1.35125,0.745,1.00407,0.5535,0.759375,0.4175,4.830695,108.421875,0.5973743276233126,287.859375,1.5860249658170178,1.626328125,0.8960614914349688,10.075078125,5.551087380359562,18.14855512179453,280,,,0.2078736160992053,Information
812960,15128.0,15218.72652,CAN,Canada,Yukon,2.186938855,0.0,0.8,0.28,15128.0,,,,,,,,,,,,,,,,,,,,,,,,,7.036268581385891,43.73877710000001,0.0,,0.0,0.0,0.0,0.0,14.125,0.093,20.688,0.136,0.0,0.0,0.211875,0.1395,0.5172,0.34,1.208575,46.828125,0.307700679988906,101.25,0.6652987675435806,0.702421875,0.461551019983359,3.54375,2.328545686402532,7.036268581385891,8,,,0.018812005457144,Information
812970,15129.0,650.5341882,CAN,Canada,Yukon,4.036179608,0.0,0.8,0.28,15129.0,,,,,,,,,,,,,,,,,,,,,,,,,16.737793737662038,80.72359216000001,0.0,,0.0,0.0,0.0,0.0,1.062,0.163,2.125,0.327,0.0,0.0,0.01593,0.2445,0.053125,0.8175,1.131055,14.34375,2.2049187052840824,23.0625,3.545163408495975,0.21515625,3.3073780579261234,0.8071875,12.408071929735913,16.737793737662038,1,,,0.4438509583376833,Advisory
812981,15130.0,3340.766892,CAN,Canada,Yukon,0.513250774,0.0,0.8,0.28,15130.0,15130.0,2.0,30.0,100.0,64.0,5.0,7.0,1.0,10.0,6.4,0.5,49.8,0.0,0.0,0.0,0.0,0.0,0.0,0.0,0.0,0.0,0.0,0.0,49.8,49.8,10.26501548,0.0,,0.188,0.006,0.188,0.006,9.125,0.273,7.562,0.226,0.00188,0.006,0.136875,0.4095,0.18905,0.5650000000000001,1.3083050000000005,24.1875,0.7240104077607088,96.1875,2.879204179699563,0.3628125,1.0860156116410633,3.3665625,10.07721462894847,14.892605240589534,447,,,0.2779823843504015,Advisory
812982,15131.0,8350.163739,CAN,Canada,Yukon,2.724054504,0.0,0.8,0.28,15131.0,15131.0,3.0,30.0,100.0,98.0,54.0,10.0,1.0,10.0,9.8,5.4,35.6,0.0,0.0,0.0,0.0,0.0,0.0,0.0,0.0,0.0,0.0,0.0,35.6,35.6,54.48109008,0.0,,3.25,0.039,2.375,0.028,11.625,0.139,1.75,0.021,0.02375,0.028,0.174375,0.2085,0.04375,0.0525,0.5308750000000001,37.40625,0.4479702574436726,64.125,0.7679490127605816,0.56109375,0.6719553861655089,2.244375,2.6878215446620355,6.165245680827544,580,,,0.4029254167062897,Advisory
812983,15132.0,1511.959581,CAN,Canada,Yukon,2.791926775,0.0,0.8,0.28,15132.0,15132.0,2.0,30.0,100.0,78.0,7.0,7.0,1.0,10.0,7.8,0.7,53.0,0.0,0.0,0.0,0.0,0.0,0.0,0.0,0.0,0.0,0.0,0.0,53.0,53.0,55.8385355,0.0,,0.25,0.017,0.25,0.017,1.125,0.074,0.062,0.004,0.0025,0.017,0.016875,0.1109999999999999,0.00155,0.01,0.1589249999999999,10.125,0.6696607587206495,21.09375,1.3951265806680195,0.151875,1.0044911380809742,0.73828125,4.882943032338068,6.777590420419043,24089,,,0.5723810259051112,Advisory
812984,15133.0,1873.104641,CAN,Canada,Yukon,3.32650325,0.0,0.8,0.28,15133.0,15133.0,1.0,1.0,100.0,2.0,-9999.0,3.0,10.0,10.0,0.2,-999.9,-1953.4,0.0,0.0,0.0,0.0,0.0,0.0,0.0,0.0,0.0,0.0,0.0,-1953.4,9.29267726983098,66.53006500000001,0.0,,0.0,0.0,0.0,0.0,2.938,0.157,0.875,0.047,0.0,0.0,0.04407,0.2355,0.021875,0.1175,0.4189449999999999,3.234375,0.1726745494782854,40.5,2.162185663032443,0.048515625,0.2590118242174281,1.4175,7.567649820613552,9.29267726983098,50,,,0.1000229381531623,Information
812986,15135.0,4262.906394,CAN,Canada,Yukon,1.061593237,0.0,0.8,0.28,15135.0,15135.0,2.0,26.0,100.0,94.0,15.0,7.0,1.0,10.0,9.4,1.5,59.4,0.0,0.0,0.0,0.0,0.0,0.0,0.0,0.0,0.0,0.0,0.0,59.4,59.4,21.23186474,0.0,,0.625,0.015,0.625,0.015,3.812,0.089,1.688,0.04,0.00625,0.015,0.05718,0.1335,0.0421999999999999,0.1,0.35413,12.515625,0.293593709172696,46.125,1.0820082765016217,0.187734375,0.440390563759044,1.614375,3.787028967755676,6.02952890651472,454,,,0.3888895916865777,Advisory
812988,15137.0,4154.77769,CAN,Canada,British Columbia,4.00865425,0.0,0.8,0.28,15137.0,15137.0,1.0,14.0,100.0,19.0,-9999.0,3.0,1.0,10.0,1.9,-999.9,-1968.0,0.0,0.0,0.0,0.0,0.0,0.0,0.0,0.0,0.0,0.0,0.0,-1968.0,10.698096732713152,80.173085,0.0,,42.438,1.021,32.875,0.791,0.0,0.0,0.938,0.023,0.32875,0.791,0.0,0.0,0.02345,0.0574999999999999,1.2007,0.0,0.0,89.71875,2.159411566489472,0.0,0.0,3.14015625,7.557940482713151,10.698096732713152,213,,,0.2686257701139336,Information
812990,15139.0,27052.02607,CAN,Canada,Yukon,2.568383744,0.0,0.8,0.28,15139.0,15139.0,1.0,8.0,49.0,-9999.0,-9999.0,3.0,3.0,4.9,-999.9,-999.9,-4978.6,0.0,0.0,0.0,0.0,0.0,0.0,0.0,0.0,0.0,0.0,0.0,-4978.6,25.752675022925136,51.36767488,0.0,,451.812,1.67,391.938,1.449,3.438,0.013,9.438,0.035,3.91938,1.449,0.05157,0.0195,0.23595,0.0875,5.7629,20.390625,0.0753755927376795,528.46875,1.9535274310910336,0.305859375,0.1130633891065192,18.49640625,6.837346008818617,25.752675022925136,438,,,0.2624697136475827,Information
821008,15204.0,5577.267083,CAN,Canada,Northwest Territories,4.036179624,0.0,0.8,0.28,15204.0,15204.0,1.0,1.0,100.0,-9999.0,-9999.0,3.0,10.0,10.0,-999.9,-999.9,-3953.6,0.0,0.0,0.0,0.0,0.0,0.0,0.0,0.0,0.0,0.0,0.0,-3953.6,100.0,80.72359248,0.0,2.0,1256.438,22.528,1038.188,18.615,1992.75,35.73,2008.0,36.003,10.0,10.0,15.0,15.0,25.0,25.0,100.0,599.90625,10.756276166530334,1291.921875,23.164066840579977,8.99859375,15.0,35.0,35.0,93.99859375,469,,,0.9501477858791014,Warning
822121,15207.0,15657.56607,CAN,Canada,Yukon,0.308900923,0.0,0.8,0.28,15207.0,15207.0,0.0,1.0,-9999.0,-9999.0,-9999.0,0.0,10.0,-999.9,-999.9,-999.9,-5979.4,0.0,0.0,0.0,0.0,0.0,0.0,0.0,0.0,0.0,0.0,0.0,-5979.4,77.43161935931874,6.17801846,0.0,3.0,970.688,6.199,718.938,4.592,942.875,6.022,1080.875,6.903,7.18938,4.592,14.143125,9.033,25.0,17.2575,77.21500499999999,302.34375,1.930975406212491,1686.796875,10.773046510473876,4.53515625,2.8964631093187365,35.0,35.0,77.43161935931874,765,90.0,11.76,0.4238695528095353,Watch
822140,15217.0,22373.73811,CAN,Canada,Northwest Territories,3.326503188,0.0,0.8,0.28,15217.0,15217.0,0.0,1.0,-9999.0,-9999.0,-9999.0,0.0,10.0,-999.9,-999.9,-999.9,-5979.4,0.0,0.0,0.0,0.0,0.0,0.0,0.0,0.0,0.0,0.0,0.0,-5979.4,23.257501880999527,66.53006376,0.0,,888.688,3.972,575.5,2.572,191.438,0.856,168.188,0.752,5.755,2.572,2.87157,1.284,4.2047,1.88,18.56727,42.890625,0.1917007555734781,440.859375,1.9704323564683737,0.643359375,0.2875511333602171,15.430078125,6.896513247639308,23.257501880999527,0,,,0.3579215863513458,Advisory
822150,15218.0,28567.13518,CAN,Canada,Northwest Territories,2.575521562,0.0,0.8,0.28,15218.0,15218.0,2.0,1.0,100.0,100.0,-9999.0,7.0,10.0,10.0,10.0,-999.9,-1925.8,0.0,0.0,0.0,0.0,0.0,0.0,0.0,0.0,0.0,0.0,0.0,-1925.8,63.02895660605496,51.51043124,0.0,3.0,840.875,2.944,525.5,1.84,885.375,3.099,1089.812,3.815,5.255,1.84,13.280625,4.6485,25.0,9.5375,59.561625,588.09375,2.0586374737697493,1315.6875,4.60559832725724,8.82140625,3.087956210654624,35.0,16.119594145400338,63.02895660605496,123,0.0,0.0,0.6034339316684274,Watch
822190,15222.0,16907.87256,CAN,Canada,Northwest Territories,3.897056001,0.0,0.8,0.28,15222.0,15222.0,0.0,3.0,-9999.0,-9999.0,-9999.0,0.0,8.0,-999.9,-999.9,-999.9,-5983.4,0.0,0.0,0.0,0.0,0.0,0.0,0.0,0.0,0.0,0.0,0.0,-5983.4,12.281941783320164,77.94112002,0.0,,0.75,0.004,0.5,0.003,0.125,0.001,2.5,0.015,0.005,0.003,0.001875,0.0015,0.0625,0.0375,0.111375,0.0,0.0,220.5,1.304126223805761,0.0,0.0,7.7175,4.564441783320163,12.281941783320164,520,,,0.2790771464980094,Information
822210,15223.0,22313.47746,CAN,Canada,Northwest Territories,3.981943791,0.0,0.8,0.28,15223.0,15223.0,0.0,1.0,-9999.0,-9999.0,-9999.0,0.0,10.0,-999.9,-999.9,-999.9,-5979.4,0.0,0.0,0.0,0.0,0.0,0.0,0.0,0.0,0.0,0.0,0.0,-5979.4,21.823878896147924,79.63887582,0.0,,23.312,0.104,14.375,0.064,41.875,0.188,131.25,0.588,0.14375,0.064,0.628125,0.282,3.28125,1.47,5.869125,94.78125,0.4247713077734055,389.953125,1.7476125169965189,1.42171875,0.6371569616601083,13.648359375,6.116643809487816,21.823878896147924,657,,,0.5276553621684854,Advisory
822296,15244.0,2723.810187,CAN,Canada,Northwest Territories,3.837914528,0.0,0.8,0.28,15244.0,,,,,,,,,,,,,,,,,,,,,,,,,6.27693,76.75829056,0.0,,39.062,1.434,38.188,1.402,16.5,0.606,28.562,1.049,0.38188,1.402,0.2475,0.909,0.71405,2.6225,6.27693,13.359375,0.4904664451967989,17.4375,0.6401877810989797,0.200390625,0.7356996677951984,0.6103125,2.240657233846429,3.787060026641627,172,,,0.0952557472704004,Information
822310,15248.0,4451.446789,CAN,Canada,Northwest Territories,4.036179623,0.0,0.8,0.28,15248.0,,,,,,,,,,,,,,,,,,,,,,,,,5.097196833648519,80.72359245999999,0.0,,2.562,0.058,1.062,0.024,0.0,0.0,7.438,0.167,0.01062,0.024,0.0,0.0,0.1859499999999999,0.4175,0.63807,0.0,0.0,44.859375,1.0077482024710052,0.0,0.0,1.570078125,3.5271187086485183,5.097196833648519,121,,,0.0917276426161664,Information
822350,15252.0,16249.09634,CAN,Canada,Northwest Territories,2.65852469,0.0,0.8,0.28,15252.0,15252.0,0.0,30.0,2.0,-9999.0,-9999.0,0.0,1.0,0.2,-999.9,-999.9,-3997.2,0.0,0.0,0.0,0.0,0.0,0.0,0.0,0.0,0.0,0.0,0.0,-3997.2,2.668091380420597,53.1704938,0.0,,0.0,0.0,0.0,0.0,0.0,0.0,8.438,0.052,0.0,0.0,0.0,0.0,0.21095,0.13,0.34095,8.71875,0.053656830000917,43.453125,0.2674187172626348,0.13078125,0.0804852450013755,1.520859375,0.9359655104192216,2.668091380420597,42,,,0.0020840581000004,Information
822390,15256.0,7123.907511,CAN,Canada,Northwest Territories,0.114444685,0.0,0.8,0.28,15256.0,15256.0,0.0,16.0,-9999.0,-9999.0,-9999.0,0.0,1.0,-999.9,-999.9,-999.9,-5997.4,0.0,0.0,0.0,0.0,0.0,0.0,0.0,0.0,0.0,0.0,0.0,-5997.4,6.004990827161644,2.2888937,0.0,,0.688,0.01,0.688,0.01,4.0,0.056,10.438,0.147,0.00688,0.01,0.06,0.084,0.26095,0.3675,0.7893300000000001,48.09375,0.6751035148546479,50.765625,0.7126092656799062,0.72140625,1.012655272281972,1.776796875,2.494132429879672,6.004990827161644,934,,,0.0026400919135169,Information
822421,15258.0,4328.820386,CAN,Canada,Northwest Territories,3.746154119,0.0,0.8,0.28,15258.0,15258.0,0.0,1.0,2.0,-9999.0,-9999.0,0.0,10.0,0.2,-999.9,-999.9,-3979.2,0.0,0.0,0.0,0.0,0.0,0.0,0.0,0.0,0.0,0.0,0.0,-3979.2,10.629294108176229,74.92308238,0.0,,0.0,0.0,0.0,0.0,0.75,0.017,1.688,0.039,0.0,0.0,0.01125,0.0255,0.0421999999999999,0.0975,0.17645,46.40625,1.0720299264060236,71.859375,1.6600220981620548,0.69609375,1.6080448896090354,2.515078125,5.810077343567192,10.629294108176229,0,,,0.1953540241327953,Information
822430,15267.0,9375.5815,CAN,Canada,Northwest Territories,3.459085581,0.0,0.8,0.28,15267.0,,,,,,,,,,,,,,,,,,,,,,,,,17.835085298590563,69.18171162,0.0,,0.812,0.009,0.812,0.009,0.562,0.006,3.812,0.041,0.00812,0.009,0.00843,0.009,0.0953,0.1025,0.23235,131.0625,1.3979132920460169,190.40625,2.030874031577582,1.9659375,2.096869938069025,6.66421875,7.108059110521538,17.835085298590563,235,,,0.2922097395854446,Information
822440,15268.0,22793.44309,CAN,Canada,British Columbia,1.92972942,0.0,0.8,0.28,15268.0,15268.0,0.0,8.0,2.0,-9999.0,-9999.0,0.0,3.0,0.2,-999.9,-999.9,-3993.2,0.0,0.0,0.0,0.0,0.0,0.0,0.0,0.0,0.0,0.0,0.0,-3993.2,7.699301838588711,38.5945884,0.0,,,,,,,,,,,,,,,,,19.125,0.0839057088550951,144.703125,0.6348454000874479,0.286875,0.1258585632826426,5.064609375,2.221958900306068,7.699301838588711,15,,,0.0189299497619425,Information
822467,15276.0,4233.50224,CAN,Canada,British Columbia,1.331223569,0.0,0.8,0.28,15276.0,15276.0,0.0,7.0,2.0,2.0,2.0,0.0,4.0,0.2,0.2,0.2,9.2,0.0,0.0,0.0,0.0,0.0,0.0,0.0,0.0,0.0,0.0,0.0,9.2,9.2,26.624471380000003,0.0,,,,,,,,,,,,,,,,,18.28125,0.4318233217807822,30.65625,0.7241344934477733,0.27421875,0.6477349826711734,1.07296875,2.534470727067206,4.529393209738379,199,,,0.0189290863824531,Information
822468,15277.0,7679.605741,CAN,Canada,British Columbia,0.162114935,0.0,0.8,0.28,15277.0,,,,,,,,,,,,,,,,,,,,,,,,,2.2030498091921684,3.2422987,0.0,,12.562,0.164,12.125,0.158,0.0,0.0,0.0,0.0,0.12125,0.158,0.0,0.0,0.0,0.0,0.27925,5.0625,0.0659213528742366,25.171875,0.3277756156802324,0.0759375,0.0988820293113549,0.881015625,1.147214654880813,2.2030498091921684,1,,,7.767197111633526e-05,Information
822475,15283.0,7589.76017,CAN,Canada,British Columbia,4.033206587,0.0,0.8,0.28,15283.0,15283.0,0.0,3.0,-9999.0,-9999.0,-9999.0,0.0,8.0,-999.9,-999.9,-999.9,-5983.4,0.0,0.0,0.0,0.0,0.0,0.0,0.0,0.0,0.0,0.0,0.0,-5983.4,4.684920807275899,80.66413173999999,0.0,,,,,,,,,,,,,,,,,0.5625,0.0074113013767677,57.515625,0.7578055657744995,0.0084375,0.0111169520651515,2.013046875,2.6523194802107484,4.684920807275899,20,,,0.0781519178761359,Information
822491,15289.0,3406.464628,CAN,Canada,British Columbia,4.033206589,0.0,0.8,0.28,15289.0,15289.0,0.0,3.0,-9999.0,-9999.0,-9999.0,0.0,8.0,-999.9,-999.9,-999.9,-5983.4,0.0,0.0,0.0,0.0,0.0,0.0,0.0,0.0,0.0,0.0,0.0,-5983.4,14.082357771429823,80.66413177999999,0.0,,,,,,,,,,,,,,,,,0.0,0.0,102.234375,3.0011870418370927,0.0,0.0,3.578203125,10.504154646429823,14.082357771429823,2,,,0.3756069912224369,Advisory
822494,15292.0,14578.01287,CAN,Canada,British Columbia,3.64483485,0.0,0.8,0.28,15292.0,15292.0,0.0,1.0,-9999.0,-9999.0,-9999.0,0.0,10.0,-999.9,-999.9,-999.9,-5979.4,0.0,0.0,0.0,0.0,0.0,0.0,0.0,0.0,0.0,0.0,0.0,-5979.4,14.620078663001856,72.896697,0.0,,215.25,1.477,173.688,1.191,0.0,0.0,0.375,0.003,1.73688,1.191,0.0,0.0,0.009375,0.0075,2.944755,0.28125,0.0019292752900354,247.640625,1.6987268928762294,0.00421875,0.0028939129350531,8.667421875,5.945544125066803,14.620078663001856,175,,,0.2685316995977448,Information
822495,15293.0,2583.652921,CAN,Canada,Yukon,0.077559302,0.0,0.8,0.28,15293.0,15293.0,0.0,3.0,-9999.0,-9999.0,-9999.0,0.0,8.0,-999.9,-999.9,-999.9,-5983.4,0.0,0.0,0.0,0.0,0.0,0.0,0.0,0.0,0.0,0.0,0.0,-5983.4,10.3798490007181,1.55118604,0.0,,12.375,0.479,12.375,0.479,0.0,0.0,0.188,0.007,0.12375,0.479,0.0,0.0,0.0046999999999999,0.0175,0.62495,0.0,0.0,60.890625,2.356764893062315,0.0,0.0,2.131171875,8.248677125718102,10.3798490007181,1099,,,0.0122349370542407,Information
822496,15294.0,5537.433365,CAN,Canada,British Columbia,4.009255549,0.0,0.8,0.28,15294.0,,,,,,,,,,,,,,,,,,,,,,,,,6.046913896115926,80.18511097999999,0.0,,58.0,1.047,46.062,0.832,0.0,0.0,0.188,0.003,0.46062,0.832,0.0,0.0,0.0046999999999999,0.0075,1.30482,0.28125,0.0050790678905264,61.453125,1.109776334080039,0.00421875,0.0076186018357896,2.150859375,3.8842171692801366,6.046913896115926,0,,,0.1176363772409461,Information
822499,15297.0,12471.68367,CAN,Canada,Yukon,4.001225566,0.0,0.8,0.28,15297.0,15297.0,0.0,3.0,-9999.0,-9999.0,-9999.0,0.0,8.0,-999.9,-999.9,-999.9,-5983.4,0.0,0.0,0.0,0.0,0.0,0.0,0.0,0.0,0.0,0.0,0.0,-5983.4,6.261030316014402,80.02451131999999,0.0,,,,,,,,,,,,,,,,,0.0,0.0,99.28125,0.7960533045755435,0.0,0.0,3.47484375,2.7861865660144023,6.261030316014402,80,,,0.1229915909933276,Information
822519,15306.0,4073.70893,CAN,Canada,Northwest Territories,4.035328178,0.0,0.8,0.28,15306.0,15306.0,0.0,1.0,-9999.0,-9999.0,-9999.0,0.0,10.0,-999.9,-999.9,-999.9,-5979.4,0.0,0.0,0.0,0.0,0.0,0.0,0.0,0.0,0.0,0.0,0.0,-5979.4,0.2040470853495339,80.70656356,0.0,,4.125,0.101,4.125,0.101,0.0,0.0,0.0,0.0,0.04125,0.101,0.0,0.0,0.0,0.0,0.14225,0.0,0.0,1.6875,0.041424167242724,0.0,0.0,0.0590625,0.1449845853495339,0.2040470853495339,491,,,2.692902996820817e-06,Information
822541,15309.0,5375.83764,CAN,Canada,Northwest Territories,4.020270947,0.0,0.8,0.28,15309.0,15309.0,0.0,30.0,-9999.0,-9999.0,-9999.0,0.0,1.0,-999.9,-999.9,-999.9,-5997.4,0.0,0.0,0.0,0.0,0.0,0.0,0.0,0.0,0.0,0.0,0.0,-5997.4,-5997.4,80.40541894,0.0,,,,,,,,,,,,,,,,,,,,,,,,,,3456,,,,
822545,15313.0,4830.271392,CAN,Canada,Alberta,4.00536017,0.0,0.8,0.28,15313.0,15313.0,0.0,9.0,-9999.0,-9999.0,-9999.0,0.0,2.0,-999.9,-999.9,-999.9,-5995.4,0.0,0.0,0.0,0.0,0.0,0.0,0.0,0.0,0.0,0.0,0.0,-5995.4,-5995.4,80.1072034,0.0,,,,,,,,,,,,,,,,,,,,,,,,,,201,,,,
822548,15316.0,21584.41665,CAN,Canada,Alberta,2.158743741,0.0,0.8,0.28,15316.0,,,,,,,,,,,,,,,,,,,,,,,,,7.713519735470258,43.17487482,0.0,,53.125,0.246,46.938,0.217,0.0,0.0,0.0,0.0,0.46938,0.217,0.0,0.0,0.0,0.0,0.68638,0.0,0.0,150.609375,0.6977690315629308,0.0,0.0,5.271328125,2.4421916104702577,7.713519735470258,1886,,,0.0229123756672869,Information
822550,15318.0,7311.510271,CAN,Canada,Northwest Territories,4.006898221,0.0,0.8,0.28,15318.0,,,,,,,,,,,,,,,,,,,,,,,,,4.0670908162830886,80.13796442,0.0,,22.0,0.301,15.438,0.211,0.062,0.001,0.312,0.004,0.15438,0.211,0.0009299999999999,0.0015,0.0078,0.01,0.38561,0.0,0.0,49.078125,0.6712446975094539,0.0,0.0,1.717734375,2.3493564412830885,4.0670908162830886,0,,,0.0563830179645384,Information
822622,15325.0,16191.43656,CAN,Canada,Northwest Territories,0.117450097,0.0,0.8,0.28,15325.0,15325.0,0.0,1.0,-9999.0,-9999.0,-9999.0,0.0,10.0,-999.9,-999.9,-999.9,-5979.4,0.0,0.0,0.0,0.0,0.0,0.0,0.0,0.0,0.0,0.0,0.0,-5979.4,15.758375,2.34900194,0.0,,1032.875,6.379,880.125,5.436,48.125,0.297,8.75,0.054,8.80125,5.436,0.721875,0.4455,0.21875,0.135,15.758375,70.734375,0.4368628735005688,114.1875,0.7052339031460475,1.061015625,0.6552943102508532,3.9965625,2.4683186610111663,8.181191096262019,19015,,,0.0340739265912457,Information
822623,15326.0,11419.23019,CAN,Canada,Northwest Territories,3.699252028,0.0,0.8,0.28,15326.0,,,,,,,,,,,,,,,,,,,,,,,,,6.98473,73.98504056,0.0,,402.062,3.521,352.75,3.089,3.812,0.033,5.562,0.049,3.5275,3.089,0.05718,0.0495,0.13905,0.1225,6.98473,3.234375,0.0283239320572931,98.71875,0.8644956654008603,0.048515625,0.0424858980859396,3.45515625,3.025734828903011,6.571892601988951,2513,,,0.0942641269182071,Information
822624,15327.0,30202.28946,CAN,Canada,Northwest Territories,0.887041525,0.0,0.8,0.28,15327.0,15327.0,0.0,1.0,-9999.0,-9999.0,-9999.0,0.0,10.0,-999.9,-999.9,-999.9,-5979.4,0.0,0.0,0.0,0.0,0.0,0.0,0.0,0.0,0.0,0.0,0.0,-5979.4,14.48283,17.7408305,0.0,,364.125,1.206,313.938,1.039,143.25,0.474,223.688,0.741,3.13938,1.039,2.14875,0.711,5.5922,1.8525,14.48283,129.234375,0.427895955330957,152.4375,0.5047216709235662,1.938515625,0.6418439329964355,5.3353125,1.7665258482324817,9.682197906228916,482,,,0.0412014357326677,Information
822625,15328.0,418.1748849,CAN,Canada,Northwest Territories,4.027752952,0.0,0.8,0.28,15328.0,,,,,,,,,,,,,,,,,,,,,,,,,5.14658,80.55505904,0.0,,20.688,4.947,18.688,4.469,1.0,0.239,0.188,0.045,0.18688,4.469,0.015,0.3585,0.0046999999999999,0.1124999999999999,5.14658,3.65625,0.8743351482079907,3.65625,0.8743351482079907,0.05484375,1.3115027223119862,0.12796875,3.0601730187279674,4.554488241039953,0,,,0.0918820075391236,Information
822680,15346.0,20198.33341,CAN,Canada,Northwest Territories,1.503233956,0.0,0.8,0.28,15346.0,,,,,,,,,,,,,,,,,,,,,,,,,54.692278142607314,30.06467912,0.0,,42.938,0.213,24.188,0.12,0.0,0.0,0.125,0.001,0.2418799999999999,0.12,0.0,0.0,0.003125,0.0025,0.3675049999999999,0.140625,0.0006962208075104,1136.25,5.625464124684585,0.002109375,0.0010443312112656,35.0,19.68912443639605,54.692278142607314,329,,,0.4028998348857261,Advisory
822700,15356.0,16456.53195,CAN,Canada,Alberta,4.009624011,0.0,0.8,0.28,15356.0,15356.0,0.0,30.0,2.0,2.0,-9999.0,0.0,1.0,0.2,0.2,-999.9,-1997.0,0.0,0.0,0.0,0.0,0.0,0.0,0.0,0.0,0.0,0.0,0.0,-1997.0,59.43972391877339,80.19248022,0.0,3.0,143.188,0.87,137.688,0.837,19.5,0.118,36.062,0.219,1.37688,0.837,0.2925,0.177,0.90155,0.5475,4.132429999999999,20.53125,0.1247604906034318,1125.84375,6.841318409390927,0.30796875,0.1871407359051477,35.0,23.94461443286824,59.43972391877339,1767,2.0,0.11,0.8640943972990103,Warning
822810,15357.0,1011.108566,CAN,Canada,Alberta,1.429578256,0.0,0.8,0.28,15357.0,,,,,,,,,,,,,,,,,,,,,,,,,16.562363581578623,28.59156512,0.0,,1.0,0.099,1.0,0.099,0.0,0.0,0.438,0.043,0.01,0.099,0.0,0.0,0.01095,0.1074999999999999,0.2274499999999999,0.0,0.0,43.453125,4.297572630451035,0.0,0.0,1.520859375,15.041504206578622,16.562363581578623,148,,,0.0719688786748218,Information
822820,15358.0,22571.69202,CAN,Canada,Alberta,1.624950577,0.0,0.8,0.28,15358.0,,,,,,,,,,,,,,,,,,,,,,,,,4.694704300495872,32.49901154,0.0,,130.188,0.577,127.688,0.566,2.625,0.012,0.062,0.0,1.27688,0.566,0.039375,0.018,0.00155,0.0,1.901805,5.90625,0.0261666249711807,90.421875,0.4005985680111719,0.08859375,0.039249937456771,3.164765625,1.4020949880391016,4.694704300495872,0,,,0.0038413296314051,Information
822830,15359.0,1317.209519,CAN,Canada,Alberta,0.059491878,0.0,0.8,0.28,15359.0,,,,,,,,,,,,,,,,,,,,,,,,,17.464860739109614,1.18983756,0.0,,1.188,0.09,0.875,0.066,0.0,0.0,0.438,0.033,0.00875,0.066,0.0,0.0,0.01095,0.0825,0.1682,0.0,0.0,58.078125,4.409178961174176,0.0,0.0,2.032734375,15.432126364109614,17.464860739109614,1248,,,0.0415469853722599,Information
822841,15360.0,26715.8359,CAN,Canada,Saskatchewan,3.184778485,0.0,0.8,0.28,15360.0,,,,,,,,,,,,,,,,,,,,,,,,,50.376462211441904,63.69556969999999,0.0,3.0,190.062,0.711,183.062,0.685,13.188,0.049,48.125,0.18,1.83062,0.685,0.19782,0.0735,1.203125,0.4499999999999999,4.440065000000001,68.484375,0.2563437478255061,1065.9375,3.989908847058185,1.027265625,0.3845156217382591,35.0,13.964680964703648,50.376462211441904,95,1.0,1.05,0.6283869899016236,Watch
822843,15362.0,2232.199131,CAN,Canada,Saskatchewan,4.03439725,0.0,0.8,0.28,15362.0,,,,,,,,,,,,,,,,,,,,,,,,,28.09640842807953,80.68794499999998,0.0,3.0,5.0,0.224,3.562,0.16,0.562,0.025,8.5,0.381,0.03562,0.16,0.00843,0.0375,0.2125,0.9525,1.40655,1.546875,0.0692982529371571,145.828125,6.532935299621085,0.023203125,0.1039473794057356,5.103984375,22.8652735486738,28.09640842807953,726,0.0,0.0,0.64613713284008,Watch
822845,15364.0,8715.010854,CAN,Canada,Saskatchewan,3.303269444,0.0,0.8,0.28,15364.0,15364.0,0.0,1.0,-9999.0,-9999.0,-9999.0,0.0,10.0,-999.9,-999.9,-999.9,-3968.3,0.0,0.0,0.0,0.0,0.0,0.0,0.0,0.0,0.0,0.0,0.0,-3968.3,68.14590785709652,66.06538888,0.0,3.0,8.312,0.095,7.812,0.09,0.125,0.001,7.562,0.087,0.07812,0.09,0.001875,0.0015,0.18905,0.2174999999999999,0.5780449999999999,2.8125,0.0322719047310097,944.4375,10.836905608673089,0.0421875,0.0484078570965145,33.0553125,35.0,68.14590785709652,320,0.0,0.0,0.7571660736119015,Watch
822849,15368.0,11820.36433,CAN,Canada,Saskatchewan,0.886878656,0.0,0.8,0.28,15368.0,15368.0,1.0,1.0,100.0,2.0,-9999.0,3.0,10.0,10.0,0.2,-999.9,-2953.5,0.0,0.0,0.0,0.0,0.0,0.0,0.0,0.0,0.0,0.0,0.0,-2953.5,72.54271749286869,17.73757312,0.0,3.0,0.0,0.0,0.0,0.0,2.875,0.024,86.875,0.735,0.0,0.0,0.043125,0.036,2.171875,1.8375,4.0885,91.828125,0.7768637452457925,1882.265625,15.923922251324557,1.377421875,1.1652956178686886,35.0,35.0,72.54271749286869,18,0.0,0.0,0.4499693161994577,Watch
822850,15369.0,28904.10308,CAN,Canada,Alberta,2.375413453,0.0,0.8,0.28,15369.0,15369.0,0.0,21.0,11.0,2.0,-9999.0,0.0,1.0,1.1,0.2,-999.9,-1995.2,0.0,0.0,0.0,0.0,0.0,0.0,0.0,0.0,0.0,0.0,0.0,-1995.2,9.57331,47.50826906,0.0,,823.875,2.85,696.938,2.411,9.562,0.033,0.0,0.0,6.96938,2.411,0.14343,0.0495,0.0,0.0,9.57331,25.875,0.0895201623432428,26.15625,0.0904932075861041,0.388125,0.1342802435148642,0.91546875,0.3167262265513643,1.7546002200662287,8826,,,0.0444080015463795,Information
822861,15370.0,1528.868209,CAN,Canada,Alberta,3.269584166,0.0,0.8,0.28,15370.0,15370.0,0.0,3.0,7.0,3.0,-9999.0,0.0,8.0,0.7,0.3,-999.9,-1981.8,0.0,0.0,0.0,0.0,0.0,0.0,0.0,0.0,0.0,0.0,0.0,-1981.8,7.553054999999999,65.39168332,0.0,,128.625,8.413,99.438,6.504,0.375,0.025,0.062,0.004,0.99438,6.504,0.005625,0.0375,0.00155,0.01,7.553054999999999,2.671875,0.1747616297773444,3.09375,0.2023555713211356,0.040078125,0.2621424446660166,0.10828125,0.7082444996239746,1.1187463192899911,23523,,,0.0639867643058772,Information
822862,15371.0,13296.34865,CAN,Canada,Alberta,0.643323874,0.0,0.8,0.28,15371.0,,,,,,,,,,,,,,,,,,,,,,,,,19.144195000000003,12.86647748,0.0,,1489.812,11.205,1206.625,9.075,2.438,0.018,0.125,0.001,10.0,9.075,0.03657,0.0269999999999999,0.003125,0.0025,19.144195000000003,3.796875,0.0285557719564544,9.140625,0.068745376932205,0.056953125,0.0428336579346816,0.319921875,0.2406088192627175,0.6603174771973991,2055,,,0.0648302353525703,Information
822870,15379.0,28187.95716,CAN,Canada,Alberta,2.204947653,0.0,0.8,0.28,15379.0,15379.0,0.0,18.0,9.0,-9999.0,-9999.0,0.0,1.0,0.9,-999.9,-999.9,-3995.8,0.0,0.0,0.0,0.0,0.0,0.0,0.0,0.0,0.0,0.0,0.0,-3995.8,33.310302508710215,44.09895306,0.0,,949.812,3.37,719.812,2.554,4.5,0.016,2.0,0.007,7.19812,2.554,0.0675,0.024,0.05,0.0175,9.91112,106.171875,0.3766568623467191,657.0,2.330782597197181,1.592578125,0.5649852935200786,22.995,8.157739090190134,33.310302508710215,63905,,,0.3023280857705334,Information
822880,15380.0,20178.92206,CAN,Canada,Alberta,4.010091612,0.0,0.8,0.28,15380.0,15380.0,0.0,1.0,-9999.0,-9999.0,-9999.0,0.0,10.0,-999.9,-999.9,-999.9,-5979.4,0.0,0.0,0.0,0.0,0.0,0.0,0.0,0.0,0.0,0.0,0.0,-5979.4,10.322213796998176,80.20183224,0.0,,14.812,0.073,7.062,0.035,0.125,0.001,0.125,0.001,0.07062,0.035,0.001875,0.0015,0.003125,0.0025,0.11462,41.765625,0.2069764919943883,179.296875,0.888535445430455,0.626484375,0.3104647379915825,6.275390625,3.1098740590065925,10.322213796998176,15773,,,0.2574292821020934,Information
822892,15382.0,14107.28395,CAN,Canada,Alberta,0.87223664,0.0,0.8,0.28,15382.0,15382.0,0.0,26.0,5.0,2.0,-9999.0,0.0,1.0,0.5,0.2,-999.9,-1996.4,0.0,0.0,0.0,0.0,0.0,0.0,0.0,0.0,0.0,0.0,0.0,-1996.4,6.142260909856368,17.4447328,0.0,,32.0,0.227,20.062,0.142,0.5,0.004,0.0,0.0,0.20062,0.142,0.0075,0.006,0.0,0.0,0.35612,2.390625,0.0169460330467755,101.671875,0.7207048172246299,0.035859375,0.0254190495701632,3.558515625,2.5224668602862046,6.142260909856368,25455,,,0.0046846702493154,Information
822897,15387.0,4049.388282,CAN,Canada,Alberta,1.181193926,0.0,0.8,0.28,15387.0,15387.0,0.0,15.0,9.0,-9999.0,-9999.0,0.0,1.0,0.9,-999.9,-999.9,-3995.8,0.0,0.0,0.0,0.0,0.0,0.0,0.0,0.0,0.0,0.0,0.0,-3995.8,0.9562833631543703,23.62387852,0.0,,,,,,,,,,,,,,,,,0.0,0.0,7.875,0.1944738180441058,0.0,0.0,0.275625,0.6806583631543703,0.9562833631543703,320,,,5.9238679021005945e-06,Information
822910,15390.0,22035.56646,CAN,Canada,Alberta,0.509814423,0.0,0.8,0.28,15390.0,15390.0,0.0,13.0,2.0,2.0,-9999.0,0.0,1.0,0.2,0.2,-999.9,-1997.0,0.0,0.0,0.0,0.0,0.0,0.0,0.0,0.0,0.0,0.0,0.0,-1997.0,2.175075,10.19628846,0.0,,140.875,0.639,127.0,0.576,14.375,0.065,0.438,0.002,1.27,0.576,0.215625,0.0975,0.01095,0.005,2.175075,20.53125,0.0931732344611069,25.453125,0.1155092838182216,0.30796875,0.1397598516916603,0.890859375,0.4042824933637756,1.742870470055436,1535,,,9.93895101775988e-05,Information
822923,15393.0,4866.737769,CAN,Canada,Alberta,1.496385566,0.0,0.8,0.28,15393.0,15393.0,0.0,8.0,9.0,3.0,-9999.0,0.0,3.0,0.9,0.3,-999.9,-1991.4,0.0,0.0,0.0,0.0,0.0,0.0,0.0,0.0,0.0,0.0,0.0,-1991.4,-1991.4,29.92771132,0.0,,,,,,,,,,,,,,,,,,,,,,,,,,0,,,,
822924,15394.0,6928.249828,CAN,Canada,Alberta,1.644328316,0.0,0.8,0.28,15394.0,,,,,,,,,,,,,,,,,,,,,,,,,0.8446199999999999,32.88656632,0.0,,55.75,0.805,34.562,0.499,0.0,0.0,0.0,0.0,0.34562,0.499,0.0,0.0,0.0,0.0,0.8446199999999999,0.0,0.0,8.4375,0.121784003306445,0.0,0.0,0.2953125,0.4262440115725575,0.7215565115725575,817,,,6.0645945621956e-06,Information
822926,15396.0,2616.137016,CAN,Canada,Alberta,2.590167578,0.0,0.8,0.28,15396.0,,,,,,,,,,,,,,,,,,,,,,,,,4.52362,51.80335156,0.0,,153.312,5.86,93.062,3.557,0.5,0.019,0.0,0.0,0.93062,3.557,0.0075,0.0284999999999999,0.0,0.0,4.52362,0.0,0.0,1.125,0.0430023348517992,0.0,0.0,0.039375,0.1505081719812971,0.1898831719812971,665,,,0.0089912825647876,Information
822928,15398.0,4287.766281,CAN,Canada,Alberta,2.769003109,0.0,0.8,0.28,15398.0,,,,,,,,,,,,,,,,,,,,,,,,,2.902933444743196,55.38006218,0.0,,70.375,1.641,59.25,1.382,0.0,0.0,0.125,0.003,0.5925,1.382,0.0,0.0,0.003125,0.0075,1.985125,0.0,0.0,24.890625,0.5805033056409132,0.0,0.0,0.871171875,2.031761569743196,2.902933444743196,2767,,,0.0031431743997279,Information
822929,15399.0,7332.339577,CAN,Canada,Alberta,3.548989146,0.0,0.8,0.28,15399.0,,,,,,,,,,,,,,,,,,,,,,,,,1.9313157719487224,70.97978291999999,0.0,,52.875,0.721,34.562,0.471,0.0,0.0,0.0,0.0,0.34562,0.471,0.0,0.0,0.0,0.0,0.8166199999999999,0.0,0.0,23.34375,0.3183670062710635,0.0,0.0,0.81703125,1.1142845219487223,1.9313157719487224,239,,,0.0033662787264155,Information
822933,15402.0,6681.518309,CAN,Canada,Alberta,2.053650118,0.0,0.8,0.28,15402.0,15402.0,0.0,9.0,2.0,2.0,-9999.0,0.0,2.0,0.2,0.2,-999.9,-1995.0,0.0,0.0,0.0,0.0,0.0,0.0,0.0,0.0,0.0,0.0,0.0,-1995.0,0.3756701833309088,41.07300236,0.0,,,,,,,,,,,,,,,,,0.84375,0.0126281177568734,3.9375,0.0589312161987425,0.01265625,0.0189421766353101,0.1378125,0.2062592566955987,0.3756701833309088,3189,,,2.148089175411422e-07,Information
822939,15408.0,7041.015722,CAN,Canada,Alberta,3.211886453,0.0,0.8,0.28,15408.0,15408.0,0.0,8.0,2.0,2.0,-9999.0,0.0,3.0,0.2,0.2,-999.9,-1993.0,0.0,0.0,0.0,0.0,0.0,0.0,0.0,0.0,0.0,0.0,0.0,-1993.0,0.7862029669188819,64.23772905999999,0.0,,,,,,,,,,,,,,,,,0.984375,0.0139805823308752,8.859375,0.1258252409778769,0.014765625,0.0209708734963128,0.310078125,0.4403883434225691,0.7862029669188819,8257,,,6.742349145463268e-05,Information
822942,15410.0,13374.67436,CAN,Canada,Alberta,0.154577427,0.0,0.8,0.28,15410.0,15410.0,0.0,26.0,5.0,3.0,-9999.0,0.0,1.0,0.5,0.3,-999.9,-1996.2,0.0,0.0,0.0,0.0,0.0,0.0,0.0,0.0,0.0,0.0,0.0,-1996.2,6.469835935964067,3.09154854,0.0,,,,,,,,,,,,,,,,,20.390625,0.152456982940091,97.03125,0.7254849533011231,0.305859375,0.2286854744101364,3.39609375,2.5391973365539307,6.469835935964067,8173,,,0.0033986417073162,Information
822946,15414.0,14894.15692,CAN,Canada,Alberta,2.140235856,0.0,0.8,0.28,15414.0,15414.0,0.0,12.0,2.0,2.0,-9999.0,0.0,1.0,0.2,0.2,-999.9,-1997.0,0.0,0.0,0.0,0.0,0.0,0.0,0.0,0.0,0.0,0.0,0.0,-1997.0,6.711602043300338,42.80471712,0.0,,75.0,0.504,60.875,0.409,0.0,0.0,0.0,0.0,0.60875,0.409,0.0,0.0,0.0,0.0,1.01775,29.8125,0.2001623868603297,101.953125,0.6845175965742407,0.4471875,0.3002435802904945,3.568359375,2.3958115880098427,6.711602043300338,88648,,,0.0160712594188007,Information
822949,15417.0,6873.059965,CAN,Canada,Alberta,4.019498456,0.0,0.8,0.28,15417.0,,,,,,,,,,,,,,,,,,,,,,,,,0.3296929222961229,80.38996912,0.0,,8.75,0.127,8.438,0.123,0.0,0.0,0.062,0.001,0.08438,0.123,0.0,0.0,0.00155,0.0025,0.21143,0.421875,0.0061380957265797,3.65625,0.0531968296303581,0.006328125,0.0092071435898695,0.12796875,0.1861889037062533,0.3296929222961229,4338,,,2.1978234588711133e-05,Information
822950,15418.0,22839.02291,CAN,Canada,Alberta,0.318785758,0.0,0.8,0.28,15418.0,15418.0,0.0,7.0,2.0,-9999.0,-9999.0,0.0,4.0,0.2,-999.9,-999.9,-3992.2,0.0,0.0,0.0,0.0,0.0,0.0,0.0,0.0,0.0,0.0,0.0,-3992.2,16.309230085305657,6.37571516,0.0,,34.312,0.15,30.875,0.135,0.25,0.001,0.062,0.0,0.30875,0.135,0.00375,0.0015,0.00155,0.0,0.45055,197.71875,0.8657058176220869,239.34375,1.0479596739635788,2.96578125,1.2985587264331304,8.37703125,3.667858858872526,16.309230085305657,33992,,,0.0402702453342859,Information
822960,15419.0,15801.01044,CAN,Canada,British Columbia,1.274837734,0.0,0.8,0.28,15419.0,15419.0,0.0,8.0,-9999.0,-9999.0,-9999.0,0.0,3.0,-999.9,-999.9,-999.9,-5993.4,0.0,0.0,0.0,0.0,0.0,0.0,0.0,0.0,0.0,0.0,0.0,-5993.4,8.188337386863788,25.49675468,0.0,,,,,,,,,,,,,,,,,97.734375,0.6185324372883714,101.390625,0.6416717802660659,1.466015625,0.9277986559325572,3.548671875,2.24585123093123,8.188337386863788,12188,,,0.0136175429356376,Information
822972,15421.0,13432.60289,CAN,Canada,British Columbia,3.65335215,0.0,0.8,0.28,15421.0,15421.0,0.0,6.0,5.0,-9999.0,-9999.0,0.0,5.0,0.5,-999.9,-999.9,-3989.9,0.0,0.0,0.0,0.0,0.0,0.0,0.0,0.0,0.0,0.0,0.0,-3989.9,3.8097313174387537,73.067043,0.0,,16.125,0.12,16.062,0.12,0.062,0.0,0.062,0.0,0.16062,0.12,0.0009299999999999,0.0,0.00155,0.0,0.2830999999999999,22.21875,0.1654091182584179,52.875,0.3936318257288934,0.33328125,0.2481136773876268,1.850625,1.3777113900511269,3.8097313174387537,6988,,,0.0252448286170769,Information
822973,15422.0,153.5247046,CAN,Canada,British Columbia,0.075396098,0.0,0.8,0.28,15422.0,15422.0,0.0,7.0,-9999.0,-9999.0,-9999.0,0.0,4.0,-999.9,-999.9,-999.9,-5991.4,0.0,0.0,0.0,0.0,0.0,0.0,0.0,0.0,0.0,0.0,0.0,-5991.4,8.881871105604171,1.50792196,0.0,,,,,,,,,,,,,,,,,2.390625,1.557159810683465,2.8125,1.8319527184511355,0.035859375,2.3357397160251976,0.0984375,6.411834514578974,8.881871105604171,15415,,,0.0080649298344187,Information
822976,15425.0,9381.700252,CAN,Canada,British Columbia,1.067471845,0.0,0.8,0.28,15425.0,,,,,,,,,,,,,,,,,,,,,,,,,2.449065665405276,21.3494369,0.0,,25.562,0.272,17.562,0.187,1.688,0.018,0.0,0.0,0.17562,0.187,0.02532,0.0269999999999999,0.0,0.0,0.41494,18.0,0.1918628768349647,26.15625,0.2788007429008082,0.27,0.287794315252447,0.91546875,0.9758026001528288,2.449065665405276,273,,,0.0002609002477994,Information
822977,15426.0,4886.849378,CAN,Canada,British Columbia,4.000483753,0.0,0.8,0.28,15426.0,15426.0,0.0,5.0,-9999.0,-9999.0,-9999.0,0.0,6.0,-999.9,-999.9,-999.9,-5987.4,0.0,0.0,0.0,0.0,0.0,0.0,0.0,0.0,0.0,0.0,0.0,-5987.4,5.6632773553914015,80.00967506,0.0,,17.062,0.349,14.688,0.301,0.5,0.01,0.0,0.0,0.14688,0.301,0.0075,0.015,0.0,0.0,0.47038,13.359375,0.273373987339019,47.390625,0.969758249823678,0.200390625,0.4100609810085285,1.658671875,3.394153874382873,5.6632773553914015,1031,,,0.1036101797209188,Information
822978,15427.0,1097.628276,CAN,Canada,British Columbia,4.033206588,0.0,0.8,0.28,15427.0,,,,,,,,,,,,,,,,,,,,,,,,,0.6966802561327057,80.66413175999999,0.0,,4.438,0.404,4.438,0.404,0.0,0.0,0.0,0.0,0.0443799999999999,0.404,0.0,0.0,0.0,0.0,0.44838,0.0,0.0,1.96875,0.1793640017522016,0.0,0.0,0.06890625,0.6277740061327056,0.6966802561327057,0,,,0.0004446515712534,Information
822980,15429.0,22646.68982,CAN,Canada,British Columbia,4.009071493,0.0,0.8,0.28,15429.0,,,,,,,,,,,,,,,,,,,,,,,,,22.34483047294674,80.18142986000001,0.0,,53.375,0.236,48.562,0.214,0.0,0.0,0.375,0.002,0.48562,0.214,0.0,0.0,0.009375,0.005,0.713995,10.265625,0.045329472342945,438.46875,1.9361273255520923,0.153984375,0.0679942085144175,15.34640625,6.776445639432323,22.34483047294674,3690,,,0.5477487662190069,Advisory
822992,15431.0,11596.59457,CAN,Canada,British Columbia,3.721609995,0.0,0.8,0.28,15431.0,,,,,,,,,,,,,,,,,,,,,,,,,5.325513790202776,74.4321999,0.0,,92.188,0.795,61.375,0.529,1.625,0.014,0.562,0.005,0.61375,0.529,0.024375,0.021,0.01405,0.0125,1.2146749999999995,0.0,0.0,81.703125,0.7045441186293646,0.0,0.0,2.859609375,2.4659044152027763,5.325513790202776,0,,,0.0583444122543084,Information
822996,15435.0,5524.564551,CAN,Canada,British Columbia,4.009753608,0.0,0.8,0.28,15435.0,,,,,,,,,,,,,,,,,,,,,,,,,2.3789230908576493,80.19507216,0.0,,13.562,0.245,13.125,0.238,0.0,0.0,0.062,0.001,0.13125,0.238,0.0,0.0,0.00155,0.0025,0.3732999999999999,0.0,0.0,24.1875,0.4378173116736141,0.0,0.0,0.8465625,1.5323605908576494,2.3789230908576493,0,,,0.01703328358566,Information
822997,15436.0,5860.799254,CAN,Canada,British Columbia,4.008654248,0.0,0.8,0.28,15436.0,15436.0,0.0,12.0,-9999.0,-9999.0,-9999.0,0.0,1.0,-999.9,-999.9,-999.9,-5997.4,0.0,0.0,0.0,0.0,0.0,0.0,0.0,0.0,0.0,0.0,0.0,-5997.4,5.194735137192453,80.17308496,0.0,,,,,,,,,,,,,,,,,0.0,0.0,54.84375,0.9357725391978436,0.0,0.0,1.91953125,3.2752038871924527,5.194735137192453,0,,,0.0902211035303663,Information
822999,15438.0,11078.05185,CAN,Canada,British Columbia,3.230135784,0.0,0.8,0.28,15438.0,,,,,,,,,,,,,,,,,,,,,,,,,11.930731793724531,64.60271567999999,0.0,,221.312,1.998,199.875,1.804,0.688,0.006,4.125,0.037,1.99875,1.804,0.01032,0.009,0.103125,0.0925,4.017695,0.0,0.0,179.15625,1.617218012492724,0.0,0.0,6.27046875,5.660263043724534,11.930731793724531,230,,,0.1384040781971466,Information
823046,15446.0,9010.694222,CAN,Canada,Northwest Territories,1.047648743,0.0,0.8,0.28,15446.0,,,,,,,,,,,,,,,,,,,,,,,,,62.726575,20.95297486,0.0,2.0,358.0,3.973,256.625,2.848,604.875,6.713,723.688,8.031,2.56625,2.848,9.073125,10.0695,18.0922,20.0775,62.726575,228.09375,2.5313671109367326,433.6875,4.813030931028905,3.42140625,3.797050666405098,15.1790625,16.845608258601168,39.24312767500626,0,,,0.4085572920811038,Watch
823070,15452.0,4431.972021,CAN,Canada,Northwest Territories,2.5771181,2.017497339,0.8,0.28,15452.0,,,,,,,,,,,,,,,,,,,,,,,,,11.789193603587364,51.542362,40.34994678,,35.0,0.79,26.688,0.602,28.438,0.642,11.375,0.257,0.26688,0.602,0.4265699999999999,0.963,0.284375,0.6425000000000001,3.185325,58.921875,1.3294730813859412,78.1875,1.7641695304309863,0.883828125,1.994209622078912,2.7365625,6.174593356508452,11.789193603587364,262,,,0.0787534026486587,Information
831109,15463.0,96.59308943,CAN,Canada,Nunavut,4.028230151,0.0,0.8,0.28,15463.0,,,,,,,,,,,,,,,,,,,,,,,,,6.835090754352211,80.56460301999999,0.0,,0.125,0.129,0.125,0.129,0.0,0.0,0.0,0.0,0.00125,0.129,0.0,0.0,0.0,0.0,0.13025,0.421875,0.4367548470549813,1.6875,1.7470193882199254,0.006328125,0.6551322705824719,0.0590625,6.114567858769739,6.835090754352211,1520,,,0.1480054205626174,Information
831400,15482.0,25467.99739,CAN,Canada,Nunavut,4.036179633,0.0,0.8,0.28,15482.0,15482.0,0.0,1.0,-9999.0,-9999.0,-9999.0,0.0,10.0,-999.9,-999.9,-999.9,-5979.4,0.0,0.0,0.0,0.0,0.0,0.0,0.0,0.0,0.0,0.0,0.0,-5979.4,28.02489798597409,80.72359266,0.0,3.0,22.188,0.087,21.375,0.084,0.188,0.001,0.062,0.0,0.21375,0.084,0.00282,0.0015,0.00155,0.0,0.30362,0.84375,0.0033129813358381,574.59375,2.2561402897058094,0.01265625,0.0049694720037571,20.11078125,7.896491013970333,28.02489798597409,0,0.0,0.0,0.6458764777837328,Watch
831915,15512.0,11336.71838,CAN,Canada,Nunavut,0.777059036,0.0,0.8,0.28,15512.0,15512.0,1.0,11.0,72.0,25.0,-9999.0,3.0,1.0,7.2,2.5,-999.9,-767.8,0.0,0.0,0.0,0.0,0.0,0.0,0.0,0.0,0.0,0.0,0.0,-767.8,-767.8,15.54118072,0.0,,,,,,,,,,,,,,,,,,,,,,,,,,1104,,,,
832430,15549.0,29016.13176,CAN,Canada,Nunavut,1.975503539,0.0,0.8,0.28,15549.0,15549.0,0.0,8.0,2.0,-9999.0,-9999.0,0.0,3.0,0.2,-999.9,-999.9,-3987.5,0.0,0.0,0.0,0.0,0.0,0.0,0.0,0.0,0.0,0.0,0.0,-3987.5,18.754834135430787,39.51007078,0.0,,,,,,,,,,,,,,,,,34.734375,0.1197071177170342,383.625,1.322109381101496,0.521015625,0.1795606765755513,13.426875,4.627382833855235,18.754834135430787,2090,,,0.1207942933999466,Information
832705,15569.0,1444.428243,CAN,Canada,Nunavut,2.274569452,3.13679209,0.8,0.28,15569.0,,,,,,,,,,,,,,,,,,,,,,,,,45.6769573836952,45.49138904,62.7358418,,0.0,0.0,0.0,0.0,0.0,0.0,14.312,0.991,0.0,0.0,0.0,0.0,0.3578,2.4775,2.8353,3.65625,0.2531278391301327,292.640625,20.259962816531004,0.05484375,0.379691758695199,10.242421875,35.0,45.6769573836952,1954,,,0.5806521035339004,Advisory
833005,15588.0,13807.87018,CAN,Canada,Nunavut,4.033287921,2.431139733,0.8,0.28,15588.0,,,,,,,,,,,,,,,,,,,,,,,,,3.621275887743242,80.66575842,48.62279466,,77.125,0.559,69.625,0.504,1.812,0.013,0.0,0.0,0.69625,0.504,0.02718,0.0195,0.0,0.0,1.24693,8.4375,0.0611064551487074,56.390625,0.4083948085771945,0.1265625,0.0916596827230611,1.973671875,1.4293818300201808,3.621275887743242,737,,,0.0469620853808251,Information
841001,15593.0,7687.302668,CAN,Canada,Northwest Territories,2.007493819,0.0,0.8,0.28,15593.0,,,,,,,,,,,,,,,,,,,,,,,,,14.108682271152098,40.14987638,0.0,,1.375,0.018,1.188,0.015,0.062,0.001,3.375,0.044,0.01188,0.015,0.0009299999999999,0.0015,0.084375,0.1099999999999999,0.223685,2.25,0.0292690439945954,174.234375,2.2665215943314867,0.03375,0.0439035659918931,6.098203125,7.932825580160204,14.108682271152098,0,,,0.0742214819523479,Information
851077,15655.0,11492.34675,CAN,Canada,Nunavut,1.495347215,0.0,0.8,0.28,15655.0,15655.0,2.0,16.0,51.0,37.0,15.0,7.0,1.0,5.1,3.7,1.5,34.7,0.0,0.0,0.0,0.0,0.0,0.0,0.0,0.0,0.0,0.0,0.0,34.7,34.7,29.9069443,0.0,,,,,,,,,,,,,,,,,0.5625,0.0048945616784954,159.1875,1.38516095501421,0.0084375,0.0073418425177431,5.5715625,4.848063342549735,10.435405185067475,0,,,0.2410016890413147,Information
851091,15659.0,34351.54028,CAN,Canada,Nunavut,0.469100155,0.0,0.8,0.28,15659.0,15659.0,1.0,16.0,51.0,13.0,3.0,3.0,1.0,5.1,1.3,0.3,31.2,0.0,0.0,0.0,0.0,0.0,0.0,0.0,0.0,0.0,0.0,0.0,31.2,31.2,9.3820031,0.0,,,,,,,,,,,,,,,,,0.0,0.0,15.75,0.0458494724574951,0.0,0.0,0.55125,0.1604731536012328,0.7117231536012328,0,,,0.1431587708953128,Information
852031,15667.0,32560.29183,CAN,Canada,Nunavut,3.836734562,0.0,0.8,0.28,15667.0,15667.0,1.0,10.0,60.0,13.0,2.0,3.0,1.0,6.0,1.3,0.2,-263.77142857142854,0.0,0.0,0.0,0.0,0.0,0.0,0.0,0.0,0.0,0.0,0.0,-263.77142857142854,1.7912684942600434,76.73469124,0.0,,,,,,,,,,,,,,,,,2.109375,0.0064783663816322,38.25,0.1174743770535986,0.031640625,0.0097175495724483,1.33875,0.4111603196875951,1.7912684942600434,6656,,,0.0051730909759899,Information
852033,15669.0,56962.86141,CAN,Canada,Nunavut,4.032069998,0.0,0.8,0.28,15669.0,15669.0,1.0,9.0,43.0,-9999.0,-9999.0,3.0,2.0,4.3,-999.9,-999.9,-1534.8666666666668,0.0,0.0,0.0,0.0,0.0,0.0,0.0,0.0,0.0,0.0,0.0,-1534.8666666666668,5.646236061094569,80.64139996,0.0,,,,,,,,,,,,,,,,,13.078125,0.02295903800521,131.625,0.2310716083105014,0.196171875,0.034438557007815,4.606875,0.8087506290867549,5.646236061094569,2062,,,0.1089469713521782,Information
863011,15723.0,67311.02107,CAN,Canada,Nunavut,1.48475609,0.0,0.8,0.28,15723.0,15723.0,2.0,26.0,54.0,39.0,19.0,7.0,1.0,5.4,3.9,1.9,29.36,0.0,0.0,0.0,0.0,0.0,0.0,0.0,0.0,0.0,0.0,0.0,29.36,51.86532,29.695121800000003,0.0,,271.062,0.403,160.375,0.238,967.938,1.438,2247.438,3.339,1.60375,0.238,14.51907,2.157,25.0,8.3475,51.86532,,,,,,,,,,48,,,0.3804912557498098,Advisory
723075,16287.0,22933.08226,CAN,Canada,Newfoundland and Labrador,0.490195147,0.084430177,0.8,0.28,16287.0,,,,,,,,,,,,,,,,,,,,,,,,,32.4848263775156,9.80390294,1.68860354,,267.812,1.168,230.938,1.007,28.875,0.126,19.375,0.084,2.30938,1.007,0.433125,0.189,0.484375,0.21,4.632879999999999,0.0,0.0,646.3125,2.818253965004459,0.0,0.0,22.6209375,9.863888877515606,32.4848263775156,317299,,,0.1535767538346223,Information
723090,16289.0,12259.73517,CAN,Canada,Newfoundland and Labrador,1.002052682,0.0,0.8,0.28,16289.0,16289.0,0.0,3.0,2.0,-9999.0,-9999.0,0.0,8.0,0.2,-999.9,-999.9,-3983.2,0.0,0.0,0.0,0.0,0.0,0.0,0.0,0.0,0.0,0.0,0.0,-3983.2,9.329749488146454,20.04105364,0.0,,42.812,0.349,38.062,0.31,5.625,0.046,0.375,0.003,0.3806199999999999,0.31,0.084375,0.069,0.009375,0.0075,0.86087,0.0,0.0,146.8125,1.1975177108989872,0.0,0.0,5.1384375,4.191311988146455,9.329749488146454,6935,,,0.0158447603055437,Information
723170,16290.0,1415.424718,CAN,Canada,Newfoundland and Labrador,4.035882304,0.0,0.8,0.28,16290.0,,,,,,,,,,,,,,,,,,,,,,,,,42.515703125,80.71764608000001,0.0,3.0,22.812,1.612,20.625,1.457,1.062,0.075,9.562,0.676,0.20625,1.457,0.01593,0.1124999999999999,0.2390499999999999,1.6900000000000002,3.720730000000001,0.0,0.0,214.734375,15.171020559332776,0.0,0.0,7.515703125,35.0,42.515703125,0,0.0,0.0,0.7854355356178743,Watch
724081,16291.0,7952.630157,CAN,Canada,Québec,3.155869802,0.0,0.8,0.28,16291.0,,,,,,,,,,,,,,,,,,,,,,,,,12.267982432648864,63.11739604,0.0,,56.562,0.711,50.125,0.63,0.688,0.009,0.0,0.0,0.50125,0.63,0.01032,0.0134999999999999,0.0,0.0,1.1550700000000005,11.53125,0.1449991986614586,150.328125,1.890294431330479,0.17296875,0.2174987979921879,5.261484375,6.616030509656676,12.267982432648864,59395,,,0.1355033512605725,Information
726000,16292.0,17666.10785,CAN,Canada,Nova Scotia,2.198968193,2.997107781,0.8,0.28,16292.0,,,,,,,,,,,,,,,,,,,,,,,,,33.64511491665996,43.97936385999999,59.94215562,,389.688,2.206,349.75,1.98,79.312,0.449,7.0,0.04,3.4975,1.98,1.1896799999999998,0.6735,0.175,0.1,7.615679999999999,210.65625,1.1924315857572656,523.546875,2.963566618006876,3.15984375,1.7886473786358985,18.324140625,10.372483163024066,33.64511491665996,265478,,,0.4307532995394164,Advisory
726020,16293.0,3132.981332,CAN,Canada,Québec,2.925443764,0.0,0.8,0.28,16293.0,,,,,,,,,,,,,,,,,,,,,,,,,0.4538985343425522,58.508875280000005,0.0,,5.875,0.188,4.375,0.14,0.0,0.0,0.0,0.0,0.04375,0.14,0.0,0.0,0.0,0.0,0.18375,0.0,0.0,3.09375,0.0987477955264435,0.0,0.0,0.10828125,0.3456172843425522,0.4538985343425522,670,,,3.1604476902881566e-06,Information
726077,16294.0,5375.262216,CAN,Canada,Nova Scotia,0.214577048,3.228106959,0.8,0.28,16294.0,,,,,,,,,,,,,,,,,,,,,,,,,13.288003164642705,4.29154096,64.56213918,,81.0,1.507,75.625,1.407,30.438,0.566,2.438,0.045,0.75625,1.407,0.45657,0.849,0.06095,0.1124999999999999,3.64227,36.703125,0.6828155264406679,117.0,2.1766379999947723,0.550546875,1.024223289661002,4.095,7.618232999981703,13.288003164642705,72543,,,0.1633163058579126,Information
783210,16341.0,19750.8003,CAN,Canada,British Columbia,2.363562792,0.653717564,0.8,0.28,16341.0,16341.0,0.0,22.0,2.0,-9999.0,-9999.0,0.0,1.0,0.2,-999.9,-999.9,-3997.2,0.0,0.0,0.0,0.0,0.0,0.0,0.0,0.0,0.0,0.0,0.0,-3997.2,19.84161463971322,47.27125584,13.07435128,,10.188,0.052,9.75,0.049,25.125,0.127,14.125,0.072,0.0975,0.049,0.376875,0.1905,0.353125,0.18,1.247,104.765625,0.5304373665886997,331.453125,1.6781756685229063,1.571484375,0.7956560498830495,11.600859375,5.873614839830172,19.84161463971322,1095551,,,0.1641907146060668,Information
783303,16342.0,14444.27465,CAN,Canada,British Columbia,3.049367185,1.056084825,0.8,0.28,16342.0,,,,,,,,,,,,,,,,,,,,,,,,,49.12541652906212,60.9873437,21.1216965,,3.062,0.021,2.938,0.02,1.25,0.009,2.5,0.017,0.02938,0.02,0.01875,0.0134999999999999,0.0625,0.0425,0.18663,44.578125,0.3086214163297901,810.28125,5.609705365590696,0.668671875,0.4629321244946852,28.35984375,19.63396877956744,49.12541652906212,14853,,,0.5911446524510227,Advisory
783330,16343.0,5772.951819,CAN,Canada,British Columbia,1.212834609,0.0,0.8,0.28,16343.0,,,,,,,,,,,,,,,,,,,,,,,,,30.95643515249904,24.25669218,0.0,,6.25,0.108,6.25,0.108,1.188,0.021,0.625,0.011,0.0625,0.108,0.01782,0.0315,0.015625,0.0274999999999999,0.262945,2.953125,0.0511545062619436,322.453125,5.585584898030319,0.044296875,0.0767317593929154,11.285859375,19.54954714310612,30.95643515249904,1742,,,0.1854552399955431,Information
783350,16344.0,19721.45026,CAN,Canada,British Columbia,3.369760294,0.0,0.8,0.28,16344.0,,,,,,,,,,,,,,,,,,,,,,,,,36.31854828164009,67.39520588,0.0,,9.125,0.046,9.062,0.046,0.062,0.0,0.5,0.003,0.0906199999999999,0.046,0.0009299999999999,0.0,0.0125,0.0075,0.15755,0.421875,0.0021391682380183,688.359375,3.490409508366589,0.006328125,0.0032087523570274,24.092578125,12.21643327928306,36.31854828164009,151,,,0.5429502936634097,Advisory
783391,16345.0,12421.41814,CAN,Canada,British Columbia,0.119615379,0.0,0.8,0.28,16345.0,,,,,,,,,,,,,,,,,,,,,,,,,49.60096250321368,2.39230758,0.0,,24.438,0.197,23.875,0.192,0.0,0.0,0.0,0.0,0.23875,0.192,0.0,0.0,0.0,0.0,0.4307499999999999,0.0,0.0,785.109375,6.320609822346766,0.0,0.0,27.478828125,22.12213437821368,49.60096250321368,1090,,,0.2492200870150971,Advisory
823010,16352.0,9144.378519,CAN,Canada,Northwest Territories,0.486032901,0.0,0.8,0.28,16352.0,,,,,,,,,,,,,,,,,,,,,,,,,45.65090512913977,9.72065802,0.0,,96.0,1.05,82.375,0.901,202.5,2.214,278.625,3.047,0.82375,0.901,3.0375,3.321,6.965625,7.617500000000001,22.666375,197.296875,2.157575548734884,538.453125,5.888351230296415,2.959453125,3.236363323102326,18.845859375,20.60922930603745,45.65090512913977,608,,,0.2476557631313589,Advisory
831955,16359.0,18205.68177,CAN,Canada,Nunavut,1.685984594,0.0,0.8,0.28,16359.0,16359.0,1.0,17.0,45.0,17.0,5.0,3.0,1.0,4.5,1.7,0.5,22.0,0.0,0.0,0.0,0.0,0.0,0.0,0.0,0.0,0.0,0.0,0.0,22.0,22.0,33.71969188,0.0,,,,,,,,,,,,,,,,,0.84375,0.0046345421752686,1.96875,0.0108139317422935,0.01265625,0.0069518132629029,0.06890625,0.0378487610980272,0.1263630743609301,954,,,0.1350460710402246,Information
832500,16363.0,21036.32639,CAN,Canada,Nunavut,3.061931539,0.0,0.8,0.28,16363.0,,,,,,,,,,,,,,,,,,,,,,,,,56.91624613944971,61.23863078,0.0,3.0,90.812,0.432,72.0,0.342,39.375,0.187,55.75,0.265,0.72,0.342,0.590625,0.2804999999999999,1.39375,0.6625000000000001,3.989375,610.3125,2.901231368068084,840.65625,3.996212239242167,9.1546875,4.351847052102126,29.42296875,13.986742837347585,56.91624613944971,2948,0.0,0.0,0.6495688489589919,Watch
851093,16370.0,13621.09432,CAN,Canada,Nunavut,3.018844288,0.0,0.8,0.28,16370.0,16370.0,3.0,27.0,76.0,51.0,35.0,10.0,1.0,7.6,5.1,3.5,36.73333333333333,0.0,0.0,0.0,0.0,0.0,0.0,0.0,0.0,0.0,0.0,0.0,36.73333333333333,36.73333333333333,60.37688576,0.0,,,,,,,,,,,,,,,,,0.0,0.0,10.265625,0.075365640643955,0.0,0.0,0.359296875,0.2637797422538425,0.6230766172538424,519,,,0.4698177365152607,Advisory
851095,16371.0,66527.92824,CAN,Canada,Nunavut,4.012803393,0.0,0.8,0.28,16371.0,16371.0,3.0,28.0,92.0,90.0,64.0,10.0,1.0,9.2,9.0,6.4,47.58181818181819,0.0,0.0,0.0,0.0,0.0,0.0,0.0,0.0,0.0,0.0,0.0,47.58181818181819,47.58181818181819,80.25606786,0.0,,17.875,0.027,12.688,0.019,7.812,0.012,6.75,0.01,0.12688,0.019,0.11718,0.018,0.16875,0.025,0.47481,15.046875,0.0226173809992862,25.03125,0.0376251758679715,0.225703125,0.0339260714989292,0.87609375,0.1316881155379002,1.2674110620368295,1686,,,0.8104632016621961,Warning
712244,13051.0,5372.894569,USA,United States,Minnesota,2.888360809,0.0,0.77,0.32,13051.0,,,,,,,,,,,,,,,,,,,,,,,,,12.531359833941336,57.76721618,0.0,,211.188,3.931,137.75,2.564,0.75,0.014,0.25,0.005,1.3775,2.564,0.01125,0.021,0.00625,0.0125,3.9925,45.5625,0.8480065897245124,105.609375,1.965595521244163,0.6834375,1.2720098845867684,3.696328125,6.87958432435457,12.531359833941336,2365,,,0.1121901975167953,Information
712246,13053.0,4785.577121,USA,United States,Minnesota,1.458096587,0.0,0.77,0.32,13053.0,,,,,,,,,,,,,,,,,,,,,,,,,5.778540186373983,29.16193174,0.0,,78.375,1.638,46.125,0.964,0.562,0.012,0.25,0.005,0.46125,0.964,0.00843,0.018,0.00625,0.0125,1.47043,26.578125,0.5553797238531449,42.046875,0.87861660016979,0.398671875,0.8330695857797175,1.471640625,3.075158100594265,5.778540186373983,3942,,,0.0061010440057096,Information
712260,13058.0,10010.14028,USA,United States,North Dakota,2.033850404,0.0,0.77,0.32,13058.0,,,,,,,,,,,,,,,,,,,,,,,,,26.74176092713712,40.67700807999999,0.0,,231.625,2.314,180.438,1.803,12.875,0.129,9.812,0.098,1.80438,1.803,0.193125,0.1935,0.2452999999999999,0.245,4.484305000000001,0.0,0.0,382.21875,3.818315622039177,0.0,0.0,13.37765625,13.36410467713712,26.74176092713712,15862,,,0.2127921567724036,Information
712262,13060.0,5910.006425,USA,United States,Minnesota,3.138779444,0.0,0.77,0.32,13060.0,,,,,,,,,,,,,,,,,,,,,,,,,10.064254306794624,62.77558888,0.0,,3.062,0.052,2.5,0.042,4.562,0.077,4.062,0.069,0.025,0.042,0.06843,0.1154999999999999,0.10155,0.1725,0.52498,31.359375,0.5306149054129026,93.375,1.5799475210500775,0.470390625,0.7959223581193539,3.268125,5.529816323675272,10.064254306794624,7998,,,0.0954409300184147,Information
712263,13061.0,347.5496939,USA,United States,Minnesota,2.179466845,0.0,0.77,0.32,13061.0,13061.0,0.0,1.0,9.0,2.0,-9999.0,0.0,10.0,0.9,0.2,-999.9,-1977.6,0.0,0.0,0.0,0.0,0.0,0.0,0.0,0.0,0.0,0.0,0.0,-1977.6,1.5076200000000002,43.5893369,0.0,,5.312,1.529,5.062,1.457,0.0,0.0,0.0,0.0,0.05062,1.457,0.0,0.0,0.0,0.0,1.5076200000000002,,,,,,,,,,1893,,,0.0001460958911779,Information
712265,13063.0,16216.49278,USA,United States,Minnesota,0.718890729,0.0,0.77,0.32,13063.0,13063.0,0.0,17.0,9.0,2.0,-9999.0,0.0,1.0,0.9,0.2,-999.9,-3495.85,0.0,0.0,0.0,0.0,0.0,0.0,0.0,0.0,0.0,0.0,0.0,-3495.85,1.7745,14.37781458,0.0,,141.188,0.871,109.75,0.677,0.0,0.0,0.0,0.0,1.0975,0.677,0.0,0.0,0.0,0.0,1.7745,0.0,0.0,21.375,0.1318102520036564,0.0,0.0,0.748125,0.4613358820127974,1.2094608820127974,65791,,,5.3001072679869125e-05,Information
712266,13064.0,14454.29715,USA,United States,Minnesota,2.418878025,0.0,0.77,0.32,13064.0,13064.0,0.0,11.0,3.0,2.0,-9999.0,0.0,1.0,0.3,0.2,-999.9,-1996.8,0.0,0.0,0.0,0.0,0.0,0.0,0.0,0.0,0.0,0.0,0.0,-1996.8,22.15815830692391,48.3775605,0.0,,218.125,1.509,169.625,1.174,1.875,0.013,0.625,0.004,1.69625,1.174,0.028125,0.0195,0.015625,0.01,2.9435,154.546875,1.0692105842255195,307.96875,2.1306380158816087,2.318203125,1.6038158763382793,10.77890625,7.457233055585631,22.15815830692391,38998,,,0.198845915885749,Information
712267,13065.0,15798.7673,USA,United States,Minnesota,0.568326832,0.0,0.77,0.32,13065.0,13065.0,0.0,18.0,9.0,3.0,2.0,0.0,1.0,0.9,0.3,0.2,4.8,0.0,0.0,0.0,0.0,0.0,0.0,0.0,0.0,0.0,0.0,0.0,4.8,5.751211306274654,11.36653664,0.0,,258.875,1.639,160.938,1.019,0.188,0.001,0.188,0.001,1.6093799999999998,1.019,0.00282,0.0015,0.0046999999999999,0.0025,2.6399,28.40625,0.1798004202904692,88.453125,0.5598735859539858,0.42609375,0.2697006304357038,3.095859375,1.9595575508389504,5.751211306274654,58157,,,0.0031180760308526,Information
712268,13066.0,17673.83039,USA,United States,Minnesota,0.861783244,0.0,0.77,0.32,13066.0,13066.0,0.0,12.0,17.0,3.0,2.0,0.0,1.0,1.7,0.3,0.2,6.266666666666667,0.0,0.0,0.0,0.0,0.0,0.0,0.0,0.0,0.0,0.0,0.0,6.266666666666667,34.104405820411785,17.235664879999998,0.0,,640.75,3.625,417.0,2.359,7.75,0.044,14.188,0.08,4.17,2.359,0.11625,0.066,0.3547,0.2,7.26595,168.75,0.9548015130254148,549.984375,3.111857264535331,2.53125,1.4322022695381222,19.249453125,10.89150042587366,34.104405820411785,223167,,,0.1876550494886363,Information
712269,13067.0,19154.36864,USA,United States,North Dakota,3.18341472,0.0,0.77,0.32,13067.0,13067.0,0.0,1.0,5.0,-9999.0,-9999.0,0.0,10.0,0.5,-999.9,-999.9,-3978.6,0.0,0.0,0.0,0.0,0.0,0.0,0.0,0.0,0.0,0.0,0.0,-3978.6,13.74682638582186,63.6682944,0.0,,142.875,0.746,91.688,0.479,3.312,0.017,2.5,0.013,0.91688,0.479,0.04968,0.0255,0.0625,0.0325,1.56606,0.984375,0.0051391670417676,257.625,1.3449934315026306,0.014765625,0.0077087505626514,9.016875,4.707477010259208,13.74682638582186,95695,,,0.1655544279080214,Information
712297,13085.0,9116.127279,USA,United States,North Dakota,0.242317074,0.0,0.77,0.32,13085.0,13085.0,0.0,2.0,5.0,3.0,2.0,0.0,9.0,0.5,0.3,0.2,-784.3999999999999,0.0,0.0,0.0,0.0,0.0,0.0,0.0,0.0,0.0,0.0,0.0,-784.3999999999999,9.061803260375417,4.84634148,0.0,,,,,,,,,,,,,,,,,0.0,0.0,123.46875,1.3543991458215472,0.0,0.0,4.32140625,4.740397010375415,9.061803260375417,57906,,,0.0093508320137128,Information
725306,13466.0,23770.77354,USA,United States,Vermont,1.991693368,0.0,0.77,0.32,13466.0,13466.0,0.0,1.0,-9999.0,-9999.0,-9999.0,0.0,10.0,-999.9,-999.9,-999.9,-5979.4,0.0,0.0,0.0,0.0,0.0,0.0,0.0,0.0,0.0,0.0,0.0,-5979.4,3.13960212777203,39.83386736,0.0,,48.75,0.205,43.062,0.181,0.25,0.001,0.0,0.0,0.43062,0.181,0.00375,0.0015,0.0,0.0,0.61687,0.0,0.0,63.140625,0.2656229293634371,0.0,0.0,2.209921875,0.92968025277203,3.13960212777203,973810,,,0.0015734408383707,Information
725510,13495.0,18468.7064,USA,United States,New York,1.989794458,0.0,0.77,0.32,13495.0,13495.0,0.0,1.0,-9999.0,-9999.0,-9999.0,0.0,10.0,-999.9,-999.9,-999.9,-5979.4,0.0,0.0,0.0,0.0,0.0,0.0,0.0,0.0,0.0,0.0,0.0,-5979.4,6.40330638852163,39.79588916,0.0,,,,,,,,,,,,,,,,,0.0,0.0,118.6875,0.6426411110061799,0.0,0.0,4.1540625,2.24924388852163,6.40330638852163,411800,,,0.0125154293270897,Information
725540,13498.0,13712.68765,USA,United States,New York,1.046857186,0.0,0.77,0.32,13498.0,13498.0,0.0,1.0,2.0,-9999.0,-9999.0,0.0,10.0,0.2,-999.9,-999.9,-3979.2,0.0,0.0,0.0,0.0,0.0,0.0,0.0,0.0,0.0,0.0,0.0,-3979.2,2.3150356369787684,20.93714372,0.0,,,,,,,,,,,,,,,,,0.0,0.0,38.25,0.2789387534225053,0.0,0.0,1.33875,0.9762856369787684,2.3150356369787684,917125,,,0.0002071382673145,Information
725553,13501.0,12983.3874,USA,United States,New York,4.006847131,0.0,0.77,0.32,13501.0,,,,,,,,,,,,,,,,,,,,,,,,,6.018039582261286,80.13694262,0.0,,12.875,0.099,11.062,0.085,0.125,0.001,0.062,0.0,0.11062,0.085,0.001875,0.0015,0.00155,0.0,0.200545,0.5625,0.0043324594949514,96.890625,0.7462661480053882,0.0084375,0.006498689242427,3.391171875,2.6119315180188587,6.018039582261286,1820531,,,0.1162194192110909,Information
725555,13503.0,8476.994923,USA,United States,New York,1.386697518,0.0,0.77,0.32,13503.0,13503.0,0.0,1.0,-9999.0,-9999.0,-9999.0,0.0,10.0,-999.9,-999.9,-999.9,-5979.4,0.0,0.0,0.0,0.0,0.0,0.0,0.0,0.0,0.0,0.0,0.0,-5979.4,5.482023543590254,27.73395036,0.0,,,,,,,,,,,,,,,,,0.0,0.0,71.859375,0.8476986910257867,0.0,0.0,2.515078125,2.966945418590253,5.482023543590254,1250557,,,0.0049560584937258,Information
725559,13507.0,4885.344203,USA,United States,Ohio,0.656215128,0.0,0.77,0.32,13507.0,,,,,,,,,,,,,,,,,,,,,,,,,6.538539967620613,13.12430256,0.0,,5.688,0.116,5.375,0.11,0.812,0.017,0.25,0.005,0.05375,0.11,0.01218,0.0255,0.00625,0.0125,0.22018,1.96875,0.0402991052075285,60.46875,1.2377582313740914,0.02953125,0.0604486578112927,2.11640625,4.33215380980932,6.538539967620613,158431,,,0.0048440899657741,Information
725560,13508.0,21605.22038,USA,United States,Ohio,0.807537432,0.0,0.77,0.32,13508.0,13508.0,0.0,1.0,2.0,-9999.0,-9999.0,0.0,10.0,0.2,-999.9,-999.9,-3979.2,0.0,0.0,0.0,0.0,0.0,0.0,0.0,0.0,0.0,0.0,0.0,-3979.2,4.906265444203672,16.15074864,0.0,,42.562,0.197,39.938,0.185,2.625,0.012,0.875,0.004,0.39938,0.185,0.039375,0.018,0.021875,0.01,0.6736300000000001,28.6875,0.1327804090639618,83.53125,0.3866253087450652,0.4303125,0.1991706135959426,2.92359375,1.3531885806077282,4.906265444203672,1595737,,,0.002266252642665,Information
725571,13509.0,854.0446504,USA,United States,Michigan,2.438044671,0.0,0.77,0.32,13509.0,,,,,,,,,,,,,,,,,,,,,,,,,6.255205859417252,48.76089342,0.0,,3.375,0.395,3.312,0.388,0.312,0.037,0.25,0.029,0.03312,0.388,0.00468,0.0554999999999999,0.00625,0.0725,0.5600499999999999,0.0,0.0,14.0625,1.646576674119215,0.0,0.0,0.4921875,5.763018359417252,6.255205859417252,58932,,,0.0177289957681245,Information
725572,13510.0,2150.508311,USA,United States,Michigan,1.027013677,0.0,0.77,0.32,13510.0,,,,,,,,,,,,,,,,,,,,,,,,,3.2178876738101967,20.54027354,0.0,,4.062,0.189,3.938,0.183,0.312,0.015,0.062,0.003,0.03938,0.183,0.00468,0.0225,0.00155,0.0075,0.25861,8.4375,0.3923490998237328,12.65625,0.5885236497355992,0.1265625,0.5885236497355992,0.44296875,2.0598327740745974,3.2178876738101967,503205,,,0.000671742766612,Information
725573,13511.0,2692.846337,USA,United States,Michigan,1.856403385,0.0,0.77,0.32,13511.0,13511.0,0.0,1.0,-9999.0,-9999.0,-9999.0,0.0,10.0,-999.9,-999.9,-999.9,-5979.4,0.0,0.0,0.0,0.0,0.0,0.0,0.0,0.0,0.0,0.0,0.0,-5979.4,2.223834741212403,37.1280677,0.0,,12.438,0.462,12.125,0.45,1.562,0.058,0.25,0.009,0.12125,0.45,0.02343,0.087,0.00625,0.0225,0.7104299999999999,4.21875,0.1566650849072193,11.671875,0.4334400682433069,0.06328125,0.2349976273608289,0.408515625,1.517040238851574,2.223834741212403,2182793,,,0.0004160849670524,Information
725575,13513.0,205.6589846,USA,United States,Michigan,2.651489549,0.0,0.77,0.32,13513.0,,,,,,,,,,,,,,,,,,,,,,,,,1.6399241563275564,53.02979098,0.0,,0.062,0.03,0.062,0.03,0.0,0.0,0.062,0.03,0.00062,0.03,0.0,0.0,0.00155,0.075,0.1071699999999999,0.5625,0.2735110266089458,0.703125,0.3418887832611822,0.0084375,0.4102665399134186,0.024609375,1.1966107414141378,1.6399241563275564,256731,,,0.0003970206946741,Information
725577,13515.0,14892.87318,USA,United States,Michigan,1.800492104,0.0,0.77,0.32,13515.0,13515.0,0.0,1.0,-9999.0,-9999.0,-9999.0,0.0,10.0,-999.9,-999.9,-999.9,-5979.4,0.0,0.0,0.0,0.0,0.0,0.0,0.0,0.0,0.0,0.0,0.0,-5979.4,8.254933479512427,36.00984208,0.0,,,,,,,,,,,,,,,,,58.21875,0.3909168452500413,116.15625,0.7799452033249615,0.87328125,0.5863752678750619,4.06546875,2.729808211637365,8.254933479512427,1692962,,,0.020284004185688,Information
725582,13519.0,5765.501261,USA,United States,Michigan,0.53272271,0.0,0.77,0.32,13519.0,,,,,,,,,,,,,,,,,,,,,,,,,5.262329639191878,10.6544542,0.0,,13.625,0.236,13.312,0.231,3.0,0.052,0.0,0.0,0.13312,0.231,0.045,0.078,0.0,0.0,0.48712,38.390625,0.6658679491226764,38.53125,0.6683070258593896,0.575859375,0.9988019236840148,1.34859375,2.339074590507864,5.262329639191878,41306,,,0.0023133441007553,Information
725583,13520.0,8941.929572,USA,United States,Michigan,1.765285179,0.0,0.77,0.32,13520.0,13520.0,0.0,1.0,-9999.0,-9999.0,-9999.0,0.0,10.0,-999.9,-999.9,-999.9,-5979.4,0.0,0.0,0.0,0.0,0.0,0.0,0.0,0.0,0.0,0.0,0.0,-5979.4,9.651626745369214,35.30570358,0.0,,26.812,0.3,25.312,0.283,6.438,0.072,1.0,0.011,0.25312,0.283,0.09657,0.1079999999999999,0.025,0.0274999999999999,0.79319,90.140625,1.0080668190684154,91.546875,1.0237932905047402,1.352109375,1.5121002286026233,3.204140625,3.583276516766591,9.651626745369214,243333,,,0.0285498684813377,Information
725587,13524.0,372.9102671,USA,United States,Michigan,1.3083187,0.0,0.77,0.32,13524.0,,,,,,,,,,,,,,,,,,,,,,,,,3.3444517164287704,26.166374,0.0,,0.938,0.251,0.938,0.251,0.25,0.067,0.0,0.0,0.00938,0.251,0.00375,0.1005,0.0,0.0,0.36463,1.125,0.3016811547535691,2.953125,0.7919130312281191,0.016875,0.4525217321303536,0.103359375,2.771695609298417,3.3444517164287704,71916,,,0.0009856864738459,Information
725589,13526.0,1970.590323,USA,United States,Michigan,0.298424957,0.0,0.77,0.32,13526.0,,,,,,,,,,,,,,,,,,,,,,,,,2.951411799913441,5.96849914,0.0,,4.625,0.235,4.625,0.235,1.438,0.073,0.0,0.0,0.04625,0.235,0.02157,0.1094999999999999,0.0,0.0,0.4123199999999999,9.421875,0.4781244933985544,9.84375,0.4995330528044599,0.141328125,0.7171867400978316,0.34453125,1.7483656848156095,2.951411799913441,90184,,,0.0002687405573555,Information
725701,13537.0,1432.990431,USA,United States,Michigan,2.410890724,0.0,0.77,0.32,13537.0,,,,,,,,,,,,,,,,,,,,,,,,,0.6170804317370655,48.21781448,0.0,,2.188,0.153,2.188,0.153,0.375,0.026,0.0,0.0,0.02188,0.153,0.005625,0.039,0.0,0.0,0.219505,1.546875,0.1079473363474131,1.546875,0.1079473363474131,0.023203125,0.1619210045211196,0.054140625,0.3778156772159459,0.6170804317370655,1041,,,4.715980400242314e-06,Information
725703,13539.0,1189.146009,USA,United States,Michigan,2.240404963,0.0,0.77,0.32,13539.0,,,,,,,,,,,,,,,,,,,,,,,,,1.3893561667028624,44.80809926,0.0,,1.125,0.095,1.125,0.095,0.375,0.032,0.0,0.0,0.01125,0.095,0.005625,0.048,0.0,0.0,0.159875,2.953125,0.2483399833405725,2.953125,0.2483399833405725,0.044296875,0.3725099750108587,0.103359375,0.8691899416920037,1.3893561667028624,619,,,0.0001157167069843,Information
725704,13540.0,4713.468277,USA,United States,Michigan,3.521731694,0.0,0.77,0.32,13540.0,,,,,,,,,,,,,,,,,,,,,,,,,8.013437267777572,70.43463388,0.0,,25.5,0.541,25.5,0.541,5.438,0.115,0.062,0.001,0.255,0.541,0.08157,0.1725,0.00155,0.0025,1.05412,51.046875,1.0830002876353102,51.46875,1.091950703235602,0.765703125,1.6245004314529652,1.80140625,3.821827461324607,8.013437267777572,30502,,,0.0958640762697207,Information
725705,13541.0,5439.864759,USA,United States,Michigan,3.771333867,0.0,0.77,0.32,13541.0,,,,,,,,,,,,,,,,,,,,,,,,,7.575549367197162,75.42667734,0.0,,31.0,0.57,29.688,0.546,8.625,0.159,1.062,0.02,0.29688,0.546,0.129375,0.2385,0.02655,0.05,1.287305,42.75,0.785865125199124,57.9375,1.0650540512567075,0.64125,1.178797687798686,2.0278125,3.727689179398476,7.575549367197162,2249,,,0.119650539486157,Information
725707,13543.0,1409.722928,USA,United States,Michigan,4.007636504,0.0,0.77,0.32,13543.0,,,,,,,,,,,,,,,,,,,,,,,,,7.341141328751763,80.15273008,0.0,,17.688,1.255,15.375,1.091,4.75,0.337,0.125,0.009,0.15375,1.091,0.07125,0.5055000000000001,0.003125,0.0225,1.847125,11.25,0.7980291570544824,21.09375,1.4963046694771542,0.16875,1.1970437355817236,0.73828125,5.23706634317004,7.341141328751763,974,,,0.1599722022325025,Information
725709,13545.0,2210.660549,USA,United States,Michigan,4.000842521,0.0,0.77,0.32,13545.0,,,,,,,,,,,,,,,,,,,,,,,,,11.523043021142303,80.01685042,0.0,,10.812,0.489,10.812,0.489,4.125,0.187,0.688,0.031,0.10812,0.489,0.061875,0.2804999999999999,0.0171999999999999,0.0775,1.034195,27.84375,1.259521730324352,47.671875,2.156453871615936,0.41765625,1.889282595486528,1.668515625,7.547588550655775,11.523043021142303,4882,,,0.2909743100264661,Information
725810,13546.0,26753.52938,USA,United States,Michigan,3.437641049,0.0,0.77,0.32,13546.0,,,,,,,,,,,,,,,,,,,,,,,,,32.12719072525559,68.75282098,0.0,,151.0,0.564,146.688,0.548,48.5,0.181,2.438,0.009,1.46688,0.548,0.7275,0.2714999999999999,0.06095,0.0225,3.09733,439.171875,1.6415474337025375,479.953125,1.7939805927719377,6.587578125,2.462321150553806,16.798359375,6.278932074701782,32.12719072525559,180452,,,0.5110786525359228,Advisory
725821,13547.0,800.3417935,USA,United States,Michigan,2.005544951,0.0,0.77,0.32,13547.0,,,,,,,,,,,,,,,,,,,,,,,,,8.046192072398537,40.110899020000005,0.0,,0.125,0.016,0.125,0.016,0.688,0.086,0.125,0.016,0.00125,0.016,0.01032,0.129,0.003125,0.04,0.199695,7.59375,0.9488133771450966,13.78125,1.7219205733373977,0.11390625,1.4232200657176448,0.48234375,6.026722006680892,8.046192072398537,49,,,0.0223590992291299,Information
725822,13548.0,7708.399019,USA,United States,Michigan,2.041138767,0.0,0.77,0.32,13548.0,,,,,,,,,,,,,,,,,,,,,,,,,15.603598900668178,40.82277534,0.0,,0.062,0.001,0.062,0.001,3.125,0.041,0.0,0.0,0.00062,0.001,0.046875,0.0615,0.0,0.0,0.109995,102.375,1.3280967908253485,150.1875,1.9483617755514728,1.535625,1.9921451862380224,5.2565625,6.819266214430155,15.603598900668178,42917,,,0.0912601324063015,Information
725823,13549.0,3652.635952,USA,United States,Michigan,1.365422406,0.0,0.77,0.32,13549.0,,,,,,,,,,,,,,,,,,,,,,,,,16.112909815546992,27.30844812,0.0,,1.062,0.029,0.938,0.026,1.938,0.053,0.062,0.002,0.00938,0.026,0.02907,0.0795,0.00155,0.005,0.1505,56.390625,1.5438337062989216,99.0,2.710371394599603,0.845859375,2.3157505594483823,3.465,9.48629988109861,16.112909815546992,8738,,,0.0659560483083078,Information
725824,13550.0,10593.16703,USA,United States,Wisconsin,1.403380703,0.0,0.77,0.32,13550.0,13550.0,0.0,18.0,2.0,-9999.0,-9999.0,0.0,1.0,0.2,-999.9,-999.9,-3997.2,0.0,0.0,0.0,0.0,0.0,0.0,0.0,0.0,0.0,0.0,0.0,-3997.2,12.342911410147344,28.06761406,0.0,,,,,,,,,,,,,,,,,67.921875,0.6411857264343672,152.296875,1.43768973442737,1.018828125,0.9617785896515508,5.330390625,5.031914070495795,12.342911410147344,59925,,,0.0389802190157653,Information
725825,13551.0,671.9116476,USA,United States,Wisconsin,1.504056721,0.0,0.77,0.32,13551.0,,,,,,,,,,,,,,,,,,,,,,,,,27.249115987994784,30.08113442,0.0,,0.562,0.084,0.562,0.084,1.0,0.149,0.0,0.0,0.00562,0.084,0.015,0.2234999999999999,0.0,0.0,0.3281199999999999,24.46875,3.641661829435322,38.53125,5.734570926811943,0.36703125,5.462492744152983,1.34859375,20.070998243841803,27.249115987994784,16294,,,0.1730158420266138,Information
725827,13553.0,8117.045695,USA,United States,Wisconsin,2.329357599,0.0,0.77,0.32,13553.0,13553.0,0.0,1.0,9.0,3.0,-9999.0,0.0,10.0,0.9,0.3,-999.9,-1977.4,0.0,0.0,0.0,0.0,0.0,0.0,0.0,0.0,0.0,0.0,0.0,-1977.4,13.703630996738964,46.58715198,0.0,,,,,,,,,,,,,,,,,90.703125,1.1174401180477858,136.546875,1.6822238056192245,1.360546875,1.6761601770716783,4.779140625,5.887783319667285,13.703630996738964,721652,,,0.0868531943116547,Information
725831,13556.0,12530.79069,USA,United States,Michigan,3.085324389,0.0,0.77,0.32,13556.0,,,,,,,,,,,,,,,,,,,,,,,,,16.189893596940802,61.70648778,0.0,,5.25,0.042,5.25,0.042,6.562,0.052,0.562,0.004,0.0525,0.042,0.09843,0.078,0.01405,0.01,0.29498,132.046875,1.0537792724156512,200.671875,1.601430268090665,1.980703125,1.5806689086234766,7.023515625,5.605005938317327,16.189893596940802,52761,,,0.1946484080966316,Information
725838,13563.0,2065.693896,USA,United States,Michigan,0.242747943,0.0,0.77,0.32,13563.0,,,,,,,,,,,,,,,,,,,,,,,,,6.468438224317923,4.85495886,0.0,,0.938,0.045,0.812,0.039,0.75,0.036,0.0,0.0,0.00812,0.039,0.01125,0.0539999999999999,0.0,0.0,0.11237,11.8125,0.5718417439272452,26.578125,1.2866439238363014,0.1771875,0.8577626158908678,0.930234375,4.503253733427055,6.468438224317923,27357,,,0.0035890380842664,Information
725840,13565.0,7901.77917,USA,United States,Michigan,0.558918925,0.0,0.77,0.32,13565.0,,,,,,,,,,,,,,,,,,,,,,,,,8.334347076214533,11.1783785,0.0,,21.062,0.267,19.25,0.244,9.562,0.121,1.188,0.015,0.1925,0.244,0.14343,0.1815,0.0296999999999999,0.0375,0.82863,55.265625,0.6994073589267246,81.421875,1.030424582235556,0.828984375,1.0491110383900868,2.849765625,3.606486037824446,8.334347076214533,197603,,,0.0089847759790333,Information
725860,13567.0,16103.18555,USA,United States,Michigan,0.828123631,0.0,0.77,0.32,13567.0,13567.0,0.0,1.0,-9999.0,-9999.0,-9999.0,0.0,10.0,-999.9,-999.9,-999.9,-5979.4,0.0,0.0,0.0,0.0,0.0,0.0,0.0,0.0,0.0,0.0,0.0,-5979.4,8.075215252370318,16.56247262,0.0,,8.875,0.055,7.75,0.048,2.562,0.016,0.5,0.003,0.0775,0.048,0.03843,0.024,0.0125,0.0075,0.20793,53.859375,0.3344641022675602,119.25,0.7405367068482794,0.807890625,0.5016961534013402,4.17375,2.591878473968978,8.075215252370318,1596387,,,0.0097639122918312,Information
725870,13568.0,24926.2576,USA,United States,Michigan,2.441964518,0.0,0.77,0.32,13568.0,,,,,,,,,,,,,,,,,,,,,,,,,13.124928404354929,48.83929035999999,0.0,,19.688,0.079,15.25,0.061,5.438,0.022,2.25,0.009,0.1525,0.061,0.08157,0.033,0.05625,0.0225,0.40682,96.1875,0.3858882530519097,226.40625,0.9083042213648752,1.4428125,0.5788323795778646,7.92421875,3.179064774777064,13.124928404354929,2279976,,,0.0868424394376633,Information
725880,13569.0,9537.864861,USA,United States,Illinois,2.058692594,0.0,0.77,0.32,13569.0,,,,,,,,,,,,,,,,,,,,,,,,,10.613705497092004,41.17385188,0.0,,9.125,0.096,8.625,0.09,2.5,0.026,0.875,0.009,0.08625,0.09,0.0375,0.039,0.021875,0.0225,0.297125,55.6875,0.5838570876234044,124.171875,1.3018833544733992,0.8353125,0.8757856314351066,4.346015625,4.556591740656897,10.613705497092004,4226841,,,0.0434077774885967,Information
725890,13570.0,12958.35114,USA,United States,Michigan,0.883942606,0.0,0.77,0.32,13570.0,,,,,,,,,,,,,,,,,,,,,,,,,15.356098376945695,17.67885212,0.0,,40.0,0.309,39.25,0.303,8.625,0.067,1.625,0.013,0.3925,0.303,0.129375,0.1005,0.040625,0.0325,0.9985,100.40625,0.7748381637688371,204.609375,1.578976930369269,1.50609375,1.1622572456532556,7.161328125,5.526419256292441,15.356098376945695,871128,,,0.0465647823998239,Information
725913,13573.0,2395.311728,USA,United States,Michigan,3.391379527,0.0,0.77,0.32,13573.0,,,,,,,,,,,,,,,,,,,,,,,,,4.315316373653209,67.82759053999999,0.0,,4.5,0.188,4.5,0.188,1.688,0.07,0.0,0.0,0.045,0.188,0.02532,0.105,0.0,0.0,0.36332,10.96875,0.4579257835496632,19.125,0.7984346995224897,0.16453125,0.6868886753244947,0.669375,2.7945214483287137,4.315316373653209,46,,,0.0222718231194387,Information
725940,13582.0,11676.82747,USA,United States,Michigan,1.088146078,0.0,0.77,0.32,13582.0,,,,,,,,,,,,,,,,,,,,,,,,,24.46745747795468,21.76292156,0.0,,0.312,0.003,0.312,0.003,4.125,0.035,0.0,0.0,0.00312,0.003,0.061875,0.0525,0.0,0.0,0.120495,163.6875,1.4018148377529205,306.421875,2.6241877418072286,2.4553125,2.102722256629381,10.724765625,9.1846570963253,24.46745747795468,33888,,,0.1225365693806501,Information
725991,13595.0,12293.47868,USA,United States,Michigan,1.238636588,0.0,0.77,0.32,13595.0,,,,,,,,,,,,,,,,,,,,,,,,,19.05853978589659,24.772731760000003,0.0,,0.0,0.0,0.0,0.0,3.25,0.026,0.438,0.004,0.0,0.0,0.04875,0.039,0.01095,0.01,0.1086999999999999,162.84375,1.324635233266642,230.484375,1.8748507317133216,2.44265625,1.986952849899963,8.066953125,6.561977560996626,19.05853978589659,7439,,,0.0848764079143199,Information
725993,13597.0,3277.433383,USA,United States,Michigan,1.741062398,0.0,0.77,0.32,13597.0,,,,,,,,,,,,,,,,,,,,,,,,,2.4838724059953234,34.82124796,0.0,,0.0,0.0,0.0,0.0,0.125,0.004,1.0,0.031,0.0,0.0,0.001875,0.006,0.025,0.0775,0.110375,9.703125,0.2960586491139388,13.359375,0.4076169806641187,0.145546875,0.4440879736709082,0.467578125,1.4266594323244155,2.4838724059953234,726,,,0.0005428645222601,Information
725994,13598.0,1589.257059,USA,United States,Minnesota,2.393696761,0.0,0.77,0.32,13598.0,,,,,,,,,,,,,,,,,,,,,,,,,17.873984190420494,47.87393522000001,0.0,,0.0,0.0,0.0,0.0,2.375,0.149,3.25,0.204,0.0,0.0,0.035625,0.2234999999999999,0.08125,0.51,0.850375,33.46875,2.1059368472863325,55.6875,3.503995762711713,0.50203125,3.1589052709294987,1.9490625,12.263985169490995,17.873984190420494,369,,,0.1422379064870142,Information
725996,13600.0,10168.28827,USA,United States,Wisconsin,3.040331385,0.0,0.77,0.32,13600.0,,,,,,,,,,,,,,,,,,,,,,,,,9.723242301628815,60.8066277,0.0,,14.312,0.141,13.312,0.131,2.938,0.029,1.312,0.013,0.13312,0.131,0.04407,0.0435,0.0328,0.0325,0.4169899999999999,65.953125,0.6486158066448409,111.796875,1.099466026189016,0.989296875,0.9729237099672612,3.912890625,3.848131091661556,9.723242301628815,28544,,,0.0816605348384575,Information
725997,13601.0,17842.44466,USA,United States,Minnesota,1.796340884,0.0,0.77,0.32,13601.0,,,,,,,,,,,,,,,,,,,,,,,,,16.98245172858417,35.92681768,0.0,,12.375,0.069,10.562,0.059,6.812,0.038,6.062,0.034,0.1056199999999999,0.059,0.1021799999999999,0.0569999999999999,0.15155,0.085,0.56035,157.21875,0.8811502739445796,243.5625,1.3650735907620857,2.35828125,1.3217254109168692,8.5246875,4.7777575676673,16.98245172858417,178284,,,0.0921146018464994,Information
725998,13602.0,2034.394123,USA,United States,Minnesota,0.05039597,0.0,0.77,0.32,13602.0,,,,,,,,,,,,,,,,,,,,,,,,,13.546884756650956,1.0079194,0.0,,4.5,0.221,4.5,0.221,1.375,0.068,1.25,0.061,0.045,0.221,0.020625,0.102,0.03125,0.1525,0.572375,42.75,2.101362736273805,47.109375,2.315646436354357,0.64125,3.152044104410708,1.648828125,8.10476252724025,13.546884756650956,5614,,,0.0233570460867184,Information
725999,13603.0,6565.50605,USA,United States,Minnesota,0.261168261,0.0,0.77,0.32,13603.0,,,,,,,,,,,,,,,,,,,,,,,,,9.993296949166638,5.22336522,0.0,,41.875,0.638,28.75,0.438,0.75,0.011,0.625,0.01,0.2875,0.438,0.01125,0.0165,0.015625,0.025,0.793875,70.453125,1.0730798884812658,82.96875,1.2637068546984966,1.056796875,1.609619832721899,2.90390625,4.422973991444739,9.993296949166638,52461,,,0.0122369090582566,Information
726086,13630.0,6273.842332,USA,United States,Maine,2.53012074,0.0,0.77,0.32,13630.0,,,,,,,,,,,,,,,,,,,,,,,,,20.363281784870583,50.602414800000005,0.0,,49.125,0.783,31.375,0.5,0.0,0.0,0.0,0.0,0.31375,0.5,0.0,0.0,0.0,0.0,0.81375,0.0,0.0,224.296875,3.575111759963024,0.0,0.0,7.850390625,12.512891159870584,20.363281784870583,27564,,,0.1877634554380601,Information
726088,13632.0,3213.15716,USA,United States,Maine,2.653600839,0.0,0.77,0.32,13632.0,,,,,,,,,,,,,,,,,,,,,,,,,17.89194182628821,53.07201678,0.0,,6.188,0.193,5.062,0.158,0.0,0.0,0.0,0.0,0.05062,0.158,0.0,0.0,0.0,0.0,0.20862,0.0,0.0,124.3125,3.868858378939489,0.0,0.0,4.3509375,13.541004326288212,17.89194182628821,38,,,0.1674568624496369,Information
726089,13633.0,7041.97792,USA,United States,Maine,0.050069313,0.0,0.77,0.32,13633.0,,,,,,,,,,,,,,,,,,,,,,,,,9.4030503074779,1.00138626,0.0,,38.75,0.55,17.75,0.252,0.0,0.0,0.0,0.0,0.1775,0.252,0.0,0.0,0.0,0.0,0.4295,1.125,0.0159756252116624,110.53125,1.5696051770458308,0.016875,0.0239634378174935,3.86859375,5.493618119660408,9.4030503074779,10356,,,0.0092845142296142,Information
731110,13635.0,17543.50798,USA,United States,Maine,2.957724087,1.112182134,0.77,0.32,13635.0,,,,,,,,,,,,,,,,,,,,,,,,,38.41290533329628,59.15448174,22.24364268,,427.625,2.438,346.562,1.975,20.312,0.116,17.75,0.101,3.46562,1.975,0.30468,0.174,0.44375,0.2525,6.615550000000001,245.109375,1.397151443317551,594.0,3.385867869519985,3.676640625,2.0957271649763265,20.79,11.850537543319948,38.41290533329628,101711,,,0.4755188832764262,Advisory
731120,13636.0,21912.64674,USA,United States,Maine,1.801577552,0.0,0.77,0.32,13636.0,13636.0,0.0,2.0,2.0,-9999.0,-9999.0,0.0,9.0,0.2,-999.9,-999.9,-3981.2,0.0,0.0,0.0,0.0,0.0,0.0,0.0,0.0,0.0,0.0,0.0,-3981.2,14.88897955956529,36.03155104,0.0,,118.688,0.542,95.312,0.435,0.0,0.0,0.0,0.0,0.95312,0.435,0.0,0.0,0.0,0.0,1.38812,57.796875,0.2637603557745989,267.328125,1.2199718645438258,0.866953125,0.3956405336618983,9.356484375,4.26990152590339,14.88897955956529,157599,,,0.0724521591214291,Information
731130,13637.0,3455.09454,USA,United States,Maine,1.872893426,0.125980094,0.77,0.32,13637.0,,,,,,,,,,,,,,,,,,,,,,,,,3.6143756630977455,37.457868520000005,2.51960188,,23.812,0.689,22.312,0.646,0.375,0.011,0.188,0.005,0.22312,0.646,0.005625,0.0165,0.0046999999999999,0.0125,0.908445,10.6875,0.3093258339324676,21.9375,0.6349319749140125,0.1603125,0.4639887508987014,0.7678125,2.222261912199044,3.6143756630977455,79260,,,0.0021796378819231,Information
731150,13638.0,2941.408994,USA,United States,Maine,3.508152965,0.016358264,0.77,0.32,13638.0,,,,,,,,,,,,,,,,,,,,,,,,,4.170120250495475,70.1630593,0.32716528,,25.688,0.873,21.125,0.718,0.688,0.023,0.312,0.011,0.21125,0.718,0.01032,0.0345,0.0078,0.0274999999999999,1.00937,0.84375,0.0286852322002564,26.71875,0.9083656863414544,0.01265625,0.0430278483003846,0.93515625,3.1792799021950904,4.170120250495475,284346,,,0.0245453904593918,Information
731180,13640.0,13045.69278,USA,United States,New Hampshire,0.642728318,0.426143903,0.77,0.32,13640.0,13640.0,0.0,30.0,-9999.0,-9999.0,-9999.0,0.0,1.0,-999.9,-999.9,-999.9,-5997.4,0.0,0.0,0.0,0.0,0.0,0.0,0.0,0.0,0.0,0.0,0.0,-5997.4,6.943316605148367,12.85456636,8.52287806,,6.75,0.052,6.625,0.051,0.125,0.001,0.25,0.002,0.06625,0.051,0.001875,0.0015,0.00625,0.005,0.131875,11.671875,0.0894691849650499,107.296875,0.8224697364859406,0.175078125,0.1342037774475748,3.755390625,2.878644077700792,6.943316605148367,1917265,,,0.0057063972896494,Information
731190,13641.0,15998.02589,USA,United States,Rhode Island,2.078638203,1.537530801,0.77,0.32,13641.0,,,,,,,,,,,,,,,,,,,,,,,,,31.26927695316174,41.57276406,30.75061602,,281.25,1.758,259.0,1.619,11.125,0.07,10.875,0.068,2.59,1.619,0.166875,0.105,0.271875,0.17,4.92275,210.796875,1.3176430422085397,459.421875,2.871741039956837,3.161953125,1.9764645633128093,16.079765625,10.05109363984893,31.26927695316174,6038386,,,0.2659375864439641,Information
731200,13642.0,29064.88754,USA,United States,New Hampshire,0.458121125,0.0,0.77,0.32,13642.0,13642.0,0.0,2.0,-9999.0,-9999.0,-9999.0,0.0,9.0,-999.9,-999.9,-999.9,-5980.066666666666,0.0,0.0,0.0,0.0,0.0,0.0,0.0,0.0,0.0,0.0,0.0,-5980.066666666666,6.728689143483015,9.1624225,0.0,,,,,,,,,,,,,,,,,20.390625,0.0701555269115273,134.296875,0.4620588151759211,0.305859375,0.1052332903672909,4.700390625,1.6172058531157238,6.728689143483015,2187528,,,0.0046247409049145,Information
731300,13643.0,8029.856401,USA,United States,Connecticut,0.397416447,0.426075357,0.77,0.32,13643.0,,,,,,,,,,,,,,,,,,,,,,,,,7.578063954469961,7.94832894,8.52150714,,39.625,0.493,35.812,0.446,3.125,0.039,0.438,0.005,0.35812,0.446,0.046875,0.0584999999999999,0.01095,0.0125,0.932945,5.484375,0.0682997892601368,94.078125,1.1716040773085017,0.082265625,0.1024496838902052,3.292734375,4.100614270579756,7.578063954469961,5001062,,,0.0063719646459597,Information
731405,13648.0,396.639782,USA,United States,New York,0.13235667,0.0,0.77,0.32,13648.0,13648.0,0.0,1.0,2.0,2.0,2.0,0.0,10.0,0.2,0.2,0.2,21.2,0.0,0.0,0.0,0.0,0.0,0.0,0.0,0.0,0.0,0.0,0.0,21.2,21.2,2.6471334000000004,0.0,,,,,,,,,,,,,,,,,0.0,0.0,0.28125,0.0709081672573583,0.0,0.0,0.00984375,0.248178585400754,0.258022335400754,77703,,,0.0637117756040452,Information
731506,13657.0,28649.67245,USA,United States,Pennsylvania,0.270251042,0.0,0.77,0.32,13657.0,13657.0,0.0,28.0,2.0,-9999.0,-9999.0,0.0,1.0,0.2,-999.9,-999.9,-3997.2,0.0,0.0,0.0,0.0,0.0,0.0,0.0,0.0,0.0,0.0,0.0,-3997.2,4.042705839552745,5.40502084,0.0,,,,,,,,,,,,,,,,,4.21875,0.0147252992428823,83.8125,0.2925426116252633,0.06328125,0.0220879488643234,2.9334375,1.0238991406884217,4.042705839552745,7832439,,,0.0008088670511865,Information
731601,13659.0,11271.68457,USA,United States,Pennsylvania,0.079181813,0.0,0.77,0.32,13659.0,13659.0,0.0,1.0,-9999.0,-9999.0,-9999.0,0.0,10.0,-999.9,-999.9,-999.9,-5979.4,0.0,0.0,0.0,0.0,0.0,0.0,0.0,0.0,0.0,0.0,0.0,-5979.4,9.657342823737745,1.58363626,0.0,,,,,,,,,,,,,,,,,62.578125,0.5551798812347609,119.390625,1.0592083576816005,0.938671875,0.8327698218521413,4.178671875,3.7072292518856016,9.657342823737745,1873805,,,0.0101302457301757,Information
731604,13662.0,18075.67038,USA,United States,Pennsylvania,0.650631806,0.0,0.77,0.32,13662.0,13662.0,0.0,1.0,-9999.0,-9999.0,-9999.0,0.0,10.0,-999.9,-999.9,-999.9,-5979.4,0.0,0.0,0.0,0.0,0.0,0.0,0.0,0.0,0.0,0.0,0.0,-5979.4,0.8736917778320346,13.01263612,0.0,,,,,,,,,,,,,,,,,0.421875,0.0023339383337402,15.890625,0.0879116772375498,0.006328125,0.0035009075006103,0.556171875,0.3076908703314243,0.8736917778320346,427556,,,2.104453040163818e-06,Information
731605,13663.0,9856.473842,USA,United States,Pennsylvania,0.422626977,0.0,0.77,0.32,13663.0,13663.0,0.0,2.0,2.0,2.0,-9999.0,0.0,9.0,0.2,0.2,-999.9,-1981.0,0.0,0.0,0.0,0.0,0.0,0.0,0.0,0.0,0.0,0.0,0.0,-1981.0,1.3994907705304287,8.45253954,0.0,,,,,,,,,,,,,,,,,0.703125,0.0071336363414011,19.546875,0.1983150902909506,0.010546875,0.0107004545121016,0.684140625,0.6941028160183271,1.3994907705304287,616822,,,1.452751629195426e-05,Information
731801,13668.0,2601.235597,USA,United States,Virginia,0.179088641,0.0,0.77,0.32,13668.0,13668.0,0.0,1.0,-9999.0,-9999.0,-9999.0,0.0,10.0,-999.9,-999.9,-999.9,-5979.4,0.0,0.0,0.0,0.0,0.0,0.0,0.0,0.0,0.0,0.0,0.0,-5979.4,4.833351479326294,3.58177282,0.0,,,,,,,,,,,,,,,,,7.453125,0.2865224898228238,25.3125,0.9730952484548736,0.111796875,0.4297837347342357,0.8859375,3.4058333695920577,4.833351479326294,1942784,,,0.0013805467451334,Information
731805,13672.0,5950.44107,USA,United States,Maryland,0.180206137,0.0,0.77,0.32,13672.0,13672.0,0.0,1.0,-9999.0,-9999.0,-9999.0,0.0,10.0,-999.9,-999.9,-999.9,-5979.4,0.0,0.0,0.0,0.0,0.0,0.0,0.0,0.0,0.0,0.0,0.0,-5979.4,1.6925145653886926,3.60412274,0.0,,,,,,,,,,,,,,,,,0.421875,0.0070898105705257,17.859375,0.3001353141522583,0.006328125,0.0106347158557885,0.625078125,1.050473599532904,1.6925145653886926,575486,,,2.647058637531579e-05,Information
731905,13679.0,2469.644673,USA,United States,Virginia,0.31707822,0.74926561,0.77,0.32,13679.0,,,,,,,,,,,,,,,,,,,,,,,,,34.99781727988209,6.3415644,14.9853122,,18.875,0.764,18.125,0.734,12.562,0.509,4.562,0.185,0.18125,0.734,0.18843,0.7635000000000001,0.11405,0.4625,2.44373,41.765625,1.691159276907077,180.140625,7.294192032720422,0.626484375,2.5367389153606155,6.304921875,25.529672114521475,34.99781727988209,765120,,,0.1873945661207899,Information
731906,13680.0,18285.23299,USA,United States,Virginia,0.22926932,0.0,0.77,0.32,13680.0,13680.0,0.0,1.0,-9999.0,-9999.0,-9999.0,0.0,10.0,-999.9,-999.9,-999.9,-5979.4,0.0,0.0,0.0,0.0,0.0,0.0,0.0,0.0,0.0,0.0,0.0,-5979.4,3.3119143642902946,4.5853864,0.0,,,,,,,,,,,,,,,,,4.921875,0.026917212397478,59.0625,0.3230065487697365,0.073828125,0.040375818596217,2.0671875,1.1305229206940777,3.3119143642902946,956493,,,0.0003887185455547,Information
732130,13684.0,1071.527925,USA,United States,North Carolina,0.020389536,1.156745292,0.77,0.32,13684.0,,,,,,,,,,,,,,,,,,,,,,,,,8.08596337915429,0.40779072,23.13490584,,3.25,0.303,2.875,0.268,0.75,0.07,0.375,0.035,0.02875,0.268,0.01125,0.105,0.009375,0.0875,0.5098750000000001,1.96875,0.1837329623686613,21.515625,2.0079388030289422,0.02953125,0.2755994435529919,0.753046875,7.027785810601298,8.08596337915429,13710,,,0.0121635938732664,Information
732140,13685.0,24526.70904,USA,United States,Virginia,1.157822467,0.0,0.77,0.32,13685.0,13685.0,0.0,1.0,-9999.0,-9999.0,-9999.0,0.0,10.0,-999.9,-999.9,-999.9,-5979.4,0.0,0.0,0.0,0.0,0.0,0.0,0.0,0.0,0.0,0.0,0.0,-5979.4,27.085939129402025,23.15644934,0.0,,25.188,0.103,23.5,0.096,4.875,0.02,0.75,0.003,0.235,0.096,0.073125,0.03,0.01875,0.0075,0.460375,143.15625,0.5836749225274082,488.390625,1.991260320174547,2.14734375,0.8755123837911123,17.093671875,6.969411120610914,27.085939129402025,781205,,,0.1485304711256989,Information
732160,13686.0,11736.72523,USA,United States,North Carolina,0.193638453,0.0,0.77,0.32,13686.0,13686.0,0.0,30.0,-9999.0,-9999.0,-9999.0,0.0,1.0,-999.9,-999.9,-999.9,-5997.4,0.0,0.0,0.0,0.0,0.0,0.0,0.0,0.0,0.0,0.0,0.0,-5997.4,10.168927261837938,3.87276906,0.0,,6.125,0.052,3.875,0.033,1.438,0.012,0.25,0.002,0.03875,0.033,0.02157,0.018,0.00625,0.005,0.12257,24.46875,0.2084802150876683,146.390625,1.2472868040589815,0.36703125,0.3127203226315024,5.123671875,4.365503814206435,10.168927261837938,1884081,,,0.0123412499637826,Information
732170,13687.0,6064.184457,USA,United States,North Carolina,1.001679077,3.121058091,0.77,0.32,13687.0,,,,,,,,,,,,,,,,,,,,,,,,,52.21975987220208,20.03358154,62.42116182,3.0,89.5,1.476,86.312,1.423,2.062,0.034,6.562,0.108,0.86312,1.423,0.03093,0.051,0.16405,0.27,2.8021000000000003,5.625,0.0927577325501557,560.8125,9.247945935250526,0.084375,0.1391365988252335,19.6284375,32.36781077337684,52.21975987220208,524691,23905.0,4.56,0.628929671861775,Watch
732180,13688.0,22892.00479,USA,United States,North Carolina,0.956603302,0.0,0.77,0.32,13688.0,13688.0,0.0,30.0,2.0,2.0,-9999.0,0.0,1.0,0.2,0.2,-999.9,-1997.0,0.0,0.0,0.0,0.0,0.0,0.0,0.0,0.0,0.0,0.0,0.0,-1997.0,13.931674616536045,19.13206604,0.0,,11.938,0.052,11.125,0.049,1.688,0.007,0.062,0.0,0.11125,0.049,0.02532,0.0105,0.00155,0.0,0.19762,59.0625,0.2580049258803681,251.71875,1.0995924222044262,0.8859375,0.3870073888205522,8.81015625,3.848573477715492,13.931674616536045,2107927,,,0.0393182849957477,Information
732190,13689.0,1855.436475,USA,United States,North Carolina,2.894082399,2.692584357,0.77,0.32,13689.0,,,,,,,,,,,,,,,,,,,,,,,,,42.76671875,57.88164798,53.85168714,,53.188,2.867,50.875,2.742,2.312,0.125,2.438,0.131,0.50875,2.742,0.03468,0.1875,0.06095,0.3275,3.86138,0.0,0.0,221.90625,11.959786980199612,0.0,0.0,7.76671875,35.0,42.76671875,244049,,,0.5060942606081804,Advisory
732201,13690.0,371.4893589,USA,United States,South Carolina,1.374132672,0.0,0.77,0.32,13690.0,,,,,,,,,,,,,,,,,,,,,,,,,11.954862360809049,27.48265344,0.0,,2.375,0.639,2.375,0.639,0.0,0.0,0.0,0.0,0.02375,0.639,0.0,0.0,0.0,0.0,0.6627500000000001,0.0,0.0,12.234375,3.2933312102311567,0.0,0.0,0.428203125,11.52665923580905,11.954862360809049,12847,,,0.0357186368234683,Information
732202,13691.0,4208.154707,USA,United States,North Carolina,4.009990981,0.0,0.77,0.32,13691.0,,,,,,,,,,,,,,,,,,,,,,,,,2.3265082405743325,80.19981962,0.0,,3.25,0.077,3.25,0.077,0.0,0.0,0.0,0.0,0.0325,0.077,0.0,0.0,0.0,0.0,0.1095,0.0,0.0,19.6875,0.467841640164095,0.0,0.0,0.6890625,1.6374457405743326,2.3265082405743325,242166,,,0.0161240194059686,Information
732207,13696.0,8495.573898,USA,United States,South Carolina,0.360486506,0.0,0.77,0.32,13696.0,13696.0,0.0,1.0,-9999.0,-9999.0,-9999.0,0.0,10.0,-999.9,-999.9,-999.9,-5979.4,0.0,0.0,0.0,0.0,0.0,0.0,0.0,0.0,0.0,0.0,0.0,-5979.4,5.538296364666817,7.20973012,0.0,,,,,,,,,,,,,,,,,14.0625,0.1655273695227649,66.65625,0.7845997315379056,0.2109375,0.2482910542841473,2.33296875,2.7460990603826696,5.538296364666817,281909,,,0.0024112672038394,Information
732209,13698.0,12227.48738,USA,United States,North Carolina,0.256159585,0.0,0.77,0.32,13698.0,,,,,,,,,,,,,,,,,,,,,,,,,10.181833499832,5.1231917000000005,0.0,,7.812,0.064,7.75,0.063,0.688,0.006,0.062,0.001,0.0775,0.063,0.01032,0.009,0.00155,0.0025,0.16387,28.546875,0.23346476756613,147.796875,1.2087264567093725,0.428203125,0.350197151349195,5.172890625,4.230542598482804,10.181833499832,985088,,,0.0128083343323779,Information
732300,13699.0,5885.237179,USA,United States,South Carolina,0.13416299,0.472304341,0.77,0.32,13699.0,,,,,,,,,,,,,,,,,,,,,,,,,9.28618837355349,2.6832598,9.44608682,,7.062,0.12,7.062,0.12,0.188,0.003,0.188,0.003,0.07062,0.12,0.00282,0.0045,0.0046999999999999,0.0075,0.21014,0.0,0.0,98.296875,1.67022792815814,0.0,0.0,3.440390625,5.84579774855349,9.28618837355349,168202,,,0.0113806612608171,Information
732401,13700.0,3054.152597,USA,United States,South Carolina,0.728567322,0.0,0.77,0.32,13700.0,,,,,,,,,,,,,,,,,,,,,,,,,20.995154454552768,14.57134644,0.0,,22.438,0.735,20.125,0.659,0.625,0.02,0.375,0.012,0.20125,0.659,0.009375,0.03,0.009375,0.03,0.9390000000000002,0.0,0.0,140.34375,4.595178058443648,0.0,0.0,4.91203125,16.083123204552766,20.995154454552768,33162,,,0.0802503022471657,Information
732402,13701.0,22160.46293,USA,United States,South Carolina,0.668301949,0.0,0.77,0.32,13701.0,13701.0,0.0,1.0,2.0,-9999.0,-9999.0,0.0,10.0,0.2,-999.9,-999.9,-3979.2,0.0,0.0,0.0,0.0,0.0,0.0,0.0,0.0,0.0,0.0,0.0,-3979.2,14.723539852976357,13.36603898,0.0,,29.875,0.135,29.125,0.131,1.688,0.008,0.0,0.0,0.29125,0.131,0.02532,0.012,0.0,0.0,0.45957,34.875,0.1573748712368336,274.921875,1.2405962631774583,0.523125,0.2360623068552504,9.622265625,4.342086921121104,14.723539852976357,1935433,,,0.0381770035392504,Information
732403,13702.0,3958.781779,USA,United States,South Carolina,0.37194729,0.0,0.77,0.32,13702.0,13702.0,0.0,30.0,2.0,2.0,2.0,0.0,1.0,0.2,0.2,0.2,3.2,0.0,0.0,0.0,0.0,0.0,0.0,0.0,0.0,0.0,0.0,0.0,3.2,7.616223961499536,7.4389458,0.0,,9.875,0.249,8.938,0.226,1.25,0.032,0.438,0.011,0.08938,0.226,0.01875,0.048,0.01095,0.0274999999999999,0.4205799999999999,0.28125,0.0071044582832025,61.59375,1.555876364021352,0.00421875,0.0106566874248037,2.15578125,5.445567274074732,7.616223961499536,138520,,,0.006252075354626,Information
732407,13706.0,833.0660379,USA,United States,South Carolina,0.01290417,0.0,0.77,0.32,13706.0,,,,,,,,,,,,,,,,,,,,,,,,,14.400748270053464,0.2580833999999999,0.0,,4.125,0.495,4.0,0.48,1.125,0.135,0.0,0.0,0.04,0.48,0.016875,0.2025,0.0,0.0,0.739375,10.828125,1.2997919141830054,27.0,3.241039578222559,0.162421875,1.949687871274508,0.945,11.343638523778957,14.400748270053464,228787,,,0.0264763876048722,Information
732409,13708.0,5488.78413,USA,United States,North Carolina,1.014280186,0.0,0.77,0.32,13708.0,,,,,,,,,,,,,,,,,,,,,,,,,19.52598484719666,20.28560372,0.0,,18.688,0.34,18.375,0.335,2.438,0.044,0.125,0.002,0.18375,0.335,0.03657,0.066,0.003125,0.005,0.6294450000000001,41.625,0.7583646763073287,179.859375,3.276852773638762,0.624375,1.1375470144609932,6.295078125,11.468984707735666,19.52598484719666,627118,,,0.0797575798463349,Information
732520,13709.0,27233.63943,USA,United States,Georgia,0.878719697,0.0,0.77,0.32,13709.0,13709.0,0.0,2.0,2.0,-9999.0,-9999.0,0.0,9.0,0.2,-999.9,-999.9,-3981.2,0.0,0.0,0.0,0.0,0.0,0.0,0.0,0.0,0.0,0.0,0.0,-3981.2,37.97837668974786,17.57439394,0.0,,53.938,0.198,52.812,0.194,4.062,0.015,3.375,0.012,0.5281199999999999,0.194,0.06093,0.0225,0.084375,0.03,0.919925,111.515625,0.4094774966762878,745.875,2.738800305638122,1.672734375,0.6142162450144317,26.105625,9.585801069733426,37.97837668974786,1181662,,,0.2192055283382959,Advisory
732541,13710.0,3080.579564,USA,United States,Georgia,0.230529688,1.206592217,0.77,0.32,13710.0,13710.0,0.0,1.0,5.0,2.0,2.0,0.0,10.0,0.5,0.2,0.2,21.8,0.0,0.0,0.0,0.0,0.0,0.0,0.0,0.0,0.0,0.0,0.0,21.8,21.8,4.61059376,24.13184434,,,,,,,,,,,,,,,,,0.421875,0.0136946633353406,18.421875,0.5980002989765403,0.006328125,0.0205419950030109,0.644765625,2.093001046417891,2.764636791420902,38367,,,0.1061827867102407,Information
732544,13713.0,13900.14631,USA,United States,Georgia,0.244347296,0.0,0.77,0.32,13713.0,,,,,,,,,,,,,,,,,,,,,,,,,13.199479863927971,4.88694592,0.0,,10.5,0.076,10.312,0.074,0.688,0.005,0.312,0.002,0.1031199999999999,0.074,0.01032,0.0075,0.0078,0.005,0.20774,31.078125,0.2235812797541824,206.015625,1.482111198370485,0.466171875,0.3353719196312736,7.210546875,5.187389194296697,13.199479863927971,660318,,,0.0241403842037255,Information
732547,13716.0,11084.89779,USA,United States,Georgia,0.219045903,0.0,0.77,0.32,13716.0,,,,,,,,,,,,,,,,,,,,,,,,,7.040252370720101,4.38091806,0.0,,4.688,0.042,4.688,0.042,0.438,0.004,0.125,0.001,0.04688,0.042,0.00657,0.006,0.003125,0.0025,0.107075,35.4375,0.3196917163455415,90.5625,0.8169899417719393,0.5315625,0.4795375745183122,3.1696875,2.859464796201788,7.040252370720101,741296,,,0.0045439672669659,Information
732550,13719.0,15051.75351,USA,United States,Georgia,0.462503165,1.587057022,0.77,0.32,13719.0,,,,,,,,,,,,,,,,,,,,,,,,,49.64022711759133,9.2500633,31.74114044,,1.562,0.01,1.562,0.01,27.812,0.185,5.375,0.036,0.01562,0.01,0.41718,0.2774999999999999,0.134375,0.09,0.944675,223.03125,1.4817625723042027,756.5625,5.02640771689572,3.34546875,2.222643858456304,26.4796875,17.592427009135022,49.64022711759133,368319,,,0.3750506856579833,Advisory
732560,13720.0,24728.76705,USA,United States,Florida,2.070338409,1.094654644,0.77,0.32,13720.0,13720.0,0.0,12.0,2.0,-9999.0,-9999.0,0.0,1.0,0.2,-999.9,-999.9,-3997.2,0.0,0.0,0.0,0.0,0.0,0.0,0.0,0.0,0.0,0.0,0.0,-3997.2,47.68542308866431,41.40676818,21.89309288,,17.0,0.069,15.875,0.064,23.938,0.097,8.312,0.034,0.15875,0.064,0.3590699999999999,0.1455,0.2077999999999999,0.085,1.02012,308.671875,1.2482299435295665,837.84375,3.388133942391415,4.630078125,1.8723449152943497,29.32453125,11.858468798369952,47.68542308866431,4058068,,,0.418398019179691,Advisory
732572,13721.0,7590.356079,USA,United States,Florida,2.431961078,0.0,0.77,0.32,13721.0,,,,,,,,,,,,,,,,,,,,,,,,,30.15813712159083,48.63922156,0.0,,0.0,0.0,0.0,0.0,12.625,0.166,0.0,0.0,0.0,0.0,0.189375,0.249,0.0,0.0,0.4383749999999999,58.078125,0.7651567909787131,346.921875,4.570561267177931,0.871171875,1.1477351864680698,12.142265625,15.99696443512276,30.15813712159083,1621717,,,0.2972175538764251,Information
732574,13722.0,17094.53209,USA,United States,Florida,1.054277664,0.0,0.77,0.32,13722.0,,,,,,,,,,,,,,,,,,,,,,,,,19.95183244529416,21.08555328,0.0,,1.0,0.006,1.0,0.006,6.0,0.035,1.875,0.011,0.01,0.006,0.09,0.0525,0.046875,0.0274999999999999,0.232875,30.375,0.1776883967137952,346.640625,2.027786564349561,0.455625,0.2665325950706927,12.132421875,7.097252975223464,19.95183244529416,1475379,,,0.0845590071524161,Information
732575,13723.0,1252.921722,USA,United States,Florida,3.908577676,0.272628661,0.77,0.32,13723.0,,,,,,,,,,,,,,,,,,,,,,,,,49.013463149548045,78.17155352,5.45257322,3.0,0.0,0.0,0.0,0.0,8.312,0.663,3.0,0.239,0.0,0.0,0.12468,0.9945,0.075,0.5974999999999999,1.79168,44.578125,3.557933766365362,228.796875,18.26106699645566,0.668671875,5.336900649548043,8.007890625,35.0,49.013463149548045,341568,20934.0,6.13,0.7907082049234224,Watch
732576,13724.0,5792.650825,USA,United States,Florida,0.547649387,0.0,0.77,0.32,13724.0,,,,,,,,,,,,,,,,,,,,,,,,,13.642915473000471,10.95298774,0.0,,0.0,0.0,0.0,0.0,1.75,0.03,1.25,0.022,0.0,0.0,0.02625,0.045,0.03125,0.0549999999999999,0.1574999999999999,36.984375,0.6384706435363561,127.125,2.194591109341696,0.554765625,0.957705965304534,4.449375,7.681068882695937,13.642915473000471,496426,,,0.0303314791970194,Information
732579,13726.0,2185.76253,USA,United States,Florida,3.241235456,0.0,0.77,0.32,13726.0,,,,,,,,,,,,,,,,,,,,,,,,,51.639505127441566,64.82470912,0.0,3.0,1.875,0.086,1.812,0.083,3.5,0.16,1.5,0.069,0.01812,0.083,0.0525,0.24,0.0375,0.1725,0.6036199999999999,93.09375,4.259097168294379,252.984375,11.574193060062822,1.39640625,6.388645752441569,8.854453125,35.0,51.639505127441566,20769,838.0,4.03,0.6494896934383717,Watch
732580,13727.0,26618.91563,USA,United States,Georgia,1.240841579,0.0,0.77,0.32,13727.0,13727.0,0.0,1.0,2.0,-9999.0,-9999.0,0.0,10.0,0.2,-999.9,-999.9,-3979.2,0.0,0.0,0.0,0.0,0.0,0.0,0.0,0.0,0.0,0.0,0.0,-3979.2,12.97592530214143,24.81683158,0.0,,8.625,0.032,8.375,0.031,2.625,0.01,1.625,0.006,0.08375,0.031,0.039375,0.015,0.040625,0.015,0.22475,68.0625,0.2556922338779652,240.328125,0.9028471646641376,1.0209375,0.3835383508169477,8.411484375,3.159965076324481,12.97592530214143,507045,,,0.0394732550849171,Information
732590,13728.0,18087.85623,USA,United States,Florida,0.699772704,0.055035675,0.77,0.32,13728.0,,,,,,,,,,,,,,,,,,,,,,,,,34.236131963429905,13.99545408,1.1007135,,112.375,0.621,93.875,0.519,47.938,0.265,13.688,0.076,0.93875,0.519,0.7190700000000001,0.3975,0.3422,0.19,3.10652,125.15625,0.691935232328908,576.28125,3.1860118899818706,1.87734375,1.037902848493362,20.16984375,11.151041614936547,34.236131963429905,395025,,,0.1784942609386086,Information
732601,13729.0,1188.772415,USA,United States,Florida,2.41129763,0.0,0.77,0.32,13729.0,13729.0,0.0,1.0,3.0,3.0,2.0,0.0,10.0,0.3,0.3,0.2,21.6,0.0,0.0,0.0,0.0,0.0,0.0,0.0,0.0,0.0,0.0,0.0,21.6,21.6,48.2259526,0.0,,36.625,3.081,24.0,2.019,3.188,0.268,0.25,0.021,0.24,2.019,0.04782,0.402,0.00625,0.0525,2.767570000000001,0.984375,0.0828060096086982,18.703125,1.573314182565266,0.014765625,0.1242090144130473,0.654609375,5.506599638978431,6.300183653391478,2340,,,0.1910058454261687,Information
732602,13730.0,3353.065349,USA,United States,Florida,0.99189253,0.0,0.77,0.32,13730.0,,,,,,,,,,,,,,,,,,,,,,,,,2.1616670213127174,19.8378506,0.0,,3.0,0.089,2.75,0.082,0.188,0.006,0.0,0.0,0.0275,0.082,0.00282,0.009,0.0,0.0,0.12132,4.359375,0.1300116325406587,13.640625,0.4068105921433513,0.065390625,0.195017448810988,0.477421875,1.4238370725017295,2.1616670213127174,48836,,,0.0001512370978626,Information
732603,13731.0,1620.33695,USA,United States,Florida,0.097024286,0.0,0.77,0.32,13731.0,13731.0,0.0,26.0,3.0,3.0,2.0,0.0,1.0,0.3,0.3,0.2,3.6,0.0,0.0,0.0,0.0,0.0,0.0,0.0,0.0,0.0,0.0,0.0,3.6,7.422560317428281,1.94048572,0.0,,4.125,0.255,3.812,0.235,0.125,0.008,0.0,0.0,0.03812,0.235,0.001875,0.012,0.0,0.0,0.286995,0.421875,0.0260362512938652,29.390625,1.8138588401392808,0.006328125,0.0390543769407978,1.028671875,6.348505940487483,7.422560317428281,17177,,,0.0049250081759036,Information
732604,13732.0,22036.65242,USA,United States,Georgia,0.327098524,0.0,0.77,0.32,13732.0,13732.0,0.0,1.0,3.0,3.0,2.0,0.0,10.0,0.3,0.3,0.2,21.6,0.0,0.0,0.0,0.0,0.0,0.0,0.0,0.0,0.0,0.0,0.0,21.6,21.6,6.54197048,0.0,,11.812,0.054,11.75,0.053,2.75,0.012,0.312,0.001,0.1175,0.053,0.04125,0.018,0.0078,0.0025,0.24005,21.234375,0.0963593498410815,141.75,0.6432465207934452,0.318515625,0.1445390247616222,4.96125,2.2513628227770583,7.67566747253868,811016,,,0.071485134404443,Information
732605,13733.0,5265.303582,USA,United States,Alabama,0.818971795,0.0,0.77,0.32,13733.0,,,,,,,,,,,,,,,,,,,,,,,,,7.3875895445818145,16.379435899999997,0.0,,7.938,0.151,7.312,0.139,1.562,0.03,0.25,0.005,0.07312,0.139,0.02343,0.045,0.00625,0.0125,0.2993,1.546875,0.0293786478975717,72.140625,1.3701133064958448,0.023203125,0.0440679718463575,2.524921875,4.795396572735457,7.3875895445818145,51116,,,0.0076228779210589,Information
732606,13734.0,1242.429583,USA,United States,Alabama,0.367104062,0.0,0.77,0.32,13734.0,,,,,,,,,,,,,,,,,,,,,,,,,3.162112528719607,7.342081240000001,0.0,,1.875,0.151,1.875,0.151,0.125,0.01,0.0,0.0,0.01875,0.151,0.001875,0.015,0.0,0.0,0.1866249999999999,0.984375,0.0792298423582987,9.5625,0.7696613257663311,0.014765625,0.118844763537448,0.3346875,2.6938146401821585,3.162112528719607,2050,,,0.0003655083169245,Information
732609,13737.0,12387.35221,USA,United States,Georgia,0.328624441,0.0,0.77,0.32,13737.0,,,,,,,,,,,,,,,,,,,,,,,,,19.92139487173124,6.57248882,0.0,,67.875,0.548,63.812,0.515,10.875,0.088,1.938,0.016,0.63812,0.515,0.163125,0.132,0.04845,0.04,1.536695,62.859375,0.5074480319307091,288.0,2.32495205681005,0.942890625,0.7611720478960636,10.08,8.137332198835175,19.92139487173124,3202994,,,0.061125787775711,Information
732701,13738.0,3565.770709,USA,United States,Florida,2.852269583,1.692941084,0.77,0.32,13738.0,,,,,,,,,,,,,,,,,,,,,,,,,41.83430694049829,57.04539166,33.858821680000005,,135.562,3.802,93.875,2.633,40.875,1.146,13.938,0.391,0.93875,2.633,0.613125,1.719,0.34845,0.9775,7.229824999999999,63.703125,1.7865177037752704,286.875,8.045245288524395,0.955546875,2.6797765556629054,10.040625,28.15835850983538,41.83430694049829,233512,,,0.4894583016148135,Advisory
732702,13739.0,11916.88683,USA,United States,Alabama,0.176366631,0.0,0.77,0.32,13739.0,13739.0,0.0,1.0,2.0,2.0,2.0,0.0,10.0,0.2,0.2,0.2,21.2,0.0,0.0,0.0,0.0,0.0,0.0,0.0,0.0,0.0,0.0,0.0,21.2,21.2,3.52733262,0.0,,8.438,0.071,7.875,0.066,0.812,0.007,0.188,0.002,0.07875,0.066,0.01218,0.0105,0.0046999999999999,0.005,0.17713,1.828125,0.0153406256679365,45.984375,0.3858757379550202,0.027421875,0.0230109385019047,1.609453125,1.3505650828425708,3.010451021344476,212745,,,0.0648534708022633,Information
732703,13740.0,2151.86918,USA,United States,Florida,2.325455975,3.002826437,0.77,0.32,13740.0,,,,,,,,,,,,,,,,,,,,,,,,,23.863505000805823,46.5091195,60.05652874,,39.562,1.839,23.062,1.072,16.938,0.787,4.375,0.203,0.23062,1.072,0.2540699999999999,1.1805,0.109375,0.5075000000000001,3.3540650000000003,30.375,1.4115635042176566,107.71875,5.005822426994097,0.455625,2.1173452563264847,3.77015625,17.52037849447934,23.863505000805823,209729,,,0.3032363546216348,Information
732705,13742.0,2408.821939,USA,United States,Florida,0.217025493,2.170100895,0.77,0.32,13742.0,,,,,,,,,,,,,,,,,,,,,,,,,11.757281323667216,4.34050986,43.4020179,,5.562,0.231,4.188,0.174,3.312,0.138,1.875,0.078,0.04188,0.174,0.04968,0.207,0.046875,0.195,0.7144350000000002,21.234375,0.8815253072235053,56.109375,2.3293284608091303,0.318515625,1.322287960835258,1.963828125,8.152649612831956,11.757281323667216,95626,,,0.0580332079422754,Information
732706,13743.0,11008.90778,USA,United States,Alabama,0.258409048,0.553895992,0.77,0.32,13743.0,13743.0,0.0,1.0,3.0,2.0,2.0,0.0,10.0,0.3,0.2,0.2,21.4,0.0,0.0,0.0,0.0,0.0,0.0,0.0,0.0,0.0,0.0,0.0,21.4,21.4,5.168180959999999,11.07791984,,,,,,,,,,,,,,,,,0.140625,0.0012773746748482,30.65625,0.278467679116929,0.002109375,0.0019160620122723,1.07296875,0.9746368769092516,2.051631063921524,114416,,,0.0771697604847085,Information
732707,13744.0,537.6936213,USA,United States,Florida,0.421275184,1.666438463,0.77,0.32,13744.0,,,,,,,,,,,,,,,,,,,,,,,,,33.7743137976118,8.42550368,33.32876926,,7.0,1.302,6.938,1.29,3.188,0.593,1.312,0.244,0.06938,1.29,0.04782,0.8895,0.0328,0.61,2.9395,12.515625,2.327649892788617,43.875,8.159851309551106,0.187734375,3.491474839182925,1.535625,28.55947958342887,33.7743137976118,239978,,,0.2482291292834818,Information
732709,13746.0,2180.565072,USA,United States,Alabama,0.194065298,1.753478852,0.77,0.32,13746.0,,,,,,,,,,,,,,,,,,,,,,,,,43.33750496071196,3.88130596,35.06957704,,12.312,0.565,11.375,0.522,4.438,0.204,1.938,0.089,0.11375,0.522,0.06657,0.306,0.04845,0.2224999999999999,1.27927,65.390625,2.998792645546685,193.640625,8.880295640683409,0.980859375,4.498188968320028,6.777421875,31.08103474239193,43.33750496071196,180318,,,0.3429968512759545,Advisory
732821,13748.0,9322.757316,USA,United States,Alabama,0.333623135,0.0,0.77,0.32,13748.0,13748.0,0.0,1.0,-9999.0,-9999.0,-9999.0,0.0,10.0,-999.9,-999.9,-999.9,-5979.4,0.0,0.0,0.0,0.0,0.0,0.0,0.0,0.0,0.0,0.0,0.0,-5979.4,4.661991744915764,6.6724627000000005,0.0,,,,,,,,,,,,,,,,,0.984375,0.0105588396932856,63.84375,0.6848161743930959,0.014765625,0.0158382595399284,2.23453125,2.396856610375836,4.661991744915764,30324,,,0.0013647190893679,Information
732823,13750.0,232.0313467,USA,United States,Alabama,0.834075211,0.0,0.77,0.32,13750.0,13750.0,0.0,1.0,-9999.0,-9999.0,-9999.0,0.0,10.0,-999.9,-999.9,-999.9,-5979.4,0.0,0.0,0.0,0.0,0.0,0.0,0.0,0.0,0.0,0.0,0.0,-5979.4,5.364062683503937,16.68150422,0.0,,,,,,,,,,,,,,,,,0.5625,0.242424141433708,3.234375,1.3939388132438213,0.0084375,0.3636362121505619,0.113203125,4.878785846353375,5.364062683503937,3732,,,0.0030445079031024,Information
732824,13751.0,23758.1067,USA,United States,Mississippi,0.281571115,0.0,0.77,0.32,13751.0,13751.0,0.0,1.0,-9999.0,-9999.0,-9999.0,0.0,10.0,-999.9,-999.9,-999.9,-5979.4,0.0,0.0,0.0,0.0,0.0,0.0,0.0,0.0,0.0,0.0,0.0,-5979.4,15.454716127256937,5.6314223,0.0,,,,,,,,,,,,,,,,,49.5,0.208349935586585,289.546875,1.218728742536303,0.7425,0.3125249033798775,10.134140625,4.26555059887706,15.454716127256937,285273,,,0.0352026744624011,Information
732826,13753.0,1087.04987,USA,United States,Alabama,0.434295904,0.0,0.77,0.32,13753.0,,,,,,,,,,,,,,,,,,,,,,,,,7.264546662483587,8.68591808,0.0,,2.125,0.195,2.125,0.195,0.312,0.029,0.188,0.017,0.02125,0.195,0.00468,0.0435,0.0046999999999999,0.0425,0.3116299999999999,1.546875,0.1423002791951026,19.6875,1.811094462483124,0.023203125,0.2134504187926539,0.6890625,6.338830618690934,7.264546662483587,20113,,,0.0056820445421982,Information
732827,13754.0,2052.013146,USA,United States,Alabama,0.03547409,0.0,0.77,0.32,13754.0,,,,,,,,,,,,,,,,,,,,,,,,,10.99722635703959,0.7094818,0.0,,3.5,0.171,2.625,0.128,0.375,0.018,0.0,0.0,0.02625,0.128,0.005625,0.0269999999999999,0.0,0.0,0.1868749999999999,6.046875,0.2946801297241475,50.90625,2.4807955107009625,0.090703125,0.4420201945862212,1.78171875,8.68278428745337,10.99722635703959,190189,,,0.0138890162262268,Information
732828,13755.0,6182.121617,USA,United States,Alabama,0.819070006,0.0,0.77,0.32,13755.0,,,,,,,,,,,,,,,,,,,,,,,,,8.773555104460275,16.381400120000002,0.0,,22.25,0.36,20.062,0.325,4.75,0.077,0.875,0.014,0.20062,0.325,0.07125,0.1154999999999999,0.021875,0.035,0.769245,8.859375,0.1433063849196548,91.96875,1.4876567577373692,0.132890625,0.2149595773794822,3.21890625,5.206798652080792,8.773555104460275,140419,,,0.0120816148475104,Information
732830,13757.0,9646.978535,USA,United States,Alabama,0.106178142,0.0,0.77,0.32,13757.0,13757.0,0.0,1.0,5.0,3.0,-9999.0,0.0,10.0,0.5,0.3,-999.9,-1978.4,0.0,0.0,0.0,0.0,0.0,0.0,0.0,0.0,0.0,0.0,0.0,-1978.4,8.957035846655902,2.12356284,0.0,,,,,,,,,,,,,,,,,0.84375,0.0087462618161264,125.296875,1.298819879694775,0.01265625,0.0131193927241896,4.385390625,4.545869578931712,8.957035846655902,24556,,,0.0083951804849814,Information
732860,13760.0,12197.99195,USA,United States,Alabama,0.201944352,0.0,0.77,0.32,13760.0,,,,,,,,,,,,,,,,,,,,,,,,,13.595238337534695,4.03888704,0.0,,56.75,0.465,41.0,0.336,6.562,0.054,1.125,0.009,0.41,0.336,0.09843,0.081,0.028125,0.0225,0.976055,23.90625,0.1959851268011103,203.203125,1.6658735778094376,0.35859375,0.2939776902016654,7.112109375,5.830557522333032,13.595238337534695,413643,,,0.0253373999780901,Information
732870,13761.0,15967.71909,USA,United States,Alabama,1.382090609,0.0,0.77,0.32,13761.0,13761.0,0.0,1.0,2.0,2.0,2.0,0.0,10.0,0.2,0.2,0.2,21.2,0.0,0.0,0.0,0.0,0.0,0.0,0.0,0.0,0.0,0.0,0.0,21.2,21.2,27.64181218,0.0,,92.188,0.577,85.312,0.534,27.062,0.169,3.688,0.023,0.85312,0.534,0.40593,0.2535,0.0922,0.0574999999999999,2.19625,54.140625,0.3390629850769319,314.71875,1.970968728836815,0.812109375,0.5085944776153979,11.01515625,6.898390550928852,19.23425065354425,565952,,,0.1097934291017372,Information
732880,13762.0,5615.591873,USA,United States,Georgia,1.063498582,0.0,0.77,0.32,13762.0,,,,,,,,,,,,,,,,,,,,,,,,,5.582150808830956,21.26997164,0.0,,5.562,0.099,5.562,0.099,1.438,0.026,0.25,0.004,0.05562,0.099,0.02157,0.039,0.00625,0.01,0.23144,6.1875,0.1101842893790277,54.703125,0.9741292856464044,0.0928125,0.1652764340685415,1.914609375,3.4094524997624154,5.582150808830956,315143,,,0.0040670706175665,Information
732890,13763.0,4838.528068,USA,United States,Georgia,0.795120641,0.0,0.77,0.32,13763.0,,,,,,,,,,,,,,,,,,,,,,,,,10.119537213483603,15.90241282,0.0,,17.312,0.358,17.25,0.357,5.312,0.11,1.0,0.021,0.1725,0.357,0.07968,0.165,0.025,0.0525,0.85168,28.6875,0.5928972529514831,81.984375,1.6944073454446795,0.4303125,0.8893458794272247,2.869453125,5.930425709056379,10.119537213483603,970305,,,0.0171082961376685,Information
732900,13764.0,25644.43792,USA,United States,Mississippi,0.383963902,0.855857087,0.77,0.32,13764.0,13764.0,0.0,1.0,2.0,-9999.0,-9999.0,0.0,10.0,0.2,-999.9,-999.9,-3979.2,0.0,0.0,0.0,0.0,0.0,0.0,0.0,0.0,0.0,0.0,0.0,-3979.2,17.715648740931563,7.679278040000001,17.11714174,,34.438,0.134,19.062,0.074,6.938,0.027,4.188,0.016,0.19062,0.074,0.10407,0.0405,0.1046999999999999,0.04,0.55389,39.234375,0.1529937022778072,347.34375,1.3544603750042434,0.588515625,0.2294905534167108,12.15703125,4.740611312514852,17.715648740931563,667274,,,0.0614178257048721,Information
741001,13765.0,194.1625949,USA,United States,Mississippi,1.61405268,0.60659087,0.77,0.32,13765.0,,,,,,,,,,,,,,,,,,,,,,,,,26.24751116966317,32.2810536,12.1318174,,2.25,1.159,1.625,0.837,0.875,0.451,0.562,0.29,0.01625,0.837,0.013125,0.6765,0.01405,0.725,2.281925,4.78125,2.462497991613356,12.234375,6.301097802069468,0.07171875,3.6937469874200337,0.428203125,22.053842307243137,26.24751116966317,52746,,,0.1716169572660026,Information
741002,13766.0,1561.902337,USA,United States,Mississippi,0.003031536,0.0,0.77,0.32,13766.0,,,,,,,,,,,,,,,,,,,,,,,,,4.710386469290848,0.06063072,0.0,,1.125,0.072,0.625,0.04,0.25,0.016,0.188,0.012,0.00625,0.04,0.00375,0.024,0.0046999999999999,0.03,0.1087,4.359375,0.2791067594983785,16.3125,1.044399487155223,0.065390625,0.4186601392475677,0.5709375,3.65539820504328,4.710386469290848,113723,,,0.0011260767638763,Information
741003,13767.0,2267.186735,USA,United States,Mississippi,1.110377661,2.320247395,0.77,0.32,13767.0,,,,,,,,,,,,,,,,,,,,,,,,,24.60328430282454,22.20755322,46.4049479,,13.875,0.612,11.375,0.502,1.312,0.058,1.938,0.085,0.11375,0.502,0.01968,0.087,0.04845,0.2125,0.98338,46.546875,2.0530675432534164,109.96875,4.850449603698404,0.698203125,3.079601314880125,3.84890625,16.976573612944414,24.60328430282454,116471,,,0.2181145219937568,Information
741004,13768.0,1373.581515,USA,United States,Mississippi,3.331462692,0.571681191,0.77,0.32,13768.0,,,,,,,,,,,,,,,,,,,,,,,,,18.129839309389748,66.62925384,11.43362382,,3.188,0.232,1.938,0.141,0.188,0.014,0.062,0.005,0.0193799999999999,0.141,0.00282,0.021,0.00155,0.0125,0.1982499999999999,27.84375,2.0270911983038986,50.625,3.685620360552543,0.41765625,3.040636797455848,1.771875,12.8996712619339,18.129839309389748,42046,,,0.2708909967843588,Information
741006,13770.0,20956.47184,USA,United States,Mississippi,1.674386487,0.067522651,0.77,0.32,13770.0,13770.0,0.0,1.0,2.0,-9999.0,-9999.0,0.0,10.0,0.2,-999.9,-999.9,-3979.2,0.0,0.0,0.0,0.0,0.0,0.0,0.0,0.0,0.0,0.0,0.0,-3979.2,6.782331462070304,33.48772974,1.35045302,,,,,,,,,,,,,,,,,22.921875,0.1093785021646124,121.359375,0.5791021310923958,0.343828125,0.1640677532469185,4.247578125,2.026857458823385,6.782331462070304,549257,,,0.0112132543289379,Information
741007,13771.0,18.26483566,USA,United States,Louisiana,2.601300521,4.027547811,0.77,0.32,13771.0,,,,,,,,,,,,,,,,,,,,,,,,,50.504140625000005,52.026010420000006,80.55095621999999,3.0,1.0,5.475,1.0,5.475,0.625,3.422,0.562,3.08,0.01,5.475,0.009375,5.133,0.01405,7.7,18.341425,8.015625,43.88555773619608,10.96875,60.05392111268938,0.120234375,15.0,0.38390625,35.0,50.504140625000005,58,22.0,37.93,0.8300233220268926,Warning
741008,13772.0,13776.45342,USA,United States,Louisiana,2.206156334,3.58969456,0.77,0.32,13772.0,,,,,,,,,,,,,,,,,,,,,,,,,25.08803793891184,44.12312668,71.79389119999999,,69.5,0.504,45.438,0.33,7.5,0.054,5.875,0.043,0.45438,0.33,0.1125,0.081,0.146875,0.1074999999999999,1.232255,152.71875,1.1085490968519165,349.875,2.539659441038277,2.29078125,1.6628236452778746,12.245625,8.888808043633968,25.08803793891184,1161522,,,0.4533716154679343,Advisory
742100,13773.0,5490.83963,USA,United States,Louisiana,3.266945154,4.008260852,0.77,0.32,13773.0,13773.0,0.0,1.0,3.0,2.0,-9999.0,0.0,10.0,0.3,0.2,-999.9,-1978.8,0.0,0.0,0.0,0.0,0.0,0.0,0.0,0.0,0.0,0.0,0.0,-1978.8,67.36800037321476,65.33890308,80.16521704,3.0,193.5,3.524,158.938,2.895,23.375,0.426,15.938,0.29,1.5893799999999998,2.895,0.350625,0.639,0.3984499999999999,0.725,6.597455,119.953125,2.184604415476506,779.765625,14.201209242458642,1.799296875,3.276906623214759,27.291796875,35.0,67.36800037321476,822276,14290.0,1.74,0.8892847247969908,Warning
742210,13774.0,431.5328528,USA,United States,Louisiana,3.889459172,0.0,0.77,0.32,13774.0,,,,,,,,,,,,,,,,,,,,,,,,,36.707890625,77.78918344,0.0,3.0,4.188,0.97,3.375,0.782,0.0,0.0,0.0,0.0,0.03375,0.782,0.0,0.0,0.0,0.0,0.81575,0.0,0.0,48.796875,11.307800712637627,0.0,0.0,1.707890625,35.0,36.707890625,73,0.0,0.0,0.6923112471612318,Watch
742221,13775.0,64.53986622,USA,United States,Louisiana,3.564829938,0.0,0.77,0.32,13775.0,,,,,,,,,,,,,,,,,,,,,,,,,26.86361704710008,71.29659876,0.0,,0.125,0.194,0.125,0.194,0.0,0.0,0.0,0.0,0.00125,0.194,0.0,0.0,0.0,0.0,0.19525,0.0,0.0,4.921875,7.626100406314308,0.0,0.0,0.172265625,26.69135142210008,26.86361704710008,51,,,0.4735922686753422,Advisory
742222,13776.0,7792.359833,USA,United States,Louisiana,0.516387291,0.0,0.77,0.32,13776.0,,,,,,,,,,,,,,,,,,,,,,,,,8.908648397815124,10.32774582,0.0,,18.312,0.235,15.875,0.204,0.25,0.003,0.125,0.002,0.15875,0.204,0.00375,0.0045,0.003125,0.005,0.379125,2.53125,0.0324837411824372,110.390625,1.416652046011848,0.03796875,0.0487256117736558,3.863671875,4.958282161041468,8.908648397815124,55593,,,0.0104679382596895,Information
742223,13777.0,408.1121948,USA,United States,Louisiana,3.049867164,0.0,0.77,0.32,13777.0,,,,,,,,,,,,,,,,,,,,,,,,,21.679598434256043,60.99734328,0.0,,1.0,0.245,0.562,0.138,0.375,0.092,0.375,0.092,0.00562,0.138,0.005625,0.138,0.009375,0.2299999999999999,0.5266200000000001,0.5625,0.1378297456361028,24.046875,5.892221625943397,0.0084375,0.2067446184541542,0.841640625,20.622775690801888,21.679598434256043,2874,,,0.2785151848741453,Information
742225,13779.0,556.4807539,USA,United States,Louisiana,1.617318012,0.0,0.77,0.32,13779.0,,,,,,,,,,,,,,,,,,,,,,,,,14.205324504991404,32.34636024,0.0,,0.688,0.124,0.688,0.124,0.0,0.0,0.0,0.0,0.00688,0.124,0.0,0.0,0.0,0.0,0.13088,1.6875,0.3032449888448767,20.671875,3.71475111334974,0.0253125,0.4548674832673151,0.723515625,13.001628896724087,14.205324504991404,3718,,,0.0592873269179427,Information
742226,13780.0,7027.69666,USA,United States,Louisiana,1.044236612,0.0,0.77,0.32,13780.0,13780.0,1.0,1.0,100.0,3.0,-9999.0,3.0,10.0,10.0,0.3,-999.9,-1953.2,0.0,0.0,0.0,0.0,0.0,0.0,0.0,0.0,0.0,0.0,0.0,-1953.2,11.073599026101178,20.88473224,0.0,,7.75,0.11,5.562,0.079,0.125,0.002,0.125,0.002,0.05562,0.079,0.001875,0.003,0.003125,0.005,0.14762,1.828125,0.0260131461044047,129.796875,1.8469333734127344,0.027421875,0.039019719156607,4.542890625,6.46426680694457,11.073599026101178,44394,,,0.0246295553883166,Information
742227,13781.0,14251.66535,USA,United States,Arkansas,2.265160346,0.0,0.77,0.32,13781.0,13781.0,0.0,1.0,5.0,3.0,2.0,0.0,10.0,0.5,0.3,0.2,-758.04,0.0,0.0,0.0,0.0,0.0,0.0,0.0,0.0,0.0,0.0,0.0,-758.04,16.571364270462546,45.30320692,0.0,,36.25,0.254,31.0,0.218,0.0,0.0,0.125,0.001,0.31,0.218,0.0,0.0,0.003125,0.0025,0.533625,20.53125,0.1440621113339396,269.4375,1.8905685295604675,0.30796875,0.2160931670009094,9.4303125,6.616989853461636,16.571364270462546,244591,,,0.1162137713547095,Information
742228,13782.0,8316.711561,USA,United States,Arkansas,0.134409726,0.0,0.77,0.32,13782.0,13782.0,1.0,1.0,100.0,5.0,2.0,3.0,10.0,10.0,0.5,0.2,47.4,0.0,0.0,0.0,0.0,0.0,0.0,0.0,0.0,0.0,0.0,0.0,47.4,47.4,2.68819452,0.0,,,,,,,,,,,,,,,,,49.078125,0.5901145499732349,101.8125,1.2241917884831577,0.736171875,0.8851718249598524,3.5634375,4.284671259691052,9.469452459650904,120424,,,0.2359786381416141,Advisory
742229,13783.0,19092.48518,USA,United States,Arkansas,0.371186903,0.0,0.77,0.32,13783.0,13783.0,1.0,1.0,100.0,5.0,2.0,3.0,10.0,10.0,0.5,0.2,-627.9333333333333,0.0,0.0,0.0,0.0,0.0,0.0,0.0,0.0,0.0,0.0,0.0,-627.9333333333333,19.064458999621028,7.42373806,0.0,,62.312,0.326,33.812,0.177,1.688,0.009,0.438,0.002,0.33812,0.177,0.02532,0.0134999999999999,0.01095,0.005,0.56989,50.203125,0.2629470418809382,335.953125,1.7596091962284632,0.753046875,0.3944205628214073,11.758359375,6.158632186799621,19.064458999621028,166853,,,0.0570297412626764,Information
742231,13784.0,5507.514098,USA,United States,Louisiana,2.606914448,0.0,0.77,0.32,13784.0,,,,,,,,,,,,,,,,,,,,,,,,,17.481544920158996,52.13828896,0.0,,20.875,0.379,19.438,0.353,0.812,0.015,0.125,0.002,0.19438,0.353,0.01218,0.0225,0.003125,0.005,0.590185,2.109375,0.0382999473504835,176.484375,3.204428928323792,0.031640625,0.0574499210257252,6.176953125,11.215501249133272,17.481544920158996,99983,,,0.1569265232561,Information
742232,13785.0,3529.541283,USA,United States,Louisiana,0.098390095,0.0,0.77,0.32,13785.0,,,,,,,,,,,,,,,,,,,,,,,,,8.584337474547624,1.9678019,0.0,,26.25,0.744,26.25,0.744,0.0,0.0,0.125,0.004,0.2625,0.744,0.0,0.0,0.003125,0.01,1.019625,0.0,0.0,63.984375,1.8128240998707497,0.0,0.0,2.239453125,6.344884349547624,8.584337474547624,9744,,,0.007438558866294,Information
742233,13786.0,3406.75718,USA,United States,Louisiana,0.114046844,0.0,0.77,0.32,13786.0,,,,,,,,,,,,,,,,,,,,,,,,,23.945945755567244,2.28093688,0.0,,7.75,0.227,7.75,0.227,0.0,0.0,0.0,0.0,0.0775,0.227,0.0,0.0,0.0,0.0,0.3045,0.421875,0.0123834772398201,173.671875,5.097864797059289,0.006328125,0.0185752158597301,6.078515625,17.842526789707513,23.945945755567244,167704,,,0.0798178819628559,Information
742234,13787.0,6688.665649,USA,United States,Louisiana,0.313026011,0.0,0.77,0.32,13787.0,13787.0,1.0,1.0,100.0,3.0,2.0,3.0,10.0,10.0,0.3,0.2,47.0,0.0,0.0,0.0,0.0,0.0,0.0,0.0,0.0,0.0,0.0,0.0,47.0,47.0,6.26052022,0.0,,28.438,0.425,27.938,0.418,0.125,0.002,0.062,0.001,0.2793799999999999,0.418,0.001875,0.003,0.00155,0.0025,0.7063049999999998,3.09375,0.0462536201143072,125.015625,1.8690667400735987,0.04640625,0.0693804301714608,4.375546875,6.541733590257596,11.033067145429056,127597,,,0.2449801900413627,Advisory
742235,13788.0,242.9780387,USA,United States,Louisiana,2.856368419,0.0,0.77,0.32,13788.0,13788.0,0.0,1.0,3.0,3.0,-9999.0,0.0,10.0,0.3,0.3,-999.9,-1978.6,0.0,0.0,0.0,0.0,0.0,0.0,0.0,0.0,0.0,0.0,0.0,-1978.6,36.4371875,57.12736837999999,0.0,,3.438,1.415,3.438,1.415,0.0,0.0,0.062,0.026,0.03438,1.415,0.0,0.0,0.00155,0.065,1.51593,0.0,0.0,41.0625,16.89967546688946,0.0,0.0,1.4371875,35.0,36.4371875,63412,,,0.4353994583994164,Advisory
742236,13789.0,9127.568455,USA,United States,Texas,0.882720932,0.0,0.77,0.32,13789.0,13789.0,1.0,1.0,100.0,5.0,2.0,3.0,10.0,10.0,0.5,0.2,54.2,0.0,0.0,0.0,0.0,0.0,0.0,0.0,0.0,0.0,0.0,0.0,54.2,54.2,17.65441864,0.0,,18.188,0.199,13.188,0.144,0.0,0.0,0.25,0.003,0.13188,0.144,0.0,0.0,0.00625,0.0075,0.28963,0.140625,0.0015406622331968,268.171875,2.9380428787064727,0.002109375,0.0023109933497951,9.386015625,10.283150075472657,19.67358606882245,171204,,,0.3378844045949983,Advisory
742237,13790.0,594.0197414,USA,United States,Louisiana,3.86313421,0.0,0.77,0.32,13790.0,13790.0,0.0,1.0,3.0,2.0,-9999.0,0.0,10.0,0.3,0.2,-999.9,-1978.8,0.0,0.0,0.0,0.0,0.0,0.0,0.0,0.0,0.0,0.0,0.0,-1978.8,38.51421875,77.2626842,0.0,3.0,3.75,0.631,3.75,0.631,0.0,0.0,0.0,0.0,0.0375,0.631,0.0,0.0,0.0,0.0,0.6685,0.0,0.0,100.40625,16.902847331294453,0.0,0.0,3.51421875,35.0,38.51421875,16482,95.0,0.58,0.7009101669690734,Watch
742238,13791.0,9809.412792,USA,United States,Texas,0.278939541,0.0,0.77,0.32,13791.0,,,,,,,,,,,,,,,,,,,,,,,,,16.60869925571291,5.57879082,0.0,,40.188,0.41,40.188,0.41,0.0,0.0,2.312,0.024,0.40188,0.41,0.0,0.0,0.0577999999999999,0.06,0.9296799999999998,0.0,0.0,234.984375,2.395498894489403,0.0,0.0,8.224453125,8.38424613071291,16.60869925571291,181248,,,0.0411195834358784,Information
742239,13792.0,1979.630943,USA,United States,Arkansas,0.646053014,0.0,0.77,0.32,13792.0,,,,,,,,,,,,,,,,,,,,,,,,,19.806668387434904,12.92106028,0.0,,7.062,0.357,1.812,0.092,0.0,0.0,0.0,0.0,0.01812,0.092,0.0,0.0,0.0,0.0,0.11012,0.0,0.0,93.515625,4.723891860695687,0.0,0.0,3.273046875,16.533621512434905,19.806668387434904,20041,,,0.0693304191219453,Information
742240,13793.0,10840.22983,USA,United States,Oklahoma,1.12657439,0.0,0.77,0.32,13793.0,,,,,,,,,,,,,,,,,,,,,,,,,12.592908091970608,22.5314878,0.0,,7.062,0.065,6.25,0.058,0.125,0.001,0.062,0.001,0.0625,0.058,0.001875,0.0015,0.00155,0.0025,0.127925,7.171875,0.066159805751503,184.078125,1.6981016809552436,0.107578125,0.0992397086272545,6.442734375,5.943355883343353,12.592908091970608,50205,,,0.0346286389641247,Information
742250,13794.0,22129.77342,USA,United States,Oklahoma,0.213291786,0.0,0.77,0.32,13794.0,13794.0,0.0,1.0,-9999.0,-9999.0,-9999.0,0.0,10.0,-999.9,-999.9,-999.9,-4645.866666666666,0.0,0.0,0.0,0.0,0.0,0.0,0.0,0.0,0.0,0.0,0.0,-4645.866666666666,32.84594723874392,4.26583572,0.0,,23.0,0.104,22.125,0.1,0.562,0.003,1.75,0.008,0.22125,0.1,0.00843,0.0045,0.04375,0.02,0.39793,0.140625,0.0006354561220664,646.3125,2.920556337017377,0.002109375,0.0009531841830996,22.6209375,10.22194717956082,32.84594723874392,235247,,,0.1423666331400884,Information
742271,13796.0,7886.201077,USA,United States,Oklahoma,0.023614813,0.0,0.77,0.32,13796.0,13796.0,0.0,4.0,2.0,2.0,-9999.0,0.0,7.0,0.2,0.2,-999.9,-1985.0,0.0,0.0,0.0,0.0,0.0,0.0,0.0,0.0,0.0,0.0,0.0,-1985.0,14.779809196948452,0.4722962599999999,0.0,,,,,,,,,,,,,,,,,0.0,0.0,186.1875,2.3609276276995583,0.0,0.0,6.5165625,8.263246696948453,14.779809196948452,71408,,,0.0282490277010021,Information
742277,13802.0,1745.200497,USA,United States,Oklahoma,0.050603424,0.0,0.77,0.32,13802.0,13802.0,0.0,4.0,2.0,2.0,-9999.0,0.0,7.0,0.2,0.2,-999.9,-1985.0,0.0,0.0,0.0,0.0,0.0,0.0,0.0,0.0,0.0,0.0,0.0,-1985.0,0.8281055499497956,1.01206848,0.0,,,,,,,,,,,,,,,,,0.0,0.0,3.515625,0.2014453356999416,0.0,0.0,0.123046875,0.7050586749497956,0.8281055499497956,15073,,,8.608618666826786e-07,Information
742280,13805.0,13303.59253,USA,United States,Oklahoma,0.246624056,0.0,0.77,0.32,13805.0,13805.0,0.0,2.0,-9999.0,-9999.0,-9999.0,0.0,9.0,-999.9,-999.9,-999.9,-5981.4,0.0,0.0,0.0,0.0,0.0,0.0,0.0,0.0,0.0,0.0,0.0,-5981.4,1.4139315040984228,4.93248112,0.0,,,,,,,,,,,,,,,,,0.0,0.0,23.0625,0.1733554297424065,0.0,0.0,0.8071875,0.6067440040984228,1.4139315040984228,75794,,,1.2869895513605144e-05,Information
742301,13807.0,2025.479942,USA,United States,Mississippi,0.879309439,0.0,0.77,0.32,13807.0,,,,,,,,,,,,,,,,,,,,,,,,,45.5493946370993,17.58618878,0.0,,70.5,3.481,69.625,3.437,11.812,0.583,9.25,0.457,0.69625,3.437,0.17718,0.8744999999999999,0.23125,1.1425,6.558680000000001,12.234375,0.6040235080662,270.28125,13.344059569002717,0.183515625,0.9060352620993,9.45984375,35.0,45.5493946370993,8480,,,0.2766053995308666,Advisory
742302,13808.0,3114.914173,USA,United States,Mississippi,1.021311576,0.0,0.77,0.32,13808.0,,,,,,,,,,,,,,,,,,,,,,,,,7.448392335769496,20.42623152,0.0,,4.0,0.128,4.0,0.128,0.812,0.026,0.688,0.022,0.04,0.128,0.01218,0.039,0.0171999999999999,0.0549999999999999,0.29138,6.046875,0.1941265365167634,47.953125,1.5394685802841004,0.090703125,0.2911898047751451,1.678359375,5.388140030994351,7.448392335769496,6780,,,0.0089256941202095,Information
742303,13809.0,2254.22752,USA,United States,Mississippi,1.251122862,0.0,0.77,0.32,13809.0,13809.0,0.0,1.0,3.0,2.0,-9999.0,0.0,10.0,0.3,0.2,-999.9,-1978.8,0.0,0.0,0.0,0.0,0.0,0.0,0.0,0.0,0.0,0.0,0.0,-1978.8,52.914071301349736,25.02245724,0.0,,82.375,3.654,82.25,3.649,6.688,0.297,6.688,0.297,0.8225,3.649,0.10032,0.4455,0.1672,0.7424999999999999,5.92702,38.671875,1.715526700899824,421.734375,18.708598458176624,0.580078125,2.573290051349736,14.760703125,35.0,52.914071301349736,37241,,,0.3637250970336154,Advisory
742304,13810.0,2789.404555,USA,United States,Mississippi,0.255547519,0.0,0.77,0.32,13810.0,,,,,,,,,,,,,,,,,,,,,,,,,3.7847696817816576,5.11095038,0.0,,2.438,0.087,2.25,0.081,0.438,0.016,0.25,0.009,0.0225,0.081,0.00657,0.024,0.00625,0.0225,0.16282,0.5625,0.020165594083691,23.34375,0.8368721544731774,0.0084375,0.0302483911255365,0.81703125,2.929052540656121,3.7847696817816576,13367,,,0.0006371106883161,Information
742305,13811.0,354.1420681,USA,United States,Louisiana,1.384365491,0.0,0.77,0.32,13811.0,,,,,,,,,,,,,,,,,,,,,,,,,38.41898667728909,27.687309820000003,0.0,,21.812,6.159,17.875,5.047,1.062,0.3,0.688,0.194,0.17875,5.047,0.01593,0.4499999999999999,0.0171999999999999,0.485,6.19388,0.703125,0.1985432015260546,88.875,25.0958606728933,0.010546875,0.2978148022890818,3.110625,35.0,38.41898667728909,1193,,,0.2635471366762728,Advisory
742306,13812.0,8752.359988,USA,United States,Mississippi,0.445191864,0.0,0.77,0.32,13812.0,13812.0,0.0,1.0,-9999.0,-9999.0,-9999.0,0.0,10.0,-999.9,-999.9,-999.9,-5979.4,0.0,0.0,0.0,0.0,0.0,0.0,0.0,0.0,0.0,0.0,0.0,-5979.4,4.272376580737253,8.90383728,0.0,,,,,,,,,,,,,,,,,3.65625,0.0417744471785392,55.40625,0.6330435457055558,0.05484375,0.0626616707678087,1.93921875,2.215652409969445,4.272376580737253,112614,,,0.0011076259827565,Information
742307,13813.0,615.2786749,USA,United States,Louisiana,0.362350998,0.0,0.77,0.32,13813.0,13813.0,0.0,1.0,3.0,2.0,-9999.0,0.0,10.0,0.3,0.2,-999.9,-1978.8,0.0,0.0,0.0,0.0,0.0,0.0,0.0,0.0,0.0,0.0,0.0,-1978.8,44.92330729269612,7.247019959999999,0.0,,26.5,4.307,26.5,4.307,2.0,0.325,2.5,0.406,0.265,4.307,0.03,0.4875,0.0625,1.015,6.167,15.046875,2.4455381951307507,172.265625,27.99798400967448,0.225703125,3.668307292696126,6.029296875,35.0,44.92330729269612,19173,,,0.2342312061213083,Advisory
742308,13814.0,34404.03309,USA,United States,Mississippi,1.16871785,0.0,0.77,0.32,13814.0,13814.0,0.0,1.0,-9999.0,-9999.0,-9999.0,0.0,10.0,-999.9,-999.9,-999.9,-5979.4,0.0,0.0,0.0,0.0,0.0,0.0,0.0,0.0,0.0,0.0,0.0,-5979.4,33.20262352453962,23.374357,0.0,,25.125,0.073,15.562,0.045,2.562,0.007,2.25,0.007,0.1556199999999999,0.045,0.03843,0.0105,0.05625,0.0175,0.3233,146.25,0.4250955101823707,672.328125,1.9542131097903024,2.19375,0.637643265273556,23.531484375,6.839745884266058,33.20262352453962,444490,,,0.2014922635579599,Information
742309,13815.0,2387.357353,USA,United States,Mississippi,2.531764914,0.0,0.77,0.32,13815.0,,,,,,,,,,,,,,,,,,,,,,,,,61.782930143892685,50.63529828,0.0,3.0,51.562,2.16,40.062,1.678,3.562,0.149,1.125,0.047,0.40062,1.678,0.05343,0.2234999999999999,0.028125,0.1175,2.5011750000000004,46.265625,1.9379430125951216,662.34375,27.74380422286633,0.693984375,2.906914518892682,23.18203125,35.0,61.782930143892685,13109,262.0,2.0,0.5887736526407781,Watch
742411,13816.0,493.6084326,USA,United States,Arkansas,4.006981042,0.0,0.77,0.32,13816.0,,,,,,,,,,,,,,,,,,,,,,,,,52.38279073462941,80.13962083999999,0.0,3.0,4.375,0.886,2.812,0.57,0.0,0.0,0.375,0.076,0.02812,0.57,0.0,0.0,0.009375,0.19,0.7974950000000001,41.484375,8.404308406419604,118.6875,24.044868796671683,0.622265625,12.606462609629409,4.1540625,35.0,52.38279073462941,346,89.0,25.72,0.8339397076164956,Warning
742413,13818.0,4740.688016,USA,United States,Arkansas,1.073295481,0.0,0.77,0.32,13818.0,13818.0,0.0,1.0,3.0,-9999.0,-9999.0,0.0,10.0,0.3,-999.9,-999.9,-3979.0,0.0,0.0,0.0,0.0,0.0,0.0,0.0,0.0,0.0,0.0,0.0,-3979.0,35.4005014639699,21.46590962,0.0,,8.625,0.182,7.688,0.162,0.0,0.0,0.125,0.003,0.07688,0.162,0.0,0.0,0.003125,0.0075,0.249505,42.046875,0.8869361336125247,307.265625,6.481456361014604,0.630703125,1.330404200418787,10.754296875,22.68509726355112,35.4005014639699,424759,,,0.2127816176284974,Advisory
742414,13819.0,2887.849935,USA,United States,Arkansas,0.453157044,0.0,0.77,0.32,13819.0,,,,,,,,,,,,,,,,,,,,,,,,,3.3355822425047825,9.06314088,0.0,,3.25,0.113,3.25,0.113,0.25,0.009,0.125,0.004,0.0325,0.113,0.00375,0.0134999999999999,0.003125,0.01,0.175875,7.171875,0.2483465263268935,18.28125,0.6330401651469835,0.107578125,0.3725197894903402,0.63984375,2.215640578014442,3.3355822425047825,4558,,,0.0004740048019605,Information
742416,13821.0,2820.899526,USA,United States,Arkansas,0.017893662,0.0,0.77,0.32,13821.0,,,,,,,,,,,,,,,,,,,,,,,,,3.793273330252289,0.35787324,0.0,,5.438,0.193,5.0,0.177,0.0,0.0,0.0,0.0,0.05,0.177,0.0,0.0,0.0,0.0,0.2269999999999999,0.84375,0.0299106718306886,23.484375,0.8325136992875017,0.01265625,0.0448660077460329,0.821953125,2.9137979475062563,3.793273330252289,16492,,,0.0005408715872486,Information
742417,13822.0,10069.39375,USA,United States,Arkansas,1.357812084,0.0,0.77,0.32,13822.0,,,,,,,,,,,,,,,,,,,,,,,,,17.597434767084117,27.15624168,0.0,,38.625,0.384,25.25,0.251,2.75,0.027,0.188,0.002,0.2525,0.251,0.04125,0.0405,0.0046999999999999,0.005,0.5949500000000001,49.5,0.4915886816936544,231.046875,2.2945460341553243,0.7425,0.7373830225404816,8.086640625,8.030911119543635,17.597434767084117,245754,,,0.0777218172767758,Information
742419,13824.0,3204.60462,USA,United States,Oklahoma,1.264518193,0.0,0.77,0.32,13824.0,,,,,,,,,,,,,,,,,,,,,,,,,11.658467308990216,25.29036386,0.0,,6.688,0.209,6.188,0.193,0.938,0.029,0.062,0.002,0.06188,0.193,0.01407,0.0435,0.00155,0.005,0.319,1.265625,0.0394939516803737,80.296875,2.505671823277044,0.018984375,0.0592409275205605,2.810390625,8.769851381469653,11.658467308990216,39919,,,0.0316145992253767,Information
742421,13825.0,1021.620809,USA,United States,Oklahoma,0.036375825,0.0,0.77,0.32,13825.0,13825.0,0.0,1.0,2.0,-9999.0,-9999.0,0.0,10.0,0.2,-999.9,-999.9,-3979.2,0.0,0.0,0.0,0.0,0.0,0.0,0.0,0.0,0.0,0.0,0.0,-3979.2,30.66087777952476,0.7275165,0.0,,2.75,0.269,2.5,0.245,0.062,0.006,0.0,0.0,0.025,0.245,0.0009299999999999,0.009,0.0,0.0,0.27993,18.84375,1.84449551457512,73.125,7.157743787903452,0.28265625,2.76674327186268,2.559375,25.052103257662083,30.66087777952476,8712,,,0.1200211789334061,Information
742422,13826.0,46952.84592,USA,United States,Oklahoma,0.091221616,0.0,0.77,0.32,13826.0,13826.0,0.0,1.0,2.0,-9999.0,-9999.0,0.0,10.0,0.2,-999.9,-999.9,-3979.2,0.0,0.0,0.0,0.0,0.0,0.0,0.0,0.0,0.0,0.0,0.0,-3979.2,10.661806702229224,1.82443232,0.0,,,,,,,,,,,,,,,,,41.625,0.0886527731957203,233.296875,0.4968748335530406,0.624375,0.1329791597935804,8.165390625,1.739061917435642,10.661806702229224,925003,,,0.013206346609694,Information
742423,13827.0,29335.33837,USA,United States,Oklahoma,0.247513809,0.0,0.77,0.32,13827.0,13827.0,0.0,2.0,-9999.0,-9999.0,-9999.0,0.0,9.0,-999.9,-999.9,-999.9,-5981.4,0.0,0.0,0.0,0.0,0.0,0.0,0.0,0.0,0.0,0.0,0.0,-5981.4,12.118883869119744,4.95027618,0.0,,,,,,,,,,,,,,,,,25.03125,0.0853279743586921,247.5,0.8436923307376304,0.37546875,0.1279919615380381,8.6625,2.9529231575817065,12.118883869119744,560228,,,0.01971671056859,Information
742430,13834.0,6335.563522,USA,United States,Oklahoma,0.298531933,0.0,0.77,0.32,13834.0,,,,,,,,,,,,,,,,,,,,,,,,,9.33115877301599,5.9706386600000005,0.0,,9.312,0.147,7.438,0.117,1.125,0.018,0.0,0.0,0.07438,0.117,0.016875,0.0269999999999999,0.0,0.0,0.235255,5.34375,0.084345299057551,101.109375,1.595901842694189,0.08015625,0.1265179485863265,3.538828125,5.585656449429662,9.33115877301599,437999,,,0.0104372172522726,Information
742441,13835.0,4308.07416,USA,United States,Oklahoma,0.244799925,0.0,0.77,0.32,13835.0,13835.0,0.0,2.0,3.0,2.0,2.0,0.0,9.0,0.3,0.2,0.2,19.4,0.0,0.0,0.0,0.0,0.0,0.0,0.0,0.0,0.0,0.0,0.0,19.4,19.4,4.8959985,0.0,,27.562,0.64,20.438,0.474,1.5,0.035,0.0,0.0,0.2043799999999999,0.474,0.0225,0.0525,0.0,0.0,0.7533799999999999,36.5625,0.8486970893167646,136.265625,3.1630287674920954,0.5484375,1.2730456339751468,4.769296875,11.070600686222337,17.66138069519748,74688,,,0.055951449690049,Information
742443,13837.0,1114.814386,USA,United States,Oklahoma,1.07494214,0.0,0.77,0.32,13837.0,,,,,,,,,,,,,,,,,,,,,,,,,33.93651739170177,21.4988428,0.0,,29.625,2.657,28.312,2.54,3.875,0.348,0.0,0.0,0.28312,2.54,0.058125,0.522,0.0,0.0,3.403245,40.21875,3.607663346530347,80.015625,7.177484070544642,0.60328125,5.41149501979552,2.800546875,25.12119424690625,33.93651739170177,26130,,,0.2008408085277309,Information
742444,13838.0,2697.609204,USA,United States,Missouri,0.189509016,0.0,0.77,0.32,13838.0,,,,,,,,,,,,,,,,,,,,,,,,,3.293051650069724,3.79018032,0.0,,6.375,0.236,6.375,0.236,0.375,0.014,0.0,0.0,0.06375,0.236,0.005625,0.021,0.0,0.0,0.3263749999999999,4.640625,0.1720273267885445,18.0,0.6672575099676877,0.069609375,0.2580409901828167,0.63,2.335401284886907,3.293051650069724,106803,,,0.0003694585211655,Information
742445,13839.0,271.3137198,USA,United States,Oklahoma,0.525871536,0.0,0.77,0.32,13839.0,,,,,,,,,,,,,,,,,,,,,,,,,44.84840080778516,10.51743072,0.0,,8.562,3.156,8.562,3.156,0.75,0.276,0.0,0.0,0.0856199999999999,3.156,0.01125,0.414,0.0,0.0,3.66687,15.609375,5.75325678852344,28.125,10.366228447789982,0.234140625,8.62988518278516,0.984375,35.0,44.84840080778516,1492,,,0.2448594710426245,Advisory
742447,13841.0,8900.710805,USA,United States,Kansas,0.322075042,0.0,0.77,0.32,13841.0,13841.0,0.0,1.0,2.0,-9999.0,-9999.0,0.0,10.0,0.2,-999.9,-999.9,-2979.1,0.0,0.0,0.0,0.0,0.0,0.0,0.0,0.0,0.0,0.0,0.0,-2979.1,10.482984881391022,6.44150084,0.0,,8.062,0.091,7.875,0.088,0.438,0.005,0.375,0.004,0.07875,0.088,0.00657,0.0075,0.009375,0.01,0.200195,62.015625,0.6967491289185135,114.46875,1.2860630180037866,0.930234375,1.04512369337777,4.00640625,4.501220563013253,10.482984881391022,66159,,,0.0143044739519931,Information
742460,13845.0,21416.90677,USA,United States,Kansas,0.815292626,0.0,0.77,0.32,13845.0,13845.0,0.0,2.0,2.0,-9999.0,-9999.0,0.0,9.0,0.2,-999.9,-999.9,-3981.2,0.0,0.0,0.0,0.0,0.0,0.0,0.0,0.0,0.0,0.0,0.0,-3981.2,14.640099144071057,16.30585252,0.0,,34.188,0.16,27.0,0.126,4.938,0.023,0.438,0.002,0.27,0.126,0.07407,0.0345,0.01095,0.005,0.52052,100.96875,0.471444131033256,241.875,1.129364770720335,1.51453125,0.707166196549884,8.465625,3.952776697521173,14.640099144071057,529548,,,0.0406314676832096,Information
742470,13846.0,3459.238762,USA,United States,Oklahoma,0.621070926,0.0,0.77,0.32,13846.0,13846.0,0.0,1.0,2.0,2.0,-9999.0,0.0,10.0,0.2,0.2,-999.9,-1979.0,0.0,0.0,0.0,0.0,0.0,0.0,0.0,0.0,0.0,0.0,0.0,-1979.0,6.852992061197268,12.42141852,0.0,,,,,,,,,,,,,,,,,0.28125,0.0081304014949257,50.203125,1.4512766668442512,0.00421875,0.0121956022423885,1.757109375,5.079468333954879,6.852992061197268,467116,,,0.0054194359983648,Information
742481,13847.0,3627.728602,USA,United States,Oklahoma,0.320844788,0.0,0.77,0.32,13847.0,13847.0,0.0,1.0,2.0,2.0,-9999.0,0.0,10.0,0.2,0.2,-999.9,-1979.0,0.0,0.0,0.0,0.0,0.0,0.0,0.0,0.0,0.0,0.0,0.0,-1979.0,3.8536877146807846,6.41689576,0.0,,,,,,,,,,,,,,,,,0.140625,0.0038763925149839,29.25,0.8062896431166597,0.002109375,0.0058145887724758,1.02375,2.822013750908309,3.8536877146807846,101020,,,0.0007118088409954,Information
742483,13849.0,13067.28034,USA,United States,Oklahoma,1.171106068,0.0,0.77,0.32,13849.0,13849.0,0.0,1.0,2.0,-9999.0,-9999.0,0.0,10.0,0.2,-999.9,-999.9,-1979.0,0.0,0.0,0.0,0.0,0.0,0.0,0.0,0.0,0.0,0.0,0.0,-1979.0,1.6719039386983416,23.42212136,0.0,,,,,,,,,,,,,,,,,0.140625,0.001076161193316,27.0,0.2066229491166765,0.002109375,0.001614241789974,0.945,0.7231803219083678,1.6719039386983416,298536,,,6.556005284871736e-05,Information
742487,13853.0,4225.72259,USA,United States,Kansas,0.004642267,0.0,0.77,0.32,13853.0,13853.0,0.0,7.0,-9999.0,-9999.0,-9999.0,0.0,4.0,-999.9,-999.9,-999.9,-5991.4,0.0,0.0,0.0,0.0,0.0,0.0,0.0,0.0,0.0,0.0,0.0,-5991.4,-5991.4,0.09284534,0.0,,,,,,,,,,,,,,,,,,,,,,,,,,30064,,,,
742493,13859.0,33534.7307,USA,United States,Kansas,1.647631736,0.0,0.77,0.32,13859.0,13859.0,0.0,1.0,2.0,-9999.0,-9999.0,0.0,10.0,0.2,-999.9,-999.9,-1978.8,0.0,0.0,0.0,0.0,0.0,0.0,0.0,0.0,0.0,0.0,0.0,-1978.8,5.880229811116431,32.95263472,0.0,,,,,,,,,,,,,,,,,40.78125,0.1216089980514639,111.9375,0.3337957325826388,0.61171875,0.1824134970771958,3.9178125,1.1682850640392357,5.880229811116431,828308,,,0.007470552503457,Information
742499,13865.0,37153.02179,USA,United States,Colorado,0.767916549,0.0,0.77,0.32,13865.0,13865.0,0.0,8.0,-9999.0,-9999.0,-9999.0,0.0,3.0,-999.9,-999.9,-999.9,-5993.4,0.0,0.0,0.0,0.0,0.0,0.0,0.0,0.0,0.0,0.0,0.0,-5993.4,2.97339714351483,15.358330979999998,0.0,,12.5,0.034,11.438,0.031,1.062,0.003,0.375,0.001,0.11438,0.031,0.01593,0.0045,0.009375,0.0025,0.177685,0.984375,0.0026495153088858,66.515625,0.1790315344432861,0.014765625,0.0039742729633287,2.328046875,0.6266103705515014,2.97339714351483,982152,,,0.0004059266879732,Information
742510,13866.0,298.7633946,USA,United States,Mississippi,0.500880639,0.0,0.77,0.32,13866.0,,,,,,,,,,,,,,,,,,,,,,,,,53.562734375000005,10.01761278,0.0,,3.125,1.046,1.312,0.439,0.312,0.105,0.375,0.126,0.01312,0.439,0.00468,0.1575,0.009375,0.315,0.938675,39.65625,13.273463453685618,84.796875,28.38261866160436,0.59484375,15.0,2.967890625,35.0,53.562734375000005,1513,,,0.3019639244494059,Advisory
742523,13869.0,3120.474428,USA,United States,Arkansas,0.484297768,0.0,0.77,0.32,13869.0,13869.0,0.0,2.0,7.0,2.0,2.0,0.0,9.0,0.7,0.2,0.2,20.2,0.0,0.0,0.0,0.0,0.0,0.0,0.0,0.0,0.0,0.0,0.0,20.2,32.69765280118971,9.68595536,0.0,,,,,,,,,,,,,,,,,74.8125,2.3974719783423017,190.125,6.092823523907503,1.1221875,3.5962079675134526,6.654375,21.32488233367626,32.69765280118971,70666,,,0.1548171490712478,Information
742524,13870.0,4596.783059,USA,United States,Arkansas,1.62821341,0.0,0.77,0.32,13870.0,13870.0,1.0,1.0,100.0,3.0,2.0,3.0,10.0,10.0,0.3,0.2,47.0,0.0,0.0,0.0,0.0,0.0,0.0,0.0,0.0,0.0,0.0,0.0,47.0,47.0,32.5642682,0.0,,23.75,0.517,22.0,0.479,6.188,0.135,0.438,0.01,0.22,0.479,0.09282,0.2025,0.01095,0.025,1.0302699999999998,29.390625,0.6393737669395132,84.796875,1.8447003897824232,0.440859375,0.9590606504092698,2.967890625,6.4564513642384815,10.82426201464775,54998,,,0.3590394742292291,Advisory
742525,13871.0,1891.991966,USA,United States,Arkansas,1.074940368,0.0,0.77,0.32,13871.0,13871.0,0.0,1.0,7.0,3.0,2.0,0.0,10.0,0.7,0.3,0.2,22.4,0.0,0.0,0.0,0.0,0.0,0.0,0.0,0.0,0.0,0.0,0.0,22.4,28.11651722085136,21.49880736,0.0,,,,,,,,,,,,,,,,,67.21875,3.5528031418003607,99.0,5.232580359471661,1.00828125,5.329204712700541,3.465,18.314031258150813,28.11651722085136,22462,,,0.1522675421504123,Information
742526,13872.0,22215.76503,USA,United States,Missouri,1.372414879,0.0,0.77,0.32,13872.0,13872.0,1.0,1.0,100.0,3.0,2.0,3.0,10.0,10.0,0.3,0.2,30.133333333333336,0.0,0.0,0.0,0.0,0.0,0.0,0.0,0.0,0.0,0.0,0.0,30.133333333333336,30.133333333333336,27.44829758,0.0,,,,,,,,,,,,,,,,,99.421875,0.4475284775798755,169.875,0.7646596901223333,1.491328125,0.6712927163698132,5.945625,2.6763089154281663,10.78455475679798,102792,,,0.1897908018812584,Information
742527,13873.0,3683.809906,USA,United States,Arkansas,1.618401791,0.0,0.77,0.32,13873.0,13873.0,0.0,1.0,7.0,3.0,2.0,0.0,10.0,0.7,0.3,0.2,22.4,0.0,0.0,0.0,0.0,0.0,0.0,0.0,0.0,0.0,0.0,0.0,22.4,22.4,32.36803582,0.0,,,,,,,,,,,,,,,,,2.390625,0.0648954495795785,7.59375,0.2061384868998376,0.035859375,0.0973431743693677,0.26578125,0.7214847041494317,1.1204685035187991,30513,,,0.134575514528059,Information
742528,13874.0,4789.876411,USA,United States,Missouri,0.264123985,0.0,0.77,0.32,13874.0,,,,,,,,,,,,,,,,,,,,,,,,,9.876173565389603,5.2824797,0.0,,9.688,0.202,9.188,0.192,2.5,0.052,0.0,0.0,0.09188,0.192,0.0375,0.078,0.0,0.0,0.39938,37.6875,0.7868157080784409,75.234375,1.5706955366491266,0.5653125,1.180223562117661,2.633203125,5.497434378271944,9.876173565389603,16747,,,0.0118866324791246,Information
742529,13875.0,20834.68629,USA,United States,Arkansas,0.581352926,0.0,0.77,0.32,13875.0,13875.0,0.0,3.0,9.0,5.0,2.0,0.0,8.0,0.9,0.5,0.2,19.2,0.0,0.0,0.0,0.0,0.0,0.0,0.0,0.0,0.0,0.0,0.0,19.2,27.093141884140707,11.62705852,0.0,,137.062,0.658,129.938,0.624,23.75,0.114,1.188,0.006,1.29938,0.624,0.35625,0.171,0.0296999999999999,0.015,2.49533,196.03125,0.9408888970265896,439.03125,2.107213153885949,2.94046875,1.4113333455398844,15.36609375,7.375246038600822,27.093141884140707,610789,,,0.11854627759627,Information
742530,13876.0,1278.475938,USA,United States,Mississippi,1.326041977,0.0,0.77,0.32,13876.0,,,,,,,,,,,,,,,,,,,,,,,,,57.1430888587068,26.52083954,0.0,,5.875,0.46,4.25,0.332,0.438,0.034,1.625,0.127,0.0425,0.332,0.00657,0.051,0.040625,0.3175,0.790195,100.125,7.831590489137868,254.109375,19.875960693640632,1.501875,11.747385733706803,8.893828125,35.0,57.1430888587068,3246,,,0.4007356654766023,Advisory
742540,13877.0,20922.16658,USA,United States,Arkansas,1.335570458,0.0,0.77,0.32,13877.0,,,,,,,,,,,,,,,,,,,,,,,,,22.88404728909024,26.71140916,0.0,,28.562,0.137,15.75,0.075,0.0,0.0,0.0,0.0,0.1575,0.075,0.0,0.0,0.0,0.0,0.2324999999999999,170.578125,0.8152985703230056,369.28125,1.765023945315921,2.558671875,1.2229478554845084,12.92484375,6.177583808605724,22.88404728909024,327672,,,0.1222191175028815,Information
742550,13878.0,6373.943433,USA,United States,Tennessee,0.258703431,0.0,0.77,0.32,13878.0,13878.0,0.0,1.0,2.0,-9999.0,-9999.0,0.0,10.0,0.2,-999.9,-999.9,-3979.2,0.0,0.0,0.0,0.0,0.0,0.0,0.0,0.0,0.0,0.0,0.0,-3979.2,32.51790081642762,5.17406862,0.0,,3.688,0.058,2.812,0.044,1.812,0.028,1.438,0.023,0.02812,0.044,0.02718,0.042,0.0359499999999999,0.0574999999999999,0.2347499999999999,116.4375,1.8267733503862769,311.765625,4.891251833099488,1.7465625,2.7401600255794154,10.911796875,17.119381415848206,32.51790081642762,1102619,,,0.1422529069466648,Information
742570,13880.0,800.168994,USA,United States,Tennessee,0.307084269,0.0,0.77,0.32,13880.0,,,,,,,,,,,,,,,,,,,,,,,,,47.63273796714745,6.14168538,0.0,,3.062,0.383,2.25,0.281,0.188,0.023,0.438,0.055,0.0225,0.281,0.00282,0.0345,0.01095,0.1375,0.48927,43.3125,5.412919061431634,110.390625,13.795913841635818,0.6496875,8.11937859214745,3.863671875,35.0,47.63273796714745,7610,,,0.2488015081071917,Advisory
742580,13881.0,11841.36995,USA,United States,Tennessee,0.201092026,0.0,0.77,0.32,13881.0,,,,,,,,,,,,,,,,,,,,,,,,,10.506283059795264,4.0218405200000005,0.0,,8.625,0.073,7.312,0.062,0.375,0.003,0.375,0.003,0.07312,0.062,0.005625,0.0045,0.009375,0.0075,0.16212,44.71875,0.3776484493926413,143.578125,1.212512788773229,0.67078125,0.566472674088962,5.025234375,4.243794760706302,10.506283059795264,235799,,,0.013478248015963,Information
742590,13882.0,5702.192678,USA,United States,Missouri,0.745963845,0.0,0.77,0.32,13882.0,13882.0,0.0,1.0,2.0,-9999.0,-9999.0,0.0,10.0,0.2,-999.9,-999.9,-3980.2,0.0,0.0,0.0,0.0,0.0,0.0,0.0,0.0,0.0,0.0,0.0,-3980.2,30.574586160503067,14.9192769,0.0,,32.375,0.568,25.375,0.445,1.188,0.021,1.0,0.018,0.25375,0.445,0.01782,0.0315,0.025,0.045,0.81807,84.9375,1.489558574940644,280.828125,4.924914692312029,1.2740625,2.2343378624109658,9.828984375,17.237201423092102,30.574586160503067,75319,,,0.1530519731481173,Information
742610,13883.0,3314.653093,USA,United States,Illinois,1.846808904,0.0,0.77,0.32,13883.0,13883.0,0.0,1.0,-9999.0,-9999.0,-9999.0,0.0,10.0,-999.9,-999.9,-999.9,-5979.4,0.0,0.0,0.0,0.0,0.0,0.0,0.0,0.0,0.0,0.0,0.0,-5979.4,11.695789504024122,36.93617808,0.0,,37.625,1.135,37.625,1.135,1.812,0.055,1.375,0.041,0.37625,1.135,0.02718,0.0825,0.034375,0.1025,1.757805,10.6875,0.3224319318067293,78.609375,2.3715717089468646,0.1603125,0.483647897710094,2.751328125,8.300500981314027,11.695789504024122,78737,,,0.046002162426786,Information
742621,13884.0,6431.275297,USA,United States,Tennessee,0.708245636,0.0,0.77,0.32,13884.0,,,,,,,,,,,,,,,,,,,,,,,,,20.9228473715048,14.16491272,0.0,,88.875,1.382,78.375,1.219,23.812,0.37,1.562,0.024,0.78375,1.219,0.35718,0.5549999999999999,0.03905,0.06,3.01398,33.75,0.5247792769230102,219.515625,3.41325188032008,0.50625,0.7871689153845153,7.683046875,11.94638158112028,20.9228473715048,106703,,,0.0790359296491233,Information
742622,13885.0,9070.791163,USA,United States,Tennessee,0.317860182,0.0,0.77,0.32,13885.0,,,,,,,,,,,,,,,,,,,,,,,,,2.7407272112073526,6.35720364,0.0,,7.312,0.081,7.312,0.081,0.812,0.009,0.062,0.001,0.07312,0.081,0.01218,0.0134999999999999,0.00155,0.0025,0.18385,3.234375,0.0356570330180896,35.859375,0.3953279747657766,0.048515625,0.0534855495271344,1.255078125,1.383647911680218,2.7407272112073526,271705,,,0.0002067892025059,Information
742623,13886.0,37740.49072,USA,United States,Alabama,0.617231468,0.0,0.77,0.32,13886.0,13886.0,0.0,1.0,2.0,-9999.0,-9999.0,0.0,10.0,0.2,-999.9,-999.9,-3979.2,0.0,0.0,0.0,0.0,0.0,0.0,0.0,0.0,0.0,0.0,0.0,-3979.2,33.450580718857,12.34462936,0.0,,199.438,0.528,171.688,0.455,62.75,0.166,8.375,0.022,1.71688,0.455,0.94125,0.249,0.209375,0.0549999999999999,3.626505,100.96875,0.2675342796878047,712.265625,1.88727176409294,1.51453125,0.401301419531707,24.929296875,6.60545117432529,33.450580718857,1567977,,,0.1676875258462806,Information
742624,13887.0,7010.376752,USA,United States,North Carolina,1.117389459,0.0,0.77,0.32,13887.0,,,,,,,,,,,,,,,,,,,,,,,,,13.877437562572442,22.34778918,0.0,,26.75,0.382,25.938,0.37,9.625,0.137,1.125,0.016,0.25938,0.37,0.144375,0.2055,0.028125,0.04,1.0473800000000002,46.265625,0.6599591810514713,143.578125,2.0480800117129245,0.693984375,0.989938771577207,5.025234375,7.168280040995236,13.877437562572442,215153,,,0.0425369605836903,Information
742625,13888.0,2012.940454,USA,United States,Tennessee,3.004455961,0.0,0.77,0.32,13888.0,,,,,,,,,,,,,,,,,,,,,,,,,20.50238567569001,60.08911922,0.0,,34.375,1.708,34.062,1.692,10.5,0.522,1.625,0.081,0.34062,1.692,0.1575,0.783,0.040625,0.2025,3.216245,24.609375,1.2225585190322357,87.609375,4.352308327754759,0.369140625,1.8338377785483533,3.066328125,15.233079147141655,20.50238567569001,41209,,,0.252671120677076,Information
742626,13889.0,11492.84923,USA,United States,Tennessee,1.069048367,0.0,0.77,0.32,13889.0,,,,,,,,,,,,,,,,,,,,,,,,,9.898706168507442,21.38096734,0.0,,30.625,0.266,29.812,0.259,8.25,0.072,0.875,0.008,0.29812,0.259,0.12375,0.1079999999999999,0.021875,0.02,0.8307450000000001,35.578125,0.3095674908693896,135.984375,1.183208552058102,0.533671875,0.4643512363040844,4.759453125,4.141229932203357,9.898706168507442,401218,,,0.0191229419259503,Information
742627,13890.0,9209.736095,USA,United States,North Carolina,0.786144336,0.0,0.77,0.32,13890.0,,,,,,,,,,,,,,,,,,,,,,,,,16.613456283724666,15.72288672,0.0,,38.125,0.414,37.625,0.409,12.938,0.14,1.188,0.013,0.37625,0.409,0.19407,0.21,0.0296999999999999,0.0325,1.25152,56.53125,0.6138205201372379,203.34375,2.2079215724339454,0.84796875,0.9207307802058567,7.11703125,7.727725503518808,16.613456283724666,585221,,,0.0521988590874425,Information
742630,13893.0,107.8589952,USA,United States,Illinois,1.541833188,0.0,0.77,0.32,13893.0,,,,,,,,,,,,,,,,,,,,,,,,,29.78336605760268,30.83666376,0.0,,6.188,5.737,6.188,5.737,2.375,2.202,0.25,0.232,0.06188,5.737,0.035625,3.303,0.00625,0.5800000000000001,9.723755,1.828125,1.694921222339977,8.296875,7.692334778312203,0.027421875,2.5423818335099657,0.290390625,26.92317172409271,29.78336605760268,1406,,,0.1997482377359532,Information
742641,13894.0,5308.021384,USA,United States,Kentucky,0.259198276,0.0,0.77,0.32,13894.0,13894.0,0.0,1.0,2.0,-9999.0,-9999.0,0.0,10.0,0.2,-999.9,-999.9,-3979.2,0.0,0.0,0.0,0.0,0.0,0.0,0.0,0.0,0.0,0.0,0.0,-3979.2,16.712889678332758,5.18396552,0.0,,59.188,1.115,59.125,1.114,16.188,0.305,2.875,0.054,0.59125,1.114,0.2428199999999999,0.4575,0.071875,0.135,2.612445,21.796875,0.4106403012355198,156.234375,2.9433637075655645,0.326953125,0.6159604518532797,5.468203125,10.301772976479477,16.712889678332758,93940,,,0.0413032922082011,Information
742644,13897.0,2464.926542,USA,United States,Tennessee,0.124917003,0.0,0.77,0.32,13897.0,,,,,,,,,,,,,,,,,,,,,,,,,8.366430526873005,2.49834006,0.0,,18.25,0.74,18.25,0.74,4.938,0.2,0.562,0.023,0.1825,0.74,0.07407,0.3,0.01405,0.0574999999999999,1.3681199999999998,7.59375,0.3080720609444473,44.015625,1.7856769458446669,0.11390625,0.4621080914166709,1.540546875,6.249869310456334,8.366430526873005,514702,,,0.0070316575997521,Information
742645,13898.0,2808.518241,USA,United States,Tennessee,1.186573824,0.0,0.77,0.32,13898.0,13898.0,0.0,1.0,2.0,-9999.0,-9999.0,0.0,10.0,0.2,-999.9,-999.9,-3979.2,0.0,0.0,0.0,0.0,0.0,0.0,0.0,0.0,0.0,0.0,0.0,-3979.2,7.20859271910815,23.73147648,0.0,,21.125,0.752,21.125,0.752,5.938,0.211,0.688,0.024,0.21125,0.752,0.08907,0.3165,0.0171999999999999,0.06,1.44602,2.671875,0.0951346856432872,44.015625,1.5672187687552055,0.040078125,0.1427020284649308,1.540546875,5.485265690643219,7.20859271910815,308249,,,0.0091624594746459,Information
742646,13899.0,6704.254909,USA,United States,Tennessee,0.312694893,0.0,0.77,0.32,13899.0,,,,,,,,,,,,,,,,,,,,,,,,,6.977814763652271,6.25389786,0.0,,18.0,0.268,18.0,0.268,2.938,0.044,0.25,0.004,0.18,0.268,0.04407,0.066,0.00625,0.01,0.57432,10.828125,0.1615112364681018,75.375,1.1242860097000336,0.162421875,0.2422668547021527,2.638125,3.9350010339501176,6.977814763652271,136620,,,0.0046904145613565,Information
742647,13900.0,8401.8009,USA,United States,Kentucky,1.121771423,0.0,0.77,0.32,13900.0,,,,,,,,,,,,,,,,,,,,,,,,,17.098610580470236,22.43542846,0.0,,62.062,0.739,50.312,0.599,13.688,0.163,1.062,0.013,0.50312,0.599,0.20532,0.2445,0.02655,0.0325,1.61099,42.046875,0.5004507426705574,205.03125,2.440325026132685,0.630703125,0.7506761140058362,7.17609375,8.541137591464398,17.098610580470236,149623,,,0.0652524875248561,Information
742649,13902.0,8966.111165,USA,United States,Kentucky,1.340092711,0.0,0.77,0.32,13902.0,,,,,,,,,,,,,,,,,,,,,,,,,2.3589019827169784,26.801854220000003,0.0,,4.75,0.053,4.75,0.053,1.438,0.016,0.062,0.001,0.0475,0.053,0.02157,0.024,0.00155,0.0025,0.15012,4.78125,0.0533257943409549,29.8125,0.3325020117730132,0.07171875,0.0799886915114323,1.0434375,1.1637570412055462,2.3589019827169784,176130,,,0.0002963055158518,Information
742650,13903.0,8298.36401,USA,United States,Illinois,1.590629117,0.0,0.77,0.32,13903.0,,,,,,,,,,,,,,,,,,,,,,,,,9.020405022950854,31.81258234,0.0,,50.188,0.605,49.688,0.599,5.5,0.066,0.625,0.008,0.49688,0.599,0.0825,0.099,0.015625,0.02,1.313005,4.640625,0.0559221672421375,114.890625,1.3844972920250422,0.069609375,0.0838832508632062,4.021171875,4.845740522087648,9.020405022950854,82951,,,0.0215483907167408,Information
742661,13904.0,157.117972,USA,United States,Illinois,3.2078965,0.0,0.77,0.32,13904.0,,,,,,,,,,,,,,,,,,,,,,,,,21.63635629223764,64.15793,0.0,,1.438,0.915,1.438,0.915,0.0,0.0,0.0,0.0,0.0143799999999999,0.915,0.0,0.0,0.0,0.0,0.92938,0.0,0.0,9.5625,6.086191083496467,0.0,0.0,0.3346875,21.301668792237635,21.63635629223764,53,,,0.3068681737385128,Information
742662,13905.0,8349.138517,USA,United States,Illinois,0.361322649,0.0,0.77,0.32,13905.0,,,,,,,,,,,,,,,,,,,,,,,,,1.3876594235595765,7.226452979999999,0.0,,8.312,0.1,8.312,0.1,0.188,0.002,0.0,0.0,0.08312,0.1,0.00282,0.003,0.0,0.0,0.18894,0.421875,0.0050529165271241,17.859375,0.2139067996482544,0.006328125,0.0075793747906861,0.625078125,0.7486737987688904,1.3876594235595765,90705,,,1.3196649590611784e-05,Information
742663,13906.0,4862.919137,USA,United States,Indiana,0.470606151,0.0,0.77,0.32,13906.0,13906.0,0.0,1.0,2.0,-9999.0,-9999.0,0.0,10.0,0.2,-999.9,-999.9,-3979.2,0.0,0.0,0.0,0.0,0.0,0.0,0.0,0.0,0.0,0.0,0.0,-3979.2,7.659092280399237,9.41212302,0.0,,17.375,0.357,17.375,0.357,0.688,0.014,0.062,0.001,0.17375,0.357,0.01032,0.021,0.00155,0.0025,0.56612,0.703125,0.0144589079135781,71.296875,1.46613326243682,0.010546875,0.0216883618703671,2.495390625,5.13146641852887,7.659092280399237,82916,,,0.0067475944738031,Information
742664,13907.0,29181.5795,USA,United States,Indiana,0.660577877,0.0,0.77,0.32,13907.0,13907.0,0.0,1.0,2.0,2.0,-9999.0,0.0,10.0,0.2,0.2,-999.9,-3479.1,0.0,0.0,0.0,0.0,0.0,0.0,0.0,0.0,0.0,0.0,0.0,-3479.1,4.414486434975179,13.21155754,0.0,,34.125,0.117,34.125,0.117,1.125,0.004,0.062,0.0,0.34125,0.117,0.016875,0.006,0.00155,0.0,0.482675,0.0,0.0,93.9375,0.3219068385643369,0.0,0.0,3.2878125,1.126673934975179,4.414486434975179,2729358,,,0.0014479278643533,Information
742667,13910.0,19356.82315,USA,United States,Indiana,0.494818652,0.0,0.77,0.32,13910.0,13910.0,0.0,1.0,2.0,2.0,-9999.0,0.0,10.0,0.2,0.2,-999.9,-1979.0,0.0,0.0,0.0,0.0,0.0,0.0,0.0,0.0,0.0,0.0,0.0,-1979.0,3.3430668361477736,9.89637304,0.0,,10.0,0.052,10.0,0.052,0.312,0.002,0.0,0.0,0.1,0.052,0.00468,0.003,0.0,0.0,0.15968,1.265625,0.0065383921214226,62.4375,0.3225606779901826,0.018984375,0.0098075881821339,2.1853125,1.1289623729656393,3.3430668361477736,797100,,,0.0004937363232577,Information
742668,13911.0,5078.324021,USA,United States,Indiana,0.970699296,0.0,0.77,0.32,13911.0,,,,,,,,,,,,,,,,,,,,,,,,,2.97912809489005,19.41398592,0.0,,10.25,0.202,10.25,0.202,1.75,0.034,0.0,0.0,0.1025,0.202,0.02625,0.051,0.0,0.0,0.38175,11.109375,0.2187606571426964,23.90625,0.4707507811931443,0.166640625,0.3281409857140446,0.83671875,1.647627734176005,2.97912809489005,122417,,,0.0004874107718889,Information
742669,13912.0,11544.02893,USA,United States,Indiana,1.062299809,0.0,0.77,0.32,13912.0,,,,,,,,,,,,,,,,,,,,,,,,,0.9802179672524788,21.24599618,0.0,,18.188,0.158,18.188,0.158,0.438,0.004,0.25,0.002,0.18188,0.158,0.00657,0.006,0.00625,0.005,0.3636999999999999,2.53125,0.0219269201085532,13.921875,0.1205980605970426,0.03796875,0.0328903801628298,0.487265625,0.4220932120896491,0.9802179672524788,391863,,,5.764503950237788e-06,Information
742671,13913.0,2578.136216,USA,United States,Indiana,0.180467581,0.0,0.77,0.32,13913.0,13913.0,0.0,1.0,-9999.0,-9999.0,-9999.0,0.0,10.0,-999.9,-999.9,-999.9,-5979.4,0.0,0.0,0.0,0.0,0.0,0.0,0.0,0.0,0.0,0.0,0.0,-5979.4,11.529526885024277,3.60935162,0.0,,25.25,0.979,25.188,0.977,2.5,0.097,0.125,0.005,0.25188,0.977,0.0375,0.1455,0.003125,0.0125,1.427505,0.703125,0.0272726086284566,67.21875,2.607261384880454,0.010546875,0.0409089129426849,2.35265625,9.12541484708159,11.529526885024277,237735,,,0.0168560761293879,Information
742672,13914.0,23810.15976,USA,United States,Kentucky,0.307890269,0.0,0.77,0.32,13914.0,,,,,,,,,,,,,,,,,,,,,,,,,6.5596825539338965,6.15780538,0.0,,32.812,0.138,32.125,0.135,6.0,0.025,0.438,0.002,0.32125,0.135,0.09,0.0375,0.01095,0.005,0.5997,18.5625,0.0779604176923209,124.03125,0.5209173363986902,0.2784375,0.1169406265384813,4.34109375,1.823210677395416,6.5596825539338965,559311,,,0.0038992398441488,Information
742673,13915.0,19540.76958,USA,United States,Kentucky,0.383436259,0.0,0.77,0.32,13915.0,13915.0,0.0,1.0,-9999.0,-9999.0,-9999.0,0.0,10.0,-999.9,-999.9,-999.9,-5979.4,0.0,0.0,0.0,0.0,0.0,0.0,0.0,0.0,0.0,0.0,0.0,-5979.4,7.72339194329458,7.66872518,0.0,,83.625,0.428,82.375,0.422,6.25,0.032,0.312,0.002,0.82375,0.422,0.09375,0.048,0.0078,0.005,1.4003,2.953125,0.0151126340652865,144.703125,0.7405190691990429,0.044296875,0.0226689510979297,5.064609375,2.59181674219665,7.72339194329458,1625041,,,0.0065483430879499,Information
742675,13917.0,2916.417781,USA,United States,Indiana,1.091174626,0.0,0.77,0.32,13917.0,,,,,,,,,,,,,,,,,,,,,,,,,5.209797309734629,21.82349252,0.0,,19.25,0.66,19.25,0.66,0.062,0.002,0.0,0.0,0.1925,0.66,0.0009299999999999,0.003,0.0,0.0,0.85643,0.0,0.0,33.609375,1.152419767067037,0.0,0.0,1.176328125,4.03346918473463,5.209797309734629,206609,,,0.0033801365348402,Information
742676,13918.0,13930.39681,USA,United States,Ohio,0.672750337,0.0,0.77,0.32,13918.0,,,,,,,,,,,,,,,,,,,,,,,,,1.3359003981477255,13.45500674,0.0,,11.875,0.085,11.875,0.085,0.375,0.003,0.0,0.0,0.11875,0.085,0.005625,0.0045,0.0,0.0,0.2138749999999999,0.0,0.0,22.21875,0.1594983280422073,0.0,0.0,0.77765625,0.5582441481477255,1.3359003981477255,1490706,,,1.5159373009984017e-05,Information
742677,13919.0,20352.15919,USA,United States,Kentucky,0.539747927,0.0,0.77,0.32,13919.0,,,,,,,,,,,,,,,,,,,,,,,,,4.1136747246526,10.79495854,0.0,,30.375,0.149,28.125,0.138,1.062,0.005,0.062,0.0,0.28125,0.138,0.01593,0.0075,0.00155,0.0,0.44423,1.125,0.0055276690273876,78.328125,0.3848639560318623,0.016875,0.0082915035410814,2.741484375,1.347023846111518,4.1136747246526,1892339,,,0.0010468071371525,Information
742678,13920.0,17080.69527,USA,United States,Ohio,0.106682103,0.0,0.77,0.32,13920.0,13920.0,0.0,1.0,-9999.0,-9999.0,-9999.0,0.0,10.0,-999.9,-999.9,-999.9,-5979.4,0.0,0.0,0.0,0.0,0.0,0.0,0.0,0.0,0.0,0.0,0.0,-5979.4,2.4502731068475225,2.13364206,0.0,,,,,,,,,,,,,,,,,0.0,0.0,44.15625,0.2585155305278636,0.0,0.0,1.54546875,0.9048043568475226,2.4502731068475225,2088405,,,0.0001132770437531,Information
742685,13927.0,1359.017153,USA,United States,West Virginia,3.297108842,0.0,0.77,0.32,13927.0,13927.0,0.0,1.0,-9999.0,-9999.0,-9999.0,0.0,10.0,-999.9,-999.9,-999.9,-5979.4,0.0,0.0,0.0,0.0,0.0,0.0,0.0,0.0,0.0,0.0,0.0,-5979.4,0.7404894954631562,65.94217684,0.0,,,,,,,,,,,,,,,,,0.0,0.0,2.53125,0.1862559272751875,0.0,0.0,0.08859375,0.6518957454631562,0.7404894954631562,50861,,,6.44623747941707e-05,Information
742694,13935.0,20640.78817,USA,United States,Ohio,0.327843976,0.0,0.77,0.32,13935.0,13935.0,0.0,1.0,-9999.0,-9999.0,-9999.0,0.0,10.0,-999.9,-999.9,-999.9,-5979.4,0.0,0.0,0.0,0.0,0.0,0.0,0.0,0.0,0.0,0.0,0.0,-5979.4,5.0925700722794085,6.55687952,0.0,,,,,,,,,,,,,,,,,0.0,0.0,98.015625,0.4748637706512595,0.0,0.0,3.430546875,1.6620231972794084,5.0925700722794085,1274722,,,0.0018096299886354,Information
742695,13936.0,12527.46882,USA,United States,Ohio,1.061717835,0.0,0.77,0.32,13936.0,13936.0,0.0,1.0,-9999.0,-9999.0,-9999.0,0.0,10.0,-999.9,-999.9,-999.9,-5979.4,0.0,0.0,0.0,0.0,0.0,0.0,0.0,0.0,0.0,0.0,0.0,-5979.4,2.283491254030777,21.2343567,0.0,,,,,,,,,,,,,,,,,0.0,0.0,36.28125,0.2896135725802218,0.0,0.0,1.26984375,1.0136475040307764,2.283491254030777,439828,,,0.0001994795562461,Information
742699,13940.0,30315.27364,USA,United States,Pennsylvania,0.963289396,0.0,0.77,0.32,13940.0,13940.0,0.0,1.0,-9999.0,-9999.0,-9999.0,0.0,10.0,-999.9,-999.9,-999.9,-5979.4,0.0,0.0,0.0,0.0,0.0,0.0,0.0,0.0,0.0,0.0,0.0,-5979.4,4.307833123016696,19.26578792,0.0,,,,,,,,,,,,,,,,,1.6875,0.0055665009664425,91.828125,0.3029104275905806,0.0253125,0.0083497514496637,3.213984375,1.0601864965670322,4.307833123016696,1119685,,,0.0016908469085983,Information
742701,13941.0,1088.755083,USA,United States,Illinois,1.316536874,0.0,0.77,0.32,13941.0,13941.0,0.0,2.0,5.0,2.0,-9999.0,0.0,9.0,0.5,0.2,-999.9,-1980.4,0.0,0.0,0.0,0.0,0.0,0.0,0.0,0.0,0.0,0.0,0.0,-1980.4,44.2600364112872,26.330737480000003,0.0,,21.125,1.94,20.5,1.883,0.375,0.034,0.25,0.023,0.205,1.883,0.005625,0.051,0.00625,0.0574999999999999,2.2083750000000006,34.453125,3.1644513575248023,114.1875,10.487895927796488,0.516796875,4.746677036287204,3.9965625,35.0,44.2600364112872,8424,,,0.3051996753640787,Advisory
742703,13943.0,1035.706387,USA,United States,Missouri,0.685375215,0.0,0.77,0.32,13943.0,,,,,,,,,,,,,,,,,,,,,,,,,21.97394765422756,13.7075043,0.0,,9.75,0.941,8.312,0.803,0.438,0.042,0.375,0.036,0.08312,0.803,0.00657,0.063,0.009375,0.09,1.055065,13.78125,1.3306135962252306,53.015625,5.1187890385399175,0.20671875,1.9959203943378456,1.855546875,17.915761634889712,21.97394765422756,48246,,,0.0856740246614276,Information
742704,13944.0,6136.884803,USA,United States,Illinois,0.307320086,0.0,0.77,0.32,13944.0,,,,,,,,,,,,,,,,,,,,,,,,,9.985698396173277,6.14640172,0.0,,24.75,0.403,23.5,0.383,0.375,0.006,0.375,0.006,0.235,0.383,0.005625,0.009,0.009375,0.015,0.657,1.828125,0.0297891366507137,107.71875,1.7552675903420585,0.027421875,0.0446837049760705,3.77015625,6.143436566197205,9.985698396173277,189784,,,0.0125265755792705,Information
742705,13945.0,2566.621249,USA,United States,Missouri,1.141861466,0.0,0.77,0.32,13945.0,13945.0,0.0,2.0,5.0,2.0,-9999.0,0.0,9.0,0.5,0.2,-999.9,-1980.4,0.0,0.0,0.0,0.0,0.0,0.0,0.0,0.0,0.0,0.0,0.0,-1980.4,14.69999392210258,22.83722932,0.0,,13.0,0.507,12.812,0.499,0.125,0.005,0.125,0.005,0.1281199999999999,0.499,0.001875,0.0075,0.003125,0.0125,0.6521199999999999,4.921875,0.1917647569197144,83.671875,3.2600008676351453,0.073828125,0.2876471353795716,2.928515625,11.410003036723008,14.69999392210258,36211,,,0.0486516676036606,Information
742706,13946.0,15029.41963,USA,United States,Illinois,0.217989756,0.0,0.77,0.32,13946.0,13946.0,0.0,1.0,-9999.0,-9999.0,-9999.0,0.0,10.0,-999.9,-999.9,-999.9,-5979.4,0.0,0.0,0.0,0.0,0.0,0.0,0.0,0.0,0.0,0.0,0.0,-5979.4,5.805606968807068,4.35979512,0.0,,36.188,0.241,35.188,0.234,1.875,0.012,0.5,0.003,0.35188,0.234,0.028125,0.018,0.0125,0.0075,0.652005,2.390625,0.0159063028316741,98.578125,0.6559010755884445,0.035859375,0.0238594542475111,3.450234375,2.295653764559556,5.805606968807068,451988,,,0.0025411616157958,Information
742707,13947.0,2184.807109,USA,United States,Missouri,0.210765189,0.0,0.77,0.32,13947.0,,,,,,,,,,,,,,,,,,,,,,,,,15.014935273770773,4.21530378,0.0,,3.125,0.143,2.188,0.1,0.0,0.0,0.0,0.0,0.02188,0.1,0.0,0.0,0.0,0.0,0.12188,4.921875,0.2252773244747855,74.8125,3.424215332016741,0.073828125,0.3379159867121782,2.6184375,11.984753662058594,15.014935273770773,138545,,,0.0319370563055101,Information
742709,13949.0,1358.674168,USA,United States,Illinois,0.161074786,0.0,0.77,0.32,13949.0,13949.0,0.0,1.0,3.0,2.0,-9999.0,0.0,10.0,0.3,0.2,-999.9,-1978.8,0.0,0.0,0.0,0.0,0.0,0.0,0.0,0.0,0.0,0.0,0.0,-1978.8,16.65883815359246,3.22149572,0.0,,3.125,0.23,2.0,0.147,0.0,0.0,0.062,0.005,0.02,0.147,0.0,0.0,0.00155,0.0125,0.18105,0.28125,0.0207003273162914,56.8125,4.181466117890864,0.00421875,0.0310504909744371,1.9884375,14.635131412618025,16.65883815359246,950931,,,0.0392476668434313,Information
742810,13950.0,1632.801756,USA,United States,Illinois,0.63077508,0.0,0.77,0.32,13950.0,13950.0,0.0,1.0,5.0,2.0,-9999.0,0.0,10.0,0.5,0.2,-999.9,-1978.4,0.0,0.0,0.0,0.0,0.0,0.0,0.0,0.0,0.0,0.0,0.0,-1978.4,11.952365004862813,12.615501600000002,0.0,,,,,,,,,,,,,,,,,0.28125,0.0172249937214799,47.8125,2.928248932651598,0.00421875,0.0258374905822198,1.6734375,10.248871264280591,11.952365004862813,157015,,,0.0233291559872604,Information
742821,13951.0,12112.05156,USA,United States,Illinois,1.090737316,0.0,0.77,0.32,13951.0,13951.0,0.0,1.0,2.0,2.0,2.0,0.0,10.0,0.2,0.2,0.2,21.2,0.0,0.0,0.0,0.0,0.0,0.0,0.0,0.0,0.0,0.0,0.0,21.2,21.2,21.81474632,0.0,,,,,,,,,,,,,,,,,36.5625,0.3018687611221007,201.234375,1.661439219868177,0.5484375,0.452803141683151,7.043203125,5.81503726953862,13.859481036221773,132321,,,0.0959328251819079,Information
742822,13952.0,14245.78066,USA,United States,Illinois,0.259787629,0.0,0.77,0.32,13952.0,13952.0,0.0,1.0,2.0,-9999.0,-9999.0,0.0,10.0,0.2,-999.9,-999.9,-3979.2,0.0,0.0,0.0,0.0,0.0,0.0,0.0,0.0,0.0,0.0,0.0,-3979.2,4.650345869768999,5.195752580000001,0.0,,14.188,0.1,13.75,0.097,0.688,0.005,0.375,0.003,0.1375,0.097,0.01032,0.0075,0.009375,0.0075,0.269195,4.640625,0.0325754348699829,76.078125,0.5340397049897212,0.069609375,0.0488631523049743,2.662734375,1.869138967464024,4.650345869768999,588483,,,0.0012854360313663,Information
742823,13953.0,1163.719264,USA,United States,Illinois,3.19468416,0.0,0.77,0.32,13953.0,,,,,,,,,,,,,,,,,,,,,,,,,47.940106196715135,63.8936832,0.0,3.0,1.188,0.102,0.25,0.021,0.0,0.0,1.0,0.086,0.0025,0.021,0.0,0.0,0.025,0.2149999999999999,0.2634999999999999,60.75,5.220331214476759,119.953125,10.307737328584896,0.91125,7.830496821715139,4.198359375,35.0,47.940106196715135,4159,123.0,2.96,0.6115973126400555,Watch
742825,13955.0,14084.40015,USA,United States,Illinois,0.749945618,0.0,0.77,0.32,13955.0,13955.0,0.0,1.0,2.0,2.0,2.0,0.0,10.0,0.2,0.2,0.2,21.2,0.0,0.0,0.0,0.0,0.0,0.0,0.0,0.0,0.0,0.0,0.0,21.2,21.2,14.99891236,0.0,,33.562,0.238,31.375,0.223,2.562,0.018,7.75,0.055,0.31375,0.223,0.03843,0.0269999999999999,0.19375,0.1375,0.93343,79.59375,0.5651199137363356,246.515625,1.750274220459004,1.19390625,0.8476798706045034,8.628046875,6.125959771606514,16.79559276721102,532319,,,0.0824676448421502,Information
742826,13956.0,6700.43415,USA,United States,Illinois,0.89508915,0.0,0.77,0.32,13956.0,,,,,,,,,,,,,,,,,,,,,,,,,14.601807510424551,17.901783000000002,0.0,,5.562,0.083,4.938,0.074,2.688,0.04,0.938,0.014,0.04938,0.074,0.04032,0.06,0.02345,0.035,0.28215,41.765625,0.6233271466865319,149.484375,2.230965511541358,0.626484375,0.9349907200297978,5.231953125,7.808379290394753,14.601807510424551,1887629,,,0.0421044015189154,Information
742827,13957.0,8239.566507,USA,United States,Illinois,0.238550626,0.0,0.77,0.32,13957.0,13957.0,0.0,1.0,2.0,2.0,-9999.0,0.0,10.0,0.2,0.2,-999.9,-1979.0,0.0,0.0,0.0,0.0,0.0,0.0,0.0,0.0,0.0,0.0,0.0,-1979.0,7.547356644821329,4.771012519999999,0.0,,16.312,0.198,16.312,0.198,3.125,0.038,0.625,0.008,0.16312,0.198,0.046875,0.0569999999999999,0.015625,0.02,0.50062,25.171875,0.3054999917706817,86.625,1.051329580618659,0.377578125,0.4582499876560225,3.031875,3.679653532165307,7.547356644821329,3796297,,,0.0056209701593262,Information
742829,13959.0,6157.226554,USA,United States,Indiana,0.852947332,0.0,0.77,0.32,13959.0,,,,,,,,,,,,,,,,,,,,,,,,,3.2731645299115497,17.05894664,0.0,,7.0,0.114,6.875,0.112,1.75,0.028,0.562,0.009,0.06875,0.112,0.02625,0.042,0.01405,0.0225,0.28555,9.984375,0.1621570184596618,31.359375,0.5093100720634449,0.149765625,0.2432355276894927,1.097578125,1.782585252222057,3.2731645299115497,322607,,,0.0006138336956867,Information
742830,13960.0,25144.47362,USA,United States,Missouri,1.281962291,0.0,0.77,0.32,13960.0,13960.0,0.0,1.0,13.0,2.0,-9999.0,0.0,10.0,1.3,0.2,-999.9,-1976.8,0.0,0.0,0.0,0.0,0.0,0.0,0.0,0.0,0.0,0.0,0.0,-1976.8,30.371184459642105,25.63924582,0.0,,15.062,0.06,12.625,0.05,0.0,0.0,1.25,0.005,0.12625,0.05,0.0,0.0,0.03125,0.0125,0.22,98.71875,0.3926061507033883,578.53125,2.30082863816772,1.48078125,0.5889092260550824,20.24859375,8.052900233587021,30.371184459642105,653914,,,0.1852775592384792,Information
742841,13961.0,7337.188101,USA,United States,Iowa,2.032938391,0.0,0.77,0.32,13961.0,13961.0,0.0,1.0,7.0,2.0,-9999.0,0.0,10.0,0.7,0.2,-999.9,-1978.0,0.0,0.0,0.0,0.0,0.0,0.0,0.0,0.0,0.0,0.0,0.0,-1978.0,15.334981234322562,40.65876782,0.0,,10.062,0.137,6.062,0.083,17.062,0.233,19.875,0.271,0.06062,0.083,0.25593,0.3495,0.496875,0.6775,1.923425,75.65625,1.03113412059925,153.0,2.08526751526391,1.13484375,1.5467011808988749,5.355,7.298436303423686,15.334981234322562,80875,,,0.0880010139197656,Information
742842,13962.0,1531.556467,USA,United States,Iowa,0.036091019,0.0,0.77,0.32,13962.0,,,,,,,,,,,,,,,,,,,,,,,,,1.3129226394912967,0.72182038,0.0,,1.938,0.127,0.5,0.033,0.375,0.024,0.375,0.024,0.005,0.033,0.005625,0.036,0.009375,0.06,0.149,2.109375,0.1377275370352375,4.078125,0.2662732382681259,0.031640625,0.2065913055528562,0.142734375,0.9319563339384406,1.3129226394912967,17176,,,7.60344236161609e-06,Information
742843,13963.0,3021.148156,USA,United States,Iowa,0.32021527,0.0,0.77,0.32,13963.0,,,,,,,,,,,,,,,,,,,,,,,,,7.933766945574895,6.4043054,0.0,,4.25,0.141,2.0,0.066,0.438,0.014,1.062,0.035,0.02,0.066,0.00657,0.021,0.02655,0.0875,0.22762,22.640625,0.7494046577445059,42.890625,1.4196796311308963,0.339609375,1.1241069866167588,1.501171875,4.968878708958137,7.933766945574895,199977,,,0.0067962410686002,Information
742844,13964.0,9338.672834,USA,United States,Iowa,0.654136208,0.0,0.77,0.32,13964.0,,,,,,,,,,,,,,,,,,,,,,,,,1.422553501231282,13.08272416,0.0,,59.0,0.632,20.062,0.215,0.0,0.0,0.0,0.0,0.20062,0.215,0.0,0.0,0.0,0.0,0.41562,5.765625,0.061739233214908,17.15625,0.1837118646882629,0.086484375,0.092608849822362,0.60046875,0.6429915264089201,1.422553501231282,297789,,,1.956959228368364e-05,Information
742845,13965.0,2254.319354,USA,United States,Iowa,2.03931314,0.0,0.77,0.32,13965.0,13965.0,0.0,11.0,11.0,3.0,2.0,0.0,1.0,1.1,0.3,0.2,5.2,0.0,0.0,0.0,0.0,0.0,0.0,0.0,0.0,0.0,0.0,0.0,5.2,9.639430502453513,40.7862628,0.0,,10.875,0.482,8.562,0.38,0.312,0.014,1.125,0.05,0.0856199999999999,0.38,0.00468,0.021,0.028125,0.125,0.644425,23.0625,1.0230360645538272,40.78125,1.809027187320792,0.3459375,1.5345540968307407,1.42734375,6.331595155622772,9.639430502453513,209976,,,0.0347395598302062,Information
742846,13966.0,2332.816496,USA,United States,Iowa,1.66196612,0.0,0.77,0.32,13966.0,,,,,,,,,,,,,,,,,,,,,,,,,1.03725,33.2393224,0.0,,45.625,1.956,19.625,0.841,0.0,0.0,0.0,0.0,0.19625,0.841,0.0,0.0,0.0,0.0,1.03725,1.546875,0.0663093305011627,2.953125,0.1265905400476744,0.023203125,0.099463995751744,0.103359375,0.4430668901668604,0.6690933859186045,19102,,,1.5598959773348367e-05,Information
742847,13967.0,2319.561664,USA,United States,Iowa,0.700835778,0.0,0.77,0.32,13967.0,13967.0,0.0,11.0,23.0,3.0,2.0,0.0,1.0,2.3,0.3,0.2,7.6,0.0,0.0,0.0,0.0,0.0,0.0,0.0,0.0,0.0,0.0,0.0,7.6,7.6,14.01671556,0.0,,47.875,2.064,17.375,0.749,0.0,0.0,0.062,0.003,0.17375,0.749,0.0,0.0,0.00155,0.0075,0.9318,3.09375,0.133376492987256,4.359375,0.1879396037547698,0.04640625,0.200064739480884,0.152578125,0.6577886131416943,1.0568377276225784,32576,,,0.0076330370627389,Information
742848,13968.0,3483.135137,USA,United States,Iowa,0.911642322,0.0,0.77,0.32,13968.0,,,,,,,,,,,,,,,,,,,,,,,,,4.5644259455801,18.23284644,0.0,,72.188,2.072,21.438,0.615,0.0,0.0,0.0,0.0,0.21438,0.615,0.0,0.0,0.0,0.0,0.82938,11.671875,0.3350968176602842,28.6875,0.8236114554541926,0.175078125,0.5026452264904263,1.0040625,2.882640094089674,4.5644259455801,15994,,,0.001953448000449,Information
742849,13969.0,6166.138094,USA,United States,Minnesota,0.99347039,0.0,0.77,0.32,13969.0,,,,,,,,,,,,,,,,,,,,,,,,,9.196849535030752,19.8694078,0.0,,64.312,1.043,29.062,0.471,0.188,0.003,1.062,0.017,0.29062,0.471,0.00282,0.0045,0.02655,0.0425,0.8379899999999999,48.796875,0.7913685074286114,79.3125,1.2862588996822386,0.731953125,1.1870527611429171,2.7759375,4.501906148887835,9.196849535030752,49848,,,0.0152016279577047,Information
742850,13970.0,17747.90139,USA,United States,Iowa,0.245601977,0.0,0.77,0.32,13970.0,13970.0,0.0,1.0,2.0,2.0,-9999.0,0.0,10.0,0.2,0.2,-999.9,-1977.9,0.0,0.0,0.0,0.0,0.0,0.0,0.0,0.0,0.0,0.0,0.0,-1977.9,17.20182450671323,4.91203954,0.0,,28.5,0.161,13.625,0.077,4.312,0.024,12.0,0.068,0.13625,0.077,0.06468,0.036,0.3,0.17,0.7839300000000001,129.09375,0.727374731232457,259.03125,1.4595035456755836,1.93640625,1.0910620968486855,9.06609375,5.108262409864542,17.20182450671323,334636,,,0.0436526423570193,Information
742861,13971.0,984.9541394,USA,United States,Iowa,0.60219016,0.0,0.77,0.32,13971.0,13971.0,0.0,1.0,5.0,3.0,-9999.0,0.0,10.0,0.5,0.3,-999.9,-1978.2,0.0,0.0,0.0,0.0,0.0,0.0,0.0,0.0,0.0,0.0,0.0,-1978.2,19.675031644810343,12.0438032,0.0,,,,,,,,,,,,,,,,,18.84375,1.9131601408167287,42.328125,4.297471659595786,0.28265625,2.869740211225093,1.481484375,15.04115080858525,19.675031644810343,9033,,,0.0671330946985725,Information
742862,13972.0,11438.17891,USA,United States,Iowa,0.358697833,0.0,0.77,0.32,13972.0,,,,,,,,,,,,,,,,,,,,,,,,,6.8303782474478485,7.17395666,0.0,,86.5,0.756,40.0,0.35,0.188,0.002,1.438,0.013,0.4,0.35,0.00282,0.003,0.0359499999999999,0.0325,0.8242700000000001,33.609375,0.2938350175632012,89.71875,0.7843796703151564,0.504140625,0.4407525263448018,3.14015625,2.7453288461030474,6.8303782474478485,255247,,,0.0045357576222229,Information
742863,13973.0,9102.124586,USA,United States,Iowa,1.217508466,0.0,0.77,0.32,13973.0,13973.0,0.0,12.0,5.0,2.0,-9999.0,0.0,1.0,0.5,0.2,-999.9,-1996.4666666666665,0.0,0.0,0.0,0.0,0.0,0.0,0.0,0.0,0.0,0.0,0.0,-1996.4666666666665,6.4085719822711145,24.35016932,0.0,,45.688,0.502,21.562,0.237,0.0,0.0,0.0,0.0,0.21562,0.237,0.0,0.0,0.0,0.0,0.45262,28.6875,0.3151736688387324,74.953125,0.823468458289433,0.4303125,0.4727605032580986,2.623359375,2.882139604013016,6.4085719822711145,413977,,,0.006784435682271,Information
742864,13974.0,4390.361803,USA,United States,Iowa,1.150392765,0.0,0.77,0.32,13974.0,,,,,,,,,,,,,,,,,,,,,,,,,1.43775,23.007855300000003,0.0,,71.5,1.629,43.875,0.999,0.0,0.0,0.0,0.0,0.43875,0.999,0.0,0.0,0.0,0.0,1.43775,4.078125,0.0928881304858499,8.015625,0.1825732219894291,0.061171875,0.1393321957287748,0.280546875,0.6390062769630018,1.1200572226917769,74036,,,3.4367297885017615e-05,Information
742866,13976.0,2233.005919,USA,United States,Iowa,0.636774853,0.0,0.77,0.32,13976.0,,,,,,,,,,,,,,,,,,,,,,,,,1.33212,12.73549706,0.0,,50.938,2.281,24.312,1.089,0.0,0.0,0.0,0.0,0.24312,1.089,0.0,0.0,0.0,0.0,1.33212,0.421875,0.0188926951105614,1.828125,0.0818683454790994,0.006328125,0.0283390426658421,0.063984375,0.2865392091768479,0.3851907518426899,13140,,,1.4436862717631248e-05,Information
742867,13977.0,1415.196644,USA,United States,Iowa,3.047870971,0.0,0.77,0.32,13977.0,,,,,,,,,,,,,,,,,,,,,,,,,1.05825,60.95741942,0.0,,24.312,1.718,13.125,0.927,0.0,0.0,0.0,0.0,0.13125,0.927,0.0,0.0,0.0,0.0,1.05825,,,,,,,,,,6951,,,0.0001542616895539,Information
742868,13978.0,1371.621361,USA,United States,Iowa,0.431252946,0.0,0.77,0.32,13978.0,,,,,,,,,,,,,,,,,,,,,,,,,7.053522574330225,8.62505892,0.0,,46.625,3.399,22.062,1.608,0.375,0.027,0.188,0.014,0.22062,1.608,0.005625,0.0405,0.0046999999999999,0.035,1.914445,12.09375,0.8817119899047925,19.125,1.394335239849439,0.18140625,1.3225679848571887,0.669375,4.880173339473036,7.053522574330225,25948,,,0.0052119003496045,Information
742871,13980.0,1080.587092,USA,United States,Illinois,1.349457321,0.0,0.77,0.32,13980.0,,,,,,,,,,,,,,,,,,,,,,,,,49.62999721960706,26.98914642,0.0,,0.625,0.058,0.438,0.04,1.062,0.098,4.062,0.376,0.00438,0.04,0.01593,0.147,0.10155,0.94,1.24886,62.15625,5.752081479738043,144.84375,13.40417177405019,0.93234375,8.628122219607064,5.06953125,35.0,49.62999721960706,51313,,,0.3497436405784209,Advisory
742872,13981.0,28348.54025,USA,United States,Illinois,0.904669718,0.0,0.77,0.32,13981.0,13981.0,0.0,1.0,2.0,2.0,-9999.0,0.0,10.0,0.2,0.2,-999.9,-1979.0,0.0,0.0,0.0,0.0,0.0,0.0,0.0,0.0,0.0,0.0,0.0,-1979.0,24.599686696634084,18.09339436,0.0,,0.938,0.003,0.812,0.003,10.75,0.038,9.688,0.034,0.00812,0.003,0.16125,0.0569999999999999,0.2422,0.085,0.55657,176.765625,0.6235440111970028,443.8125,1.565556801382451,2.651484375,0.935316016795504,15.5334375,5.4794488048385785,24.599686696634084,2000462,,,0.1145179725533033,Information
742873,13982.0,23866.87272,USA,United States,Iowa,0.852619734,0.0,0.77,0.32,13982.0,13982.0,0.0,1.0,27.0,3.0,-9999.0,0.0,10.0,2.7,0.3,-999.9,-1973.8,0.0,0.0,0.0,0.0,0.0,0.0,0.0,0.0,0.0,0.0,0.0,-1973.8,27.6849538652092,17.05239468,0.0,,34.188,0.143,27.75,0.116,7.25,0.03,21.875,0.092,0.2775,0.116,0.10875,0.045,0.546875,0.2299999999999999,1.324125,211.640625,0.8867547394147224,466.734375,1.9555740731677496,3.174609375,1.3301321091220837,16.335703125,6.844509256087124,27.6849538652092,566493,,,0.1362507516583385,Information
742874,13983.0,31219.02971,USA,United States,Wisconsin,1.713114539,0.0,0.77,0.32,13983.0,13983.0,0.0,17.0,5.0,2.0,-9999.0,0.0,1.0,0.5,0.2,-999.9,-1995.6,0.0,0.0,0.0,0.0,0.0,0.0,0.0,0.0,0.0,0.0,0.0,-1995.6,42.1869275827419,34.26229078,0.0,,7.0,0.022,6.188,0.02,13.062,0.042,3.812,0.012,0.06188,0.02,0.19593,0.063,0.0953,0.03,0.46611,364.5,1.1675571064615893,756.703125,2.423852156585576,5.4675,1.751335659692384,26.484609375,8.483482548049517,42.1869275827419,532740,,,0.3286795260219309,Advisory
742875,13984.0,27664.36032,USA,United States,Minnesota,0.611734244,0.0,0.77,0.32,13984.0,13984.0,1.0,10.0,39.0,7.0,2.0,3.0,1.0,3.9,0.7,0.2,19.4,0.0,0.0,0.0,0.0,0.0,0.0,0.0,0.0,0.0,0.0,0.0,19.4,32.684675777799534,12.23468488,0.0,,67.562,0.244,40.688,0.147,19.625,0.071,57.688,0.209,0.40688,0.147,0.294375,0.1064999999999999,1.4422,0.5225,2.919455,323.71875,1.1701653184690584,547.171875,1.9778945500274128,4.85578125,1.7552479777035876,19.151015625,6.922630925095946,32.684675777799534,554757,,,0.1616350908436918,Information
742876,13985.0,24303.66435,USA,United States,Wisconsin,0.805703786,0.0,0.77,0.32,13985.0,13985.0,0.0,12.0,9.0,2.0,-9999.0,0.0,1.0,0.9,0.2,-999.9,-1995.6,0.0,0.0,0.0,0.0,0.0,0.0,0.0,0.0,0.0,0.0,0.0,-1995.6,25.79532438983529,16.114075720000002,0.0,,12.688,0.052,12.688,0.052,2.812,0.012,0.812,0.003,0.12688,0.052,0.04218,0.018,0.0203,0.0075,0.26686,186.75,0.7684026461758435,442.125,1.8191701201632924,2.80125,1.1526039692637653,15.474375,6.367095420571523,25.79532438983529,272877,,,0.1191464185783844,Information
742877,13986.0,6564.208316,USA,United States,Minnesota,0.649355818,0.0,0.77,0.32,13986.0,13986.0,1.0,8.0,47.0,11.0,3.0,3.0,3.0,4.7,1.1,0.3,23.3,0.0,0.0,0.0,0.0,0.0,0.0,0.0,0.0,0.0,0.0,0.0,23.3,24.868234688939413,12.98711636,0.0,,155.75,2.373,80.375,1.224,3.75,0.057,3.0,0.046,0.80375,1.224,0.05625,0.0855,0.075,0.1149999999999999,2.3595000000000006,134.296875,2.0458959942832675,224.015625,3.412683056432717,2.014453125,3.068843991424901,7.840546875,11.94439069751451,24.868234688939413,351776,,,0.1052002512969456,Information
742878,13987.0,20002.83536,USA,United States,Wisconsin,0.957391391,0.0,0.77,0.32,13987.0,13987.0,0.0,11.0,23.0,13.0,3.0,0.0,1.0,2.3,1.3,0.3,9.8,0.0,0.0,0.0,0.0,0.0,0.0,0.0,0.0,0.0,0.0,0.0,9.8,28.42459439648561,19.14782782,0.0,,137.125,0.686,93.125,0.466,0.688,0.003,0.312,0.002,0.93125,0.466,0.01032,0.0045,0.0078,0.005,1.42487,201.234375,1.0060292524763217,455.203125,2.275693005077465,3.018515625,1.5090438787144826,15.932109375,7.964925517771128,28.42459439648561,368591,,,0.147926533666628,Information
742879,13988.0,641.3380578,USA,United States,Minnesota,0.592418782,0.0,0.77,0.32,13988.0,13988.0,1.0,12.0,49.0,9.0,3.0,3.0,1.0,4.9,0.9,0.3,20.2,0.0,0.0,0.0,0.0,0.0,0.0,0.0,0.0,0.0,0.0,0.0,20.2,29.0963302169156,11.84837564,0.0,,22.688,3.538,14.0,2.183,0.0,0.0,0.125,0.019,0.14,2.183,0.0,0.0,0.003125,0.0475,2.373625,20.109375,3.135534334217266,41.484375,6.468409990168484,0.301640625,4.7033015013259,1.451953125,22.639434965589697,29.0963302169156,563497,,,0.1338345638018031,Information
742881,13989.0,5255.134551,USA,United States,Minnesota,0.646949855,0.0,0.77,0.32,13989.0,13989.0,1.0,10.0,52.0,15.0,3.0,3.0,1.0,5.2,1.5,0.3,26.46666666666667,0.0,0.0,0.0,0.0,0.0,0.0,0.0,0.0,0.0,0.0,0.0,26.46666666666667,37.11131946734032,12.9389971,0.0,,231.875,4.412,134.812,2.565,3.25,0.062,3.625,0.069,1.3481200000000002,2.565,0.04875,0.093,0.090625,0.1725,4.317995000000001,183.234375,3.486768478131605,286.734375,5.456270857183688,2.748515625,5.230152717197408,10.035703125,19.09694800014291,37.11131946734032,747806,,,0.1969164438510636,Advisory
742882,13990.0,9261.522678,USA,United States,Minnesota,0.401543238,0.0,0.77,0.32,13990.0,13990.0,1.0,11.0,43.0,11.0,5.0,3.0,1.0,4.3,1.1,0.5,22.1,0.0,0.0,0.0,0.0,0.0,0.0,0.0,0.0,0.0,0.0,0.0,22.1,22.1,8.03086476,0.0,,179.312,1.936,103.0,1.112,0.0,0.0,0.0,0.0,1.03,1.112,0.0,0.0,0.0,0.0,2.1420000000000003,78.609375,0.8487737679074168,123.75,1.3361733734499583,1.179140625,1.2731606518611251,4.33125,4.676606807074855,11.46015808393598,79198,,,0.0769521520075108,Information
742883,13991.0,1563.769961,USA,United States,Minnesota,1.150822696,0.0,0.77,0.32,13991.0,13991.0,1.0,10.0,47.0,11.0,3.0,3.0,1.0,4.7,1.1,0.3,20.2,0.0,0.0,0.0,0.0,0.0,0.0,0.0,0.0,0.0,0.0,0.0,20.2,20.2,23.016453920000004,0.0,,43.062,2.754,19.625,1.255,0.0,0.0,0.0,0.0,0.19625,1.255,0.0,0.0,0.0,0.0,1.45125,15.75,1.0071813879652982,20.671875,1.321925571704454,0.23625,1.510772081947947,0.723515625,4.626739500965589,7.097277207913536,14698,,,0.0904630339776733,Information
742884,13992.0,3148.261102,USA,United States,Minnesota,0.907338788,0.0,0.77,0.32,13992.0,13992.0,1.0,11.0,41.0,7.0,2.0,3.0,1.0,4.1,0.7,0.2,17.999999999999996,0.0,0.0,0.0,0.0,0.0,0.0,0.0,0.0,0.0,0.0,0.0,17.999999999999996,17.999999999999996,18.14677576,0.0,,21.688,0.689,18.25,0.58,0.0,0.0,0.0,0.0,0.1825,0.58,0.0,0.0,0.0,0.0,0.7625,6.890625,0.2188708235087551,13.78125,0.4377416470175102,0.103359375,0.3283062352631327,0.48234375,1.5320957645612858,2.4461051248244186,18538,,,0.0649424489799589,Information
742885,13993.0,9031.771215,USA,United States,Minnesota,0.911436471,0.0,0.77,0.32,13993.0,13993.0,1.0,11.0,37.0,13.0,5.0,3.0,1.0,3.7,1.3,0.5,19.33333333333333,0.0,0.0,0.0,0.0,0.0,0.0,0.0,0.0,0.0,0.0,0.0,19.33333333333333,19.33333333333333,18.22872942,0.0,,181.438,2.009,117.625,1.302,0.375,0.004,2.125,0.024,1.17625,1.302,0.005625,0.006,0.053125,0.06,2.603,96.328125,1.0665474435994418,136.96875,1.5165214745486952,1.444921875,1.5998211653991627,4.79390625,5.307825160920434,13.146474451319596,81574,,,0.0746377531997086,Information
742886,13994.0,5369.206923,USA,United States,Minnesota,0.683606189,0.0,0.77,0.32,13994.0,13994.0,0.0,13.0,27.0,7.0,3.0,0.0,1.0,2.7,0.7,0.3,9.4,0.0,0.0,0.0,0.0,0.0,0.0,0.0,0.0,0.0,0.0,0.0,9.4,24.12795922744589,13.67212378,0.0,,241.875,4.505,162.188,3.021,3.438,0.064,4.688,0.087,1.62188,3.021,0.05157,0.096,0.1171999999999999,0.2174999999999999,5.1251500000000005,91.40625,1.70241622836834,201.65625,3.755792109969538,1.37109375,2.55362434255251,7.05796875,13.145272384893383,24.12795922744589,22151,,,0.1011933378749457,Information
742887,13995.0,123.4346633,USA,United States,Minnesota,1.150830751,0.0,0.77,0.32,13995.0,,,,,,,,,,,,,,,,,,,,,,,,,50.81421875,23.01661502,0.0,,2.875,2.329,2.625,2.127,0.0,0.0,0.125,0.101,0.02625,2.127,0.0,0.0,0.003125,0.2525,2.408875,13.921875,11.278740207085493,17.296875,14.01298025728804,0.208828125,15.0,0.605390625,35.0,50.81421875,183,,,0.3389196468482447,Advisory
742888,13996.0,2486.864165,USA,United States,Minnesota,0.059724386,0.0,0.77,0.32,13996.0,13996.0,1.0,12.0,41.0,11.0,2.0,3.0,1.0,4.1,1.1,0.2,19.5,0.0,0.0,0.0,0.0,0.0,0.0,0.0,0.0,0.0,0.0,0.0,19.5,19.5,1.19448772,0.0,,42.125,1.694,19.188,0.772,0.0,0.0,0.312,0.013,0.19188,0.772,0.0,0.0,0.0078,0.0325,1.00418,15.75,0.6333277152995076,38.25,1.538081594298804,0.23625,0.9499915729492614,1.33875,5.383285580045814,7.908277152995075,6706,,,0.0523226127852927,Information
742889,13997.0,7667.49146,USA,United States,Minnesota,0.871603986,0.0,0.77,0.32,13997.0,13997.0,1.0,11.0,33.0,9.0,5.0,3.0,1.0,3.3,0.9,0.5,17.9,0.0,0.0,0.0,0.0,0.0,0.0,0.0,0.0,0.0,0.0,0.0,17.9,22.396897066270647,17.43207972,0.0,,155.875,2.033,102.75,1.34,1.688,0.022,7.5,0.098,1.0275,1.34,0.02532,0.033,0.1875,0.245,2.85832,95.765625,1.2489824800535752,236.671875,3.086692384625796,1.436484375,1.8734737200803624,8.283515625,10.803423346190286,22.396897066270647,25629,,,0.0959977142287961,Information
742891,13998.0,2017.16402,USA,United States,Minnesota,0.585897828,0.0,0.77,0.32,13998.0,,,,,,,,,,,,,,,,,,,,,,,,,31.65503059875809,11.71795656,0.0,,108.625,5.385,71.312,3.535,1.375,0.068,0.875,0.043,0.71312,3.535,0.020625,0.102,0.021875,0.1074999999999999,4.50012,53.015625,2.628225789362657,129.09375,6.399764654204031,0.795234375,3.942338684043986,4.51828125,22.399176289714102,31.65503059875809,1453685,,,0.1525307358729553,Information
742892,13999.0,3933.772002,USA,United States,Minnesota,2.007362725,0.0,0.77,0.32,13999.0,,,,,,,,,,,,,,,,,,,,,,,,,13.282004969489094,40.1472545,0.0,,103.562,2.633,58.875,1.497,1.938,0.049,0.125,0.003,0.58875,1.497,0.02907,0.0735,0.003125,0.0075,2.198945,41.625,1.0581447012821197,89.296875,2.270006369304547,0.624375,1.5872170519231794,3.125390625,7.945022292565914,13.282004969489094,102540,,,0.0661007178546493,Information
742893,14000.0,91.98748761,USA,United States,Minnesota,2.206938978,0.0,0.77,0.32,14000.0,,,,,,,,,,,,,,,,,,,,,,,,,20.519280216995533,44.13877956,0.0,,8.062,8.765,6.562,7.134,0.0,0.0,0.0,0.0,0.06562,7.134,0.0,0.0,0.0,0.0,7.19962,2.953125,3.2103551000519257,4.078125,4.433347519119327,0.044296875,4.8155326500778886,0.142734375,15.516716316917645,20.519280216995533,21327,,,0.1582912494547361,Information
742894,14001.0,7145.40703,USA,United States,Minnesota,1.298649928,0.0,0.77,0.32,14001.0,14001.0,1.0,12.0,47.0,13.0,2.0,3.0,1.0,4.7,1.3,0.2,21.5,0.0,0.0,0.0,0.0,0.0,0.0,0.0,0.0,0.0,0.0,0.0,21.5,24.433287749116268,25.97299856,0.0,,232.938,3.26,129.5,1.812,0.562,0.008,0.688,0.01,1.295,1.812,0.00843,0.012,0.0171999999999999,0.025,3.16963,121.359375,1.6984249390605357,238.921875,3.3437125972929893,1.820390625,2.547637408590804,8.362265625,11.702994090525465,24.433287749116268,188115,,,0.1338265399871026,Information
742895,14002.0,10232.50497,USA,United States,Minnesota,1.508697433,0.0,0.77,0.32,14002.0,14002.0,1.0,11.0,43.0,15.0,2.0,3.0,1.0,4.3,1.5,0.2,20.0,0.0,0.0,0.0,0.0,0.0,0.0,0.0,0.0,0.0,0.0,0.0,20.0,23.497011699130454,30.17394866,0.0,,350.625,3.427,172.625,1.687,0.938,0.009,0.75,0.007,1.72625,1.687,0.01407,0.0134999999999999,0.01875,0.0175,3.47707,116.296875,1.1365435481102757,289.6875,2.8310516434185824,1.744453125,1.7048153221654134,10.1390625,9.908680751965038,23.497011699130454,395249,,,0.1380474174816249,Information
742896,14003.0,9688.783067,USA,United States,Minnesota,0.584860845,0.0,0.77,0.32,14003.0,,,,,,,,,,,,,,,,,,,,,,,,,24.08873490387992,11.6972169,0.0,,285.438,2.946,155.5,1.605,1.875,0.019,1.75,0.018,1.555,1.605,0.028125,0.0284999999999999,0.04375,0.045,3.3053750000000006,115.3125,1.190164948535682,289.265625,2.985572316021827,1.7296875,1.7852474228035229,10.124296875,10.449503106076394,24.08873490387992,79441,,,0.0969672757700643,Information
742897,14004.0,11057.52713,USA,United States,Minnesota,1.554811048,0.0,0.77,0.32,14004.0,14004.0,0.0,15.0,7.0,3.0,-9999.0,0.0,1.0,0.7,0.3,-999.9,-1995.8,0.0,0.0,0.0,0.0,0.0,0.0,0.0,0.0,0.0,0.0,0.0,-1995.8,37.13861671418632,31.09622096,0.0,,414.062,3.745,236.812,2.142,3.312,0.03,0.438,0.004,2.36812,2.142,0.04968,0.045,0.01095,0.01,4.625750000000001,236.671875,2.140368928827198,455.765625,4.121768091698722,3.550078125,3.210553393240797,15.951796875,14.426188320945526,37.13861671418632,78678,,,0.2682699656982352,Advisory
742898,14005.0,3339.334335,USA,United States,Minnesota,0.276986197,0.0,0.77,0.32,14005.0,,,,,,,,,,,,,,,,,,,,,,,,,26.634990438864698,5.53972394,0.0,,158.5,4.746,110.438,3.307,5.125,0.153,1.875,0.056,1.10438,3.307,0.076875,0.2294999999999999,0.046875,0.14,4.904629999999999,69.46875,2.080317303711728,160.734375,4.813365745227744,1.04203125,3.120475955567592,5.625703125,16.846780108297104,26.634990438864698,5999,,,0.1027648464135666,Information
742899,14006.0,4022.172718,USA,United States,Minnesota,0.652523663,0.0,0.77,0.32,14006.0,,,,,,,,,,,,,,,,,,,,,,,,,22.66178169546309,13.05047326,0.0,,163.625,4.068,111.188,2.764,2.062,0.051,1.438,0.036,1.11188,2.764,0.03093,0.0765,0.0359499999999999,0.09,4.109259999999999,65.53125,1.629250024626458,157.640625,3.919290295292402,0.98296875,2.443875036939687,5.517421875,13.717516033523406,22.66178169546309,31366,,,0.0893694805601771,Information
742911,14008.0,4197.266862,USA,United States,Missouri,0.628017318,0.0,0.77,0.32,14008.0,14008.0,0.0,1.0,3.0,-9999.0,-9999.0,0.0,10.0,0.3,-999.9,-999.9,-3979.0,0.0,0.0,0.0,0.0,0.0,0.0,0.0,0.0,0.0,0.0,0.0,-3979.0,18.536643794793008,12.56034636,0.0,,19.188,0.457,17.812,0.424,0.0,0.0,0.0,0.0,0.17812,0.424,0.0,0.0,0.0,0.0,0.60212,6.046875,0.144066965467308,153.984375,3.668682027597727,0.090703125,0.2161004482009619,5.389453125,12.840387096592046,18.536643794793008,479372,,,0.0604269572564003,Information
742913,14010.0,1920.766711,USA,United States,Missouri,0.136326453,0.0,0.77,0.32,14010.0,,,,,,,,,,,,,,,,,,,,,,,,,6.375471731142916,2.72652906,0.0,,6.625,0.345,4.312,0.225,0.0,0.0,0.0,0.0,0.04312,0.225,0.0,0.0,0.0,0.0,0.26812,3.515625,0.1830323787181011,27.84375,1.4496164394473612,0.052734375,0.2745485680771516,0.97453125,5.073657538065764,6.375471731142916,27538,,,0.0032144101636767,Information
742914,14011.0,39050.69348,USA,United States,Missouri,0.419171682,0.0,0.77,0.32,14011.0,14011.0,0.0,3.0,3.0,-9999.0,-9999.0,0.0,8.0,0.3,-999.9,-999.9,-4981.2,0.0,0.0,0.0,0.0,0.0,0.0,0.0,0.0,0.0,0.0,0.0,-4981.2,56.74839169885093,8.38343364,0.0,,228.125,0.584,194.375,0.498,49.188,0.126,14.0,0.036,1.94375,0.498,0.7378200000000001,0.189,0.35,0.09,3.80857,635.0625,1.6262515294779407,1091.53125,2.795164829895433,9.5259375,2.439377294216911,35.0,9.783076904634015,56.74839169885093,499949,,,0.3159747228346852,Advisory
742915,14012.0,6362.59366,USA,United States,Missouri,0.169055215,0.0,0.77,0.32,14012.0,14012.0,0.0,1.0,5.0,-9999.0,-9999.0,0.0,10.0,0.5,-999.9,-999.9,-3978.6,0.0,0.0,0.0,0.0,0.0,0.0,0.0,0.0,0.0,0.0,0.0,-3978.6,9.876480092591436,3.3811043,0.0,,,,,,,,,,,,,,,,,29.953125,0.4707691014177869,96.890625,1.5228164829899302,0.449296875,0.7061536521266804,3.391171875,5.329857690464756,9.876480092591436,288402,,,0.0112855262466914,Information
742918,14015.0,20480.55229,USA,United States,Missouri,0.143549354,0.0,0.77,0.32,14015.0,14015.0,0.0,1.0,2.0,-9999.0,-9999.0,0.0,10.0,0.2,-999.9,-999.9,-3979.2,0.0,0.0,0.0,0.0,0.0,0.0,0.0,0.0,0.0,0.0,0.0,-3979.2,5.386018937118386,2.87098708,0.0,,11.312,0.055,3.438,0.017,0.688,0.003,1.188,0.006,0.03438,0.017,0.01032,0.0045,0.0296999999999999,0.015,0.1109,28.96875,0.1414451602084272,90.984375,0.4442476633730701,0.43453125,0.2121677403126408,3.184453125,1.554866821805745,5.386018937118386,82443,,,0.0019125670237719,Information
742919,14016.0,6594.329235,USA,United States,Missouri,0.299883589,0.0,0.77,0.32,14016.0,14016.0,0.0,1.0,5.0,2.0,-9999.0,0.0,10.0,0.5,0.2,-999.9,-1978.4,0.0,0.0,0.0,0.0,0.0,0.0,0.0,0.0,0.0,0.0,0.0,-1978.4,12.783785270571418,5.99767178,0.0,,,,,,,,,,,,,,,,,43.03125,0.6525493111542848,126.703125,1.9213951939542828,0.64546875,0.9788239667314272,4.434609375,6.72488317883999,12.783785270571418,1288697,,,0.0230136996403773,Information
742921,14017.0,12963.75473,USA,United States,Kansas,0.901694662,0.0,0.77,0.32,14017.0,14017.0,0.0,1.0,5.0,3.0,2.0,0.0,10.0,0.5,0.3,0.2,22.1,0.0,0.0,0.0,0.0,0.0,0.0,0.0,0.0,0.0,0.0,0.0,22.1,22.1,18.03389324,0.0,,,,,,,,,,,,,,,,,37.40625,0.2885448758401566,137.953125,1.064144824057119,0.56109375,0.4328173137602349,4.828359375,3.724506884199916,9.546777322960152,763893,,,0.0949748003003299,Information
742922,14018.0,24902.02885,USA,United States,Nebraska,1.161474681,0.0,0.77,0.32,14018.0,14018.0,1.0,1.0,100.0,2.0,2.0,3.0,10.0,10.0,0.2,0.2,-401.0666666666667,0.0,0.0,0.0,0.0,0.0,0.0,0.0,0.0,0.0,0.0,0.0,-401.0666666666667,1.8408794637857089,23.22949362,0.0,,,,,,,,,,,,,,,,,8.15625,0.0327533553528598,34.03125,0.1366605516446911,0.12234375,0.0491300330292897,1.19109375,0.4783119307564188,1.8408794637857089,152219,,,9.552083088865913e-05,Information
742924,14020.0,51592.75365,USA,United States,Kansas,1.449909067,0.0,0.77,0.32,14020.0,14020.0,0.0,1.0,5.0,2.0,2.0,0.0,10.0,0.5,0.2,0.2,-645.0666666666667,0.0,0.0,0.0,0.0,0.0,0.0,0.0,0.0,0.0,0.0,0.0,-645.0666666666667,3.2283657587839856,28.99818134,0.0,,12.25,0.024,9.625,0.019,0.812,0.002,0.188,0.0,0.09625,0.019,0.01218,0.003,0.0046999999999999,0.0,0.13513,32.625,0.0632356245646826,63.28125,0.1226553062677033,0.489375,0.0948534368470239,2.21484375,0.4292935719369615,3.2283657587839856,163661,,,0.0009983273925314,Information
742925,14021.0,14174.71355,USA,United States,Kansas,1.608988277,0.0,0.77,0.32,14021.0,14021.0,0.0,1.0,2.0,2.0,-9999.0,0.0,10.0,0.2,0.2,-999.9,-1966.1,0.0,0.0,0.0,0.0,0.0,0.0,0.0,0.0,0.0,0.0,0.0,-1966.1,5.559337145485182,32.17976554,0.0,,14.125,0.1,9.312,0.066,0.938,0.007,0.875,0.006,0.09312,0.066,0.01407,0.0105,0.021875,0.015,0.220565,32.90625,0.2321475483362953,79.03125,0.5575509494230683,0.49359375,0.3482213225044429,2.76609375,1.951428322980739,5.559337145485182,72451,,,0.0061854880682304,Information
742927,14023.0,10995.30541,USA,United States,Nebraska,1.558301394,0.0,0.77,0.32,14023.0,14023.0,0.0,1.0,2.0,-9999.0,-9999.0,0.0,10.0,0.2,-999.9,-999.9,-3979.2,0.0,0.0,0.0,0.0,0.0,0.0,0.0,0.0,0.0,0.0,0.0,-3979.2,0.7907928501696173,31.16602788,0.0,,,,,,,,,,,,,,,,,5.625,0.0511581969670108,9.421875,0.0856899799197432,0.084375,0.0767372954505162,0.329765625,0.2999149297191011,0.7907928501696173,17061,,,3.977031858825298e-06,Information
742929,14025.0,21898.48248,USA,United States,Colorado,1.609332628,0.0,0.77,0.32,14025.0,14025.0,0.0,2.0,-9999.0,-9999.0,-9999.0,0.0,9.0,-999.9,-999.9,-999.9,-5981.4,0.0,0.0,0.0,0.0,0.0,0.0,0.0,0.0,0.0,0.0,0.0,-5981.4,0.4250466904955837,32.18665256,0.0,,,,,,,,,,,,,,,,,3.375,0.0154120268525012,6.890625,0.0314662214905234,0.050625,0.0231180402787518,0.241171875,0.1101317752168319,0.4250466904955837,18215,,,1.9650226064626667e-07,Information
742937,14032.0,4521.96724,USA,United States,Missouri,0.737792678,0.0,0.77,0.32,14032.0,14032.0,0.0,1.0,5.0,2.0,-9999.0,0.0,10.0,0.5,0.2,-999.9,-1978.4,0.0,0.0,0.0,0.0,0.0,0.0,0.0,0.0,0.0,0.0,0.0,-1978.4,4.473166423555345,14.75585356,0.0,,,,,,,,,,,,,,,,,6.890625,0.1523811349108651,36.84375,0.8147725989111565,0.103359375,0.2285717023662976,1.28953125,2.851704096189048,4.473166423555345,17783,,,0.001602173133038,Information
742939,14034.0,2242.049989,USA,United States,Nebraska,0.569962925,0.0,0.77,0.32,14034.0,14034.0,0.0,1.0,7.0,2.0,-9999.0,0.0,10.0,0.7,0.2,-999.9,-1978.0,0.0,0.0,0.0,0.0,0.0,0.0,0.0,0.0,0.0,0.0,0.0,-1978.0,7.190832528444312,11.3992585,0.0,,,,,,,,,,,,,,,,,7.734375,0.3449688918200075,34.3125,1.530407447346943,0.116015625,0.5174533377300112,1.2009375,5.356426065714301,7.190832528444312,31415,,,0.0060138043383119,Information
742941,14036.0,5052.649634,USA,United States,Nebraska,0.854771558,0.0,0.77,0.32,14036.0,14036.0,0.0,1.0,3.0,2.0,-9999.0,0.0,10.0,0.3,0.2,-999.9,-1978.8,0.0,0.0,0.0,0.0,0.0,0.0,0.0,0.0,0.0,0.0,0.0,-1978.8,7.540997723089209,17.09543116,0.0,,17.812,0.353,17.062,0.338,0.25,0.005,0.562,0.011,0.17062,0.338,0.00375,0.0075,0.01405,0.0274999999999999,0.56142,19.125,0.3785142724111846,64.125,1.2691360898492663,0.286875,0.5677714086167769,2.244375,4.4419763144724325,7.540997723089209,348350,,,0.0082573933097083,Information
742942,14037.0,17991.08203,USA,United States,Nebraska,1.545174512,0.0,0.77,0.32,14037.0,14037.0,0.0,1.0,7.0,2.0,2.0,0.0,10.0,0.7,0.2,0.2,22.2,0.0,0.0,0.0,0.0,0.0,0.0,0.0,0.0,0.0,0.0,0.0,22.2,22.2,30.90349024,0.0,,,,,,,,,,,,,,,,,9.84375,0.0547146079643461,31.078125,0.1727418337160072,0.14765625,0.0820719119465191,1.087734375,0.6045964180060253,1.9220589549525444,107659,,,0.1281013815762883,Information
742943,14038.0,3026.298557,USA,United States,Nebraska,2.273438213,0.0,0.77,0.32,14038.0,,,,,,,,,,,,,,,,,,,,,,,,,13.362031915932334,45.46876426,0.0,,9.5,0.314,9.5,0.314,0.0,0.0,0.0,0.0,0.095,0.314,0.0,0.0,0.0,0.0,0.409,11.390625,0.3763880128269621,83.8125,2.7694722919119688,0.170859375,0.5645820192404432,2.9334375,9.693153021691892,13.362031915932334,41804,,,0.0798091564946731,Information
742944,14039.0,38429.13948,USA,United States,Nebraska,1.582032588,0.0,0.77,0.32,14039.0,14039.0,0.0,10.0,2.0,2.0,-9999.0,0.0,1.0,0.2,0.2,-999.9,-2663.4,0.0,0.0,0.0,0.0,0.0,0.0,0.0,0.0,0.0,0.0,0.0,-2663.4,6.4711271464935765,31.64065176,0.0,,13.938,0.036,12.688,0.033,3.0,0.008,2.438,0.006,0.12688,0.033,0.045,0.012,0.06095,0.015,0.29283,39.796875,0.1035591104567115,129.65625,0.3373904588024312,0.596953125,0.1553386656850672,4.53796875,1.180866605808509,6.4711271464935765,53377,,,0.0092010112628971,Information
742945,14040.0,12485.36615,USA,United States,Nebraska,1.717407449,0.0,0.77,0.32,14040.0,14040.0,0.0,6.0,-9999.0,-9999.0,-9999.0,0.0,5.0,-999.9,-999.9,-999.9,-5990.4,0.0,0.0,0.0,0.0,0.0,0.0,0.0,0.0,0.0,0.0,0.0,-5990.4,7.054469807530565,34.34814898,0.0,,,,,,,,,,,,,,,,,9.140625,0.0732107083519967,108.0,0.8650126771435916,0.137109375,0.109816062527995,3.78,3.0275443700025706,7.054469807530565,139792,,,0.0128503591754445,Information
742946,14041.0,62813.34127,USA,United States,Colorado,0.288358968,0.0,0.77,0.32,14041.0,14041.0,0.0,1.0,-9999.0,-9999.0,-9999.0,0.0,10.0,-999.9,-999.9,-999.9,-5986.9,0.0,0.0,0.0,0.0,0.0,0.0,0.0,0.0,0.0,0.0,0.0,-5986.9,7.461094018545125,5.76717936,0.0,,42.688,0.068,36.188,0.058,2.5,0.004,0.812,0.001,0.36188,0.058,0.0375,0.006,0.0203,0.0025,0.48618,5.484375,0.0087312263432947,181.546875,0.2890259797229096,0.082265625,0.013096839514942,6.354140625,1.0115909290301837,7.461094018545125,4138508,,,0.0056052724880731,Information
742947,14042.0,28180.86752,USA,United States,Nebraska,2.047679263,0.0,0.77,0.32,14042.0,14042.0,0.0,5.0,-9999.0,-9999.0,-9999.0,0.0,6.0,-999.9,-999.9,-999.9,-5983.4,0.0,0.0,0.0,0.0,0.0,0.0,0.0,0.0,0.0,0.0,0.0,-5983.4,6.569332234006609,40.95358526,0.0,,14.562,0.052,12.0,0.043,0.812,0.003,0.312,0.001,0.12,0.043,0.01218,0.0045,0.0078,0.0025,0.1899799999999999,41.0625,0.1457105604205133,120.9375,0.4291475409645255,0.6159375,0.2185658406307699,4.2328125,1.5020163933758393,6.569332234006609,55105,,,0.0140491343410294,Information
742948,14043.0,11964.13861,USA,United States,Wyoming,0.294617876,0.0,0.77,0.32,14043.0,,,,,,,,,,,,,,,,,,,,,,,,,3.889237023550212,5.89235752,0.0,,4.0,0.033,4.0,0.033,4.438,0.037,0.188,0.002,0.04,0.033,0.06657,0.0554999999999999,0.0046999999999999,0.005,0.20477,6.046875,0.0505416662048849,57.9375,0.484259685497967,0.090703125,0.0758124993073273,2.0278125,1.6949088992428845,3.889237023550212,43456,,,0.0007207091068988,Information
742949,14044.0,42772.96918,USA,United States,Wyoming,1.993884573,0.0,0.77,0.32,14044.0,14044.0,0.0,3.0,-9999.0,-9999.0,-9999.0,0.0,8.0,-999.9,-999.9,-999.9,-5305.466666666666,0.0,0.0,0.0,0.0,0.0,0.0,0.0,0.0,0.0,0.0,0.0,-5305.466666666666,8.261301172374695,39.87769146,0.0,,148.188,0.346,101.25,0.237,11.438,0.027,2.062,0.005,1.0125,0.237,0.17157,0.0405,0.0515499999999999,0.0125,1.5256199999999998,47.390625,0.1107957336375663,171.0,0.3997851991195272,0.710859375,0.1661936004563494,5.985,1.3992481969183452,8.261301172374695,109894,,,0.0235834271417906,Information
742950,14045.0,1832.943128,USA,United States,South Dakota,0.281526054,0.0,0.77,0.32,14045.0,,,,,,,,,,,,,,,,,,,,,,,,,45.87737839060868,5.63052108,0.0,,40.25,2.196,36.5,1.991,9.562,0.522,5.375,0.293,0.365,1.991,0.14343,0.783,0.134375,0.7324999999999999,4.149305,59.34375,3.237620911167876,177.609375,9.68984647110196,0.89015625,4.8564313667518135,6.216328125,33.91446264885686,45.87737839060868,2194,,,0.2353792243054749,Advisory
742951,14046.0,24026.16928,USA,United States,Iowa,0.771837269,0.0,0.77,0.32,14046.0,14046.0,1.0,1.0,33.0,15.0,5.0,3.0,10.0,3.3,1.5,0.5,-357.48,0.0,0.0,0.0,0.0,0.0,0.0,0.0,0.0,0.0,0.0,0.0,-357.48,6.350054934569951,15.43674538,0.0,,77.5,0.323,41.5,0.173,0.625,0.003,0.875,0.004,0.415,0.173,0.009375,0.0045,0.021875,0.01,0.6337499999999999,39.375,0.1638838032553195,111.234375,0.4629717441962777,0.590625,0.2458257048829792,3.893203125,1.620401104686972,6.350054934569951,1104967,,,0.0048122464923821,Information
742952,14047.0,21168.34687,USA,United States,South Dakota,1.354394844,0.0,0.77,0.32,14047.0,14047.0,1.0,1.0,100.0,23.0,9.0,3.0,10.0,10.0,2.3,0.9,37.7,0.0,0.0,0.0,0.0,0.0,0.0,0.0,0.0,0.0,0.0,0.0,37.7,37.7,27.08789688,0.0,,143.312,0.677,100.688,0.476,20.312,0.096,16.875,0.08,1.00688,0.476,0.30468,0.144,0.421875,0.2,2.5534350000000003,108.5625,0.5128529906034253,369.0,1.743168714175373,1.6284375,0.769279485905138,12.915,6.101090499613806,21.413807485518944,391992,,,0.254757024901071,Advisory
742953,14048.0,9833.934373,USA,United States,South Dakota,1.518431287,0.0,0.77,0.32,14048.0,,,,,,,,,,,,,,,,,,,,,,,,,11.381860577532096,30.36862574,0.0,,49.938,0.508,33.062,0.336,2.562,0.026,2.75,0.028,0.3306199999999999,0.336,0.03843,0.039,0.06875,0.07,0.8828,56.953125,0.579148922913157,136.828125,1.391387412332103,0.854296875,0.8687233843697355,4.788984375,4.869855943162361,11.381860577532096,53064,,,0.0350553874388421,Information
742954,14049.0,54345.85486,USA,United States,South Dakota,0.558358363,0.0,0.77,0.32,14049.0,14049.0,0.0,17.0,17.0,5.0,3.0,0.0,1.0,1.7,0.5,0.3,-391.24,0.0,0.0,0.0,0.0,0.0,0.0,0.0,0.0,0.0,0.0,0.0,-391.24,40.64870662940613,11.16716726,0.0,,282.75,0.52,186.188,0.343,20.0,0.037,15.688,0.029,1.86188,0.343,0.3,0.0554999999999999,0.3922,0.0725,3.02508,74.25,0.1366249554683447,949.078125,1.7463670917724592,1.11375,0.204937433202517,33.217734375,6.112284821203607,40.64870662940613,128140,,,0.2171692047487983,Advisory
742955,14050.0,3038.004387,USA,United States,Nebraska,1.063208115,0.0,0.77,0.32,14050.0,14050.0,0.0,13.0,-9999.0,-9999.0,-9999.0,0.0,1.0,-999.9,-999.9,-999.9,-5997.4,0.0,0.0,0.0,0.0,0.0,0.0,0.0,0.0,0.0,0.0,0.0,-5997.4,10.621795344364658,21.2641623,0.0,,28.25,0.93,24.938,0.821,3.875,0.128,3.062,0.101,0.24938,0.821,0.058125,0.192,0.0765499999999999,0.2525,1.6495549999999997,18.984375,0.6248962338006983,62.578125,2.0598431410467457,0.284765625,0.9373443507010474,2.190234375,7.20945099366361,10.621795344364658,27897,,,0.0225784295571674,Information
742956,14051.0,33969.64049,USA,United States,Nebraska,0.384102646,0.0,0.77,0.32,14051.0,14051.0,0.0,11.0,2.0,-9999.0,-9999.0,0.0,1.0,0.2,-999.9,-999.9,-4996.3,0.0,0.0,0.0,0.0,0.0,0.0,0.0,0.0,0.0,0.0,0.0,-4996.3,7.579406858224414,7.68205292,0.0,,33.25,0.098,20.75,0.061,1.312,0.004,0.5,0.001,0.2075,0.061,0.01968,0.006,0.0125,0.0025,0.3091799999999999,22.21875,0.0654076689720118,157.78125,0.4644772442189704,0.33328125,0.0981115034580177,5.52234375,1.6256703547663964,7.579406858224414,26607,,,0.0062131083818131,Information
742957,14052.0,10779.54056,USA,United States,South Dakota,0.397880581,0.0,0.77,0.32,14052.0,,,,,,,,,,,,,,,,,,,,,,,,,19.0054515517742,7.95761162,0.0,,82.438,0.765,76.438,0.709,16.688,0.155,12.938,0.12,0.7643800000000001,0.709,0.25032,0.2324999999999999,0.32345,0.3,2.57965,119.8125,1.111480580104352,230.34375,2.136860551890761,1.7971875,1.667220870156528,8.06203125,7.479011931617664,19.0054515517742,15179,,,0.0573375765635465,Information
742958,14053.0,26145.50587,USA,United States,South Dakota,0.62428507,0.0,0.77,0.32,14053.0,14053.0,0.0,12.0,-9999.0,-9999.0,-9999.0,0.0,1.0,-999.9,-999.9,-999.9,-5996.4,0.0,0.0,0.0,0.0,0.0,0.0,0.0,0.0,0.0,0.0,0.0,-5996.4,1.650545435374827,12.4857014,0.0,,,,,,,,,,,,,,,,,14.625,0.0559369555700612,27.84375,0.1064953577199243,0.219375,0.0839054333550918,0.97453125,0.372733752019735,1.650545435374827,26051,,,3.583142739624924e-05,Information
742959,14054.0,22488.35008,USA,United States,South Dakota,2.753889744,0.0,0.77,0.32,14054.0,,,,,,,,,,,,,,,,,,,,,,,,,18.988104302018765,55.07779488,0.0,,119.562,0.532,119.375,0.531,11.688,0.052,5.5,0.024,1.19375,0.531,0.17532,0.078,0.1375,0.06,2.1755700000000004,90.703125,0.4033338358398442,336.65625,1.4970251209311425,1.360546875,0.6050007537597664,11.78296875,5.239587923258998,18.988104302018765,29621,,,0.1945861083237073,Information
742961,14055.0,4289.41169,USA,United States,South Dakota,2.559327427,0.0,0.77,0.32,14055.0,,,,,,,,,,,,,,,,,,,,,,,,,6.64052201444716,51.18654854,0.0,,18.625,0.434,18.625,0.434,3.062,0.071,0.5,0.012,0.18625,0.434,0.04593,0.1064999999999999,0.0125,0.03,0.81518,15.75,0.3671832208945904,50.203125,1.170396516601507,0.23625,0.5507748313418855,1.757109375,4.096387808105274,6.64052201444716,235,,,0.023031511695811,Information
742963,14057.0,2494.171319,USA,United States,South Dakota,0.429360979,0.0,0.77,0.32,14057.0,14057.0,0.0,13.0,2.0,-9999.0,-9999.0,0.0,1.0,0.2,-999.9,-999.9,-3997.2,0.0,0.0,0.0,0.0,0.0,0.0,0.0,0.0,0.0,0.0,0.0,-3997.2,0.1761098795092845,8.58721958,0.0,,,,,,,,,,,,,,,,,0.703125,0.0281907259018569,0.703125,0.0281907259018569,0.010546875,0.0422860888527853,0.024609375,0.0986675406564991,0.1761098795092845,329,,,2.025725770674812e-10,Information
742964,14058.0,18776.67125,USA,United States,Wyoming,0.370419809,0.0,0.77,0.32,14058.0,14058.0,0.0,4.0,2.0,2.0,-9999.0,0.0,7.0,0.2,0.2,-999.9,-3982.2,0.0,0.0,0.0,0.0,0.0,0.0,0.0,0.0,0.0,0.0,0.0,-3982.2,3.325449938753684,7.408396179999999,0.0,,15.438,0.082,11.062,0.059,0.375,0.002,0.0,0.0,0.11062,0.059,0.005625,0.003,0.0,0.0,0.178245,19.96875,0.1063487224906176,53.4375,0.2845951728622163,0.29953125,0.1595230837359263,1.8703125,0.9960831050177572,3.325449938753684,96518,,,0.0004395726298746,Information
742965,14059.0,16731.51049,USA,United States,South Dakota,0.026630972,0.0,0.77,0.32,14059.0,14059.0,0.0,2.0,-9999.0,-9999.0,-9999.0,0.0,9.0,-999.9,-999.9,-999.9,-5982.4,0.0,0.0,0.0,0.0,0.0,0.0,0.0,0.0,0.0,0.0,0.0,-5982.4,1.898486853170432,0.5326194399999999,0.0,,,,,,,,,,,,,,,,,9.984375,0.0596740802663913,29.671875,0.1773412807916699,0.149765625,0.0895111203995869,1.038515625,0.6206944827708446,1.898486853170432,135753,,,3.7667964008152456e-05,Information
742968,14062.0,5467.198533,USA,United States,Wyoming,0.174371337,0.0,0.77,0.32,14062.0,,,,,,,,,,,,,,,,,,,,,,,,,0.24,3.48742674,0.0,,11.125,0.203,8.5,0.155,0.0,0.0,0.0,0.0,0.085,0.155,0.0,0.0,0.0,0.0,0.24,,,,,,,,,,321,,,1.006282404287205e-09,Information
742969,14063.0,7684.420339,USA,United States,Wyoming,0.12996617,0.0,0.77,0.32,14063.0,,,,,,,,,,,,,,,,,,,,,,,,,0.49775,2.5993234,0.0,,28.25,0.368,21.25,0.277,0.25,0.003,0.0,0.0,0.2125,0.277,0.00375,0.0045,0.0,0.0,0.49775,,,,,,,,,,657,,,6.584067054512332e-08,Information
742970,14064.0,6733.629207,USA,United States,North Dakota,0.151996395,0.0,0.77,0.32,14064.0,,,,,,,,,,,,,,,,,,,,,,,,,42.49492371065725,3.0399279000000003,0.0,,107.625,1.598,96.312,1.43,4.125,0.061,3.938,0.058,0.96312,1.43,0.061875,0.0915,0.09845,0.145,2.789945,0.421875,0.0062651949944055,488.390625,7.253007405190183,0.006328125,0.0093977924916082,17.093671875,25.38552591816564,42.49492371065725,2524,,,0.2047100272674905,Advisory
742971,14065.0,4660.464657,USA,United States,South Dakota,0.335443258,0.0,0.77,0.32,14065.0,,,,,,,,,,,,,,,,,,,,,,,,,25.692576577095743,6.70886516,0.0,,65.938,1.415,65.938,1.415,5.375,0.115,3.125,0.067,0.6593800000000001,1.415,0.080625,0.1725,0.078125,0.1675,2.57313,8.015625,0.1719919705396793,229.921875,4.933453891796065,0.120234375,0.2579879558095189,8.047265625,17.267088621286227,25.692576577095743,2351,,,0.0986081654914856,Information
742972,14066.0,13951.38947,USA,United States,South Dakota,0.489437493,0.0,0.77,0.32,14066.0,14066.0,0.0,11.0,2.0,2.0,-9999.0,0.0,1.0,0.2,0.2,-999.9,-1997.0,0.0,0.0,0.0,0.0,0.0,0.0,0.0,0.0,0.0,0.0,0.0,-1997.0,2.241597809660119,9.78874986,0.0,,9.438,0.068,9.438,0.068,0.5,0.004,0.25,0.002,0.09438,0.068,0.0075,0.006,0.00625,0.005,0.18713,0.421875,0.0030238923575448,37.125,0.2661025274639434,0.006328125,0.0045358385363172,1.299375,0.931358846123802,2.241597809660119,4501,,,0.0001099584423311,Information
742973,14067.0,616.8762805,USA,United States,South Dakota,0.096270273,0.0,0.77,0.32,14067.0,,,,,,,,,,,,,,,,,,,,,,,,,25.521594523335647,1.92540546,0.0,,12.688,2.057,12.688,2.057,1.438,0.233,0.75,0.122,0.12688,2.057,0.02157,0.3495,0.01875,0.305,2.8787,1.40625,0.2279630526157956,41.765625,6.770502662689129,0.02109375,0.3419445789236934,1.461796875,23.69675931941196,25.521594523335647,3344,,,0.0891184612057073,Information
742974,14068.0,14624.95181,USA,United States,South Dakota,0.953811595,0.0,0.77,0.32,14068.0,14068.0,0.0,4.0,2.0,2.0,-9999.0,0.0,7.0,0.2,0.2,-999.9,-1985.0,0.0,0.0,0.0,0.0,0.0,0.0,0.0,0.0,0.0,0.0,0.0,-1985.0,3.207173762484021,19.0762319,0.0,,7.438,0.051,7.438,0.051,1.062,0.007,0.188,0.001,0.07438,0.051,0.01593,0.0105,0.0046999999999999,0.0025,0.15901,0.0,0.0,54.421875,0.3721166107097203,0.0,0.0,1.904765625,1.302408137484021,3.207173762484021,5897,,,0.0006230389507168,Information
742975,14069.0,11348.7872,USA,United States,North Dakota,3.06245731,0.0,0.77,0.32,14069.0,,,,,,,,,,,,,,,,,,,,,,,,,25.1865600516317,61.2491462,0.0,,65.375,0.576,57.125,0.503,5.062,0.045,2.188,0.019,0.57125,0.503,0.07593,0.0675,0.0547,0.0475,1.3198800000000002,17.15625,0.1511725410985261,375.1875,3.30596999713826,0.25734375,0.2267588116477891,13.1315625,11.57089498998391,25.1865600516317,9195,,,0.3332915317210931,Information
742976,14070.0,11121.37181,USA,United States,North Dakota,2.032048627,0.0,0.77,0.32,14070.0,14070.0,0.0,11.0,7.0,3.0,2.0,0.0,1.0,0.7,0.3,0.2,4.4,0.0,0.0,0.0,0.0,0.0,0.0,0.0,0.0,0.0,0.0,0.0,4.4,4.4,40.64097254,0.0,,,,,,,,,,,,,,,,,0.0,0.0,11.109375,0.0998921283084235,0.0,0.0,0.388828125,0.3496224490794822,0.7384505740794822,3301,,,0.0046340970169892,Information
742977,14071.0,31738.42359,USA,United States,North Dakota,1.320680206,0.0,0.77,0.32,14071.0,14071.0,0.0,8.0,-9999.0,-9999.0,-9999.0,0.0,3.0,-999.9,-999.9,-999.9,-5993.4,0.0,0.0,0.0,0.0,0.0,0.0,0.0,0.0,0.0,0.0,0.0,-5993.4,32.90688790997017,26.41360412,0.0,,52.75,0.166,47.625,0.15,13.062,0.041,10.438,0.033,0.47625,0.15,0.19593,0.0615,0.26095,0.0825,1.2271299999999998,0.0,0.0,714.9375,2.252592974277192,0.0,0.0,25.0228125,7.884075409970173,32.90688790997017,158857,,,0.2104738490377591,Information
742978,14072.0,24438.61699,USA,United States,North Dakota,0.797429038,0.0,0.77,0.32,14072.0,14072.0,0.0,3.0,2.0,-9999.0,-9999.0,0.0,8.0,0.2,-999.9,-999.9,-3984.1,0.0,0.0,0.0,0.0,0.0,0.0,0.0,0.0,0.0,0.0,0.0,-3984.1,3.169683194760913,15.94858076,0.0,,3.0,0.012,3.0,0.012,3.0,0.012,3.188,0.013,0.03,0.012,0.045,0.018,0.0797,0.0325,0.2172,0.0,0.0,64.265625,0.2629675199316894,0.0,0.0,2.249296875,0.9203863197609128,3.169683194760913,6789,,,0.0005231028376476,Information
742979,14073.0,16435.18951,USA,United States,North Dakota,0.401607067,0.0,0.77,0.32,14073.0,,,,,,,,,,,,,,,,,,,,,,,,,33.84682585777537,8.032141339999999,0.0,,21.5,0.131,20.0,0.122,18.688,0.114,12.688,0.077,0.2,0.122,0.2803199999999999,0.171,0.3172,0.1925,1.28302,0.140625,0.0008556335777716,601.171875,3.657833544973918,0.002109375,0.0012834503666574,21.041015625,12.802417407408711,33.84682585777537,33650,,,0.1587535310605117,Information
742981,14074.0,17811.91827,USA,United States,Montana,0.387025496,0.0,0.77,0.32,14074.0,14074.0,0.0,1.0,-9999.0,-9999.0,-9999.0,0.0,10.0,-999.9,-999.9,-999.9,-5979.4,0.0,0.0,0.0,0.0,0.0,0.0,0.0,0.0,0.0,0.0,0.0,-5979.4,5.828616962858819,7.740509920000001,0.0,,,,,,,,,,,,,,,,,0.140625,0.0007894994680198,106.59375,0.5984405967590826,0.002109375,0.0011842492020297,3.73078125,2.094542088656789,5.828616962858819,21088,,,0.0028739603199083,Information
742982,14075.0,34926.75307,USA,United States,Wyoming,1.343742011,0.0,0.77,0.32,14075.0,,,,,,,,,,,,,,,,,,,,,,,,,0.8926814521760403,26.87484022,0.0,,66.25,0.19,41.625,0.119,3.875,0.011,0.062,0.0,0.41625,0.119,0.058125,0.0165,0.00155,0.0,0.611425,5.90625,0.016910389546897,17.296875,0.0495232836730557,0.08859375,0.0253655843203455,0.605390625,0.1733314928556949,0.8926814521760403,20995,,,5.272190010845552e-06,Information
742984,14077.0,14012.09746,USA,United States,Montana,1.674935716,0.0,0.77,0.32,14077.0,14077.0,0.0,2.0,-9999.0,-9999.0,-9999.0,0.0,9.0,-999.9,-999.9,-999.9,-5981.4,0.0,0.0,0.0,0.0,0.0,0.0,0.0,0.0,0.0,0.0,0.0,-5981.4,2.467683403173288,33.49871432,0.0,,6.875,0.049,6.188,0.044,1.062,0.008,0.0,0.0,0.06188,0.044,0.01593,0.012,0.0,0.0,0.13381,21.515625,0.1535503522319463,31.921875,0.227816535664391,0.322734375,0.2303255283479194,1.117265625,0.7973578748253685,2.467683403173288,28865,,,0.0004939653492241,Information
742986,14079.0,37472.18446,USA,United States,Montana,1.931416609,0.0,0.77,0.32,14079.0,14079.0,0.0,1.0,-9999.0,-9999.0,-9999.0,0.0,10.0,-999.9,-999.9,-999.9,-5979.4,0.0,0.0,0.0,0.0,0.0,0.0,0.0,0.0,0.0,0.0,0.0,-5979.4,15.550070307056806,38.62833218,0.0,,95.625,0.255,68.438,0.183,47.062,0.126,23.875,0.064,0.68438,0.183,0.70593,0.189,0.596875,0.16,2.519185,93.796875,0.2503106674035504,310.5,0.8286146231289947,1.406953125,0.3754660011053256,10.8675,2.900151180951481,15.550070307056806,192360,,,0.0848943405490913,Information
742987,14080.0,10484.31111,USA,United States,Montana,2.486397344,0.0,0.77,0.32,14080.0,14080.0,0.0,15.0,-9999.0,-9999.0,-9999.0,0.0,1.0,-999.9,-999.9,-999.9,-5997.4,0.0,0.0,0.0,0.0,0.0,0.0,0.0,0.0,0.0,0.0,0.0,-5997.4,5.544535403068331,49.72794688,0.0,,,,,,,,,,,,,,,,,30.375,0.2897186060766896,68.0625,0.6491842839866563,0.455625,0.4345779091150343,2.3821875,2.272144993953297,5.544535403068331,8217,,,0.0137398065845799,Information
742989,14082.0,41112.15201,USA,United States,Wyoming,2.006691837,0.0,0.77,0.32,14082.0,14082.0,0.0,1.0,-9999.0,-9999.0,-9999.0,0.0,10.0,-999.9,-999.9,-999.9,-4988.3,0.0,0.0,0.0,0.0,0.0,0.0,0.0,0.0,0.0,0.0,0.0,-4988.3,7.855121561609698,40.13383674,0.0,,39.25,0.095,19.5,0.047,10.062,0.024,1.562,0.004,0.195,0.047,0.15093,0.036,0.03905,0.01,0.47798,73.40625,0.1785512224928249,149.0625,0.3625752793915602,1.10109375,0.2678268337392373,5.2171875,1.2690134778704607,7.855121561609698,51799,,,0.0211302510306572,Information
742991,14083.0,1897.829457,USA,United States,Montana,0.374292946,0.0,0.77,0.32,14083.0,14083.0,0.0,1.0,-9999.0,-9999.0,-9999.0,0.0,10.0,-999.9,-999.9,-999.9,-5979.4,0.0,0.0,0.0,0.0,0.0,0.0,0.0,0.0,0.0,0.0,0.0,-5979.4,4.196430592986559,7.48585892,0.0,,,,,,,,,,,,,,,,,0.0,0.0,19.125,1.007730169424731,0.0,0.0,0.669375,3.5270555929865584,4.196430592986559,1328,,,0.0009902961008443,Information
742994,14086.0,60017.86594,USA,United States,Montana,2.710901737,0.0,0.77,0.32,14086.0,14086.0,0.0,17.0,2.0,-9999.0,-9999.0,0.0,1.0,0.2,-999.9,-999.9,-4663.933333333333,0.0,0.0,0.0,0.0,0.0,0.0,0.0,0.0,0.0,0.0,0.0,-4663.933333333333,12.95054300105581,54.21803474,0.0,,118.125,0.197,62.062,0.103,13.5,0.022,7.812,0.013,0.62062,0.103,0.2025,0.033,0.1953,0.0325,1.18692,52.3125,0.0871615462874032,294.75,0.491103766178487,0.7846875,0.1307423194311048,10.31625,1.7188631816247044,12.95054300105581,30957,,,0.1033390657114508,Information
742995,14087.0,15555.37514,USA,United States,Montana,3.512914665,0.0,0.77,0.32,14087.0,14087.0,0.0,11.0,-9999.0,-9999.0,-9999.0,0.0,1.0,-999.9,-999.9,-999.9,-5997.4,0.0,0.0,0.0,0.0,0.0,0.0,0.0,0.0,0.0,0.0,0.0,-5997.4,22.749310834140992,70.25829329999999,0.0,,20.062,0.129,11.188,0.072,2.438,0.016,0.562,0.004,0.11188,0.072,0.03657,0.024,0.01405,0.01,0.2684999999999999,102.515625,0.6590366613525728,351.703125,2.2609748834606096,1.537734375,0.9885549920288592,12.309609375,7.913412092112134,22.749310834140992,1206,,,0.3943437035944132,Advisory
742996,14088.0,24518.7509,USA,United States,Montana,2.321092533,0.0,0.77,0.32,14088.0,14088.0,0.0,1.0,2.0,-9999.0,-9999.0,0.0,10.0,0.2,-999.9,-999.9,-3988.2,0.0,0.0,0.0,0.0,0.0,0.0,0.0,0.0,0.0,0.0,0.0,-3988.2,1.740235969678503,46.42185066,0.0,,33.0,0.135,10.625,0.043,7.312,0.03,0.5,0.002,0.10625,0.043,0.10968,0.045,0.0125,0.005,0.32143,11.53125,0.0470303322111914,30.375,0.1238847775319188,0.17296875,0.0705454983167871,1.063125,0.4335967213617158,1.740235969678503,6463,,,0.0003050090361514,Information
742997,14089.0,20904.22495,USA,United States,Montana,0.035427226,0.0,0.77,0.32,14089.0,14089.0,0.0,1.0,-9999.0,-9999.0,-9999.0,0.0,10.0,-999.9,-999.9,-999.9,-3966.4,0.0,0.0,0.0,0.0,0.0,0.0,0.0,0.0,0.0,0.0,0.0,-3966.4,3.526957168627261,0.70854452,0.0,,15.875,0.076,8.375,0.04,4.25,0.02,0.312,0.001,0.08375,0.04,0.06375,0.03,0.0078,0.0025,0.2278,5.484375,0.0262357251408565,65.8125,0.314828701690279,0.082265625,0.0393535877112847,2.3034375,1.1019004559159764,3.526957168627261,11766,,,0.0004224900262163,Information
742998,14090.0,23902.74991,USA,United States,Montana,1.130998968,0.0,0.77,0.32,14090.0,14090.0,0.0,11.0,-9999.0,-9999.0,-9999.0,0.0,1.0,-999.9,-999.9,-999.9,-5997.4,0.0,0.0,0.0,0.0,0.0,0.0,0.0,0.0,0.0,0.0,0.0,-5997.4,6.61599343219395,22.61997936,0.0,,41.938,0.175,17.5,0.073,1.688,0.007,0.688,0.003,0.175,0.073,0.02532,0.0105,0.0171999999999999,0.0075,0.30852,14.34375,0.0600087858256807,127.125,0.531842572415837,0.21515625,0.090013178738521,4.449375,1.8614490034554287,6.61599343219395,24746,,,0.0069616014781916,Information
742999,14091.0,63400.14805,USA,United States,Montana,1.205491454,0.0,0.77,0.32,14091.0,14091.0,0.0,1.0,-9999.0,-9999.0,-9999.0,0.0,10.0,-999.9,-999.9,-999.9,-5979.4,0.0,0.0,0.0,0.0,0.0,0.0,0.0,0.0,0.0,0.0,0.0,-5979.4,10.962511545822808,24.10982908,0.0,,89.125,0.141,26.688,0.042,19.875,0.031,3.75,0.006,0.26688,0.042,0.298125,0.0465,0.09375,0.015,0.762255,38.671875,0.0609965058255397,253.96875,0.4005806891669992,0.580078125,0.0914947587383095,8.88890625,1.4020324120844971,10.962511545822808,266863,,,0.0265070677160253,Information
743002,14092.0,2708.535831,USA,United States,Louisiana,2.139701979,3.521089776,0.77,0.32,14092.0,,,,,,,,,,,,,,,,,,,,,,,,,48.43859139875679,42.79403958,70.42179552,3.0,90.75,3.351,65.375,2.414,14.938,0.551,20.125,0.743,0.65375,2.414,0.22407,0.8265,0.503125,1.8575,6.478945,4.921875,0.181717182504521,374.0625,13.8105058703436,0.073828125,0.2725757737567815,13.0921875,35.0,48.43859139875679,205074,213.0,0.1,0.6890852325424024,Watch
743003,14093.0,3768.945421,USA,United States,Louisiana,4.002319212,4.01476714,0.77,0.32,14093.0,,,,,,,,,,,,,,,,,,,,,,,,,70.9324380658901,80.04638424,80.2953428,3.0,554.625,14.716,467.5,12.404,130.312,3.458,121.438,3.222,4.675,10.0,1.95468,5.187,3.03595,8.055,32.90763,17.015625,0.4514691272600697,1910.390625,50.687670196926014,0.255234375,0.6772036908901046,35.0,35.0,70.9324380658901,30919,1137.0,3.68,0.8998808318596951,Warning
743004,14094.0,12077.59036,USA,United States,Louisiana,3.119659215,3.211429556,0.77,0.32,14094.0,,,,,,,,,,,,,,,,,,,,,,,,,66.08878245269288,62.3931843,64.22859112,3.0,119.875,0.993,93.5,0.774,9.688,0.08,3.25,0.027,0.935,0.774,0.14532,0.12,0.08125,0.0675,2.12307,60.75,0.5029976857613755,1015.3125,8.40658169258595,0.91125,0.7544965286420633,35.0,29.423035924050826,66.08878245269288,411706,4057.0,0.99,0.7303428021531249,Watch
743005,14095.0,5616.773341,USA,United States,Louisiana,3.64199562,2.580541853,0.77,0.32,14095.0,14095.0,0.0,1.0,5.0,3.0,-9999.0,0.0,10.0,0.5,0.3,-999.9,-1978.2,0.0,0.0,0.0,0.0,0.0,0.0,0.0,0.0,0.0,0.0,0.0,-1978.2,73.60102862791942,72.8399124,51.61083706,3.0,478.812,8.525,387.0,6.89,62.125,1.106,31.5,0.561,3.87,6.89,0.931875,1.6590000000000005,0.7875,1.4025,15.540875,86.34375,1.537248251946285,1685.8125,30.01389583767437,1.29515625,2.3058723779194272,35.0,35.0,73.60102862791942,158322,1211.0,0.76,0.840596016288937,Warning
743006,14096.0,7491.540639,USA,United States,Louisiana,3.139304113,1.30979209,0.77,0.32,14096.0,,,,,,,,,,,,,,,,,,,,,,,,,83.49956435916835,62.78608226,26.1958418,3.0,199.438,2.662,166.375,2.221,23.75,0.317,7.688,0.103,1.66375,2.221,0.35625,0.4755,0.1921999999999999,0.2575,5.166200000000001,385.453125,5.145178322778902,2172.234375,28.995829825598573,5.781796875,7.717767484168353,35.0,35.0,83.49956435916835,244148,10475.0,4.29,0.7905003537747763,Warning
743007,14097.0,118.2365205,USA,United States,Louisiana,3.915215542,4.006313846,0.77,0.32,14097.0,,,,,,,,,,,,,,,,,,,,,,,,,36.62940237702168,78.30431084,80.12627692000001,3.0,0.938,0.793,0.625,0.529,0.062,0.053,0.0,0.0,0.00625,0.529,0.0009299999999999,0.0795,0.0,0.0,0.61568,0.84375,0.713612001347787,15.609375,13.20182202493406,0.01265625,1.0704180020216805,0.546328125,35.0,36.62940237702168,418,27.0,6.46,0.7295500883277276,Watch
743008,14098.0,10198.9582,USA,United States,Louisiana,1.544042189,2.609063681,0.77,0.32,14098.0,,,,,,,,,,,,,,,,,,,,,,,,,64.96726489921174,30.88084378,52.18127362,3.0,165.062,1.618,132.875,1.303,12.625,0.124,5.125,0.05,1.32875,1.303,0.189375,0.186,0.128125,0.125,3.26025,240.46875,2.357777582421746,834.1875,8.179144221594035,3.60703125,3.536666373632619,29.1965625,28.62700477557912,64.96726489921174,239770,1047.0,0.44,0.6203751437524818,Watch
743009,14099.0,535.1315965,USA,United States,Louisiana,2.172149393,4.021392587,0.77,0.32,14099.0,,,,,,,,,,,,,,,,,,,,,,,,,60.668515625,43.44298786,80.42785174000001,3.0,65.438,12.228,47.5,8.876,9.438,1.764,3.812,0.712,0.475,8.876,0.14157,2.646,0.0953,1.7799999999999998,14.013869999999995,59.90625,11.194676298571396,279.140625,52.16298697808502,0.89859375,15.0,9.769921875,35.0,60.668515625,168,1.0,0.6,0.871039222929024,Warning
751100,14100.0,45.9036954,USA,United States,Louisiana,0.0,3.707888333,0.77,0.32,14100.0,,,,,,,,,,,,,,,,,,,,,,,,,37.845665435192856,0.0,74.15776666000001,3.0,4.125,8.986,3.562,7.761,0.625,1.362,0.0,0.0,0.03562,7.761,0.009375,2.043,0.0,0.0,9.848995,0.5625,1.225391540128569,28.546875,62.18862066152489,0.0084375,1.8380873101928537,0.999140625,35.0,37.845665435192856,2,0.0,0.0,0.648586219516553,Watch
751201,14101.0,64.63384481,USA,United States,Texas,2.327668546,4.005934558,0.77,0.32,14101.0,,,,,,,,,,,,,,,,,,,,,,,,,41.803265908098645,46.55337092,80.11869116,3.0,5.875,9.09,5.875,9.09,0.75,1.16,0.125,0.193,0.05875,9.09,0.01125,1.7399999999999998,0.003125,0.4825,11.385625,2.53125,3.916291855399096,25.453125,39.38049032373536,0.03796875,5.874437783098644,0.890859375,35.0,41.803265908098645,279,11.0,3.94,0.7713180130946147,Watch
751202,14102.0,1849.411419,USA,United States,Texas,0.844532758,3.26213548,0.77,0.32,14102.0,,,,,,,,,,,,,,,,,,,,,,,,,50.10570245906793,16.89065516,65.2427096,3.0,79.875,4.319,63.5,3.434,6.25,0.338,1.625,0.088,0.635,3.434,0.09375,0.507,0.040625,0.2199999999999999,4.930375,74.109375,4.007187056045282,228.09375,12.333315758833868,1.111640625,6.010780584067923,7.98328125,35.0,50.10570245906793,178025,440.0,0.25,0.642722496167403,Watch
751203,14103.0,231.0004811,USA,United States,Louisiana,2.346035245,3.996523999,0.77,0.32,14103.0,,,,,,,,,,,,,,,,,,,,,,,,,43.4847440682293,46.9207049,79.93047998,3.0,29.25,12.662,11.062,4.789,1.0,0.433,0.688,0.298,0.11062,4.789,0.015,0.6495,0.0171999999999999,0.745,6.326319999999999,8.4375,3.6525897954862,82.265625,35.612750505990455,0.1265625,5.4788846932293,2.879296875,35.0,43.4847440682293,42,22.0,52.38,0.7803003296427061,Watch
751204,14104.0,26019.71033,USA,United States,Texas,0.945713089,1.820362118,0.77,0.32,14104.0,14104.0,1.0,1.0,100.0,5.0,2.0,3.0,10.0,10.0,0.5,0.2,52.88,0.0,0.0,0.0,0.0,0.0,0.0,0.0,0.0,0.0,0.0,0.0,52.88,52.88,18.91426178,36.40724236,,196.062,0.754,144.75,0.556,12.938,0.05,10.125,0.039,1.4475,0.556,0.19407,0.075,0.253125,0.0975,2.623195,32.34375,0.1243048042597286,703.96875,2.7055210874965283,0.48515625,0.1864572063895929,24.63890625,9.469323806237847,34.779843512627444,621870,,,0.4268206562358057,Advisory
751205,14105.0,4800.906859,USA,United States,Texas,3.099807671,3.005055677,0.77,0.32,14105.0,14105.0,0.0,3.0,3.0,2.0,2.0,0.0,8.0,0.3,0.2,0.2,17.4,0.0,0.0,0.0,0.0,0.0,0.0,0.0,0.0,0.0,0.0,0.0,17.4,48.65168038978619,61.996153420000006,60.10111354,,91.25,1.901,75.625,1.575,11.938,0.249,5.0,0.104,0.75625,1.575,0.17907,0.3735,0.125,0.26,3.26882,128.390625,2.674299434893494,395.859375,8.245512496413129,1.925859375,4.011449152340241,13.855078125,28.859293737445952,48.65168038978619,75834,,,0.5975454886350905,Advisory
751206,14106.0,1179.293153,USA,United States,Louisiana,0.068268391,0.0,0.77,0.32,14106.0,,,,,,,,,,,,,,,,,,,,,,,,,4.012560546588917,1.36536782,0.0,,6.938,0.588,5.0,0.424,0.0,0.0,0.0,0.0,0.05,0.424,0.0,0.0,0.0,0.0,0.474,0.0,0.0,12.09375,1.0255083704539762,0.0,0.0,0.42328125,3.589279296588917,4.012560546588917,27291,,,0.0006824019013307,Information
751207,14107.0,14623.05451,USA,United States,Texas,0.165333842,0.0,0.77,0.32,14107.0,,,,,,,,,,,,,,,,,,,,,,,,,27.13868971122797,3.30667684,0.0,,85.938,0.588,55.062,0.377,0.875,0.006,1.812,0.012,0.55062,0.377,0.013125,0.009,0.0453,0.03,1.025045,4.78125,0.0326966571574688,458.4375,3.135032421569077,0.07171875,0.0490449857362031,16.0453125,10.97261347549177,27.13868971122797,297295,,,0.1019383447806921,Information
751401,14110.0,14455.69328,USA,United States,Texas,0.858970564,0.007904505,0.77,0.32,14110.0,14110.0,0.0,1.0,5.0,3.0,2.0,0.0,10.0,0.5,0.3,0.2,34.75,0.0,0.0,0.0,0.0,0.0,0.0,0.0,0.0,0.0,0.0,0.0,34.75,44.67499247222126,17.17941128,0.1580900999999999,,283.812,1.963,221.688,1.534,33.0,0.228,61.062,0.422,2.21688,1.534,0.495,0.342,1.52655,1.055,7.169429999999999,145.125,1.003929712508046,692.296875,4.789094936702626,2.176875,1.505894568762069,24.230390625,16.76183227845919,44.67499247222126,211111,,,0.2685307016623001,Advisory
751402,14111.0,6115.245143,USA,United States,Texas,0.031460166,0.0,0.77,0.32,14111.0,,,,,,,,,,,,,,,,,,,,,,,,,13.352108185203443,0.62920332,0.0,,9.188,0.15,8.25,0.135,0.0,0.0,3.188,0.052,0.0825,0.135,0.0,0.0,0.0797,0.13,0.4272,4.078125,0.0666878416932833,143.015625,2.3386736207610053,0.061171875,0.1000317625399249,5.005546875,8.185357672663518,13.352108185203443,158653,,,0.0223650380776663,Information
751403,14112.0,450.1609207,USA,United States,Texas,0.564684234,0.0,0.77,0.32,14112.0,,,,,,,,,,,,,,,,,,,,,,,,,37.13609375,11.29368468,0.0,,25.062,5.567,20.25,4.498,1.125,0.25,9.75,2.166,0.2025,4.498,0.016875,0.375,0.24375,5.415,10.751125,0.0,0.0,61.03125,13.55765176218824,0.0,0.0,2.13609375,35.0,37.13609375,1685,,,0.1919475989901511,Advisory
751404,14113.0,2811.986305,USA,United States,Texas,0.039525418,0.0,0.77,0.32,14113.0,14113.0,1.0,1.0,100.0,5.0,2.0,3.0,10.0,10.0,0.5,0.2,47.4,0.0,0.0,0.0,0.0,0.0,0.0,0.0,0.0,0.0,0.0,0.0,47.4,47.4,0.79050836,0.0,,3.0,0.107,2.438,0.087,0.0,0.0,0.062,0.002,0.02438,0.087,0.0,0.0,0.00155,0.005,0.11793,0.0,0.0,103.078125,3.665669524574559,0.0,0.0,3.607734375,12.829843336010956,16.437577711010956,134883,,,0.2300714808193369,Advisory
751407,14116.0,1277.914931,USA,United States,Texas,0.706051135,0.0,0.77,0.32,14116.0,14116.0,0.0,1.0,3.0,3.0,3.0,0.0,10.0,0.3,0.3,0.3,21.800000000000004,0.0,0.0,0.0,0.0,0.0,0.0,0.0,0.0,0.0,0.0,0.0,21.800000000000004,21.800000000000004,14.1210227,0.0,,,,,,,,,,,,,,,,,0.0,0.0,29.8125,2.332901765631595,0.0,0.0,1.0434375,8.165156179710582,9.208593679710582,1506635,,,0.0851829432410435,Information
751610,14120.0,6296.458151,USA,United States,Texas,1.471749069,0.0,0.77,0.32,14120.0,14120.0,0.0,1.0,5.0,2.0,-9999.0,0.0,10.0,0.5,0.2,-999.9,-1978.4,0.0,0.0,0.0,0.0,0.0,0.0,0.0,0.0,0.0,0.0,0.0,-1978.4,14.82428821767988,29.43498138,0.0,,40.562,0.644,29.875,0.474,1.75,0.028,0.375,0.006,0.29875,0.474,0.02625,0.042,0.009375,0.015,0.8653750000000001,40.921875,0.6499189547249806,146.109375,2.32050101016926,0.613828125,0.9748784320874708,5.113828125,8.12175353559241,14.82428821767988,681280,,,0.0593483279117177,Information
751620,14121.0,5700.96702,USA,United States,Texas,0.028234608,0.0,0.77,0.32,14121.0,,,,,,,,,,,,,,,,,,,,,,,,,23.650088467098072,0.56469216,0.0,,13.75,0.241,10.5,0.184,0.812,0.014,1.625,0.029,0.105,0.184,0.01218,0.021,0.040625,0.0725,0.435305,55.6875,0.976807966178799,221.484375,3.885031683665678,0.8353125,1.4652119492681983,7.751953125,13.597610892829874,23.650088467098072,209088,,,0.075481196437345,Information
751630,14122.0,5748.373499,USA,United States,Texas,0.151740533,0.0,0.77,0.32,14122.0,,,,,,,,,,,,,,,,,,,,,,,,,6.125624731476265,3.03481066,0.0,,17.0,0.296,14.125,0.246,2.0,0.035,0.812,0.014,0.14125,0.246,0.03,0.0525,0.0203,0.035,0.52505,21.09375,0.3669516256109683,54.84375,0.9540742265885176,0.31640625,0.5504274384164525,1.91953125,3.339259793059812,6.125624731476265,99025,,,0.0028735564528246,Information
751640,14123.0,19776.00723,USA,United States,Texas,1.141364603,0.0,0.77,0.32,14123.0,,,,,,,,,,,,,,,,,,,,,,,,,7.827802057142088,22.82729206,0.0,,4.562,0.023,4.188,0.021,0.75,0.004,0.5,0.003,0.04188,0.021,0.01125,0.006,0.0125,0.0075,0.10013,16.171875,0.0817752279743955,141.609375,0.7160665614801417,0.242578125,0.1226628419615932,4.956328125,2.506232965180496,7.827802057142088,1196725,,,0.0110581630106216,Information
751650,14124.0,22604.61519,USA,United States,Texas,1.019970298,0.0,0.77,0.32,14124.0,14124.0,0.0,6.0,5.0,2.0,-9999.0,0.0,5.0,0.5,0.2,-999.9,-1317.2,0.0,0.0,0.0,0.0,0.0,0.0,0.0,0.0,0.0,0.0,0.0,-1317.2,16.333348539357726,20.399405960000003,0.0,,,,,,,,,,,,,,,,,3.515625,0.0155526867878228,322.03125,1.4246261097645687,0.052734375,0.0233290301817341,11.27109375,4.98619138417599,16.333348539357726,524023,,,0.0566181838229645,Information
751660,14125.0,14943.2834,USA,United States,Texas,0.108417005,0.0,0.77,0.32,14125.0,14125.0,0.0,3.0,2.0,2.0,2.0,0.0,8.0,0.2,0.2,0.2,17.199999999999996,0.0,0.0,0.0,0.0,0.0,0.0,0.0,0.0,0.0,0.0,0.0,17.199999999999996,17.199999999999996,2.1683401,0.0,,,,,,,,,,,,,,,,,0.5625,0.0037642329666159,72.84375,0.4874681691767599,0.0084375,0.0056463494499238,2.54953125,1.7061385921186596,4.269753691568583,182449,,,0.0410755612994182,Information
751670,14126.0,6534.808996,USA,United States,Texas,0.746639549,0.0,0.77,0.32,14126.0,14126.0,0.0,3.0,2.0,2.0,2.0,0.0,8.0,0.2,0.2,0.2,17.199999999999996,0.0,0.0,0.0,0.0,0.0,0.0,0.0,0.0,0.0,0.0,0.0,17.199999999999996,17.199999999999996,14.93279098,0.0,,,,,,,,,,,,,,,,,0.140625,0.0021519374183789,27.5625,0.421779734002278,0.002109375,0.0032279061275683,0.9646875,1.476229069007973,2.446253850135541,8078,,,0.0549622865000585,Information
751680,14127.0,15689.43719,USA,United States,Texas,0.33082629,0.0,0.77,0.32,14127.0,14127.0,0.0,2.0,2.0,2.0,2.0,0.0,9.0,0.2,0.2,0.2,-971.9,0.0,0.0,0.0,0.0,0.0,0.0,0.0,0.0,0.0,0.0,0.0,-971.9,0.95901359996472,6.616525800000001,0.0,,,,,,,,,,,,,,,,,0.0,0.0,16.734375,0.1066601357042057,0.0,0.0,0.585703125,0.3733104749647199,0.95901359996472,412453,,,2.340889950067075e-06,Information
751690,14128.0,13682.51395,USA,United States,Texas,0.70691724,0.0,0.77,0.32,14128.0,14128.0,0.0,3.0,2.0,2.0,2.0,0.0,8.0,0.2,0.2,0.2,17.199999999999996,0.0,0.0,0.0,0.0,0.0,0.0,0.0,0.0,0.0,0.0,0.0,17.199999999999996,17.199999999999996,14.1383448,0.0,,,,,,,,,,,,,,,,,,,,,,,,,,48862,,,0.0539364318730628,Information
751700,14129.0,4311.505467,USA,United States,Texas,2.412186387,0.0,0.77,0.32,14129.0,,,,,,,,,,,,,,,,,,,,,,,,,45.88517928490849,48.24372774,0.0,,92.25,2.14,65.25,1.513,21.812,0.506,14.062,0.326,0.6525,1.513,0.32718,0.759,0.35155,0.8150000000000001,4.41823,192.796875,4.471683416796495,312.328125,7.244061902775356,2.891953125,6.707525125194742,10.931484375,25.354216659713742,45.88517928490849,33763,,,0.452081777562373,Advisory
751810,14130.0,15699.63313,USA,United States,Texas,0.827394304,0.0,0.77,0.32,14130.0,14130.0,0.0,1.0,3.0,2.0,2.0,0.0,10.0,0.3,0.2,0.2,-1312.8,0.0,0.0,0.0,0.0,0.0,0.0,0.0,0.0,0.0,0.0,0.0,-1312.8,9.542823133459862,16.54788608,0.0,,44.5,0.283,32.875,0.209,2.688,0.017,2.312,0.015,0.32875,0.209,0.04032,0.0255,0.0577999999999999,0.0375,0.6988699999999999,42.46875,0.2705079134133105,148.359375,0.9449862538113992,0.63703125,0.4057618701199657,5.192578125,3.307451888339897,9.542823133459862,1549352,,,0.0150609550209573,Information
751820,14131.0,11623.53425,USA,United States,Texas,1.892761254,0.0,0.77,0.32,14131.0,14131.0,0.0,2.0,2.0,2.0,-9999.0,0.0,9.0,0.2,0.2,-999.9,-1981.0,0.0,0.0,0.0,0.0,0.0,0.0,0.0,0.0,0.0,0.0,0.0,-1981.0,-1981.0,37.85522508,0.0,,,,,,,,,,,,,,,,,,,,,,,,,,16818,,,,
751860,14135.0,17471.16146,USA,United States,Texas,0.58856925,0.0,0.77,0.32,14135.0,14135.0,0.0,2.0,2.0,2.0,2.0,0.0,9.0,0.2,0.2,0.2,19.2,0.0,0.0,0.0,0.0,0.0,0.0,0.0,0.0,0.0,0.0,0.0,19.2,19.2,11.771385,0.0,,,,,,,,,,,,,,,,,0.28125,0.0016097956661252,4.5,0.0257567306580044,0.00421875,0.0024146934991878,0.1575,0.0901485573030154,0.2542820008022032,122618,,,0.0636269218866677,Information
751890,14138.0,26464.14277,USA,United States,Texas,0.337845926,0.0,0.77,0.32,14138.0,,,,,,,,,,,,,,,,,,,,,,,,,0.4330601683278334,6.75691852,0.0,,8.875,0.034,8.875,0.034,0.438,0.002,0.0,0.0,0.08875,0.034,0.00657,0.003,0.0,0.0,0.13232,0.28125,0.0010627587769828,8.859375,0.0334769014749598,0.00421875,0.0015941381654742,0.310078125,0.1171691551623592,0.4330601683278334,474525,,,3.8914953029580445e-08,Information
751910,14139.0,2565.710949,USA,United States,Texas,4.002531425,0.0,0.77,0.32,14139.0,,,,,,,,,,,,,,,,,,,,,,,,,40.727380153860366,80.0506285,0.0,3.0,84.438,3.291,59.938,2.336,9.75,0.38,5.312,0.207,0.59938,2.336,0.14625,0.5700000000000001,0.1328,0.5175,4.30193,33.328125,1.298982062161141,223.3125,8.70372791017676,0.499921875,1.948473093241712,7.8159375,30.46304768561866,40.727380153860366,21018,916.0,4.36,0.7622945616115357,Watch
751920,14140.0,5881.025374,USA,United States,Texas,0.808305412,0.0,0.77,0.32,14140.0,,,,,,,,,,,,,,,,,,,,,,,,,7.632803452995684,16.16610824,0.0,,54.562,0.928,35.875,0.61,1.0,0.017,0.75,0.013,0.35875,0.61,0.015,0.0255,0.01875,0.0325,1.0605,5.34375,0.090864256822804,78.46875,1.3342698765032797,0.08015625,0.136296385234206,2.74640625,4.669944567761479,7.632803452995684,30142,,,0.0082789083535733,Information
751940,14141.0,26651.7366,USA,United States,Texas,0.170397498,0.0,0.77,0.32,14141.0,14141.0,0.0,25.0,2.0,-9999.0,-9999.0,0.0,1.0,0.2,-999.9,-999.9,-3997.2,0.0,0.0,0.0,0.0,0.0,0.0,0.0,0.0,0.0,0.0,0.0,-3997.2,4.598788430100489,3.4079499600000003,0.0,,130.125,0.488,97.0,0.364,0.625,0.002,0.438,0.002,0.97,0.364,0.009375,0.003,0.01095,0.005,1.3623249999999998,11.953125,0.0448493288723892,90.421875,0.3392719819405445,0.179296875,0.0672739933085838,3.164765625,1.1874519367919056,4.598788430100489,2875565,,,0.0011645487888504,Information
751950,14142.0,7231.199745,USA,United States,Texas,0.066633639,0.0,0.77,0.32,14142.0,,,,,,,,,,,,,,,,,,,,,,,,,43.912498641415205,1.3326727799999998,0.0,,264.938,3.664,192.812,2.666,23.562,0.326,11.312,0.156,1.92812,2.666,0.35343,0.489,0.2828,0.39,6.10935,124.734375,1.7249471649479406,473.0625,6.541964219712369,1.871015625,2.587420747421911,16.5571875,22.896874768993293,43.912498641415205,97444,,,0.2090980263618729,Advisory
751961,14143.0,3497.038463,USA,United States,Texas,2.522009886,0.0,0.77,0.32,14143.0,14143.0,0.0,11.0,2.0,2.0,2.0,0.0,1.0,0.2,0.2,0.2,3.266666666666667,0.0,0.0,0.0,0.0,0.0,0.0,0.0,0.0,0.0,0.0,0.0,3.266666666666667,9.86449896283888,50.44019772,0.0,,25.312,0.724,22.438,0.642,3.188,0.091,1.875,0.054,0.22438,0.642,0.04782,0.1365,0.046875,0.135,1.232575,38.8125,1.1098676898176238,56.390625,1.6125251580321274,0.5821875,1.6648015347264358,1.973671875,5.643838053112446,9.86449896283888,43955,,,0.0532379367640787,Information
751962,14144.0,17952.98824,USA,United States,Texas,0.422964386,0.0,0.77,0.32,14144.0,,,,,,,,,,,,,,,,,,,,,,,,,0.2671245856634124,8.45928772,0.0,,10.25,0.057,9.5,0.053,0.062,0.0,0.0,0.0,0.095,0.053,0.0009299999999999,0.0,0.0,0.0,0.1489299999999999,3.234375,0.0180158030349056,3.515625,0.0195823946031583,0.048515625,0.0270237045523583,0.123046875,0.068538381111054,0.2671245856634124,123007,,,2.6602633438872167e-09,Information
751963,14145.0,3929.991978,USA,United States,Texas,0.193051656,0.0,0.77,0.32,14145.0,14145.0,0.0,22.0,3.0,2.0,2.0,0.0,1.0,0.3,0.2,0.2,3.4,0.0,0.0,0.0,0.0,0.0,0.0,0.0,0.0,0.0,0.0,0.0,3.4,3.4,3.86103312,0.0,,,,,,,,,,,,,,,,,,,,,,,,,,3072,,,0.0004158564100308,Information
751970,14152.0,14472.55394,USA,United States,Texas,0.686298696,0.0,0.77,0.32,14152.0,,,,,,,,,,,,,,,,,,,,,,,,,30.14366216268474,13.72597392,0.0,,156.75,1.083,130.125,0.899,18.062,0.125,6.5,0.045,1.30125,0.899,0.27093,0.1875,0.1625,0.1124999999999999,2.93368,255.234375,1.763575220163121,399.9375,2.763420344982874,3.828515625,2.645362830244681,13.9978125,9.67197120744006,30.14366216268474,397150,,,0.1465021363304817,Information
751980,14153.0,5474.616697,USA,United States,Texas,0.131757567,0.0,0.77,0.32,14153.0,,,,,,,,,,,,,,,,,,,,,,,,,0.76138,2.63515134,0.0,,32.938,0.602,26.938,0.492,0.0,0.0,0.0,0.0,0.26938,0.492,0.0,0.0,0.0,0.0,0.76138,,,,,,,,,,875,,,6.139303936088706e-07,Information
751990,14154.0,7166.981306,USA,United States,Texas,2.107231505,1.49644611,0.77,0.32,14154.0,,,,,,,,,,,,,,,,,,,,,,,,,26.52088606566779,42.1446301,29.9289222,,166.75,2.327,127.812,1.783,3.938,0.055,2.438,0.034,1.27812,1.783,0.05907,0.0825,0.06095,0.085,3.34864,132.75,1.8522442618899333,259.453125,3.620117227952254,1.99125,2.7783663928349003,9.080859375,12.67041029783289,26.52088606566779,1071034,,,0.217691406248109,Information
752110,14164.0,6928.949994,USA,United States,Texas,3.403999705,0.0,0.77,0.32,14164.0,14164.0,0.0,16.0,9.0,3.0,3.0,0.0,1.0,0.9,0.3,0.3,5.0,0.0,0.0,0.0,0.0,0.0,0.0,0.0,0.0,0.0,0.0,0.0,5.0,5.0,68.0799941,0.0,,78.438,1.132,59.688,0.861,0.438,0.006,0.0,0.0,0.5968800000000001,0.861,0.00657,0.009,0.0,0.0,1.47345,1.6875,0.024354339422671,13.78125,0.1988937719518134,0.0253125,0.0365315091340065,0.48234375,0.6961282018313469,1.2403159609653531,1803158,,,0.0318842438277327,Information
752161,14195.0,27974.21763,USA,United States,Texas,0.014404526,0.0,0.77,0.32,14195.0,14195.0,0.0,7.0,-9999.0,-9999.0,-9999.0,0.0,4.0,-999.9,-999.9,-999.9,-5991.4,0.0,0.0,0.0,0.0,0.0,0.0,0.0,0.0,0.0,0.0,0.0,-5991.4,-5991.4,0.28809052,0.0,,,,,,,,,,,,,,,,,,,,,,,,,,43935,,,,
752165,14199.0,32613.41425,USA,United States,New Mexico,1.911152393,0.0,0.77,0.32,14199.0,14199.0,0.0,8.0,-9999.0,-9999.0,-9999.0,0.0,3.0,-999.9,-999.9,-999.9,-5993.4,0.0,0.0,0.0,0.0,0.0,0.0,0.0,0.0,0.0,0.0,0.0,-5993.4,1.1061374385498406,38.22304786,0.0,,,,,,,,,,,,,,,,,8.859375,0.0271648191505647,20.390625,0.0625222028068553,0.132890625,0.040747228725847,0.713671875,0.2188277098239935,1.1061374385498406,73981,,,2.87727340324175e-05,Information
752169,14203.0,22016.12446,USA,United States,New Mexico,0.319358695,0.0,0.77,0.32,14203.0,14203.0,0.0,5.0,-9999.0,-9999.0,-9999.0,0.0,6.0,-999.9,-999.9,-999.9,-5986.733333333333,0.0,0.0,0.0,0.0,0.0,0.0,0.0,0.0,0.0,0.0,0.0,-5986.733333333333,0.1073617858065378,6.3871739000000005,0.0,,,,,,,,,,,,,,,,,0.0,0.0,2.109375,0.0095810459447251,0.0,0.0,0.073828125,0.0335336608065378,0.1073617858065378,28221,,,6.4072250427838326e-12,Information
752191,14225.0,37630.87567,USA,United States,Texas,3.201446493,0.0,0.77,0.32,14225.0,14225.0,0.0,12.0,-9999.0,-9999.0,-9999.0,0.0,1.0,-999.9,-999.9,-999.9,-5997.4,0.0,0.0,0.0,0.0,0.0,0.0,0.0,0.0,0.0,0.0,0.0,-5997.4,0.988759889114086,64.02892986,0.0,,,,,,,,,,,,,,,,,1.546875,0.0041106537448333,21.65625,0.0575491524276674,0.023203125,0.0061659806172499,0.75796875,0.2014220334968359,0.988759889114086,2542259,,,0.0001628081842535,Information
752194,14228.0,18927.73414,USA,United States,New Mexico,2.396496128,0.0,0.77,0.32,14228.0,14228.0,0.0,30.0,-9999.0,-9999.0,-9999.0,0.0,1.0,-999.9,-999.9,-999.9,-5997.4,0.0,0.0,0.0,0.0,0.0,0.0,0.0,0.0,0.0,0.0,0.0,-5997.4,7.394348033939076,47.92992256,0.0,,150.375,0.794,111.25,0.588,0.75,0.004,0.0,0.0,1.1125,0.588,0.01125,0.006,0.0,0.0,1.71775,0.0,0.0,138.234375,0.7303271168397362,0.0,0.0,4.838203125,2.5561449089390766,7.394348033939076,29371,,,0.0254765517303572,Information
752195,14229.0,14691.87908,USA,United States,New Mexico,1.59278127,0.0,0.77,0.32,14229.0,14229.0,0.0,2.0,-9999.0,-9999.0,-9999.0,0.0,9.0,-999.9,-999.9,-999.9,-5981.4,0.0,0.0,0.0,0.0,0.0,0.0,0.0,0.0,0.0,0.0,0.0,-5981.4,0.1737107401469734,31.8556254,0.0,,,,,,,,,,,,,,,,,0.0,0.0,2.953125,0.0201003900419924,0.0,0.0,0.103359375,0.0703513651469733,0.1737107401469734,1182352,,,1.171867357645784e-09,Information
752197,14231.0,13354.58296,USA,United States,New Mexico,0.538193228,0.0,0.77,0.32,14231.0,14231.0,0.0,2.0,-9999.0,-9999.0,-9999.0,0.0,9.0,-999.9,-999.9,-999.9,-5981.4,0.0,0.0,0.0,0.0,0.0,0.0,0.0,0.0,0.0,0.0,0.0,-5981.4,1.471866688380935,10.76386456,0.0,,,,,,,,,,,,,,,,,0.0,0.0,24.046875,0.18006458953741,0.0,0.0,0.841640625,0.630226063380935,1.471866688380935,33742,,,2.0237213832661264e-05,Information
752199,14233.0,5612.414178,USA,United States,Colorado,2.468096044,0.0,0.77,0.32,14233.0,,,,,,,,,,,,,,,,,,,,,,,,,1.8072775840046769,49.36192088,0.0,,8.938,0.159,7.562,0.135,0.0,0.0,0.0,0.0,0.07562,0.135,0.0,0.0,0.0,0.0,0.21062,0.0,0.0,18.5625,0.3307400240013362,0.0,0.0,0.6496875,1.157590084004677,1.8072775840046769,23003,,,0.0004297565847969,Information
772211,14517.0,6279.582083,USA,United States,Arizona,0.649549339,0.0,0.77,0.32,14517.0,14517.0,0.0,1.0,-9999.0,-9999.0,-9999.0,0.0,10.0,-999.9,-999.9,-999.9,-5979.4,0.0,0.0,0.0,0.0,0.0,0.0,0.0,0.0,0.0,0.0,0.0,-5979.4,0.333577031575644,12.99098678,0.0,,,,,,,,,,,,,,,,,0.703125,0.0111970030915652,3.375,0.0537456148395132,0.010546875,0.0167955046373478,0.118125,0.1881096519382962,0.333577031575644,43790,,,1.3191074210363545e-08,Information
772218,14524.0,5750.706993,USA,United States,Arizona,0.314738454,0.0,0.77,0.32,14524.0,,,,,,,,,,,,,,,,,,,,,,,,,1.6677434516355514,6.29476908,0.0,,3.938,0.068,3.938,0.068,2.375,0.041,1.812,0.032,0.03938,0.068,0.035625,0.0615,0.0453,0.08,0.329805,3.515625,0.0611337876232997,15.890625,0.2763247200573148,0.052734375,0.0917006814349495,0.556171875,0.9671365202006016,1.6677434516355514,1279830,,,2.804515141461412e-05,Information
772222,14528.0,16178.21609,USA,United States,Arizona,0.200352278,0.0,0.77,0.32,14528.0,14528.0,0.0,1.0,-9999.0,-9999.0,-9999.0,0.0,10.0,-999.9,-999.9,-999.9,-5979.4,0.0,0.0,0.0,0.0,0.0,0.0,0.0,0.0,0.0,0.0,0.0,-5979.4,2.7624259082440807,4.00704556,0.0,,31.562,0.195,31.188,0.193,20.0,0.124,5.0,0.031,0.31188,0.193,0.3,0.186,0.125,0.0775,1.19338,13.078125,0.080837868176853,43.171875,0.2668518874225147,0.196171875,0.1212568022652794,1.511015625,0.9339816059788014,2.7624259082440807,33758,,,0.0001939621554969,Information
772223,14529.0,6487.731187,USA,United States,Arizona,0.669456251,0.0,0.77,0.32,14529.0,14529.0,0.0,1.0,-9999.0,-9999.0,-9999.0,0.0,10.0,-999.9,-999.9,-999.9,-5979.4,0.0,0.0,0.0,0.0,0.0,0.0,0.0,0.0,0.0,0.0,0.0,-5979.4,1.1650597178146893,13.389125019999998,0.0,,7.312,0.113,7.312,0.113,5.062,0.078,1.625,0.025,0.07312,0.113,0.07593,0.1169999999999999,0.040625,0.0625,0.482175,5.625,0.0867021126152993,10.6875,0.1647340139690687,0.084375,0.1300531689229489,0.3740625,0.5765690488917404,1.1650597178146893,78449,,,8.21259017236487e-06,Information
772270,14540.0,16958.49336,USA,United States,Arizona,1.06900976,0.0,0.77,0.32,14540.0,,,,,,,,,,,,,,,,,,,,,,,,,2.1963595953640795,21.3801952,0.0,,22.062,0.13,22.062,0.13,19.125,0.113,10.375,0.061,0.22062,0.13,0.286875,0.1695,0.259375,0.1525,1.21887,19.265625,0.1136045790736681,31.21875,0.1840891719295935,0.288984375,0.1704068686105021,1.09265625,0.6443121017535773,2.1963595953640795,42429,,,0.0001732343809016,Information
772310,14544.0,15265.56021,USA,United States,Arizona,1.310452412,0.0,0.77,0.32,14544.0,,,,,,,,,,,,,,,,,,,,,,,,,3.095496819291134,26.20904824,0.0,,6.25,0.041,6.125,0.04,0.5,0.003,0.688,0.005,0.06125,0.04,0.0075,0.0045,0.0171999999999999,0.0125,0.14295,17.71875,0.1160700934065284,45.84375,0.3003083369089547,0.26578125,0.1741051401097925,1.60453125,1.0510791791813414,3.095496819291134,42929,,,0.0007588237671333,Information
772320,14545.0,13979.03421,USA,United States,Arizona,0.242011342,0.0,0.77,0.32,14545.0,14545.0,0.0,1.0,-9999.0,-9999.0,-9999.0,0.0,10.0,-999.9,-999.9,-999.9,-5979.4,0.0,0.0,0.0,0.0,0.0,0.0,0.0,0.0,0.0,0.0,0.0,-5979.4,0.4583219489699265,4.84022684,0.0,,7.062,0.051,2.875,0.021,1.25,0.009,0.875,0.006,0.02875,0.021,0.01875,0.0134999999999999,0.021875,0.015,0.118875,0.421875,0.0030179123521567,7.453125,0.053316451554769,0.006328125,0.004526868528235,0.260859375,0.1866075804416915,0.4583219489699265,6881,,,4.757765313956092e-08,Information
772330,14546.0,20375.82344,USA,United States,Nevada,1.053066776,0.0,0.77,0.32,14546.0,14546.0,0.0,1.0,-9999.0,-9999.0,-9999.0,0.0,10.0,-999.9,-999.9,-999.9,-5979.4,0.0,0.0,0.0,0.0,0.0,0.0,0.0,0.0,0.0,0.0,0.0,-5979.4,7.7671848110779615,21.06133552,0.0,,12.875,0.063,11.875,0.058,1.562,0.008,0.938,0.005,0.11875,0.058,0.02343,0.012,0.02345,0.0125,0.24813,28.40625,0.1394115436809037,136.6875,0.6708317844447446,0.42609375,0.2091173155213555,4.7840625,2.347911245556606,7.7671848110779615,2873577,,,0.0102039352230724,Information
772342,14549.0,15923.59344,USA,United States,Utah,2.016612107,0.0,0.77,0.32,14549.0,14549.0,0.0,1.0,-9999.0,-9999.0,-9999.0,0.0,10.0,-999.9,-999.9,-999.9,-5979.4,0.0,0.0,0.0,0.0,0.0,0.0,0.0,0.0,0.0,0.0,0.0,-5979.4,1.0565458826359708,40.33224214,0.0,,,,,,,,,,,,,,,,,4.21875,0.0264937058051552,16.734375,0.1050916996937823,0.06328125,0.0397405587077328,0.585703125,0.3678209489282381,1.0565458826359708,240710,,,2.7442557392936547e-05,Information
772343,14550.0,865.0244381,USA,United States,Nevada,3.484777206,0.0,0.77,0.32,14550.0,14550.0,0.0,2.0,-9999.0,-9999.0,-9999.0,0.0,9.0,-999.9,-999.9,-999.9,-5981.4,0.0,0.0,0.0,0.0,0.0,0.0,0.0,0.0,0.0,0.0,0.0,-5981.4,0.1766301614462495,69.69554412,0.0,,,,,,,,,,,,,,,,,0.28125,0.0325135322892499,0.28125,0.0325135322892499,0.00421875,0.0487702984338748,0.00984375,0.1137973630123746,0.1766301614462495,9713,,,1.337661227047604e-07,Information
772360,14558.0,7732.829758,USA,United States,Arizona,0.169939145,0.0,0.77,0.32,14558.0,,,,,,,,,,,,,,,,,,,,,,,,,0.15288,3.3987829000000005,0.0,,24.5,0.317,6.688,0.086,0.0,0.0,0.0,0.0,0.06688,0.086,0.0,0.0,0.0,0.0,0.15288,,,,,,,,,,6452,,,5.6409295687974745e-11,Information
772403,14564.0,12487.25041,USA,United States,Arizona,0.024874656,0.0,0.77,0.32,14564.0,,,,,,,,,,,,,,,,,,,,,,,,,13.500217121808722,0.4974931199999999,0.0,,33.688,0.27,26.75,0.214,17.188,0.138,8.688,0.07,0.2675,0.214,0.2578199999999999,0.207,0.2172,0.175,1.3385200000000002,47.953125,0.3840166844469657,193.640625,1.550706670039507,0.719296875,0.5760250266704485,6.777421875,5.427473345138274,13.500217121808722,89285,,,0.0228866914616733,Information
772404,14565.0,5496.478184,USA,United States,Arizona,0.107593035,0.0,0.77,0.32,14565.0,,,,,,,,,,,,,,,,,,,,,,,,,0.2636529781725812,2.1518607000000003,0.0,,17.688,0.322,5.812,0.106,0.0,0.0,0.0,0.0,0.05812,0.106,0.0,0.0,0.0,0.0,0.16412,0.0,0.0,2.671875,0.0486106723350232,0.0,0.0,0.093515625,0.1701373531725812,0.2636529781725812,5759,,,1.6439407438972021e-09,Information
772405,14566.0,14061.73186,USA,United States,Arizona,1.331196228,0.0,0.77,0.32,14566.0,14566.0,0.0,1.0,-9999.0,-9999.0,-9999.0,0.0,10.0,-999.9,-999.9,-999.9,-5979.4,0.0,0.0,0.0,0.0,0.0,0.0,0.0,0.0,0.0,0.0,0.0,-5979.4,0.7627985664427934,26.62392456,0.0,,6.312,0.045,5.125,0.036,0.5,0.004,0.0,0.0,0.05125,0.036,0.0075,0.006,0.0,0.0,0.10075,1.828125,0.0130007101380325,11.953125,0.0850046432102128,0.027421875,0.0195010652070487,0.418359375,0.2975162512357447,0.7627985664427934,24373,,,2.481340280907906e-06,Information
772406,14567.0,7839.355068,USA,United States,Arizona,1.852382364,0.0,0.77,0.32,14567.0,,,,,,,,,,,,,,,,,,,,,,,,,0.42488,37.04764728,0.0,,25.5,0.325,18.688,0.238,0.0,0.0,0.0,0.0,0.18688,0.238,0.0,0.0,0.0,0.0,0.42488,,,,,,,,,,40670,,,2.891498286698148e-07,Information
772407,14568.0,5126.989125,USA,United States,Arizona,0.727953208,0.0,0.77,0.32,14568.0,14568.0,0.0,28.0,-9999.0,-9999.0,-9999.0,0.0,1.0,-999.9,-999.9,-999.9,-5997.4,0.0,0.0,0.0,0.0,0.0,0.0,0.0,0.0,0.0,0.0,0.0,-5997.4,0.8235939448997185,14.559064159999998,0.0,,,,,,,,,,,,,,,,,2.53125,0.0493710819052641,6.890625,0.1343990562976635,0.03796875,0.0740566228578961,0.241171875,0.4703966970418222,0.8235939448997185,36993,,,1.7260747554438477e-06,Information
772408,14569.0,9452.660688,USA,United States,New Mexico,0.324674616,0.0,0.77,0.32,14569.0,,,,,,,,,,,,,,,,,,,,,,,,,0.3747634657518874,6.4934923200000005,0.0,,17.25,0.182,6.375,0.067,0.0,0.0,0.0,0.0,0.06375,0.067,0.0,0.0,0.0,0.0,0.13075,0.0,0.0,5.203125,0.0550440259291107,0.0,0.0,0.182109375,0.1926540907518874,0.3747634657518874,11314,,,1.6999126584861307e-08,Information
772409,14570.0,6855.134144,USA,United States,New Mexico,3.139893727,0.0,0.77,0.32,14570.0,,,,,,,,,,,,,,,,,,,,,,,,,0.26125,62.79787454,0.0,,18.5,0.27,10.625,0.155,0.0,0.0,0.0,0.0,0.10625,0.155,0.0,0.0,0.0,0.0,0.26125,0.0,0.0,1.40625,0.0205138217652016,0.0,0.0,0.04921875,0.0717983761782056,0.1210171261782055,8250,,,3.549357069190144e-07,Information
772500,14571.0,14385.831,USA,United States,Arizona,0.231411478,0.0,0.77,0.32,14571.0,14571.0,0.0,22.0,-9999.0,-9999.0,-9999.0,0.0,1.0,-999.9,-999.9,-999.9,-5997.4,0.0,0.0,0.0,0.0,0.0,0.0,0.0,0.0,0.0,0.0,0.0,-5997.4,2.847418453240266,4.62822956,0.0,,,,,,,,,,,,,,,,,3.375,0.0234605842425838,46.546875,0.3235605576789686,0.050625,0.0351908763638757,1.629140625,1.13246195187639,2.847418453240266,13723,,,0.0002229018484992,Information
772601,14572.0,6363.238062,USA,United States,Utah,0.368027728,0.0,0.77,0.32,14572.0,14572.0,0.0,1.0,-9999.0,-9999.0,-9999.0,0.0,10.0,-999.9,-999.9,-999.9,-5979.4,0.0,0.0,0.0,0.0,0.0,0.0,0.0,0.0,0.0,0.0,0.0,-5979.4,0.9619117936079636,7.36055456,0.0,,,,,,,,,,,,,,,,,0.0,0.0,10.6875,0.1679569410308468,0.0,0.0,0.3740625,0.5878492936079638,0.9619117936079636,1517,,,2.4673187831471827e-06,Information
772602,14573.0,10682.54276,USA,United States,Arizona,0.960091054,0.0,0.77,0.32,14573.0,,,,,,,,,,,,,,,,,,,,,,,,,0.39312,19.20182108,0.0,,32.5,0.304,20.312,0.19,0.0,0.0,0.0,0.0,0.20312,0.19,0.0,0.0,0.0,0.0,0.39312,0.0,0.0,5.34375,0.0500232025254244,0.0,0.0,0.18703125,0.1750812088389854,0.3621124588389854,14567,,,5.0311610254125444e-08,Information
772603,14574.0,14550.01454,USA,United States,Utah,0.629304267,0.0,0.77,0.32,14574.0,14574.0,0.0,1.0,-9999.0,-9999.0,-9999.0,0.0,10.0,-999.9,-999.9,-999.9,-5979.4,0.0,0.0,0.0,0.0,0.0,0.0,0.0,0.0,0.0,0.0,0.0,-5979.4,0.5564084396862019,12.58608534,0.0,,8.625,0.059,8.625,0.059,0.0,0.0,0.0,0.0,0.08625,0.059,0.0,0.0,0.0,0.0,0.14525,0.0,0.0,9.421875,0.0647550899103434,0.0,0.0,0.329765625,0.2266428146862019,0.5564084396862019,40980,,,2.130553099289306e-07,Information
772605,14576.0,2640.056401,USA,United States,New Mexico,1.711902816,0.0,0.77,0.32,14576.0,14576.0,0.0,1.0,-9999.0,-9999.0,-9999.0,0.0,10.0,-999.9,-999.9,-999.9,-5979.4,0.0,0.0,0.0,0.0,0.0,0.0,0.0,0.0,0.0,0.0,0.0,-5979.4,0.4948637949534069,34.23805632,0.0,,,,,,,,,,,,,,,,,0.0,0.0,2.953125,0.1118584057009734,0.0,0.0,0.103359375,0.3915044199534069,0.4948637949534069,37122,,,5.054261089830065e-07,Information
772608,14579.0,4453.217056,USA,United States,New Mexico,0.033302415,0.0,0.77,0.32,14579.0,,,,,,,,,,,,,,,,,,,,,,,,,0.20382,0.6660483,0.0,,8.062,0.181,3.75,0.084,1.688,0.038,0.0,0.0,0.0375,0.084,0.02532,0.0569999999999999,0.0,0.0,0.20382,,,,,,,,,,391,,,3.027249502900561e-10,Information
772609,14580.0,9179.795581,USA,United States,Colorado,1.964668925,0.0,0.77,0.32,14580.0,,,,,,,,,,,,,,,,,,,,,,,,,3.136471770013296,39.2933785,0.0,,27.688,0.302,12.562,0.137,0.125,0.001,0.0,0.0,0.1256199999999999,0.137,0.001875,0.0015,0.0,0.0,0.265995,0.0,0.0,42.890625,0.4672285414323703,0.0,0.0,1.501171875,1.635299895013296,3.136471770013296,22584,,,0.0015235092667158,Information
772700,14581.0,24046.51487,USA,United States,Utah,0.339530922,0.0,0.77,0.32,14581.0,14581.0,0.0,1.0,-9999.0,-9999.0,-9999.0,0.0,10.0,-999.9,-999.9,-999.9,-5979.4,0.0,0.0,0.0,0.0,0.0,0.0,0.0,0.0,0.0,0.0,0.0,-5979.4,2.4022067472898505,6.79061844,0.0,,,,,,,,,,,,,,,,,3.515625,0.014620101995231,46.96875,0.1953245626562869,0.052734375,0.0219301529928465,1.64390625,0.6836359692970041,2.4022067472898505,4176,,,0.0001268673769025,Information
772802,14583.0,12043.92973,USA,United States,Colorado,1.755691128,0.0,0.77,0.32,14583.0,14583.0,0.0,4.0,-9999.0,-9999.0,-9999.0,0.0,7.0,-999.9,-999.9,-999.9,-5985.4,0.0,0.0,0.0,0.0,0.0,0.0,0.0,0.0,0.0,0.0,0.0,-5985.4,1.3152376745518266,35.11382256,0.0,,10.5,0.087,6.438,0.053,0.0,0.0,0.0,0.0,0.0643799999999999,0.053,0.0,0.0,0.0,0.0,0.1173799999999999,0.0,0.0,20.53125,0.1704696927290933,0.0,0.0,0.71859375,0.5966439245518265,1.3152376745518266,10684,,,4.837178113830106e-05,Information
772803,14584.0,6387.636426,USA,United States,Utah,1.119542326,0.0,0.77,0.32,14584.0,14584.0,0.0,6.0,-9999.0,-9999.0,-9999.0,0.0,5.0,-999.9,-999.9,-999.9,-5989.4,0.0,0.0,0.0,0.0,0.0,0.0,0.0,0.0,0.0,0.0,0.0,-5989.4,0.2399166077131897,22.39084652,0.0,,,,,,,,,,,,,,,,,0.0,0.0,2.671875,0.0418288522037685,0.0,0.0,0.093515625,0.1464009827131897,0.2399166077131897,68299,,,3.753964840295962e-09,Information
772804,14585.0,20821.31003,USA,United States,Colorado,2.040982561,0.0,0.77,0.32,14585.0,14585.0,0.0,1.0,-9999.0,-9999.0,-9999.0,0.0,10.0,-999.9,-999.9,-999.9,-5981.4,0.0,0.0,0.0,0.0,0.0,0.0,0.0,0.0,0.0,0.0,0.0,-5981.4,5.940999931962521,40.81965122,0.0,,15.438,0.074,12.688,0.061,0.562,0.003,0.125,0.001,0.12688,0.061,0.00843,0.0045,0.003125,0.0025,0.2064349999999999,2.109375,0.0101308466991723,113.765625,0.5463903319753608,0.031640625,0.0151962700487584,3.981796875,1.9123661619137629,5.940999931962521,96094,,,0.0107606469853562,Information
772808,14589.0,2539.721543,USA,United States,Colorado,1.774752216,0.0,0.77,0.32,14589.0,,,,,,,,,,,,,,,,,,,,,,,,,2.2357343372942093,35.49504432,0.0,,1.312,0.052,1.125,0.044,0.438,0.017,0.375,0.015,0.01125,0.044,0.00657,0.0255,0.009375,0.0375,0.1341949999999999,0.0,0.0,12.9375,0.509406239226917,0.0,0.0,0.4528125,1.7829218372942095,2.2357343372942093,47686,,,0.0003866592463772,Information
772809,14590.0,8853.212135,USA,United States,Colorado,0.409989712,0.0,0.77,0.32,14590.0,,,,,,,,,,,,,,,,,,,,,,,,,6.273805438325562,8.19979424,0.0,,20.562,0.232,14.938,0.169,1.125,0.013,1.062,0.012,0.14938,0.169,0.016875,0.0195,0.02655,0.03,0.411305,4.78125,0.0540058221494363,82.125,0.9276294157432592,0.07171875,0.0810087332241544,2.874375,3.246702955101408,6.273805438325562,40987,,,0.0036457255560706,Information
772910,14591.0,23539.74139,USA,United States,Utah,2.276200718,0.0,0.77,0.32,14591.0,14591.0,0.0,4.0,-9999.0,-9999.0,-9999.0,0.0,7.0,-999.9,-999.9,-999.9,-5985.4,0.0,0.0,0.0,0.0,0.0,0.0,0.0,0.0,0.0,0.0,0.0,-5985.4,3.1898012299722174,45.52401436,0.0,,17.625,0.075,6.438,0.027,2.0,0.008,0.5,0.002,0.0643799999999999,0.027,0.03,0.012,0.0125,0.005,0.15088,10.125,0.0430123671846731,59.625,0.2532950511986307,0.151875,0.0645185507770096,2.086875,0.8865326791952075,3.1898012299722174,32013,,,0.0022712720640864,Information
772920,14592.0,12956.31865,USA,United States,Colorado,2.385543057,0.0,0.77,0.32,14592.0,14592.0,0.0,2.0,-9999.0,-9999.0,-9999.0,0.0,9.0,-999.9,-999.9,-999.9,-5981.4,0.0,0.0,0.0,0.0,0.0,0.0,0.0,0.0,0.0,0.0,0.0,-5981.4,1.4376692121980863,47.71086114,0.0,,,,,,,,,,,,,,,,,1.265625,0.0097683997569892,22.640625,0.1747458178750293,0.018984375,0.0146525996354838,0.792421875,0.6116103625626026,1.4376692121980863,6160,,,0.0001629666134794,Information
772940,14594.0,9934.89923,USA,United States,Utah,1.339968997,0.0,0.77,0.32,14594.0,14594.0,0.0,4.0,-9999.0,-9999.0,-9999.0,0.0,7.0,-999.9,-999.9,-999.9,-5985.4,0.0,0.0,0.0,0.0,0.0,0.0,0.0,0.0,0.0,0.0,0.0,-5985.4,5.9876787732503525,26.79937994,0.0,,16.812,0.169,15.0,0.151,7.875,0.079,3.688,0.037,0.15,0.151,0.118125,0.1185,0.0922,0.0925,0.7223250000000001,21.09375,0.2123197177132671,76.21875,0.767181913337272,0.31640625,0.3184795765699006,2.66765625,2.685136696680452,5.9876787732503525,23542,,,0.0061485827743316,Information
772950,14595.0,4252.471811,USA,United States,Utah,0.22546405,0.0,0.77,0.32,14595.0,14595.0,0.0,1.0,-9999.0,-9999.0,-9999.0,0.0,10.0,-999.9,-999.9,-999.9,-5979.4,0.0,0.0,0.0,0.0,0.0,0.0,0.0,0.0,0.0,0.0,0.0,-5979.4,6.34154363158451,4.509281,0.0,,2.875,0.068,2.875,0.068,1.75,0.041,0.562,0.013,0.02875,0.068,0.02625,0.0615,0.01405,0.0325,0.23105,14.90625,0.3505314241530717,47.671875,1.1210391772442578,0.22359375,0.5257971362296076,1.668515625,3.9236371203549023,6.34154363158451,32923,,,0.0033448694989288,Information
772960,14596.0,21351.01833,USA,United States,Colorado,2.157691706,0.0,0.77,0.32,14596.0,14596.0,0.0,1.0,-9999.0,-9999.0,-9999.0,0.0,10.0,-999.9,-999.9,-999.9,-5979.4,0.0,0.0,0.0,0.0,0.0,0.0,0.0,0.0,0.0,0.0,0.0,-5979.4,4.482862491900951,43.15383412,0.0,,,,,,,,,,,,,,,,,10.265625,0.0480802594006307,82.828125,0.3879352436571443,0.153984375,0.072120389100946,2.898984375,1.357773352800005,4.482862491900951,36356,,,0.0055412451141784,Information
772970,14597.0,8309.840092,USA,United States,Utah,0.395282073,0.0,0.77,0.32,14597.0,,,,,,,,,,,,,,,,,,,,,,,,,1.9892503736434568,7.90564146,0.0,,23.0,0.277,23.0,0.277,3.375,0.041,0.812,0.01,0.23,0.277,0.050625,0.0615,0.0203,0.025,0.664425,4.078125,0.0490758541053897,24.046875,0.2893783121386777,0.061171875,0.0736137811580845,0.841640625,1.012824092485372,1.9892503736434568,739,,,6.276789134817454e-05,Information
772980,14598.0,9561.458118,USA,United States,Wyoming,0.308472439,0.0,0.77,0.32,14598.0,,,,,,,,,,,,,,,,,,,,,,,,,1.4658307258773782,6.16944878,0.0,,3.125,0.033,3.125,0.033,2.875,0.03,0.875,0.009,0.03125,0.033,0.043125,0.045,0.021875,0.0225,0.1967499999999999,6.75,0.0705959270699002,17.578125,0.1838435600778651,0.10125,0.1058938906048503,0.615234375,0.6434524602725278,1.4658307258773782,10684,,,1.5977411837597407e-05,Information
772990,14599.0,25955.73913,USA,United States,Wyoming,2.159777199,0.0,0.77,0.32,14599.0,14599.0,0.0,6.0,-9999.0,-9999.0,-9999.0,0.0,5.0,-999.9,-999.9,-999.9,-5989.4,0.0,0.0,0.0,0.0,0.0,0.0,0.0,0.0,0.0,0.0,0.0,-5989.4,7.163908612852357,43.19554398,0.0,,39.625,0.153,29.125,0.112,18.0,0.069,3.0,0.012,0.29125,0.112,0.27,0.1035,0.075,0.03,0.88175,54.703125,0.210755412243254,124.3125,0.4789403198535645,0.820546875,0.316133118364881,4.3509375,1.6762911194874757,7.163908612852357,62441,,,0.0192000113604036,Information
773202,14603.0,11201.90579,USA,United States,California,0.286386611,0.0,0.77,0.32,14603.0,,,,,,,,,,,,,,,,,,,,,,,,,1.4425962755240145,5.72773222,0.0,,5.0,0.045,4.875,0.044,0.25,0.002,0.188,0.002,0.04875,0.044,0.00375,0.003,0.0046999999999999,0.005,0.1092,4.21875,0.0376610023352775,19.96875,0.1782620777203137,0.06328125,0.0564915035029162,0.69890625,0.6239172720210979,1.4425962755240145,464828,,,1.4591961685153064e-05,Information
773209,14610.0,9117.298183,USA,United States,California,0.940799186,0.0,0.77,0.32,14610.0,,,,,,,,,,,,,,,,,,,,,,,,,24.70082201438414,18.81598372,0.0,,158.75,1.741,110.188,1.209,135.0,1.481,131.75,1.445,1.10188,1.209,2.025,2.2215000000000003,3.29375,3.6125,13.463630000000002,203.90625,2.2364767050682826,249.1875,2.7331287733662046,3.05859375,3.354715057602424,8.7215625,9.565950706781717,24.70082201438414,27767,,,0.1170464144032406,Information
773301,14611.0,12230.62409,USA,United States,Nevada,0.30209008,0.0,0.77,0.32,14611.0,,,,,,,,,,,,,,,,,,,,,,,,,0.3693460164226388,6.041801599999999,0.0,,7.812,0.064,4.938,0.04,0.812,0.007,0.688,0.006,0.04938,0.04,0.01218,0.0105,0.0171999999999999,0.015,0.14426,0.421875,0.0034493333859371,5.625,0.0459911118124952,0.006328125,0.0051740000789056,0.196875,0.1609688913437331,0.3693460164226388,164,,,1.522135850975557e-08,Information
773304,14614.0,8379.0929,USA,United States,Nevada,1.224431751,0.0,0.77,0.32,14614.0,,,,,,,,,,,,,,,,,,,,,,,,,2.136039997547488,24.48863502,0.0,,7.5,0.09,6.312,0.075,4.0,0.048,2.562,0.031,0.06312,0.075,0.06,0.072,0.06405,0.0775,0.41167,14.0625,0.1678284292487347,21.796875,0.2601340653355388,0.2109375,0.2517426438731021,0.762890625,0.9104692286743856,2.136039997547488,267,,,0.0001816996531366,Information
773309,14619.0,9756.595607,USA,United States,Nevada,2.447183513,0.0,0.77,0.32,14619.0,,,,,,,,,,,,,,,,,,,,,,,,,4.2272364742628366,48.943670260000005,0.0,,11.25,0.115,11.0,0.113,2.312,0.024,1.625,0.017,0.11,0.113,0.03468,0.036,0.040625,0.0425,0.376805,25.3125,0.259439880678552,48.796875,0.5001424366414309,0.3796875,0.389159821017828,1.707890625,1.750498528245008,4.2272364742628366,20363,,,0.0063623781116244,Information
773401,14620.0,53752.83672,USA,United States,Nevada,1.396236568,0.0,0.77,0.32,14620.0,14620.0,0.0,1.0,-9999.0,-9999.0,-9999.0,0.0,10.0,-999.9,-999.9,-999.9,-5979.4,0.0,0.0,0.0,0.0,0.0,0.0,0.0,0.0,0.0,0.0,0.0,-5979.4,27.978420277301577,27.92473136,0.0,,205.75,0.383,192.125,0.357,123.688,0.23,115.75,0.215,1.92125,0.357,1.85532,0.345,2.89375,0.5375,7.909819999999999,376.3125,0.700079331568347,512.71875,0.9538450085568732,5.6446875,1.0501189973525205,17.94515625,3.338457529949056,27.978420277301577,220990,,,0.1720035428290157,Information
773404,14623.0,8073.518455,USA,United States,Nevada,0.701097334,0.0,0.77,0.32,14623.0,,,,,,,,,,,,,,,,,,,,,,,,,0.6562699999999999,14.02194668,0.0,,19.625,0.243,11.25,0.139,7.188,0.089,2.938,0.036,0.1125,0.139,0.10782,0.1335,0.07345,0.09,0.6562699999999999,,,,,,,,,,843,,,5.432847365520436e-07,Information
773405,14624.0,3772.243655,USA,United States,Nevada,0.360806127,0.0,0.77,0.32,14624.0,,,,,,,,,,,,,,,,,,,,,,,,,0.11456,7.21612254,0.0,,4.062,0.108,2.688,0.071,0.312,0.008,0.0,0.0,0.02688,0.071,0.00468,0.012,0.0,0.0,0.11456,,,,,,,,,,26,,,1.0642214391343612e-11,Information
773501,14625.0,7179.000421,USA,United States,Nevada,1.105548182,0.0,0.77,0.32,14625.0,,,,,,,,,,,,,,,,,,,,,,,,,13.02962136916362,22.11096364,0.0,,17.0,0.237,17.0,0.237,15.188,0.212,5.25,0.073,0.17,0.237,0.22782,0.318,0.13125,0.1825,1.2665700000000002,66.375,0.9245716131831688,127.125,1.7707896998253907,0.995625,1.3868574197747532,4.449375,6.197763949388867,13.02962136916362,524343,,,0.0368831745072589,Information
773503,14627.0,7383.287512,USA,United States,California,0.342666231,0.0,0.77,0.32,14627.0,,,,,,,,,,,,,,,,,,,,,,,,,9.118189297053036,6.85332462,0.0,,33.562,0.455,33.562,0.455,26.688,0.361,19.438,0.263,0.33562,0.455,0.4003199999999999,0.5415,0.48595,0.6575,2.87589,56.390625,0.7637603833036558,86.484375,1.1713532063135867,0.845859375,1.1456405749554837,3.026953125,4.099736222097554,9.118189297053036,80069,,,0.0100653155505051,Information
773504,14628.0,2169.833881,USA,United States,California,1.055368707,0.0,0.77,0.32,14628.0,,,,,,,,,,,,,,,,,,,,,,,,,5.173977535152853,21.10737414,0.0,,6.562,0.302,6.562,0.302,1.938,0.089,0.625,0.029,0.06562,0.302,0.02907,0.1335,0.015625,0.0725,0.618315,13.921875,0.6416101767989825,20.390625,0.9397320771298228,0.208828125,0.9624152651984736,0.713671875,3.28906226995438,5.173977535152853,117,,,0.0032204729165846,Information
773601,14634.0,3843.785008,USA,United States,Nevada,0.819301728,0.0,0.77,0.32,14634.0,,,,,,,,,,,,,,,,,,,,,,,,,7.072927933865651,16.38603456,0.0,,4.0,0.104,4.0,0.104,0.562,0.015,0.188,0.005,0.04,0.104,0.00843,0.0225,0.0046999999999999,0.0125,0.19213,26.578125,0.6914571169893362,44.71875,1.1634040381090418,0.398671875,1.0371856754840043,1.56515625,4.071914133381647,7.072927933865651,956,,,0.0067568608168581,Information
773603,14636.0,4878.330933,USA,United States,Oregon,0.165758541,0.0,0.77,0.32,14636.0,,,,,,,,,,,,,,,,,,,,,,,,,8.155335295917059,3.31517082,0.0,,20.75,0.425,20.75,0.425,9.062,0.186,6.875,0.141,0.2075,0.425,0.13593,0.279,0.171875,0.3525,1.571805,37.828125,0.775431710610933,60.1875,1.2337723871430455,0.567421875,1.1631475659163997,2.1065625,4.31820335500066,8.155335295917059,122,,,0.0067032543621415,Information
773604,14637.0,7501.92856,USA,United States,Oregon,0.016365265,0.0,0.77,0.32,14637.0,,,,,,,,,,,,,,,,,,,,,,,,,3.626889006258105,0.3273053,0.0,,6.688,0.089,6.688,0.089,0.938,0.012,0.938,0.012,0.06688,0.089,0.01407,0.018,0.02345,0.03,0.2414,23.90625,0.3186680572717122,34.171875,0.4555078701001533,0.35859375,0.4780020859075683,1.196015625,1.594277545350537,3.626889006258105,38,,,0.0004606533431155,Information
773605,14638.0,13659.74413,USA,United States,Oregon,1.522596234,0.0,0.77,0.32,14638.0,,,,,,,,,,,,,,,,,,,,,,,,,11.76703519028954,30.45192468,0.0,,76.562,0.56,76.562,0.56,27.188,0.199,24.562,0.18,0.76562,0.56,0.4078199999999999,0.2985,0.61405,0.4499999999999999,3.09599,103.78125,0.759759839150006,149.625,1.0953719090184368,1.55671875,1.1396397587250089,5.236875,3.833801681564529,11.76703519028954,5715,,,0.0378074685982295,Information
773608,14641.0,1063.024237,USA,United States,Oregon,3.634756241,0.0,0.77,0.32,14641.0,,,,,,,,,,,,,,,,,,,,,,,,,15.791183402950216,72.69512481999999,0.0,,3.25,0.306,3.25,0.306,0.938,0.088,0.312,0.029,0.0325,0.306,0.01407,0.132,0.0078,0.0725,0.56487,21.09375,1.984315058334136,34.3125,3.2278191615568605,0.31640625,2.976472587501204,1.2009375,11.297367065449013,15.791183402950216,75,,,0.2919786614756077,Information
773609,14642.0,2324.539591,USA,United States,Oregon,3.09510043,0.0,0.77,0.32,14642.0,,,,,,,,,,,,,,,,,,,,,,,,,8.484740307595764,61.9020086,0.0,,6.438,0.277,6.438,0.277,3.562,0.153,2.125,0.091,0.0643799999999999,0.277,0.05343,0.2294999999999999,0.053125,0.2274999999999999,0.9049349999999998,26.296875,1.131272407750798,34.453125,1.482148341705591,0.394453125,1.696908611626197,1.205859375,5.187519195969569,8.484740307595764,393,,,0.0665624667210448,Information
773702,14644.0,13778.69625,USA,United States,Nevada,0.014228638,0.0,0.77,0.32,14644.0,,,,,,,,,,,,,,,,,,,,,,,,,0.3931492603149427,0.28457276,0.0,,31.812,0.231,8.688,0.063,2.062,0.015,0.625,0.005,0.08688,0.063,0.03093,0.0225,0.015625,0.0125,0.231435,3.375,0.024494334861473,5.0625,0.0367415022922095,0.050625,0.0367415022922095,0.1771875,0.1285952580227332,0.3931492603149427,9285,,,1.5482916655306868e-08,Information
773813,14649.0,4466.25118,USA,United States,Utah,0.463207841,0.0,0.77,0.32,14649.0,,,,,,,,,,,,,,,,,,,,,,,,,11.858587845892856,9.26415682,0.0,,3.125,0.07,3.062,0.069,2.875,0.064,2.562,0.057,0.0306199999999999,0.069,0.043125,0.096,0.06405,0.1425,0.445295,53.4375,1.1964732356210046,81.703125,1.829344604988957,0.8015625,1.794709853431507,2.859609375,6.402706117461349,11.858587845892856,1262,,,0.0209304607014776,Information
773816,14652.0,15010.65895,USA,United States,Utah,1.846117648,0.0,0.77,0.32,14652.0,,,,,,,,,,,,,,,,,,,,,,,,,10.90705736515805,36.922352960000005,0.0,,47.625,0.317,45.562,0.304,32.312,0.215,21.938,0.146,0.4556199999999999,0.304,0.4846799999999999,0.3225,0.54845,0.365,2.48025,77.765625,0.5180693618007307,153.703125,1.0239598778448438,1.166484375,0.777104042701096,5.379609375,3.5838595724569533,10.90705736515805,2425707,,,0.0396333815452684,Information
773818,14654.0,5684.608578,USA,United States,Utah,1.366641516,0.0,0.77,0.32,14654.0,,,,,,,,,,,,,,,,,,,,,,,,,3.7093135556442274,27.33283032,0.0,,6.375,0.112,6.375,0.112,2.625,0.046,1.438,0.025,0.06375,0.112,0.039375,0.069,0.0359499999999999,0.0625,0.382575,14.484375,0.254799865304765,32.203125,0.5664967879105942,0.217265625,0.3821997979571475,1.127109375,1.98273875768708,3.7093135556442274,279575,,,0.0014647380625531,Information
773819,14655.0,21305.04222,USA,United States,Utah,0.603216319,0.0,0.77,0.32,14655.0,,,,,,,,,,,,,,,,,,,,,,,,,36.076652438506144,12.06432638,0.0,,76.875,0.361,73.5,0.345,56.875,0.267,36.5,0.171,0.735,0.345,0.853125,0.4005,0.9125,0.4275,3.673625,345.65625,1.6224152309687043,553.359375,2.597316490586596,5.18484375,2.4336228464530567,19.367578125,9.090607717053086,36.076652438506144,250857,,,0.1864754070321442,Advisory
773832,14659.0,8386.072469,USA,United States,Utah,0.056139657,0.0,0.77,0.32,14659.0,,,,,,,,,,,,,,,,,,,,,,,,,1.347331082398575,1.12279314,0.0,,2.375,0.028,2.375,0.028,2.125,0.025,1.125,0.013,0.02375,0.028,0.031875,0.0375,0.028125,0.0325,0.18175,6.1875,0.0737830494863553,14.90625,0.1777500737625834,0.0928125,0.1106745742295329,0.52171875,0.6221252581690419,1.347331082398575,42180,,,8.705064099166122e-06,Information
773834,14661.0,3779.504204,USA,United States,Utah,0.113397898,0.0,0.77,0.32,14661.0,,,,,,,,,,,,,,,,,,,,,,,,,12.302179191336462,2.26795796,0.0,,26.875,0.711,26.875,0.711,13.062,0.346,8.125,0.215,0.26875,0.711,0.19593,0.5189999999999999,0.203125,0.5375,2.435305,34.3125,0.9078571724051246,81.703125,2.161741873636793,0.5146875,1.361785758607687,2.859609375,7.566096557728775,12.302179191336462,3862,,,0.0191116050990686,Information
773836,14663.0,3919.111518,USA,United States,Utah,0.610698972,0.0,0.77,0.32,14663.0,,,,,,,,,,,,,,,,,,,,,,,,,1.825466257054104,12.21397944,0.0,,2.375,0.061,2.375,0.061,0.688,0.018,0.188,0.005,0.02375,0.061,0.01032,0.0269999999999999,0.0046999999999999,0.0125,0.13927,5.0625,0.1291746860573125,12.515625,0.3193485294194671,0.0759375,0.1937620290859687,0.438046875,1.117719852968135,1.825466257054104,1262,,,5.373717050428521e-05,Information
773837,14664.0,10002.755,USA,United States,Utah,0.796160086,0.0,0.77,0.32,14664.0,14664.0,0.0,1.0,-9999.0,-9999.0,-9999.0,0.0,10.0,-999.9,-999.9,-999.9,-5979.4,0.0,0.0,0.0,0.0,0.0,0.0,0.0,0.0,0.0,0.0,0.0,-5979.4,6.046042273835658,15.92320172,0.0,,4.438,0.044,4.438,0.044,2.25,0.022,1.188,0.012,0.0443799999999999,0.044,0.03375,0.033,0.0296999999999999,0.03,0.21483,35.859375,0.3584949848037641,71.015625,0.7099606561800035,0.537890625,0.5377424772056462,2.485546875,2.484862296630012,6.046042273835658,59618,,,0.0042401129709075,Information
773838,14665.0,3149.806357,USA,United States,Utah,0.112092108,0.0,0.77,0.32,14665.0,,,,,,,,,,,,,,,,,,,,,,,,,1.1477433880501344,2.24184216,0.0,,12.938,0.411,5.812,0.185,4.625,0.147,1.625,0.052,0.05812,0.185,0.069375,0.2204999999999999,0.040625,0.13,0.70362,3.234375,0.1026848838882511,6.46875,0.2053697677765022,0.048515625,0.1540273258323766,0.22640625,0.7187941872177577,1.1477433880501344,829,,,4.400752208696214e-06,Information
773840,14667.0,5398.714706,USA,United States,Utah,0.006044938,0.0,0.77,0.32,14667.0,,,,,,,,,,,,,,,,,,,,,,,,,0.6317382725698379,0.12089876,0.0,,2.25,0.042,2.25,0.042,1.062,0.02,0.0,0.0,0.0225,0.042,0.01593,0.03,0.0,0.0,0.11043,1.96875,0.0364670131173189,5.484375,0.1015866793982456,0.02953125,0.0547005196759783,0.191953125,0.3555533778938596,0.6317382725698379,25542,,,2.060945936486242e-07,Information
774160,14689.0,6515.846551,USA,United States,California,0.813167465,0.0,0.77,0.32,14689.0,,,,,,,,,,,,,,,,,,,,,,,,,4.444869144883449,16.2633493,0.0,,1.375,0.021,1.188,0.018,1.062,0.016,0.5,0.008,0.01188,0.018,0.01593,0.024,0.0125,0.02,0.10231,13.21875,0.2028707996143097,44.4375,0.6819911987034242,0.19828125,0.3043061994214645,1.5553125,2.3869691954619845,4.444869144883449,4830821,,,0.0016627664301051,Information
774200,14693.0,11119.75327,USA,United States,California,1.197117124,0.007332306,0.77,0.32,14693.0,14693.0,0.0,1.0,-9999.0,-9999.0,-9999.0,0.0,10.0,-999.9,-999.9,-999.9,-5979.4,0.0,0.0,0.0,0.0,0.0,0.0,0.0,0.0,0.0,0.0,0.0,-5979.4,3.122272010671088,23.94234248,0.14664612,,13.125,0.118,13.125,0.118,6.0,0.054,3.812,0.034,0.13125,0.118,0.09,0.081,0.0953,0.085,0.6005499999999999,18.703125,0.1681973021122794,38.953125,0.3503056592864767,0.280546875,0.2522959531684191,1.363359375,1.2260698075026686,3.122272010671088,218633,,,0.0007041835636179,Information
774401,14694.0,24553.8437,USA,United States,California,0.276865117,0.0,0.77,0.32,14694.0,14694.0,1.0,1.0,100.0,-9999.0,-9999.0,3.0,10.0,10.0,-999.9,-999.9,-3954.4,0.0,0.0,0.0,0.0,0.0,0.0,0.0,0.0,0.0,0.0,0.0,-3954.4,13.79738526812238,5.53730234,0.0,,100.312,0.409,99.5,0.405,78.75,0.321,70.438,0.287,0.995,0.405,1.18125,0.4815,1.76095,0.7174999999999999,5.5412,126.984375,0.5171669925580192,225.703125,0.9192170797958148,1.904765625,0.7757504888370288,7.899609375,3.217259779285352,13.79738526812238,1085763,,,0.0271944735244344,Information
774410,14697.0,104.0804181,USA,United States,California,1.098973264,0.0,0.77,0.32,14697.0,,,,,,,,,,,,,,,,,,,,,,,,,50.987890625,21.97946528,0.0,,5.75,5.525,5.75,5.525,5.375,5.164,3.562,3.423,0.0575,5.525,0.080625,7.745999999999999,0.0890499999999999,8.557500000000001,22.055675,12.375,11.889844624891586,22.921875,22.02323493019692,0.185625,15.0,0.802265625,35.0,50.987890625,67965,,,0.33527842331987,Advisory
774421,14698.0,1626.037821,USA,United States,California,0.916741849,0.0,0.77,0.32,14698.0,,,,,,,,,,,,,,,,,,,,,,,,,18.29932253605194,18.33483698,0.0,,5.938,0.365,5.938,0.365,3.375,0.208,0.875,0.054,0.0593799999999999,0.365,0.050625,0.312,0.021875,0.135,0.94388,20.671875,1.2713034548349644,64.265625,3.9522835296569983,0.310078125,1.9069551822524464,2.249296875,13.832992353799494,18.29932253605194,361192,,,0.0673576518962274,Information
774422,14699.0,5855.023476,USA,United States,California,0.230546704,0.0,0.77,0.32,14699.0,,,,,,,,,,,,,,,,,,,,,,,,,11.702087587661929,4.61093408,0.0,,15.0,0.256,14.625,0.25,8.062,0.138,3.188,0.054,0.14625,0.25,0.12093,0.207,0.0797,0.135,0.93888,59.0625,1.0087491577670062,98.15625,1.6764450288604058,0.8859375,1.5131237366505093,3.43546875,5.86755760101142,11.702087587661929,317618,,,0.017943886213446,Information
774423,14700.0,7603.014811,USA,United States,California,1.510689766,0.0,0.77,0.32,14700.0,14700.0,0.0,6.0,-9999.0,-9999.0,-9999.0,0.0,5.0,-999.9,-999.9,-999.9,-4973.5,0.0,0.0,0.0,0.0,0.0,0.0,0.0,0.0,0.0,0.0,0.0,-4973.5,13.868272797870013,30.213795320000003,0.0,,19.25,0.253,18.0,0.237,8.25,0.109,2.375,0.031,0.18,0.237,0.12375,0.1635,0.059375,0.0775,0.8411249999999999,57.09375,0.7509356672579467,146.671875,1.9291278348523115,0.85640625,1.12640350088692,5.133515625,6.751947421983091,13.868272797870013,883835,,,0.0530652500626355,Information
774424,14701.0,5041.278519,USA,United States,California,3.343693369,0.0,0.77,0.32,14701.0,14701.0,1.0,5.0,100.0,-9999.0,-9999.0,3.0,6.0,10.0,-999.9,-999.9,-3961.6,0.0,0.0,0.0,0.0,0.0,0.0,0.0,0.0,0.0,0.0,0.0,-3961.6,8.850873353059217,66.87386738,0.0,,14.438,0.286,14.25,0.283,7.312,0.145,1.812,0.036,0.1425,0.283,0.10968,0.2174999999999999,0.0453,0.09,0.88798,27.140625,0.5383678941765483,73.125,1.4505248962269697,0.407109375,0.8075518412648224,2.559375,5.076837136794394,8.850873353059217,249312,,,0.0934498425020434,Information
774426,14703.0,3612.115212,USA,United States,California,0.113193129,0.0,0.77,0.32,14703.0,14703.0,1.0,6.0,100.0,-9999.0,-9999.0,3.0,5.0,10.0,-999.9,-999.9,-3961.6,0.0,0.0,0.0,0.0,0.0,0.0,0.0,0.0,0.0,0.0,0.0,-3961.6,5.249053962064851,2.26386258,0.0,,8.062,0.223,7.75,0.215,3.375,0.093,0.688,0.019,0.0775,0.215,0.050625,0.1395,0.0171999999999999,0.0475,0.5473250000000001,13.78125,0.3815285280488191,33.890625,0.9382487271404634,0.20671875,0.5722927920732286,1.186171875,3.283870544991622,5.249053962064851,49759,,,0.0017265834992591,Information
774427,14704.0,10634.36232,USA,United States,California,0.250159952,0.0,0.77,0.32,14704.0,,,,,,,,,,,,,,,,,,,,,,,,,9.116300034521156,5.00319904,0.0,,9.438,0.089,9.438,0.089,1.688,0.016,0.5,0.005,0.09438,0.089,0.02532,0.024,0.0125,0.0125,0.2577,57.9375,0.5448140494530727,109.40625,1.02879934581187,0.8690625,0.817221074179609,3.82921875,3.600797710341545,9.116300034521156,441917,,,0.0095447344850737,Information
774428,14705.0,5277.187403,USA,United States,California,0.072905585,0.0,0.77,0.32,14705.0,14705.0,1.0,4.0,100.0,-9999.0,-9999.0,3.0,7.0,10.0,-999.9,-999.9,-3959.6,0.0,0.0,0.0,0.0,0.0,0.0,0.0,0.0,0.0,0.0,0.0,-3959.6,5.744211713232653,1.4581117,0.0,,11.0,0.208,10.688,0.203,2.562,0.049,1.0,0.019,0.10688,0.203,0.03843,0.0735,0.025,0.0475,0.4943100000000001,22.359375,0.4236987109525102,47.109375,0.8926985419439679,0.335390625,0.6355480664287654,1.648828125,3.124444896803888,5.744211713232653,163695,,,0.0022395432283833,Information
774429,14706.0,11951.94923,USA,United States,California,0.173609365,0.0,0.77,0.32,14706.0,,,,,,,,,,,,,,,,,,,,,,,,,5.212163700106553,3.4721873,0.0,,12.062,0.101,10.125,0.085,4.5,0.038,0.875,0.007,0.10125,0.085,0.0675,0.0569999999999999,0.021875,0.0175,0.350125,31.359375,0.2623787500613286,67.640625,0.5659380214327312,0.470390625,0.3935681250919929,2.367421875,1.9807830750145592,5.212163700106553,909148,,,0.0017567044101448,Information
774430,14707.0,3846.97071,USA,United States,California,2.397414487,0.0,0.77,0.32,14707.0,,,,,,,,,,,,,,,,,,,,,,,,,21.42121441715169,47.94828973999999,0.0,,15.875,0.413,15.875,0.413,8.0,0.208,6.562,0.171,0.15875,0.413,0.12,0.312,0.16405,0.4275,1.5953,75.515625,1.9629893412123016,137.671875,3.57870868723807,1.132734375,2.9444840118184525,4.818515625,12.525480405333244,21.42121441715169,709294,,,0.1873091362844758,Information
774440,14708.0,5994.054285,USA,United States,California,1.517644064,0.0,0.77,0.32,14708.0,,,,,,,,,,,,,,,,,,,,,,,,,17.84605697975332,30.35288128,0.0,,49.125,0.82,48.562,0.81,32.312,0.539,30.625,0.511,0.48562,0.81,0.4846799999999999,0.8085,0.765625,1.2775,4.631925,97.734375,1.6305220197494867,149.203125,2.489185414322597,1.466015625,2.44578302962423,5.222109375,8.71214895012909,17.84605697975332,1329816,,,0.0866528032907656,Information
774450,14709.0,4510.893615,USA,United States,California,1.747984738,0.0,0.77,0.32,14709.0,14709.0,0.0,1.0,-9999.0,-9999.0,-9999.0,0.0,10.0,-999.9,-999.9,-999.9,-5979.4,0.0,0.0,0.0,0.0,0.0,0.0,0.0,0.0,0.0,0.0,0.0,-5979.4,41.17248521255756,34.95969476,0.0,,39.25,0.87,39.25,0.87,22.562,0.5,24.75,0.549,0.3925,0.87,0.33843,0.75,0.61875,1.3725,4.34218,167.484375,3.712886831569637,293.90625,6.515477311486601,2.512265625,5.569330247354455,10.28671875,22.804170590203103,41.17248521255756,382659,,,0.3237503677592619,Advisory
774460,14710.0,16212.03787,USA,United States,California,2.898716322,0.0,0.77,0.32,14710.0,,,,,,,,,,,,,,,,,,,,,,,,,42.79143687212168,57.97432644,0.0,,69.688,0.43,69.562,0.429,42.688,0.263,31.688,0.195,0.69562,0.429,0.6403200000000001,0.3945,0.7922,0.4875,3.43914,325.265625,2.0063216456572595,616.78125,3.804464651038798,4.878984375,3.0094824684858894,21.58734375,13.315626278635792,42.79143687212168,340781,,,0.5072034300572007,Advisory
774470,14711.0,124.83169,USA,United States,California,3.669383688,0.0,0.77,0.32,14711.0,14711.0,0.0,1.0,-9999.0,-9999.0,-9999.0,0.0,10.0,-999.9,-999.9,-999.9,-5979.4,0.0,0.0,0.0,0.0,0.0,0.0,0.0,0.0,0.0,0.0,0.0,-5979.4,51.23609375,73.38767376,0.0,3.0,6.25,5.007,6.25,5.007,2.938,2.353,4.25,3.405,0.0625,5.007,0.04407,3.5295000000000005,0.10625,8.5125,17.26182,20.390625,16.334494065649235,26.578125,21.291168126949696,0.305859375,15.0,0.930234375,35.0,51.23609375,689,3.0,0.44,0.743788572798454,Watch
774480,14712.0,3960.221041,USA,United States,California,0.750723019,0.0,0.77,0.32,14712.0,,,,,,,,,,,,,,,,,,,,,,,,,93.684296875,15.01446038,0.0,3.0,114.75,2.898,114.75,2.898,78.75,1.989,105.625,2.667,1.1475,2.898,1.18125,2.9835000000000003,2.640625,6.6675,17.518375000000002,578.953125,14.619212387691762,1034.578125,26.124252012690864,8.684296875,15.0,35.0,35.0,93.684296875,35788,932.0,2.6,0.5388152682495881,Warning
774491,14713.0,2795.995218,USA,United States,California,1.358150158,0.0,0.77,0.32,14713.0,,,,,,,,,,,,,,,,,,,,,,,,,93.583203125,27.16300316,0.0,3.0,171.5,6.134,171.5,6.134,110.5,3.952,147.312,5.269,1.715,6.134,1.6575,5.928,3.6828,13.1725,32.2898,698.90625,24.99668974567992,945.703125,33.82348863977816,10.48359375,15.0,33.099609375,35.0,93.583203125,72442,1311.0,1.81,0.5989487047096304,Warning
774492,14714.0,2072.704956,USA,United States,California,0.464874645,0.0,0.77,0.32,14714.0,,,,,,,,,,,,,,,,,,,,,,,,,6.507640273478673,9.2974929,0.0,,4.062,0.196,4.062,0.196,3.688,0.178,2.625,0.127,0.04062,0.196,0.05532,0.267,0.065625,0.3175,0.942065,16.734375,0.8073688900805059,24.75,1.194091803816547,0.251015625,1.2110533351207589,0.86625,4.179321313357914,6.507640273478673,4660,,,0.0042117240198047,Information
774495,14717.0,4427.228404,USA,United States,California,1.423445086,0.0,0.77,0.32,14717.0,,,,,,,,,,,,,,,,,,,,,,,,,8.15705737416249,28.46890172,0.0,,5.312,0.12,5.312,0.12,5.75,0.13,4.438,0.1,0.05312,0.12,0.08625,0.195,0.11095,0.25,0.81532,32.34375,0.7305642955378497,57.65625,1.3023102659587755,0.48515625,1.0958464433067747,2.01796875,4.5580859308557145,8.15705737416249,168932,,,0.0149561848437196,Information
774496,14718.0,1755.932347,USA,United States,California,0.097194611,0.0,0.77,0.32,14718.0,,,,,,,,,,,,,,,,,,,,,,,,,5.1546117311383775,1.94389222,0.0,,0.625,0.036,0.625,0.036,1.25,0.071,0.688,0.039,0.00625,0.036,0.01875,0.1064999999999999,0.0171999999999999,0.0975,0.2822,10.96875,0.6246681438882071,17.296875,0.985053611516019,0.16453125,0.9370022158323108,0.605390625,3.4476876403060666,5.1546117311383775,1365,,,0.0016113943855609,Information
774497,14719.0,3848.021877,USA,United States,California,1.22046816,0.0,0.77,0.32,14719.0,,,,,,,,,,,,,,,,,,,,,,,,,9.14219983070176,24.4093632,0.0,,8.25,0.214,8.25,0.214,7.125,0.185,4.75,0.123,0.0825,0.214,0.106875,0.2774999999999999,0.11875,0.3075,1.107125,30.234375,0.7857121390677433,59.625,1.5494974277428983,0.453515625,1.178568208601615,2.086875,5.4232409971001445,9.14219983070176,5280,,,0.0173247326898197,Information
774498,14720.0,1863.489157,USA,United States,California,2.787525314,0.0,0.77,0.32,14720.0,,,,,,,,,,,,,,,,,,,,,,,,,7.775313806331171,55.75050628,0.0,,12.75,0.684,12.75,0.684,10.688,0.574,11.312,0.607,0.1275,0.684,0.16032,0.861,0.2828,1.5175,3.63312,13.5,0.7244474673664852,29.109375,1.5620898515089838,0.2025,1.086671201049728,1.018828125,5.467314480281443,7.775313806331171,825,,,0.0410270469307561,Information
774499,14721.0,10455.86175,USA,United States,California,0.759332431,0.0,0.77,0.32,14721.0,,,,,,,,,,,,,,,,,,,,,,,,,16.101335725219286,15.18664862,0.0,,30.0,0.287,30.0,0.287,14.812,0.142,11.312,0.108,0.3,0.287,0.22218,0.2129999999999999,0.2828,0.27,1.57498,105.046875,1.0046697013863832,190.125,1.818358013754204,1.575703125,1.5070045520795747,6.654375,6.364253048139713,16.101335725219286,12190,,,0.0483014433117925,Information
774500,14722.0,13984.82524,USA,United States,California,2.523682706,1.301766143,0.77,0.32,14722.0,,,,,,,,,,,,,,,,,,,,,,,,,28.462907469367096,50.473654120000006,26.03532286,,31.062,0.222,30.438,0.218,18.375,0.131,15.062,0.108,0.30438,0.218,0.275625,0.1965,0.37655,0.27,1.641055,187.3125,1.3393982173195758,393.890625,2.816557362396495,2.8096875,2.009097325979364,13.786171875,9.857950768387733,28.462907469367096,1254528,,,0.2898226088634361,Information
774800,14725.0,9522.975085,USA,United States,California,2.252757755,0.0,0.77,0.32,14725.0,,,,,,,,,,,,,,,,,,,,,,,,,14.041368435764523,45.05515510000001,0.0,,42.688,0.448,42.688,0.448,32.75,0.344,29.188,0.306,0.42688,0.448,0.49125,0.516,0.7297,0.765,3.3768300000000004,80.578125,0.8461444483252379,161.15625,1.692288896650476,1.208671875,1.2692166724878569,5.64046875,5.923011138276666,14.041368435764523,11464,,,0.0862331221884978,Information
774801,14726.0,1185.836717,USA,United States,California,2.90796999,0.0,0.77,0.32,14726.0,14726.0,0.0,1.0,-9999.0,-9999.0,-9999.0,0.0,10.0,-999.9,-999.9,-999.9,-5979.4,0.0,0.0,0.0,0.0,0.0,0.0,0.0,0.0,0.0,0.0,0.0,-5979.4,0.1127522049115996,58.1593998,0.0,,,,,,,,,,,,,,,,,0.140625,0.0118587152837176,0.28125,0.0237174305674352,0.002109375,0.0177880729255764,0.00984375,0.0830110069860232,0.1127522049115996,700,,,1.645022892227355e-09,Information
774802,14727.0,7672.990184,USA,United States,California,1.660402643,0.0,0.77,0.32,14727.0,,,,,,,,,,,,,,,,,,,,,,,,,6.22207574810992,33.20805286,0.0,,8.875,0.116,8.875,0.116,12.062,0.157,10.188,0.133,0.08875,0.116,0.18093,0.2355,0.2547,0.3325,1.20838,31.78125,0.4141964115423435,63.5625,0.8283928230846871,0.47671875,0.6212946173135152,2.2246875,2.8993748807964046,6.22207574810992,11546,,,0.0088106987486385,Information
774803,14728.0,4987.968282,USA,United States,California,2.856321182,0.0,0.77,0.32,14728.0,14728.0,0.0,1.0,-9999.0,-9999.0,-9999.0,0.0,10.0,-999.9,-999.9,-999.9,-5979.4,0.0,0.0,0.0,0.0,0.0,0.0,0.0,0.0,0.0,0.0,0.0,-5979.4,0.1542319970768685,57.12642364,0.0,,,,,,,,,,,,,,,,,0.140625,0.0028192841664895,1.40625,0.0281928416648955,0.002109375,0.0042289262497342,0.04921875,0.0986749458271342,0.1542319970768685,1467,,,9.139198625466597e-09,Information
774806,14731.0,2042.634219,USA,United States,California,0.065397842,0.0,0.77,0.32,14731.0,,,,,,,,,,,,,,,,,,,,,,,,,3.85104990056868,1.30795684,0.0,,1.062,0.052,1.062,0.052,1.062,0.052,1.0,0.049,0.01062,0.052,0.01593,0.078,0.025,0.1225,0.30405,7.453125,0.3648781035632723,15.46875,0.7572941772067916,0.111796875,0.5473171553449085,0.54140625,2.6505296202237707,3.85104990056868,18909,,,0.0005900256450526,Information
774807,14732.0,4716.314946,USA,United States,Oregon,2.917683402,0.0,0.77,0.32,14732.0,14732.0,0.0,1.0,-9999.0,-9999.0,-9999.0,0.0,10.0,-999.9,-999.9,-999.9,-5979.4,0.0,0.0,0.0,0.0,0.0,0.0,0.0,0.0,0.0,0.0,0.0,-5979.4,21.018142096890024,58.35366804,0.0,,14.75,0.313,14.75,0.313,15.0,0.318,15.75,0.334,0.1475,0.313,0.225,0.477,0.39375,0.8350000000000001,2.3912500000000003,79.59375,1.6876258458955646,158.34375,3.3573616651561937,1.19390625,2.531438768843347,5.54203125,11.750765828046678,21.018142096890024,50116,,,0.2470421056873876,Information
774809,14734.0,4165.794656,USA,United States,Oregon,1.003159168,0.0,0.77,0.32,14734.0,,,,,,,,,,,,,,,,,,,,,,,,,6.615836785766486,20.06318336,0.0,,13.875,0.333,13.875,0.333,6.812,0.164,1.312,0.032,0.13875,0.333,0.1021799999999999,0.246,0.0328,0.08,0.93273,30.9375,0.7426554249140779,42.328125,1.016087649541534,0.4640625,1.1139831373711169,1.481484375,3.5563067733953693,6.615836785766486,877,,,0.0063554115242505,Information
781001,14736.0,1659.848521,USA,United States,Oregon,0.54681186,0.0,0.77,0.32,14736.0,,,,,,,,,,,,,,,,,,,,,,,,,2.2078243325837,10.9362372,0.0,,1.188,0.072,1.188,0.072,0.312,0.019,0.125,0.008,0.01188,0.072,0.00468,0.0284999999999999,0.003125,0.02,0.140185,2.25,0.1355545383505109,8.015625,0.4829130428736952,0.03375,0.2033318075257663,0.280546875,1.6901956500579332,2.2078243325837,16508,,,0.0001089330884795,Information
781002,14737.0,13371.26677,USA,United States,Oregon,1.14369476,0.0,0.77,0.32,14737.0,14737.0,0.0,1.0,-9999.0,-9999.0,-9999.0,0.0,10.0,-999.9,-999.9,-999.9,-5979.4,0.0,0.0,0.0,0.0,0.0,0.0,0.0,0.0,0.0,0.0,0.0,-5979.4,2.52430994428462,22.8738952,0.0,,1.25,0.009,1.25,0.009,2.125,0.016,1.875,0.014,0.0125,0.009,0.031875,0.024,0.046875,0.035,0.15925,14.90625,0.1114797143078575,34.875,0.2608204636636668,0.22359375,0.1672195714617862,1.220625,0.9128716228228336,2.52430994428462,294880,,,0.0003137115589274,Information
781003,14738.0,1238.885721,USA,United States,Oregon,2.109652704,0.0,0.77,0.32,14738.0,,,,,,,,,,,,,,,,,,,,,,,,,15.940091272465292,42.19305408,0.0,,0.875,0.071,0.875,0.071,0.688,0.055,0.125,0.01,0.00875,0.071,0.01032,0.0825,0.003125,0.025,0.2006949999999999,23.625,1.9069555492390304,40.078125,3.235013878173356,0.354375,2.8604333238585458,1.402734375,11.322548573606744,15.940091272465292,6787,,,0.0988257280894098,Information
781005,14740.0,1928.64944,USA,United States,Oregon,0.99017876,0.047793773,0.77,0.32,14740.0,,,,,,,,,,,,,,,,,,,,,,,,,31.47234421722279,19.8035752,0.95587546,,0.0,0.0,0.0,0.0,1.5,0.078,0.0,0.0,0.0,0.0,0.0225,0.1169999999999999,0.0,0.0,0.1394999999999999,67.21875,3.485275685251484,116.578125,6.0445471612415895,1.00828125,5.227913527877226,4.080234375,21.155915064345564,31.47234421722279,42996,,,0.1747988938424479,Information
781006,14741.0,12110.03779,USA,United States,Oregon,2.220732444,0.0,0.77,0.32,14741.0,,,,,,,,,,,,,,,,,,,,,,,,,4.134921329592354,44.41464888,0.0,,1.062,0.009,1.062,0.009,1.438,0.012,0.938,0.008,0.01062,0.009,0.02157,0.018,0.02345,0.02,0.10264,24.328125,0.2008922302977194,54.28125,0.448233531184507,0.364921875,0.3013383454465791,1.89984375,1.5688173591457744,4.134921329592354,103608,,,0.0046822650773667,Information
781007,14742.0,8599.9123,USA,United States,Oregon,1.344122819,2.301904734,0.77,0.32,14742.0,,,,,,,,,,,,,,,,,,,,,,,,,14.662787512524588,26.88245638,46.03809468,,0.0,0.0,0.0,0.0,3.375,0.039,0.5,0.006,0.0,0.0,0.050625,0.0584999999999999,0.0125,0.015,0.136625,84.796875,0.9860202294756948,157.359375,1.8297788338031555,1.271953125,1.4790303442135422,5.507578125,6.404225918311044,14.662787512524588,78981,,,0.0962932670039739,Information
782100,14745.0,12264.40343,USA,United States,Washington,1.378593113,1.652258298,0.77,0.32,14745.0,14745.0,0.0,1.0,-9999.0,-9999.0,-9999.0,0.0,10.0,-999.9,-999.9,-999.9,-5979.4,0.0,0.0,0.0,0.0,0.0,0.0,0.0,0.0,0.0,0.0,0.0,-5979.4,22.846829604712312,27.57186226,33.04516596,,0.188,0.002,0.188,0.002,7.125,0.058,3.938,0.032,0.00188,0.002,0.106875,0.087,0.09845,0.08,0.376205,162.421875,1.3243357159972868,289.96875,2.3643119016332514,2.436328125,1.9865035739959305,10.14890625,8.27509165571638,22.846829604712312,480538,,,0.1411412741908104,Information
782200,14746.0,29013.99039,USA,United States,Oregon,1.15362293,0.0,0.77,0.32,14746.0,14746.0,0.0,1.0,-9999.0,-9999.0,-9999.0,0.0,10.0,-999.9,-999.9,-999.9,-5979.4,0.0,0.0,0.0,0.0,0.0,0.0,0.0,0.0,0.0,0.0,0.0,-5979.4,17.76906893006902,23.0724586,0.0,,9.438,0.033,8.438,0.029,17.75,0.061,14.562,0.05,0.08438,0.029,0.26625,0.0915,0.36405,0.125,0.96018,133.171875,0.4589919317894395,320.484375,1.1045856521099608,1.997578125,0.6884878976841592,11.216953125,3.866049782384863,17.76906893006902,2620363,,,0.0714052661989931,Information
782300,14747.0,11320.42821,USA,United States,Washington,0.884355339,0.0,0.77,0.32,14747.0,14747.0,0.0,1.0,-9999.0,-9999.0,-9999.0,0.0,10.0,-999.9,-999.9,-999.9,-5979.4,0.0,0.0,0.0,0.0,0.0,0.0,0.0,0.0,0.0,0.0,0.0,-5979.4,15.655125841512142,17.68710678,0.0,,6.375,0.056,6.25,0.055,9.938,0.088,4.375,0.039,0.0625,0.055,0.14907,0.132,0.109375,0.0975,0.605445,81.984375,0.7242162001948196,202.359375,1.7875593689199751,1.229765625,1.0863243002922294,7.082578125,6.256457791219913,15.655125841512142,615279,,,0.0484844547266006,Information
782400,14748.0,27790.50098,USA,United States,Oregon,1.472010613,0.0,0.77,0.32,14748.0,14748.0,0.0,1.0,-9999.0,-9999.0,-9999.0,0.0,10.0,-999.9,-999.9,-999.9,-5979.4,0.0,0.0,0.0,0.0,0.0,0.0,0.0,0.0,0.0,0.0,0.0,-5979.4,6.9300600505179,29.44021226,0.0,,9.812,0.035,9.688,0.035,14.312,0.052,7.375,0.027,0.09688,0.035,0.21468,0.078,0.184375,0.0675,0.676435,44.4375,0.1599017593718699,126.5625,0.4554164032743131,0.6665625,0.2398526390578048,4.4296875,1.5939574114600958,6.9300600505179,244023,,,0.010154439211292,Information
782501,14749.0,432.0628148,USA,United States,Oregon,1.276795303,0.0,0.77,0.32,14749.0,,,,,,,,,,,,,,,,,,,,,,,,,19.54029725998358,25.53590606,0.0,,1.562,0.362,1.562,0.362,1.5,0.347,0.5,0.116,0.01562,0.362,0.0225,0.5205,0.0125,0.29,1.22312,9.0,2.0830304511536912,19.265625,4.45898705950087,0.135,3.124545676730537,0.674296875,15.606454708253043,19.54029725998358,764,,,0.0904745949356048,Information
782502,14750.0,20567.33033,USA,United States,Oregon,2.014953843,0.0,0.77,0.32,14750.0,14750.0,0.0,1.0,-9999.0,-9999.0,-9999.0,0.0,10.0,-999.9,-999.9,-999.9,-5979.4,0.0,0.0,0.0,0.0,0.0,0.0,0.0,0.0,0.0,0.0,0.0,-5979.4,0.4274009023614232,40.29907686,0.0,,,,,,,,,,,,,,,,,2.109375,0.0102559494397132,7.3125,0.0355539580576724,0.031640625,0.0153839241595698,0.2559375,0.1244388532018534,0.4274009023614232,7024,,,3.918561555977752e-07,Information
782503,14751.0,1606.792563,USA,United States,Washington,0.014688017,0.0,0.77,0.32,14751.0,,,,,,,,,,,,,,,,,,,,,,,,,9.568984431861878,0.29376034,0.0,,2.5,0.156,2.5,0.156,1.0,0.062,0.75,0.047,0.025,0.156,0.015,0.093,0.01875,0.1175,0.42525,14.484375,0.9014464798107998,31.640625,1.9691792034701936,0.217265625,1.3521697197161997,1.107421875,6.892127212145677,9.568984431861878,1344,,,0.009546730965733,Information
782505,14753.0,3880.076081,USA,United States,Washington,0.03310992,0.0,0.77,0.32,14753.0,,,,,,,,,,,,,,,,,,,,,,,,,6.270561382722079,0.6621984000000001,0.0,,4.75,0.122,4.562,0.118,1.438,0.037,1.562,0.04,0.04562,0.118,0.02157,0.0554999999999999,0.03905,0.1,0.3797399999999999,21.375,0.5508912596660698,40.921875,1.0546668194922784,0.320625,0.8263368894991047,1.432265625,3.691333868222974,6.270561382722079,9458,,,0.0028666201218539,Information
782506,14754.0,6532.349368,USA,United States,Oregon,1.659120188,0.0,0.77,0.32,14754.0,,,,,,,,,,,,,,,,,,,,,,,,,0.7473895145253595,33.18240376,0.0,,4.688,0.072,3.188,0.049,0.375,0.006,0.125,0.002,0.03188,0.049,0.005625,0.009,0.003125,0.005,0.10363,1.96875,0.0301384676350239,7.59375,0.1162483751636639,0.02953125,0.0452077014525358,0.26578125,0.4068693130728236,0.7473895145253595,57882,,,3.509108920354339e-06,Information
782507,14755.0,623.4341082,USA,United States,Oregon,0.226281629,0.0,0.77,0.32,14755.0,,,,,,,,,,,,,,,,,,,,,,,,,11.681847302198683,4.52563258,0.0,,4.688,0.752,3.312,0.531,1.938,0.311,1.938,0.311,0.03312,0.531,0.02907,0.4665,0.04845,0.7775,1.8856400000000004,6.328125,1.0150431163568014,16.875,2.7067816436181373,0.094921875,1.5225646745352022,0.590625,9.47373575266348,11.681847302198683,5893,,,0.0178283111500885,Information
782509,14757.0,489.6944048,USA,United States,Washington,0.285403226,0.0,0.77,0.32,14757.0,,,,,,,,,,,,,,,,,,,,,,,,,9.112249629077048,5.708064520000001,0.0,,3.125,0.638,2.375,0.485,1.062,0.217,1.062,0.217,0.02375,0.485,0.01593,0.3255,0.02655,0.5425,1.41923,3.09375,0.6317715639328763,10.828125,2.2112004737650666,0.04640625,0.9476573458993144,0.378984375,7.739201658177733,9.112249629077048,29854,,,0.0097254160270369,Information
782611,14758.0,2430.681806,USA,United States,Washington,1.16085589,0.0,0.77,0.32,14758.0,,,,,,,,,,,,,,,,,,,,,,,,,1.1075162209792824,23.2171178,0.0,,3.125,0.129,1.938,0.08,0.062,0.003,0.062,0.003,0.0193799999999999,0.08,0.0009299999999999,0.0045,0.00155,0.0075,0.1138599999999999,1.96875,0.0809957928162984,5.34375,0.2198457233585242,0.02953125,0.1214936892244476,0.18703125,0.7694600317548347,1.1075162209792824,177468,,,1.123279197011623e-05,Information
782612,14759.0,15966.11539,USA,United States,Washington,1.547171054,0.0,0.77,0.32,14759.0,14759.0,0.0,1.0,-9999.0,-9999.0,-9999.0,0.0,10.0,-999.9,-999.9,-999.9,-5979.4,0.0,0.0,0.0,0.0,0.0,0.0,0.0,0.0,0.0,0.0,0.0,-5979.4,4.014866308979922,30.94342108,0.0,,9.0,0.056,7.438,0.047,4.375,0.027,4.25,0.027,0.07438,0.047,0.065625,0.0405,0.10625,0.0675,0.401255,28.40625,0.1779158505633406,58.359375,0.3655201880385462,0.42609375,0.2668737758450109,2.042578125,1.2793206581349117,4.014866308979922,380472,,,0.0022211142511499,Information
782613,14760.0,2946.016785,USA,United States,Washington,1.905529974,0.0,0.77,0.32,14760.0,14760.0,0.0,1.0,-9999.0,-9999.0,-9999.0,0.0,10.0,-999.9,-999.9,-999.9,-5979.4,0.0,0.0,0.0,0.0,0.0,0.0,0.0,0.0,0.0,0.0,0.0,-5979.4,12.251145007738074,38.11059948,0.0,,13.062,0.443,13.062,0.443,1.5,0.051,1.562,0.053,0.1306199999999999,0.443,0.0225,0.0765,0.03905,0.1325,0.8441700000000001,24.75,0.8401174130450951,69.046875,2.343736646620123,0.37125,1.2601761195676426,2.416640625,8.20307826317043,12.251145007738074,54450,,,0.0526451952793251,Information
782614,14761.0,11973.15993,USA,United States,Washington,0.981906978,0.0,0.77,0.32,14761.0,14761.0,0.0,7.0,-9999.0,-9999.0,-9999.0,0.0,4.0,-999.9,-999.9,-999.9,-5991.4,0.0,0.0,0.0,0.0,0.0,0.0,0.0,0.0,0.0,0.0,0.0,-5991.4,15.152885227641512,19.63813956,0.0,,35.438,0.296,32.75,0.274,17.875,0.149,17.875,0.149,0.3275,0.274,0.268125,0.2234999999999999,0.446875,0.3725,1.9125,110.109375,0.9196350472823474,188.71875,1.5761816519194256,1.651640625,1.379452570923521,6.60515625,5.51663578171799,15.152885227641512,99073,,,0.0476232595220602,Information
782615,14762.0,4272.119705,USA,United States,Washington,0.676266354,0.0,0.77,0.32,14762.0,14762.0,0.0,1.0,-9999.0,-9999.0,-9999.0,0.0,10.0,-999.9,-999.9,-999.9,-5979.4,0.0,0.0,0.0,0.0,0.0,0.0,0.0,0.0,0.0,0.0,0.0,-5979.4,9.515680451715976,13.52532708,0.0,,8.438,0.198,8.438,0.198,2.125,0.05,2.375,0.056,0.08438,0.198,0.031875,0.075,0.059375,0.14,0.58863,36.984375,0.8657148571593689,65.53125,1.5339282259934066,0.554765625,1.2985722857390534,2.29359375,5.368748790976923,9.515680451715976,69946,,,0.013660154239244,Information
782616,14763.0,3481.238133,USA,United States,Washington,2.136264997,0.0,0.77,0.32,14763.0,,,,,,,,,,,,,,,,,,,,,,,,,2.6956517333549472,42.72529994,0.0,,1.562,0.045,0.875,0.025,0.5,0.014,1.0,0.029,0.00875,0.025,0.0075,0.021,0.025,0.0725,0.15975,6.046875,0.1736989763318439,17.296875,0.4968598625306233,0.090703125,0.2605484644977658,0.605390625,1.7390095188571817,2.6956517333549472,23815,,,0.0011207374131352,Information
782617,14764.0,4467.932181,USA,United States,Washington,0.6776614,0.0,0.77,0.32,14764.0,14764.0,0.0,1.0,-9999.0,-9999.0,-9999.0,0.0,10.0,-999.9,-999.9,-999.9,-5979.4,0.0,0.0,0.0,0.0,0.0,0.0,0.0,0.0,0.0,0.0,0.0,-5979.4,14.155111646041163,13.553228,0.0,,12.938,0.29,10.375,0.232,4.562,0.102,6.25,0.14,0.10375,0.232,0.06843,0.153,0.15625,0.35,1.06343,45.984375,1.0292093329195624,105.1875,2.354277006189091,0.689765625,1.5438139993793436,3.6815625,8.23996952166182,14.155111646041163,13603,,,0.0351903226889022,Information
782619,14766.0,362.1514864,USA,United States,Washington,2.197337117,0.0,0.77,0.32,14766.0,,,,,,,,,,,,,,,,,,,,,,,,,13.92189324646379,43.94674234,0.0,,0.125,0.035,0.125,0.035,0.062,0.017,0.062,0.017,0.00125,0.035,0.0009299999999999,0.0255,0.00155,0.0425,0.10673,4.21875,1.1649130705026407,12.09375,3.339417468774237,0.06328125,1.7473696057539612,0.42328125,11.68796114070983,13.92189324646379,3723,,,0.0818341481870739,Information
782630,14768.0,7406.515121,USA,United States,Washington,1.234652319,0.0,0.77,0.32,14768.0,14768.0,0.0,1.0,-9999.0,-9999.0,-9999.0,0.0,10.0,-999.9,-999.9,-999.9,-5979.4,0.0,0.0,0.0,0.0,0.0,0.0,0.0,0.0,0.0,0.0,0.0,-5979.4,15.128253955345862,24.69304638,0.0,,18.438,0.249,18.188,0.246,7.125,0.096,7.125,0.096,0.18188,0.246,0.106875,0.144,0.178125,0.24,1.09688,50.484375,0.6816211697092657,162.28125,2.191060807366275,0.757265625,1.0224317545638986,5.67984375,7.668712825781962,15.128253955345862,14384,,,0.0542459826893807,Information
782640,14769.0,17392.34639,USA,United States,Idaho,0.333115256,0.0,0.77,0.32,14769.0,14769.0,0.0,1.0,-9999.0,-9999.0,-9999.0,0.0,10.0,-999.9,-999.9,-999.9,-5979.4,0.0,0.0,0.0,0.0,0.0,0.0,0.0,0.0,0.0,0.0,0.0,-5979.4,14.226737634712247,6.662305120000001,0.0,,23.562,0.135,16.938,0.097,3.188,0.018,3.312,0.019,0.1693799999999999,0.097,0.04782,0.0269999999999999,0.0828,0.0475,0.4714999999999999,43.734375,0.2514575895182547,239.34375,1.3761441072671046,0.656015625,0.377186384277382,8.37703125,4.8165043754348655,14.226737634712247,683721,,,0.0299790960712545,Information
782650,14770.0,18271.89973,USA,United States,Washington,2.13654154,0.0,0.77,0.32,14770.0,14770.0,0.0,1.0,-9999.0,-9999.0,-9999.0,0.0,10.0,-999.9,-999.9,-999.9,-5979.4,0.0,0.0,0.0,0.0,0.0,0.0,0.0,0.0,0.0,0.0,0.0,-5979.4,12.372021881098055,42.7308308,0.0,,25.938,0.142,22.312,0.122,8.188,0.045,6.875,0.038,0.22312,0.122,0.12282,0.0675,0.171875,0.095,0.8023149999999999,45.140625,0.2470494348104953,209.109375,1.1444314939663756,0.677109375,0.3705741522157429,7.318828125,4.005510228882314,12.372021881098055,32737,,,0.062721152565572,Information
782661,14771.0,4301.71197,USA,United States,Washington,1.143121871,0.0,0.77,0.32,14771.0,14771.0,0.0,1.0,-9999.0,-9999.0,-9999.0,0.0,10.0,-999.9,-999.9,-999.9,-5979.4,0.0,0.0,0.0,0.0,0.0,0.0,0.0,0.0,0.0,0.0,0.0,-5979.4,8.572157641646992,22.86243742,0.0,,5.375,0.125,2.25,0.052,0.125,0.003,0.375,0.009,0.0225,0.052,0.001875,0.0045,0.009375,0.0225,0.1127499999999999,10.125,0.2353714072531134,69.328125,1.6116403302192348,0.151875,0.35305711087967,2.426484375,5.640741155767322,8.572157641646992,11903,,,0.0140076919666371,Information
782663,14773.0,8809.003049,USA,United States,Montana,1.803189973,0.0,0.77,0.32,14773.0,14773.0,0.0,1.0,-9999.0,-9999.0,-9999.0,0.0,10.0,-999.9,-999.9,-999.9,-5979.4,0.0,0.0,0.0,0.0,0.0,0.0,0.0,0.0,0.0,0.0,0.0,-5979.4,13.148508673144242,36.06379946,0.0,,34.25,0.389,12.938,0.147,2.188,0.025,1.688,0.019,0.12938,0.147,0.03282,0.0375,0.0421999999999999,0.0475,0.4364,23.34375,0.2649987730627871,165.9375,1.8837262181571608,0.35015625,0.3974981595941806,5.8078125,6.593041763550063,13.148508673144242,32047,,,0.056873041040697,Information
782664,14774.0,23447.88096,USA,United States,Montana,1.756141108,0.0,0.77,0.32,14774.0,14774.0,0.0,1.0,-9999.0,-9999.0,-9999.0,0.0,10.0,-999.9,-999.9,-999.9,-5979.4,0.0,0.0,0.0,0.0,0.0,0.0,0.0,0.0,0.0,0.0,0.0,-5979.4,20.70777660018528,35.12282216,0.0,,179.938,0.767,63.625,0.271,19.688,0.084,1.188,0.005,0.63625,0.271,0.2953199999999999,0.126,0.0296999999999999,0.0125,1.37077,32.625,0.1391383726865237,400.78125,1.7092429403301406,0.489375,0.2087075590297855,14.02734375,5.982350291155492,20.70777660018528,118369,,,0.1267297948612469,Information
782665,14775.0,4745.570119,USA,United States,Montana,2.625926581,0.0,0.77,0.32,14775.0,14775.0,0.0,1.0,-9999.0,-9999.0,-9999.0,0.0,10.0,-999.9,-999.9,-999.9,-5979.4,0.0,0.0,0.0,0.0,0.0,0.0,0.0,0.0,0.0,0.0,0.0,-5979.4,0.7340827030994205,52.51853162,0.0,,,,,,,,,,,,,,,,,0.0,0.0,6.75,0.142237915171263,0.0,0.0,0.23625,0.4978327030994205,0.7340827030994205,12483,,,1.526523381721732e-05,Information
782666,14776.0,7412.011231,USA,United States,Montana,1.575107768,0.0,0.77,0.32,14776.0,,,,,,,,,,,,,,,,,,,,,,,,,1.392428758256389,31.502155360000003,0.0,,9.375,0.126,6.312,0.085,1.25,0.017,0.688,0.009,0.06312,0.085,0.01875,0.0255,0.0171999999999999,0.0225,0.23207,0.140625,0.0018972583232654,16.875,0.2276709987918546,0.002109375,0.0028458874848981,0.590625,0.7968484957714911,1.392428758256389,82151,,,4.894710777365457e-05,Information
782667,14777.0,379.2867554,USA,United States,Montana,2.565771715,0.0,0.77,0.32,14777.0,14777.0,0.0,1.0,-9999.0,-9999.0,-9999.0,0.0,10.0,-999.9,-999.9,-999.9,-5979.4,0.0,0.0,0.0,0.0,0.0,0.0,0.0,0.0,0.0,0.0,0.0,-5979.4,1.3468846794940317,51.3154343,0.0,,0.812,0.214,0.188,0.049,1.312,0.346,0.0,0.0,0.00188,0.049,0.01968,0.5189999999999999,0.0,0.0,0.5895599999999999,0.0,0.0,1.40625,0.3707616941411518,0.0,0.0,0.04921875,1.2976659294940314,1.3468846794940317,53426,,,0.0001668884959651,Information
782668,14778.0,5992.409177,USA,United States,Montana,2.178832532,0.0,0.77,0.32,14778.0,,,,,,,,,,,,,,,,,,,,,,,,,3.030522404091793,43.57665064,0.0,,25.125,0.419,4.375,0.073,15.062,0.251,0.25,0.004,0.04375,0.073,0.22593,0.3765,0.00625,0.01,0.7354299999999999,2.53125,0.0422409405865662,31.359375,0.5233183194891267,0.03796875,0.0633614108798493,1.097578125,1.831614118211944,3.030522404091793,3774,,,0.0017270021081837,Information
782669,14779.0,9563.714877,USA,United States,Montana,0.97935365,0.0,0.77,0.32,14779.0,,,,,,,,,,,,,,,,,,,,,,,,,2.357415844222092,19.587073,0.0,,20.688,0.216,4.938,0.052,2.25,0.024,1.062,0.011,0.04938,0.052,0.03375,0.036,0.02655,0.0274999999999999,0.22518,5.625,0.0588160570700227,30.515625,0.3190771096048736,0.084375,0.088224085605034,1.068046875,1.1167698836170576,2.357415844222092,47834,,,0.0002080871866122,Information
782685,14785.0,19551.96549,USA,United States,Montana,3.085023498,0.0,0.77,0.32,14785.0,14785.0,0.0,16.0,-9999.0,-9999.0,-9999.0,0.0,1.0,-999.9,-999.9,-999.9,-5985.4,0.0,0.0,0.0,0.0,0.0,0.0,0.0,0.0,0.0,0.0,0.0,-5985.4,7.786722186475439,61.70046996,0.0,,44.375,0.227,20.062,0.103,8.375,0.043,3.5,0.018,0.20062,0.103,0.125625,0.0645,0.0875,0.045,0.626245,10.40625,0.0532235493514896,142.734375,0.7300257106994866,0.15609375,0.0798353240272344,4.995703125,2.555089987448204,7.786722186475439,36043,,,0.055578118462011,Information
782701,14799.0,1875.882534,USA,United States,Washington,2.015408992,0.0,0.77,0.32,14799.0,14799.0,0.0,1.0,-9999.0,-9999.0,-9999.0,0.0,10.0,-999.9,-999.9,-999.9,-5979.4,0.0,0.0,0.0,0.0,0.0,0.0,0.0,0.0,0.0,0.0,0.0,-5979.4,10.313802886295202,40.30817984,0.0,,6.562,0.35,6.562,0.35,0.562,0.03,0.562,0.03,0.06562,0.35,0.00843,0.045,0.01405,0.075,0.5580999999999999,7.875,0.4198024053798284,43.171875,2.3014167580644167,0.118125,0.6297036080697426,1.511015625,8.054958653225459,10.313802886295202,3244,,,0.0395688059805263,Information
782702,14800.0,8529.548298,USA,United States,Washington,0.712508799,0.0,0.77,0.32,14800.0,,,,,,,,,,,,,,,,,,,,,,,,,3.274885502037402,14.25017598,0.0,,9.312,0.109,3.688,0.043,0.312,0.004,0.312,0.004,0.03688,0.043,0.00468,0.006,0.0078,0.01,0.10836,12.234375,0.1434352039899757,37.828125,0.4434950560149824,0.183515625,0.2151528059849635,1.323984375,1.5522326960524384,3.274885502037402,83490,,,0.0005470284349161,Information
782703,14801.0,31.99085672,USA,United States,Washington,3.595891163,0.0,0.77,0.32,14801.0,,,,,,,,,,,,,,,,,,,,,,,,,32.19190315589698,71.91782326,0.0,,0.062,0.195,0.062,0.195,0.0,0.0,0.0,0.0,0.00062,0.195,0.0,0.0,0.0,0.0,0.19562,1.265625,3.956208522644833,2.390625,7.47283832055135,0.018984375,5.93431278396725,0.083671875,26.154934121929728,32.19190315589698,0,,,0.5543185559071204,Advisory
782705,14803.0,2448.358991,USA,United States,Washington,1.563408332,0.0,0.77,0.32,14803.0,,,,,,,,,,,,,,,,,,,,,,,,,13.009230329024156,31.26816664,0.0,,11.062,0.452,8.125,0.332,0.812,0.033,0.938,0.038,0.08125,0.332,0.01218,0.0495,0.02345,0.095,0.59338,8.15625,0.3331312944948617,69.609375,2.8431032892233894,0.12234375,0.4996969417422925,2.436328125,9.950861512281865,13.009230329024156,11870,,,0.0480009515953469,Information
782706,14804.0,24348.32274,USA,United States,Idaho,2.834482126,0.0,0.77,0.32,14804.0,14804.0,0.0,1.0,-9999.0,-9999.0,-9999.0,0.0,10.0,-999.9,-999.9,-999.9,-5979.4,0.0,0.0,0.0,0.0,0.0,0.0,0.0,0.0,0.0,0.0,0.0,-5979.4,7.420423287933925,56.68964252000001,0.0,,14.438,0.059,9.375,0.039,1.625,0.007,3.812,0.016,0.09375,0.039,0.024375,0.0105,0.0953,0.04,0.302925,24.1875,0.099339491518416,139.921875,0.5746674073303718,0.3628125,0.149009237277624,4.897265625,2.0113359256563013,7.420423287933925,47479,,,0.0388528838548663,Information
782707,14805.0,1422.542255,USA,United States,Washington,0.851966478,0.0,0.77,0.32,14805.0,,,,,,,,,,,,,,,,,,,,,,,,,2.230114868172232,17.03932956,0.0,,1.312,0.092,1.312,0.092,0.0,0.0,0.0,0.0,0.01312,0.092,0.0,0.0,0.0,0.0,0.1051199999999999,0.140625,0.0098854708515049,7.875,0.5535863676842783,0.002109375,0.0148282062772573,0.275625,1.937552286894974,2.230114868172232,24650,,,0.0001494141895787,Information
782801,14808.0,5992.578788,USA,United States,Idaho,2.730256251,0.0,0.77,0.32,14808.0,14808.0,0.0,1.0,-9999.0,-9999.0,-9999.0,0.0,10.0,-999.9,-999.9,-999.9,-5979.4,0.0,0.0,0.0,0.0,0.0,0.0,0.0,0.0,0.0,0.0,0.0,-5979.4,0.8425266114325011,54.60512502,0.0,,2.5,0.042,0.625,0.01,1.5,0.025,1.438,0.024,0.00625,0.01,0.0225,0.0375,0.0359499999999999,0.06,0.1722,0.703125,0.0117332625040646,8.71875,0.1454924550504012,0.010546875,0.0175998937560969,0.30515625,0.5092235926764042,0.8425266114325011,2035,,,3.349237747306357e-05,Information
782805,14812.0,3444.317665,USA,United States,Idaho,3.152709014,0.0,0.77,0.32,14812.0,14812.0,0.0,2.0,-9999.0,-9999.0,-9999.0,0.0,9.0,-999.9,-999.9,-999.9,-5981.4,0.0,0.0,0.0,0.0,0.0,0.0,0.0,0.0,0.0,0.0,0.0,-5981.4,-5981.4,63.05418028,0.0,,,,,,,,,,,,,,,,,,,,,,,,,,739,,,,
782809,14816.0,6281.761964,USA,United States,Idaho,1.212403968,0.0,0.77,0.32,14816.0,,,,,,,,,,,,,,,,,,,,,,,,,1.0096299614911572,24.24807936,0.0,,3.375,0.054,2.875,0.046,2.562,0.041,0.25,0.004,0.02875,0.046,0.03843,0.0615,0.00625,0.01,0.19093,4.640625,0.0738745757372137,9.140625,0.1455105279672391,0.069609375,0.1108118636058205,0.319921875,0.5092868478853368,1.0096299614911572,2437,,,7.87675495748269e-06,Information
782900,14817.0,16828.95738,USA,United States,Idaho,2.128930196,0.0,0.77,0.32,14817.0,,,,,,,,,,,,,,,,,,,,,,,,,4.5915,42.578603920000006,0.0,,77.812,0.462,77.5,0.461,67.625,0.402,43.625,0.259,0.775,0.461,1.014375,0.603,1.090625,0.6475,4.5915,17.296875,0.102780431442668,62.859375,0.3735191289014035,0.259453125,0.154170647164002,2.200078125,1.3073169511549123,3.9210188483189135,6506,,,0.0057650232436176,Information
782910,14818.0,27511.08173,USA,United States,Idaho,2.449666259,0.0,0.77,0.32,14818.0,14818.0,0.0,1.0,-9999.0,-9999.0,-9999.0,0.0,10.0,-999.9,-999.9,-999.9,-5979.4,0.0,0.0,0.0,0.0,0.0,0.0,0.0,0.0,0.0,0.0,0.0,-5979.4,8.869927808367688,48.99332518,0.0,,53.062,0.193,52.812,0.192,23.312,0.085,14.562,0.053,0.5281199999999999,0.192,0.34968,0.1275,0.36405,0.1325,1.69385,49.78125,0.1809498095897452,164.53125,0.5980544554237343,0.74671875,0.2714247143846178,5.75859375,2.0931905939830697,8.869927808367688,65403,,,0.0401204651688037,Information
782920,14819.0,12193.27276,USA,United States,Oregon,1.337473261,0.0,0.77,0.32,14819.0,,,,,,,,,,,,,,,,,,,,,,,,,1.849274787988081,26.74946522,0.0,,7.125,0.058,7.125,0.058,3.75,0.031,3.938,0.032,0.07125,0.058,0.05625,0.0465,0.09845,0.08,0.41045,11.953125,0.0980304897633036,23.90625,0.1960609795266073,0.179296875,0.1470457346449554,0.83671875,0.6862134283431256,1.849274787988081,11620,,,0.0001170329164031,Information
782930,14820.0,370.4448335,USA,United States,Oregon,2.097158169,0.0,0.77,0.32,14820.0,14820.0,0.0,1.0,-9999.0,-9999.0,-9999.0,0.0,10.0,-999.9,-999.9,-999.9,-5979.4,0.0,0.0,0.0,0.0,0.0,0.0,0.0,0.0,0.0,0.0,0.0,-5979.4,3.26749153561152,41.94316338,0.0,,0.5,0.135,0.5,0.135,0.0,0.0,0.0,0.0,0.005,0.135,0.0,0.0,0.0,0.0,0.14,1.546875,0.4175722968882738,2.671875,0.7212612400797456,0.023203125,0.6263584453324107,0.093515625,2.524414340279109,3.26749153561152,20309,,,0.0020048355289085,Information
782940,14821.0,10351.69997,USA,United States,Idaho,0.123270894,0.0,0.77,0.32,14821.0,,,,,,,,,,,,,,,,,,,,,,,,,6.660216562071303,2.46541788,0.0,,13.688,0.132,13.688,0.132,6.25,0.06,1.25,0.012,0.13688,0.132,0.09375,0.09,0.03125,0.03,0.51388,23.0625,0.2227894940554976,86.90625,0.8395360202823021,0.3459375,0.3341842410832464,3.04171875,2.938376070988057,6.660216562071303,755460,,,0.0036367569505865,Information
782960,14823.0,28466.62899,USA,United States,Idaho,0.208248377,0.0,0.77,0.32,14823.0,14823.0,0.0,1.0,-9999.0,-9999.0,-9999.0,0.0,10.0,-999.9,-999.9,-999.9,-5979.4,0.0,0.0,0.0,0.0,0.0,0.0,0.0,0.0,0.0,0.0,0.0,-5979.4,10.52263151135159,4.16496754,0.0,,56.75,0.199,56.75,0.199,38.938,0.137,27.062,0.095,0.5675,0.199,0.5840700000000001,0.2055,0.67655,0.2375,2.47012,87.328125,0.3067736788576681,185.0625,0.6501033194471679,1.309921875,0.4601605182865022,6.4771875,2.275361618065088,10.52263151135159,1304,,,0.0135838437019713,Information
782970,14824.0,6072.025135,USA,United States,Idaho,2.122366634,0.0,0.77,0.32,14824.0,14824.0,0.0,1.0,-9999.0,-9999.0,-9999.0,0.0,10.0,-999.9,-999.9,-999.9,-5979.4,0.0,0.0,0.0,0.0,0.0,0.0,0.0,0.0,0.0,0.0,0.0,-5979.4,2.4157070934285283,42.44733268,0.0,,5.812,0.096,5.812,0.096,0.062,0.001,0.0,0.0,0.05812,0.096,0.0009299999999999,0.0015,0.0,0.0,0.15655,5.0625,0.0833741608065131,23.90625,0.3937113149196454,0.0759375,0.1250612412097696,0.83671875,1.3779896022187588,2.4157070934285283,20895,,,0.000760338431785,Information
782991,14826.0,6659.700234,USA,United States,Idaho,0.54133199,0.0,0.77,0.32,14826.0,14826.0,0.0,23.0,-9999.0,-9999.0,-9999.0,0.0,1.0,-999.9,-999.9,-999.9,-5997.4,0.0,0.0,0.0,0.0,0.0,0.0,0.0,0.0,0.0,0.0,0.0,-5997.4,3.2346460905592505,10.8266398,0.0,,5.625,0.084,5.625,0.084,0.312,0.005,0.062,0.001,0.05625,0.084,0.00468,0.0075,0.00155,0.0025,0.15648,5.484375,0.0823516796158899,34.59375,0.5194490560386903,0.082265625,0.1235275194238348,1.21078125,1.818071696135416,3.2346460905592505,23486,,,0.000455497438378,Information
782992,14827.0,8381.553142,USA,United States,Idaho,3.007767492,0.0,0.77,0.32,14827.0,,,,,,,,,,,,,,,,,,,,,,,,,2.700078477561036,60.15534984,0.0,,6.875,0.082,6.875,0.082,7.75,0.092,5.375,0.064,0.06875,0.082,0.11625,0.138,0.134375,0.16,0.6993750000000001,14.484375,0.1728125414777689,28.96875,0.3456250829555379,0.217265625,0.2592188122166533,1.01390625,1.2096877903443826,2.700078477561036,32955,,,0.0035543651117017,Information
782993,14828.0,489.6768035,USA,United States,Idaho,0.670969114,0.0,0.77,0.32,14828.0,,,,,,,,,,,,,,,,,,,,,,,,,3.8860181224835775,13.41938228,0.0,,1.5,0.306,1.5,0.306,0.0,0.0,0.0,0.0,0.015,0.306,0.0,0.0,0.0,0.0,0.321,0.28125,0.0574358429842415,5.0625,1.0338451737163472,0.00421875,0.0861537644763622,0.1771875,3.618458108007215,3.8860181224835775,4097,,,0.0009556142544419,Information
782996,14830.0,5070.917713,USA,United States,Idaho,2.197152092,0.0,0.77,0.32,14830.0,,,,,,,,,,,,,,,,,,,,,,,,,10.881111306375704,43.94304184,0.0,,24.938,0.492,24.688,0.487,9.812,0.194,6.0,0.118,0.24688,0.487,0.14718,0.291,0.15,0.295,1.61706,49.5,0.9761546686553668,83.390625,1.6444878366836155,0.7425,1.4642320029830502,2.918671875,5.755707428392654,10.881111306375704,50023,,,0.0505712447757732,Information
782997,14831.0,3340.926405,USA,United States,Idaho,1.49709846,0.0,0.77,0.32,14831.0,14831.0,0.0,6.0,-9999.0,-9999.0,-9999.0,0.0,5.0,-999.9,-999.9,-999.9,-5989.4,0.0,0.0,0.0,0.0,0.0,0.0,0.0,0.0,0.0,0.0,0.0,-5989.4,4.919100789474897,29.9419692,0.0,,,,,,,,,,,,,,,,,13.21875,0.3956612148523292,29.53125,0.8839239906275439,0.19828125,0.5934918222784937,1.03359375,3.093733967196404,4.919100789474897,139567,,,0.0039513580473069,Information
782998,14832.0,8474.565157,USA,United States,Idaho,1.527776513,0.0,0.77,0.32,14832.0,14832.0,1.0,1.0,100.0,-9999.0,-9999.0,3.0,10.0,10.0,-999.9,-999.9,-3953.6,0.0,0.0,0.0,0.0,0.0,0.0,0.0,0.0,0.0,0.0,0.0,-3953.6,8.66959365456124,30.55553026,0.0,,11.188,0.132,8.688,0.103,6.438,0.076,4.062,0.048,0.08688,0.103,0.09657,0.1139999999999999,0.10155,0.12,0.622,27.5625,0.3252379265537493,101.8125,1.201389075637319,0.4134375,0.4878568898306239,3.5634375,4.204861764730616,8.66959365456124,50778,,,0.0187304344916776,Information
782999,14833.0,15222.31355,USA,United States,Wyoming,1.095122433,0.0,0.77,0.32,14833.0,14833.0,0.0,8.0,-9999.0,-9999.0,-9999.0,0.0,3.0,-999.9,-999.9,-999.9,-5993.4,0.0,0.0,0.0,0.0,0.0,0.0,0.0,0.0,0.0,0.0,0.0,-5993.4,13.442106484743306,21.90244866,0.0,,100.562,0.661,30.438,0.2,25.875,0.17,16.5,0.108,0.30438,0.2,0.388125,0.255,0.4125,0.27,1.8300050000000003,83.109375,0.5459707208759392,196.171875,1.288712615265542,1.246640625,0.8189560813139088,6.866015625,4.510494153429397,13.442106484743306,55285,,,0.0392406552917633,Information
783103,14837.0,18706.49676,USA,United States,Washington,0.617679247,1.00974988,0.77,0.32,14837.0,,,,,,,,,,,,,,,,,,,,,,,,,59.17327931614324,12.35358494,20.1949976,,13.062,0.07,12.625,0.067,6.312,0.034,6.0,0.032,0.12625,0.067,0.09468,0.051,0.15,0.08,0.5689299999999999,421.453125,2.252977296907652,921.09375,4.923924355937644,6.321796875,3.3794659453614777,32.23828125,17.233735245781755,59.17327931614324,1316743,,,0.3824257265347123,Advisory
783105,14839.0,3091.694049,USA,United States,Washington,1.179922888,1.187202546,0.77,0.32,14839.0,,,,,,,,,,,,,,,,,,,,,,,,,19.25461051693371,23.59845776,23.74405092,,0.938,0.03,0.875,0.028,0.938,0.03,1.938,0.063,0.00875,0.028,0.01407,0.045,0.04845,0.1575,0.30177,55.40625,1.7921000309020816,106.171875,3.4341003130230243,0.83109375,2.6881500463531225,3.716015625,12.019351095580586,19.25461051693371,2471784,,,0.0843574400295765,Information
783106,14840.0,4542.384144,USA,United States,Washington,0.865406284,1.075765231,0.77,0.32,14840.0,,,,,,,,,,,,,,,,,,,,,,,,,7.588274725516698,17.30812568,21.51530462,,0.0,0.0,0.0,0.0,0.438,0.01,2.688,0.059,0.0,0.0,0.00657,0.015,0.0672,0.1475,0.23627,19.546875,0.4303219274528751,59.34375,1.30644498838211,0.293203125,0.6454828911793127,2.07703125,4.572557459337386,7.588274725516698,297888,,,0.0097378217576229,Information
783108,14842.0,8201.50443,USA,United States,Washington,2.120947217,1.102227374,0.77,0.32,14842.0,,,,,,,,,,,,,,,,,,,,,,,,,7.151483795837031,42.41894434,22.04454748,,2.875,0.035,2.75,0.034,4.875,0.059,5.5,0.067,0.0275,0.034,0.073125,0.0885,0.1375,0.1675,0.528125,34.03125,0.4149391162306618,77.484375,0.9447580704260108,0.51046875,0.6224086743459927,2.711953125,3.3066532464910376,7.151483795837031,89693,,,0.0184950298908266,Information
783109,14843.0,4514.096605,USA,United States,Washington,1.274140173,2.697085521,0.77,0.32,14843.0,,,,,,,,,,,,,,,,,,,,,,,,,40.1824928354548,25.48280346,53.94171042,,4.0,0.089,3.562,0.079,9.062,0.201,4.0,0.089,0.03562,0.079,0.13593,0.3015,0.1,0.2224999999999999,0.8745499999999999,131.625,2.91586582018518,300.65625,6.660385815764866,1.974375,4.37379873027777,10.52296875,23.31135035517703,40.1824928354548,999638,,,0.4457223558591486,Advisory
783703,14912.0,6619.360526,USA,United States,Alaska,1.729616208,0.0,0.77,0.32,14912.0,,,,,,,,,,,,,,,,,,,,,,,,,19.43826845951925,34.59232416,0.0,,4.438,0.067,4.25,0.064,0.0,0.0,0.0,0.0,0.0425,0.064,0.0,0.0,0.0,0.0,0.1065,0.0,0.0,221.203125,3.341759738434072,0.0,0.0,7.742109375,11.696159084519252,19.43826845951925,159,,,0.1124892474935998,Information
783709,14918.0,1850.709739,USA,United States,Alaska,4.00515278,3.983883909,0.77,0.32,14918.0,,,,,,,,,,,,,,,,,,,,,,,,,9.707051795220458,80.1030556,79.67767818,,16.938,0.915,11.312,0.611,0.0,0.0,0.0,0.0,0.11312,0.611,0.0,0.0,0.0,0.0,0.72412,0.0,0.0,43.3125,2.340318370062988,0.0,0.0,1.5159375,8.191114295220459,9.707051795220458,1999,,,0.236466959798067,Information
783905,14932.0,4799.526624,USA,United States,Alaska,4.002751641,0.0,0.77,0.32,14932.0,14932.0,1.0,28.0,52.0,27.0,11.0,3.0,1.0,5.2,2.7,1.1,35.36,0.0,0.0,0.0,0.0,0.0,0.0,0.0,0.0,0.0,0.0,0.0,35.36,35.36,80.05503282,0.0,,51.75,1.078,41.812,0.871,0.0,0.0,0.438,0.009,0.41812,0.871,0.0,0.0,0.01095,0.0225,1.32257,0.0,0.0,63.703125,1.3272793336551574,0.0,0.0,2.229609375,4.645477667793051,6.875087042793051,25266,,,0.7165437093737567,Watch
783907,14934.0,1841.331489,USA,United States,Alaska,2.457538413,0.0,0.77,0.32,14934.0,,,,,,,,,,,,,,,,,,,,,,,,,4.019785317097533,49.15076826,0.0,,8.125,0.441,6.562,0.356,0.0,0.0,0.062,0.003,0.06562,0.356,0.0,0.0,0.00155,0.0075,0.43067,0.0,0.0,17.859375,0.969916340599295,0.0,0.0,0.625078125,3.3947071920975325,4.019785317097533,1369,,,0.0055801915518198,Information
783908,14935.0,3959.807788,USA,United States,Alaska,2.917080067,0.0,0.77,0.32,14935.0,14935.0,1.0,25.0,52.0,19.0,2.0,3.0,1.0,5.2,1.9,0.2,24.2,0.0,0.0,0.0,0.0,0.0,0.0,0.0,0.0,0.0,0.0,0.0,24.2,24.2,58.34160134,0.0,,28.812,0.728,23.562,0.595,0.0,0.0,0.125,0.003,0.23562,0.595,0.0,0.0,0.003125,0.0075,0.841245,0.0,0.0,11.8125,0.2983099340313019,0.0,0.0,0.4134375,1.0440847691095567,1.4575222691095568,157,,,0.2935131394054195,Information
811203,14947.0,4058.931955,USA,United States,Alaska,3.470758057,0.0,0.77,0.32,14947.0,14947.0,2.0,29.0,100.0,74.0,21.0,7.0,1.0,10.0,7.4,2.1,55.0,0.0,0.0,0.0,0.0,0.0,0.0,0.0,0.0,0.0,0.0,0.0,55.0,55.0,69.41516114,0.0,,0.0,0.0,0.0,0.0,0.0,0.0,1.25,0.031,0.0,0.0,0.0,0.0,0.03125,0.0775,0.10875,4.921875,0.1212603476719323,12.234375,0.3014185784988032,0.073828125,0.1818905215078984,0.428203125,1.054965024745811,1.7388867962537098,10,,,0.7213406407968166,Watch
811204,14948.0,32614.83156,USA,United States,Alaska,3.890791319,0.0,0.77,0.32,14948.0,14948.0,2.0,24.0,100.0,82.0,25.0,7.0,1.0,10.0,8.2,2.5,-357.68,0.0,0.0,0.0,0.0,0.0,0.0,0.0,0.0,0.0,0.0,0.0,-357.68,21.48493882266383,77.81582638,0.0,,31.688,0.097,21.25,0.065,16.25,0.05,27.25,0.084,0.2125,0.065,0.24375,0.075,0.68125,0.21,1.4874999999999998,68.203125,0.2091169009443218,440.578125,1.3508520632135266,1.023046875,0.3136753514164827,15.420234375,4.727982221247343,21.48493882266383,918,,,0.4872252735354609,Advisory
811205,14949.0,4563.322772,USA,United States,Alaska,3.037993573,0.0,0.77,0.32,14949.0,14949.0,2.0,29.0,86.0,66.0,29.0,7.0,1.0,8.6,6.6,2.9,63.73333333333333,0.0,0.0,0.0,0.0,0.0,0.0,0.0,0.0,0.0,0.0,0.0,63.73333333333333,63.73333333333333,60.75987146,0.0,,2.0,0.044,1.688,0.037,0.5,0.011,2.438,0.053,0.01688,0.037,0.0075,0.0165,0.06095,0.1325,0.27133,0.140625,0.0030816360581355,20.953125,0.4591637726621987,0.002109375,0.0046224540872032,0.733359375,1.6070732043176954,2.3471644084048986,7,,,0.6861645942479295,Watch
811206,14950.0,4227.060462,USA,United States,Alaska,4.005527608,0.0,0.77,0.32,14950.0,14950.0,3.0,28.0,98.0,80.0,39.0,10.0,1.0,9.8,8.0,3.9,68.4,0.0,0.0,0.0,0.0,0.0,0.0,0.0,0.0,0.0,0.0,0.0,68.4,68.4,80.11055216000001,0.0,,48.125,1.138,39.438,0.933,0.0,0.0,0.0,0.0,0.39438,0.933,0.0,0.0,0.0,0.0,1.32738,0.0,0.0,41.765625,0.9880536457106788,0.0,0.0,1.461796875,3.458187759987376,4.919984634987376,0,,,0.8916188893484582,Warning
811301,14954.0,26507.41824,USA,United States,Alaska,1.912699355,2.344637059,0.77,0.32,14954.0,14954.0,1.0,24.0,56.0,17.0,3.0,3.0,1.0,5.6,1.7,0.3,23.2,0.0,0.0,0.0,0.0,0.0,0.0,0.0,0.0,0.0,0.0,0.0,23.2,23.2,38.2539871,46.89274118,,,,,,,,,,,,,,,,,6.609375,0.0249340578592217,19.125,0.0721496142309394,0.099140625,0.0374010867888325,0.669375,0.2525236498082879,1.0584403615971203,16126,,,0.2037895670547581,Information
811304,14957.0,5844.056452,USA,United States,Alaska,4.003259461,0.0,0.77,0.32,14957.0,,,,,,,,,,,,,,,,,,,,,,,,,1.5822044835431743,80.06518922,0.0,,0.0,0.0,0.0,0.0,3.312,0.057,0.5,0.009,0.0,0.0,0.04968,0.0855,0.0125,0.0225,0.17018,11.671875,0.1997221467086349,11.671875,0.1997221467086349,0.175078125,0.2995832200629523,0.408515625,0.6990275134802221,1.5822044835431743,14938,,,0.005644097039308,Information
811305,14958.0,7034.871874,USA,United States,Alaska,1.166844911,1.510287117,0.77,0.32,14958.0,14958.0,1.0,26.0,49.0,19.0,7.0,3.0,1.0,4.9,1.9,0.7,25.9,0.0,0.0,0.0,0.0,0.0,0.0,0.0,0.0,0.0,0.0,0.0,25.9,25.9,23.33689822,30.20574234,,0.0,0.0,0.0,0.0,3.438,0.049,1.562,0.022,0.0,0.0,0.05157,0.0735,0.03905,0.0549999999999999,0.21912,6.046875,0.0859557232656962,6.890625,0.0979495451167236,0.090703125,0.1289335848985442,0.241171875,0.3428234079085326,0.8036319928070769,319880,,,0.1607674161614526,Information
811306,14959.0,3219.831168,USA,United States,Alaska,4.02018278,0.0,0.77,0.32,14959.0,14959.0,1.0,29.0,62.0,25.0,5.0,3.0,1.0,6.2,2.5,0.5,26.4,0.0,0.0,0.0,0.0,0.0,0.0,0.0,0.0,0.0,0.0,0.0,26.4,26.4,80.4036556,0.0,,0.0,0.0,0.0,0.0,2.812,0.087,9.375,0.291,0.0,0.0,0.04218,0.1305,0.234375,0.7274999999999999,1.134555,38.390625,1.1923179508824826,75.234375,2.3365937865279425,0.575859375,1.788476926323724,2.633203125,8.178078252847799,13.175617679171523,2988,,,0.6171564212280284,Watch
811308,14961.0,5762.306877,USA,United States,Alaska,4.025932517,0.0,0.77,0.32,14961.0,14961.0,1.0,21.0,58.0,21.0,2.0,3.0,1.0,5.8,2.1,0.2,-1310.5333333333335,0.0,0.0,0.0,0.0,0.0,0.0,0.0,0.0,0.0,0.0,0.0,-1310.5333333333335,3.69473504466783,80.51865034000001,0.0,,0.0,0.0,0.0,0.0,0.562,0.01,1.938,0.034,0.0,0.0,0.00843,0.015,0.04845,0.085,0.15688,18.84375,0.3270174671894734,30.515625,0.529573062538177,0.28265625,0.49052620078421,1.068046875,1.85350571888362,3.69473504466783,21780,,,0.0482014001324187,Information
811309,14962.0,2227.145822,USA,United States,Alaska,1.49904285,1.506861224,0.77,0.32,14962.0,,,,,,,,,,,,,,,,,,,,,,,,,6.689713841067783,29.980857,30.13722448,,0.0,0.0,0.0,0.0,0.0,0.0,1.062,0.048,0.0,0.0,0.0,0.0,0.02655,0.12,0.14655,13.640625,0.6124711217063762,28.96875,1.300711866716634,0.204609375,0.9187066825595642,1.01390625,4.552491533508219,6.689713841067783,49796,,,0.0094890244422649,Information
811402,14964.0,16050.76403,USA,United States,Alaska,4.010636273,0.0,0.77,0.32,14964.0,14964.0,1.0,16.0,98.0,9.0,-9999.0,3.0,1.0,9.8,0.9,-999.9,-1365.6799999999998,0.0,0.0,0.0,0.0,0.0,0.0,0.0,0.0,0.0,0.0,0.0,-1365.6799999999998,1.0008221030649032,80.21272546,0.0,,,,,,,,,,,,,,,,,4.359375,0.0271599220524789,15.75,0.0981261699960528,0.065390625,0.0407398830787183,0.55125,0.3434415949861847,1.0008221030649032,0,,,0.0014215240807073,Information
811403,14965.0,5853.521723,USA,United States,Alaska,0.272182167,0.0,0.77,0.32,14965.0,14965.0,0.0,8.0,19.0,2.0,-9999.0,0.0,3.0,1.9,0.2,-999.9,-1976.4,0.0,0.0,0.0,0.0,0.0,0.0,0.0,0.0,0.0,0.0,0.0,-1976.4,1.9900195726437568,5.44364334,0.0,,,,,,,,,,,,,,,,,1.40625,0.0240239989979666,20.390625,0.3483479854705162,0.02109375,0.0360359984969499,0.713671875,1.2192179491468067,1.9900195726437568,3229,,,5.645003914193941e-05,Information
811404,14966.0,4615.116708,USA,United States,Alaska,3.372900061,0.0,0.77,0.32,14966.0,14966.0,1.0,21.0,56.0,11.0,-9999.0,3.0,1.0,5.6,1.1,-999.9,-1313.0,0.0,0.0,0.0,0.0,0.0,0.0,0.0,0.0,0.0,0.0,0.0,-1313.0,0.3740773571457936,67.45800122,0.0,,,,,,,,,,,,,,,,,0.0,0.0,3.375,0.0731292448987982,0.0,0.0,0.118125,0.2559523571457937,0.3740773571457936,453,,,3.98805453032736e-06,Information
811406,14968.0,6747.509759,USA,United States,Alaska,0.25364147,0.0,0.77,0.32,14968.0,14968.0,1.0,15.0,33.0,15.0,5.0,3.0,1.0,3.3,1.5,0.5,18.6,0.0,0.0,0.0,0.0,0.0,0.0,0.0,0.0,0.0,0.0,0.0,18.6,18.6,5.0728294,0.0,,0.0,0.0,0.0,0.0,0.0,0.0,3.25,0.048,0.0,0.0,0.0,0.0,0.08125,0.12,0.2012499999999999,3.515625,0.0521025552462199,74.953125,1.110826477849409,0.052734375,0.0781538328693298,2.623359375,3.887892672472932,6.6421402553422615,86,,,0.051556202427279,Information
811407,14969.0,10762.23668,USA,United States,Alaska,0.623233324,0.0,0.77,0.32,14969.0,14969.0,1.0,7.0,100.0,25.0,2.0,3.0,4.0,10.0,2.5,0.2,-1683.3428571428574,0.0,0.0,0.0,0.0,0.0,0.0,0.0,0.0,0.0,0.0,0.0,-1683.3428571428574,5.333565683159224,12.46466648,0.0,,0.0,0.0,0.0,0.0,0.312,0.003,9.375,0.087,0.0,0.0,0.00468,0.0045,0.234375,0.2174999999999999,0.461055,5.484375,0.0509594349660273,76.640625,0.7121254373457666,0.082265625,0.0764391524490409,2.682421875,2.492439030710183,5.333565683159224,34,,,0.0025708263392357,Information
811409,14971.0,3688.609859,USA,United States,Alaska,3.903524,0.0,0.77,0.32,14971.0,14971.0,1.0,20.0,66.0,15.0,2.0,3.0,1.0,6.6,1.5,0.2,-470.75,0.0,0.0,0.0,0.0,0.0,0.0,0.0,0.0,0.0,0.0,0.0,-470.75,5.093413982125249,78.07048,0.0,,,,,,,,,,,,,,,,,4.21875,0.1143723560079482,37.40625,1.0141015566038076,0.06328125,0.1715585340119223,1.30921875,3.5493554481133267,5.093413982125249,0,,,0.0721607937458498,Information
811510,14972.0,4239.403942,USA,United States,Alaska,3.371659803,3.923191745,0.77,0.32,14972.0,14972.0,1.0,7.0,78.0,29.0,5.0,3.0,4.0,7.8,2.9,0.5,41.133333333333326,0.0,0.0,0.0,0.0,0.0,0.0,0.0,0.0,0.0,0.0,0.0,41.133333333333326,41.133333333333326,67.43319606,78.4638349,,,,,,,,,,,,,,,,,1.6875,0.0398051240905534,10.828125,0.2554162129143848,0.0253125,0.0597076861358301,0.378984375,0.8939567452003468,1.3579613063361768,192,,,0.7412115993492202,Watch
811530,14974.0,4166.185534,USA,United States,Alaska,3.037993207,0.0,0.77,0.32,14974.0,,,,,,,,,,,,,,,,,,,,,,,,,3.7177249152610807,60.75986414,0.0,,3.5,0.084,3.5,0.084,6.438,0.155,0.125,0.003,0.035,0.084,0.09657,0.2324999999999999,0.003125,0.0075,0.4586949999999999,16.453125,0.3949206022000597,24.1875,0.5805670391317117,0.246796875,0.5923809033000895,0.8465625,2.031984636960991,3.7177249152610807,20,,,0.0092218436245653,Information
811533,14977.0,11660.30905,USA,United States,Alaska,0.000883634,0.915747929,0.77,0.32,14977.0,,,,,,,,,,,,,,,,,,,,,,,,,2.936185125848752,0.01767268,18.31495858,,0.0,0.0,0.0,0.0,7.0,0.06,0.312,0.003,0.0,0.0,0.105,0.09,0.0078,0.0075,0.2103,5.625,0.048240573873621,42.75,0.3666283614395201,0.084375,0.0723608608104315,1.49625,1.2831992650383204,2.936185125848752,2219,,,0.0004408895162318,Information
811535,14979.0,10715.00727,USA,United States,Alaska,0.0,3.527467942,0.77,0.32,14979.0,14979.0,2.0,24.0,100.0,82.0,2.0,7.0,1.0,10.0,8.2,0.2,48.06666666666666,0.0,0.0,0.0,0.0,0.0,0.0,0.0,0.0,0.0,0.0,0.0,48.06666666666666,48.06666666666666,0.0,70.54935884,,25.438,0.237,21.188,0.198,0.0,0.0,0.0,0.0,0.2118799999999999,0.198,0.0,0.0,0.0,0.0,0.40988,0.0,0.0,20.53125,0.1916120958969424,0.0,0.0,0.71859375,0.6706423356392983,1.3892360856392982,55,,,0.6878882053066053,Watch
811537,14981.0,1092.495319,USA,United States,Alaska,4.03617962,0.0,0.77,0.32,14981.0,14981.0,3.0,18.0,100.0,100.0,94.0,10.0,1.0,10.0,10.0,9.4,80.8,0.0,0.0,0.0,0.0,0.0,0.0,0.0,0.0,0.0,0.0,0.0,80.8,80.8,80.7235924,0.0,,0.0,0.0,0.0,0.0,2.125,0.195,0.0,0.0,0.0,0.0,0.031875,0.2925,0.0,0.0,0.3243749999999999,0.84375,0.0772314521664548,0.984375,0.090103360860864,0.01265625,0.1158471782496822,0.034453125,0.315361763013024,0.4783183162627061,8,,,0.92408465799843,Warning
811540,14984.0,4490.794035,USA,United States,Alaska,4.036179622,3.502942863,0.77,0.32,14984.0,14984.0,2.0,16.0,100.0,41.0,2.0,7.0,1.0,10.0,4.1,0.2,44.6,0.0,0.0,0.0,0.0,0.0,0.0,0.0,0.0,0.0,0.0,0.0,44.6,44.6,80.72359243999999,70.05885726,,0.0,0.0,0.0,0.0,3.75,0.084,0.0,0.0,0.0,0.0,0.05625,0.126,0.0,0.0,0.18225,0.5625,0.0125256245464273,2.109375,0.0469710920491024,0.0084375,0.0187884368196409,0.073828125,0.1643988221718584,0.2654528839914993,0,,,0.7992237936214165,Watch
811550,14985.0,3311.977224,USA,United States,Alaska,4.012764884,0.0,0.77,0.32,14985.0,14985.0,2.0,17.0,100.0,80.0,2.0,7.0,1.0,10.0,8.0,0.2,52.4,0.0,0.0,0.0,0.0,0.0,0.0,0.0,0.0,0.0,0.0,0.0,52.4,52.4,80.25529768,0.0,,,,,,,,,,,,,,,,,2.8125,0.0849190622394149,2.8125,0.0849190622394149,0.0421875,0.1273785933591223,0.0984375,0.2972167178379521,0.5652203111970744,95,,,0.8354730634947419,Warning
811560,14986.0,9640.464461,USA,United States,Alaska,2.693605748,0.0,0.77,0.32,14986.0,14986.0,1.0,12.0,100.0,27.0,-9999.0,3.0,1.0,10.0,2.7,-999.9,-1957.1333333333328,0.0,0.0,0.0,0.0,0.0,0.0,0.0,0.0,0.0,0.0,0.0,-1957.1333333333328,3.1428449714467064,53.87211496,0.0,,0.0,0.0,0.0,0.0,2.625,0.027,2.812,0.029,0.0,0.0,0.039375,0.0405,0.0702999999999999,0.0725,0.222675,30.65625,0.3179955708982516,30.9375,0.3209129614569511,0.45984375,0.4769933563473774,1.0828125,1.1231953650993287,3.1428449714467064,499,,,0.0036125259435343,Information
811570,14987.0,493.4479147,USA,United States,Alaska,3.607976375,0.0,0.77,0.32,14987.0,14987.0,2.0,23.0,100.0,78.0,3.0,7.0,1.0,10.0,7.8,0.3,52.2,0.0,0.0,0.0,0.0,0.0,0.0,0.0,0.0,0.0,0.0,0.0,52.2,52.2,72.1595275,0.0,,,,,,,,,,,,,,,,,1.125,0.2279875882617519,1.40625,0.2849844853271899,0.016875,0.3419813823926278,0.04921875,0.9974456986451646,1.4055208310377925,187,,,0.7351917981655101,Watch
811580,14988.0,24421.87797,USA,United States,Alaska,3.874209243,0.0,0.77,0.32,14988.0,14988.0,2.0,16.0,100.0,39.0,3.0,7.0,1.0,10.0,3.9,0.3,-621.4333333333333,0.0,0.0,0.0,0.0,0.0,0.0,0.0,0.0,0.0,0.0,0.0,-621.4333333333333,4.080082179303529,77.48418486,0.0,,1.312,0.005,1.312,0.005,1.812,0.007,1.5,0.006,0.01312,0.005,0.02718,0.0105,0.0375,0.015,0.1083,57.796875,0.236660239892519,57.9375,0.2372360555613573,0.866953125,0.3549903598387784,2.0278125,0.8303261944647505,4.080082179303529,306,,,0.0438088177290376,Information
811602,14991.0,3531.623019,USA,United States,Alaska,0.036010736,2.438253659,0.77,0.32,14991.0,14991.0,2.0,10.0,100.0,51.0,2.0,7.0,1.0,10.0,5.1,0.2,46.6,0.0,0.0,0.0,0.0,0.0,0.0,0.0,0.0,0.0,0.0,0.0,46.6,46.6,0.72021472,48.76507318,,0.312,0.009,0.312,0.009,5.438,0.154,0.0,0.0,0.00312,0.009,0.08157,0.2309999999999999,0.0,0.0,0.32469,10.828125,0.3066047803305881,10.828125,0.3066047803305881,0.162421875,0.4599071704958821,0.378984375,1.0731167311570582,2.0744301516529404,34,,,0.4622285338791734,Advisory
811605,14994.0,1681.183527,USA,United States,Alaska,0.336233619,0.0,0.77,0.32,14994.0,14994.0,0.0,4.0,3.0,-9999.0,-9999.0,0.0,7.0,0.3,-999.9,-999.9,-3985.0,0.0,0.0,0.0,0.0,0.0,0.0,0.0,0.0,0.0,0.0,0.0,-3985.0,0.8305259039592341,6.72467238,0.0,,,,,,,,,,,,,,,,,2.390625,0.1421989307918468,2.390625,0.1421989307918468,0.035859375,0.2132983961877702,0.083671875,0.4976962577714638,0.8305259039592341,294,,,1.171987753042557e-06,Information
811606,14995.0,13464.83326,USA,United States,Alaska,0.773516249,0.0,0.77,0.32,14995.0,14995.0,1.0,3.0,100.0,13.0,-9999.0,3.0,8.0,10.0,1.3,-999.9,-1187.9,0.0,0.0,0.0,0.0,0.0,0.0,0.0,0.0,0.0,0.0,0.0,-1187.9,3.471327645467637,15.47032498,0.0,,14.562,0.108,14.062,0.104,2.5,0.019,0.0,0.0,0.14062,0.104,0.0375,0.0284999999999999,0.0,0.0,0.31062,47.8125,0.3550916604016919,36.421875,0.2704962942471712,0.7171875,0.5326374906025378,1.274765625,0.9467370298650992,3.471327645467637,65,,,0.0007050747235047,Information
811700,14999.0,23527.56036,USA,United States,Alaska,2.017176836,4.002912912,0.77,0.32,14999.0,14999.0,3.0,14.0,100.0,100.0,64.0,10.0,1.0,10.0,10.0,6.4,-1471.4,0.0,0.0,0.0,0.0,0.0,0.0,0.0,0.0,0.0,0.0,0.0,-1471.4,3.2614339633184795,40.34353672,80.05825824,,218.25,0.928,180.625,0.768,2.0,0.009,0.062,0.0,1.80625,0.768,0.03,0.0134999999999999,0.00155,0.0,2.6193,22.640625,0.0962302280917205,55.6875,0.2366904989088282,0.339609375,0.1443453421375807,1.9490625,0.8284167461808987,3.2614339633184795,4146,,,0.0350976671759604,Information
811811,15000.0,844.9908114,USA,United States,Alaska,4.036179623,4.064478443,0.77,0.32,15000.0,,,,,,,,,,,,,,,,,,,,,,,,,11.280375,80.72359245999999,81.28956885999999,,120.875,14.305,120.875,14.305,0.375,0.044,0.0,0.0,1.20875,10.0,0.005625,0.066,0.0,0.0,11.280375,0.0,0.0,0.984375,0.1164953496252821,0.0,0.0,0.034453125,0.4077337236884873,0.4421868486884873,0,,,0.3064224655010468,Information
811813,15002.0,6853.100105,USA,United States,Alaska,4.001216228,4.028774553,0.77,0.32,15002.0,15002.0,1.0,15.0,47.0,5.0,-9999.0,3.0,1.0,4.7,0.5,-999.9,-1981.4,0.0,0.0,0.0,0.0,0.0,0.0,0.0,0.0,0.0,0.0,0.0,-1981.4,22.4525,80.02432456,80.57549105999999,,1316.0,19.203,1279.062,18.664,2.75,0.04,38.25,0.558,10.0,10.0,0.04125,0.06,0.95625,1.395,22.4525,,,,,,,,,,7593,,,0.557591802701272,Advisory
811814,15003.0,4585.868047,USA,United States,Alaska,4.030068025,3.671568742,0.77,0.32,15003.0,15003.0,3.0,11.0,100.0,100.0,92.0,10.0,1.0,10.0,10.0,9.2,75.4,0.0,0.0,0.0,0.0,0.0,0.0,0.0,0.0,0.0,0.0,0.0,75.4,75.4,80.6013605,73.43137483999999,,12.5,0.273,12.5,0.273,0.0,0.0,0.0,0.0,0.125,0.273,0.0,0.0,0.0,0.0,0.398,7.171875,0.1563907841685943,4.359375,0.0950610648867926,0.107578125,0.2345861762528914,0.152578125,0.3327137271037741,0.8274561533566656,4,,,0.9127053674912216,Warning
811815,15004.0,2651.315427,USA,United States,Alaska,4.000790128,0.0,0.77,0.32,15004.0,15004.0,3.0,11.0,100.0,100.0,68.0,10.0,1.0,10.0,10.0,6.8,-1939.0,0.0,0.0,0.0,0.0,0.0,0.0,0.0,0.0,0.0,0.0,0.0,-1939.0,11.15218,80.01580256,0.0,,233.625,8.812,233.625,8.812,0.062,0.002,0.0,0.0,2.33625,8.812,0.0009299999999999,0.003,0.0,0.0,11.15218,1.6875,0.0636476513697035,1.6875,0.0636476513697035,0.0253125,0.0954714770545552,0.0590625,0.2227667797939622,0.4026132568485175,403,,,0.2798433798072791,Information
811817,15006.0,7011.094784,USA,United States,Alaska,4.00313345,0.0,0.77,0.32,15006.0,15006.0,2.0,1.0,100.0,100.0,-9999.0,7.0,10.0,10.0,10.0,-999.9,-3446.65,0.0,0.0,0.0,0.0,0.0,0.0,0.0,0.0,0.0,0.0,0.0,-3446.65,12.81888219780663,80.062669,0.0,,42.688,0.609,25.25,0.36,4.312,0.062,0.562,0.008,0.2525,0.36,0.06468,0.093,0.01405,0.02,0.80423,84.796875,1.2094669607472444,114.609375,1.6346858590530748,1.271953125,1.8142004411208663,4.011328125,5.721400506685762,12.81888219780663,313,,,0.3293623287214257,Information
811818,15007.0,5173.61706,USA,United States,Alaska,4.012828915,0.0,0.77,0.32,15007.0,15007.0,3.0,8.0,100.0,100.0,100.0,10.0,3.0,10.0,10.0,10.0,-724.84,0.0,0.0,0.0,0.0,0.0,0.0,0.0,0.0,0.0,0.0,0.0,-724.84,8.149750535032737,80.2565783,0.0,,88.062,1.702,88.062,1.702,0.438,0.008,0.0,0.0,0.88062,1.702,0.00657,0.012,0.0,0.0,2.60119,52.03125,1.0057035414788025,57.09375,1.10355577794701,0.78046875,1.5085553122182036,1.99828125,3.862445222814535,8.149750535032737,358,,,0.1881233434015492,Information
811819,15008.0,11371.22425,USA,United States,Alaska,3.903523182,0.0,0.77,0.32,15008.0,15008.0,0.0,16.0,19.0,3.0,-9999.0,0.0,1.0,1.9,0.3,-999.9,-1948.3333333333333,0.0,0.0,0.0,0.0,0.0,0.0,0.0,0.0,0.0,0.0,0.0,-1948.3333333333333,2.82945,78.07046364,0.0,,143.125,1.259,142.625,1.254,3.75,0.033,0.938,0.008,1.42625,1.254,0.05625,0.0495,0.02345,0.02,2.82945,21.515625,0.1892111573020659,21.9375,0.1929211799942632,0.322734375,0.2838167359530988,0.7678125,0.6752241299799212,2.04958774093302,118,,,0.0202921492713296,Information
811820,15009.0,15571.25189,USA,United States,Alaska,4.001513648,0.0,0.77,0.32,15009.0,15009.0,1.0,3.0,100.0,11.0,-9999.0,3.0,8.0,10.0,1.1,-999.9,-2949.65,0.0,0.0,0.0,0.0,0.0,0.0,0.0,0.0,0.0,0.0,0.0,-2949.65,5.459318949119779,80.03027296,0.0,,64.375,0.413,64.375,0.413,4.188,0.027,0.062,0.0,0.64375,0.413,0.06282,0.0405,0.00155,0.0,1.16162,14.90625,0.0957292972109545,88.59375,0.5689571438009564,0.22359375,0.1435939458164317,3.10078125,1.9913500033033475,5.459318949119779,0,,,0.097333928449201,Information
811900,15017.0,4238.937931,USA,United States,Alaska,4.022695364,0.0,0.77,0.32,15017.0,,,,,,,,,,,,,,,,,,,,,,,,,1.0495,80.45390728,0.0,,30.875,0.728,30.625,0.722,0.0,0.0,0.25,0.006,0.30625,0.722,0.0,0.0,0.00625,0.015,1.0495,,,,,,,,,,0,,,0.0017252635502285,Information
811901,15018.0,3332.310158,USA,United States,Alaska,3.381541067,4.014386622,0.77,0.32,15018.0,,,,,,,,,,,,,,,,,,,,,,,,,8.900799249018062,67.63082134,80.28773244,,53.75,1.613,53.75,1.613,0.0,0.0,0.0,0.0,0.5375,1.613,0.0,0.0,0.0,0.0,2.1505,0.0,0.0,63.5625,1.9074604997194464,0.0,0.0,2.2246875,6.676111749018062,8.900799249018062,1250,,,0.2132776426839641,Information
811902,15019.0,3516.59056,USA,United States,Alaska,2.854887216,4.003351361,0.77,0.32,15019.0,,,,,,,,,,,,,,,,,,,,,,,,,2.8176300000000003,57.09774432,80.06702722,,74.375,2.115,72.688,2.067,0.0,0.0,0.25,0.007,0.72688,2.067,0.0,0.0,0.00625,0.0175,2.8176300000000003,0.0,0.0,3.796875,0.1079703461427134,0.0,0.0,0.132890625,0.3778962114994969,0.510786836499497,390,,,0.0252043664693105,Information
811903,15020.0,1710.954628,USA,United States,Alaska,3.147082642,4.000258683,0.77,0.32,15020.0,,,,,,,,,,,,,,,,,,,,,,,,,3.0748750000000005,62.94165284,80.00517366,,37.125,2.17,36.5,2.133,0.0,0.0,3.375,0.197,0.365,2.133,0.0,0.0,0.084375,0.4925,3.0748750000000005,0.0,0.0,2.25,0.1315055328558613,0.0,0.0,0.07875,0.4602693649955146,0.5390193649955146,850,,,0.0305888259899466,Information
811904,15021.0,7983.956037,USA,United States,Alaska,0.0,3.079229371,0.77,0.32,15021.0,,,,,,,,,,,,,,,,,,,,,,,,,5.665243423079466,0.0,61.58458742,,16.625,0.208,15.625,0.196,0.0,0.0,0.562,0.007,0.15625,0.196,0.0,0.0,0.01405,0.0175,0.3838,0.0,0.0,71.859375,0.9000472280227045,0.0,0.0,2.515078125,3.150165298079466,5.665243423079466,167,,,0.0278031222364039,Information
811909,15026.0,9647.317393,USA,United States,Alaska,3.389635494,3.177153363,0.77,0.32,15026.0,15026.0,1.0,1.0,100.0,-9999.0,-9999.0,3.0,10.0,10.0,-999.9,-999.9,-3953.6,0.0,0.0,0.0,0.0,0.0,0.0,0.0,0.0,0.0,0.0,0.0,-3953.6,9.14045,67.79270988,63.54306726,,113.812,1.18,112.625,1.167,6.75,0.07,130.438,1.352,1.12625,1.167,0.10125,0.105,3.26095,3.3800000000000003,9.14045,0.0,0.0,125.15625,1.297316600010303,0.0,0.0,4.38046875,4.54060810003606,8.92107685003606,3326,,,0.1039279255256652,Information
812101,15027.0,5245.082327,USA,United States,Alaska,3.239352773,0.0,0.77,0.32,15027.0,,,,,,,,,,,,,,,,,,,,,,,,,6.563825,64.78705545999999,0.0,,0.0,0.0,0.0,0.0,30.625,0.584,71.938,1.372,0.0,0.0,0.459375,0.8759999999999999,1.79845,3.43,6.563825,,,,,,,,,,740,,,0.0464942012474556,Information
812102,15028.0,5381.147944,USA,United States,Alaska,2.583606848,0.0,0.77,0.32,15028.0,15028.0,1.0,1.0,100.0,-9999.0,-9999.0,3.0,10.0,10.0,-999.9,-999.9,-3953.6,0.0,0.0,0.0,0.0,0.0,0.0,0.0,0.0,0.0,0.0,0.0,-3953.6,7.546175,51.67213696,0.0,,245.25,4.558,240.062,4.461,6.562,0.122,5.625,0.105,2.40062,4.461,0.09843,0.183,0.140625,0.2625,7.546175,,,,,,,,,,573,,,0.0316578921230009,Information
812103,15029.0,3065.016004,USA,United States,Alaska,1.423124524,0.0,0.77,0.32,15029.0,15029.0,1.0,1.0,100.0,-9999.0,-9999.0,3.0,10.0,10.0,-999.9,-999.9,-3953.6,0.0,0.0,0.0,0.0,0.0,0.0,0.0,0.0,0.0,0.0,0.0,-3953.6,3.27755,28.46249048,0.0,,33.875,1.105,33.75,1.101,9.5,0.31,11.562,0.377,0.3375,1.101,0.1425,0.4649999999999999,0.28905,0.9425,3.27755,0.0,0.0,17.859375,0.5826845594012442,0.0,0.0,0.625078125,2.039395957904355,2.6644740829043547,394,,,0.0010241929620153,Information
812105,15031.0,8892.573449,USA,United States,Alaska,1.218390256,0.0,0.77,0.32,15031.0,15031.0,1.0,1.0,100.0,-9999.0,-9999.0,3.0,10.0,10.0,-999.9,-999.9,-3953.6,0.0,0.0,0.0,0.0,0.0,0.0,0.0,0.0,0.0,0.0,0.0,-3953.6,32.421055,24.36780512,0.0,,1669.562,18.775,902.375,10.148,98.062,1.103,193.375,2.175,9.02375,10.0,1.4709299999999998,1.6545,4.834375,5.4375,32.421055,186.328125,2.0953228676276927,296.71875,3.336702830712778,2.794921875,3.142984301441539,10.38515625,11.678459907494725,28.00152233393626,290,,,0.1984769399219559,Information
812108,15034.0,7783.693203,USA,United States,Alaska,3.92066246,0.0,0.77,0.32,15034.0,15034.0,1.0,1.0,100.0,-9999.0,-9999.0,3.0,10.0,10.0,-999.9,-999.9,-3953.6,0.0,0.0,0.0,0.0,0.0,0.0,0.0,0.0,0.0,0.0,0.0,-3953.6,1.6331849999999997,78.4132492,0.0,,56.562,0.727,56.188,0.722,2.062,0.026,4.875,0.063,0.56188,0.722,0.03093,0.039,0.121875,0.1575,1.6331849999999997,0.0,0.0,18.984375,0.2438993226480841,0.0,0.0,0.664453125,0.8536476292682943,1.5181007542682945,0,,,0.0049179207259305,Information
812109,15035.0,13713.57342,USA,United States,Alaska,3.760337629,0.0,0.77,0.32,15035.0,15035.0,2.0,1.0,100.0,100.0,-9999.0,7.0,10.0,10.0,10.0,-999.9,-3149.16,0.0,0.0,0.0,0.0,0.0,0.0,0.0,0.0,0.0,0.0,0.0,-3149.16,2.595625,75.20675258,0.0,,172.125,1.255,130.125,0.949,6.0,0.044,4.375,0.032,1.30125,0.949,0.09,0.066,0.109375,0.08,2.595625,0.0,0.0,37.125,0.2707171855982966,0.0,0.0,1.299375,0.947510149594038,2.2468851495940383,233,,,0.0120120379019292,Information
812201,15036.0,38018.3617,USA,United States,Alaska,4.001850286,0.0,0.77,0.32,15036.0,15036.0,1.0,1.0,100.0,-9999.0,-9999.0,3.0,10.0,10.0,-999.9,-999.9,-3955.999999999999,0.0,0.0,0.0,0.0,0.0,0.0,0.0,0.0,0.0,0.0,0.0,-3955.999999999999,13.57727,80.03700572,0.0,,1701.562,4.476,1158.5,3.047,11.938,0.031,9.688,0.025,10.0,3.047,0.17907,0.0465,0.2422,0.0625,13.57727,1.265625,0.0033289835313099,202.640625,0.5330072520686227,0.018984375,0.0049934752969648,7.092421875,1.86552538224018,8.981925107537144,118,,,0.349939724541578,Information
812209,15044.0,10782.95354,USA,United States,Alaska,1.354297786,0.0,0.77,0.32,15044.0,15044.0,1.0,3.0,33.0,2.0,-9999.0,3.0,8.0,3.3,0.2,-999.9,-1970.8,0.0,0.0,0.0,0.0,0.0,0.0,0.0,0.0,0.0,0.0,0.0,-1970.8,8.965975938451681,27.08595572,0.0,,545.688,5.061,58.75,0.545,52.625,0.488,45.938,0.426,0.5875,0.545,0.789375,0.732,1.14845,1.065,4.867325,29.25,0.271261485851859,120.375,1.1163453456211123,0.43875,0.4068922287777885,4.213125,3.907208709673893,8.965975938451681,10,,,0.0180480021281806,Information
812301,15045.0,4060.604899,USA,United States,Alaska,4.014675618,0.0,0.77,0.32,15045.0,15045.0,1.0,1.0,100.0,-9999.0,-9999.0,3.0,10.0,10.0,-999.9,-999.9,-3953.6,0.0,0.0,0.0,0.0,0.0,0.0,0.0,0.0,0.0,0.0,0.0,-3953.6,3.2211107297344164,80.29351236,0.0,,18.938,0.466,12.938,0.319,0.0,0.0,1.125,0.028,0.12938,0.319,0.0,0.0,0.028125,0.07,0.546505,0.0,0.0,26.578125,0.6545361013526904,0.0,0.0,0.930234375,2.2908763547344164,3.2211107297344164,220,,,0.035053273614593,Information
812410,15054.0,10714.76433,USA,United States,Alaska,4.030614315,0.0,0.77,0.32,15054.0,15054.0,1.0,30.0,39.0,7.0,2.0,3.0,1.0,3.9,0.7,0.2,17.599999999999998,0.0,0.0,0.0,0.0,0.0,0.0,0.0,0.0,0.0,0.0,0.0,17.599999999999998,17.599999999999998,80.61228630000001,0.0,,,,,,,,,,,,,,,,,0.0,0.0,84.375,0.7874648231179383,0.0,0.0,2.953125,2.756126880912784,5.709251880912785,60,,,0.4614661790001368,Advisory
812450,15058.0,1195.361393,USA,United States,Alaska,1.533412428,0.0,0.77,0.32,15058.0,15058.0,1.0,26.0,58.0,27.0,2.0,3.0,1.0,5.8,2.7,0.2,25.4,0.0,0.0,0.0,0.0,0.0,0.0,0.0,0.0,0.0,0.0,0.0,25.4,25.4,30.66824856,0.0,,,,,,,,,,,,,,,,,0.0,0.0,15.46875,1.2940647141837622,0.0,0.0,0.54140625,4.529226499643168,5.070632749643168,19,,,0.1576522431820239,Information
812460,15059.0,10578.4178,USA,United States,Alaska,1.5727264,0.0,0.77,0.32,15059.0,15059.0,1.0,1.0,100.0,-9999.0,-9999.0,3.0,10.0,10.0,-999.9,-999.9,-3953.6,0.0,0.0,0.0,0.0,0.0,0.0,0.0,0.0,0.0,0.0,0.0,-3953.6,2.374507388638204,31.454528000000003,0.0,,,,,,,,,,,,,,,,,0.0,0.0,34.875,0.3296806824680582,0.0,0.0,1.220625,1.1538823886382037,2.374507388638204,771,,,0.0003859106918926,Information
812471,15060.0,7343.550096,USA,United States,Alaska,2.01334703,0.0,0.77,0.32,15060.0,15060.0,2.0,30.0,80.0,47.0,5.0,7.0,1.0,8.0,4.7,0.5,42.4,0.0,0.0,0.0,0.0,0.0,0.0,0.0,0.0,0.0,0.0,0.0,42.4,42.4,40.2669406,0.0,,,,,,,,,,,,,,,,,0.0,0.0,70.453125,0.9593878176079292,0.0,0.0,2.465859375,3.3578573616277523,5.823716736627752,1264,,,0.3658980632135862,Advisory
812475,15064.0,6730.69402,USA,United States,Alaska,1.643590953,0.0,0.77,0.32,15064.0,15064.0,2.0,26.0,74.0,37.0,3.0,7.0,1.0,7.4,3.7,0.3,-295.6,0.0,0.0,0.0,0.0,0.0,0.0,0.0,0.0,0.0,0.0,0.0,-295.6,4.91126047992331,32.87181906,0.0,,,,,,,,,,,,,,,,,0.140625,0.0020893090604436,56.390625,0.8378129332378987,0.002109375,0.0031339635906654,1.973671875,2.932345266332645,4.91126047992331,379,,,0.0044604152380592,Information
812476,15065.0,3995.018861,USA,United States,Alaska,3.464546319,0.0,0.77,0.32,15065.0,15065.0,1.0,16.0,100.0,11.0,-9999.0,3.0,1.0,10.0,1.1,-999.9,-1456.75,0.0,0.0,0.0,0.0,0.0,0.0,0.0,0.0,0.0,0.0,0.0,-1456.75,15.589144748018915,69.29092638,0.0,,11.062,0.277,11.062,0.277,0.0,0.0,0.0,0.0,0.11062,0.277,0.0,0.0,0.0,0.0,0.38762,4.640625,0.1161602776298386,125.15625,3.132807487592617,0.069609375,0.1742404164447579,4.38046875,10.96482620657416,15.589144748018915,1284,,,0.2488911263330551,Information
812479,15068.0,16032.02109,USA,United States,Alaska,1.594955697,0.0,0.77,0.32,15068.0,15068.0,1.0,25.0,76.0,7.0,-9999.0,3.0,1.0,7.6,0.7,-999.9,-1052.6727272727271,0.0,0.0,0.0,0.0,0.0,0.0,0.0,0.0,0.0,0.0,0.0,-1052.6727272727271,21.35208080662764,31.89911394,0.0,,5.125,0.032,5.125,0.032,2.438,0.015,9.875,0.062,0.05125,0.032,0.03657,0.0225,0.246875,0.155,0.544195,105.890625,0.6604945464271851,330.328125,2.0604272105676733,1.588359375,0.9907418196407776,11.561484375,7.211495236986856,21.35208080662764,1700,,,0.1230567682600363,Information
812480,15069.0,7114.598884,USA,United States,Alaska,3.573977861,0.0,0.77,0.32,15069.0,15069.0,3.0,27.0,86.0,76.0,47.0,10.0,1.0,8.6,7.6,4.7,49.75,0.0,0.0,0.0,0.0,0.0,0.0,0.0,0.0,0.0,0.0,0.0,49.75,49.75,71.47955722,0.0,,41.062,0.577,41.062,0.577,2.25,0.032,4.562,0.064,0.41062,0.577,0.03375,0.048,0.11405,0.16,1.3434199999999998,11.25,0.1581255694614276,68.765625,0.9665425433329764,0.16875,0.2371883541921414,2.406796875,3.3828989016654174,6.195634130857559,104,,,0.7110276386793897,Watch
812490,15070.0,6942.744907,USA,United States,Alaska,4.036179626,0.0,0.77,0.32,15070.0,15070.0,3.0,30.0,92.0,78.0,56.0,10.0,1.0,9.2,7.8,5.6,72.5,0.0,0.0,0.0,0.0,0.0,0.0,0.0,0.0,0.0,0.0,0.0,72.5,72.5,80.72359252,0.0,,,,,,,,,,,,,,,,,13.359375,0.1924220921229386,76.359375,1.0998441686605864,0.200390625,0.2886331381844079,2.672578125,3.849454590312052,7.01105647849646,26,,,0.9073654305537344,Warning
812501,15071.0,17753.75653,USA,United States,Alaska,4.001513647,0.0,0.77,0.32,15071.0,15071.0,0.0,1.0,-9999.0,-9999.0,-9999.0,0.0,10.0,-999.9,-999.9,-999.9,-5979.4,0.0,0.0,0.0,0.0,0.0,0.0,0.0,0.0,0.0,0.0,0.0,-5979.4,10.126634267151069,80.03027294,0.0,,65.438,0.369,12.562,0.071,8.688,0.049,13.25,0.075,0.1256199999999999,0.071,0.13032,0.0735,0.33125,0.1875,0.91919,10.546875,0.0594064415850059,180.5625,1.0170382799353022,0.158203125,0.0891096623775088,6.3196875,3.5596339797735577,10.126634267151069,182,,,0.2485535752961983,Information
812504,15074.0,14004.33761,USA,United States,Alaska,4.036179627,0.0,0.77,0.32,15074.0,,,,,,,,,,,,,,,,,,,,,,,,,13.989979995970046,80.72359254,0.0,,10.688,0.076,3.375,0.024,3.875,0.028,10.188,0.073,0.03375,0.024,0.058125,0.042,0.2547,0.1825,0.595075,50.625,0.3614951410319119,211.5,1.5102463669777653,0.759375,0.5422427115478679,7.4025,5.285862284422178,13.989979995970046,0,,,0.3742792874582401,Advisory
812508,15078.0,33084.5114,USA,United States,Alaska,3.76757615,0.0,0.77,0.32,15078.0,15078.0,1.0,1.0,100.0,-9999.0,-9999.0,3.0,10.0,10.0,-999.9,-999.9,-3785.516666666666,0.0,0.0,0.0,0.0,0.0,0.0,0.0,0.0,0.0,0.0,0.0,-3785.516666666666,36.03536318136439,75.351523,0.0,3.0,989.0,2.989,252.625,0.764,138.75,0.419,249.688,0.755,2.52625,0.764,2.08125,0.6285,6.2422,1.8875,14.1297,234.0,0.7072796002434424,690.328125,2.086559830285492,3.51,1.0609194003651636,24.161484375,7.302959405999223,36.03536318136439,117,0.0,0.0,0.6479477335785109,Watch
812702,15090.0,16189.11837,USA,United States,Alaska,4.00593092,0.0,0.77,0.32,15090.0,,,,,,,,,,,,,,,,,,,,,,,,,12.631321311073837,80.1186184,0.0,,24.375,0.151,10.812,0.067,1.062,0.007,3.625,0.022,0.10812,0.067,0.01593,0.0105,0.090625,0.0549999999999999,0.347175,65.109375,0.4021798685550988,195.1875,1.2056709666403396,0.976640625,0.6032698028326482,6.8315625,4.219848383241189,12.631321311073837,54,,,0.325056883705728,Information
812705,15093.0,23800.81188,USA,United States,Alaska,4.003163483,0.0,0.77,0.32,15093.0,15093.0,1.0,1.0,100.0,-9999.0,-9999.0,3.0,10.0,10.0,-999.9,-999.9,-4969.5,0.0,0.0,0.0,0.0,0.0,0.0,0.0,0.0,0.0,0.0,0.0,-4969.5,9.319426035060406,80.06326966,0.0,,,,,,,,,,,,,,,,,12.234375,0.0514031834726787,182.25,0.7657301813861108,0.183515625,0.077104775209018,6.37875,2.680055634851388,9.319426035060406,94,,,0.2234890184585709,Information
813102,15141.0,5799.17138,USA,United States,Alaska,1.148254634,0.0,0.77,0.32,15141.0,15141.0,2.0,1.0,100.0,100.0,2.0,7.0,10.0,10.0,10.0,0.2,-581.1666666666666,0.0,0.0,0.0,0.0,0.0,0.0,0.0,0.0,0.0,0.0,0.0,-581.1666666666666,3.59845,22.96509268,0.0,,131.625,2.27,131.625,2.27,0.0,0.0,0.188,0.003,1.31625,2.27,0.0,0.0,0.0046999999999999,0.0075,3.59845,0.0,0.0,19.265625,0.3322134101325731,0.0,0.0,0.674296875,1.162746935464006,1.8370438104640057,125,,,0.0010928874793631,Information
813103,15142.0,5498.255596,USA,United States,Alaska,3.888552385,1.407783602,0.77,0.32,15142.0,15142.0,3.0,1.0,100.0,100.0,98.0,10.0,10.0,10.0,10.0,9.8,98.8,0.0,0.0,0.0,0.0,0.0,0.0,0.0,0.0,0.0,0.0,0.0,98.8,98.8,77.7710477,28.15567204,,63.062,1.147,63.062,1.147,0.5,0.009,8.875,0.161,0.63062,1.147,0.0075,0.0134999999999999,0.221875,0.4025,2.422995,2.25,0.0409220699348574,14.203125,0.2583205664637876,0.03375,0.0613831049022861,0.497109375,0.9041219826232566,1.4963644625255426,469,,,0.9321113587432988,Warning
813105,15144.0,19878.84712,USA,United States,Alaska,1.648799834,0.0,0.77,0.32,15144.0,,,,,,,,,,,,,,,,,,,,,,,,,3.183172320422816,32.97599668,0.0,,94.438,0.475,85.75,0.431,1.125,0.006,0.75,0.004,0.8575,0.431,0.016875,0.009,0.01875,0.01,1.343125,1.40625,0.0070741023932457,59.90625,0.3013567619522707,0.02109375,0.0106111535898685,2.09671875,1.054748666832947,3.183172320422816,545,,,0.0011550253892751,Information
813106,15145.0,7183.8439,USA,United States,Alaska,4.003220462,0.0,0.77,0.32,15145.0,,,,,,,,,,,,,,,,,,,,,,,,,13.16299,80.06440924,0.0,,674.5,9.389,549.062,7.643,0.688,0.01,0.062,0.001,5.49062,7.643,0.01032,0.015,0.00155,0.0025,13.16299,0.0,0.0,2.109375,0.029362762181706,0.0,0.0,0.073828125,0.102769667635971,0.176597792635971,434,,,0.339035260738875,Information
813107,15146.0,2154.91839,USA,United States,Alaska,3.858094824,0.0,0.77,0.32,15146.0,,,,,,,,,,,,,,,,,,,,,,,,,16.091070000000002,77.16189648,0.0,,547.875,25.424,495.812,23.008,6.0,0.278,4.438,0.206,4.95812,10.0,0.09,0.417,0.11095,0.515,16.091070000000002,1.546875,0.071783460902059,13.921875,0.6460511481185313,0.023203125,0.1076751913530885,0.487265625,2.2611790184148592,2.879322959767948,231,,,0.3631071026334904,Advisory
813108,15147.0,15107.79634,USA,United States,Alaska,4.036179626,0.0,0.77,0.32,15147.0,,,,,,,,,,,,,,,,,,,,,,,,,25.70687,80.72359252,0.0,2.0,5380.812,35.616,2453.0,16.237,88.438,0.585,84.312,0.558,10.0,10.0,1.32657,0.8775,2.1078,1.395,25.70687,30.65625,0.2029167544807945,59.203125,0.3918713469560296,0.45984375,0.3043751317211917,2.072109375,1.3715497143461035,4.207877971067296,208,,,0.6132792982582633,Watch
813201,15149.0,1253.693733,USA,United States,Alaska,1.072726815,0.0,0.77,0.32,15149.0,,,,,,,,,,,,,,,,,,,,,,,,,41.42877105722332,21.4545363,0.0,,600.562,47.903,558.75,44.568,69.438,5.539,29.0,2.313,5.5875,10.0,1.04157,8.308499999999999,0.725,5.782500000000001,31.44507,13.640625,1.0880348714822117,131.203125,10.465325104050551,0.204609375,1.6320523072233175,4.592109375,35.0,41.42877105722332,0,,,0.2611831709749878,Advisory
813202,15150.0,4184.576004,USA,United States,Alaska,0.91001589,0.0,0.77,0.32,15150.0,15150.0,1.0,1.0,100.0,2.0,-9999.0,3.0,10.0,10.0,0.2,-999.9,-2342.8,0.0,0.0,0.0,0.0,0.0,0.0,0.0,0.0,0.0,0.0,0.0,-2342.8,16.59801683004404,18.2003178,0.0,,337.625,8.068,261.0,6.237,3.438,0.082,4.188,0.1,2.61,6.237,0.05157,0.123,0.1046999999999999,0.25,9.376269999999998,20.953125,0.5007227728824128,130.921875,3.1286771916344054,0.314296875,0.7510841593236193,4.582265625,10.95037017072042,16.59801683004404,0,,,0.0553572205347875,Information
813203,15151.0,1563.687768,USA,United States,Alaska,4.034760547,0.0,0.77,0.32,15151.0,15151.0,1.0,1.0,100.0,-9999.0,-9999.0,3.0,10.0,10.0,-999.9,-999.9,-4966.5,0.0,0.0,0.0,0.0,0.0,0.0,0.0,0.0,0.0,0.0,0.0,-4966.5,14.00605,80.69521094000001,0.0,,211.938,13.554,203.5,13.014,11.0,0.703,4.062,0.26,2.035,10.0,0.165,1.0545,0.10155,0.65,14.00605,2.53125,0.1618769458006063,47.53125,3.039689315589164,0.03796875,0.2428154187009094,1.66359375,10.638912604562073,12.58329052326298,0,,,0.3741567949658921,Advisory
813205,15153.0,3850.278875,USA,United States,Alaska,3.745360572,0.0,0.77,0.32,15153.0,15153.0,1.0,3.0,100.0,-9999.0,-9999.0,3.0,8.0,10.0,-999.9,-999.9,-3957.6,0.0,0.0,0.0,0.0,0.0,0.0,0.0,0.0,0.0,0.0,0.0,-3957.6,21.92412,74.90721144,0.0,,4000.5,103.902,821.75,21.343,36.938,0.959,19.062,0.495,8.2175,10.0,0.5540700000000001,1.4385,0.47655,1.2375,21.92412,2.390625,0.0620896583795898,118.265625,3.0716119233667687,0.035859375,0.0931344875693847,4.139296875,10.750641731783691,15.018932469353077,0,,,0.4463086665322042,Advisory
813206,15154.0,3268.943348,USA,United States,Alaska,3.477691495,0.0,0.77,0.32,15154.0,,,,,,,,,,,,,,,,,,,,,,,,,8.328574999999999,69.55382990000001,0.0,,858.938,26.276,194.625,5.954,0.875,0.027,3.688,0.113,1.94625,5.954,0.013125,0.0405,0.0922,0.2825,8.328574999999999,1.40625,0.0430184879359833,3.234375,0.0989425222527617,0.02109375,0.0645277319039749,0.113203125,0.346298827884666,0.5451234347886409,0,,,0.0974416127720157,Information
813207,15155.0,5985.354528,USA,United States,Alaska,3.570836882,0.0,0.77,0.32,15155.0,,,,,,,,,,,,,,,,,,,,,,,,,9.46588,71.41673764000001,0.0,,4912.562,82.076,334.25,5.584,11.062,0.185,1.438,0.024,3.3425,5.584,0.16593,0.2774999999999999,0.0359499999999999,0.06,9.46588,1.40625,0.0234948488594982,1.96875,0.0328927884032976,0.02109375,0.0352422732892473,0.06890625,0.1151247594115416,0.2403670327007889,195,,,0.1345521600792811,Information
813401,15159.0,5927.03389,USA,United States,Alaska,4.028225621,0.0,0.77,0.32,15159.0,15159.0,1.0,1.0,100.0,-9999.0,-9999.0,3.0,10.0,10.0,-999.9,-999.9,-2603.4666666666662,0.0,0.0,0.0,0.0,0.0,0.0,0.0,0.0,0.0,0.0,0.0,-2603.4666666666662,43.934837565223575,80.56451242,0.0,3.0,135.312,2.283,117.25,1.978,30.75,0.519,70.062,1.182,1.1725,1.978,0.46125,0.7785,1.75155,2.955,9.0968,31.78125,0.5362083394392576,453.515625,7.651645551732769,0.47671875,0.8043125091588864,15.873046875,26.78075943106469,43.934837565223575,396,60.0,15.15,0.7926375048404912,Watch
813501,15168.0,23916.07488,USA,United States,Alaska,0.089033291,0.0,0.77,0.32,15168.0,15168.0,2.0,1.0,100.0,100.0,-9999.0,7.0,10.0,10.0,10.0,-999.9,-1931.5454545454545,0.0,0.0,0.0,0.0,0.0,0.0,0.0,0.0,0.0,0.0,0.0,-1931.5454545454545,27.23438831461999,1.78066582,0.0,,80.188,0.335,57.125,0.239,181.125,0.757,242.312,1.013,0.57125,0.239,2.716875,1.1355,6.057799999999999,2.5325,13.252924999999998,493.453125,2.0632696943123463,337.21875,1.410008756614707,7.401796875,3.0949045414685195,11.80265625,4.935030648151475,27.23438831461999,82,,,0.0997946342131987,Information
813507,15174.0,4670.5415,USA,United States,Alaska,0.270730671,0.0,0.77,0.32,15174.0,,,,,,,,,,,,,,,,,,,,,,,,,0.4770514276092469,5.414613419999999,0.0,,5.375,0.115,2.25,0.048,3.5,0.075,2.188,0.047,0.0225,0.048,0.0525,0.1124999999999999,0.0547,0.1175,0.4077,10.125,0.2167842850728313,0.0,0.0,0.151875,0.3251764276092469,0.0,0.0,0.4770514276092469,5708,,,6.128069241678943e-08,Information
813508,15175.0,13027.56899,USA,United States,Alaska,0.380122075,0.0,0.77,0.32,15175.0,15175.0,2.0,5.0,96.0,84.0,9.0,7.0,6.0,9.6,8.4,0.9,77.64615384615385,0.0,0.0,0.0,0.0,0.0,0.0,0.0,0.0,0.0,0.0,0.0,77.64615384615385,77.64615384615385,7.6024415,0.0,,19.125,0.147,2.688,0.021,68.25,0.524,47.125,0.362,0.02688,0.021,1.02375,0.786,1.178125,0.905,3.940755,180.28125,1.383844139808903,14.765625,0.1133413687050973,2.70421875,2.0757662097133545,0.516796875,0.3966947904678405,5.693476625181195,68,,,0.4309568823770039,Watch
813700,15178.0,6621.434734,USA,United States,Alaska,0.166831018,0.0,0.77,0.32,15178.0,15178.0,3.0,7.0,82.0,66.0,39.0,10.0,4.0,8.2,6.6,3.9,59.525000000000006,0.0,0.0,0.0,0.0,0.0,0.0,0.0,0.0,0.0,0.0,0.0,59.525000000000006,59.525000000000006,3.33662036,0.0,,0.312,0.005,0.25,0.004,7.125,0.108,0.812,0.012,0.0025,0.004,0.106875,0.162,0.0203,0.03,0.325675,114.609375,1.7308843114802783,17.296875,0.2612254850454898,1.719140625,2.5963264672204174,0.605390625,0.9142891976592143,5.835146914879632,166,,,0.3138955482092367,Advisory
813801,15179.0,10582.27792,USA,United States,Alaska,0.120848509,0.0,0.77,0.32,15179.0,15179.0,2.0,5.0,100.0,94.0,-9999.0,7.0,6.0,10.0,9.4,-999.9,-333.92,0.0,0.0,0.0,0.0,0.0,0.0,0.0,0.0,0.0,0.0,0.0,-333.92,31.987259719554817,2.4169701800000003,0.0,,33.75,0.319,25.125,0.237,184.188,1.741,134.188,1.268,0.25125,0.237,2.76282,2.6115000000000004,3.3547,3.17,12.38727,653.765625,6.177929080159071,189.703125,1.792649242661774,9.806484375,9.266893620238609,6.639609375,6.274272349316209,31.987259719554817,310,,,0.1323468250782549,Information
813901,15188.0,1235.422909,USA,United States,Alaska,3.903523148,0.0,0.77,0.32,15188.0,,,,,,,,,,,,,,,,,,,,,,,,,42.555370257615074,78.07046296,0.0,3.0,4.812,0.39,1.938,0.157,13.75,1.113,1.875,0.152,0.0193799999999999,0.157,0.20625,1.6695,0.046875,0.38,2.479005,112.78125,9.128958933991672,85.359375,6.909324280465018,1.69171875,13.693438400987509,2.987578125,24.182634981627565,42.555370257615074,566,17.0,3.0,0.7463256303871961,Watch
813902,15189.0,9159.517235,USA,United States,Alaska,3.326503715,0.0,0.77,0.32,15189.0,,,,,,,,,,,,,,,,,,,,,,,,,62.80625583954098,66.5300743,0.0,3.0,0.062,0.001,0.0,0.0,55.188,0.603,31.438,0.343,0.0,0.0,0.8278200000000001,0.9045,0.78595,0.8575,3.37577,868.359375,9.480405491700374,485.71875,5.302885921997262,13.025390625,14.22060823755056,17.00015625,18.56010072699042,62.80625583954098,6,0.0,0.0,0.7354588089282188,Watch
813904,15191.0,12464.81852,USA,United States,Alaska,4.036179624,0.0,0.77,0.32,15191.0,15191.0,1.0,1.0,100.0,2.0,2.0,3.0,10.0,10.0,0.2,0.2,-966.1,0.0,0.0,0.0,0.0,0.0,0.0,0.0,0.0,0.0,0.0,0.0,-966.1,32.26196647702123,80.72359248,0.0,3.0,254.125,2.039,94.625,0.759,106.562,0.855,163.312,1.31,0.94625,0.759,1.5984299999999998,1.2825,4.082800000000001,3.2750000000000004,11.943980000000002,335.671875,2.692954369969337,367.59375,2.9490501563049216,5.035078125,4.039431554954005,12.86578125,10.321675547067226,32.26196647702123,1349,140.0,10.38,0.6967259665426448,Watch
813909,15196.0,11621.54288,USA,United States,Alaska,4.035665332,0.0,0.77,0.32,15196.0,15196.0,2.0,7.0,100.0,100.0,23.0,7.0,4.0,10.0,10.0,2.3,-1196.95,0.0,0.0,0.0,0.0,0.0,0.0,0.0,0.0,0.0,0.0,0.0,-1196.95,31.70024468224953,80.71330664,0.0,3.0,58.75,0.506,5.188,0.045,55.125,0.474,72.875,0.627,0.0518799999999999,0.045,0.826875,0.711,1.821875,1.5675,5.02413,366.46875,3.1533571203063806,329.765625,2.837537393368558,5.49703125,4.7300356804595705,11.541796875,9.931380876789952,31.70024468224953,93,0.0,0.0,0.6903733893492586,Watch
731000,16295.0,4017.205989,USA,United States,New York,0.817449364,0.624219906,0.77,0.32,16295.0,,,,,,,,,,,,,,,,,,,,,,,,,32.71375106715125,16.34898728,12.48439812,,187.875,4.677,171.438,4.268,18.188,0.453,6.25,0.156,1.7143799999999998,4.268,0.2728199999999999,0.6795,0.15625,0.39,7.480949999999999,83.953125,2.089838689566416,231.890625,5.772435509371893,1.259296875,3.134758034349624,8.116171875,20.203524282801624,32.71375106715125,7688981,,,0.173901821964526,Information
731140,16296.0,24646.22531,USA,United States,Maine,1.378255462,0.0,0.77,0.32,16296.0,16296.0,0.0,1.0,2.0,2.0,2.0,0.0,10.0,0.2,0.2,0.2,21.2,0.0,0.0,0.0,0.0,0.0,0.0,0.0,0.0,0.0,0.0,0.0,21.2,21.2,27.56510924,0.0,,110.375,0.448,100.062,0.406,0.0,0.0,0.0,0.0,1.00062,0.406,0.0,0.0,0.0,0.0,1.4066200000000002,12.515625,0.0507811027624114,145.6875,0.5911148591220028,0.187734375,0.0761716541436171,5.0990625,2.0689020069270097,7.431870536070626,404770,,,0.1095946064204808,Information
731170,16297.0,3690.254115,USA,United States,New Hampshire,2.881945889,1.88842372,0.77,0.32,16297.0,,,,,,,,,,,,,,,,,,,,,,,,,10.397407620219532,57.63891778,37.7684744,,15.125,0.41,12.562,0.34,0.25,0.007,0.188,0.005,0.1256199999999999,0.34,0.00375,0.0105,0.0046999999999999,0.0125,0.49707,9.984375,0.2705606358683325,75.796875,2.053974404690581,0.149765625,0.4058409538024987,2.652890625,7.188910416417032,10.397407620219532,393676,,,0.0800591856342953,Information
731505,16298.0,8474.282901,USA,United States,New Jersey,0.21688168,2.036765552,0.77,0.32,16298.0,,,,,,,,,,,,,,,,,,,,,,,,,62.67481192098784,4.3376336,40.73531104,3.0,53.25,0.628,30.562,0.361,7.188,0.085,1.312,0.015,0.30562,0.361,0.10782,0.1275,0.0328,0.0375,0.97224,213.328125,2.517359020208304,729.984375,8.614113825907253,3.199921875,3.776038530312456,25.549453125,30.149398390675387,62.67481192098784,1951536,15664.0,0.8,0.5223075788718929,Watch
731507,16299.0,8162.444615,USA,United States,Maryland,0.378244629,2.566563044,0.77,0.32,16299.0,,,,,,,,,,,,,,,,,,,,,,,,,85.82688387920547,7.56489258,51.33126088,3.0,49.312,0.604,36.188,0.443,28.938,0.355,46.188,0.566,0.36188,0.443,0.4340699999999999,0.5325,1.1547,1.4149999999999998,4.34115,474.1875,5.809380919470315,1282.921875,15.717373110417462,7.1128125,8.714071379205473,35.0,35.0,85.82688387920547,662986,18656.0,2.81,0.7147432397845116,Warning
731509,16300.0,6195.137151,USA,United States,Maryland,0.144876983,2.009722851,0.77,0.32,16300.0,,,,,,,,,,,,,,,,,,,,,,,,,73.9373790969365,2.89753966,40.19445702,3.0,11.375,0.184,7.75,0.125,10.062,0.162,21.438,0.346,0.0775,0.125,0.15093,0.243,0.53595,0.865,1.99738,285.1875,4.603408981290997,792.984375,12.800110081607464,4.2778125,6.905113471936495,27.754453125,35.0,73.9373790969365,307852,12812.0,4.16,0.583993353101267,Watch
731700,16301.0,9504.131544,USA,United States,Maryland,0.572969099,0.383627017,0.77,0.32,16301.0,,,,,,,,,,,,,,,,,,,,,,,,,24.1691585043451,11.45938198,7.67254034,,9.688,0.102,9.062,0.095,3.5,0.037,1.875,0.02,0.0906199999999999,0.095,0.0525,0.0554999999999999,0.046875,0.05,0.390495,51.46875,0.5415408000107828,314.4375,3.3084295869511213,0.77203125,0.8123112000161741,11.0053125,11.579503554328925,24.1691585043451,4663041,,,0.0970777022223109,Information
731901,16302.0,5293.256486,USA,United States,Virginia,1.15031739,0.063819002,0.77,0.32,16302.0,,,,,,,,,,,,,,,,,,,,,,,,,21.30195324119152,23.0063478,1.27638004,,18.438,0.348,16.875,0.319,3.75,0.071,2.188,0.041,0.16875,0.319,0.05625,0.1064999999999999,0.0547,0.1025,0.8077000000000001,71.859375,1.3575645765780782,179.859375,3.3978964646641137,1.077890625,2.036346864867117,6.295078125,11.892637626324396,21.30195324119152,2066421,,,0.099409385031739,Information
731903,16303.0,4491.836375,USA,United States,Virginia,0.136727945,0.514279088,0.77,0.32,16303.0,,,,,,,,,,,,,,,,,,,,,,,,,18.03202624841836,2.7345589,10.28558176,,12.375,0.275,10.312,0.23,7.125,0.159,6.312,0.141,0.1031199999999999,0.23,0.106875,0.2385,0.1578,0.3525,1.188795,26.4375,0.5885677436665372,148.359375,3.302866859405302,0.3965625,0.8828516154998058,5.192578125,11.560034007918556,18.03202624841836,114709,,,0.0543039154991125,Information
731909,16304.0,2491.710591,USA,United States,Virginia,0.817495141,1.106314185,0.77,0.32,16304.0,,,,,,,,,,,,,,,,,,,,,,,,,41.90145639008245,16.34990282,22.1262837,,13.188,0.529,12.188,0.489,3.875,0.156,2.75,0.11,0.12188,0.489,0.058125,0.2339999999999999,0.06875,0.275,1.2467549999999998,32.203125,1.2924103270722436,225.0,9.029941149849735,0.483046875,1.9386154906083648,7.875,31.604794024474074,41.90145639008245,998724,,,0.2677052999868051,Advisory
732110,16305.0,5256.861597,USA,United States,North Carolina,2.411633234,1.381924058,0.77,0.32,16305.0,,,,,,,,,,,,,,,,,,,,,,,,,58.447208082506464,48.23266468,27.63848116,,55.25,1.051,50.25,0.956,4.312,0.082,16.0,0.304,0.5025,0.956,0.06468,0.123,0.4,0.76,2.8061800000000003,99.703125,1.8966283050043096,545.90625,10.384641861814853,1.495546875,2.8449424575064644,19.10671875,35.0,58.447208082506464,354202,,,0.5482988579216681,Advisory
732150,16306.0,15666.33494,USA,United States,North Carolina,1.273851892,1.117438888,0.77,0.32,16306.0,,,,,,,,,,,,,,,,,,,,,,,,,37.29398286767375,25.47703784,22.34877776,,72.188,0.461,67.375,0.43,27.438,0.175,21.438,0.137,0.67375,0.43,0.41157,0.2624999999999999,0.53595,0.3425,2.65627,128.953125,0.8231224821795727,595.125,3.798750648401256,1.934296875,1.234683723269359,20.829375,13.295627269404395,37.29398286767375,454531,,,0.244382229746667,Advisory
732510,16307.0,21040.99638,USA,United States,South Carolina,3.406839745,2.095499254,0.77,0.32,16307.0,,,,,,,,,,,,,,,,,,,,,,,,,67.15949894595897,68.1367949,41.90998508,3.0,146.812,0.698,145.375,0.691,4.5,0.021,2.0,0.01,1.45375,0.691,0.0675,0.0315,0.05,0.025,2.31875,69.890625,0.3321640465470806,1840.359375,8.74654100032524,1.048359375,0.4982460698206209,35.0,30.612893501138345,67.15949894595897,1164509,51440.0,4.42,0.7720510396473155,Watch
732530,16308.0,14927.8292,USA,United States,Georgia,1.342538912,1.507577295,0.77,0.32,16308.0,,,,,,,,,,,,,,,,,,,,,,,,,53.1979913564276,26.85077824,30.1515459,,10.375,0.07,10.0,0.067,8.438,0.057,1.438,0.01,0.1,0.067,0.12657,0.0855,0.0359499999999999,0.025,0.44002,79.59375,0.5331903850418478,876.09375,5.86886236538995,1.19390625,0.7997855775627717,30.66328125,20.541018278864826,53.1979913564276,404272,,,0.3926928662254092,Advisory
732570,16309.0,507.668543,USA,United States,Florida,0.0,2.063601625,0.77,0.32,16309.0,,,,,,,,,,,,,,,,,,,,,,,,,57.35046875,0.0,41.2720325,,0.0,0.0,0.0,0.0,3.562,0.702,1.812,0.357,0.0,0.0,0.05343,1.053,0.0453,0.8925,2.04423,51.328125,10.110558494677116,188.015625,37.035114266803575,0.769921875,15.0,6.580546875,35.0,57.35046875,39095,,,0.490531976253537,Advisory
732571,16310.0,13272.80044,USA,United States,Florida,3.141896897,1.054532929,0.77,0.32,16310.0,,,,,,,,,,,,,,,,,,,,,,,,,69.38974525144724,62.83793794,21.090658580000003,3.0,7.812,0.059,7.812,0.059,22.062,0.166,7.812,0.059,0.07812,0.059,0.33093,0.249,0.1953,0.1475,1.0598500000000002,169.734375,1.2788135835079049,1134.84375,8.550145500338683,2.546015625,1.9182203752618567,35.0,29.92550925118539,69.38974525144724,5878292,349602.0,5.95,0.7338341778631423,Watch
732573,16311.0,10054.97617,USA,United States,Florida,2.891180138,0.287101851,0.77,0.32,16311.0,,,,,,,,,,,,,,,,,,,,,,,,,89.19332335496638,57.82360276,5.742037020000001,3.0,0.0,0.0,0.0,0.0,40.438,0.402,8.875,0.088,0.0,0.0,0.60657,0.603,0.221875,0.2199999999999999,1.651445,641.53125,6.380236403310918,1807.59375,17.977106253432385,9.62296875,9.570354604966376,35.0,35.0,89.19332335496638,1361451,51325.0,3.77,0.7730549512705956,Warning
732577,16312.0,11857.71769,USA,United States,Florida,3.172056309,0.210771879,0.77,0.32,16312.0,,,,,,,,,,,,,,,,,,,,,,,,,59.59955159381931,63.44112618,4.21543758,3.0,0.75,0.006,0.688,0.006,13.312,0.112,3.25,0.027,0.00688,0.006,0.19968,0.168,0.08125,0.0675,0.52931,249.75,2.106223192006919,816.75,6.887919087373979,3.74625,3.159334788010379,28.58625,24.107716805808927,59.59955159381931,4380685,114061.0,2.6,0.6874814831714655,Watch
741009,16313.0,2891.758001,USA,United States,Louisiana,2.320094921,4.038921878,0.77,0.32,16313.0,,,,,,,,,,,,,,,,,,,,,,,,,91.486328125,46.40189842,80.77843756,3.0,214.188,7.407,175.562,6.071,40.5,1.401,37.75,1.305,1.7556200000000002,6.071,0.6075,2.1015,0.94375,3.2625,14.74187,432.421875,14.95359828920922,1248.890625,43.18793704275352,6.486328125,15.0,35.0,35.0,91.486328125,4274,94.0,2.2,0.9406385900005791,Warning
743001,16314.0,4264.390565,USA,United States,Louisiana,3.873614538,4.037382964,0.77,0.32,16314.0,,,,,,,,,,,,,,,,,,,,,,,,,75.23544916986023,77.47229075999999,80.74765928,3.0,214.125,5.021,172.812,4.052,39.125,0.917,56.25,1.319,1.72812,4.052,0.586875,1.3755000000000002,1.40625,3.2975,12.446245,104.34375,2.446861946573485,1443.796875,33.85705068122638,1.56515625,3.670292919860228,35.0,35.0,75.23544916986023,95082,644.0,0.68,0.913557148278255,Warning
751300,16315.0,1816.256111,USA,United States,Texas,1.501756058,3.641941633,0.77,0.32,16315.0,,,,,,,,,,,,,,,,,,,,,,,,,62.4564749137392,30.03512116,72.83883266000001,3.0,79.25,4.363,66.438,3.658,8.688,0.478,3.0,0.165,0.66438,3.658,0.13032,0.717,0.075,0.4125,5.6572,154.40625,8.501347859159466,353.953125,19.488062442171564,2.31609375,12.7520217887392,12.388359375,35.0,62.4564749137392,8403,357.0,4.25,0.7974878464902295,Watch
751500,16316.0,14735.27338,USA,United States,Texas,3.034105537,0.004252984,0.77,0.32,16316.0,,,,,,,,,,,,,,,,,,,,,,,,,50.12482454604906,60.68211074,0.08505968,,780.375,5.296,605.5,4.109,33.062,0.224,13.312,0.09,6.055,4.109,0.49593,0.336,0.3328,0.2249999999999999,11.55373,251.296875,1.70541033372373,745.453125,5.058970441560992,3.769453125,2.558115500585595,26.090859375,17.70639654546347,50.12482454604906,6760122,,,0.5959340761646412,Advisory
751930,16317.0,2633.358616,USA,United States,Texas,0.153984913,0.0,0.77,0.32,16317.0,,,,,,,,,,,,,,,,,,,,,,,,,44.98164873451621,3.07969826,0.0,,95.562,3.629,66.062,2.509,11.188,0.425,4.938,0.187,0.66062,2.509,0.16782,0.6375,0.1234499999999999,0.4675,4.56589,5.0625,0.1922449896774774,274.78125,10.434630828605304,0.0759375,0.2883674845162161,9.61734375,35.0,44.98164873451621,38536,,,0.2213522070999128,Advisory
765000,16330.0,13818.53747,USA,United States,Puerto Rico,1.603680638,0.190338852,0.77,0.32,16330.0,,,,,,,,,,,,,,,,,,,,,,,,,18.933119834401644,32.07361276,3.80677704,,131.562,0.952,120.562,0.872,22.312,0.161,6.25,0.045,1.20562,0.872,0.33468,0.2415,0.15625,0.1124999999999999,2.92255,78.328125,0.5668336837807855,280.265625,2.02818587392299,1.174921875,0.8502505256711782,9.809296875,7.098650558730466,18.933119834401644,4383351,,,0.1007108054834112,Information
774300,16339.0,11396.69677,USA,United States,California,3.155637204,1.631269474,0.77,0.32,16339.0,,,,,,,,,,,,,,,,,,,,,,,,,15.807958995291177,63.11274408,32.62538948,,12.625,0.111,12.562,0.11,6.125,0.054,1.938,0.017,0.1256199999999999,0.11,0.091875,0.081,0.04845,0.0425,0.499445,84.234375,0.7391121895706749,204.46875,1.7941053816957615,1.263515625,1.1086682843560125,7.15640625,6.279368835935165,15.807958995291177,6358856,,,0.1983993147122646,Information
782995,16340.0,27841.78764,USA,United States,Idaho,1.474192272,0.0,0.77,0.32,16340.0,16340.0,0.0,19.0,-9999.0,-9999.0,-9999.0,0.0,1.0,-999.9,-999.9,-999.9,-5997.4,0.0,0.0,0.0,0.0,0.0,0.0,0.0,0.0,0.0,0.0,0.0,-5997.4,20.07476308331417,29.48384544,0.0,,153.0,0.55,151.375,0.544,119.125,0.428,84.0,0.302,1.51375,0.544,1.786875,0.642,2.1,0.755,7.341625,86.90625,0.3121432112718423,384.75,1.3819155761161173,1.30359375,0.4682148169077634,13.46625,4.83670451640641,20.07476308331417,246322,,,0.1044894103665098,Information
783700,16346.0,16427.78501,USA,United States,Alaska,0.447894684,0.958242777,0.77,0.32,16346.0,,,,,,,,,,,,,,,,,,,,,,,,,59.525807174284026,8.95789368,19.16485554,,52.125,0.317,45.75,0.278,0.0,0.0,1.688,0.01,0.4575,0.278,0.0,0.0,0.0421999999999999,0.025,0.8027000000000001,0.0,0.0,1151.15625,7.007373478366865,0.0,0.0,35.0,24.525807174284022,59.525807174284026,14846,,,0.3798016092335786,Advisory
783900,16347.0,22409.14968,USA,United States,Alaska,2.163491581,3.484685596,0.77,0.32,16347.0,,,,,,,,,,,,,,,,,,,,,,,,,44.118873081234334,43.269831620000005,69.69371192,3.0,149.125,0.665,129.938,0.58,0.0,0.0,0.25,0.001,1.29938,0.58,0.0,0.0,0.00625,0.0025,1.88813,0.0,0.0,871.59375,3.889454808924096,0.0,0.0,30.50578125,13.613091831234335,44.118873081234334,12002,277.0,2.31,0.6463677350277672,Watch
783909,16348.0,12188.691,USA,United States,Alaska,4.006103488,2.25242769,0.77,0.32,16348.0,,,,,,,,,,,,,,,,,,,,,,,,,24.39792186802764,80.12206976,45.04855380000001,,59.938,0.492,52.938,0.434,0.0,0.0,0.375,0.003,0.5293800000000001,0.434,0.0,0.0,0.009375,0.0075,0.980255,0.0,0.0,382.921875,3.141616069436468,0.0,0.0,13.402265625,10.99565624302764,24.39792186802764,3,,,0.5811701361608154,Advisory
811000,16349.0,16630.40497,USA,United States,Alaska,0.008856659,0.089221703,0.77,0.32,16349.0,,,,,,,,,,,,,,,,,,,,,,,,,9.053675000000002,0.17713318,1.78443406,,225.875,1.358,203.625,1.224,89.875,0.54,90.812,0.546,2.03625,1.224,1.348125,0.81,2.2703,1.3650000000000002,9.053675000000002,,,,,,,,,,6412,,,0.0085629416613789,Information
813101,16351.0,29580.61197,USA,United States,Alaska,3.568215474,3.481627171,0.77,0.32,16351.0,16351.0,1.0,1.0,100.0,-9999.0,-9999.0,3.0,10.0,10.0,-999.9,-999.9,-3193.474999999999,0.0,0.0,0.0,0.0,0.0,0.0,0.0,0.0,0.0,0.0,0.0,-3193.474999999999,2.598505,71.36430948,69.63254342,,174.188,0.589,157.938,0.534,5.25,0.018,11.375,0.038,1.5793799999999998,0.534,0.07875,0.0269999999999999,0.284375,0.095,2.598505,0.0,0.0,39.375,0.1331108363602384,0.0,0.0,1.378125,0.4658879272608344,1.8440129272608343,1345,,,0.0082038627216414,Information
752146,14181.0,16824.20733,MEX,Mexico,Coahuila,2.838313391,0.0,0.57,0.6,14181.0,14181.0,0.0,12.0,5.0,5.0,2.0,0.0,1.0,0.5,0.5,0.2,4.4,0.0,0.0,0.0,0.0,0.0,0.0,0.0,0.0,0.0,0.0,0.0,4.4,4.4,56.76626782,0.0,,,,,,,,,,,,,,,,,0.5625,0.0033433967430373,3.515625,0.0208962296439834,0.0084375,0.0050150951145559,0.123046875,0.0731368037539419,0.2096362738684978,190439,,,0.0111559305182219,Information
752147,14182.0,15790.99662,MEX,Mexico,Coahuila,3.110943208,0.0,0.57,0.6,14182.0,14182.0,0.0,18.0,17.0,5.0,3.0,0.0,1.0,1.7,0.5,0.3,7.0,0.0,0.0,0.0,0.0,0.0,0.0,0.0,0.0,0.0,0.0,0.0,7.0,7.0,62.21886416,0.0,,,,,,,,,,,,,,,,,0.0,0.0,8.015625,0.0507607290069613,0.0,0.0,0.280546875,0.1776625515243645,0.4582094265243645,429482,,,0.0459075524422963,Information
752151,14185.0,16036.42214,MEX,Mexico,Coahuila,1.206786623,0.0,0.57,0.6,14185.0,14185.0,0.0,20.0,3.0,3.0,2.0,0.0,1.0,0.3,0.3,0.2,3.6,0.0,0.0,0.0,0.0,0.0,0.0,0.0,0.0,0.0,0.0,0.0,3.6,3.6,24.13573246,0.0,,,,,,,,,,,,,,,,,1.6875,0.0105229207916738,9.28125,0.0578760643542062,0.0253125,0.0157843811875106,0.32484375,0.2025662252397216,0.5685068564272324,869048,,,0.0011518038530625,Information
752242,14240.0,8124.38083,MEX,Mexico,Zacatecas,1.542151433,0.0,0.57,0.6,14240.0,,,,,,,,,,,,,,,,,,,,,,,,,0.164700434592247,30.84302866,0.0,,0.0,0.0,0.0,0.0,3.875,0.048,0.0,0.0,0.0,0.0,0.058125,0.072,0.0,0.0,0.130125,0.0,0.0,2.109375,0.0259635170263563,0.0,0.0,0.073828125,0.090872309592247,0.164700434592247,13302,,,7.705431016048364e-10,Information
752247,14245.0,11330.29913,MEX,Mexico,Zacatecas,2.70161199,0.0,0.57,0.6,14245.0,,,,,,,,,,,,,,,,,,,,,,,,,0.1342499999999999,54.0322398,0.0,,0.0,0.0,0.0,0.0,4.75,0.042,0.0,0.0,0.0,0.0,0.07125,0.063,0.0,0.0,0.1342499999999999,,,,,,,,,,234677,,,2.673575784868995e-09,Information
752254,14251.0,3628.020972,MEX,Mexico,Durango,2.53016047,0.0,0.57,0.6,14251.0,,,,,,,,,,,,,,,,,,,,,,,,,0.302625,50.6032094,0.0,,0.0,0.0,0.0,0.0,5.375,0.148,0.0,0.0,0.0,0.0,0.080625,0.2219999999999999,0.0,0.0,0.302625,,,,,,,,,,30496,,,1.7423600587648089e-07,Information
753101,14282.0,2003.658639,MEX,Mexico,Tamaulipas,4.033869383,0.0,0.57,0.6,14282.0,,,,,,,,,,,,,,,,,,,,,,,,,9.481956048060315,80.67738766,0.0,,85.875,4.286,59.438,2.966,0.25,0.012,0.0,0.0,0.59438,2.966,0.00375,0.018,0.0,0.0,3.5821300000000003,3.796875,0.1894970992204607,43.59375,2.1757074354941786,0.056953125,0.284245648830691,1.52578125,7.614976024229625,9.481956048060315,35233,,,0.2382678704000686,Information
753102,14283.0,2211.710115,MEX,Mexico,Tamaulipas,3.238021508,0.0,0.57,0.6,14283.0,,,,,,,,,,,,,,,,,,,,,,,,,1.7688,64.76043016,0.0,,41.062,1.857,30.812,1.393,0.812,0.037,0.0,0.0,0.30812,1.393,0.01218,0.0554999999999999,0.0,0.0,1.7688,0.0,0.0,3.65625,0.1653132558374859,0.0,0.0,0.12796875,0.5785963954312007,0.7065651454312006,93584,,,0.0013863795212324,Information
753103,14284.0,417.833879,MEX,Mexico,Tamaulipas,4.023495544,0.0,0.57,0.6,14284.0,,,,,,,,,,,,,,,,,,,,,,,,,26.997716827423265,80.46991088,0.0,3.0,18.688,4.472,17.125,4.099,0.0,0.0,0.0,0.0,0.17125,4.099,0.0,0.0,0.0,0.0,4.27025,0.984375,0.2355900393402115,30.515625,7.303291219546557,0.014765625,0.3533850590103172,1.068046875,25.561519268412948,26.997716827423265,192,9.0,4.69,0.6269537547430488,Watch
753104,14285.0,2736.503763,MEX,Mexico,Tamaulipas,3.217231793,0.0,0.57,0.6,14285.0,,,,,,,,,,,,,,,,,,,,,,,,,0.7977549999999999,64.34463586,0.0,,18.625,0.681,16.938,0.619,0.125,0.005,0.0,0.0,0.1693799999999999,0.619,0.001875,0.0075,0.0,0.0,0.7977549999999999,0.0,0.0,1.96875,0.0719439902251135,0.0,0.0,0.06890625,0.2518039657878972,0.3207102157878972,65124,,,7.239087030647114e-05,Information
753105,14286.0,2902.005621,MEX,Mexico,Tamaulipas,2.613615779,0.0,0.57,0.6,14286.0,,,,,,,,,,,,,,,,,,,,,,,,,5.357995380733834,52.27231558,0.0,,11.188,0.386,9.688,0.334,0.125,0.004,0.0,0.0,0.09688,0.334,0.001875,0.006,0.0,0.0,0.438755,2.25,0.0775325858713434,33.46875,1.153297214836234,0.03375,0.1162988788070151,1.17140625,4.0365402519268185,5.357995380733834,14228,,,0.0143741200051906,Information
753108,14288.0,21194.23625,MEX,Mexico,Tamaulipas,1.431205282,0.0,0.57,0.6,14288.0,14288.0,1.0,12.0,31.0,19.0,13.0,3.0,1.0,3.1,1.9,1.3,20.6,0.0,0.0,0.0,0.0,0.0,0.0,0.0,0.0,0.0,0.0,0.0,20.6,20.6,28.624105640000003,0.0,,20.875,0.098,16.25,0.077,0.25,0.001,0.0,0.0,0.1625,0.077,0.00375,0.0015,0.0,0.0,0.24475,0.140625,0.0006635058623732,5.0625,0.023886211045436,0.002109375,0.0009952587935598,0.1771875,0.083601738659026,0.2638938724525858,530256,,,0.1069948933641327,Information
753109,14289.0,6450.034856,MEX,Mexico,Tamaulipas,0.329762354,0.0,0.57,0.6,14289.0,,,,,,,,,,,,,,,,,,,,,,,,,6.147210910481121,6.59524708,0.0,,63.125,0.979,40.375,0.626,3.938,0.061,2.75,0.043,0.40375,0.626,0.05907,0.0915,0.06875,0.1074999999999999,1.3565699999999998,12.375,0.1918594283094157,63.5625,0.9854597908619992,0.185625,0.2877891424641235,2.2246875,3.449109268016997,6.147210910481121,309620,,,0.0032547917319196,Information
753210,14299.0,1224.538324,MEX,Mexico,Veracruz,2.805554285,0.0,0.57,0.6,14299.0,,,,,,,,,,,,,,,,,,,,,,,,,6.09705035432991,56.1110857,0.0,,46.688,3.813,29.312,2.394,0.5,0.041,0.375,0.031,0.29312,2.394,0.0075,0.0615,0.009375,0.0775,2.842995,2.671875,0.2181944777637807,17.859375,1.4584578250526394,0.040078125,0.327291716645671,0.625078125,5.104602387684238,6.09705035432991,384380,,,0.0241990219689979,Information
753220,14300.0,17430.54949,MEX,Mexico,Tamaulipas,1.894286433,0.0,0.57,0.6,14300.0,,,,,,,,,,,,,,,,,,,,,,,,,1.2581036831173429,37.88572866,0.0,,30.688,0.176,17.625,0.101,0.688,0.004,0.312,0.002,0.17625,0.101,0.01032,0.006,0.0078,0.005,0.30637,2.109375,0.0121015978395077,21.9375,0.1258566175308804,0.031640625,0.0181523967592615,0.7678125,0.4404981613580814,1.2581036831173429,567366,,,4.822161082846691e-05,Information
753230,14301.0,5720.463579,MEX,Mexico,Veracruz,3.02147055,0.0,0.57,0.6,14301.0,,,,,,,,,,,,,,,,,,,,,,,,,2.53899607143616,60.429411,0.0,,126.875,2.218,84.438,1.476,0.875,0.015,0.688,0.012,0.84438,1.476,0.013125,0.0225,0.0171999999999999,0.03,2.403205,1.546875,0.0270410776800574,25.734375,0.4498652014045926,0.023203125,0.0405616165200861,0.900703125,1.574528204916074,2.53899607143616,271241,,,0.0030134213936987,Information
753242,14303.0,5911.068101,MEX,Mexico,Hidalgo,0.720897713,0.0,0.57,0.6,14303.0,,,,,,,,,,,,,,,,,,,,,,,,,0.313755,14.417954260000002,0.0,,14.438,0.244,10.688,0.181,0.625,0.011,0.0,0.0,0.10688,0.181,0.009375,0.0165,0.0,0.0,0.313755,,,,,,,,,,574355,,,1.019740949041411e-08,Information
753243,14304.0,2629.806431,MEX,Mexico,San Luis Potosí,3.111841971,0.0,0.57,0.6,14304.0,,,,,,,,,,,,,,,,,,,,,,,,,0.47032,62.23683942,0.0,,14.875,0.566,9.125,0.347,0.438,0.017,0.0,0.0,0.09125,0.347,0.00657,0.0255,0.0,0.0,0.47032,,,,,,,,,,292624,,,5.781306008833768e-06,Information
753250,14311.0,2111.139309,MEX,Mexico,San Luis Potosí,3.180661865,0.0,0.57,0.6,14311.0,14311.0,0.0,23.0,15.0,3.0,-9999.0,0.0,1.0,1.5,0.3,-999.9,-1994.2,0.0,0.0,0.0,0.0,0.0,0.0,0.0,0.0,0.0,0.0,0.0,-1994.2,0.25538,63.6132373,0.0,,4.875,0.231,3.688,0.175,0.5,0.024,0.0,0.0,0.03688,0.175,0.0075,0.036,0.0,0.0,0.25538,,,,,,,,,,101360,,,3.539063122796205e-07,Information
753301,14316.0,3597.510537,MEX,Mexico,Veracruz,1.795974428,0.0,0.57,0.6,14316.0,,,,,,,,,,,,,,,,,,,,,,,,,23.368290469786142,35.919488560000005,0.0,,52.688,1.465,42.125,1.171,2.188,0.061,3.688,0.103,0.42125,1.171,0.03282,0.0915,0.0922,0.2575,2.06627,36.140625,1.00460094907541,161.15625,4.479660263192295,0.542109375,1.5069014236131149,5.64046875,15.678810921173032,23.368290469786142,173520,,,0.1565448051340015,Information
753302,14317.0,5905.075343,MEX,Mexico,Veracruz,2.967601231,0.0,0.57,0.6,14317.0,,,,,,,,,,,,,,,,,,,,,,,,,0.9866896000411164,59.35202462,0.0,,9.875,0.167,9.375,0.159,0.0,0.0,0.0,0.0,0.09375,0.159,0.0,0.0,0.0,0.0,0.25275,2.109375,0.0357213901175307,9.5625,0.1619369685328058,0.031640625,0.053582085176296,0.3346875,0.5667793898648202,0.9866896000411164,517895,,,0.000100264627981,Information
753306,14321.0,3912.211333,MEX,Mexico,Veracruz,2.241173716,0.0,0.57,0.6,14321.0,14321.0,0.0,12.0,13.0,3.0,2.0,0.0,1.0,1.3,0.3,0.2,5.6,0.0,0.0,0.0,0.0,0.0,0.0,0.0,0.0,0.0,0.0,0.0,5.6,5.6,44.82347432,0.0,,,,,,,,,,,,,,,,,5.90625,0.1509696050833588,11.953125,0.3055337245734643,0.08859375,0.2264544076250382,0.418359375,1.069368036007125,1.8027755686321632,958107,,,0.0110754300846761,Information
753307,14322.0,257.798939,MEX,Mexico,Veracruz,1.121060269,0.0,0.57,0.6,14322.0,,,,,,,,,,,,,,,,,,,,,,,,,52.05734375,22.42120538,0.0,,0.0,0.0,0.0,0.0,0.312,0.121,0.875,0.339,0.0,0.0,0.00468,0.1815,0.021875,0.8475,1.055555,26.578125,10.30963319645686,47.390625,18.382785117491864,0.398671875,15.0,1.658671875,35.0,52.05734375,54995,,,0.3449656682068683,Advisory
753403,14327.0,109.487865,MEX,Mexico,Veracruz,4.079196053,0.0,0.57,0.6,14327.0,14327.0,0.0,14.0,5.0,2.0,-9999.0,0.0,1.0,0.5,0.2,-999.9,-1996.4,0.0,0.0,0.0,0.0,0.0,0.0,0.0,0.0,0.0,0.0,0.0,-1996.4,11.81590786234866,81.58392106000001,0.0,,,,,,,,,,,,,,,,,0.0,0.0,3.65625,3.3394111749567594,0.0,0.0,0.12796875,11.687939112348658,11.81590786234866,5777,,,0.3286017680287696,Information
753405,14329.0,2349.978422,MEX,Mexico,Oaxaca,4.003985161,0.0,0.57,0.6,14329.0,14329.0,0.0,25.0,3.0,-9999.0,-9999.0,0.0,1.0,0.3,-999.9,-999.9,-3997.0,0.0,0.0,0.0,0.0,0.0,0.0,0.0,0.0,0.0,0.0,0.0,-3997.0,2.612487841435356,80.07970322,0.0,,,,,,,,,,,,,,,,,0.0,0.0,14.203125,0.6043938475529589,0.0,0.0,0.497109375,2.115378466435356,2.612487841435356,210089,,,0.0211053833232637,Information
753502,14335.0,21397.87119,MEX,Mexico,Veracruz,1.929945425,0.0,0.57,0.6,14335.0,14335.0,0.0,13.0,15.0,7.0,5.0,0.0,1.0,1.5,0.7,0.5,7.4,0.0,0.0,0.0,0.0,0.0,0.0,0.0,0.0,0.0,0.0,0.0,7.4,7.4,38.5989085,0.0,,,,,,,,,,,,,,,,,3.9375,0.0184013632260435,50.0625,0.2339601895882677,0.0590625,0.0276020448390652,1.7521875,0.8188606635589369,2.657712708398002,1233917,,,0.0171746317159326,Information
753507,14339.0,2055.951652,MEX,Mexico,Tabasco,4.035322122,0.0,0.57,0.6,14339.0,,,,,,,,,,,,,,,,,,,,,,,,,51.74634824066723,80.70644244,0.0,3.0,1.25,0.061,1.25,0.061,0.688,0.033,0.562,0.027,0.0125,0.061,0.01032,0.0495,0.01405,0.0675,0.21487,85.078125,4.138138410444818,264.65625,12.872688410672971,1.276171875,6.207207615667228,9.26296875,35.0,51.74634824066723,578633,9257.0,1.6,0.8380763553119852,Warning
753508,14340.0,1587.610926,MEX,Mexico,Tabasco,4.014662206,0.0,0.57,0.6,14340.0,14340.0,0.0,6.0,13.0,5.0,-9999.0,0.0,5.0,1.3,0.5,-999.9,-1987.4,0.0,0.0,0.0,0.0,0.0,0.0,0.0,0.0,0.0,0.0,0.0,-1987.4,4.162010961047487,80.29324412,0.0,,,,,,,,,,,,,,,,,0.28125,0.0177152975883969,16.171875,1.0186296113328264,0.00421875,0.0265729463825953,0.566015625,3.565203639664892,4.162010961047487,376200,,,0.0599774225139275,Information
753626,14349.0,6293.300477,MEX,Mexico,Chiapas,0.123725157,0.0,0.57,0.6,14349.0,14349.0,1.0,12.0,35.0,23.0,9.0,3.0,1.0,3.5,2.3,0.9,21.6,0.0,0.0,0.0,0.0,0.0,0.0,0.0,0.0,0.0,0.0,0.0,21.6,21.6,2.47450314,0.0,,,,,,,,,,,,,,,,,,,,,,,,,,210299,,,0.0658514491750269,Information
753627,14350.0,18773.98126,MEX,Mexico,Chiapas,2.720003925,0.0,0.57,0.6,14350.0,14350.0,1.0,9.0,45.0,29.0,13.0,3.0,2.0,4.5,2.9,1.3,30.96,0.0,0.0,0.0,0.0,0.0,0.0,0.0,0.0,0.0,0.0,0.0,30.96,30.96,54.4000785,0.0,,,,,,,,,,,,,,,,,0.421875,0.0022471259249592,6.046875,0.0322088049244156,0.006328125,0.0033706888874387,0.211640625,0.1127308172354546,0.3340702561228933,1925848,,,0.3493003936500571,Information
753629,14352.0,5264.491026,MEX,Mexico,Chiapas,3.301875228,0.0,0.57,0.6,14352.0,14352.0,2.0,8.0,54.0,39.0,23.0,7.0,3.0,5.4,3.9,2.3,42.6,0.0,0.0,0.0,0.0,0.0,0.0,0.0,0.0,0.0,0.0,0.0,42.6,42.6,66.03750456,0.0,,,,,,,,,,,,,,,,,,,,,,,,,,811898,,,0.5896315978675348,Advisory
753630,14353.0,5713.26198,MEX,Mexico,Chiapas,3.677411189,0.0,0.57,0.6,14353.0,14353.0,0.0,9.0,5.0,2.0,2.0,0.0,2.0,0.5,0.2,0.2,5.800000000000001,0.0,0.0,0.0,0.0,0.0,0.0,0.0,0.0,0.0,0.0,0.0,5.800000000000001,5.800000000000001,73.54822378,0.0,,,,,,,,,,,,,,,,,3.796875,0.0664572185438839,20.390625,0.3568998773653024,0.056953125,0.0996858278158258,0.713671875,1.2491495707785585,2.1194603985943843,198979,,,0.0645746123599536,Information
753660,14356.0,19673.72663,MEX,Mexico,Chiapas,0.888296331,0.0,0.57,0.6,14356.0,14356.0,0.0,8.0,7.0,-9999.0,-9999.0,0.0,3.0,0.7,-999.9,-999.9,-3991.6,0.0,0.0,0.0,0.0,0.0,0.0,0.0,0.0,0.0,0.0,0.0,-3991.6,0.5334404982525092,17.765926620000002,0.0,,,,,,,,,,,,,,,,,4.21875,0.0214435733501999,8.296875,0.0421723609220598,0.06328125,0.0321653600252998,0.290390625,0.1476032632272093,0.5334404982525092,1353042,,,2.3523839118597905e-07,Information
753710,14360.0,36147.12847,MEX,Mexico,Yucatán,3.007392742,0.0,0.57,0.6,14360.0,,,,,,,,,,,,,,,,,,,,,,,,,16.796574999999997,60.14785484,0.0,,2174.125,6.015,2003.5,5.543,58.875,0.163,3.938,0.011,10.0,5.543,0.883125,0.2445,0.09845,0.0274999999999999,16.796574999999997,8.71875,0.0241201732149096,22.21875,0.0614675381928342,0.13078125,0.0361802598223644,0.77765625,0.2151363836749197,1.1597541434972842,615265,,,0.1937936052150725,Information
753711,14361.0,7446.435734,MEX,Mexico,Campeche,3.260417677,1.281900815,0.57,0.6,14361.0,,,,,,,,,,,,,,,,,,,,,,,,,22.46681427648202,65.20835354,25.6380163,,54.812,0.736,54.812,0.736,5.375,0.072,1.688,0.023,0.5481199999999999,0.736,0.080625,0.1079999999999999,0.0421999999999999,0.0574999999999999,1.5724449999999996,71.296875,0.95746310777627,243.421875,3.268971675662176,1.069453125,1.436194661664405,8.519765625,11.441400864817616,22.46681427648202,228320,,,0.3309331151676544,Information
753713,14363.0,4634.107889,MEX,Mexico,Campeche,2.506485483,4.000500107,0.57,0.6,14363.0,,,,,,,,,,,,,,,,,,,,,,,,,9.614363724851316,50.12970966,80.01000214,,64.312,1.388,64.312,1.388,7.562,0.163,1.938,0.042,0.64312,1.388,0.11343,0.2445,0.04845,0.105,2.5425,43.171875,0.931611348627877,68.484375,1.4778329862598572,0.647578125,1.3974170229418157,2.396953125,5.1724154519095,9.614363724851316,84062,,,0.2320922675354746,Information
753714,14364.0,12837.75912,MEX,Mexico,Campeche,3.24669374,1.017098514,0.57,0.6,14364.0,,,,,,,,,,,,,,,,,,,,,,,,,0.616055,64.9338748,20.34197028,,31.25,0.243,31.25,0.243,2.062,0.016,0.125,0.001,0.3125,0.243,0.03093,0.024,0.003125,0.0025,0.616055,1.546875,0.0120494159879797,3.65625,0.0284804377897702,0.023203125,0.0180741239819695,0.12796875,0.0996815322641957,0.2689275312461652,64424,,,2.6537685116893044e-05,Information
753715,14365.0,63498.80254,MEX,Mexico,Quintana Roo,2.510039217,2.897757575,0.57,0.6,14365.0,,,,,,,,,,,,,,,,,,,,,,,,,44.08705861427664,50.20078434,57.9551515,,1080.438,1.702,1038.375,1.635,67.812,0.107,11.625,0.018,10.0,1.635,1.01718,0.1605,0.290625,0.045,13.148305,200.25,0.3153602776486197,1017.84375,1.6029337708010605,3.00375,0.4730404164729295,35.0,5.610268197803712,44.08705861427664,3929667,,,0.5189145067669805,Advisory
771180,14427.0,18386.80513,MEX,Mexico,Oaxaca,0.954045303,0.0,0.57,0.6,14427.0,14427.0,0.0,25.0,3.0,2.0,-9999.0,0.0,1.0,0.3,0.2,-999.9,-1996.8,0.0,0.0,0.0,0.0,0.0,0.0,0.0,0.0,0.0,0.0,0.0,-1996.8,-1996.8,19.08090606,0.0,,,,,,,,,,,,,,,,,,,,,,,,,,1680889,,,,
771195,14432.0,4130.88348,MEX,Mexico,Guerrero,4.007988731,0.0,0.57,0.6,14432.0,,,,,,,,,,,,,,,,,,,,,,,,,4.892263706572023,80.15977462000001,0.0,,4.25,0.103,3.25,0.079,0.375,0.009,0.125,0.003,0.0325,0.079,0.005625,0.0134999999999999,0.003125,0.0075,0.14125,3.796875,0.0919143572541245,39.234375,0.9497816916259532,0.056953125,0.1378715358811867,1.373203125,3.3242359206908363,4.892263706572023,1029545,,,0.0807482239776093,Information
771197,14434.0,2329.10994,MEX,Mexico,Guerrero,3.342589629,0.0,0.57,0.6,14434.0,,,,,,,,,,,,,,,,,,,,,,,,,0.4131400093499441,66.85179258,0.0,,2.938,0.126,2.375,0.102,0.188,0.008,0.0,0.0,0.02375,0.102,0.00282,0.012,0.0,0.0,0.14057,0.28125,0.0120754282648628,2.109375,0.0905657119864714,0.00421875,0.0181131423972942,0.073828125,0.3169799919526499,0.4131400093499441,22936,,,5.800424527015952e-06,Information
771199,14436.0,3666.872941,MEX,Mexico,Guerrero,3.788841736,0.0,0.57,0.6,14436.0,,,,,,,,,,,,,,,,,,,,,,,,,1.119009336155126,75.77683472000001,0.0,,2.812,0.077,2.562,0.07,0.438,0.012,0.0,0.0,0.0256199999999999,0.07,0.00657,0.018,0.0,0.0,0.12019,3.9375,0.1073803227744427,6.890625,0.1879155648552748,0.0590625,0.161070484161664,0.241171875,0.6577044769934618,1.119009336155126,177001,,,0.0010529869978563,Information
771210,14438.0,3674.795939,MEX,Mexico,Michoacán,4.045999094,0.0,0.57,0.6,14438.0,14438.0,0.0,30.0,-9999.0,-9999.0,-9999.0,0.0,1.0,-999.9,-999.9,-999.9,-5997.4,0.0,0.0,0.0,0.0,0.0,0.0,0.0,0.0,0.0,0.0,0.0,-5997.4,1.6850237779289272,80.91998188,0.0,,3.875,0.105,3.25,0.088,0.75,0.02,0.188,0.005,0.0325,0.088,0.01125,0.03,0.0046999999999999,0.0125,0.17895,2.953125,0.0803616050823213,11.671875,0.3176196772301272,0.044296875,0.1205424076234819,0.408515625,1.1116688703054451,1.6850237779289272,49908,,,0.0076150251409665,Information
771301,14448.0,9419.954627,MEX,Mexico,Michoacán,4.018472715,0.0,0.57,0.6,14448.0,,,,,,,,,,,,,,,,,,,,,,,,,2.233750066611295,80.3694543,0.0,,2.688,0.029,2.562,0.027,1.312,0.014,0.188,0.002,0.0256199999999999,0.027,0.01968,0.021,0.0046999999999999,0.005,0.103,11.53125,0.1224130100092488,26.015625,0.2761756933135491,0.17296875,0.1836195150138732,0.910546875,0.9666149265974218,2.233750066611295,275776,,,0.0148749248061245,Information
771303,14450.0,588.9938251,MEX,Mexico,Colima,4.034989882,0.0,0.57,0.6,14450.0,,,,,,,,,,,,,,,,,,,,,,,,,10.491910698687864,80.69979763999999,0.0,,0.062,0.011,0.062,0.011,0.562,0.096,0.25,0.042,0.00062,0.011,0.00843,0.144,0.00625,0.105,0.2753,6.75,1.146022201294018,13.78125,2.339795327641953,0.10125,1.7190333019410269,0.48234375,8.189283646746837,10.491910698687864,111941,,,0.2710928818969881,Information
771305,14452.0,7038.187164,MEX,Mexico,Jalisco,3.830079171,0.0,0.57,0.6,14452.0,,,,,,,,,,,,,,,,,,,,,,,,,4.946416961627831,76.60158342,0.0,,3.938,0.056,3.562,0.051,10.75,0.153,3.438,0.049,0.03562,0.051,0.16125,0.2294999999999999,0.08595,0.1225,0.6858199999999999,22.359375,0.3176865644520475,48.796875,0.693315961414217,0.335390625,0.4765298466780713,1.707890625,2.42660586494976,4.946416961627831,406280,,,0.0600916257948337,Information
771410,14457.0,2399.787415,MEX,Mexico,Nayarit,3.176325728,0.0,0.57,0.6,14457.0,14457.0,0.0,30.0,-9999.0,-9999.0,-9999.0,0.0,1.0,-999.9,-999.9,-999.9,-5997.4,0.0,0.0,0.0,0.0,0.0,0.0,0.0,0.0,0.0,0.0,0.0,-5997.4,1.740241500443826,63.52651456,0.0,,,,,,,,,,,,,,,,,1.125,0.0468791524156601,9.140625,0.3808931133772388,0.016875,0.0703187286234901,0.319921875,1.333125896820336,1.740241500443826,584522,,,0.0011728687184371,Information
771430,14459.0,4054.788656,MEX,Mexico,Nayarit,0.336776557,0.0,0.57,0.6,14459.0,,,,,,,,,,,,,,,,,,,,,,,,,5.512914245753793,6.735531139999999,0.0,,2.188,0.054,1.938,0.048,6.938,0.171,2.938,0.072,0.0193799999999999,0.048,0.10407,0.2565,0.07345,0.18,0.6814,11.53125,0.2843859687460752,40.5,0.9988190121813372,0.17296875,0.4265789531191127,1.4175,3.49586654263468,5.512914245753793,31508,,,0.0023394616141902,Information
771490,14465.0,17119.94107,MEX,Mexico,Michoacán,0.765994227,0.0,0.57,0.6,14465.0,,,,,,,,,,,,,,,,,,,,,,,,,1.3332548318009294,15.31988454,0.0,,4.875,0.028,4.75,0.028,1.625,0.009,0.0,0.0,0.0475,0.028,0.024375,0.0134999999999999,0.0,0.0,0.1133749999999999,2.953125,0.0172496212912606,22.78125,0.133068507104011,0.044296875,0.0258744319368908,0.79734375,0.4657397748640385,1.3332548318009294,6236830,,,1.6532666211548246e-05,Information
771510,14466.0,21.77776126,MEX,Mexico,Nayarit,4.117878084,0.0,0.57,0.6,14466.0,,,,,,,,,,,,,,,,,,,,,,,,,14.560510062736483,82.35756168,0.0,,0.062,0.287,0.062,0.287,0.062,0.287,0.062,0.287,0.00062,0.287,0.0009299999999999,0.4305,0.00155,0.7174999999999999,1.4381,0.140625,0.6457275305660659,0.84375,3.874365183396396,0.002109375,0.9685912958490988,0.02953125,13.560278141887386,14.560510062736483,1617,,,0.4238733767302423,Advisory
771520,14467.0,26916.72813,MEX,Mexico,Durango,2.095946005,0.0,0.57,0.6,14467.0,14467.0,0.0,30.0,2.0,-9999.0,-9999.0,0.0,1.0,0.2,-999.9,-999.9,-3997.2,0.0,0.0,0.0,0.0,0.0,0.0,0.0,0.0,0.0,0.0,0.0,-3997.2,1.1022489796276391,41.9189201,0.0,,0.0,0.0,0.0,0.0,12.062,0.045,0.25,0.001,0.0,0.0,0.18093,0.0675,0.00625,0.0025,0.25718,0.421875,0.0015673338825597,22.78125,0.0846360296582285,0.006328125,0.0023510008238395,0.79734375,0.2962261038037997,1.1022489796276391,1037364,,,3.6776924397294525e-05,Information
771533,14471.0,1801.602166,MEX,Mexico,Sinaloa,4.048193797,0.0,0.57,0.6,14471.0,,,,,,,,,,,,,,,,,,,,,,,,,30.76281390474617,80.96387594,0.0,3.0,3.312,0.184,3.312,0.184,0.0,0.0,1.625,0.09,0.03312,0.184,0.0,0.0,0.040625,0.2249999999999999,0.482745,0.703125,0.039027761685501,133.875,7.430885824919406,0.010546875,0.0585416425282514,4.685625,26.00810038721792,30.76281390474617,43312,0.0,0.0,0.6843749901526718,Watch
771539,14477.0,4398.534755,MEX,Mexico,Sinaloa,4.017281986,0.051031072,0.57,0.6,14477.0,,,,,,,,,,,,,,,,,,,,,,,,,12.148207372474374,80.34563972000001,1.02062144,,6.0,0.136,4.312,0.098,3.562,0.081,1.0,0.023,0.04312,0.098,0.05343,0.1215,0.025,0.0574999999999999,0.39855,13.78125,0.3133145642298175,100.125,2.276326221751328,0.20671875,0.4699718463447263,3.504375,7.967141776129648,12.148207372474374,60386,,,0.3152164623625655,Information
771550,14479.0,1886.530336,MEX,Mexico,Sinaloa,4.04627733,1.007353341,0.57,0.6,14479.0,,,,,,,,,,,,,,,,,,,,,,,,,49.979129178603245,80.92554659999999,20.14706682,3.0,0.625,0.033,0.5,0.027,11.938,0.633,5.938,0.315,0.005,0.027,0.17907,0.9495,0.14845,0.7875,2.09652,79.59375,4.21905486906883,213.046875,11.293053227277875,1.19390625,6.328582303603245,7.456640625,35.0,49.979129178603245,233292,818.0,0.35,0.8322903605862371,Warning
771560,14480.0,16496.09835,MEX,Mexico,Durango,4.045610523,0.0,0.57,0.6,14480.0,14480.0,0.0,30.0,-9999.0,-9999.0,-9999.0,0.0,1.0,-999.9,-999.9,-999.9,-5997.4,0.0,0.0,0.0,0.0,0.0,0.0,0.0,0.0,0.0,0.0,0.0,-5997.4,1.5901419116951263,80.91221046,0.0,,,,,,,,,,,,,,,,,9.5625,0.0579682528341884,24.1875,0.1466255806982412,0.1434375,0.0869523792512826,0.8465625,0.5131895324438441,1.5901419116951263,860053,,,0.006473468316023,Information
771570,14481.0,7728.533286,MEX,Mexico,Sinaloa,1.94553555,0.130944824,0.57,0.6,14481.0,,,,,,,,,,,,,,,,,,,,,,,,,39.79515713758983,38.910711,2.61889648,,12.688,0.164,12.375,0.16,14.0,0.181,5.125,0.066,0.12375,0.16,0.21,0.2714999999999999,0.128125,0.165,1.058375,118.6875,1.5357053610526334,444.796875,5.7552559917173935,1.7803125,2.3035580415789503,15.567890625,20.14339597101088,39.79515713758983,243305,,,0.3341103305785587,Advisory
771590,14483.0,4262.031738,MEX,Mexico,Sinaloa,4.049470803,0.487518946,0.57,0.6,14483.0,,,,,,,,,,,,,,,,,,,,,,,,,56.81784472992406,80.98941606,9.75037892,3.0,15.812,0.371,13.125,0.308,9.688,0.227,4.562,0.107,0.13125,0.308,0.14532,0.3405,0.11405,0.2675,1.30662,129.515625,3.038823569949374,437.625,10.267990173379427,1.942734375,4.5582353549240615,15.316875,35.0,56.81784472992406,551119,1772.0,0.32,0.8632098227824134,Warning
771601,14484.0,2111.455522,MEX,Mexico,Sinaloa,4.007182576,0.0,0.57,0.6,14484.0,14484.0,0.0,30.0,-9999.0,-9999.0,-9999.0,0.0,1.0,-999.9,-999.9,-999.9,-5997.4,0.0,0.0,0.0,0.0,0.0,0.0,0.0,0.0,0.0,0.0,0.0,-5997.4,7.267779249085652,80.14365151999999,0.0,,,,,,,,,,,,,,,,,14.90625,0.7059703528336061,29.8125,1.4119407056672122,0.22359375,1.0589555292504091,1.0434375,4.941792469835242,7.267779249085652,86516,,,0.1574308496476206,Information
771700,14493.0,25325.95341,MEX,Mexico,Sonora,3.611020014,1.954883874,0.57,0.6,14493.0,,,,,,,,,,,,,,,,,,,,,,,,,31.01049928160541,72.22040028,39.09767748,,51.062,0.202,38.812,0.153,32.938,0.13,25.0,0.099,0.3881199999999999,0.153,0.49407,0.195,0.625,0.2475,2.10269,211.640625,0.8356669603365783,544.5,2.149968418885868,3.174609375,1.2535004405048675,19.0575,7.524889466100538,31.01049928160541,956976,,,0.5438047918617481,Advisory
771900,14504.0,1311.418151,MEX,Mexico,Sonora,0.0,2.018253186,0.57,0.6,14504.0,,,,,,,,,,,,,,,,,,,,,,,,,6.768190925524342,0.0,40.36506372,,13.0,0.991,10.875,0.829,2.688,0.205,0.812,0.062,0.10875,0.829,0.04032,0.3075,0.0203,0.155,1.46087,2.109375,0.160846866277536,21.515625,1.640638036030868,0.031640625,0.241270299416304,0.753046875,5.742233126108038,6.768190925524342,0,,,0.01477734054606,Information
771910,14505.0,15283.34139,MEX,Mexico,Sonora,3.453874114,3.124833817,0.57,0.6,14505.0,,,,,,,,,,,,,,,,,,,,,,,,,27.52909313847346,69.07748228,62.49667633999999,,97.875,0.64,85.25,0.558,57.438,0.376,30.562,0.2,0.8525,0.558,0.8615700000000001,0.5640000000000001,0.76405,0.5,4.10012,217.546875,1.4234248220808252,382.21875,2.500884722957778,3.263203125,2.1351372331212377,13.37765625,8.753096530352224,27.52909313847346,273268,,,0.453730665027357,Advisory
771930,14507.0,52.34331666,MEX,Mexico,Sonora,0.841260068,4.074786708,0.57,0.6,14507.0,,,,,,,,,,,,,,,,,,,,,,,,,39.42951782386498,16.82520136,81.49573416000001,3.0,1.375,2.627,0.75,1.433,0.188,0.358,0.0,0.0,0.0075,1.433,0.00282,0.5369999999999999,0.0,0.0,1.98032,1.546875,2.9552483463185943,5.203125,9.940380801253454,0.023203125,4.432872519477892,0.182109375,34.79133280438709,39.42951782386498,6333,0.0,0.0,0.7753292876109277,Watch
771990,14513.0,14271.7603,MEX,Mexico,Sonora,0.599813458,3.84505642,0.57,0.6,14513.0,14513.0,0.0,1.0,-9999.0,-9999.0,-9999.0,0.0,10.0,-999.9,-999.9,-999.9,-5979.4,0.0,0.0,0.0,0.0,0.0,0.0,0.0,0.0,0.0,0.0,0.0,-5979.4,32.47417028325344,11.99626916,76.9011284,3.0,50.562,0.354,48.375,0.339,4.0,0.028,1.625,0.011,0.48375,0.339,0.06,0.042,0.040625,0.0274999999999999,0.9928750000000002,120.9375,0.8473902129173294,493.734375,3.459519811107841,1.8140625,1.271085319375994,17.280703125,12.108319338877443,32.47417028325344,237001,902.0,0.38,0.6333206913398075,Watch
772100,14515.0,5068.256227,MEX,Mexico,Sonora,3.040847127,0.0,0.57,0.6,14515.0,14515.0,0.0,11.0,-9999.0,-9999.0,-9999.0,0.0,1.0,-999.9,-999.9,-999.9,-5997.4,0.0,0.0,0.0,0.0,0.0,0.0,0.0,0.0,0.0,0.0,0.0,-5997.4,15.105493936332602,60.81694254,0.0,,2.312,0.046,2.312,0.046,0.938,0.018,0.062,0.001,0.0231199999999999,0.046,0.01407,0.0269999999999999,0.00155,0.0025,0.11424,37.828125,0.7463735711661971,128.953125,2.5443292370238018,0.567421875,1.1195603567492955,4.513359375,8.905152329583306,15.105493936332602,470748,,,0.1702479366605409,Information
774111,14670.0,49879.31629,MEX,Mexico,Baja California Sur,4.021619509,2.215811467,0.57,0.6,14670.0,,,,,,,,,,,,,,,,,,,,,,,,,49.72337560998263,80.43239018,44.31622934,3.0,276.25,0.554,245.812,0.493,46.688,0.094,20.188,0.04,2.45812,0.493,0.70032,0.141,0.5047,0.1,4.397139999999999,350.15625,0.702006915961622,1199.671875,2.405148996011485,5.25234375,1.053010373942433,35.0,8.418021486040198,49.72337560998263,997037,14194.0,1.42,0.8244866087500061,Warning
774113,14672.0,459.4927512,MEX,Mexico,Baja California Sur,1.351253677,3.306519792,0.57,0.6,14672.0,,,,,,,,,,,,,,,,,,,,,,,,,7.202396271536268,27.02507354,66.13039584,,8.0,1.741,5.938,1.292,1.375,0.299,0.625,0.136,0.0593799999999999,1.292,0.020625,0.4485,0.015625,0.34,2.17613,5.34375,1.1629672036372365,6.75,1.4690112045944037,0.08015625,1.7444508054558547,0.23625,5.141539216080413,7.202396271536268,0,,,0.0607986063017702,Information
774117,14675.0,6390.945056,MEX,Mexico,Baja California Sur,3.136831139,2.80464425,0.57,0.6,14675.0,,,,,,,,,,,,,,,,,,,,,,,,,8.886733358013927,62.73662278,56.092885,,6.25,0.098,4.188,0.066,1.5,0.023,1.062,0.017,0.04188,0.066,0.0225,0.0345,0.02655,0.0425,0.23393,42.328125,0.6623140181664742,80.859375,1.2652178087897763,0.634921875,0.9934710272497111,2.830078125,4.428262330764217,8.886733358013927,772,,,0.0758644292128417,Information
774119,14677.0,11641.74448,MEX,Mexico,Baja California Sur,0.270028016,2.673632466,0.57,0.6,14677.0,,,,,,,,,,,,,,,,,,,,,,,,,14.03295862664245,5.400560319999999,53.47264932,,18.25,0.157,12.75,0.11,7.125,0.061,2.938,0.025,0.1275,0.11,0.106875,0.0915,0.07345,0.0625,0.571825,81.28125,0.6981878886362403,180.84375,1.553407655339455,1.21921875,1.0472818329543605,6.32953125,5.436926793688092,14.03295862664245,17103,,,0.1153356173190667,Information
753107,16319.0,4601.440309,MEX,Mexico,Tamaulipas,3.215955511,0.0,0.57,0.6,16319.0,,,,,,,,,,,,,,,,,,,,,,,,,7.2000151446898135,64.31911022,0.0,,40.875,0.888,32.5,0.706,2.312,0.05,0.625,0.014,0.325,0.706,0.03468,0.075,0.015625,0.035,1.1913049999999998,8.859375,0.1925348239792117,61.03125,1.32635100963457,0.132890625,0.2888022359688175,2.13609375,4.642228533720996,7.2000151446898135,12730,,,0.0547402940995858,Information
753241,16320.0,612.5421932,MEX,Mexico,San Luis Potosí,4.007745098,0.0,0.57,0.6,16320.0,,,,,,,,,,,,,,,,,,,,,,,,,0.7423200000000001,80.15490196,0.0,,6.062,0.99,4.0,0.653,0.188,0.031,0.0,0.0,0.04,0.653,0.00282,0.0465,0.0,0.0,0.7423200000000001,,,,,,,,,,19629,,,0.0005082279259958,Information
753505,16321.0,231.078794,MEX,Mexico,Tabasco,3.061032255,0.0,0.57,0.6,16321.0,,,,,,,,,,,,,,,,,,,,,,,,,51.73471511349297,61.220645100000006,0.0,3.0,0.625,0.27,0.625,0.27,0.125,0.054,0.0,0.0,0.00625,0.27,0.001875,0.081,0.0,0.0,0.359125,22.21875,9.615226742328645,56.53125,24.464057914026043,0.33328125,14.422840113492969,1.97859375,35.0,51.73471511349297,9787,358.0,3.66,0.6134188719720087,Watch
771159,16334.0,25333.49433,MEX,Mexico,Chiapas,4.061963528,1.021119454,0.57,0.6,16334.0,16334.0,3.0,8.0,68.0,54.0,39.0,10.0,3.0,6.8,5.4,3.9,-2209.7500000000005,0.0,0.0,0.0,0.0,0.0,0.0,0.0,0.0,0.0,0.0,0.0,-2209.7500000000005,14.31095493487461,81.23927056,20.42238908,,46.375,0.183,46.312,0.183,12.0,0.047,2.062,0.008,0.46312,0.183,0.18,0.0705,0.0515499999999999,0.02,0.96817,176.765625,0.6977546118018754,217.40625,0.8581771120490846,2.651484375,1.046631917702813,7.60921875,3.0036198921717965,14.31095493487461,4289896,,,0.3932953117494508,Advisory
771170,16335.0,10517.78886,MEX,Mexico,Oaxaca,4.049157726,0.0,0.57,0.6,16335.0,,,,,,,,,,,,,,,,,,,,,,,,,1.2413299304897991,80.98315452,0.0,,8.312,0.079,6.875,0.065,0.875,0.008,0.188,0.002,0.06875,0.065,0.013125,0.012,0.0046999999999999,0.005,0.168575,2.390625,0.0227293495985118,17.15625,0.1631165088834376,0.035859375,0.0340940243977676,0.60046875,0.5709077810920316,1.2413299304897991,662665,,,0.0031749690472687,Information
774115,16337.0,3151.425115,MEX,Mexico,Baja California Sur,2.655567027,0.0,0.57,0.6,16337.0,,,,,,,,,,,,,,,,,,,,,,,,,1.8280430164008403,53.11134054,0.0,,10.375,0.329,8.312,0.264,1.625,0.052,0.875,0.028,0.08312,0.264,0.024375,0.078,0.021875,0.07,0.5413699999999999,5.90625,0.1874152100765178,9.984375,0.3168209503674468,0.08859375,0.2811228151147766,0.349453125,1.1088733262860635,1.8280430164008403,648,,,0.0005882234543105,Information
753628,14351.0,4437.346353,GTM,Guatemala,Huehuetenango,0.278750291,0.0,0.49,0.71,14351.0,14351.0,0.0,8.0,21.0,15.0,9.0,0.0,3.0,2.1,1.5,0.9,19.24,0.0,0.0,0.0,0.0,0.0,0.0,0.0,0.0,0.0,0.0,0.0,19.24,19.24,5.57500582,0.0,,,,,,,,,,,,,,,,,,,,,,,,,,696884,,,0.0558256799331877,Information
753640,14354.0,13973.58719,GTM,Guatemala,Petén,4.04757778,0.0,0.49,0.71,14354.0,14354.0,0.0,8.0,5.0,2.0,-9999.0,0.0,3.0,0.5,0.2,-999.9,-1992.4,0.0,0.0,0.0,0.0,0.0,0.0,0.0,0.0,0.0,0.0,0.0,-1992.4,1.9542164647417064,80.9515556,0.0,,,,,,,,,,,,,,,,,3.09375,0.0221399842275525,31.21875,0.2234125681143936,0.04640625,0.0332099763413287,1.09265625,0.7819439884003776,1.9542164647417064,356486,,,0.011393228908915,Information
753650,14355.0,7222.847714,GTM,Guatemala,Petén,3.328674552,0.0,0.49,0.71,14355.0,14355.0,0.0,8.0,5.0,2.0,-9999.0,0.0,3.0,0.5,0.2,-999.9,-1992.4,0.0,0.0,0.0,0.0,0.0,0.0,0.0,0.0,0.0,0.0,0.0,-1992.4,1.5223513318612565,66.57349104,0.0,,,,,,,,,,,,,,,,,0.5625,0.0077877870648568,18.0,0.2492091860754203,0.0084375,0.0116816805972852,0.63,0.872232151263971,1.5223513318612565,135521,,,0.0010038422369874,Information
753680,14358.0,12097.07099,GTM,Guatemala,Petén,1.423420981,0.0,0.49,0.71,14358.0,14358.0,0.0,7.0,3.0,-9999.0,-9999.0,0.0,4.0,0.3,-999.9,-999.9,-1993.5333333333333,0.0,0.0,0.0,0.0,0.0,0.0,0.0,0.0,0.0,0.0,0.0,-1993.5333333333333,0.6010808260506808,28.46841962,0.0,,,,,,,,,,,,,,,,,0.28125,0.0023249429576981,9.28125,0.0767231176040382,0.00421875,0.0034874144365471,0.32484375,0.2685309116141337,0.6010808260506808,563339,,,8.801239056011142e-07,Information
753690,14359.0,13302.85676,GTM,Guatemala,Quiché,2.896645155,0.0,0.49,0.71,14359.0,14359.0,0.0,28.0,19.0,9.0,3.0,0.0,1.0,1.9,0.9,0.3,-657.4,0.0,0.0,0.0,0.0,0.0,0.0,0.0,0.0,0.0,0.0,0.0,-657.4,0.1059242120095546,57.9329031,0.0,,,,,,,,,,,,,,,,,0.421875,0.0031713113029921,1.546875,0.0116281414443047,0.006328125,0.0047569669544881,0.054140625,0.0406984950550664,0.1059242120095546,1587285,,,1.08663015030066e-09,Information
753718,14368.0,16366.22298,GTM,Guatemala,Zacapa,1.995704926,0.0,0.49,0.71,14368.0,14368.0,1.0,8.0,47.0,25.0,13.0,3.0,3.0,4.7,2.5,1.3,21.38,0.0,0.0,0.0,0.0,0.0,0.0,0.0,0.0,0.0,0.0,0.0,21.38,21.38,39.91409852,0.0,,8.438,0.052,8.438,0.052,0.0,0.0,0.0,0.0,0.08438,0.052,0.0,0.0,0.0,0.0,0.13638,0.140625,0.0008592391792299,3.796875,0.0231994578392087,0.002109375,0.0012888587688448,0.132890625,0.0811981024372304,0.2174869612060753,4343635,,,0.1507272434724674,Information
771150,14417.0,552.9250736,GTM,Guatemala,Sololá,4.148788717,0.0,0.49,0.71,14417.0,,,,,,,,,,,,,,,,,,,,,,,,,0.13088,82.97577434000002,0.0,,0.688,0.124,0.688,0.124,0.0,0.0,0.0,0.0,0.00688,0.124,0.0,0.0,0.0,0.0,0.13088,,,,,,,,,,382662,,,5.63348008090459e-07,Information
771152,14419.0,2189.93074,GTM,Guatemala,Jutiapa,2.269663574,0.0,0.49,0.71,14419.0,14419.0,2.0,7.0,58.0,47.0,15.0,7.0,4.0,5.8,4.7,1.5,45.46666666666666,0.0,0.0,0.0,0.0,0.0,0.0,0.0,0.0,0.0,0.0,0.0,45.46666666666666,45.46666666666666,45.39327148,0.0,,,,,,,,,,,,,,,,,0.0,0.0,0.703125,0.0321071797848509,0.0,0.0,0.024609375,0.1123751292469781,0.1369845042469781,693287,,,0.4273293146403819,Advisory
771153,14420.0,556.7220892,GTM,Guatemala,Jutiapa,4.13486436,0.0,0.49,0.71,14420.0,,,,,,,,,,,,,,,,,,,,,,,,,5.373140802351685,82.6972872,0.0,,15.5,2.784,15.5,2.784,1.25,0.225,0.25,0.045,0.155,2.784,0.01875,0.3375,0.00625,0.1124999999999999,3.414,2.8125,0.50518922355848,6.890625,1.2377135977182758,0.0421875,0.75778383533772,0.241171875,4.331997592013965,5.373140802351685,39408,,,0.1211110502598986,Information
771154,14421.0,2096.60772,GTM,Guatemala,Santa Rosa,2.344840889,0.0,0.49,0.71,14421.0,14421.0,2.0,7.0,58.0,49.0,23.0,7.0,4.0,5.8,4.9,2.3,48.00000000000001,0.0,0.0,0.0,0.0,0.0,0.0,0.0,0.0,0.0,0.0,0.0,48.00000000000001,48.00000000000001,46.89681778,0.0,,,,,,,,,,,,,,,,,0.0,0.0,1.125,0.0536581063415353,0.0,0.0,0.039375,0.1878033721953735,0.2271783721953735,361242,,,0.4597610030350811,Advisory
771155,14422.0,287.068379,GTM,Guatemala,Santa Rosa,4.028102644,0.0,0.49,0.71,14422.0,,,,,,,,,,,,,,,,,,,,,,,,,18.49417102465886,80.56205288,0.0,,0.0,0.0,0.0,0.0,0.125,0.044,0.062,0.022,0.0,0.0,0.001875,0.066,0.00155,0.0549999999999999,0.124425,7.171875,2.498315915552049,11.671875,4.065886686094511,0.107578125,3.7474738733280737,0.408515625,14.230603401330788,18.49417102465886,15310,,,0.4801522032768403,Advisory
771156,14423.0,3018.818624,GTM,Guatemala,Escuintla,2.08689924,0.0,0.49,0.71,14423.0,14423.0,2.0,7.0,49.0,35.0,11.0,7.0,4.0,4.9,3.5,1.1,44.95,0.0,0.0,0.0,0.0,0.0,0.0,0.0,0.0,0.0,0.0,0.0,44.95,44.95,41.73798480000001,0.0,,,,,,,,,,,,,,,,,0.5625,0.0186331167933333,45.5625,1.509282460260005,0.0084375,0.0279496751899999,1.5946875,5.2824886109100175,6.913563286100017,2122064,,,0.3976634769518193,Advisory
771157,14424.0,5086.357958,GTM,Guatemala,Escuintla,1.788454059,0.0,0.49,0.71,14424.0,14424.0,0.0,1.0,-9999.0,-9999.0,-9999.0,0.0,10.0,-999.9,-999.9,-999.9,-1243.6714285714286,0.0,0.0,0.0,0.0,0.0,0.0,0.0,0.0,0.0,0.0,0.0,-1243.6714285714286,3.263806243780973,35.76908118,0.0,,2.312,0.045,2.312,0.045,1.188,0.023,0.562,0.011,0.0231199999999999,0.045,0.01782,0.0345,0.01405,0.0274999999999999,0.16199,4.78125,0.0940014454166812,29.390625,0.5778324144731289,0.07171875,0.1410021681250218,1.028671875,2.0224134506559515,3.263806243780973,1342414,,,0.001443169196066,Information
771158,14425.0,1552.095598,GTM,Guatemala,Suchitepéquez,4.211357038,0.0,0.49,0.71,14425.0,14425.0,0.0,1.0,-9999.0,-9999.0,-9999.0,0.0,10.0,-999.9,-999.9,-999.9,-2961.7,0.0,0.0,0.0,0.0,0.0,0.0,0.0,0.0,0.0,0.0,0.0,-2961.7,-2961.7,84.22714076,0.0,,,,,,,,,,,,,,,,,,,,,,,,,,413307,,,,
753717,14367.0,34883.47222,BLZ,Belize,Cayo,3.765851364,0.33925139,0.63,0.51,14367.0,14367.0,0.0,1.0,-9999.0,-9999.0,-9999.0,0.0,10.0,-999.9,-999.9,-999.9,-3130.2,0.0,0.0,0.0,0.0,0.0,0.0,0.0,0.0,0.0,0.0,0.0,-3130.2,22.10426479920519,75.31702728,6.7850278,,191.938,0.55,191.688,0.55,30.875,0.089,2.5,0.007,1.91688,0.55,0.463125,0.1335,0.0625,0.0175,3.143505,185.203125,0.5309194102180032,411.46875,1.1795521596794816,2.778046875,0.7963791153270048,14.40140625,4.128432558878186,22.10426479920519,1941550,,,0.4560686484090065,Advisory
753719,14369.0,5050.983833,HND,Honduras,Santa Barbara,3.324771503,0.0,0.5,0.69,14369.0,14369.0,0.0,22.0,2.0,-9999.0,-9999.0,0.0,1.0,0.2,-999.9,-999.9,-3997.2,0.0,0.0,0.0,0.0,0.0,0.0,0.0,0.0,0.0,0.0,0.0,-3997.2,1.5273866096530488,66.49543006,0.0,,4.0,0.079,3.25,0.064,0.25,0.005,0.0,0.0,0.0325,0.064,0.00375,0.0075,0.0,0.0,0.10775,5.625,0.1113644427602797,12.234375,0.2422176630036084,0.084375,0.1670466641404195,0.428203125,0.8477618205126294,1.5273866096530488,1742679,,,0.0010071231487611,Information
753720,14370.0,21930.85922,HND,Honduras,Comayagua,3.254793506,0.0,0.5,0.69,14370.0,14370.0,0.0,27.0,2.0,-9999.0,-9999.0,0.0,1.0,0.2,-999.9,-999.9,-2996.6,0.0,0.0,0.0,0.0,0.0,0.0,0.0,0.0,0.0,0.0,0.0,-2996.6,0.6848786304053028,65.09587012,0.0,,27.5,0.125,16.188,0.074,0.688,0.003,0.0,0.0,0.16188,0.074,0.01032,0.0045,0.0,0.0,0.2507,0.84375,0.0038473184826063,13.078125,0.0596334364803981,0.01265625,0.0057709777239094,0.457734375,0.2087170276813933,0.6848786304053028,2210972,,,4.2275739045930754e-05,Information
753730,14371.0,27508.78897,HND,Honduras,Colón,4.08790243,0.494283658,0.5,0.69,14371.0,14371.0,0.0,29.0,-9999.0,-9999.0,-9999.0,0.0,1.0,-999.9,-999.9,-999.9,-5997.4,0.0,0.0,0.0,0.0,0.0,0.0,0.0,0.0,0.0,0.0,0.0,-5997.4,5.241350278600106,81.7580486,9.88567316,,150.0,0.545,91.25,0.332,5.938,0.022,0.188,0.001,0.9125,0.332,0.08907,0.033,0.0046999999999999,0.0025,1.3737699999999995,35.4375,0.1288224648645424,94.640625,0.344037773229512,0.5315625,0.1932336972968136,3.312421875,1.204132206303292,5.241350278600106,1185806,,,0.1061722022083672,Information
753740,14372.0,23565.07602,HND,Honduras,Olancho,2.07965915,0.0,0.5,0.69,14372.0,14372.0,0.0,28.0,3.0,-9999.0,-9999.0,0.0,1.0,0.3,-999.9,-999.9,-2663.4,0.0,0.0,0.0,0.0,0.0,0.0,0.0,0.0,0.0,0.0,0.0,-2663.4,1.333999155502024,41.593183,0.0,,69.875,0.297,39.375,0.167,0.062,0.0,0.0,0.0,0.39375,0.167,0.0009299999999999,0.0,0.0,0.0,0.56168,14.203125,0.0602719252337904,20.671875,0.0877225050432395,0.213046875,0.0904078878506856,0.723515625,0.3070287676513382,1.333999155502024,688916,,,7.86503071456027e-05,Information
753750,14373.0,7935.706828,HND,Honduras,Gracias a Dios,4.195390645,3.062686655,0.5,0.69,14373.0,,,,,,,,,,,,,,,,,,,,,,,,,15.471983242184551,83.9078129,61.2537331,,605.25,7.627,365.562,4.607,21.938,0.276,0.438,0.006,3.65562,4.607,0.32907,0.414,0.01095,0.015,9.03164,82.96875,1.0455117836665746,160.03125,2.0165973047670542,1.24453125,1.568267675499862,5.60109375,7.05809056668469,15.471983242184551,35312,,,0.4843243973161873,Advisory
771120,14415.0,8106.155183,HND,Honduras,Francisco Morazán,2.283941242,0.0,0.5,0.69,14415.0,14415.0,0.0,8.0,17.0,3.0,-9999.0,0.0,3.0,1.7,0.3,-999.9,-3984.6,0.0,0.0,0.0,0.0,0.0,0.0,0.0,0.0,0.0,0.0,0.0,-3984.6,8.91427959020117,45.67882484,0.0,,25.25,0.311,24.438,0.301,5.625,0.069,2.188,0.027,0.24438,0.301,0.084375,0.1035,0.0547,0.0675,0.855455,72.140625,0.8899487287784357,83.109375,1.0252625705810048,1.082109375,1.3349230931676537,2.908828125,3.588418997033517,8.91427959020117,1890297,,,0.0353608999485396,Information
753760,14374.0,24656.65199,NIC,Nicaragua,Jinotega,3.052870763,0.0,0.56,0.61,14374.0,14374.0,0.0,7.0,15.0,3.0,-9999.0,0.0,4.0,1.5,0.3,-999.9,-1990.5,0.0,0.0,0.0,0.0,0.0,0.0,0.0,0.0,0.0,0.0,0.0,-1990.5,0.71237,61.05741526,0.0,,102.5,0.416,50.312,0.204,0.25,0.001,0.0,0.0,0.50312,0.204,0.00375,0.0015,0.0,0.0,0.71237,0.84375,0.0034219974398316,8.296875,0.0336496414916783,0.01265625,0.0051329961597474,0.290390625,0.117773745220874,0.4259536163806214,1182404,,,3.150487565908608e-05,Information
753770,14375.0,24861.13489,NIC,Nicaragua,Atlántico Norte,4.05019626,1.131449738,0.56,0.61,14375.0,,,,,,,,,,,,,,,,,,,,,,,,,46.96257789867473,81.0039252,22.62899476,3.0,820.375,3.3,394.0,1.585,1.062,0.004,0.0,0.0,3.94,1.585,0.01593,0.006,0.0,0.0,5.546930000000001,336.515625,1.3535811077229014,812.671875,3.2688446391686785,5.047734375,2.0303716615843523,28.443515625,11.440956237090376,46.96257789867473,420436,1623.0,0.39,0.8172987471730739,Warning
753780,14376.0,18486.57468,NIC,Nicaragua,Matagalpa,2.123441116,0.014822582,0.56,0.61,14376.0,,,,,,,,,,,,,,,,,,,,,,,,,3.871233236827415,42.46882232,0.29645164,,13.062,0.071,12.938,0.07,0.688,0.004,0.062,0.0,0.12938,0.07,0.01032,0.006,0.00155,0.0,0.21725,25.734375,0.1392057503299282,60.75,0.3286168532378634,0.386015625,0.2088086254948923,2.12625,1.150158986332522,3.871233236827415,1024108,,,0.0034799812036001,Information
753790,14377.0,26384.06198,NIC,Nicaragua,Atlántico Sur,3.914751458,0.0,0.56,0.61,14377.0,14377.0,0.0,27.0,3.0,-9999.0,-9999.0,0.0,1.0,0.3,-999.9,-999.9,-3997.0,0.0,0.0,0.0,0.0,0.0,0.0,0.0,0.0,0.0,0.0,0.0,-3997.0,10.241138210047982,78.29502916,0.0,,,,,,,,,,,,,,,,,39.65625,0.1503038085085269,195.1875,0.7397932135100548,0.59484375,0.2254557127627903,6.8315625,2.589276247285192,10.241138210047982,436114,,,0.2262876510388987,Information
753805,14382.0,3459.469914,NIC,Nicaragua,Río San Juan,3.801377158,0.0,0.56,0.61,14382.0,14382.0,0.0,29.0,2.0,-9999.0,-9999.0,0.0,1.0,0.2,-999.9,-999.9,-3997.2,0.0,0.0,0.0,0.0,0.0,0.0,0.0,0.0,0.0,0.0,0.0,-3997.2,0.9574563464250634,76.02754316000001,0.0,,,,,,,,,,,,,,,,,3.9375,0.1138180154280101,5.34375,0.1544673066522995,0.0590625,0.1707270231420151,0.18703125,0.5406355732830482,0.9574563464250634,104853,,,0.0006401023438496,Information
753808,14385.0,6497.589947,NIC,Nicaragua,Chontales,4.003056521,0.0,0.56,0.61,14385.0,,,,,,,,,,,,,,,,,,,,,,,,,5.7217486828203885,80.06113042000001,0.0,,5.75,0.088,5.75,0.088,1.375,0.021,0.312,0.005,0.0575,0.088,0.020625,0.0315,0.0078,0.0125,0.217925,32.765625,0.5042735116830892,50.34375,0.7748065115130727,0.491484375,0.7564102675246338,1.76203125,2.7118227902957543,5.7217486828203885,125190,,,0.1059429268720089,Information
771118,14413.0,3706.366418,NIC,Nicaragua,Chinandega,4.017361739,0.0,0.56,0.61,14413.0,,,,,,,,,,,,,,,,,,,,,,,,,30.414523389065447,80.34723478000001,0.0,3.0,63.125,1.703,36.75,0.992,10.375,0.28,4.812,0.13,0.3675,0.992,0.155625,0.42,0.1203,0.325,2.380425,141.75,3.824500440485248,174.234375,4.70094845809645,2.12625,5.736750660727871,6.098203125,16.453319603337576,30.414523389065447,149735,4182.0,2.79,0.6688363278988798,Watch
771119,14414.0,2499.334711,NIC,Nicaragua,Chinandega,3.678021618,0.0,0.56,0.61,14414.0,,,,,,,,,,,,,,,,,,,,,,,,,28.735805464162475,73.56043236,0.0,,25.125,1.005,25.125,1.005,4.875,0.195,1.062,0.043,0.25125,1.005,0.073125,0.2925,0.02655,0.1074999999999999,1.7559249999999995,106.453125,4.259258455426088,118.546875,4.743137223149526,1.596796875,6.388887683139132,4.149140625,16.600980281023343,28.735805464162475,166955,,,0.5331864471154502,Advisory
771115,14411.0,10725.25148,CRI,Costa Rica,Alajuela,0.888468559,0.264763694,0.68,0.44,14411.0,,,,,,,,,,,,,,,,,,,,,,,,,4.865519143539606,17.76937118,5.29527388,,6.688,0.062,6.375,0.059,2.812,0.026,0.75,0.007,0.06375,0.059,0.04218,0.039,0.01875,0.0175,0.24018,22.5,0.2097852906821206,62.296875,0.5808430235761214,0.3375,0.3146779360231809,2.180390625,2.032950582516425,4.865519143539606,2870864,,,0.0023467174739572,Information
771117,16332.0,11575.64192,CRI,Costa Rica,Guanacaste,3.016812556,0.986425534,0.68,0.44,16332.0,,,,,,,,,,,,,,,,,,,,,,,,,24.74566759932992,60.33625112,19.72851068,,32.75,0.283,31.875,0.275,2.438,0.021,0.438,0.004,0.31875,0.275,0.03657,0.0315,0.01095,0.01,0.68277,152.71875,1.3193112832721416,313.875,2.711512692691916,2.29078125,1.9789669249082125,10.985625,9.490294424421704,24.74566759932992,984699,,,0.318539338054129,Information
762011,14394.0,6471.96729,CUB,Cuba,Granma,4.011737624,0.0,-9999.0,0.6,14394.0,,,,,,,,,,,,,,,,,,,,,,,,,11.175684688100954,80.23475248,0.0,,87.0,1.344,82.0,1.267,21.125,0.326,1.562,0.024,0.82,1.267,0.316875,0.489,0.03905,0.06,2.991925,84.375,1.3036994196511036,89.296875,1.379748552464085,1.265625,1.955549129476656,3.125390625,4.829119933624297,11.175684688100954,960729,,,0.2842761782523782,Information
762012,14395.0,9076.78113,CUB,Cuba,Granma,0.962110513,0.0,-9999.0,0.6,14395.0,,,,,,,,,,,,,,,,,,,,,,,,,7.329721102301188,19.24221026,0.0,,22.75,0.251,22.0,0.242,3.188,0.035,0.312,0.003,0.22,0.242,0.04782,0.0525,0.0078,0.0075,0.5776199999999999,69.75,0.7684442204602375,69.75,0.7684442204602375,1.04625,1.1526663306903564,2.44125,2.6895547716108315,7.329721102301188,1288284,,,0.0082083596857341,Information
762015,14397.0,12520.18163,CUB,Cuba,Cienfuegos,2.5016692,0.079273341,-9999.0,0.6,14397.0,14397.0,1.0,15.0,35.0,19.0,5.0,3.0,1.0,3.5,1.9,0.5,19.8,0.0,0.0,0.0,0.0,0.0,0.0,0.0,0.0,0.0,0.0,0.0,19.8,19.8,50.033384,1.58546682,,18.562,0.148,18.562,0.148,3.438,0.027,0.188,0.001,0.18562,0.148,0.05157,0.0405,0.0046999999999999,0.0025,0.43289,75.9375,0.6065207540324355,221.625,1.7701420525094786,1.1390625,0.9097811310486532,7.756875,6.195497183783175,16.00121581483183,712306,,,0.1773079289302141,Information
762020,14400.0,2856.943633,CUB,Cuba,Isla de la Juventud,2.298045932,0.018031688,-9999.0,0.6,14400.0,14400.0,1.0,15.0,37.0,21.0,5.0,3.0,1.0,3.7,2.1,0.5,20.6,0.0,0.0,0.0,0.0,0.0,0.0,0.0,0.0,0.0,0.0,0.0,20.6,20.6,45.96091864,0.36063376,,45.688,1.599,44.5,1.558,4.5,0.158,0.688,0.024,0.445,1.558,0.0675,0.237,0.0171999999999999,0.06,2.3847,0.984375,0.0344555275285989,81.421875,2.849964348436974,0.014765625,0.0516832912928983,2.849765625,9.974875219529409,12.891089760822307,83331,,,0.1674185921245162,Information
762013,16326.0,16168.59811,CUB,Cuba,Camagüey,3.127974631,0.050311306,-9999.0,0.6,16326.0,,,,,,,,,,,,,,,,,,,,,,,,,25.191811388637618,62.55949262,1.00622612,,118.875,0.735,115.125,0.712,42.812,0.265,3.562,0.022,1.15125,0.712,0.6421799999999999,0.3975,0.0890499999999999,0.0549999999999999,3.04698,310.21875,1.9186496435456104,311.765625,1.9282167995197723,4.65328125,2.877974465318416,10.911796875,6.748758798319203,25.191811388637618,1198391,,,0.3459661294293975,Information
762017,16327.0,31487.22844,CUB,Cuba,Pinar del Río,3.490986081,0.293425889,-9999.0,0.6,16327.0,,,,,,,,,,,,,,,,,,,,,,,,,36.5467301213865,69.81972162,5.86851778,,23.0,0.073,22.875,0.073,9.25,0.029,1.062,0.003,0.22875,0.073,0.13875,0.0435,0.02655,0.0075,0.5180499999999999,144.5625,0.4591147178526868,730.546875,2.3201371198878484,2.1684375,0.6886720767790302,25.569140625,8.120479919607469,36.5467301213865,4724180,,,0.5758950814224748,Advisory
762019,16328.0,28682.02718,CUB,Cuba,Holguin,3.072002111,1.26143852,-9999.0,0.6,16328.0,,,,,,,,,,,,,,,,,,,,,,,,,4.829538123833337,61.44004222,25.2287704,,200.375,0.699,189.062,0.659,14.562,0.051,1.438,0.005,1.89062,0.659,0.21843,0.0765,0.0359499999999999,0.0125,2.893,62.859375,0.2191594568931873,75.375,0.2627952324267302,0.942890625,0.3287391853397809,2.638125,0.9197833134935556,4.829538123833337,1675183,,,0.0188793985707115,Information
763000,14402.0,11285.76784,JAM,Jamaica,Clarendon,1.39730762,2.529082609,0.66,0.47,14402.0,,,,,,,,,,,,,,,,,,,,,,,,,6.723551070724891,27.946152400000003,50.58165218,,61.125,0.542,52.438,0.465,19.875,0.176,1.312,0.012,0.5243800000000001,0.465,0.298125,0.264,0.0328,0.03,1.614305,63.421875,0.5619633142591425,74.671875,0.6616463855246223,0.951328125,0.8429449713887137,2.613515625,2.315762349336178,6.723551070724891,2782925,,,0.0230375143855647,Information
764001,14403.0,75733.43925,HTI,Haiti,San Juan,1.558532629,0.188021485,0.35,0.9,14403.0,14403.0,0.0,1.0,-9999.0,-9999.0,-9999.0,0.0,10.0,-999.9,-999.9,-999.9,-5580.76,0.0,0.0,0.0,0.0,0.0,0.0,0.0,0.0,0.0,0.0,0.0,-5580.76,41.79261131644247,31.17065258,3.7604297,,142.938,0.189,121.75,0.161,23.0,0.03,9.0,0.012,1.2175,0.161,0.345,0.045,0.225,0.03,2.0235,120.515625,0.1591313245480219,1026.984375,1.3560514156058392,1.807734375,0.2386969868220328,35.0,4.7461799546204375,41.79261131644247,26193120,,,0.3089211640067096,Advisory
771140,14416.0,18324.06145,SLV,El Salvador,Chalatenango,1.343359012,0.0,0.55,0.63,14416.0,14416.0,2.0,12.0,54.0,37.0,15.0,7.0,1.0,5.4,3.7,1.5,25.8,0.0,0.0,0.0,0.0,0.0,0.0,0.0,0.0,0.0,0.0,0.0,25.8,25.8,26.867180240000003,0.0,,,,,,,,,,,,,,,,,7.59375,0.0414414130909757,16.59375,0.0905571619395395,0.11390625,0.0621621196364635,0.58078125,0.3169500667883882,1.0737996864248518,4541062,,,0.1487283857208247,Information
771151,14418.0,4342.655261,SLV,El Salvador,La Libertad,4.029714959,0.003214343,0.55,0.63,14418.0,,,,,,,,,,,,,,,,,,,,,,,,,2.526595047462957,80.59429918,0.06428686,,52.188,1.202,44.188,1.018,4.375,0.101,0.375,0.009,0.44188,1.018,0.065625,0.1515,0.009375,0.0225,1.70888,10.96875,0.2525816428347623,17.15625,0.3950635952030897,0.16453125,0.3788724642521435,0.60046875,1.382722583210814,2.526595047462957,1567841,,,0.0207402727823698,Information
771130,16333.0,10654.80891,SLV,El Salvador,La Unión,3.754746058,1.698542186,0.55,0.63,16333.0,16333.0,1.0,7.0,31.0,11.0,2.0,3.0,4.0,3.1,1.1,0.2,22.8,0.0,0.0,0.0,0.0,0.0,0.0,0.0,0.0,0.0,0.0,0.0,22.8,29.241260431899875,75.09492116,33.970843720000005,,120.562,1.132,86.938,0.816,26.625,0.25,6.062,0.057,0.86938,0.816,0.399375,0.375,0.15155,0.1425,2.753805,151.171875,1.4188135731522271,366.1875,3.436828413477581,2.267578125,2.1282203597283407,12.8165625,12.028899447171533,29.241260431899875,1290360,,,0.563759929079693,Advisory
184000,16057.0,2263.817324,COM,Comoros,Njazídja,4.008847863,2.572211297,0.49,0.71,16057.0,,,,,,,,,,,,,,,,,,,,,,,,,24.21033071830381,80.17695726,51.44422594,,75.188,3.321,49.75,2.198,13.062,0.577,10.188,0.45,0.4975,2.198,0.19593,0.8654999999999999,0.2547,1.125,5.13663,44.296875,1.9567336339728447,108.703125,4.801762219241298,0.664453125,2.935100450959267,3.804609375,16.806167767344544,24.21033071830381,1162426,,,0.5792340550988313,Advisory
552000,16231.0,19034.79782,FJI,Fiji,Western,3.824923533,3.693105323,0.57,0.6,16231.0,,,,,,,,,,,,,,,,,,,,,,,,,25.43145828175427,76.49847066000001,73.86210646,,31.25,0.164,25.125,0.132,0.0,0.0,0.0,0.0,0.25125,0.132,0.0,0.0,0.0,0.0,0.38325,193.078125,1.0143429251727911,393.609375,2.0678411125700245,2.896171875,1.5215143877591868,13.776328125,7.237443893995086,25.43145828175427,667584,,,0.5314524393042364,Advisory
614000,16252.0,11223.7106,TTO,Trinidad and Tobago,San Fernando,4.012295046,0.082883588,0.71,0.4,16252.0,,,,,,,,,,,,,,,,,,,,,,,,,14.8169391862557,80.24590092,1.65767176,,165.438,1.474,137.438,1.225,9.125,0.081,3.625,0.032,1.37438,1.225,0.136875,0.1215,0.090625,0.08,3.0283800000000003,23.625,0.2104918850127346,213.75,1.904450388210456,0.354375,0.3157378275191019,7.48125,6.665576358736596,14.8169391862557,3445421,,,0.3868303185125744,Advisory
185000,,,,,,,,,,,,,,,,,,,,,,,,,,,,,,,,,,,44.6282825526813,,,,11.625,4.189,10.688,3.851,1.75,0.631,0.812,0.293,0.10688,3.851,0.02625,0.9465,0.0203,0.7324999999999999,5.68343,20.953125,7.54964506312662,25.453125,9.17104534514039,0.314296875,11.324467594689931,0.890859375,32.09865870799137,44.6282825526813,142,,,,Advisory
186000,,,,,,,,,,,,,,,,,,,,,,,,,,,,,,,,,,,19.04806502044577,,,,0.188,0.603,0.188,0.603,0.0,0.0,0.0,0.0,0.00188,0.603,0.0,0.0,0.0,0.0,0.60488,0.0,0.0,1.6875,5.425429291555934,0.0,0.0,0.0590625,18.98900252044577,19.04806502044577,39,,,,Information
226061,,,,,,,,,,,,,,,,,,,,,,,,,,,,,,,,,,,5.582667777598618,,,,22.062,0.189,14.25,0.122,0.0,0.0,3.625,0.031,0.1425,0.122,0.0,0.0,0.090625,0.0775,0.432625,31.640625,0.2715180420475961,72.28125,0.620267882722064,0.474609375,0.4072770630713941,2.52984375,2.170937589527224,5.582667777598618,1730170,,,,Information
226062,,,,,,,,,,,,,,,,,,,,,,,,,,,,,,,,,,,0.4596138916527404,,,,14.375,0.185,8.875,0.114,0.0,0.0,0.0,0.0,0.08875,0.114,0.0,0.0,0.0,0.0,0.2027499999999999,0.28125,0.0036156663168215,5.625,0.0723133263364309,0.00421875,0.0054234994752322,0.196875,0.2530966421775081,0.4596138916527404,704404,,,,Information
227104,,,,,,,,,,,,,,,,,,,,,,,,,,,,,,,,,,,4.55297398290555,,,,17.562,0.411,6.938,0.162,0.0,0.0,0.125,0.003,0.06938,0.162,0.0,0.0,0.003125,0.0075,0.242005,9.140625,0.2140048014848924,35.015625,0.8198030087652035,0.137109375,0.3210072022273386,1.225546875,2.869310530678212,4.55297398290555,227002,,,,Information
227106,,,,,,,,,,,,,,,,,,,,,,,,,,,,,,,,,,,4.640783322530607,,,,1.312,0.137,1.312,0.137,0.0,0.0,0.0,0.0,0.01312,0.137,0.0,0.0,0.0,0.0,0.15012,1.828125,0.1904737091449754,10.828125,1.12819043108947,0.027421875,0.2857105637174631,0.378984375,3.9486665088131447,4.640783322530607,52674,,,,Information
437003,,,,,,,,,,,,,,,,,,,,,,,,,,,,,,,,,,,1.80262,,,,0.062,1.802,0.062,1.802,0.0,0.0,0.0,0.0,0.00062,1.802,0.0,0.0,0.0,0.0,1.80262,,,,,,,,,,19,,,,Information
517002,,,,,,,,,,,,,,,,,,,,,,,,,,,,,,,,,,,8.63588086695368,,,,117.5,0.4,90.812,0.309,6.812,0.023,0.0,0.0,0.90812,0.309,0.1021799999999999,0.0345,0.0,0.0,1.3538,88.03125,0.2994063047382441,146.390625,0.4978945099560895,1.32046875,0.4491094571073661,5.123671875,1.7426307848463134,8.63588086695368,3313573,,,,Information
521731,,,,,,,,,,,,,,,,,,,,,,,,,,,,,,,,,,,0.338495,,,,16.75,0.371,10.312,0.229,0.125,0.003,0.0,0.0,0.1031199999999999,0.229,0.001875,0.0045,0.0,0.0,0.338495,,,,,,,,,,452802,,,,Information
553000,,,,,,,,,,,,,,,,,,,,,,,,,,,,,,,,,,,19.447002013651183,,,,49.5,0.347,44.688,0.313,0.0,0.0,0.0,0.0,0.44688,0.313,0.0,0.0,0.0,0.0,0.75988,143.578125,1.0057052616431423,265.21875,1.857747427481848,2.153671875,1.5085578924647134,9.28265625,6.502115996186468,19.447002013651183,205900,,,,Information
761000,,,,,,,,,,,,,,,,,,,,,,,,,,,,,,,,,,,82.12264485976654,,,3.0,114.938,0.675,108.875,0.639,100.312,0.589,16.438,0.096,1.08875,0.639,1.5046799999999998,0.8835,0.41095,0.24,4.76688,734.484375,4.310560385461863,1442.953125,8.468439616163925,11.017265625,6.465840578192795,35.0,29.639538656573738,82.12264485976654,455965,8011.0,1.76,,Warning
111011,0.0,1894.935871,EGY,Egypt,As Suways,4.180674079,0.0,0.55,0.63,,,,,,,,,,,,,,,,,,,,,,,,,,4.179748077138359,83.61348158,0.0,,,,,,,,,,,,,,,,,8.296875,0.4378446323678208,15.46875,0.8163205010247507,0.124453125,0.6567669485517311,0.54140625,2.857121753586628,4.179748077138359,326082,,,0.0859368478412775,Information
111019,8.0,6579.747718,EGY,Egypt,Al Bahr al Ahmar,4.101170927,0.0,0.55,0.63,,,,,,,,,,,,,,,,,,,,,,,,,,3.54880523320833,82.02341854,0.0,,,,,,,,,,,,,,,,,17.4375,0.2650177597781658,32.765625,0.4979769195831663,0.2615625,0.3975266396672486,1.146796875,1.742919218541082,3.54880523320833,1847,,,0.0523525645186431,Information
111030,10.0,5536.333886,SDN,Sudan,Red Sea,4.025144707,4.001214603,0.28,1.0,,,,,,,,,,,,,,,,,,,,,,,,,,3.40959307352667,80.50289414,80.02429206000001,,,,,,,,,,,,,,,,,18.0,0.325124899781729,27.0,0.4876873496725934,0.27,0.4876873496725935,0.945,1.706905723854077,3.40959307352667,1295,,,0.040608055491722,Information
111050,20.0,16232.23619,SDN,Sudan,Red Sea,4.193406948,3.139393724,0.28,1.0,,,,,,,,,,,,,,,,,,,,,,,,,,3.739533109144784,83.86813896,62.78787448,,,,,,,,,,,,,,,,,9.5625,0.0589105523681831,62.015625,0.3820522587407169,0.1434375,0.0883658285522746,2.170546875,1.3371829055925093,3.739533109144784,102610,,,0.0718931471870781,Information
111087,29.0,11482.82071,ERI,Eritrea,Gash Barka,2.845503708,0.0,0.34,0.92,,,,,,,,,,,,,,,,,,,,,,,,,,1.8797820086410304,56.91007415999999,0.0,,,,,,,,,,,,,,,,,8.578125,0.074703987966554,25.03125,0.2179886861974856,0.128671875,0.112055981949831,0.87609375,0.7629604016911996,1.8797820086410304,345809,,,0.0008677049834706,Information
111091,33.0,173.0360206,SDN,Sudan,Red Sea,3.554465127,0.0,0.28,1.0,,,,,,,,,,,,,,,,,,,,,,,,,,2.438925950907864,71.08930253999999,0.0,,,,,,,,,,,,,,,,,0.140625,0.0812692059629784,1.125,0.6501536477038274,0.002109375,0.1219038089444676,0.039375,2.275537766963396,2.438925950907864,0,,,0.0067056973101027,Information
111093,35.0,16458.12912,ERI,Eritrea,Debub,4.012092701,1.945103522,0.34,0.92,,,,,,,,,,,,,,,,,,,,,,,,,,6.164904306710895,80.24185402,38.90207044,,,,,,,,,,,,,,,,,12.515625,0.0760452473587347,104.203125,0.6331407673350837,0.187734375,0.114067871038102,3.647109375,2.215992685672793,6.164904306710895,410383,,,0.1220715918279364,Information
111095,37.0,1492.77497,ERI,Eritrea,Debub,4.324446634,0.0,0.34,0.92,,,,,,,,,,,,,,,,,,,,,,,,,,3.9300648726847633,86.48893268,0.0,,,,,,,,,,,,,,,,,0.5625,0.0376814999744877,14.34375,0.9608782493494376,0.0084375,0.0565222499617315,0.50203125,3.363073872723032,3.9300648726847633,40133,,,0.1084425684401445,Information
111097,39.0,2233.02653,ERI,Eritrea,Debub,4.44006278,1.039155317,0.34,0.92,,,,,,,,,,,,,,,,,,,,,,,,,,5.72389138293847,88.80125559999999,20.783106340000003,,,,,,,,,,,,,,,,,0.421875,0.0188925207251889,29.671875,1.3287739576716249,0.006328125,0.0283387810877833,1.038515625,4.650708851850687,5.72389138293847,206595,,,0.2510616035286032,Information
111099,41.0,4886.112423,ERI,Eritrea,Debub,4.208870807,2.316126771,0.34,0.92,,,,,,,,,,,,,,,,,,,,,,,,,,28.35353009863937,84.17741614,46.32253542,3.0,,,,,,,,,,,,,,,,14.0625,0.2878054940864215,259.875,5.3186455307170695,0.2109375,0.4317082411296322,9.095625,18.615259357509743,28.35353009863937,72612,1239.0,1.71,0.7201587822198037,Watch
112112,66.0,4081.006791,SOM,Somalia,Awdal,3.349701774,0.0,-9999.0,1.0,,,,,,,,,,,,,,,,,,,,,,,,,,2.246518073885456,66.99403548000001,0.0,,,,,,,,,,,,,,,,,8.296875,0.2033046114670451,15.046875,0.3687049733385396,0.124453125,0.3049569172005676,0.526640625,1.2904674066848885,2.246518073885456,58253,,,0.0036015379984385,Information
112113,67.0,6074.696366,SOM,Somalia,Awdal,4.477025156,0.0,-9999.0,1.0,,,,,,,,,,,,,,,,,,,,,,,,,,3.164864029722056,89.54050312,0.0,,,,,,,,,,,,,,,,,4.921875,0.0810225680955578,32.0625,0.527804157879634,0.073828125,0.1215338521433367,1.1221875,1.847314552578719,3.164864029722056,61008,,,0.115965341296907,Information
112115,69.0,1122.084265,SOM,Somalia,Awdal,4.463578082,0.0,-9999.0,1.0,,,,,,,,,,,,,,,,,,,,,,,,,,2.3207987518788498,89.27156163999999,0.0,,,,,,,,,,,,,,,,,1.828125,0.1629222561527029,5.90625,0.5263642121856558,0.027421875,0.2443833842290543,0.20671875,1.8422747426497952,2.3207987518788498,6052,,,0.0628863534118944,Information
112117,71.0,1713.699599,SOM,Somalia,Woqooyi Galbeed,4.52345317,0.0,-9999.0,1.0,,,,,,,,,,,,,,,,,,,,,,,,,,2.552033952469132,90.4690634,0.0,,,,,,,,,,,,,,,,,1.265625,0.0738533755074282,10.125,0.5908270040594257,0.018984375,0.1107800632611422,0.354375,2.06789451420799,2.552033952469132,5404,,,0.0938100308886696,Information
112119,73.0,5705.686355,SOM,Somalia,Woqooyi Galbeed,4.761150524,0.0,-9999.0,1.0,,,,,,,,,,,,,,,,,,,,,,,,,,0.2361246875172578,95.22301048,0.0,,,,,,,,,,,,,,,,,0.140625,0.0024646465166763,2.390625,0.0418989907834981,0.002109375,0.0036969697750144,0.083671875,0.1466464677422433,0.2361246875172578,99030,,,0.0013183059181947,Information
112130,75.0,3034.82135,SOM,Somalia,Woqooyi Galbeed,4.080161172,2.040641962,-9999.0,1.0,,,,,,,,,,,,,,,,,,,,,,,,,,2.002248702241573,81.60322344000001,40.81283924,,,,,,,,,,,,,,,,,4.5,0.1482789094169844,11.390625,0.3753309894617418,0.0675,0.2224183641254766,0.398671875,1.3136584631160964,2.002248702241573,5702,,,0.0132806701909323,Information
112140,76.0,4808.191716,SOM,Somalia,Sanaag,2.246879658,0.0,-9999.0,1.0,,,,,,,,,,,,,,,,,,,,,,,,,,0.19489257862004,44.937593160000006,0.0,,,,,,,,,,,,,,,,,1.265625,0.026322265724008,1.265625,0.026322265724008,0.018984375,0.039483398586012,0.044296875,0.092127930034028,0.19489257862004,25508,,,8.3181230509016e-09,Information
112150,77.0,478.0656572,SOM,Somalia,Sanaag,4.267088308,0.0,-9999.0,1.0,,,,,,,,,,,,,,,,,,,,,,,,,,3.0205232305288217,85.34176615999999,0.0,,,,,,,,,,,,,,,,,0.984375,0.2059079093234872,3.515625,0.735385390441026,0.014765625,0.3088618639852308,0.123046875,2.573848866543591,3.0205232305288217,667,,,0.0571024414892721,Information
112170,79.0,14395.82127,SOM,Somalia,Sanaag,4.6418247,0.0,-9999.0,1.0,,,,,,,,,,,,,,,,,,,,,,,,,,1.0866917625780417,92.836494,0.0,,,,,,,,,,,,,,,,,2.390625,0.0166063814996199,17.296875,0.1201520543796034,0.035859375,0.0249095722494298,0.605390625,0.4205321903286119,1.0866917625780417,259009,,,0.0296568087120052,Information
112300,83.0,7051.446638,SOM,Somalia,Bari,2.512352823,3.621314024,-9999.0,1.0,,,,,,,,,,,,,,,,,,,,,,,,,,7.044180561956372,50.24705646,72.42628048,,,,,,,,,,,,,,,,,26.859375,0.3809058818289487,71.71875,1.017078532632271,0.402890625,0.571358822743423,2.51015625,3.5597748642129488,7.044180561956372,18446,,,0.086179763568148,Information
112500,85.0,710.139727,SOM,Somalia,Bari,4.064781357,0.0,-9999.0,1.0,,,,,,,,,,,,,,,,,,,,,,,,,,8.504685065678782,81.29562714000001,0.0,,,,,,,,,,,,,,,,,4.78125,0.6732829918530637,14.0625,1.9802440936854817,0.07171875,1.0099244877795956,0.4921875,6.930854327899186,8.504685065678782,2202,,,0.2153073681595552,Information
112700,87.0,7816.826827,SOM,Somalia,Bari,4.051263391,2.766972181,-9999.0,1.0,,,,,,,,,,,,,,,,,,,,,,,,,,4.008169690276143,81.02526782,55.33944362,,,,,,,,,,,,,,,,,17.15625,0.2194784453927944,42.890625,0.5486961134819861,0.25734375,0.3292176680891916,1.501171875,1.920436397186952,4.008169690276143,25738,,,0.0600000103107317,Information
112903,99.0,990.5369926,SOM,Somalia,Nugaal,2.180346131,0.0,-9999.0,1.0,,,,,,,,,,,,,,,,,,,,,,,,,,16.078989240947667,43.60692262,0.0,,,,,,,,,,,,,,,,,12.9375,1.3061097260234698,35.859375,3.620195436260704,0.1940625,1.9591645890352043,1.255078125,12.670684026912465,16.078989240947667,1783,,,0.10476969406919,Information
112905,101.0,31.45104872,SOM,Somalia,Mudug,4.35465701,0.0,-9999.0,1.0,,,,,,,,,,,,,,,,,,,,,,,,,,13.007359999940968,87.09314020000001,0.0,,,,,,,,,,,,,,,,,0.421875,1.3413702155111344,0.984375,3.129863836192647,0.006328125,2.0120553232667016,0.034453125,10.954523426674264,13.007359999940968,375,,,0.5030943303133327,Advisory
114490,161.0,19231.59024,ETH,Ethiopia,Oromia,3.150300434,0.0,0.37,0.88,,,,,,,,,,,,,,,,,,,,,,,,,,6.816387947266715,63.00600868,0.0,,,,,,,,,,,,,,,,,71.578125,0.3721903602724232,97.453125,0.5067346162451657,1.073671875,0.5582855404086348,3.410859375,1.77357115685808,6.816387947266715,2389185,,,0.0453777543201434,Information
114920,191.0,11266.69343,ETH,Ethiopia,Somali,4.006641697,0.0,0.37,0.88,,,,,,,,,,,,,,,,,,,,,,,,,,0.6490002920247904,80.13283394,0.0,,,,,,,,,,,,,,,,,0.28125,0.0024962958447835,9.703125,0.0861222066450329,0.00421875,0.0037444437671752,0.339609375,0.3014277232576151,0.6490002920247904,91871,,,0.0003115089963556,Information
114940,201.0,15266.93253,ETH,Ethiopia,Somali,3.012668732,0.0,0.37,0.88,,,,,,,,,,,,,,,,,,,,,,,,,,0.349103761983667,60.25337464,0.0,,,,,,,,,,,,,,,,,4.21875,0.0276332523967334,4.21875,0.0276332523967334,0.06328125,0.0414498785951001,0.14765625,0.0967163833885669,0.349103761983667,525454,,,1.0957560657506198e-06,Information
114960,203.0,14879.55302,ETH,Ethiopia,Oromia,0.64575508,0.0,0.37,0.88,,,,,,,,,,,,,,,,,,,,,,,,,,0.2363095567780484,12.9151016,0.0,,,,,,,,,,,,,,,,,1.546875,0.0103959776075476,3.375,0.022682132961922,0.023203125,0.0155939664113214,0.118125,0.079387465366727,0.2363095567780484,2242905,,,1.715778607306441e-09,Information
114990,206.0,27352.87351,ETH,Ethiopia,Oromia,2.178768498,0.0,0.37,0.88,,,,,,,,,,,,,,,,,,,,,,,,,,0.2198816980484113,43.57536996,0.0,,,,,,,,,,,,,,,,,1.546875,0.0056552559260482,3.9375,0.0143951969026683,0.023203125,0.0084828838890722,0.1378125,0.050383189159339,0.2198816980484113,3685859,,,1.448324590627367e-08,Information
115457,238.0,639.5644505,ETH,Ethiopia,"Southern Nations, Nationalities and Peoples",4.109082584,0.0,0.37,0.88,,,,,,,,,,,,,,,,,,,,,,,,,,1.8598126521511784,82.18165168,0.0,,,,,,,,,,,,,,,,,0.5625,0.0879504793535184,2.953125,0.4617400166059716,0.0084375,0.1319257190302775,0.103359375,1.6160900581209006,1.8598126521511784,5750,,,0.0119182932876466,Information
115605,258.0,16372.98119,ETH,Ethiopia,"Southern Nations, Nationalities and Peoples",2.60503749,0.0,0.37,0.88,,,,,,,,,,,,,,,,,,,,,,,,,,13.769752714270982,52.1007498,0.0,,,,,,,,,,,,,,,,,98.71875,0.6029369292512303,201.9375,1.2333581629697534,1.48078125,0.9044053938768456,7.0678125,4.316753570394137,13.769752714270982,6864333,,,0.1062674242108779,Information
115607,260.0,4165.246886,ETH,Ethiopia,Oromia,3.321589423,0.0,0.37,0.88,,,,,,,,,,,,,,,,,,,,,,,,,,0.9206120797340496,66.43178845999999,0.0,,,,,,,,,,,,,,,,,0.984375,0.0236330528994199,7.3125,0.1755598215385485,0.014765625,0.0354495793491298,0.2559375,0.6144593753849197,0.9206120797340496,1515217,,,0.0001613902108846,Information
115712,263.0,6364.523556,ETH,Ethiopia,Somali,4.011225432,0.0,0.37,0.88,,,,,,,,,,,,,,,,,,,,,,,,,,0.3832709190520454,80.22450864,0.0,,,,,,,,,,,,,,,,,0.421875,0.0066285401618503,4.078125,0.06407588823122,0.006328125,0.0099428102427754,0.142734375,0.22426560880927,0.3832709190520454,78437,,,4.015777577446737e-05,Information
115714,265.0,21246.88364,ETH,Ethiopia,Somali,1.971357621,0.0,0.37,0.88,,,,,,,,,,,,,,,,,,,,,,,,,,0.2492074682021456,39.42715242,0.0,,,,,,,,,,,,,,,,,0.140625,0.0006618617693124,4.78125,0.022503300156622,0.002109375,0.0009927926539686,0.16734375,0.078761550548177,0.2492074682021456,1392075,,,1.9722774249939026e-08,Information
115716,267.0,5846.908053,ETH,Ethiopia,Afar,2.33752732,0.0,0.37,0.88,,,,,,,,,,,,,,,,,,,,,,,,,,1.015729398672661,46.7505464,0.0,,,,,,,,,,,,,,,,,3.65625,0.0625330510900157,9.140625,0.1563326277250393,0.05484375,0.0937995766350235,0.319921875,0.5471641970376375,1.015729398672661,710325,,,3.7572205491731885e-05,Information
115718,269.0,3763.48343,ETH,Ethiopia,Amhara,3.141223523,0.0,0.37,0.88,,,,,,,,,,,,,,,,,,,,,,,,,,2.9519757395904813,62.82447046,0.0,,,,,,,,,,,,,,,,,10.828125,0.2877154955548206,18.421875,0.4894899989309286,0.162421875,0.4315732433322309,0.644765625,1.71321499625825,2.9519757395904813,378799,,,0.0056517083576366,Information
115730,272.0,12900.52422,ETH,Ethiopia,Somali,1.864031773,0.0,0.37,0.88,,,,,,,,,,,,,,,,,,,,,,,,,,4.419738068368972,37.28063546,0.0,,,,,,,,,,,,,,,,,33.75,0.2616172755767033,56.671875,0.4392990085725477,0.50625,0.3924259133650549,1.983515625,1.537546530003917,4.419738068368972,1098260,,,0.0039938437448995,Information
115740,273.0,3775.206627,ETH,Ethiopia,Afar,4.10627438,0.0,0.37,0.88,,,,,,,,,,,,,,,,,,,,,,,,,,0.6388358534896311,82.12548760000001,0.0,,,,,,,,,,,,,,,,,0.84375,0.022349770047693,4.640625,0.1229237352623119,0.01265625,0.0335246550715395,0.162421875,0.4302330734180916,0.6388358534896311,26692,,,0.0004319220304382,Information
115750,274.0,3742.639192,ETH,Ethiopia,Afar,4.018988877,0.0,0.37,0.88,,,,,,,,,,,,,,,,,,,,,,,,,,10.239468939130765,80.37977753999999,0.0,,,,,,,,,,,,,,,,,13.640625,0.3644654025948987,73.828125,1.9726220243538333,0.204609375,0.546698103892348,2.583984375,6.904177085238416,10.239468939130765,51631,,,0.2577456650438502,Information
115802,276.0,7177.850318,ETH,Ethiopia,Afar,2.820747229,0.0,0.37,0.88,,,,,,,,,,,,,,,,,,,,,,,,,,15.719792867981509,56.41494458,0.0,,,,,,,,,,,,,,,,,8.71875,0.1214674256722015,183.9375,2.5625708512780587,0.13078125,0.1822011385083022,6.4378125,8.968997979473205,15.719792867981509,107864,,,0.1539131521832335,Information
115803,277.0,18956.24411,ETH,Ethiopia,Afar,4.013601752,0.0,0.37,0.88,,,,,,,,,,,,,,,,,,,,,,,,,,11.977749800918469,80.27203503999999,0.0,,,,,,,,,,,,,,,,,8.578125,0.0452522395724581,220.359375,1.1624632690170795,0.128671875,0.0678783593586871,7.712578125,4.068621441559778,11.977749800918469,822733,,,0.308894473765537,Information
115807,281.0,2263.581064,ETH,Ethiopia,Afar,4.116582826,0.0,0.37,0.88,,,,,,,,,,,,,,,,,,,,,,,,,,1.0247220317313412,82.33165652,0.0,,,,,,,,,,,,,,,,,2.109375,0.0931875174793317,4.5,0.198800037289241,0.031640625,0.1397812762189975,0.1575,0.6958001305123436,1.0247220317313412,7687,,,0.0022042214219039,Information
115808,282.0,6940.633627,ETH,Ethiopia,Afar,4.26536431,0.0,0.37,0.88,,,,,,,,,,,,,,,,,,,,,,,,,,9.003085118177214,85.3072862,0.0,,,,,,,,,,,,,,,,,2.109375,0.0303916776678071,104.484375,1.5054011004787151,0.031640625,0.0455875165017106,3.656953125,5.268903851675503,9.003085118177214,21387,,,0.3121432348500952,Information
115809,283.0,5870.788949,ETH,Ethiopia,Afar,3.920828856,0.0,0.37,0.88,,,,,,,,,,,,,,,,,,,,,,,,,,14.84138368616875,78.41657712,0.0,,,,,,,,,,,,,,,,,0.140625,0.0023953339360063,156.796875,2.670797338647069,0.002109375,0.0035930009040094,5.487890625,9.34779068526474,14.84138368616875,10987,,,0.3540139143639493,Advisory
115900,284.0,16915.15501,ETH,Ethiopia,Dikhil,4.046142286,0.0,0.37,0.88,,,,,,,,,,,,,,,,,,,,,,,,,,10.872523070610598,80.92284572,0.0,,,,,,,,,,,,,,,,,45.703125,0.270190400123162,175.640625,1.0383624915502443,0.685546875,0.4052856001847429,6.147421875,3.634268720425855,10.872523070610598,192081,,,0.28697192297697,Information
116007,291.0,5968.599344,TZA,Tanzania,Mbeya,3.301629901,0.0,0.44,0.78,,,,,,,,,,,,,,,,,,,,,,,,,,0.733654430275663,66.03259802,0.0,,,,,,,,,,,,,,,,,5.484375,0.0918871360551326,5.484375,0.0918871360551326,0.082265625,0.1378307040826989,0.191953125,0.3216049761929641,0.733654430275663,213,,,6.275189448106959e-05,Information
116009,293.0,6813.641394,TZA,Tanzania,Mbeya,1.353982228,0.0,0.44,0.78,,,,,,,,,,,,,,,,,,,,,,,,,,1.6274883405641711,27.07964456,0.0,,,,,,,,,,,,,,,,,11.8125,0.1733654490562695,13.78125,0.2022596905656477,0.1771875,0.2600481735844042,0.48234375,0.7079089169797669,1.6274883405641711,29964,,,7.167084166513755e-05,Information
117332,326.0,7731.461552,KEN,Kenya,Kilifi,4.003218774,0.0,0.42,0.81,,,,,,,,,,,,,,,,,,,,,,,,,,0.6740494454802846,80.06437548,0.0,,,,,,,,,,,,,,,,,0.5625,0.007275467856082,8.15625,0.105494283913189,0.0084375,0.010913201784123,0.28546875,0.3692299936961615,0.6740494454802846,417691,,,0.0003533583027883,Information
117334,328.0,3930.843137,KEN,Kenya,Kwale,2.562998219,0.0,0.42,0.81,,,,,,,,,,,,,,,,,,,,,,,,,,0.9593674028391368,51.25996438,0.0,,,,,,,,,,,,,,,,,2.953125,0.0751270121279058,6.46875,0.1645639313277937,0.044296875,0.1126905181918587,0.22640625,0.5759737596472779,0.9593674028391368,250609,,,4.283081985395106e-05,Information
117336,330.0,4396.410898,KEN,Kenya,Taita Taveta,3.694898849,0.0,0.42,0.81,,,,,,,,,,,,,,,,,,,,,,,,,,0.4443711002213081,73.89797698,0.0,,,,,,,,,,,,,,,,,1.828125,0.0415822142785182,3.09375,0.0703699010867231,0.027421875,0.0623733214177773,0.10828125,0.2462946538035308,0.4443711002213081,170238,,,2.319494215528529e-05,Information
117338,331.0,6718.890674,TZA,Tanzania,Tanga,4.06275649,0.0,0.44,0.78,,,,,,,,,,,,,,,,,,,,,,,,,,0.1574653245329613,81.25512979999999,0.0,,,,,,,,,,,,,,,,,0.28125,0.0041859588681316,1.6875,0.0251157532087897,0.00421875,0.0062789383021973,0.0590625,0.0879051362307639,0.1574653245329613,248684,,,8.787888927069336e-07,Information
117341,334.0,3053.380815,TZA,Tanzania,Tanga,4.003149444,0.0,0.44,0.78,,,,,,,,,,,,,,,,,,,,,,,,,,4.899617530147618,80.06298888,0.0,,,,,,,,,,,,,,,,,9.140625,0.2993607922817118,28.828125,0.9441378833500144,0.137109375,0.4490411884225677,1.008984375,3.3044825917250504,4.899617530147618,232154,,,0.080245710044042,Information
117344,337.0,20632.26319,TZA,Tanzania,Manyara,3.184995224,0.0,0.44,0.78,,,,,,,,,,,,,,,,,,,,,,,,,,1.020947970612909,63.69990448,0.0,,,,,,,,,,,,,,,,,3.515625,0.0170394540190648,18.140625,0.0879235827383748,0.052734375,0.0255591810285972,0.634921875,0.3077325395843118,1.020947970612909,234580,,,0.0001777501701687,Information
117365,349.0,4392.637757,TZA,Tanzania,Morogoro,3.928939981,0.0,0.44,0.78,,,,,,,,,,,,,,,,,,,,,,,,,,0.8547152526022964,78.57879962,0.0,,,,,,,,,,,,,,,,,4.921875,0.1120482787928861,5.34375,0.1216524169751335,0.073828125,0.1680724181893291,0.18703125,0.4257834594129672,0.8547152526022964,229419,,,0.0006379010673499,Information
117368,352.0,3109.485087,TZA,Tanzania,Dodoma,1.997113016,0.0,0.44,0.78,,,,,,,,,,,,,,,,,,,,,,,,,,2.110618249886359,39.94226032,0.0,,,,,,,,,,,,,,,,,0.5625,0.0180898117964759,14.0625,0.4522452949118985,0.0084375,0.0271347176947138,0.4921875,1.5828585321916449,2.110618249886359,497458,,,0.0004065072895928,Information
117369,353.0,7161.658267,TZA,Tanzania,Dodoma,1.966367653,0.0,0.44,0.78,,,,,,,,,,,,,,,,,,,,,,,,,,1.6646967829696315,39.32735306,0.0,,,,,,,,,,,,,,,,,2.671875,0.0373080493449858,18.703125,0.2611563454149008,0.040078125,0.0559620740174787,0.654609375,0.9140472089521527,1.6646967829696315,412812,,,0.0001616670554309,Information
117380,355.0,17655.58937,TZA,Tanzania,Morogoro,2.967928957,0.055678408,0.44,0.78,,,,,,,,,,,,,,,,,,,,,,,,,,0.7786685823848775,59.35857914,1.11356816,,,,,,,,,,,,,,,,,5.90625,0.033452579095233,11.671875,0.066108668212008,0.08859375,0.0501788686428495,0.408515625,0.231380338742028,0.7786685823848775,1210951,,,3.827412456249064e-05,Information
117444,364.0,3986.214997,TZA,Tanzania,Morogoro,4.039606689,0.0,0.44,0.78,,,,,,,,,,,,,,,,,,,,,,,,,,0.2146304191042982,80.79213378,0.0,,,,,,,,,,,,,,,,,0.140625,0.0035277826230873,1.6875,0.0423333914770478,0.002109375,0.0052916739346309,0.0590625,0.1481668701696673,0.2146304191042982,99386,,,3.49229430116641e-06,Information
117448,368.0,9704.89288,TZA,Tanzania,Morogoro,3.939320049,0.0,0.44,0.78,,,,,,,,,,,,,,,,,,,,,,,,,,2.124314449444014,78.78640098,0.0,,,,,,,,,,,,,,,,,1.828125,0.0188371476381346,29.109375,0.2999453508533749,0.027421875,0.0282557214572019,1.018828125,1.0498087279868122,2.124314449444014,298873,,,0.0106903536938976,Information
117480,373.0,5418.748113,TZA,Tanzania,Iringa,1.429284569,0.0,0.44,0.78,,,,,,,,,,,,,,,,,,,,,,,,,,4.073431931883511,28.58569138,0.0,,,,,,,,,,,,,,,,,0.28125,0.0051903132257043,40.78125,0.7525954177271299,0.00421875,0.0077854698385564,1.42734375,2.6340839620449548,4.073431931883511,415877,,,0.0020915583141182,Information
117508,382.0,6051.505242,TZA,Tanzania,Lindi,2.184009943,0.0,0.44,0.78,,,,,,,,,,,,,,,,,,,,,,,,,,1.6524130371152672,43.68019886,0.0,,,,,,,,,,,,,,,,,0.84375,0.0139428120151052,17.4375,0.2881514483121741,0.01265625,0.0209142180226578,0.6103125,1.0085300690926091,1.6524130371152672,423547,,,0.0002087167412315,Information
117630,394.0,6704.998058,TZA,Tanzania,Mtwara,0.241881588,0.0,0.44,0.78,,,,,,,,,,,,,,,,,,,,,,,,,,0.9862538413121258,4.83763176,0.0,,,,,,,,,,,,,,,,,0.140625,0.0020973160437375,11.25,0.1677852834990056,0.002109375,0.0031459740656062,0.39375,0.5872484922465195,0.9862538413121258,78779,,,2.445308047363378e-06,Information
122213,439.0,2585.51095,MOZ,Mozambique,Zambezia,3.603996277,0.0,0.41,0.82,,,,,,,,,,,,,,,,,,,,,,,,,,1.495679176248413,72.07992553999999,0.0,,,,,,,,,,,,,,,,,0.140625,0.0054389636212742,8.71875,0.3372157445190005,0.002109375,0.0081584454319113,0.30515625,1.1802551058165016,1.495679176248413,297840,,,0.0017125348832744,Information
122288,459.0,4642.872631,TZA,Tanzania,Mbeya,4.106000657,0.0,0.44,0.78,,,,,,,,,,,,,,,,,,,,,,,,,,2.002441351548688,82.12001314,0.0,,,,,,,,,,,,,,,,,2.953125,0.0636055570487761,16.875,0.3634603259930067,0.044296875,0.0954083355731641,0.590625,1.2721111409755237,2.002441351548688,705380,,,0.0142869792285244,Information
122289,,,,,,,,,,,,,,,,,,,,,,,,,,,,,,,,,,,0.7029788582651934,,,,,,,,,,,,,,,,,,,0.140625,0.0033276143654221,5.90625,0.1397598033477315,0.002109375,0.0049914215481331,0.20671875,0.4891593117170602,0.7029788582651934,411813,,,,Information
123030,639.0,1004.854914,MOZ,Mozambique,Sofala,4.332592185,2.809984187,0.41,0.82,,,,,,,,,,,,,,,,,,,,,,,,,,2.949254660481456,86.6518437,56.19968374,,,,,,,,,,,,,,,,,0.5625,0.05597823050614,7.453125,0.741711554206356,0.0084375,0.08396734575921,0.260859375,2.595990439722246,2.949254660481456,7921,,,0.0655439413052043,Information
125403,717.0,133.7454168,MOZ,Mozambique,Maputo,3.063651305,0.0,0.41,0.82,,,,,,,,,,,,,,,,,,,,,,,,,,3.036676135221759,61.2730261,0.0,,,,,,,,,,,,,,,,,0.703125,0.5257189491617121,0.84375,0.6308627389940547,0.010546875,0.7885784237425681,0.02953125,2.208019586479191,3.036676135221759,722,,,0.0054518062339938,Information
125406,720.0,838.2306125,SWZ,Swaziland,Lubombo,0.525078431,0.0,0.51,0.68,,,,,,,,,,,,,,,,,,,,,,,,,,1.118233558427861,10.50156862,0.0,,,,,,,,,,,,,,,,,0.84375,0.1006584569197913,2.109375,0.2516461422994783,0.01265625,0.1509876853796869,0.073828125,0.880761498048174,1.118233558427861,32489,,,5.867043813222896e-06,Information
125534,729.0,6748.695861,ZAF,South Africa,KwaZulu-Natal,1.264219291,0.0,0.63,0.51,,,,,,,,,,,,,,,,,,,,,,,,,,2.036406786222861,25.28438582,0.0,,,,,,,,,,,,,,,,,8.4375,0.1250241553956669,19.828125,0.2938067651798173,0.1265625,0.1875362330935003,0.693984375,1.0283236781293603,2.036406786222861,375307,,,0.0001575843539875,Information
125538,733.0,6111.727398,ZAF,South Africa,Eastern Cape,1.186855057,0.0,0.63,0.51,,,,,,,,,,,,,,,,,,,,,,,,,,0.4337370559432839,23.73710114,0.0,,,,,,,,,,,,,,,,,0.140625,0.0023009043243015,4.640625,0.0759298427019519,0.002109375,0.0034513564864522,0.162421875,0.2657544494568316,0.4337370559432839,356843,,,1.1735845947846512e-07,Information
125568,744.0,4472.498855,ZAF,South Africa,Eastern Cape,1.108796105,0.0,0.63,0.51,,,,,,,,,,,,,,,,,,,,,,,,,,3.044261385862127,22.1759221,0.0,,,,,,,,,,,,,,,,,6.609375,0.1477781261368011,24.046875,0.5376608419019786,0.099140625,0.2216671892052016,0.841640625,1.881812946656925,3.044261385862127,14899,,,0.0005951537457063,Information
125569,745.0,2831.759773,ZAF,South Africa,Eastern Cape,2.724937133,0.0,0.63,0.51,,,,,,,,,,,,,,,,,,,,,,,,,,0.9335336403034282,54.498742660000005,0.0,,,,,,,,,,,,,,,,,0.28125,0.0099319865570433,5.765625,0.2036057244193895,0.00421875,0.0148979798355649,0.201796875,0.7126200354678633,0.9335336403034282,21573,,,5.08461445762706e-05,Information
125570,746.0,5414.52907,ZAF,South Africa,Eastern Cape,0.773846845,0.0,0.63,0.51,,,,,,,,,,,,,,,,,,,,,,,,,,1.655417800106629,15.4769369,0.0,,,,,,,,,,,,,,,,,3.65625,0.0675266482533793,15.046875,0.2778981293504458,0.05484375,0.1012899723800689,0.526640625,0.9726434527265602,1.655417800106629,143317,,,4.195118010871985e-05,Information
125602,750.0,4041.978126,ZAF,South Africa,Eastern Cape,2.386000551,0.0,0.63,0.51,,,,,,,,,,,,,,,,,,,,,,,,,,2.479321892674429,47.72001102,0.0,,,,,,,,,,,,,,,,,2.953125,0.0730613800417005,19.125,0.4731594136033938,0.044296875,0.1095920700625507,0.669375,1.6560579476118784,2.479321892674429,31387,,,0.0011494425345172,Information
125605,753.0,1528.541365,ZAF,South Africa,Eastern Cape,0.150674983,0.0,0.63,0.51,,,,,,,,,,,,,,,,,,,,,,,,,,2.285635517474678,3.0134996600000004,0.0,,,,,,,,,,,,,,,,,0.84375,0.0551996837811975,8.296875,0.542796890515109,0.01265625,0.0827995256717962,0.290390625,1.899789116802881,2.285635517474678,9666,,,8.915082031870585e-05,Information
125606,754.0,10359.40761,ZAF,South Africa,Western Cape,2.731460462,0.0,0.63,0.51,,,,,,,,,,,,,,,,,,,,,,,,,,2.738838384573111,54.62920924,0.0,,,,,,,,,,,,,,,,,7.59375,0.073302936697223,36.5625,0.3529400655792218,0.11390625,0.1099544050458345,1.2796875,1.2352902295272763,2.738838384573111,7004,,,0.0024976659576738,Information
125804,761.0,18547.05572,ZAF,South Africa,Western Cape,3.102182058,0.0,0.63,0.51,,,,,,,,,,,,,,,,,,,,,,,,,,4.610292551652286,62.04364116,0.0,,,,,,,,,,,,,,,,,25.453125,0.1372353940605933,74.671875,0.4026077030175419,0.381796875,0.2058530910908899,2.613515625,1.4091269605613967,4.610292551652286,75976,,,0.0175091928130133,Information
125806,763.0,1830.982124,ZAF,South Africa,Western Cape,0.074225182,0.0,0.63,0.51,,,,,,,,,,,,,,,,,,,,,,,,,,1.821854150682844,1.48450364,0.0,,,,,,,,,,,,,,,,,3.375,0.1843273048198915,6.609375,0.3609743052722875,0.050625,0.2764909572298373,0.231328125,1.2634100684530063,1.821854150682844,15345,,,3.298666445234993e-05,Information
126000,768.0,10585.42986,ZAF,South Africa,Northern Cape,3.271921738,0.0,0.63,0.51,,,,,,,,,,,,,,,,,,,,,,,,,,0.2228802496707115,65.43843476,0.0,,,,,,,,,,,,,,,,,0.421875,0.003985430969474,3.09375,0.029226493776143,0.006328125,0.005978146454211,0.10828125,0.1022927282165005,0.2228802496707115,510,,,2.281131450481506e-07,Information
126030,771.0,5277.054789,ZAF,South Africa,Western Cape,3.050824762,0.0,0.63,0.51,,,,,,,,,,,,,,,,,,,,,,,,,,2.3306982998366808,61.01649524,0.0,,,,,,,,,,,,,,,,,3.796875,0.0719506458001578,21.375,0.4050554874675555,0.056953125,0.1079259687002366,0.748125,1.417694206136444,2.3306982998366808,37719,,,0.0024239475567679,Information
126041,772.0,681.8856369,ZAF,South Africa,Western Cape,2.969440663,0.0,0.63,0.51,,,,,,,,,,,,,,,,,,,,,,,,,,0.7600077341814225,59.38881326,0.0,,,,,,,,,,,,,,,,,0.28125,0.0412459193728361,1.265625,0.1856066371777624,0.00421875,0.0618688790592541,0.044296875,0.6496232301221684,0.7600077341814225,19293,,,3.468004636471309e-05,Information
126042,773.0,17114.90762,ZAF,South Africa,Northern Cape,1.524713902,0.0,0.63,0.51,,,,,,,,,,,,,,,,,,,,,,,,,,0.4801129052253433,30.49427804,0.0,,,,,,,,,,,,,,,,,0.84375,0.0049299126744875,8.296875,0.0484774746324606,0.01265625,0.0073948690117312,0.290390625,0.1696711612136121,0.4801129052253433,5957,,,3.259973459779767e-07,Information
126044,775.0,3915.759743,ZAF,South Africa,Northern Cape,0.08837988,0.0,0.63,0.51,,,,,,,,,,,,,,,,,,,,,,,,,,1.4192920178647042,1.7675975999999998,0.0,,,,,,,,,,,,,,,,,0.703125,0.017956285525787,11.109375,0.2837093113074353,0.010546875,0.0269344282886805,0.388828125,0.9929825895760236,1.4192920178647042,390,,,1.1317336754885067e-05,Information
127100,786.0,5130.379882,NAM,Namibia,!Karas,3.886370549,0.0,0.57,0.6,,,,,,,,,,,,,,,,,,,,,,,,,,1.604995461581625,77.72741098,0.0,,,,,,,,,,,,,,,,,3.796875,0.0740076775522064,13.921875,0.2713614843580901,0.056953125,0.1110115163283096,0.487265625,0.9497651952533154,1.604995461581625,12508,,,0.0042662831050078,Information
127304,801.0,11989.36947,ZAF,South Africa,Northern Cape,0.750603612,0.0,0.63,0.51,,,,,,,,,,,,,,,,,,,,,,,,,,0.6860576394429423,15.01207224,0.0,,,,,,,,,,,,,,,,,1.96875,0.0164207968127864,9.84375,0.0821039840639322,0.02953125,0.0246311952191796,0.34453125,0.2873639442237627,0.6860576394429423,7402,,,7.203036477709662e-07,Information
127306,803.0,6460.570345,NAM,Namibia,!Karas,0.499459233,0.0,0.57,0.6,,,,,,,,,,,,,,,,,,,,,,,,,,0.1343593278815192,9.98918466,0.0,,,,,,,,,,,,,,,,,0.5625,0.0087066616406954,1.265625,0.0195899886915646,0.0084375,0.0130599924610431,0.044296875,0.0685649604204761,0.1343593278815192,6754,,,3.8290542506883646e-11,Information
127309,806.0,5784.070995,ZAF,South Africa,Northern Cape,3.176781741,0.0,0.63,0.51,,,,,,,,,,,,,,,,,,,,,,,,,,1.2356737415204089,63.53563482,0.0,,,,,,,,,,,,,,,,,3.9375,0.068074890566992,11.25,0.1944996873342631,0.0590625,0.1021123358504879,0.39375,0.6807489056699209,1.2356737415204089,5745,,,0.0003562556116661,Information
127426,815.0,16123.03407,ZAF,South Africa,Northern Cape,1.32842112,0.0,0.63,0.51,,,,,,,,,,,,,,,,,,,,,,,,,,0.4693605681946677,26.5684224,0.0,,,,,,,,,,,,,,,,,2.25,0.0139551897626926,7.3125,0.0453543667287511,0.03375,0.0209327846440389,0.2559375,0.1587402835506288,0.4693605681946677,254918,,,2.177605018190876e-07,Information
127469,838.0,6265.738145,NAM,Namibia,Hardap,0.016850639,0.0,0.57,0.6,,,,,,,,,,,,,,,,,,,,,,,,,,0.3522827551458193,0.33701278,0.0,,,,,,,,,,,,,,,,,0.84375,0.0134660909935224,3.515625,0.0561087124730102,0.01265625,0.0201991364902835,0.123046875,0.1963804936555357,0.3522827551458193,45278,,,8.253519107148119e-09,Information
127604,862.0,23982.73053,ZAF,South Africa,Northern Cape,1.119030762,0.0,0.63,0.51,,,,,,,,,,,,,,,,,,,,,,,,,,0.3267879451438362,22.38061524,0.0,,,,,,,,,,,,,,,,,2.25,0.0093817507457401,5.625,0.0234543768643503,0.03375,0.0140726261186101,0.196875,0.082090319025226,0.3267879451438362,12866,,,2.2468665371101585e-08,Information
127609,867.0,8043.524215,ZAF,South Africa,Northern Cape,2.113927539,0.0,0.63,0.51,,,,,,,,,,,,,,,,,,,,,,,,,,0.6908466301182103,42.27855078,0.0,,,,,,,,,,,,,,,,,2.8125,0.0349660164491516,7.59375,0.0944082444127094,0.0421875,0.0524490246737274,0.26578125,0.3304288554444828,0.6908466301182103,6581,,,4.811709563477385e-06,Information
127703,871.0,4427.48682,ZAF,South Africa,Northern Cape,3.2823468,0.0,0.63,0.51,,,,,,,,,,,,,,,,,,,,,,,,,,0.6575788642187168,65.646936,0.0,,,,,,,,,,,,,,,,,0.984375,0.0222332677667666,5.34375,0.1206948821624477,0.014765625,0.0333499016501499,0.18703125,0.4224320875685669,0.6575788642187168,16272,,,3.812643079695964e-05,Information
127707,875.0,3105.517252,ZAF,South Africa,Northern Cape,2.094495988,0.0,0.63,0.51,,,,,,,,,,,,,,,,,,,,,,,,,,1.5756047489270848,41.88991976,0.0,,,,,,,,,,,,,,,,,3.234375,0.104149316762045,9.28125,0.2988632567954335,0.048515625,0.1562239751430675,0.32484375,1.0460213987840172,1.5756047489270848,3411,,,0.0001544617064994,Information
127910,887.0,2016.108812,ZAF,South Africa,Northern Cape,2.776020473,0.0,0.63,0.51,,,,,,,,,,,,,,,,,,,,,,,,,,0.8674666151402353,55.52040946,0.0,,,,,,,,,,,,,,,,,0.84375,0.0418504197182745,3.796875,0.1883268887322353,0.01265625,0.0627756295774117,0.132890625,0.6591441105628235,0.8674666151402353,23394,,,4.121745499837023e-05,Information
127927,894.0,3310.202818,ZAF,South Africa,Free State,0.045854318,0.0,0.63,0.51,,,,,,,,,,,,,,,,,,,,,,,,,,0.6841919733993116,0.91708636,0.0,,,,,,,,,,,,,,,,,1.828125,0.0552269785470334,4.078125,0.1231986444510747,0.027421875,0.0828404678205501,0.142734375,0.4311952555787615,0.6841919733993116,589848,,,3.254412758690145e-07,Information
127976,914.0,6641.896592,ZAF,South Africa,Free State,0.53324515,0.0,0.63,0.51,,,,,,,,,,,,,,,,,,,,,,,,,,0.6571311899034239,10.664903,0.0,,,,,,,,,,,,,,,,,1.40625,0.021172416348709,6.890625,0.1037448401086744,0.02109375,0.0317586245230634,0.241171875,0.3631069403803604,0.6571311899034239,102147,,,4.5014891340011604e-07,Information
128010,929.0,22700.00153,NAM,Namibia,!Karas,2.471629132,0.0,0.57,0.6,,,,,,,,,,,,,,,,,,,,,,,,,,5.341885214956237,49.43258264,0.0,,,,,,,,,,,,,,,,,15.890625,0.0700027485931189,99.140625,0.4367428120190167,0.238359375,0.1050041228896783,3.469921875,1.5285998420665583,5.341885214956237,17053,,,0.0122967436830758,Information
128030,931.0,3974.150233,NAM,Namibia,Erongo,1.701022721,0.0,0.57,0.6,,,,,,,,,,,,,,,,,,,,,,,,,,0.2497094861693359,34.02045442,0.0,,,,,,,,,,,,,,,,,0.140625,0.0035384923003828,1.96875,0.0495388922053605,0.002109375,0.0053077384505742,0.06890625,0.1733861227187617,0.2497094861693359,86726,,,1.22490309230833e-08,Information
129062,960.0,27712.10973,NAM,Namibia,Omusati,1.665897054,0.0,0.57,0.6,,,,,,,,,,,,,,,,,,,,,,,,,,0.8362867410104232,33.31794108,0.0,,,,,,,,,,,,,,,,,0.28125,0.0010148992723589,17.4375,0.0629237548862528,0.00421875,0.0015223489085383,0.6103125,0.2202331421018848,0.8362867410104232,18745,,,5.96892865444746e-06,Information
129063,961.0,1885.654293,NAM,Namibia,Oshana,0.576120991,0.0,0.57,0.6,,,,,,,,,,,,,,,,,,,,,,,,,,0.536264354165505,11.52241982,0.0,,,,,,,,,,,,,,,,,0.421875,0.022372870867711,2.25,0.1193219779611253,0.006328125,0.0335593063015665,0.07875,0.4176269228639385,0.536264354165505,64794,,,1.6463171082178845e-07,Information
129064,962.0,6600.886725,NAM,Namibia,Omusati,4.002273276,0.0,0.57,0.6,,,,,,,,,,,,,,,,,,,,,,,,,,0.4385440537345871,80.04546552000001,0.0,,,,,,,,,,,,,,,,,0.140625,0.0021303955946337,4.921875,0.0745638458121819,0.002109375,0.0031955933919505,0.172265625,0.2609734603426366,0.4385440537345871,122656,,,6.733675893523114e-05,Information
129065,963.0,3421.337234,NAM,Namibia,Ohangwena,2.034739016,0.0,0.57,0.6,,,,,,,,,,,,,,,,,,,,,,,,,,0.1903187320565558,40.69478032,0.0,,,,,,,,,,,,,,,,,0.28125,0.0082204699742931,1.265625,0.0369921148843189,0.00421875,0.0123307049614396,0.044296875,0.1294724020951161,0.1903187320565558,223881,,,4.685088176738483e-09,Information
129990,1055.0,16953.0655,AGO,Angola,Huíla,0.601412143,0.0,0.41,0.82,,,,,,,,,,,,,,,,,,,,,,,,,,1.260960743453695,12.02824286,0.0,,,,,,,,,,,,,,,,,0.703125,0.0041474799951568,22.359375,0.1318898638459885,0.010546875,0.0062212199927352,0.782578125,0.4616145234609597,1.260960743453695,215416,,,1.0922756705075802e-05,Information
131280,1064.0,5250.241817,AGO,Angola,Huíla,1.362093148,0.0,0.41,0.82,,,,,,,,,,,,,,,,,,,,,,,,,,0.1735996674755743,27.24186296,0.0,,,,,,,,,,,,,,,,,0.703125,0.013392240291244,1.40625,0.0267844805824881,0.010546875,0.020088360436866,0.04921875,0.0937456820387083,0.1735996674755743,309250,,,7.794838998136545e-10,Information
131330,1068.0,2397.830157,AGO,Angola,Namibe,3.483043957,0.0,0.41,0.82,,,,,,,,,,,,,,,,,,,,,,,,,,0.1745022542819988,69.66087914,0.0,,,,,,,,,,,,,,,,,0.28125,0.0117293545234999,0.84375,0.0351880635704997,0.00421875,0.0175940317852498,0.02953125,0.1231582224967489,0.1745022542819988,306608,,,1.2463058724784738e-07,Information
131350,1070.0,27477.91683,AGO,Angola,Namibe,0.890821081,0.0,0.41,0.82,,,,,,,,,,,,,,,,,,,,,,,,,,0.6463742914806325,17.81642162,0.0,,,,,,,,,,,,,,,,,1.40625,0.0051177460380009,12.9375,0.0470832635496089,0.02109375,0.0076766190570013,0.4528125,0.1647914224236311,0.6463742914806325,241833,,,6.320004939016821e-07,Information
131370,1072.0,5634.407697,AGO,Angola,Benguela,3.087950876,0.0,0.41,0.82,,,,,,,,,,,,,,,,,,,,,,,,,,1.057462537074889,61.75901752,0.0,,,,,,,,,,,,,,,,,3.09375,0.0549081672164116,9.5625,0.1697161532143632,0.04640625,0.0823622508246174,0.3346875,0.5940065362502712,1.057462537074889,642171,,,0.0001665894187657,Information
131380,1073.0,16750.29312,AGO,Angola,Benguela,1.833905063,0.0,0.41,0.82,,,,,,,,,,,,,,,,,,,,,,,,,,0.1920148352808535,36.67810126,0.0,,,,,,,,,,,,,,,,,0.140625,0.0008395375471444,3.375,0.0201489011314677,0.002109375,0.0012593063207166,0.118125,0.0705211539601369,0.1920148352808535,710250,,,3.347253653733641e-09,Information
131400,1075.0,22959.18595,AGO,Angola,Cuanza Sul,0.477135734,0.0,0.41,0.82,,,,,,,,,,,,,,,,,,,,,,,,,,2.3861624282926965,9.54271468,0.0,,,,,,,,,,,,,,,,,5.484375,0.0238874976340229,45.140625,0.1966124805261892,0.082265625,0.0358312464510343,1.579921875,0.6881436818416622,2.3861624282926965,1282875,,,0.0001388871871636,Information
133201,1419.0,13657.52547,COG,Republic of Congo,Niari,2.353975833,0.0,0.44,0.78,,,,,,,,,,,,,,,,,,,,,,,,,,1.906093405910196,47.07951666,0.0,,,,,,,,,,,,,,,,,0.84375,0.0061779126970749,31.078125,0.2275531176755953,0.01265625,0.0092668690456123,1.087734375,0.7964359118645835,1.906093405910196,112904,,,0.000444103303648,Information
133205,1423.0,4152.747351,COG,Republic of Congo,Lékoumou,3.155621881,0.0,0.44,0.78,,,,,,,,,,,,,,,,,,,,,,,,,,3.2565461756080927,63.11243762,0.0,,,,,,,,,,,,,,,,,0.703125,0.0169315621825466,27.0,0.6501719878097922,0.010546875,0.0253973432738199,0.945,2.2756019573342727,3.2565461756080927,30668,,,0.0076077804949445,Information
133302,1429.0,25130.97902,GAB,Gabon,Nyanga,3.085559422,0.0,0.57,0.6,,,,,,,,,,,,,,,,,,,,,,,,,,1.1283797222779357,61.71118844,0.0,,,,,,,,,,,,,,,,,4.921875,0.0195848916023131,20.953125,0.0833756813927045,0.073828125,0.0293773374034696,0.733359375,0.2918148848744658,1.1283797222779357,74579,,,0.0002122415225013,Information
133303,1430.0,392.9008401,GAB,Gabon,Ogoou,3.172740346,0.0,0.57,0.6,,,,,,,,,,,,,,,,,,,,,,,,,,12.591429397766422,63.45480692,0.0,,,,,,,,,,,,,,,,,3.515625,0.894786836984226,12.09375,3.078066719225738,0.052734375,1.3421802554763391,0.42328125,10.773233517290082,12.591429397766422,6692,,,0.143317335664656,Information
133304,1431.0,4492.789393,GAB,Gabon,Ogoou,0.533463037,0.0,0.57,0.6,,,,,,,,,,,,,,,,,,,,,,,,,,13.064444358218822,10.66926074,0.0,,,,,,,,,,,,,,,,,45.5625,1.0141249902996177,96.1875,2.1409305350769703,0.6834375,1.5211874854494265,3.3665625,7.493256872769396,13.064444358218822,6901,,,0.0272744989182006,Information
133305,1432.0,506.2810575,GAB,Gabon,Ogoou,1.30795793,0.0,0.57,0.6,,,,,,,,,,,,,,,,,,,,,,,,,,14.299338646438317,26.1591586,0.0,,,,,,,,,,,,,,,,,4.921875,0.9721625818884512,17.578125,3.4720092210301825,0.073828125,1.4582438728326768,0.615234375,12.152032273605638,14.299338646438317,318,,,0.0503262308838569,Information
133306,1433.0,3758.704534,GAB,Gabon,Ogoou,0.162454991,0.0,0.57,0.6,,,,,,,,,,,,,,,,,,,,,,,,,,6.545129691717003,3.24909982,0.0,,,,,,,,,,,,,,,,,10.265625,0.2731160405979876,46.6875,1.242116787377149,0.153984375,0.4096740608969814,1.6340625,4.347408755820021,6.545129691717003,2346,,,0.0035361725249607,Information
133307,1434.0,232.5545902,GAB,Gabon,Ogoou,4.030707376,0.0,0.57,0.6,,,,,,,,,,,,,,,,,,,,,,,,,,10.147651357006232,80.61414751999999,0.0,,,,,,,,,,,,,,,,,1.265625,0.5442270561771713,6.046875,2.600195935068707,0.018984375,0.816340584265757,0.211640625,9.100685772740476,10.147651357006232,526,,,0.2587184927479041,Information
133308,1435.0,9090.489429,GAB,Gabon,Ogoou,3.052076516,0.0,0.57,0.6,,,,,,,,,,,,,,,,,,,,,,,,,,7.973630310839935,61.04153032,0.0,,,,,,,,,,,,,,,,,17.859375,0.1964621942506192,100.828125,1.1091605769897164,0.267890625,0.2946932913759288,3.528984375,3.882062019464007,7.973630310839935,9258,,,0.0563292523644758,Information
133309,16042.0,299.8387936,GAB,Gabon,Ogooué-Maritime,4.060610488,0.0,0.57,0.6,,,,,,,,,,,,,,,,,,,,,,,,,,34.99802450327101,81.21220976000001,0.0,3.0,,,,,,,,,,,,,,,,2.953125,0.9849042428484353,27.84375,9.286240003999533,0.044296875,1.4773563642726528,0.97453125,32.50184001399836,34.99802450327101,625,92.0,14.72,0.7330568183795527,Watch
133425,1441.0,7289.951204,GAB,Gabon,Ngounié,3.618906901,0.0,0.57,0.6,,,,,,,,,,,,,,,,,,,,,,,,,,0.2251310798978447,72.37813802,0.0,,,,,,,,,,,,,,,,,0.421875,0.0057870757732375,2.53125,0.0347224546394253,0.006328125,0.0086806136598562,0.08859375,0.1215285912379885,0.2251310798978447,47369,,,7.558604467346513e-07,Information
133510,16043.0,19196.78248,GAB,Gabon,Estuaire,3.434262145,0.217824744,0.57,0.6,,,,,,,,,,,,,,,,,,,,,,,,,,12.415702852307872,68.68524289999999,4.35649488,,,,,,,,,,,,,,,,,25.453125,0.1325905788144228,222.328125,1.158153066881782,0.381796875,0.1988858682216341,7.781484375,4.053535734086237,12.415702852307872,1353623,,,0.1774498135060288,Information
133520,1469.0,7449.483789,GAB,Gabon,Estuaire,0.852059173,0.0,0.57,0.6,,,,,,,,,,,,,,,,,,,,,,,,,,1.4048759413135312,17.04118346,0.0,,,,,,,,,,,,,,,,,8.15625,0.1094874521598706,13.640625,0.1831083251639215,0.12234375,0.1642311782398059,0.477421875,0.6408791380737253,1.4048759413135312,30035,,,2.2673808172452105e-05,Information
133550,1472.0,2089.556536,GNQ,Equatorial Guinea,Litoral,4.011603929,0.264350422,0.47,0.74,,,,,,,,,,,,,,,,,,,,,,,,,,0.907180376490013,80.23207857999999,5.287008439999999,,,,,,,,,,,,,,,,,1.265625,0.060569071869149,3.9375,0.188437112481797,0.018984375,0.0908536078037235,0.1378125,0.6595298936862896,0.907180376490013,315188,,,0.0010298906941768,Information
133561,1473.0,5378.74796,CMR,Cameroon,Sud,2.749348913,0.0,0.42,0.81,,,,,,,,,,,,,,,,,,,,,,,,,,0.5709402552705196,54.98697826,0.0,,,,,,,,,,,,,,,,,2.8125,0.0522891204606366,4.5,0.0836625927370185,0.0421875,0.0784336806909549,0.1575,0.2928190745795647,0.5709402552705196,32534,,,6.286068468231816e-06,Information
133623,1488.0,1750.585913,CMR,Cameroon,Centre,1.326560078,0.0,0.42,0.81,,,,,,,,,,,,,,,,,,,,,,,,,,1.0571987739767736,26.53120156,0.0,,,,,,,,,,,,,,,,,0.984375,0.0562311733735483,4.078125,0.2329577182618432,0.014765625,0.0843467600603224,0.142734375,0.8153520139164512,1.0571987739767736,103067,,,1.111451039179684e-05,Information
133624,1489.0,8827.426626,CMR,Cameroon,Ouest,1.397532876,0.0,0.42,0.81,,,,,,,,,,,,,,,,,,,,,,,,,,0.8937903201926126,27.95065752,0.0,,,,,,,,,,,,,,,,,1.6875,0.0191165565178233,11.25,0.1274437101188222,0.0253125,0.0286748347767349,0.39375,0.4460529854158777,0.8937903201926126,1816497,,,5.6770466906673686e-06,Information
133709,1510.0,3776.535988,NGA,Nigeria,Cross River,2.321973953,3.961525032,0.39,0.85,,,,,,,,,,,,,,,,,,,,,,,,,,3.2087527427107414,46.43947906,79.23050064,,,,,,,,,,,,,,,,,12.375,0.3276812411807278,19.828125,0.5250347159827571,0.185625,0.4915218617710917,0.693984375,1.8376215059396497,3.2087527427107414,1057329,,,0.030908698243873,Information
133801,1511.0,6055.691443,NGA,Nigeria,Abia,2.938601931,3.162083584,0.39,0.85,,,,,,,,,,,,,,,,,,,,,,,,,,0.5704521761711216,58.77203862,63.24167168,,,,,,,,,,,,,,,,,1.546875,0.0255441515547865,5.484375,0.0905656282396977,0.023203125,0.0383162273321797,0.191953125,0.3169796988389419,0.5704521761711216,3111821,,,1.5520561739964434e-05,Information
133900,1520.0,264.687205,NGA,Nigeria,Akwa Ibom,1.090667996,0.0,0.39,0.85,,,,,,,,,,,,,,,,,,,,,,,,,,9.816299766443858,21.813359920000003,0.0,,,,,,,,,,,,,,,,,5.0625,1.912634953288772,5.0625,1.912634953288772,0.0759375,2.8689524299331577,0.1771875,6.694222336510701,9.816299766443858,302879,,,0.0189907399401784,Information
134000,16044.0,3136.39353,GNQ,Equatorial Guinea,Bioko Sur,0.592112272,0.0,0.47,0.74,,,,,,,,,,,,,,,,,,,,,,,,,,2.302952040479536,11.84224544,0.0,,,,,,,,,,,,,,,,,0.5625,0.0179346116673098,15.46875,0.4932018208510204,0.0084375,0.0269019175009647,0.54140625,1.7262063729785713,2.302952040479536,587435,,,0.0001337291345391,Information
141000,16045.0,26886.33954,NGA,Nigeria,Rivers,4.008854796,4.001070643,0.39,0.85,,,,,,,,,,,,,,,,,,,,,,,,,,26.600018679167786,80.17709592,80.02141286,3.0,,,,,,,,,,,,,,,,206.15625,0.7667694951883933,465.609375,1.731769303252913,3.09234375,1.15015424278259,16.296328125,6.061192561385195,26.600018679167786,26128746,201446.0,0.77,0.6156492741023718,Watch
142343,1568.0,3857.107504,NGA,Nigeria,Niger,2.914741,0.0,0.39,0.85,,,,,,,,,,,,,,,,,,,,,,,,,,36.370188480715285,58.29482,0.0,,,,,,,,,,,,,,,,,73.125,1.8958507098169115,257.90625,6.686519618854262,1.096875,2.843776064725368,9.02671875,23.40281866598992,36.370188480715285,345095,,,0.4455644441039751,Advisory
142344,1569.0,3548.455986,NGA,Nigeria,Niger,2.425989595,0.0,0.39,0.85,,,,,,,,,,,,,,,,,,,,,,,,,,0.38926999013538,48.5197919,0.0,,,,,,,,,,,,,,,,,0.5625,0.0158519649729865,2.671875,0.0752968336216858,0.0084375,0.0237779474594797,0.093515625,0.2635389176759002,0.38926999013538,116177,,,5.179860354548902e-07,Information
142345,1570.0,9311.683335,NGA,Nigeria,Kaduna,3.897041683,0.0,0.39,0.85,,,,,,,,,,,,,,,,,,,,,,,,,,0.5132951211335999,77.94083366,0.0,,,,,,,,,,,,,,,,,1.40625,0.0151019955189545,6.46875,0.0694691793871909,0.02109375,0.0226529932784317,0.22640625,0.2431421278551681,0.5132951211335999,523584,,,8.47421234563476e-05,Information
142360,1576.0,10103.83872,NGA,Nigeria,Kwara,1.195990723,0.0,0.39,0.85,,,,,,,,,,,,,,,,,,,,,,,,,,0.1413014114247853,23.91981446,0.0,,,,,,,,,,,,,,,,,0.140625,0.0013917977509858,1.96875,0.0194851685138019,0.002109375,0.0020876966264787,0.06890625,0.0681980897983066,0.1413014114247853,462883,,,1.6012148400060344e-10,Information
142370,1577.0,2243.739394,NGA,Nigeria,Niger,3.575195612,0.0,0.39,0.85,,,,,,,,,,,,,,,,,,,,,,,,,,1.2738323898521131,71.50391224,0.0,,,,,,,,,,,,,,,,,1.125,0.0501395127639572,6.1875,0.275767320201765,0.016875,0.0752092691459358,0.2165625,0.9651856207061774,1.2738323898521131,86205,,,0.0009426293585457,Information
143041,1821.0,699.5167636,NGA,Nigeria,Lagos,2.610142992,0.0,0.39,0.85,,,,,,,,,,,,,,,,,,,,,,,,,,6.183956434785712,52.20285984,0.0,,,,,,,,,,,,,,,,,7.59375,1.0855708390554033,8.296875,1.186086657486459,0.11390625,1.6283562585831048,0.290390625,4.151303301202606,6.183956434785712,6355762,,,0.0204270572800459,Information
143042,1822.0,22214.93573,NGA,Nigeria,Oyo,2.494775457,0.0,0.39,0.85,,,,,,,,,,,,,,,,,,,,,,,,,,0.3507544507230676,49.89550914,0.0,,,,,,,,,,,,,,,,,4.640625,0.0208896620573327,4.921875,0.0221557021820196,0.069609375,0.031334493085999,0.172265625,0.0775449576370686,0.3507544507230676,6195928,,,3.4925130362883297e-07,Information
143043,1823.0,1431.918564,NGA,Nigeria,Ogun,1.694727517,0.0,0.39,0.85,,,,,,,,,,,,,,,,,,,,,,,,,,6.567789184896219,33.89455034,0.0,,,,,,,,,,,,,,,,,16.453125,1.1490265869792438,16.453125,1.1490265869792438,0.246796875,1.7235398804688655,0.575859375,4.0215930544273535,6.567789184896219,1330663,,,0.0104697399874356,Information
143045,1825.0,583.0592067,NGA,Nigeria,Lagos,2.352585691,0.0,0.39,0.85,,,,,,,,,,,,,,,,,,,,,,,,,,2.297225419581836,47.05171382,0.0,,,,,,,,,,,,,,,,,2.53125,0.4341325839163671,2.53125,0.4341325839163671,0.03796875,0.6511988758745506,0.08859375,1.5194640437072848,2.297225419581836,462620,,,0.0008516461360779,Information
143046,1826.0,9307.44807,NGA,Nigeria,Ogun,3.66973944,0.0,0.39,0.85,,,,,,,,,,,,,,,,,,,,,,,,,,1.0385006843489577,73.3947888,0.0,,,,,,,,,,,,,,,,,9.421875,0.1012294125038768,10.265625,0.1102947330266121,0.141328125,0.1518441187558152,0.359296875,0.3860315655931423,1.0385006843489577,2377029,,,0.0005907083468383,Information
143047,1827.0,2693.288975,NGA,Nigeria,Ogun,4.012868392,0.0,0.39,0.85,,,,,,,,,,,,,,,,,,,,,,,,,,0.2882989139925958,80.25736784,0.0,,,,,,,,,,,,,,,,,1.125,0.0417704899296728,1.265625,0.0469918011708819,0.016875,0.0626557348945092,0.044296875,0.1644713040980866,0.2882989139925958,765191,,,1.1865720673769609e-05,Information
143061,1831.0,3592.82249,BEN,Benin,Atlantique,2.841641586,0.0,0.47,0.74,,,,,,,,,,,,,,,,,,,,,,,,,,6.347122260244982,56.83283172,0.0,,,,,,,,,,,,,,,,,26.859375,0.74758424807778,36.421875,1.013739896608089,0.402890625,1.12137637211667,1.274765625,3.548089638128312,6.347122260244982,2793044,,,0.0276139677276524,Information
143062,1832.0,7350.313126,NGA,Nigeria,Ogun,1.21618516,0.0,0.39,0.85,,,,,,,,,,,,,,,,,,,,,,,,,,2.2721524363101264,24.3237032,0.0,,,,,,,,,,,,,,,,,13.640625,0.1855788286297768,21.65625,0.2946303052472747,0.204609375,0.2783682429446651,0.75796875,1.0312060683654614,2.2721524363101264,7943253,,,0.0002276721141397,Information
144101,1843.0,130.0000506,GHA,Ghana,Volta,4.062591614,4.009435355,0.53,0.65,,,,,,,,,,,,,,,,,,,,,,,,,,21.80627767861069,81.25183227999999,80.1887071,,,,,,,,,,,,,,,,,0.28125,0.2163460696342783,7.875,6.057689949759794,0.00421875,0.3245191044514174,0.275625,21.20191482415928,21.80627767861069,32977,,,0.5600523209913993,Advisory
144103,1845.0,5045.634444,GHA,Ghana,Volta,4.075322273,0.0,0.53,0.65,,,,,,,,,,,,,,,,,,,,,,,,,,1.3712132817031693,81.50644546000001,0.0,,,,,,,,,,,,,,,,,3.09375,0.0613153813378279,11.8125,0.2341132741989793,0.04640625,0.0919730720067418,0.4134375,0.8193964596964275,1.3712132817031693,852613,,,0.0046377921217397,Information
144304,1864.0,8652.358837,GHA,Ghana,Northern,2.800611166,0.0,0.53,0.65,,,,,,,,,,,,,,,,,,,,,,,,,,2.525263934477,56.01222332,0.0,,,,,,,,,,,,,,,,,11.8125,0.1365234639808739,28.40625,0.3283064252873396,0.1771875,0.2047851959713108,0.99421875,1.1490724885056889,2.525263934477,617886,,,0.0021345178247646,Information
144305,1865.0,35.49018663,GHA,Ghana,Northern,4.352921611,0.0,0.53,0.65,,,,,,,,,,,,,,,,,,,,,,,,,,37.37839906835032,87.05843222,0.0,3.0,,,,,,,,,,,,,,,,1.265625,3.566126639522904,3.234375,9.11343474544742,0.018984375,5.349189959284356,0.113203125,31.89702160906597,37.37839906835032,2655,507.0,19.1,0.8555751712312588,Warning
144410,1870.0,4555.578362,GHA,Ghana,Northern,2.277644721,0.0,0.53,0.65,,,,,,,,,,,,,,,,,,,,,,,,,,3.828142321255005,45.55289442,0.0,,,,,,,,,,,,,,,,,2.109375,0.046303121853081,33.328125,0.7315893252786809,0.031640625,0.0694546827796215,1.166484375,2.5605626384753832,3.828142321255005,94706,,,0.0039671836180332,Information
145101,1916.0,2454.723756,GHA,Ghana,Greater Accra,3.637806139,3.037428032,0.53,0.65,,,,,,,,,,,,,,,,,,,,,,,,,,13.502988491210605,72.75612278,60.74856064000001,,,,,,,,,,,,,,,,,27.140625,1.10564885108515,64.40625,2.6237677398808223,0.407109375,1.658473276627725,2.25421875,9.183187089582878,13.502988491210605,4829547,,,0.2413652212530305,Information
145102,1917.0,2637.246042,GHA,Ghana,Eastern,2.818069067,0.0,0.53,0.65,,,,,,,,,,,,,,,,,,,,,,,,,,0.417788053007037,56.36138134,0.0,,,,,,,,,,,,,,,,,0.5625,0.0213290679359378,2.25,0.0853162717437515,0.0084375,0.0319936019039066,0.07875,0.2986069511031303,0.417788053007037,1585819,,,1.669977652507735e-06,Information
145405,1939.0,2042.989522,CIV,Côte d'Ivoire,Yamoussoukro,3.780565738,0.0,0.46,0.75,,,,,,,,,,,,,,,,,,,,,,,,,,0.580268165020148,75.61131476,0.0,,,,,,,,,,,,,,,,,1.96875,0.0963661330040296,1.96875,0.0963661330040296,0.02953125,0.1445491995060444,0.06890625,0.3372814655141036,0.580268165020148,418069,,,9.260337030501344e-05,Information
145901,16048.0,2863.633256,SEN,Senegal,Fatick,1.544223816,4.002004453,0.48,0.72,,,,,,,,,,,,,,,,,,,,,,,,,,6.904447789696239,30.88447632,80.04008905999999,,,,,,,,,,,,,,,,,0.421875,0.0147321588463757,43.734375,1.5272338004076216,0.006328125,0.0220982382695635,1.530703125,5.345318301426675,6.904447789696239,323725,,,0.1442177409079683,Information
145905,1998.0,1028.016111,SEN,Senegal,Thiès,0.260543934,0.932382277,0.48,0.72,,,,,,,,,,,,,,,,,,,,,,,,,,1.4482089913680132,5.21087868,18.64764554,,,,,,,,,,,,,,,,,0.140625,0.0136792603267501,3.796875,0.3693400288222537,0.002109375,0.0205188904901251,0.132890625,1.292690100877888,1.4482089913680132,530896,,,2.8071447306278188e-05,Information
151197,2120.0,7014.17158,ESH,Western Sahara,Oued el Dahab,0.0,2.607587468,-9999.0,0.6,,,,,,,,,,,,,,,,,,,,,,,,,,4.395227720174886,0.0,52.15174936,,,,,,,,,,,,,,,,,19.40625,0.2766720171782183,43.453125,0.6195047341164454,0.29109375,0.4150080257673275,1.520859375,2.168266569407559,4.395227720174886,287193,,,0.008481350309098,Information
151300,2147.0,26741.39611,ESH,Western Sahara,Laayoune,3.220267632,3.020473744,-9999.0,0.6,,,,,,,,,,,,,,,,,,,,,,,,,,1.2645725896459836,64.40535264,60.40947488,,,,,,,,,,,,,,,,,7.875,0.0294487242477847,22.921875,0.0857168223640876,0.118125,0.044173086371677,0.802265625,0.3000088782743066,1.2645725896459836,162455,,,0.000422737809944,Information
151401,2149.0,8971.407576,MAR,Morocco,Guelmim - Es-Semara,1.071059644,0.0,0.55,0.63,,,,,,,,,,,,,,,,,,,,,,,,,,0.1739631922999162,21.42119288,0.0,,,,,,,,,,,,,,,,,1.546875,0.0172422776119501,1.6875,0.0188097573948546,0.023203125,0.0258634164179251,0.0590625,0.0658341508819911,0.1739631922999162,7453,,,4.888352563495793e-10,Information
151501,2158.0,3407.043209,MAR,Morocco,Guelmim - Es-Semara,0.268627041,2.319455129,0.55,0.63,,,,,,,,,,,,,,,,,,,,,,,,,,0.1245089071366413,5.37254082,46.38910258,,,,,,,,,,,,,,,,,0.140625,0.0041274792060729,0.84375,0.0247648752364377,0.002109375,0.0061912188091093,0.02953125,0.0866770633275319,0.1245089071366413,5105,,,6.592332588875521e-10,Information
151507,2164.0,7678.300085,MAR,Morocco,Marrakech - Tensift - Al Haouz,1.657663151,3.027505847,0.55,0.63,,,,,,,,,,,,,,,,,,,,,,,,,,1.070063177624102,33.15326302,60.55011694,,,,,,,,,,,,,,,,,0.140625,0.0018314600684541,13.21875,0.1721572464346916,0.002109375,0.0027471901026811,0.46265625,0.6025503625214206,1.070063177624102,801628,,,0.0001546919475062,Information
151700,2177.0,20144.00805,MAR,Morocco,Chaouia - Ouardigha,4.01732167,1.627378202,0.55,0.63,,,,,,,,,,,,,,,,,,,,,,,,,,0.3956175011762671,80.34643340000001,32.54756404,,,,,,,,,,,,,,,,,0.5625,0.0027923936420482,7.3125,0.0363011173466271,0.0084375,0.0041885904630723,0.2559375,0.1270539107131948,0.3956175011762671,8819064,,,4.700249576670596e-05,Information
151801,2178.0,951.559456,MAR,Morocco,Gharb - Chrarda - Béni Hssen,2.968116982,0.0,0.55,0.63,,,,,,,,,,,,,,,,,,,,,,,,,,1.5294468166794517,59.36233964,0.0,,,,,,,,,,,,,,,,,1.96875,0.206897213582141,2.953125,0.3103458203732115,0.02953125,0.3103458203732115,0.103359375,1.0862103713062403,1.5294468166794517,605358,,,0.0005194235299145,Information
151804,2181.0,7300.982987,MAR,Morocco,Taza - Al Hoceima - Taounate,1.14821651,0.0,0.55,0.63,,,,,,,,,,,,,,,,,,,,,,,,,,0.9663845453022336,22.9643302,0.0,,,,,,,,,,,,,,,,,4.21875,0.0577833150312655,9.84375,0.1348277350729529,0.06328125,0.0866749725468982,0.34453125,0.4718970727553351,0.9663845453022336,912654,,,5.97598868767457e-06,Information
151808,2185.0,5170.34475,MAR,Morocco,Taza - Al Hoceima - Taounate,3.658159758,0.0,0.55,0.63,,,,,,,,,,,,,,,,,,,,,,,,,,0.241376146606682,73.16319516,0.0,,,,,,,,,,,,,,,,,1.546875,0.0299182177380086,1.6875,0.0326380557141912,0.023203125,0.0448773266070129,0.0590625,0.1142331949996691,0.241376146606682,581311,,,1.231474924322523e-06,Information
151809,2186.0,7408.326787,MAR,Morocco,Fès - Boulemane,0.68652182,0.0,0.55,0.63,,,,,,,,,,,,,,,,,,,,,,,,,,0.2627039262285678,13.7304364,0.0,,,,,,,,,,,,,,,,,0.5625,0.0075928076089845,2.953125,0.0398622399471689,0.0084375,0.0113892114134767,0.103359375,0.1395178398150911,0.2627039262285678,1748881,,,3.432288823352011e-09,Information
153021,2189.0,2188.722967,MAR,Morocco,Oriental,1.625319694,1.083804304,0.55,0.63,,,,,,,,,,,,,,,,,,,,,,,,,,0.2740930293921865,32.506393880000005,21.67608608,,,,,,,,,,,,,,,,,0.984375,0.0449748558784373,0.984375,0.0449748558784373,0.014765625,0.0674622838176559,0.034453125,0.1574119955745305,0.2740930293921865,297336,,,1.8320551911720842e-08,Information
153023,2191.0,1463.514102,MAR,Morocco,Oriental,0.894057498,0.0,0.55,0.63,,,,,,,,,,,,,,,,,,,,,,,,,,0.5948084823992559,17.881149960000002,0.0,,,,,,,,,,,,,,,,,1.125,0.0768697751702601,1.6875,0.1153046627553902,0.016875,0.1153046627553901,0.0590625,0.4035663196438657,0.5948084823992559,20072,,,4.1605154324010966e-07,Information
153029,2197.0,21644.29124,MAR,Morocco,Fès - Boulemane,3.233424627,0.0,0.55,0.63,,,,,,,,,,,,,,,,,,,,,,,,,,1.1174139471622095,64.66849254,0.0,,,,,,,,,,,,,,,,,0.421875,0.0019491282732044,21.65625,0.1000552513578294,0.006328125,0.0029236924098066,0.75796875,0.3501933797524029,1.1174139471622095,351366,,,0.0002764165189597,Information
153034,2202.0,7828.769756,DZA,Algeria,Tlemcen,1.449604852,0.0,0.53,0.65,,,,,,,,,,,,,,,,,,,,,,,,,,0.2241756466993449,28.99209704,0.0,,,,,,,,,,,,,,,,,1.96875,0.025147629339869,1.96875,0.025147629339869,0.02953125,0.0377214440098035,0.06890625,0.0880167026895415,0.2241756466993449,1552537,,,4.252880409269683e-09,Information
153036,2204.0,3193.318431,DZA,Algeria,Aïn Témouchent,2.286496952,0.0,0.53,0.65,,,,,,,,,,,,,,,,,,,,,,,,,,0.2904988093492144,45.72993904,0.0,,,,,,,,,,,,,,,,,1.40625,0.0440372618698429,1.40625,0.0440372618698429,0.02109375,0.0660558928047643,0.04921875,0.1541304165444501,0.2904988093492144,1556162,,,8.46961214824298e-08,Information
153037,2205.0,1185.83076,DZA,Algeria,Oran,4.040826516,0.7599005,0.53,0.65,,,,,,,,,,,,,,,,,,,,,,,,,,4.768776434533239,80.81653032,15.19801,,,,,,,,,,,,,,,,,2.53125,0.2134579473479786,13.359375,1.1265836110032204,0.03796875,0.3201869210219679,0.467578125,3.943042638511271,4.768776434533239,994650,,,0.0819673774403023,Information
154527,2271.0,13084.8576,DZA,Algeria,Béchar,2.987694831,0.0,0.53,0.65,,,,,,,,,,,,,,,,,,,,,,,,,,0.3076397288572627,59.753896620000006,0.0,,,,,,,,,,,,,,,,,1.125,0.008597724442404,4.5,0.0343908977696162,0.016875,0.012896586663606,0.1575,0.1203681421936567,0.3076397288572627,29646,,,5.472507719005855e-07,Information
154529,2273.0,13828.71098,MAR,Morocco,Oriental,0.269751131,0.0,0.55,0.63,,,,,,,,,,,,,,,,,,,,,,,,,,0.345299738597246,5.39502262,0.0,,,,,,,,,,,,,,,,,2.53125,0.0183043090859679,4.640625,0.0335578999909412,0.03796875,0.0274564636289518,0.162421875,0.1174526499682942,0.345299738597246,89241,,,9.939411479777293e-09,Information
156095,2630.0,27762.81279,LBY,Libya,Darnah,3.338232625,0.434316964,0.52,0.67,,,,,,,,,,,,,,,,,,,,,,,,,,10.518338088411156,66.7646525,8.68633928,,,,,,,,,,,,,,,,,35.15625,0.1266307209679558,205.875,0.7415495019883496,0.52734375,0.1899460814519337,7.205625,2.5954232569592235,10.518338088411156,1717639,,,0.1249702783583786,Information
156097,16051.0,7138.555071,EGY,Egypt,Matrouh,4.144467125,0.0,0.55,0.63,,,,,,,,,,,,,,,,,,,,,,,,,,5.047398777558913,82.8893425,0.0,,,,,,,,,,,,,,,,,22.359375,0.3132198992520851,50.484375,0.7072071939087958,0.335390625,0.4698298488781276,1.766953125,2.4752251786807853,5.047398777558913,241497,,,0.1110754806832314,Information
156099,16052.0,8588.686276,EGY,Egypt,Matrouh,0.459383075,0.0,0.55,0.63,,,,,,,,,,,,,,,,,,,,,,,,,,1.2159095727181897,9.1876615,0.0,,,,,,,,,,,,,,,,,4.640625,0.0540318373584487,14.0625,0.1637328404801476,0.069609375,0.081047756037673,0.4921875,0.5730649416805166,1.2159095727181897,47799,,,8.041681901403404e-06,Information
157805,2734.0,11501.38326,LBY,Libya,Al Jabal al Akhdar,0.182174071,0.0,0.52,0.67,,,,,,,,,,,,,,,,,,,,,,,,,,6.297599464298829,3.64348142,0.0,,,,,,,,,,,,,,,,,51.328125,0.446277841825954,74.25,0.6455745218742568,0.769921875,0.6694167627389309,2.59875,2.259510826559899,6.297599464298829,33667,,,0.0031870765599254,Information
157806,2735.0,6195.228395,LBY,Libya,Darnah,0.073579197,0.0,0.52,0.67,,,,,,,,,,,,,,,,,,,,,,,,,,2.951942107506852,1.47158394,0.0,,,,,,,,,,,,,,,,,18.84375,0.3041655416013923,24.1875,0.3904214414585036,0.28265625,0.4562483124020884,0.8465625,1.3664750451047627,2.951942107506852,7627,,,0.0002258449310258,Information
158650,2805.0,28654.40401,EGY,Egypt,Matrouh,0.010599425,0.0,0.55,0.63,,,,,,,,,,,,,,,,,,,,,,,,,,1.6731648111648252,0.2119885,0.0,,,,,,,,,,,,,,,,,8.859375,0.0309180222260589,31.640625,0.1104215079502105,0.132890625,0.0463770333390883,1.107421875,0.3864752778257367,1.6731648111648252,28546,,,2.1724383928458945e-05,Information
158902,2828.0,16477.27504,EGY,Egypt,Matrouh,0.048308268,0.0,0.55,0.63,,,,,,,,,,,,,,,,,,,,,,,,,,0.5513663500300596,0.96616536,0.0,,,,,,,,,,,,,,,,,5.484375,0.0332844780785751,7.453125,0.0452327522606277,0.082265625,0.0499267171178626,0.260859375,0.1583146329121969,0.5513663500300596,0,,,1.0468646024141585e-07,Information
172110,3131.0,9518.321586,EGY,Egypt,Al Fayyum,4.221059261,0.0,0.55,0.63,,,,,,,,,,,,,,,,,,,,,,,,,,7.364877435207963,84.42118522,0.0,,,,,,,,,,,,,,,,,35.015625,0.3678760449752477,87.609375,0.9204288193557404,0.525234375,0.5518140674628715,3.066328125,3.221500867745092,7.364877435207963,3437058,,,0.2268714815259245,Information
172116,3137.0,15711.31585,EGY,Egypt,Al Bahr al Ahmar,4.031814111,0.0,0.55,0.63,,,,,,,,,,,,,,,,,,,,,,,,,,0.3428945226682103,80.63628222,0.0,,,,,,,,,,,,,,,,,1.828125,0.011635721776421,5.203125,0.0331170542867368,0.027421875,0.0174535826646315,0.182109375,0.1159096900035788,0.3428945226682103,104921,,,2.74487892590876e-05,Information
172118,3139.0,21418.92802,EGY,Egypt,Al Bahr al Ahmar,4.166583258,0.0,0.55,0.63,,,,,,,,,,,,,,,,,,,,,,,,,,0.1619294437879855,83.33166516,0.0,,,,,,,,,,,,,,,,,2.109375,0.00984818193401,2.25,0.0105047273962773,0.031640625,0.014772272901015,0.07875,0.0367665458869705,0.1619294437879855,205031,,,1.792421854814528e-06,Information
172121,3141.0,4936.738826,EGY,Egypt,Aswan,4.079484133,0.0,0.55,0.63,,,,,,,,,,,,,,,,,,,,,,,,,,9.822183642385555,81.58968266000001,0.0,,,,,,,,,,,,,,,,,50.0625,1.0140803830146232,71.296875,1.4442099836753202,0.7509375,1.5211205745219347,2.495390625,5.054734942863621,9.822183642385555,0,,,0.264914271367769,Information
172132,3152.0,8584.4891,SDN,Sudan,Northern,4.084344146,0.0,0.28,1.0,,,,,,,,,,,,,,,,,,,,,,,,,,0.6027870294389016,81.68688292,0.0,,,,,,,,,,,,,,,,,4.78125,0.0556963838430437,5.90625,0.0688014153355246,0.07171875,0.0835445757645655,0.20671875,0.2408049536743361,0.6027870294389016,10480,,,0.0003203074457032,Information
172135,3155.0,6970.850398,SDN,Sudan,Northern,4.051042945,0.0,0.28,1.0,,,,,,,,,,,,,,,,,,,,,,,,,,1.9582872978023105,81.0208589,0.0,,,,,,,,,,,,,,,,,10.96875,0.1573516769730423,18.28125,0.2622527949550705,0.16453125,0.2360275154595634,0.63984375,0.9178847823427468,1.9582872978023105,30230,,,0.0115653107375909,Information
172137,3157.0,5661.282961,SDN,Sudan,Northern,4.064750479,0.0,0.28,1.0,,,,,,,,,,,,,,,,,,,,,,,,,,1.421878183783523,81.29500958,0.0,,,,,,,,,,,,,,,,,5.0625,0.0894231932043962,12.515625,0.2210740054219796,0.0759375,0.1341347898065943,0.438046875,0.7737590189769287,1.421878183783523,33190,,,0.0049858128560062,Information
172195,3194.0,13271.047,SDN,Sudan,River Nile,4.074290713,0.0,0.28,1.0,,,,,,,,,,,,,,,,,,,,,,,,,,1.3093862998629555,81.48581426,0.0,,,,,,,,,,,,,,,,,7.453125,0.0561607912292592,18.140625,0.1366932465768763,0.111796875,0.0842411868438887,0.634921875,0.478426363019067,1.3093862998629555,100755,,,0.0040367712207764,Information
172249,3210.0,26908.93101,ERI,Eritrea,Gash Barka,4.003035114,0.0,0.34,0.92,,,,,,,,,,,,,,,,,,,,,,,,,,0.7811826343254327,80.06070228,0.0,,,,,,,,,,,,,,,,,8.4375,0.0313557606408048,12.65625,0.0470336409612073,0.1265625,0.0470336409612072,0.44296875,0.1646177433642255,0.7811826343254327,2620502,,,0.0005984058924216,Information
172276,3226.0,5408.246058,ETH,Ethiopia,Tigray,1.289769525,0.0,0.37,0.88,,,,,,,,,,,,,,,,,,,,,,,,,,1.736794359726114,25.795390500000003,0.0,,,,,,,,,,,,,,,,,9.140625,0.1690127428078371,13.5,0.2496188201469595,0.137109375,0.2535191142117556,0.4725,0.8736658705143582,1.736794359726114,1061923,,,8.674510623197749e-05,Information
172280,3230.0,7609.677065,ETH,Ethiopia,Amhara,1.364416589,0.0,0.37,0.88,,,,,,,,,,,,,,,,,,,,,,,,,,0.5564726328787906,27.28833178,0.0,,,,,,,,,,,,,,,,,0.28125,0.0036959518465355,6.75,0.0887028443168535,0.00421875,0.0055439277698032,0.23625,0.3104599551089873,0.5564726328787906,814754,,,5.505862036669002e-07,Information
172290,3231.0,21364.79154,ETH,Ethiopia,Amhara,1.161000386,0.0,0.37,0.88,,,,,,,,,,,,,,,,,,,,,,,,,,0.2054136794570596,23.22000772,0.0,,,,,,,,,,,,,,,,,0.140625,0.0006582090900207,3.9375,0.0184298545205796,0.002109375,0.000987313635031,0.1378125,0.0645044908220286,0.2054136794570596,2364697,,,1.5741414222856963e-09,Information
172442,3253.0,2607.923937,SDN,Sudan,Sennar,2.472177769,0.0,0.28,1.0,,,,,,,,,,,,,,,,,,,,,,,,,,0.4928890857428432,49.44355538,0.0,,,,,,,,,,,,,,,,,0.5625,0.0215688805927086,2.671875,0.1024521828153658,0.0084375,0.0323533208890629,0.093515625,0.3585826398537803,0.4928890857428432,41904,,,1.8233769060058088e-06,Information
172530,3300.0,13989.10762,SDN,Sudan,White Nile,2.411466187,0.0,0.28,1.0,,,,,,,,,,,,,,,,,,,,,,,,,,0.7210374219170039,48.22932374,0.0,,,,,,,,,,,,,,,,,2.109375,0.0150786959155687,11.109375,0.0794144651553288,0.031640625,0.022618043873353,0.388828125,0.2779506280436508,0.7210374219170039,1001204,,,9.604671958105528e-06,Information
172556,3315.0,13886.17285,SDN,Sudan,Blue Nile,4.011859715,0.0,0.28,1.0,,,,,,,,,,,,,,,,,,,,,,,,,,0.157231622483665,80.2371943,0.0,,,,,,,,,,,,,,,,,1.828125,0.013165074496733,1.828125,0.013165074496733,0.027421875,0.0197476117450995,0.063984375,0.0460777607385655,0.157231622483665,53521,,,6.696315286978793e-07,Information
172582,3322.0,9582.29912,SSD,South Sudan,Upper Nile,4.002491372,0.0,-9999.0,1.0,,,,,,,,,,,,,,,,,,,,,,,,,,0.366409459107248,80.04982744,0.0,,,,,,,,,,,,,,,,,2.109375,0.022013245189088,4.21875,0.044026490378176,0.031640625,0.033019867783632,0.14765625,0.1540927163236159,0.366409459107248,130901,,,3.204243960834889e-05,Information
172584,3324.0,14440.31771,SSD,South Sudan,Upper Nile,4.009549511,0.0,-9999.0,1.0,,,,,,,,,,,,,,,,,,,,,,,,,,0.9770252677537744,80.19099022,0.0,,,,,,,,,,,,,,,,,8.296875,0.05745631893416,12.9375,0.0895929041007241,0.124453125,0.08618447840124,0.4528125,0.3135751643525343,0.9770252677537744,363729,,,0.0013089089012499,Information
172589,3329.0,9591.524307,SDN,Sudan,Blue Nile,3.674772228,0.0,0.28,1.0,,,,,,,,,,,,,,,,,,,,,,,,,,0.5170298725695737,73.49544456000001,0.0,,,,,,,,,,,,,,,,,0.140625,0.001466138180942,7.171875,0.0747730472280459,0.002109375,0.002199207271413,0.251015625,0.2617056652981606,0.5170298725695737,273590,,,4.125824477726469e-05,Information
172642,3335.0,7838.754068,ETH,Ethiopia,Gambela Peoples,4.078136773,0.0,0.37,0.88,,,,,,,,,,,,,,,,,,,,,,,,,,0.1152079676013243,81.56273546,0.0,,,,,,,,,,,,,,,,,0.421875,0.005381913966777,1.265625,0.0161457419003311,0.006328125,0.0080728709501655,0.044296875,0.0565100966511588,0.1152079676013243,102759,,,1.9335077136058403e-07,Information
172650,3343.0,20135.93969,ETH,Ethiopia,Gambela Peoples,3.621726001,0.0,0.37,0.88,,,,,,,,,,,,,,,,,,,,,,,,,,1.011273818712957,72.43452002,0.0,,,,,,,,,,,,,,,,,0.421875,0.0020951344040351,19.125,0.0949794263162584,0.006328125,0.0031427016060526,0.669375,0.3324279921069044,1.011273818712957,1114774,,,0.0004742833571758,Information
172670,3345.0,17894.38819,SSD,South Sudan,Jungoli,4.094982405,0.0,-9999.0,1.0,,,,,,,,,,,,,,,,,,,,,,,,,,3.603830319007456,81.8996481,0.0,,,,,,,,,,,,,,,,,0.5625,0.0031434435985582,65.8125,0.3677829010313197,0.0084375,0.0047151653978373,2.3034375,1.287240153609619,3.603830319007456,208707,,,0.0532708581239864,Information
172682,3347.0,5631.445136,SSD,South Sudan,Jungoli,4.009231862,0.0,-9999.0,1.0,,,,,,,,,,,,,,,,,,,,,,,,,,0.5855083160531079,80.18463724,0.0,,,,,,,,,,,,,,,,,4.21875,0.0749141632106216,4.21875,0.0749141632106216,0.06328125,0.1123712448159323,0.14765625,0.2621995712371756,0.5855083160531079,6484,,,0.0002143683227693,Information
172702,3365.0,6475.596157,SSD,South Sudan,Jungoli,4.186675376,0.0,-9999.0,1.0,,,,,,,,,,,,,,,,,,,,,,,,,,10.18618088652632,83.73350752,0.0,,,,,,,,,,,,,,,,,6.046875,0.0933794333932672,111.796875,1.7264337104104055,0.090703125,0.1400691500899007,3.912890625,6.042517986436419,10.18618088652632,189218,,,0.3198653605469652,Information
172843,3386.0,596.9362591,SSD,South Sudan,Warap,4.358713766,0.0,-9999.0,1.0,,,,,,,,,,,,,,,,,,,,,,,,,,33.763866285785134,87.17427532,0.0,3.0,,,,,,,,,,,,,,,,9.984375,1.6726032047436192,50.0625,8.386573815334202,0.149765625,2.508904807115429,1.7521875,29.353008353669708,33.763866285785134,7773,0.0,0.0,0.8334624052983365,Warning
172845,3388.0,9728.695292,SSD,South Sudan,Warap,4.04202893,0.0,-9999.0,1.0,,,,,,,,,,,,,,,,,,,,,,,,,,5.992881548000701,80.8405786,0.0,,,,,,,,,,,,,,,,,16.875,0.1734559413562142,77.203125,0.7935609317046801,0.253125,0.2601839120343213,2.702109375,2.7774632609663805,5.992881548000701,385247,,,0.1225726060797365,Information
172914,3425.0,13285.56467,SSD,South Sudan,Central Equatoria,4.10837399,0.0,-9999.0,1.0,,,,,,,,,,,,,,,,,,,,,,,,,,4.544961495801786,82.1674798,0.0,,,,,,,,,,,,,,,,,8.15625,0.0613918203668674,70.59375,0.5313567900718529,0.12234375,0.092087730550301,2.47078125,1.859748765251485,4.544961495801786,177417,,,0.0858119456112695,Information
172915,3426.0,14902.4245,SSD,South Sudan,Central Equatoria,3.380142734,0.0,-9999.0,1.0,,,,,,,,,,,,,,,,,,,,,,,,,,7.982570892976845,67.60285468000001,0.0,,,,,,,,,,,,,,,,,44.15625,0.2963024574314776,117.5625,0.7888817019513226,0.66234375,0.4444536861472163,4.1146875,2.761085956829629,7.982570892976845,974755,,,0.0806354809102076,Information
172973,3470.0,1668.03515,UGA,Uganda,Lake Victoria,4.004637411,0.0,0.44,0.78,,,,,,,,,,,,,,,,,,,,,,,,,,13.525638135979891,80.09274822,0.0,,,,,,,,,,,,,,,,,0.28125,0.0168611554705162,55.125,3.304786472221176,0.00421875,0.0252917332057743,1.929375,11.566752652774117,13.525638135979891,231255,,,0.3495642857723881,Information
172982,3476.0,5069.088189,MWI,Malawi,Mwanza,4.09793445,0.0,0.45,0.76,,,,,,,,,,,,,,,,,,,,,,,,,,0.6145213809725397,81.958689,0.0,,,,,,,,,,,,,,,,,0.984375,0.0194191729034542,5.484375,0.1081925347478167,0.014765625,0.0291287593551812,0.191953125,0.3786738716173584,0.6145213809725397,212320,,,0.0003629890049859,Information
172987,3481.0,1288.82943,MWI,Malawi,Mwanza,2.085226539,0.0,0.45,0.76,,,,,,,,,,,,,,,,,,,,,,,,,,2.4265107966652715,41.704530780000006,0.0,,,,,,,,,,,,,,,,,0.421875,0.0327331910659686,7.734375,0.600108502876091,0.006328125,0.0490997865989529,0.270703125,2.1003797600663185,2.4265107966652715,127843,,,0.0007387419367982,Information
172988,3482.0,11940.32153,TZA,Tanzania,Simiyu,2.663121376,0.0,0.44,0.78,,,,,,,,,,,,,,,,,,,,,,,,,,0.935401521856138,53.26242752,0.0,,,,,,,,,,,,,,,,,4.078125,0.034154231032674,12.796875,0.107173621516322,0.061171875,0.051231346549011,0.447890625,0.3751076753071269,0.935401521856138,1622935,,,4.589504554775016e-05,Information
172991,3484.0,9806.566103,TZA,Tanzania,Kagera,3.907009006,0.0,0.44,0.78,,,,,,,,,,,,,,,,,,,,,,,,,,5.839529723497654,78.14018012,0.0,,,,,,,,,,,,,,,,,0.140625,0.0014339881923626,82.546875,0.8417510689168887,0.002109375,0.0021509822885438,2.889140625,2.9461287412091104,5.839529723497654,836989,,,0.093417512965257,Information
181205,3499.0,1257.31762,MDG,Madagascar,Toliary,3.946075013,0.0,0.4,0.83,,,,,,,,,,,,,,,,,,,,,,,,,,0.6043571865304147,78.92150026,0.0,,,,,,,,,,,,,,,,,0.5625,0.0447380988775345,1.6875,0.1342142966326037,0.0084375,0.0671071483163017,0.0590625,0.469750038214113,0.6043571865304147,12278,,,0.0001912712015268,Information
181405,3509.0,4822.245547,MDG,Madagascar,Fianarantsoa,3.903887374,0.0,0.4,0.83,,,,,,,,,,,,,,,,,,,,,,,,,,1.2751146466020038,78.07774748,0.0,,,,,,,,,,,,,,,,,3.375,0.069988140740502,10.40625,0.2157967672832145,0.050625,0.104982211110753,0.36421875,0.7552886854912508,1.2751146466020038,45439,,,0.0022242957980788,Information
181407,3511.0,1423.224734,MDG,Madagascar,Toliary,4.038573929,0.0,0.4,0.83,,,,,,,,,,,,,,,,,,,,,,,,,,2.2235351526543106,80.77147858000001,0.0,,,,,,,,,,,,,,,,,2.390625,0.1679724179955496,6.890625,0.484155793045996,0.035859375,0.2519586269933244,0.241171875,1.694545275660986,2.2235351526543106,5466,,,0.0154912915114908,Information
181932,3544.0,5350.957513,MDG,Madagascar,Mahajanga,4.039314142,0.0,0.4,0.83,,,,,,,,,,,,,,,,,,,,,,,,,,2.763484760466916,80.78628284000001,0.0,,,,,,,,,,,,,,,,,9.421875,0.1760782995639173,23.484375,0.4388817317488685,0.141328125,0.2641174493458759,0.821953125,1.5360860611210398,2.763484760466916,157349,,,0.0262426346499712,Information
181934,3546.0,4844.266344,MDG,Madagascar,Antsiranana,4.000215402,0.0,0.4,0.83,,,,,,,,,,,,,,,,,,,,,,,,,,1.684884045069306,80.00430804000001,0.0,,,,,,,,,,,,,,,,,3.515625,0.0725729088918993,14.203125,0.2931945519232734,0.052734375,0.1088593633378489,0.497109375,1.026180931731457,1.684884045069306,139444,,,0.0066838495135926,Information
181935,3547.0,12303.7178,MDG,Madagascar,Antsiranana,4.070806732,0.965129355,0.4,0.83,,,,,,,,,,,,,,,,,,,,,,,,,,9.958438923645613,81.41613464000001,19.3025871,,,,,,,,,,,,,,,,,41.0625,0.3337405870227873,139.359375,1.1326606908889805,0.6159375,0.5006108805341809,4.877578125,3.964312418111432,9.958438923645613,652977,,,0.2663553568480276,Information
181937,3549.0,9720.763142,MDG,Madagascar,Toamasina,4.191623737,3.117172747,0.4,0.83,,,,,,,,,,,,,,,,,,,,,,,,,,8.605759816895329,83.83247474,62.34345494,,,,,,,,,,,,,,,,,21.9375,0.2256767259856361,111.796875,1.1500833151191072,0.3290625,0.3385150889784541,3.912890625,4.025291602916875,8.605759816895329,430930,,,0.2641599142401429,Information
181939,3551.0,2690.336754,MDG,Madagascar,Toamasina,4.097702034,1.052185068,0.4,0.83,,,,,,,,,,,,,,,,,,,,,,,,,,3.43604463850334,81.95404068,21.04370136,,,,,,,,,,,,,,,,,0.984375,0.0365892856554505,20.390625,0.7579209171486184,0.014765625,0.0548839284831757,0.713671875,2.6527232100201643,3.43604463850334,169372,,,0.048598129850052,Information
181950,3553.0,22028.04137,MDG,Madagascar,Toamasina,4.106605775,2.10494986,0.4,0.83,,,,,,,,,,,,,,,,,,,,,,,,,,12.100184535578766,82.1321155,42.0989972,,,,,,,,,,,,,,,,,4.21875,0.0191517254253739,235.96875,1.0712198421259156,0.06328125,0.0287275881380608,8.25890625,3.749269447440705,12.100184535578766,1356292,,,0.3483480507297151,Information
181975,3559.0,1508.08499,MDG,Madagascar,Fianarantsoa,4.140373166,4.102302358,0.4,0.83,,,,,,,,,,,,,,,,,,,,,,,,,,10.071033848086088,82.80746332,82.04604716,,,,,,,,,,,,,,,,,0.703125,0.0466236985779759,37.40625,2.4803807643483213,0.010546875,0.0699355478669638,1.30921875,8.681332675219124,10.071033848086088,232838,,,0.2963899293508394,Information
181993,3567.0,2031.740609,MDG,Madagascar,Fianarantsoa,3.861832081,3.184244445,0.4,0.83,,,,,,,,,,,,,,,,,,,,,,,,,,3.231130214892713,77.23664162,63.6848889,,,,,,,,,,,,,,,,,0.28125,0.0138428103860449,15.46875,0.7613545712324701,0.00421875,0.0207642155790673,0.54140625,2.6647409993136453,3.231130214892713,50217,,,0.0254501023010648,Information
181995,16055.0,3034.86389,MDG,Madagascar,Taolagnaro,4.037293252,1.904709892,0.4,0.83,,,,,,,,,,,,,,,,,,,,,,,,,,6.568392302342368,80.74586504000001,38.09419784,,,,,,,,,,,,,,,,,0.5625,0.0185346038706845,43.453125,1.4317981490103833,0.0084375,0.0278019058060267,1.520859375,5.011293521536341,6.568392302342368,208706,,,0.1410851449074418,Information
181997,3570.0,2694.63469,MDG,Madagascar,Toliary,2.754030556,0.0,0.4,0.83,,,,,,,,,,,,,,,,,,,,,,,,,,1.4243650434866606,55.08061112,0.0,,,,,,,,,,,,,,,,,0.140625,0.0052187036906356,8.578125,0.3183409251287735,0.002109375,0.0078280555359534,0.300234375,1.1141932379507071,1.4243650434866606,412272,,,0.000279108450649,Information
187000,,,,,,,,,,,,,,,,,,,,,,,,,,,,,,,,,,,12.770591213063986,,,,,,,,,,,,,,,,,,,0.421875,1.0599971844219989,1.265625,3.1799915532659964,0.006328125,1.5899957766329984,0.044296875,11.129970436430987,12.770591213063986,335,,,,Information
211038,3591.0,2643.204771,TUR,Turkey,Isparta,3.010034404,0.0,0.57,0.6,,,,,,,,,,,,,,,,,,,,,,,,,,0.1849786440831685,60.200688080000006,0.0,,,,,,,,,,,,,,,,,0.28125,0.0106404922969577,0.984375,0.037241723039352,0.00421875,0.0159607384454365,0.034453125,0.1303460306377319,0.1849786440831685,30128,,,3.907153267245011e-08,Information
211039,3592.0,364.1280423,TUR,Turkey,Antalya,2.684409093,0.0,0.57,0.6,,,,,,,,,,,,,,,,,,,,,,,,,,2.6417098444580365,53.68818186,0.0,,,,,,,,,,,,,,,,,1.265625,0.347576910607914,2.109375,0.5792948510131901,0.018984375,0.521365365911871,0.073828125,2.0275319785461656,2.6417098444580365,75854,,,0.0020918328553842,Information
213022,3605.0,11040.55405,TUR,Turkey,Kirklareli,0.375406595,0.0,0.57,0.6,,,,,,,,,,,,,,,,,,,,,,,,,,14.865756156871374,7.5081319,0.0,,,,,,,,,,,,,,,,,0.28125,0.0025474265032887,222.75,2.017561790604698,0.00421875,0.003821139754933,7.79625,7.061466267116442,14.865756156871374,1112331,,,0.0337702432821522,Information
213025,3608.0,14.39782576,TUR,Turkey,Edirne,4.005961229,0.0,0.57,0.6,,,,,,,,,,,,,,,,,,,,,,,,,,36.54100245838778,80.11922458000001,0.0,3.0,,,,,,,,,,,,,,,,0.140625,0.9767099722585202,2.109375,14.6506495838778,0.002109375,1.4650649583877802,0.073828125,35.0,36.54100245838778,5771,458.0,7.94,0.7286323068123218,Watch
213060,3616.0,24578.96091,MKD,Macedonia,Gradsko,2.65697197,0.092773619,0.65,0.49,,,,,,,,,,,,,,,,,,,,,,,,,,9.415137351777377,53.1394394,1.85547238,,,,,,,,,,,,,,,,,2.53125,0.0102984418642556,190.125,0.773527411137426,0.03796875,0.0154476627963834,6.654375,2.707345938980991,9.415137351777377,2053877,,,0.054262568172126,Information
213071,3618.0,5501.305992,GRC,Greece,Macedonia and Thrace,1.660428654,0.231294121,0.72,0.39,,,,,,,,,,,,,,,,,,,,,,,,,,10.73826985568088,33.20857308,4.62588242,,,,,,,,,,,,,,,,,1.40625,0.0255621120135825,108.28125,1.968282625045859,0.02109375,0.0383431680203737,3.78984375,6.888989187660506,10.73826985568088,313435,,,0.0337927331167218,Information
213080,3627.0,17574.23236,ALB,Albania,Shkodër,3.020851366,0.057701194,0.63,0.51,,,,,,,,,,,,,,,,,,,,,,,,,,11.482247136844686,60.41702732,1.15402388,,,,,,,,,,,,,,,,,11.109375,0.0632139986185108,204.328125,1.1626574682619772,0.166640625,0.0948209979277662,7.151484375,4.06930113891692,11.482247136844686,1657768,,,0.10793277711988,Information
213090,3628.0,5957.513059,BIH,Bosnia and Herzegovina,Repuplika Srpska,0.229529692,0.0,0.62,0.53,,,,,,,,,,,,,,,,,,,,,,,,,,2.583966367539686,4.59059384,0.0,,,,,,,,,,,,,,,,,3.9375,0.0660930150016198,25.875,0.4343255271535017,0.0590625,0.0991395225024297,0.905625,1.520139345037256,2.583966367539686,121680,,,0.0001537777358534,Information
213092,3629.0,7341.246634,BIH,Bosnia and Herzegovina,Federacija Bosna i Hercegovina,1.423083341,1.222524654,0.62,0.53,,,,,,,,,,,,,,,,,,,,,,,,,,2.223942821056763,28.46166682,24.45049308,,,,,,,,,,,,,,,,,0.421875,0.0057466397881557,26.71875,0.3639538532498657,0.006328125,0.0086199596822335,0.93515625,1.2738384863745298,2.223942821056763,361571,,,0.0002593085716114,Information
213099,3634.0,603.0127361,ITA,Italy,Friuli-Venezia Giulia,4.008673572,3.039689219,0.73,0.38,,,,,,,,,,,,,,,,,,,,,,,,,,8.456515314771474,80.17347144,60.79378438,,,,,,,,,,,,,,,,,1.546875,0.2565244326388485,13.078125,2.168797475946629,0.023203125,0.3847866489582727,0.457734375,7.590791165813201,8.456515314771474,161211,,,0.1970838247040874,Information
214093,3653.0,9357.337556,ITA,Italy,Molise,1.254801463,2.004055703,0.73,0.38,,,,,,,,,,,,,,,,,,,,,,,,,,12.4275954214589,25.09602926,40.08111406,,,,,,,,,,,,,,,,,7.734375,0.0826557228886328,168.328125,1.7988890963217,0.116015625,0.1239835843329491,5.891484375,6.29611183712595,12.4275954214589,753702,,,0.0578510379349023,Information
214097,3657.0,10666.86544,ITA,Italy,Apulia,1.025635393,1.050261499,0.73,0.38,,,,,,,,,,,,,,,,,,,,,,,,,,15.132344021594292,20.51270786,21.005229980000003,,,,,,,,,,,,,,,,,0.28125,0.0026366696152662,223.03125,2.090879004906112,0.00421875,0.0039550044228993,7.80609375,7.318076517171392,15.132344021594292,3245649,,,0.0492115250448114,Information
216029,3676.0,7849.235954,FRA,France,Bourgogne-Franche-Comté,1.814986088,0.0,0.75,0.35,,,,,,,,,,,,,,,,,,,,,,,,,,0.8794020535427772,36.29972176,0.0,,,,,,,,,,,,,,,,,3.796875,0.0483725425296545,9.421875,0.120035568499513,0.056953125,0.0725588137944817,0.329765625,0.4201244897482954,0.8794020535427772,888197,,,9.231868322416172e-06,Information
216043,3687.0,11911.72426,ESP,Spain,Aragón,1.569214495,0.0,0.76,0.33,,,,,,,,,,,,,,,,,,,,,,,,,,2.723910470678469,31.3842899,0.0,,,,,,,,,,,,,,,,,0.28125,0.0023611191275944,42.1875,0.354167869139165,0.00421875,0.0035416786913915,1.4765625,1.2395875419870774,2.723910470678469,268516,,,0.0006266740781771,Information
216070,3696.0,3700.606734,ESP,Spain,Comunidad Valenciana,0.427429882,0.001766864,0.76,0.33,,,,,,,,,,,,,,,,,,,,,,,,,,6.393339513142349,8.54859764,0.03533728,,,,,,,,,,,,,,,,,17.015625,0.459806356750997,42.046875,1.1362157080045296,0.255234375,0.6897095351264955,1.471640625,3.9767549780158538,6.393339513142349,1553903,,,0.0039006460220436,Information
221005,3705.0,12335.92922,TUR,Turkey,Konya,0.633266021,0.0,0.57,0.6,,,,,,,,,,,,,,,,,,,,,,,,,,1.6830466387872698,12.66532042,0.0,,,,,,,,,,,,,,,,,9.140625,0.0740975798353593,22.640625,0.1835340054383517,0.137109375,0.1111463697530389,0.792421875,0.6423690190342309,1.6830466387872698,560405,,,3.921590763836436e-05,Information
221006,3706.0,1180.575961,TUR,Turkey,Konya,4.070495757,0.0,0.57,0.6,,,,,,,,,,,,,,,,,,,,,,,,,,4.141838541363092,81.40991514,0.0,,,,,,,,,,,,,,,,,2.25,0.1905849410347571,11.53125,0.9767478228031304,0.03375,0.2858774115521356,0.40359375,3.4186173798109567,4.141838541363092,36400,,,0.0666146184550028,Information
221202,3712.0,2446.996619,TUR,Turkey,Bursa,4.013695892,0.0,0.57,0.6,,,,,,,,,,,,,,,,,,,,,,,,,,2.052937058972815,80.27391784000001,0.0,,,,,,,,,,,,,,,,,3.9375,0.1609115423388112,9.84375,0.402278855847028,0.0590625,0.2413673135082167,0.34453125,1.407975995464598,2.052937058972815,323999,,,0.0118280120856409,Information
221205,3715.0,388.9097537,TUR,Turkey,Ankara,2.272564975,0.0,0.57,0.6,,,,,,,,,,,,,,,,,,,,,,,,,,0.9391256071059108,45.4512995,0.0,,,,,,,,,,,,,,,,,0.703125,0.1807938714211822,0.703125,0.1807938714211822,0.010546875,0.2711908071317733,0.024609375,0.6327785499741376,0.9391256071059108,998,,,2.433747133858808e-05,Information
221208,3718.0,21190.94126,TUR,Turkey,Afyon,1.078608231,0.0,0.57,0.6,,,,,,,,,,,,,,,,,,,,,,,,,,1.039069233738716,21.57216462,0.0,,,,,,,,,,,,,,,,,9.984375,0.0471162412259937,15.890625,0.0749878205427787,0.149765625,0.0706743618389905,0.556171875,0.2624573718997254,1.039069233738716,320747,,,7.66635460236291e-06,Information
221404,3725.0,3385.322494,TUR,Turkey,Çankiri,1.31294522,0.0,0.57,0.6,,,,,,,,,,,,,,,,,,,,,,,,,,0.6283039227335463,26.2589044,0.0,,,,,,,,,,,,,,,,,2.390625,0.0706173489953123,3.515625,0.1038490426401651,0.035859375,0.1059260234929684,0.123046875,0.3634716492405778,0.6283039227335463,61770,,,9.429039488871464e-07,Information
221901,16071.0,2981.839048,GEO,Georgia,Guria,4.049469227,0.0,0.67,0.46,,,,,,,,,,,,,,,,,,,,,,,,,,1.4234345909289905,80.98938454,0.0,,,,,,,,,,,,,,,,,3.09375,0.1037530849481195,8.015625,0.2688148110019461,0.04640625,0.1556296274221792,0.280546875,0.9408518385068112,1.4234345909289905,382587,,,0.0047720308016279,Information
221902,3743.0,13541.09981,GEO,Georgia,Imereti,3.762910696,0.0,0.67,0.46,,,,,,,,,,,,,,,,,,,,,,,,,,4.341884898668153,75.25821392,0.0,,,,,,,,,,,,,,,,,3.09375,0.0228471102312496,70.03125,0.517175495234651,0.04640625,0.0342706653468743,2.45109375,1.8101142333212783,4.341884898668153,593598,,,0.0409132696620725,Information
221903,3744.0,1608.707513,GEO,Georgia,Samegrelo-Zemo Svaneti,4.009947576,0.0,0.67,0.46,,,,,,,,,,,,,,,,,,,,,,,,,,0.3348754069198686,80.19895152000001,0.0,,,,,,,,,,,,,,,,,0.140625,0.0087414896036323,1.265625,0.0786734064326915,0.002109375,0.0131122344054484,0.044296875,0.2753569225144202,0.3348754069198686,52049,,,2.25438620900722e-05,Information
221908,3749.0,1547.385816,GEO,Georgia,Abkhazia,4.07761346,0.0,0.67,0.46,,,,,,,,,,,,,,,,,,,,,,,,,,0.4722371119340325,81.55226920000001,0.0,,,,,,,,,,,,,,,,,0.28125,0.018175816085957,1.6875,0.109054896515742,0.00421875,0.0272637241289354,0.0590625,0.381692137805097,0.4722371119340325,11813,,,0.0001235652314798,Information
223207,3774.0,10050.35782,RUS,Russia,Kalmyk,2.732098015,0.0,0.65,0.49,,,,,,,,,,,,,,,,,,,,,,,,,,2.463188536776296,54.6419603,0.0,,,,,,,,,,,,,,,,,0.28125,0.0027984078286475,35.15625,0.3498009785809498,0.00421875,0.0041976117429712,1.23046875,1.2243034250333242,2.463188536776296,52172,,,0.001789123553202,Information
223402,3779.0,10566.40925,RUS,Russia,Rostov,1.881800551,0.0,0.65,0.49,,,,,,,,,,,,,,,,,,,,,,,,,,0.292871666993296,37.63601102,0.0,,,,,,,,,,,,,,,,,1.828125,0.0173012889804939,3.515625,0.0332717095778729,0.027421875,0.0259519334707408,0.123046875,0.1164509835225551,0.292871666993296,135098,,,4.1379249349334896e-08,Information
223408,3785.0,14850.76759,RUS,Russia,Belgorod,1.370378723,0.0,0.65,0.49,,,,,,,,,,,,,,,,,,,,,,,,,,3.942737593727069,27.40757446,0.0,,,,,,,,,,,,,,,,,18.28125,0.1230996976630969,59.484375,0.4005474777806924,0.27421875,0.1846495464946453,2.081953125,1.4019161722324234,3.942737593727069,710292,,,0.0017899573682087,Information
223409,3786.0,23174.05212,UKR,Ukraine,Kharkiv,3.016461936,0.0,0.61,0.54,,,,,,,,,,,,,,,,,,,,,,,,,,7.20478088006435,60.32923871999999,0.0,,,,,,,,,,,,,,,,,39.234375,0.1693030411533818,126.984375,0.5479593052383649,0.588515625,0.2539545617300727,4.444453125,1.917857568334277,7.20478088006435,2876810,,,0.0440161797370145,Information
223508,3794.0,9398.574937,RUS,Russia,Volgograd,1.421949712,0.0,0.65,0.49,,,,,,,,,,,,,,,,,,,,,,,,,,0.6835357995369065,28.43899424,0.0,,,,,,,,,,,,,,,,,3.375,0.0359096993158631,8.015625,0.0852855358751748,0.050625,0.0538645489737946,0.280546875,0.2984993755631118,0.6835357995369065,95267,,,1.6514339098552842e-06,Information
223509,3795.0,4326.24081,RUS,Russia,Volgograd,1.550731574,0.0,0.65,0.49,,,,,,,,,,,,,,,,,,,,,,,,,,4.81043570307511,31.01463148,0.0,,,,,,,,,,,,,,,,,4.640625,0.1072669137962039,39.515625,0.9133940235373728,0.069609375,0.1609003706943058,1.383046875,3.1968790823808044,4.81043570307511,31027,,,0.0038711421970772,Information
223603,3798.0,7588.636518,RUS,Russia,Volgograd,0.995203833,0.0,0.65,0.49,,,,,,,,,,,,,,,,,,,,,,,,,,0.5377926993152515,19.90407666,0.0,,,,,,,,,,,,,,,,,1.6875,0.0222371963138364,5.90625,0.0778301870984277,0.0253125,0.0333557944707545,0.20671875,0.2724056548444969,0.5377926993152515,107405,,,2.814830041143219e-07,Information
223605,3800.0,1989.113029,RUS,Russia,Volgograd,2.012827738,0.0,0.65,0.49,,,,,,,,,,,,,,,,,,,,,,,,,,0.8645503673906316,40.25655476,0.0,,,,,,,,,,,,,,,,,0.703125,0.035348669970129,3.796875,0.1908828178386966,0.010546875,0.0530230049551934,0.132890625,0.6680898624354381,0.8645503673906316,31175,,,1.1396848073860907e-05,Information
223606,3801.0,3380.814184,RUS,Russia,Saratov,0.443247628,0.0,0.65,0.49,,,,,,,,,,,,,,,,,,,,,,,,,,0.1725382811849672,8.86495256,0.0,,,,,,,,,,,,,,,,,0.28125,0.0083190020119333,1.125,0.0332760080477335,0.00421875,0.0124785030178999,0.039375,0.1164660281670672,0.1725382811849672,62969,,,1.8112954768881287e-10,Information
223609,3804.0,7888.496242,RUS,Russia,Saratov,1.73714291,0.0,0.65,0.49,,,,,,,,,,,,,,,,,,,,,,,,,,0.3635356430217146,34.7428582,0.0,,,,,,,,,,,,,,,,,0.84375,0.0106959548958797,4.21875,0.0534797744793986,0.01265625,0.0160439323438195,0.14765625,0.187179210677895,0.3635356430217146,130867,,,1.050265881172042e-07,Information
223700,3805.0,376.3992675,RUS,Russia,Volgograd,2.082209152,0.0,0.65,0.49,,,,,,,,,,,,,,,,,,,,,,,,,,4.4969538382464895,41.64418304,0.0,,,,,,,,,,,,,,,,,2.671875,0.7098512752300284,3.515625,0.9340148358289848,0.040078125,1.0647769128450426,0.123046875,3.2690519254014467,4.4969538382464895,1984,,,0.0051862297201399,Information
223804,3809.0,7601.862089,RUS,Russia,Voronezh,1.17946179,0.0,0.65,0.49,,,,,,,,,,,,,,,,,,,,,,,,,,1.139643997172974,23.5892358,0.0,,,,,,,,,,,,,,,,,2.953125,0.0388473898303784,12.796875,0.1683386892649732,0.044296875,0.0582710847455676,0.447890625,0.5891854124274062,1.139643997172974,116131,,,1.3030599574404405e-05,Information
223805,3810.0,2394.391756,RUS,Russia,Voronezh,1.696659259,0.0,0.65,0.49,,,,,,,,,,,,,,,,,,,,,,,,,,1.124659431503256,33.93318518,0.0,,,,,,,,,,,,,,,,,0.703125,0.0293654953560924,5.90625,0.2466701609911764,0.010546875,0.0440482430341386,0.20671875,0.8633455634691174,1.124659431503256,41417,,,2.318714857090875e-05,Information
223806,3811.0,13259.39352,RUS,Russia,Tambov,1.423785386,0.0,0.65,0.49,,,,,,,,,,,,,,,,,,,,,,,,,,2.571658671887017,28.475707720000003,0.0,,,,,,,,,,,,,,,,,9.140625,0.0689369765445142,37.96875,0.286353594877213,0.137109375,0.1034054648167712,1.32890625,1.0022375820702456,2.571658671887017,248327,,,0.0004413225756663,Information
223808,3813.0,3303.106184,RUS,Russia,Penza,0.263114879,0.0,0.65,0.49,,,,,,,,,,,,,,,,,,,,,,,,,,0.3483117888749205,5.26229758,0.0,,,,,,,,,,,,,,,,,0.84375,0.0255441379390166,2.109375,0.0638603448475416,0.01265625,0.0383162069085249,0.073828125,0.2235112069663956,0.3483117888749205,33320,,,1.0366598694058916e-08,Information
223920,3816.0,5719.579328,RUS,Russia,Voronezh,1.905129766,0.0,0.65,0.49,,,,,,,,,,,,,,,,,,,,,,,,,,0.5816689310701892,38.10259532,0.0,,,,,,,,,,,,,,,,,2.953125,0.0516318566609566,4.78125,0.0835944345939298,0.044296875,0.0774477849914349,0.16734375,0.2925805210787543,0.5816689310701892,145416,,,1.5256796400443391e-06,Information
223940,3818.0,8837.687682,RUS,Russia,Voronezh,1.194172818,0.0,0.65,0.49,,,,,,,,,,,,,,,,,,,,,,,,,,2.1386782628180305,23.88345636,0.0,,,,,,,,,,,,,,,,,6.1875,0.0700126574127447,26.015625,0.2943714004854039,0.0928125,0.105018986119117,0.910546875,1.0302999016989136,2.1386782628180305,198584,,,0.000177080193411,Information
223950,3819.0,12954.47048,RUS,Russia,Voronezh,1.590130496,0.0,0.65,0.49,,,,,,,,,,,,,,,,,,,,,,,,,,1.250874864482289,31.80260992,0.0,,,,,,,,,,,,,,,,,4.078125,0.0314804453585386,18.421875,0.1422047704127088,0.061171875,0.0472206680378078,0.644765625,0.4977166964444808,1.250874864482289,394728,,,3.186409646121916e-05,Information
223960,3820.0,21333.89541,RUS,Russia,Tambov,0.625547859,0.0,0.65,0.49,,,,,,,,,,,,,,,,,,,,,,,,,,4.398295536175503,12.51095718,0.0,,,,,,,,,,,,,,,,,18.84375,0.0883277509262819,77.484375,0.3631984385103086,0.28265625,0.1324916263894228,2.711953125,1.27119453478608,4.398295536175503,1621389,,,0.0013935339653491,Information
223970,3821.0,7774.276627,RUS,Russia,Voronezh,0.583685872,0.0,0.65,0.49,,,,,,,,,,,,,,,,,,,,,,,,,,0.6735634425524482,11.67371744,0.0,,,,,,,,,,,,,,,,,0.28125,0.0036176999289016,8.296875,0.1067221479025988,0.00421875,0.0054265498933524,0.290390625,0.3735275176590958,0.6735634425524482,592384,,,5.40715200883645e-07,Information
223980,3822.0,13041.03501,RUS,Russia,Lipetsk,1.000177104,0.0,0.65,0.49,,,,,,,,,,,,,,,,,,,,,,,,,,1.186385511804069,20.003542080000003,0.0,,,,,,,,,,,,,,,,,7.03125,0.0539163494035674,16.171875,0.1240076036282051,0.10546875,0.080874524105351,0.566015625,0.4340266126987178,1.186385511804069,309525,,,1.2708138896414424e-05,Information
223990,3823.0,17177.28028,RUS,Russia,Orel,1.48843193,0.0,0.65,0.49,,,,,,,,,,,,,,,,,,,,,,,,,,0.6007280219738399,29.7686386,0.0,,,,,,,,,,,,,,,,,1.6875,0.0098240231988373,10.125,0.058944139193024,0.0253125,0.0147360347982559,0.354375,0.206304487175584,0.6007280219738399,421183,,,9.612349430927158e-07,Information
225114,3836.0,4224.178604,UKR,Ukraine,Dnipropetrovs'k,3.420368526,0.0,0.61,0.54,,,,,,,,,,,,,,,,,,,,,,,,,,0.9139128186129424,68.40737052,0.0,,,,,,,,,,,,,,,,,1.6875,0.0399485949396648,7.03125,0.1664524789152701,0.0253125,0.0599228924094972,0.24609375,0.5825836762034453,0.9139128186129424,132020,,,0.0001978433992836,Information
225115,3837.0,5988.295751,UKR,Ukraine,Dnipropetrovs'k,2.550841063,0.0,0.61,0.54,,,,,,,,,,,,,,,,,,,,,,,,,,1.7346163795876914,51.01682126,0.0,,,,,,,,,,,,,,,,,4.921875,0.0821915817869463,16.453125,0.2747547162592206,0.073828125,0.1232873726804194,0.575859375,0.961641506907272,1.7346163795876914,377137,,,0.000417851383609,Information
225118,3840.0,2808.693735,UKR,Ukraine,Dnipropetrovs'k,1.430529642,0.0,0.61,0.54,,,,,,,,,,,,,,,,,,,,,,,,,,1.3788005607972815,28.61059284,0.0,,,,,,,,,,,,,,,,,3.09375,0.1101490690118148,7.3125,0.260352344937017,0.04640625,0.1652236035177222,0.2559375,0.9112332072795596,1.3788005607972815,267939,,,3.95789292434252e-05,Information
225119,3841.0,150.1684809,UKR,Ukraine,Dnipropetrovs'k,0.014023549,0.0,0.61,0.54,,,,,,,,,,,,,,,,,,,,,,,,,,7.889238609059186,0.28047098,0.0,,,,,,,,,,,,,,,,,1.546875,1.0300929933692895,2.671875,1.7792515340015005,0.023203125,1.545139490053934,0.093515625,6.227380369005251,7.889238609059186,131601,,,0.0055925532762027,Information
225130,3843.0,12999.09899,UKR,Ukraine,Dnipropetrovs'k,2.849311259,0.0,0.61,0.54,,,,,,,,,,,,,,,,,,,,,,,,,,5.37295638765613,56.98622518,0.0,,,,,,,,,,,,,,,,,10.828125,0.0832990425906561,82.125,0.63177455679147,0.162421875,0.1249485638859841,2.874375,2.211210948770145,5.37295638765613,1102820,,,0.0187562498844816,Information
225140,3844.0,14543.96094,UKR,Ukraine,Kharkiv,3.193017088,0.0,0.61,0.54,,,,,,,,,,,,,,,,,,,,,,,,,,2.298392057007521,63.86034176,0.0,,,,,,,,,,,,,,,,,12.375,0.08508686217518,33.609375,0.2310881824985004,0.185625,0.1276302932627699,1.176328125,0.8088086387447514,2.298392057007521,788420,,,0.0029329832404667,Information
225150,3845.0,2436.547905,UKR,Ukraine,Kirovohrad,4.017956885,0.0,0.61,0.54,,,,,,,,,,,,,,,,,,,,,,,,,,10.02729597446524,80.3591377,0.0,,,,,,,,,,,,,,,,,1.6875,0.0692578215415768,55.40625,2.273965140615107,0.0253125,0.1038867323123652,1.93921875,7.958877992152875,10.02729597446524,78447,,,0.2506959717210951,Information
225160,3846.0,22833.1231,UKR,Ukraine,Sumy,3.458346707,0.0,0.61,0.54,,,,,,,,,,,,,,,,,,,,,,,,,,3.9138356788259694,69.16693414,0.0,,,,,,,,,,,,,,,,,7.875,0.0344893686459593,74.390625,0.3258013573877231,0.118125,0.0517340529689389,2.603671875,1.1403047508570308,3.9138356788259694,921304,,,0.0195055496253115,Information
225202,3851.0,8283.902015,RUS,Russia,Bryansk,2.768994518,0.0,0.65,0.49,,,,,,,,,,,,,,,,,,,,,,,,,,6.667004440987489,55.37989036,0.0,,,,,,,,,,,,,,,,,0.5625,0.0067902782886172,86.0625,1.0389125781584467,0.0084375,0.0101854174329258,3.0121875,3.6361940235545633,6.667004440987489,116378,,,0.028650089675507,Information
225203,3852.0,4120.497885,UKR,Ukraine,Chernihiv,3.296323747,0.0,0.61,0.54,,,,,,,,,,,,,,,,,,,,,,,,,,8.35625997681619,65.92647494,0.0,,,,,,,,,,,,,,,,,0.140625,0.0034128157305745,69.609375,1.6893437866343797,0.002109375,0.0051192235958617,2.436328125,5.912703253220329,8.35625997681619,97581,,,0.0799348781635703,Information
225204,3853.0,27957.21708,RUS,Russia,Kursk,1.866906971,0.0,0.65,0.49,,,,,,,,,,,,,,,,,,,,,,,,,,8.225052052042102,37.33813942,0.0,,,,,,,,,,,,,,,,,3.234375,0.0115690162945609,171.703125,0.6141638650286461,0.048515625,0.0173535244418413,6.009609375,2.149573527600261,8.225052052042102,1119415,,,0.0211494003743739,Information
225205,3854.0,8193.045944,UKR,Ukraine,Sumy,2.56866071,0.0,0.61,0.54,,,,,,,,,,,,,,,,,,,,,,,,,,11.5787662599013,51.3732142,0.0,,,,,,,,,,,,,,,,,0.140625,0.0017163946224113,148.921875,1.817661905133624,0.002109375,0.0025745919336169,5.212265625,6.361816667967684,11.5787662599013,217190,,,0.0756433206374889,Information
225440,3863.0,9537.573558,BLR,Belarus,Minsk,2.229492933,0.0,0.67,0.46,,,,,,,,,,,,,,,,,,,,,,,,,,4.421846281442118,44.58985866,0.0,,,,,,,,,,,,,,,,,3.796875,0.039809653647516,60.046875,0.6295823002773838,0.056953125,0.059714480471274,2.101640625,2.2035380509708435,4.421846281442118,106011,,,0.0057323642787926,Information
225466,3870.0,20389.2418,UKR,Ukraine,Volyn,3.226842439,0.0,0.61,0.54,,,,,,,,,,,,,,,,,,,,,,,,,,11.777154054033073,64.53684878,0.0,,,,,,,,,,,,,,,,,0.140625,0.0006897019583614,225.703125,1.1069716431701515,0.002109375,0.0010345529375421,7.899609375,3.8744007510955294,11.777154054033073,666021,,,0.1351585495167282,Information
225601,3878.0,3768.65942,BLR,Belarus,Homyel'',0.805204638,0.0,0.67,0.46,,,,,,,,,,,,,,,,,,,,,,,,,,4.153816678917913,16.10409276,0.0,,,,,,,,,,,,,,,,,0.984375,0.026120030769852,32.0625,0.8507667165037527,0.014765625,0.039180046154778,1.1221875,2.9776835077631345,4.153816678917913,538182,,,0.0013255083568537,Information
225602,3879.0,10812.39203,RUS,Russia,Bryansk,1.732991535,0.0,0.65,0.49,,,,,,,,,,,,,,,,,,,,,,,,,,4.397263239978644,34.6598307,0.0,,,,,,,,,,,,,,,,,0.703125,0.0065029551091986,64.96875,0.6008730520899559,0.010546875,0.0097544326637979,2.27390625,2.103055682314846,4.397263239978644,312168,,,0.0034813329724047,Information
225604,3881.0,5549.194343,BLR,Belarus,Mahilyow,0.632820079,0.0,0.67,0.46,,,,,,,,,,,,,,,,,,,,,,,,,,1.3495875651154532,12.65640158,0.0,,,,,,,,,,,,,,,,,1.265625,0.0228073648497491,13.21875,0.2382102550973799,0.018984375,0.0342110472746236,0.46265625,0.8337358928408296,1.3495875651154532,47198,,,1.5226593532678504e-05,Information
225605,3882.0,3960.373628,BLR,Belarus,Homyel'',0.679673625,0.0,0.67,0.46,,,,,,,,,,,,,,,,,,,,,,,,,,1.291311875017601,13.5934725,0.0,,,,,,,,,,,,,,,,,3.09375,0.0781176295600277,9.140625,0.2308020873364455,0.04640625,0.1171764443400415,0.319921875,0.8078073056775592,1.291311875017601,46377,,,1.3146501900805277e-05,Information
225606,3883.0,4931.435318,BLR,Belarus,Mahilyow,0.601100432,0.0,0.67,0.46,,,,,,,,,,,,,,,,,,,,,,,,,,1.566890221264337,12.02200864,0.0,,,,,,,,,,,,,,,,,7.59375,0.1539866085550929,11.53125,0.2338315166947707,0.11390625,0.2309799128326393,0.40359375,0.8184103084316975,1.566890221264337,65408,,,2.8127415697642314e-05,Information
225607,3884.0,2890.994203,BLR,Belarus,Mahilyow,1.084222078,0.0,0.67,0.46,,,,,,,,,,,,,,,,,,,,,,,,,,1.840389866457904,21.68444156,0.0,,,,,,,,,,,,,,,,,2.25,0.0778278973196812,10.828125,0.3745467558509662,0.03375,0.1167418459795218,0.378984375,1.3109136454783816,1.840389866457904,69896,,,8.81465813871717e-05,Information
225800,3888.0,24950.54761,BLR,Belarus,Minsk,0.587106546,0.0,0.67,0.46,,,,,,,,,,,,,,,,,,,,,,,,,,16.512392391117956,11.74213092,0.0,,,,,,,,,,,,,,,,,89.578125,0.3590226811830763,298.40625,1.1959907840980972,1.343671875,0.5385340217746144,10.44421875,4.1859677443433405,16.512392391117956,3104028,,,0.0468542404142166,Information
225901,3889.0,2230.971735,BLR,Belarus,Homyel'',0.638987193,0.0,0.67,0.46,,,,,,,,,,,,,,,,,,,,,,,,,,5.512333333669614,12.77974386,0.0,,,,,,,,,,,,,,,,,4.359375,0.1954025204108503,26.859375,1.2039316580152395,0.065390625,0.2931037806162754,0.940078125,4.213760803053338,5.512333333669614,115602,,,0.0028772787518896,Information
225902,3890.0,4963.084029,BLR,Belarus,Mahilyow,0.680388067,0.0,0.67,0.46,,,,,,,,,,,,,,,,,,,,,,,,,,2.5353224731845883,13.60776134,0.0,,,,,,,,,,,,,,,,,8.15625,0.1643383418807794,20.53125,0.4136792743895482,0.12234375,0.2465075128211691,0.71859375,1.4478774603634188,2.5353224731845883,60163,,,0.000208900186079,Information
225903,3891.0,13865.13863,BLR,Belarus,Mahilyow,2.05752019,0.0,0.67,0.46,,,,,,,,,,,,,,,,,,,,,,,,,,4.36655378481407,41.1504038,0.0,,,,,,,,,,,,,,,,,8.015625,0.0578113585002228,69.046875,0.497989070589639,0.120234375,0.0867170377503342,2.416640625,1.7429617470637364,4.36655378481407,997502,,,0.0046474752785018,Information
225907,3895.0,2180.157125,RUS,Russia,Smolensk,0.19892181,0.0,0.65,0.49,,,,,,,,,,,,,,,,,,,,,,,,,,1.751993516793234,3.9784362,0.0,,,,,,,,,,,,,,,,,0.5625,0.0258008926779055,8.71875,0.399913836507536,0.0084375,0.0387013390168582,0.30515625,1.399698427776376,1.751993516793234,63111,,,3.116409567126861e-05,Information
225909,3897.0,1354.585432,RUS,Russia,Smolensk,2.214005645,0.0,0.65,0.49,,,,,,,,,,,,,,,,,,,,,,,,,,5.62860527148473,44.2801129,0.0,,,,,,,,,,,,,,,,,0.140625,0.0103814050188161,19.125,1.4118710825590015,0.002109375,0.0155721075282241,0.669375,4.9415487889565055,5.62860527148473,65880,,,0.0109391115114334,Information
226022,3900.0,9795.278523,UKR,Ukraine,Kirovohrad,3.215138883,0.0,0.61,0.54,,,,,,,,,,,,,,,,,,,,,,,,,,1.149544766837411,64.30277766,0.0,,,,,,,,,,,,,,,,,2.8125,0.0287128129462255,15.046875,0.1536135492623065,0.0421875,0.0430692194193382,0.526640625,0.5376474224180727,1.149544766837411,663473,,,0.0002955050269753,Information
226026,3904.0,2462.661967,UKR,Ukraine,Odessa,4.001674159,0.0,0.61,0.54,,,,,,,,,,,,,,,,,,,,,,,,,,0.419875524556386,80.03348318,0.0,,,,,,,,,,,,,,,,,0.28125,0.01142056862903,2.25,0.0913645490322403,0.00421875,0.017130852943545,0.07875,0.319775921612841,0.419875524556386,66532,,,5.6264975999832455e-05,Information
226027,3905.0,7843.845319,UKR,Ukraine,Vinnytsya,3.216200351,0.0,0.61,0.54,,,,,,,,,,,,,,,,,,,,,,,,,,2.9287365906943013,64.32400702,0.0,,,,,,,,,,,,,,,,,6.75,0.0860547311341632,33.890625,0.4320664625694447,0.10125,0.1290820967012448,1.186171875,1.5122326189930564,2.9287365906943013,295918,,,0.0062112980191621,Information
227201,3932.0,2007.256864,ROU,Romania,Braila,2.260996788,0.0,0.72,0.39,,,,,,,,,,,,,,,,,,,,,,,,,,1.3964052507088418,45.21993576,0.0,,,,,,,,,,,,,,,,,0.140625,0.0070058298235472,6.609375,0.3292740017067203,0.002109375,0.0105087447353208,0.231328125,1.152459005973521,1.3964052507088418,172737,,,0.0001215482836405,Information
227204,3935.0,7324.054226,ROU,Romania,Vaslui,1.153684593,0.0,0.72,0.39,,,,,,,,,,,,,,,,,,,,,,,,,,0.9596355679953742,23.07369186,0.0,,,,,,,,,,,,,,,,,0.140625,0.0019200431299666,11.53125,0.1574435366572641,0.002109375,0.0028800646949499,0.40359375,0.5510523783004243,0.9596355679953742,485985,,,5.824661304859885e-06,Information
227207,3938.0,1140.211409,ROU,Romania,Bacau,2.324678312,0.0,0.72,0.39,,,,,,,,,,,,,,,,,,,,,,,,,,5.564493110182102,46.49356624,0.0,,,,,,,,,,,,,,,,,0.5625,0.0493329566437738,16.03125,1.405989264347555,0.0084375,0.0739994349656607,0.56109375,4.920962425216442,5.564493110182102,88062,,,0.011805644291029,Information
227208,3939.0,7033.445261,ROU,Romania,Neam?,2.245741361,0.0,0.72,0.39,,,,,,,,,,,,,,,,,,,,,,,,,,0.7611573585157062,44.91482722,0.0,,,,,,,,,,,,,,,,,0.28125,0.0039987515303418,8.859375,0.1259606732057696,0.00421875,0.0059981272955127,0.310078125,0.4408623562201935,0.7611573585157062,418719,,,9.269555775575227e-06,Information
227374,3950.0,4303.692401,BGR,Bulgaria,Vratsa,1.201045131,0.0,0.7,0.42,,,,,,,,,,,,,,,,,,,,,,,,,,1.1591006652266047,24.02090262,0.0,,,,,,,,,,,,,,,,,0.28125,0.0065350860098919,9.84375,0.2287280103462191,0.00421875,0.0098026290148378,0.34453125,0.8005480362117668,1.1591006652266047,175750,,,1.4396156662781523e-05,Information
227376,3952.0,10179.38637,ROU,Romania,Gorj,2.237435131,0.0,0.72,0.39,,,,,,,,,,,,,,,,,,,,,,,,,,0.7944997271890106,44.74870262,0.0,,,,,,,,,,,,,,,,,0.140625,0.001381468341014,11.390625,0.1118989356221399,0.002109375,0.002072202511521,0.398671875,0.3916462746774896,0.7944997271890106,822472,,,1.1080070667178176e-05,Information
227378,3954.0,4936.360464,SRB,Serbia,Zajecarski,3.042572217,0.0,0.65,0.49,,,,,,,,,,,,,,,,,,,,,,,,,,0.3701857601294775,60.85144434,0.0,,,,,,,,,,,,,,,,,0.28125,0.0056975174742408,3.375,0.0683702096908904,0.00421875,0.0085462762113612,0.118125,0.2392957339181164,0.3701857601294775,169775,,,1.5725132291379546e-06,Information
227384,3959.0,15685.38398,SRB,Serbia,Jablanicki,2.797162062,0.0,0.65,0.49,,,,,,,,,,,,,,,,,,,,,,,,,,0.9349308205708112,55.94324124,0.0,,,,,,,,,,,,,,,,,4.921875,0.0313787345319665,14.203125,0.0905500625065319,0.073828125,0.0470681017979497,0.497109375,0.3169252187728616,0.9349308205708112,1096651,,,5.839656567879204e-05,Information
227385,3960.0,3069.606623,SRB,Serbia,Rasinski,2.161725556,0.0,0.65,0.49,,,,,,,,,,,,,,,,,,,,,,,,,,1.6076319115620163,43.23451112,0.0,,,,,,,,,,,,,,,,,0.5625,0.0183248236359332,10.546875,0.3435904431737476,0.0084375,0.0274872354538998,0.369140625,1.2025665511081165,1.6076319115620163,266216,,,0.0001825072339221,Information
227386,3961.0,4743.626041,SRB,Serbia,Moravi?ki,2.782812779,0.0,0.65,0.49,,,,,,,,,,,,,,,,,,,,,,,,,,0.2425768660282478,55.65625558,0.0,,,,,,,,,,,,,,,,,0.28125,0.0059290086857026,2.109375,0.0444675651427697,0.00421875,0.0088935130285539,0.073828125,0.1556364779996939,0.2425768660282478,369544,,,9.523372346530846e-08,Information
227388,3963.0,2892.802356,XKO,Kosovo,Pristina,0.906049983,0.0,-9999.0,0.6,,,,,,,,,,,,,,,,,,,,,,,,,,0.8931120776043033,18.12099966,0.0,,,,,,,,,,,,,,,,,1.546875,0.053473234937876,5.0625,0.1750033143421398,0.023203125,0.080209852406814,0.1771875,0.6125116001974893,0.8931120776043033,816762,,,3.117115614155961e-06,Information
227389,3964.0,1198.571335,SRB,Serbia,Raški,2.211719703,0.0,0.65,0.49,,,,,,,,,,,,,,,,,,,,,,,,,,2.476695549787248,44.23439406,0.0,,,,,,,,,,,,,,,,,1.265625,0.1055944659049614,7.03125,0.5866359216942303,0.018984375,0.1583916988574421,0.24609375,2.053225725929806,2.476695549787248,93714,,,0.0009221218625657,Information
227390,3965.0,12351.70997,ROU,Romania,Timi?,2.305716145,0.0,0.72,0.39,,,,,,,,,,,,,,,,,,,,,,,,,,4.45205120103949,46.1143229,0.0,,,,,,,,,,,,,,,,,6.1875,0.050094278562868,67.640625,0.5476215451986253,0.0928125,0.075141417844302,2.367421875,1.9166754081951884,4.45205120103949,1108342,,,0.006324533177222,Information
227402,3967.0,19962.00006,SRB,Serbia,Zlatiborski,3.225565452,0.0,0.65,0.49,,,,,,,,,,,,,,,,,,,,,,,,,,2.580347227650882,64.51130904,0.0,,,,,,,,,,,,,,,,,4.359375,0.0218383678381818,47.25,0.2366997288267455,0.065390625,0.0327575517572727,1.65375,0.8284490508936093,2.580347227650882,650510,,,0.0043798842082823,Information
227405,3970.0,11624.60198,BIH,Bosnia and Herzegovina,Repuplika Srpska,2.618669458,0.0,0.62,0.53,,,,,,,,,,,,,,,,,,,,,,,,,,5.606021219086453,52.37338916,0.0,,,,,,,,,,,,,,,,,2.390625,0.0205652202400698,85.078125,0.7318798967789568,0.035859375,0.0308478303601047,2.977734375,2.5615796387263488,5.606021219086453,686197,,,0.0161955586027231,Information
227406,3971.0,9925.486988,BIH,Bosnia and Herzegovina,Federacija Bosna i Hercegovina,1.412011044,0.0,0.62,0.53,,,,,,,,,,,,,,,,,,,,,,,,,,0.2597212491675296,28.24022088,0.0,,,,,,,,,,,,,,,,,1.40625,0.014168070561688,3.09375,0.0311697552357136,0.02109375,0.021252105842532,0.10828125,0.1090941433249975,0.2597212491675296,349391,,,9.466942706718988e-09,Information
227408,3973.0,10033.89775,HRV,Croatia,Karlovacka,1.403409917,0.0,0.75,0.35,,,,,,,,,,,,,,,,,,,,,,,,,,1.1245035676740611,28.06819834,0.0,,,,,,,,,,,,,,,,,1.125,0.0112119938611547,15.609375,0.1555664148235226,0.016875,0.016817990791732,0.546328125,0.5444824518823291,1.1245035676740611,470175,,,1.6025850527882654e-05,Information
227622,3978.0,1542.811996,HUN,Hungary,Békés,0.018134516,0.0,0.78,0.31,,,,,,,,,,,,,,,,,,,,,,,,,,0.3682385017753805,0.36269032,0.0,,,,,,,,,,,,,,,,,0.984375,0.0638039503550761,0.984375,0.0638039503550761,0.014765625,0.0957059255326141,0.034453125,0.2233138262427663,0.3682385017753805,80458,,,1.0682951696621367e-08,Information
227624,3980.0,1942.611838,ROU,Romania,Hunedoara,1.8605876,0.0,0.72,0.39,,,,,,,,,,,,,,,,,,,,,,,,,,1.1282006179285782,37.211752,0.0,,,,,,,,,,,,,,,,,0.421875,0.0217168963891627,5.0625,0.2606027566699526,0.006328125,0.032575344583744,0.1771875,0.912109648344834,1.1282006179285782,45532,,,2.920499106527957e-05,Information
227629,3985.0,6716.531487,ROU,Romania,Mure?,2.202119786,0.0,0.72,0.39,,,,,,,,,,,,,,,,,,,,,,,,,,0.9467404228667806,44.04239572,0.0,,,,,,,,,,,,,,,,,1.40625,0.0209371459470159,10.265625,0.1528411654132162,0.02109375,0.0314057189205238,0.359296875,0.5349440789462567,0.9467404228667806,483667,,,2.2583360374422463e-05,Information
227630,3986.0,5808.15872,HUN,Hungary,Csongrád,3.725473015,0.0,0.78,0.31,,,,,,,,,,,,,,,,,,,,,,,,,,1.4601581258372074,74.5094603,0.0,,,,,,,,,,,,,,,,,0.984375,0.0169481422171964,14.90625,0.2566432964318322,0.014765625,0.0254222133257946,0.52171875,0.8982515375114127,1.4601581258372074,418736,,,0.0021197908763168,Information
227640,3987.0,27183.99717,ROU,Romania,Bihor,2.839738412,0.0,0.72,0.39,,,,,,,,,,,,,,,,,,,,,,,,,,4.6982904859880925,56.79476824,0.0,,,,,,,,,,,,,,,,,1.265625,0.0046557722615733,97.59375,0.3590117721702093,0.018984375,0.0069836583923599,3.41578125,1.2565412025957323,4.6982904859880925,1693737,,,0.0132514303971002,Information
227694,3995.0,3154.380516,ROU,Romania,Satu Mare,1.804742564,0.0,0.72,0.39,,,,,,,,,,,,,,,,,,,,,,,,,,0.9177686030325662,36.09485128,0.0,,,,,,,,,,,,,,,,,1.546875,0.0490389473377522,5.625,0.1783234448645537,0.023203125,0.0735584210066283,0.196875,0.624132057025938,0.9177686030325662,213130,,,1.1017257083821457e-05,Information
227697,3998.0,3835.745888,ROU,Romania,Salaj,1.941246706,0.0,0.72,0.39,,,,,,,,,,,,,,,,,,,,,,,,,,0.6188353512544829,38.82493412,0.0,,,,,,,,,,,,,,,,,0.28125,0.0073323418238439,4.78125,0.1246498110053477,0.00421875,0.0109985127357658,0.16734375,0.4362743385187169,0.6188353512544829,159222,,,2.177738658481887e-06,Information
227699,4000.0,3756.847293,ROU,Romania,Cluj,3.162173675,0.0,0.72,0.39,,,,,,,,,,,,,,,,,,,,,,,,,,0.8548029209793544,63.2434735,0.0,,,,,,,,,,,,,,,,,1.125,0.0299453214929809,6.1875,0.1646992682113952,0.016875,0.0449179822394713,0.2165625,0.5764474387398831,0.8548029209793544,490506,,,8.455002775654482e-05,Information
227914,4014.0,14923.12638,HUN,Hungary,Somogy,0.812157683,0.0,0.78,0.31,,,,,,,,,,,,,,,,,,,,,,,,,,10.179917197417051,16.24315366,0.0,,,,,,,,,,,,,,,,,1.125,0.0075386348089367,173.671875,1.163776748629613,0.016875,0.011307952213405,6.078515625,4.073218620203646,10.179917197417051,987353,,,0.0175370859283985,Information
227994,4030.0,5494.866547,DEU,Germany,Bayern,0.657328526,0.0,0.81,0.26,,,,,,,,,,,,,,,,,,,,,,,,,,9.612267356669706,13.14657052,0.0,,,,,,,,,,,,,,,,,2.8125,0.0511841366061857,96.1875,1.750497471931551,0.0421875,0.0767762049092785,3.3665625,6.126741151760428,9.612267356669706,460624,,,0.0138615764419917,Information
227998,4034.0,4688.595741,DEU,Germany,Bayern,0.476050932,0.0,0.81,0.26,,,,,,,,,,,,,,,,,,,,,,,,,,6.2426627764621205,9.52101864,0.0,,,,,,,,,,,,,,,,,0.28125,0.0059985977790573,56.8125,1.2117167513695812,0.00421875,0.0089978966685859,1.9884375,4.241008629793535,6.2426627764621205,851697,,,0.0037508561349222,Information
227999,4035.0,14788.90732,DEU,Germany,Baden-Württemberg,0.696539657,0.0,0.81,0.26,,,,,,,,,,,,,,,,,,,,,,,,,,14.066182880903964,13.93079314,0.0,,,,,,,,,,,,,,,,,35.4375,0.2396221656452112,224.578125,1.5185579306960415,0.5315625,0.3594332484678167,7.860234375,5.314952757436146,14.066182880903964,2098039,,,0.035041166845293,Information
231202,4039.0,8275.070848,ESP,Spain,Andalucía,0.697424031,0.0,0.76,0.33,,,,,,,,,,,,,,,,,,,,,,,,,,0.1382005893256015,13.948480620000002,0.0,,,,,,,,,,,,,,,,,0.5625,0.0067975248832001,1.546875,0.0186931934288004,0.0084375,0.0101962873248001,0.054140625,0.0654261770008013,0.1382005893256015,1049975,,,6.214635907193554e-11,Information
231203,4040.0,4865.858016,ESP,Spain,Andalucía,1.268170906,0.0,0.76,0.33,,,,,,,,,,,,,,,,,,,,,,,,,,0.214814250287493,25.36341812,0.0,,,,,,,,,,,,,,,,,1.40625,0.0289003500574986,1.40625,0.0289003500574986,0.02109375,0.0433505250862479,0.04921875,0.1011512252012451,0.214814250287493,132089,,,2.448832694688313e-09,Information
231204,4041.0,2437.326094,ESP,Spain,Andalucía,0.155620848,0.0,0.76,0.33,,,,,,,,,,,,,,,,,,,,,,,,,,0.204512933686576,3.11241696,0.0,,,,,,,,,,,,,,,,,0.703125,0.0288482120502765,0.84375,0.0346178544603318,0.010546875,0.0432723180754147,0.02953125,0.1211624906111612,0.204512933686576,148441,,,3.6217660339652135e-10,Information
231208,4045.0,5236.558093,ESP,Spain,Andalucía,0.032046181,0.0,0.76,0.33,,,,,,,,,,,,,,,,,,,,,,,,,,0.5278289322091798,0.64092362,0.0,,,,,,,,,,,,,,,,,3.234375,0.0617652844248925,3.796875,0.072507073020526,0.048515625,0.0926479266373387,0.132890625,0.253774755571841,0.5278289322091798,116122,,,8.128474650113065e-08,Information
231209,4046.0,9898.952885,ESP,Spain,Andalucía,0.25447981,0.0,0.76,0.33,,,,,,,,,,,,,,,,,,,,,,,,,,0.5837455165553745,5.089596199999999,0.0,,,,,,,,,,,,,,,,,2.953125,0.0298327008361398,7.03125,0.0710302400860471,0.044296875,0.0447490512542097,0.24609375,0.2486058403011648,0.5837455165553745,263205,,,1.7788020802277033e-07,Information
231808,4075.0,15700.30249,ESP,Spain,Castilla y León,2.231538878,0.0,0.76,0.33,,,,,,,,,,,,,,,,,,,,,,,,,,1.198156324271797,44.63077756,0.0,,,,,,,,,,,,,,,,,5.484375,0.0349316518186361,18.5625,0.1182302061553837,0.082265625,0.0523974777279541,0.6496875,0.4138057215438429,1.198156324271797,785376,,,6.32332528303218e-05,Information
231904,4080.0,2794.688256,ESP,Spain,Galicia,0.201479912,0.0,0.76,0.33,,,,,,,,,,,,,,,,,,,,,,,,,,1.615967401954871,4.02959824,0.0,,,,,,,,,,,,,,,,,5.484375,0.1962428184312349,7.734375,0.2767526926594339,0.082265625,0.2943642276468523,0.270703125,0.9686344243080188,1.615967401954871,278133,,,2.212341161711786e-05,Information
231906,4081.0,2589.505043,ESP,Spain,Galicia,3.183124608,0.0,0.76,0.33,,,,,,,,,,,,,,,,,,,,,,,,,,1.2853230019394914,63.66249216,0.0,,,,,,,,,,,,,,,,,4.5,0.1737783833088496,5.625,0.217222979136062,0.0675,0.2606675749632744,0.196875,0.760280426976217,1.2853230019394914,27158,,,0.0004161244497089,Information
231907,4082.0,831.3601131,ESP,Spain,Principado de Asturias,3.887292756,2.089083409,0.76,0.33,,,,,,,,,,,,,,,,,,,,,,,,,,5.679603790407332,77.74585512,41.78166818,,,,,,,,,,,,,,,,,8.71875,1.0487332580814663,8.71875,1.0487332580814663,0.13078125,1.5730998871221995,0.30515625,3.670566403285133,5.679603790407332,29117,,,0.086024924442206,Information
231908,4083.0,4916.113713,ESP,Spain,Principado de Asturias,1.46194892,0.0,0.76,0.33,,,,,,,,,,,,,,,,,,,,,,,,,,0.1280022359078905,29.2389784,0.0,,,,,,,,,,,,,,,,,0.84375,0.0171629471815781,0.84375,0.0171629471815781,0.01265625,0.0257444207723671,0.02953125,0.0600703151355233,0.1280022359078905,513914,,,1.350668909361725e-10,Information
231909,16073.0,14062.75665,ESP,Spain,Cantabria,2.372142305,1.068641156,0.76,0.33,,,,,,,,,,,,,,,,,,,,,,,,,,1.829939245772726,47.4428461,21.37282312,,,,,,,,,,,,,,,,,15.1875,0.1079980289854759,24.046875,0.1709968792270035,0.2278125,0.1619970434782138,0.841640625,0.5984890772945122,1.829939245772726,3222136,,,0.0003930852477844,Information
232120,4085.0,16876.4398,FRA,France,Nouvelle-Aquitaine,1.528172537,0.248178809,0.75,0.35,,,,,,,,,,,,,,,,,,,,,,,,,,0.693129037681415,30.56345074,4.96357618,,,,,,,,,,,,,,,,,0.140625,0.0008332622380659,12.375,0.0733270769498046,0.002109375,0.0012498933570988,0.433125,0.2566447693243161,0.693129037681415,1136579,,,2.0430667622753364e-06,Information
232502,4129.0,6208.359907,FRA,France,Hauts-de-France,1.094623536,0.146101474,0.75,0.35,,,,,,,,,,,,,,,,,,,,,,,,,,1.6374180752295713,21.89247072,2.92202948,,,,,,,,,,,,,,,,,0.140625,0.002265090975851,17.859375,0.2876665539330842,0.002109375,0.0033976364637764,0.625078125,1.0068329387657948,1.6374180752295713,657224,,,5.5552383021552e-05,Information
232880,4160.0,8890.309116,CZE,Czech Republic,Plzenský,1.028868789,0.0,0.8,0.28,,,,,,,,,,,,,,,,,,,,,,,,,,1.228079721891426,20.57737578,0.0,,,,,,,,,,,,,,,,,0.140625,0.001581778520417,16.453125,0.1850680868888002,0.002109375,0.0023726677806254,0.575859375,0.6477383041108007,1.228079721891426,890847,,,1.5274717460280998e-05,Information
233017,4167.0,19257.39353,GBR,United Kingdom,Wales,1.377608667,2.301165951,0.8,0.28,,,,,,,,,,,,,,,,,,,,,,,,,,7.580263010123614,27.552173340000003,46.02331902,,,,,,,,,,,,,,,,,21.234375,0.1102660906225101,133.453125,0.6929968211970998,0.318515625,0.1653991359337651,4.670859375,2.425488874189849,7.580263010123614,4082546,,,0.0248228416914581,Information
233019,4169.0,9965.805224,GBR,United Kingdom,England,0.593354063,1.141806787,0.8,0.28,,,,,,,,,,,,,,,,,,,,,,,,,,2.7990125264771173,11.86708126,22.83613574,,,,,,,,,,,,,,,,,6.1875,0.0620873061550006,37.265625,0.3739349120698905,0.0928125,0.0931309592325008,1.304296875,1.3087721922446167,2.7990125264771173,2892953,,,0.0004554945670388,Information
233021,4170.0,10289.56625,GBR,United Kingdom,Scotland,1.230352329,1.213047253,0.8,0.28,,,,,,,,,,,,,,,,,,,,,,,,,,5.701135206735844,24.60704658,24.26094506,,,,,,,,,,,,,,,,,27.703125,0.2692351097893781,70.734375,0.6874378691576507,0.415546875,0.4038526646840671,2.475703125,2.4060325420517774,5.701135206735844,599050,,,0.0049107890555235,Information
233029,4177.0,422.3832489,GBR,United Kingdom,England,0.618318534,1.63238149,0.8,0.28,,,,,,,,,,,,,,,,,,,,,,,,,,5.690713689623836,12.36637068,32.6476298,,,,,,,,,,,,,,,,,0.28125,0.066586447434437,6.46875,1.5314882909920515,0.00421875,0.0998796711516555,0.22640625,5.3602090184721805,5.690713689623836,14148,,,0.0067348616508683,Information
233031,4178.0,10896.78064,GBR,United Kingdom,England,1.3962896,2.471322445,0.8,0.28,,,,,,,,,,,,,,,,,,,,,,,,,,3.356128740280207,27.925792,49.4264489,,,,,,,,,,,,,,,,,10.6875,0.0980794268873408,45.421875,0.4168375642711987,0.1603125,0.1471191403310112,1.589765625,1.4589314749491955,3.356128740280207,3310891,,,0.0033374730422129,Information
233034,4181.0,11740.88816,GBR,United Kingdom,England,0.660995317,0.859697234,0.8,0.28,,,,,,,,,,,,,,,,,,,,,,,,,,0.7955181284564952,13.21990634,17.19394468,,,,,,,,,,,,,,,,,1.40625,0.0119773732718983,11.671875,0.0994121981567565,0.02109375,0.0179660599078474,0.408515625,0.3479426935486477,0.7955181284564952,8238765,,,1.6982188036849276e-06,Information
233035,4182.0,9601.052902,GBR,United Kingdom,England,1.82235807,2.797087025,0.8,0.28,,,,,,,,,,,,,,,,,,,,,,,,,,0.8641508653425674,36.4471614,55.9417405,,,,,,,,,,,,,,,,,0.984375,0.0102527817521527,11.671875,0.1215686979183824,0.014765625,0.015379172628229,0.408515625,0.4254904427143384,0.8641508653425674,2024806,,,4.220510445809031e-05,Information
233037,4184.0,9249.984955,GBR,United Kingdom,England,0.572615679,2.895247176,0.8,0.28,,,,,,,,,,,,,,,,,,,,,,,,,,6.034489895882251,11.45231358,57.90494352,,,,,,,,,,,,,,,,,25.3125,0.2736490937239598,72.0,0.7783796443703747,0.3796875,0.4104736405859397,2.52,2.724328755296311,6.034489895882251,2768213,,,0.0260419898959449,Information
233050,4188.0,3615.543225,GBR,United Kingdom,Scotland,2.230398619,2.187902754,0.8,0.28,,,,,,,,,,,,,,,,,,,,,,,,,,13.61791061925215,44.60797237999999,43.75805508,,,,,,,,,,,,,,,,,0.5625,0.0155578281069448,103.078125,2.850972000597638,0.0084375,0.0233367421604172,3.607734375,9.978402002091734,13.61791061925215,23423,,,0.0803009954818231,Information
234004,4194.0,11799.19909,IRL,Ireland,Roscommon,2.744847763,0.0,0.79,0.29,,,,,,,,,,,,,,,,,,,,,,,,,,3.6100157381126,54.89695526,0.0,,,,,,,,,,,,,,,,,19.6875,0.1668545454017733,47.390625,0.4016427271456972,0.2953125,0.2502818181026599,1.658671875,1.4057495450099402,3.6100157381126,546590,,,0.0057810040827815,Information
234006,4196.0,4429.164157,GBR,United Kingdom,Northern Ireland,1.029499399,0.0,0.8,0.28,,,,,,,,,,,,,,,,,,,,,,,,,,3.092329089515602,20.589987980000004,0.0,,,,,,,,,,,,,,,,,7.171875,0.1619238923189566,24.046875,0.5429212860106192,0.107578125,0.2428858384784349,0.841640625,1.900224501037167,3.092329089515602,164218,,,0.0005858113807025,Information
234008,4198.0,5734.459993,GBR,United Kingdom,Northern Ireland,0.280721684,0.0,0.8,0.28,,,,,,,,,,,,,,,,,,,,,,,,,,0.5035381296735961,5.61443368,0.0,,,,,,,,,,,,,,,,,2.390625,0.041688755398093,4.21875,0.0735683918789876,0.035859375,0.0625331330971395,0.14765625,0.2574893715764566,0.5035381296735961,639250,,,8.317220466581869e-08,Information
234009,4199.0,14158.99866,IRL,Ireland,Meath,0.858915175,1.198989373,0.79,0.29,,,,,,,,,,,,,,,,,,,,,,,,,,4.539730340299696,17.178303500000002,23.97978746,,,,,,,,,,,,,,,,,26.4375,0.1867187124610691,64.6875,0.4568649347451691,0.3965625,0.2800780686916037,2.2640625,1.5990272716080918,4.539730340299696,3537243,,,0.002415200019556,Information
241004,4206.0,2742.625245,DNK,Denmark,Midtjylland,1.648408462,0.0,0.87,0.18,,,,,,,,,,,,,,,,,,,,,,,,,,5.308579758227145,32.968169239999995,0.0,,,,,,,,,,,,,,,,,0.703125,0.0256369331275516,32.34375,1.1792989238673766,0.010546875,0.0384553996913274,1.13203125,4.127546233535818,5.308579758227145,346295,,,0.0056088465218932,Information
241005,16081.0,12931.57629,DEU,Germany,Schleswig-Holstein,2.152089519,1.47748627,0.81,0.26,,,,,,,,,,,,,,,,,,,,,,,,,,7.165659697776353,43.04179038,29.5497254,,,,,,,,,,,,,,,,,25.59375,0.1979167074109261,104.484375,0.8079786461885612,0.38390625,0.2968750611163891,3.656953125,2.8279252616599644,7.165659697776353,2477424,,,0.0190853159357277,Information
241007,16082.0,4347.644201,DEU,Germany,Mecklenburg-Vorpommern,2.223428361,2.450649662,0.81,0.26,,,,,,,,,,,,,,,,,,,,,,,,,,15.764662779985317,44.46856722,49.01299324,,,,,,,,,,,,,,,,,26.4375,0.608087938662714,125.15625,2.8787141777117844,0.3965625,0.9121319079940712,4.38046875,10.075499621991243,15.764662779985317,372224,,,0.1202375863290127,Information
242222,4213.0,4408.721332,DEU,Germany,Sachsen,1.123004646,0.0,0.81,0.26,,,,,,,,,,,,,,,,,,,,,,,,,,6.278068185698003,22.46009292,0.0,,,,,,,,,,,,,,,,,26.015625,0.5900945657790121,43.734375,0.9919968105798528,0.390234375,0.8851418486685181,1.530703125,3.471988837029485,6.278068185698003,568074,,,0.0059730856425498,Information
242223,4214.0,622.743148,POL,Poland,Lubuskie,2.77131816,0.0,0.78,0.31,,,,,,,,,,,,,,,,,,,,,,,,,,13.541108083053594,55.4263632,0.0,,,,,,,,,,,,,,,,,11.25,1.8065232890067096,17.859375,2.8678557212981515,0.16875,2.7097849335100643,0.625078125,10.03749502454353,13.541108083053594,10383,,,0.1167458481464951,Information
242224,4215.0,5956.150813,POL,Poland,Dolnoslaskie,1.075278576,0.0,0.78,0.31,,,,,,,,,,,,,,,,,,,,,,,,,,3.3924128476358857,21.505571520000004,0.0,,,,,,,,,,,,,,,,,1.40625,0.0236100468921253,35.578125,0.5973341863707707,0.02109375,0.0354150703381879,1.245234375,2.0906696522976977,3.3924128476358857,605916,,,0.0008404635790559,Information
242225,4216.0,4179.721697,POL,Poland,Lubuskie,1.621665914,0.0,0.78,0.31,,,,,,,,,,,,,,,,,,,,,,,,,,1.5075438716713352,32.43331828,0.0,,,,,,,,,,,,,,,,,5.34375,0.1278494212769327,10.40625,0.2489699256445532,0.08015625,0.191774131915399,0.36421875,0.8713947397559362,1.5075438716713352,499049,,,7.158311306734122e-05,Information
242240,4222.0,17196.68179,POL,Poland,Wielkopolskie,1.774995269,0.0,0.78,0.31,,,,,,,,,,,,,,,,,,,,,,,,,,15.251045494499602,35.49990538,0.0,,,,,,,,,,,,,,,,,47.671875,0.2772155442231667,255.09375,1.483389372332815,0.715078125,0.41582331633475,8.92828125,5.191862803164852,15.251045494499602,1087645,,,0.0746485585951256,Information
242250,4223.0,138.9915072,POL,Poland,Lubuskie,3.541415444,0.0,0.78,0.31,,,,,,,,,,,,,,,,,,,,,,,,,,30.107669222666605,70.82830888000001,0.0,,,,,,,,,,,,,,,,,3.234375,2.327030669493465,10.40625,7.486968240978974,0.048515625,3.490546004240197,0.36421875,26.204388843426408,30.107669222666605,4948,,,0.5125969715323025,Advisory
242260,4224.0,5679.029902,POL,Poland,Wielkopolskie,1.989674174,0.0,0.78,0.31,,,,,,,,,,,,,,,,,,,,,,,,,,2.814787249089558,39.79348348,0.0,,,,,,,,,,,,,,,,,7.59375,0.1337156192425325,25.875,0.4556235914930739,0.11390625,0.2005734288637987,0.905625,1.5946825702257588,2.814787249089558,457156,,,0.0010960387837095,Information
242410,4229.0,25703.54852,POL,Poland,Kujawsko-Pomorskie,1.075737527,0.0,0.78,0.31,,,,,,,,,,,,,,,,,,,,,,,,,,8.871154680185068,21.51475054,0.0,,,,,,,,,,,,,,,,,0.84375,0.0032826206828383,182.109375,0.7084989640459458,0.01265625,0.0049239310242574,6.373828125,2.4797463741608103,8.871154680185068,2731009,,,0.0146248123376143,Information
242441,4232.0,3405.790515,POL,Poland,Mazowieckie,0.457574691,0.0,0.78,0.31,,,,,,,,,,,,,,,,,,,,,,,,,,5.225273495028534,9.15149382,0.0,,,,,,,,,,,,,,,,,0.5625,0.0165159893857141,37.6875,1.1065712888428465,0.0084375,0.0247739840785711,1.3190625,3.872999510949963,5.225273495028534,1971686,,,0.0021471966105966,Information
242480,4244.0,28709.16809,POL,Poland,Podlaskie,0.708446765,0.0,0.78,0.31,,,,,,,,,,,,,,,,,,,,,,,,,,11.472208477252462,14.1689353,0.0,,,,,,,,,,,,,,,,,12.375,0.0431046972974492,237.796875,0.8282959446589399,0.185625,0.0646570459461738,8.322890625,2.8990358063062893,11.472208477252462,1620173,,,0.0220860745394542,Information
242703,4266.0,1630.704754,LTU,Lithuania,Klaipedos,0.51143381,1.814730174,0.77,0.32,,,,,,,,,,,,,,,,,,,,,,,,,,28.56493330056756,10.2286762,36.29460348,,,,,,,,,,,,,,,,,20.25,1.2417943803657754,105.75,6.484926208576828,0.30375,1.862691570548663,3.70125,22.6972417300189,28.56493330056756,226467,,,0.2112506174240825,Information
242704,4267.0,2720.856845,LVA,Latvia,Kurzeme,3.937549203,0.0,0.76,0.33,,,,,,,,,,,,,,,,,,,,,,,,,,6.969138149295979,78.75098406000001,0.0,,,,,,,,,,,,,,,,,10.125,0.3721254214616136,38.25,1.4058071477438738,0.151875,0.5581881321924204,1.33875,4.920325017103559,6.969138149295979,107254,,,0.1324639921090185,Information
242705,4268.0,2225.588734,LVA,Latvia,Kurzeme,2.583626673,0.0,0.76,0.33,,,,,,,,,,,,,,,,,,,,,,,,,,12.494868584036016,51.67253346,0.0,,,,,,,,,,,,,,,,,17.4375,0.7835005514191442,57.515625,2.584288109116371,0.2615625,1.1752508271287163,2.013046875,9.045008381907298,12.494868584036016,45903,,,0.0880786188177931,Information
242706,16083.0,11870.04592,LVA,Latvia,Kurzeme,1.210920421,0.0,0.76,0.33,,,,,,,,,,,,,,,,,,,,,,,,,,9.957039173406551,24.21840842,0.0,,,,,,,,,,,,,,,,,21.65625,0.1824445342713009,145.125,1.222615320571315,0.32484375,0.2736668014069513,5.079375,4.279153621999603,9.957039173406551,286454,,,0.0211998459368908,Information
242802,4273.0,9156.410651,LVA,Latvia,Vidzeme,0.867138956,0.0,0.76,0.33,,,,,,,,,,,,,,,,,,,,,,,,,,14.017441205770371,17.34277912,0.0,,,,,,,,,,,,,,,,,15.1875,0.1658673969405394,184.921875,2.0195891386741605,0.2278125,0.248801095410809,6.472265625,7.068561985359562,14.017441205770371,181620,,,0.0379985187563567,Information
242805,4276.0,370.3386197,BLR,Belarus,Vitsyebsk,3.403562094,0.0,0.67,0.46,,,,,,,,,,,,,,,,,,,,,,,,,,12.384461267304127,68.07124188,0.0,,,,,,,,,,,,,,,,,1.265625,0.3417480469975744,12.09375,3.2655924490879333,0.018984375,0.5126220704963615,0.42328125,11.429573571807769,12.384461267304127,5564,,,0.1718029439941195,Information
242806,4277.0,8468.505612,BLR,Belarus,Vitsyebsk,1.702020604,0.0,0.67,0.46,,,,,,,,,,,,,,,,,,,,,,,,,,33.04185969381137,34.04041208,0.0,,,,,,,,,,,,,,,,,147.09375,1.7369504932918771,369.84375,4.367284701106729,2.20640625,2.605425739937816,12.94453125,15.28549645387355,33.04185969381137,99971,,,0.2446988776048759,Information
242807,4278.0,26994.93451,BLR,Belarus,Vitsyebsk,2.640566387,0.0,0.67,0.46,,,,,,,,,,,,,,,,,,,,,,,,,,21.87639586710356,52.81132774,0.0,,,,,,,,,,,,,,,,,115.59375,0.428205335991642,406.546875,1.5060117108903128,1.73390625,0.642308003987463,14.229140625,5.271040988116095,21.87639586710356,796042,,,0.221022166123122,Information
242808,4279.0,9547.117735,RUS,Russia,Tver',2.092714909,0.0,0.65,0.49,,,,,,,,,,,,,,,,,,,,,,,,,,4.272744136496165,41.85429818,0.0,,,,,,,,,,,,,,,,,5.90625,0.061864220844231,57.09375,0.5980208014942338,0.08859375,0.0927963312663465,1.99828125,2.093072805229818,4.272744136496165,53325,,,0.004517912997773,Information
242809,4280.0,7253.459755,RUS,Russia,Tver',2.022699625,0.0,0.65,0.49,,,,,,,,,,,,,,,,,,,,,,,,,,12.486810324033256,40.4539925,0.0,,,,,,,,,,,,,,,,,55.96875,0.7716145382976792,126.0,1.7371020761676397,0.83953125,1.1574218074465188,4.41,6.079857266586739,12.486810324033256,42788,,,0.0591350034362809,Information
242920,4283.0,9181.250609,LVA,Latvia,Vidzeme,1.553294806,0.0,0.76,0.33,,,,,,,,,,,,,,,,,,,,,,,,,,10.87905882671404,31.06589612,0.0,,,,,,,,,,,,,,,,,3.9375,0.0428863143796902,147.09375,1.6021101728984295,0.0590625,0.0643294715695353,5.14828125,5.607385605144503,10.87905882671404,196288,,,0.0324235090220881,Information
242962,4288.0,6978.162064,RUS,Russia,Pskov,1.553719054,0.0,0.65,0.49,,,,,,,,,,,,,,,,,,,,,,,,,,2.003268020629501,31.07438108,0.0,,,,,,,,,,,,,,,,,6.328125,0.0906846952234458,20.8125,0.2982518865126665,0.094921875,0.1360270428351687,0.7284375,1.0438816027943327,2.003268020629501,61575,,,0.0002013957157914,Information
242966,4292.0,3061.09386,RUS,Russia,Pskov,2.134659704,0.0,0.65,0.49,,,,,,,,,,,,,,,,,,,,,,,,,,0.6510212697717639,42.693194080000005,0.0,,,,,,,,,,,,,,,,,2.953125,0.0964728667300188,3.09375,0.1010668127647816,0.044296875,0.1447093000950282,0.10828125,0.3537338446767356,0.6510212697717639,10901,,,3.773771660577644e-06,Information
242967,4293.0,10373.02621,RUS,Russia,Pskov,1.682652617,0.0,0.65,0.49,,,,,,,,,,,,,,,,,,,,,,,,,,5.721337161693251,33.65305234,0.0,,,,,,,,,,,,,,,,,2.25,0.0216908735636456,82.265625,0.793072564670795,0.03375,0.0325363103454683,2.879296875,2.7757539763477825,5.721337161693251,96180,,,0.00712903137716,Information
242969,4295.0,6398.178868,RUS,Russia,Pskov,1.525714083,0.0,0.65,0.49,,,,,,,,,,,,,,,,,,,,,,,,,,9.10225819374044,30.51428166,0.0,,,,,,,,,,,,,,,,,56.953125,0.8901458707542576,77.0625,1.204444289316872,0.854296875,1.3352188061313863,2.6971875,4.215555012609053,9.10225819374044,46219,,,0.0210465412759927,Information
243223,4303.0,1759.415666,RUS,Russia,Leningrad,0.346639652,0.0,0.65,0.49,,,,,,,,,,,,,,,,,,,,,,,,,,7.415779803332727,6.93279304,0.0,,,,,,,,,,,,,,,,,6.046875,0.3436865498014034,29.109375,1.6544910653230351,0.090703125,0.5155298247021051,1.018828125,5.790718728630623,7.415779803332727,162853,,,0.0057078133556685,Information
243242,4312.0,6639.58857,RUS,Russia,Leningrad,3.209896962,0.0,0.65,0.49,,,,,,,,,,,,,,,,,,,,,,,,,,9.110128398466877,64.19793924000001,0.0,,,,,,,,,,,,,,,,,7.734375,0.1164887691163165,100.546875,1.5143539985121146,0.116015625,0.1747331536744747,3.519140625,5.300238994792402,9.110128398466877,11822,,,0.0855592556587215,Information
243244,4314.0,5493.272813,RUS,Russia,Leningrad,3.479879191,0.0,0.65,0.49,,,,,,,,,,,,,,,,,,,,,,,,,,16.277282007300922,69.59758382000001,0.0,,,,,,,,,,,,,,,,,62.859375,1.1442973458244428,137.953125,2.511310282446931,0.942890625,1.716446018736664,4.828359375,8.789585988564259,16.277282007300922,7874,,,0.2660670206631178,Information
243246,4316.0,5676.199465,RUS,Russia,Vologda,3.521325472,0.0,0.65,0.49,,,,,,,,,,,,,,,,,,,,,,,,,,25.399397581155466,70.42650944,0.0,,,,,,,,,,,,,,,,,29.390625,0.5177870366149071,250.171875,4.407383436066601,0.440859375,0.7766805549223607,8.756015625,15.425842026233102,25.399397581155466,16864,,,0.4395331651728114,Advisory
243247,4317.0,896.4964555,RUS,Russia,Karelia,3.537202639,0.0,0.65,0.49,,,,,,,,,,,,,,,,,,,,,,,,,,7.195863828999725,70.74405278,0.0,,,,,,,,,,,,,,,,,10.265625,1.1450826087101662,12.515625,1.3960596188384216,0.153984375,1.7176239130652493,0.438046875,4.8862086659344754,7.195863828999725,8,,,0.0803715841539519,Information
243284,4326.0,7427.319672,RUS,Russia,Novgorod,1.489176835,0.0,0.65,0.49,,,,,,,,,,,,,,,,,,,,,,,,,,6.655288936127191,29.783536700000003,0.0,,,,,,,,,,,,,,,,,38.8125,0.5225640165449204,64.40625,0.8671533318028026,0.5821875,0.7838460248173805,2.25421875,3.035036661309809,6.655288936127191,24161,,,0.0092322094289588,Information
243285,4327.0,2966.016953,RUS,Russia,Novgorod,2.162131376,0.0,0.65,0.49,,,,,,,,,,,,,,,,,,,,,,,,,,3.0614335288632004,43.24262752,0.0,,,,,,,,,,,,,,,,,3.375,0.1137889652464193,18.5625,0.6258393088553061,0.050625,0.1706834478696289,0.6496875,2.190437580993572,3.0614335288632004,19337,,,0.0017507058024919,Information
243286,4328.0,5355.995503,RUS,Russia,Tver',1.394042114,0.0,0.65,0.49,,,,,,,,,,,,,,,,,,,,,,,,,,2.876698093320043,27.880842280000003,0.0,,,,,,,,,,,,,,,,,13.078125,0.2441772961510357,23.0625,0.4305922211695684,0.196171875,0.3662659442265535,0.8071875,1.5070727740934895,2.876698093320043,11721,,,0.0006372145256722,Information
243287,4329.0,1597.339893,RUS,Russia,Novgorod,1.388690953,0.0,0.65,0.49,,,,,,,,,,,,,,,,,,,,,,,,,,2.348288324363224,27.77381906,0.0,,,,,,,,,,,,,,,,,5.484375,0.3433442702181118,6.890625,0.4313812625817304,0.082265625,0.5150164053271677,0.241171875,1.5098344190360562,2.348288324363224,921,,,0.0003061395220646,Information
243288,4330.0,2442.040039,RUS,Russia,Pskov,1.920218922,0.0,0.65,0.49,,,,,,,,,,,,,,,,,,,,,,,,,,4.151975575370733,38.40437844,0.0,,,,,,,,,,,,,,,,,11.671875,0.477955922572512,18.28125,0.7486056618605612,0.175078125,0.716933883858768,0.63984375,2.620119816511964,4.151975575370733,8951,,,0.0034982949557696,Information
243289,4331.0,5516.152146,RUS,Russia,Pskov,3.062620266,0.0,0.65,0.49,,,,,,,,,,,,,,,,,,,,,,,,,,10.1974889088516,61.25240532,0.0,,,,,,,,,,,,,,,,,9.703125,0.1759038681965711,99.421875,1.8023773161590693,0.145546875,0.2638558022948566,3.479765625,6.308320606556743,10.1974889088516,130501,,,0.0909500910595259,Information
243530,16085.0,9019.214071,FIN,Finland,Western Finland,2.347616034,1.208398241,0.86,0.19,,,,,,,,,,,,,,,,,,,,,,,,,,13.01226879695404,46.95232068,24.16796482,,,,,,,,,,,,,,,,,12.375,0.1372070770583308,171.0,1.8959523375332985,0.185625,0.2058106155874962,5.985,6.635833181366545,13.01226879695404,151022,,,0.079966274105497,Information
243560,4339.0,4998.449307,FIN,Finland,Western Finland,3.343256575,0.0,0.86,0.19,,,,,,,,,,,,,,,,,,,,,,,,,,2.8419157774722974,66.86513149999999,0.0,,,,,,,,,,,,,,,,,15.890625,0.317911096480133,20.25,0.4051256450720279,0.238359375,0.4768666447201994,0.70875,1.4179397577520978,2.8419157774722974,61795,,,0.0070225516574478,Information
243570,4340.0,10762.7711,FIN,Finland,Western Finland,3.733869931,1.321002373,0.86,0.19,,,,,,,,,,,,,,,,,,,,,,,,,,7.138831346215113,74.67739862,26.42004746,,,,,,,,,,,,,,,,,7.171875,0.0666359521307128,102.65625,0.9538087265768698,0.107578125,0.0999539281960692,3.59296875,3.338330543019044,7.138831346215113,141350,,,0.1027300061479391,Information
243580,4341.0,4651.698628,FIN,Finland,Oulu,3.250559086,1.148001801,0.86,0.19,,,,,,,,,,,,,,,,,,,,,,,,,,3.399517854990953,65.01118172,22.96003602,,,,,,,,,,,,,,,,,5.34375,0.1148773905402686,28.546875,0.6136871126230143,0.08015625,0.1723160858104029,0.999140625,2.14790489418055,3.399517854990953,54444,,,0.0098662726171863,Information
243590,4342.0,11523.51129,FIN,Finland,Oulu,3.555513726,1.724494242,0.86,0.19,,,,,,,,,,,,,,,,,,,,,,,,,,22.46908860570213,71.11027452,34.48988484,,,,,,,,,,,,,,,,,16.453125,0.1427787467113389,336.65625,2.92147281732432,0.246796875,0.2141681200670083,11.78296875,10.22515486063512,22.46908860570213,140127,,,0.4007735049227267,Advisory
243900,4354.0,295.7144665,FIN,Finland,Lapland,2.309804261,0.0,0.86,0.19,,,,,,,,,,,,,,,,,,,,,,,,,,6.683117634782396,46.19608522,0.0,,,,,,,,,,,,,,,,,1.96875,0.6657604625417842,4.640625,1.5692925188484914,0.02953125,0.9986406938126764,0.162421875,5.49252381596972,6.683117634782396,2688,,,0.0185001099138313,Information
244100,4355.0,141.9482715,FIN,Finland,Lapland,3.603094085,1.447350866,0.86,0.19,,,,,,,,,,,,,,,,,,,,,,,,,,14.26731212632115,72.0618817,28.94701732,,,,,,,,,,,,,,,,,2.8125,1.9813555811719927,4.5,3.1701689298751887,0.0421875,2.972033371757989,0.1575,11.09559125456316,14.26731212632115,11412,,,0.2507851801675094,Information
244402,4375.0,9256.81781,SWE,Sweden,Jämtland,3.11984706,0.0,0.84,0.22,,,,,,,,,,,,,,,,,,,,,,,,,,13.668934137234768,62.3969412,0.0,,,,,,,,,,,,,,,,,13.78125,0.1488767553127891,181.828125,1.9642616797901664,0.20671875,0.2233151329691836,6.363984375,6.874915879265583,13.668934137234768,11281,,,0.1557786562021992,Information
244405,4378.0,4140.143431,SWE,Sweden,Västerbotten,3.717937771,0.0,0.84,0.22,,,,,,,,,,,,,,,,,,,,,,,,,,10.0740228748864,74.35875542,0.0,,,,,,,,,,,,,,,,,11.25,0.2717297163246303,79.453125,1.919091121542701,0.16875,0.4075945744869454,2.780859375,6.716818925399453,10.0740228748864,3340,,,0.1750895238025441,Information
244406,4379.0,622.3465308,SWE,Sweden,Västerbotten,1.347716577,0.0,0.84,0.22,,,,,,,,,,,,,,,,,,,,,,,,,,7.380671019257195,26.95433154,0.0,,,,,,,,,,,,,,,,,1.265625,0.2033633895880154,11.8125,1.898058302821478,0.018984375,0.3050450843820231,0.4134375,6.643204059875172,7.380671019257195,191,,,0.0109464675711877,Information
244407,4380.0,479.1532934,SWE,Sweden,Västerbotten,4.003455562,0.0,0.84,0.22,,,,,,,,,,,,,,,,,,,,,,,,,,10.441286917796548,80.06911124,0.0,,,,,,,,,,,,,,,,,4.921875,1.0272025817316026,11.53125,2.406588905771184,0.073828125,1.540803872597404,0.40359375,8.423061170199144,10.441286917796548,180,,,0.2589768648448806,Information
244408,4381.0,2555.568143,SWE,Sweden,Västerbotten,1.807572203,0.0,0.84,0.22,,,,,,,,,,,,,,,,,,,,,,,,,,5.4891530579317385,36.15144406,0.0,,,,,,,,,,,,,,,,,0.984375,0.0385188320082091,31.5,1.2326026242626928,0.014765625,0.0577782480123136,1.1025,4.314109184919425,5.4891530579317385,962,,,0.0070689582300842,Information
244409,4382.0,4662.85702,SWE,Sweden,Västerbotten,3.269079468,0.0,0.84,0.22,,,,,,,,,,,,,,,,,,,,,,,,,,17.92721309808345,65.38158936,0.0,,,,,,,,,,,,,,,,,1.40625,0.0301585485892536,162.28125,3.480296507199876,0.02109375,0.0452378228838804,5.67984375,12.181037775199568,17.92721309808345,5348,,,0.2552479263866893,Information
244770,4399.0,7924.695205,SWE,Sweden,Skåne,1.31881831,1.131942852,0.84,0.22,,,,,,,,,,,,,,,,,,,,,,,,,,6.754357019888025,26.3763662,22.63885704,,,,,,,,,,,,,,,,,18.28125,0.2306871056441927,77.484375,0.9777584246919246,0.27421875,0.346030658466289,2.711953125,3.422154486421736,6.754357019888025,1238424,,,0.0084522498040828,Information
245000,16087.0,3310.593154,SWE,Sweden,Gotland,2.510042826,0.755846741,0.84,0.22,,,,,,,,,,,,,,,,,,,,,,,,,,19.766307895230888,50.20085652,15.11693482,,,,,,,,,,,,,,,,,27.84375,0.8410501897184539,128.53125,3.882423603043773,0.41765625,1.2615752845776809,4.49859375,13.588482610653204,19.766307895230888,56738,,,0.177738233165664,Information
251071,16088.0,3076.923076,NOR,Norway,Aust-Agder,4.007481029,0.0,0.84,0.22,,,,,,,,,,,,,,,,,,,,,,,,,,37.53281250721127,80.14962058,0.0,3.0,,,,,,,,,,,,,,,,80.15625,2.605078125654526,217.96875,7.083984376779852,1.20234375,3.907617188481789,7.62890625,24.79394531872948,37.53281250721127,62657,5527.0,8.82,0.737935112518256,Watch
251072,4426.0,4033.099553,NOR,Norway,Telemark,4.009157668,0.0,0.84,0.22,,,,,,,,,,,,,,,,,,,,,,,,,,12.584853481314871,80.18315336,0.0,,,,,,,,,,,,,,,,,32.765625,0.8124179572886334,89.296875,2.214100441537692,0.491484375,1.2186269359329502,3.125390625,7.749351545381922,12.584853481314871,34307,,,0.3249005834390788,Information
251080,4433.0,6572.128399,NOR,Norway,Nord-Trøndelag,3.322649757,0.0,0.84,0.22,,,,,,,,,,,,,,,,,,,,,,,,,,8.785135179184323,66.45299514,0.0,,,,,,,,,,,,,,,,,0.28125,0.0042794355634182,99.421875,1.5127804716683413,0.00421875,0.0064191533451273,3.479765625,5.294731650839195,8.785135179184323,8819,,,0.0901411276880936,Information
252107,4447.0,6948.688055,NOR,Norway,Finnmark,3.748150343,3.43683767,0.84,0.22,,,,,,,,,,,,,,,,,,,,,,,,,,36.14376534618186,74.96300686,68.7367534,3.0,,,,,,,,,,,,,,,,18.28125,0.2630892314356955,415.546875,5.980220606865233,0.27421875,0.3946338471535432,14.544140625,20.93077212402832,36.14376534618186,10076,462.0,4.59,0.6432464375300176,Watch
252109,4449.0,726.9475768,NOR,Norway,Finnmark,2.461483417,0.0,0.84,0.22,,,,,,,,,,,,,,,,,,,,,,,,,,44.70068938010324,49.22966834,0.0,,,,,,,,,,,,,,,,,21.234375,2.9210325034021576,142.875,19.65409949309001,0.318515625,4.381548755103236,5.000625,35.0,44.70068938010324,5172,,,0.4493422844935448,Advisory
252300,4451.0,9089.868167,RUS,Russia,Murmansk,1.816914287,0.065992777,0.65,0.49,,,,,,,,,,,,,,,,,,,,,,,,,,78.74472763641471,36.33828574,1.31985554,3.0,,,,,,,,,,,,,,,,277.59375,3.05388092427647,1336.921875,14.707824694577711,4.16390625,4.580821386414705,35.0,35.0,78.74472763641471,75989,5432.0,7.15,0.5841914252487095,Watch
252808,4486.0,1311.169512,RUS,Russia,Karelia,0.823651661,0.0,0.65,0.49,,,,,,,,,,,,,,,,,,,,,,,,,,6.441777573793058,16.473033219999998,0.0,,,,,,,,,,,,,,,,,5.484375,0.4182811565497725,18.984375,1.4478963111338283,0.082265625,0.6274217348246587,0.664453125,5.067637088968399,6.441777573793058,254,,,0.0051980996184204,Information
261100,4497.0,1050.212346,RUS,Russia,Arkhangel'sk,1.667466586,1.063957344,0.65,0.49,,,,,,,,,,,,,,,,,,,,,,,,,,17.748280831756375,33.34933172,21.279146880000003,,,,,,,,,,,,,,,,,0.5625,0.0535605967711759,47.953125,4.566040874742746,0.0084375,0.0803408951567638,1.678359375,15.98114306159961,17.748280831756375,1607,,,0.0928883583988078,Information
261204,4501.0,10047.96506,RUS,Russia,Arkhangel'sk,3.127577993,0.0,0.65,0.49,,,,,,,,,,,,,,,,,,,,,,,,,,8.404735295536824,62.55155986,0.0,,,,,,,,,,,,,,,,,0.28125,0.0027990742250287,120.234375,1.1966042311997949,0.00421875,0.004198611337543,4.208203125,4.188114809199282,8.404735295536824,4643,,,0.067565623952012,Information
261206,4503.0,10134.50039,RUS,Russia,Arkhangel'sk,3.077943105,0.0,0.65,0.49,,,,,,,,,,,,,,,,,,,,,,,,,,33.22151460864412,61.5588621,0.0,,,,,,,,,,,,,,,,,4.078125,0.0402400201749793,476.015625,4.6969816652519,0.061171875,0.0603600302624689,16.660546875,16.43943582838165,33.22151460864412,3638,,,0.4419881311570532,Advisory
261208,4505.0,7518.43487,RUS,Russia,Arkhangel'sk,1.014182648,0.0,0.65,0.49,,,,,,,,,,,,,,,,,,,,,,,,,,5.190217691304101,20.28365296,0.0,,,,,,,,,,,,,,,,,0.84375,0.011222415497364,63.28125,0.8416811623023013,0.01265625,0.016833623246046,2.21484375,2.9458840680580547,5.190217691304101,41838,,,0.00315043352816,Information
261209,4506.0,14106.13819,RUS,Russia,Arkhangel'sk,2.6105375,0.0,0.65,0.49,,,,,,,,,,,,,,,,,,,,,,,,,,10.031976557612635,52.21075,0.0,,,,,,,,,,,,,,,,,22.21875,0.1575112174758167,158.203125,1.1215197446854035,0.33328125,0.236266826213725,5.537109375,3.925319106398912,10.031976557612635,27794,,,0.0592591536465907,Information
261422,4510.0,2605.524556,RUS,Russia,Arkhangel'sk,3.617112021,0.0,0.65,0.49,,,,,,,,,,,,,,,,,,,,,,,,,,2.775801784815723,72.34224042,0.0,,,,,,,,,,,,,,,,,2.8125,0.1079437149419472,15.1875,0.582896060686515,0.0421875,0.1619155724129208,0.5315625,2.0401362124028024,2.775801784815723,73,,,0.0107534155096558,Information
261423,4511.0,948.4463847,RUS,Russia,Arkhangel'sk,3.704931261,0.0,0.65,0.49,,,,,,,,,,,,,,,,,,,,,,,,,,30.78612958033429,74.09862522,0.0,,,,,,,,,,,,,,,,,27.84375,2.9357220870847294,64.265625,6.775883807059198,0.41765625,4.403583130627094,2.249296875,23.7155933247072,30.78612958033429,4466,,,0.5685831841166527,Advisory
261424,4512.0,4097.597033,RUS,Russia,Arkhangel'sk,3.324457119,0.0,0.65,0.49,,,,,,,,,,,,,,,,,,,,,,,,,,4.7510529331962825,66.48914238,0.0,,,,,,,,,,,,,,,,,0.84375,0.0205913366590404,39.09375,0.9540652652022064,0.01265625,0.0308870049885606,1.36828125,3.339228428207722,4.7510529331962825,2183,,,0.0253799974174911,Information
261425,4513.0,1404.145085,RUS,Russia,Arkhangel'sk,1.869973873,0.0,0.65,0.49,,,,,,,,,,,,,,,,,,,,,,,,,,8.948542108191122,37.39947746,0.0,,,,,,,,,,,,,,,,,3.234375,0.2303447866795095,30.09375,2.1432080151919592,0.048515625,0.3455171800192642,1.05328125,7.501228053171857,8.948542108191122,5964,,,0.0258704635548618,Information
261426,4514.0,4932.452737,RUS,Russia,Arkhangel'sk,3.039019849,0.0,0.65,0.49,,,,,,,,,,,,,,,,,,,,,,,,,,1.4495989576127144,60.780396980000006,0.0,,,,,,,,,,,,,,,,,0.421875,0.0085530469833719,13.5,0.2736975034679019,0.006328125,0.0128295704750578,0.4725,0.9579412621376566,1.4495989576127144,172,,,0.0004870718569802,Information
261427,4515.0,10173.38758,RUS,Russia,Arkhangel'sk,2.462076735,0.0,0.65,0.49,,,,,,,,,,,,,,,,,,,,,,,,,,2.357704592798575,49.2415347,0.0,,,,,,,,,,,,,,,,,3.796875,0.0373216391254423,32.34375,0.3179250740315462,0.056953125,0.0559824586881634,1.13203125,1.1127377591104115,2.357704592798575,5017,,,0.0010724822825225,Information
261430,4518.0,27291.36515,RUS,Russia,Arkhangel'sk,2.508162394,0.0,0.65,0.49,,,,,,,,,,,,,,,,,,,,,,,,,,24.7127056080682,50.16324788,0.0,,,,,,,,,,,,,,,,,22.5,0.0824436589138411,507.09375,1.858073962770696,0.3375,0.1236654883707616,17.74828125,6.503258869697435,24.7127056080682,30278,,,0.2415157312683621,Information
261441,4519.0,1552.095945,RUS,Russia,Arkhangel'sk,3.311325041,0.0,0.65,0.49,,,,,,,,,,,,,,,,,,,,,,,,,,13.025657644303635,66.22650082,0.0,,,,,,,,,,,,,,,,,7.734375,0.4983180984826837,46.6875,3.0080292490227456,0.116015625,0.7474771477240256,1.6340625,10.52810237157961,13.025657644303635,2584,,,0.1703570159516956,Information
261442,4520.0,2593.272168,RUS,Russia,Arkhangel'sk,2.610894734,0.0,0.65,0.49,,,,,,,,,,,,,,,,,,,,,,,,,,1.635530109150537,52.21789468,0.0,,,,,,,,,,,,,,,,,1.125,0.0433814859006442,9.140625,0.3524745729427345,0.016875,0.0650722288509663,0.319921875,1.233661005299571,1.635530109150537,1004,,,0.0003695021703026,Information
261443,4521.0,4213.331087,RUS,Russia,Arkhangel'sk,2.892605944,0.0,0.65,0.49,,,,,,,,,,,,,,,,,,,,,,,,,,3.1428141735090924,57.85211888,0.0,,,,,,,,,,,,,,,,,8.296875,0.196919606584206,23.0625,0.547369753895081,0.124453125,0.2953794098763089,0.8071875,1.915794138632784,3.1428141735090924,10571,,,0.0047149005037615,Information
261446,4524.0,19573.69589,RUS,Russia,Vologda,3.083692445,0.0,0.65,0.49,,,,,,,,,,,,,,,,,,,,,,,,,,4.43103821691165,61.6738489,0.0,,,,,,,,,,,,,,,,,1.265625,0.0064659480111267,83.25,0.42531569139856,0.018984375,0.00969892201669,2.91375,1.48860491989496,4.43103821691165,78869,,,0.0154834202876109,Information
261447,4525.0,7818.077014,RUS,Russia,Arkhangel'sk,3.578072529,0.0,0.65,0.49,,,,,,,,,,,,,,,,,,,,,,,,,,0.7932290782159441,71.56145058,0.0,,,,,,,,,,,,,,,,,0.5625,0.0071948638903586,9.703125,0.1241114021086875,0.0084375,0.0107922958355379,0.339609375,0.4343899073804062,0.7932290782159441,21029,,,0.0001721993637147,Information
261448,4526.0,2273.25816,RUS,Russia,Arkhangel'sk,3.090026243,0.0,0.65,0.49,,,,,,,,,,,,,,,,,,,,,,,,,,0.7212689746135384,61.80052486,0.0,,,,,,,,,,,,,,,,,2.671875,0.1175350449227077,2.671875,0.1175350449227077,0.040078125,0.1763025673840615,0.093515625,0.4113726572294769,0.7212689746135384,2904,,,3.6001992263501735e-05,Information
261449,4527.0,3271.102692,RUS,Russia,Arkhangel'sk,1.096639339,0.0,0.65,0.49,,,,,,,,,,,,,,,,,,,,,,,,,,0.9670414049477496,21.93278678,0.0,,,,,,,,,,,,,,,,,0.140625,0.0042990090262404,6.75,0.2063524332595397,0.002109375,0.0064485135393606,0.23625,0.722233516408389,0.9670414049477496,3060,,,5.639344346868792e-06,Information
261450,4528.0,24418.5559,RUS,Russia,Arkhangel'sk,2.223305109,0.0,0.65,0.49,,,,,,,,,,,,,,,,,,,,,,,,,,19.889824037632053,44.46610218,0.0,,,,,,,,,,,,,,,,,39.375,0.1612503219429941,386.296875,1.5819808370621606,0.590625,0.2418754829144911,13.520390625,5.536932929717562,19.889824037632053,34605,,,0.1522607723074979,Information
261461,4529.0,2359.115698,RUS,Russia,Vologda,2.390941281,0.0,0.65,0.49,,,,,,,,,,,,,,,,,,,,,,,,,,12.406314319024927,47.81882562,0.0,,,,,,,,,,,,,,,,,3.65625,0.1549839206025226,66.09375,2.8016324108917554,0.05484375,0.2324758809037839,2.31328125,9.805713438121144,12.406314319024927,52537,,,0.0754277516428816,Information
261462,4530.0,36285.70488,RUS,Russia,Kirov,2.569255134,0.0,0.65,0.49,,,,,,,,,,,,,,,,,,,,,,,,,,4.819041854410413,51.38510268,0.0,,,,,,,,,,,,,,,,,5.765625,0.015889521833548,105.46875,0.2906619847600258,0.086484375,0.023834282750322,3.69140625,1.0173169466600904,4.819041854410413,98128,,,0.0104066302192142,Information
261463,4531.0,25548.1829,RUS,Russia,Vologda,2.606086195,0.0,0.65,0.49,,,,,,,,,,,,,,,,,,,,,,,,,,10.425193893813317,52.1217239,0.0,,,,,,,,,,,,,,,,,23.0625,0.090270607842602,204.1875,0.7992251377284036,0.3459375,0.135405911763903,7.1465625,2.7972879820494128,10.425193893813317,82336,,,0.0636998529174744,Information
261464,4532.0,3525.37509,RUS,Russia,Vologda,1.302653974,0.0,0.65,0.49,,,,,,,,,,,,,,,,,,,,,,,,,,1.3811679348754238,26.05307948,0.0,,,,,,,,,,,,,,,,,3.65625,0.1037123683857852,8.71875,0.2473141092276417,0.05484375,0.1555685525786778,0.30515625,0.8655993822967459,1.3811679348754238,19514,,,3.439708559681741e-05,Information
261466,4534.0,3047.385804,RUS,Russia,Vologda,3.06247731,0.0,0.65,0.49,,,,,,,,,,,,,,,,,,,,,,,,,,1.05967153309729,61.2495462,0.0,,,,,,,,,,,,,,,,,0.421875,0.0138438329505219,6.890625,0.2261159381918592,0.006328125,0.0207657494257828,0.241171875,0.7914057836715073,1.05967153309729,318784,,,0.0001596089546769,Information
261468,4536.0,3642.205725,RUS,Russia,Vologda,2.869409689,0.0,0.65,0.49,,,,,,,,,,,,,,,,,,,,,,,,,,8.522385488168197,57.38819378,0.0,,,,,,,,,,,,,,,,,1.40625,0.038609845415131,64.40625,1.768330920013,0.02109375,0.0579147681226965,2.25421875,6.1891582200455,8.522385488168197,14169,,,0.0537606212533585,Information
261469,4537.0,10290.27838,RUS,Russia,Vologda,3.449932664,0.0,0.65,0.49,,,,,,,,,,,,,,,,,,,,,,,,,,8.55972962282146,68.99865328,0.0,,,,,,,,,,,,,,,,,0.984375,0.0095660677388241,123.609375,1.2012247917752066,0.014765625,0.0143491016082361,4.326328125,4.204286771213223,8.55972962282146,34144,,,0.0990537592444756,Information
261470,4538.0,24025.04801,RUS,Russia,Arkhangel'sk,1.652719409,0.0,0.65,0.49,,,,,,,,,,,,,,,,,,,,,,,,,,16.788990855111884,33.05438818,0.0,,,,,,,,,,,,,,,,,23.484375,0.09774954452001,328.640625,1.367908296666249,0.352265625,0.146624316780015,11.502421875,4.787679038331872,16.788990855111884,129884,,,0.083308341043039,Information
261491,4540.0,4673.059581,RUS,Russia,Komi,1.675619527,0.0,0.65,0.49,,,,,,,,,,,,,,,,,,,,,,,,,,6.7005522480636674,33.51239054,0.0,,,,,,,,,,,,,,,,,0.84375,0.0180556225623604,60.609375,1.2969955540628937,0.01265625,0.0270834338435406,2.121328125,4.539484439220128,6.7005522480636674,96858,,,0.0108715587906498,Information
261492,4541.0,17328.09729,RUS,Russia,Komi,2.458349459,0.0,0.65,0.49,,,,,,,,,,,,,,,,,,,,,,,,,,1.6955029223868672,49.16698918,0.0,,,,,,,,,,,,,,,,,3.09375,0.0178539510039386,29.390625,0.1696125345374169,0.04640625,0.0267809265059079,1.028671875,0.5936438708809592,1.6955029223868672,149749,,,0.0003362318157256,Information
261493,4542.0,2850.440542,RUS,Russia,Komi,2.971416932,0.0,0.65,0.49,,,,,,,,,,,,,,,,,,,,,,,,,,5.645501009468975,59.42833864,0.0,,,,,,,,,,,,,,,,,1.125,0.0394675834651901,35.296875,1.23829543122034,0.016875,0.0592013751977851,1.235390625,4.33403400927119,5.645501009468975,19721,,,0.0242927690588606,Information
261499,4548.0,15126.24103,RUS,Russia,Komi,3.247581777,0.0,0.65,0.49,,,,,,,,,,,,,,,,,,,,,,,,,,1.874580442430852,64.95163554,0.0,,,,,,,,,,,,,,,,,1.40625,0.0092967578496056,31.640625,0.2091770516161267,0.02109375,0.0139451367744084,1.107421875,0.7321196806564435,1.874580442430852,9231,,,0.0017038635113474,Information
261501,4549.0,100.6078251,RUS,Russia,Arkhangel'sk,1.893320109,0.0,0.65,0.49,,,,,,,,,,,,,,,,,,,,,,,,,,4.658994781177322,37.86640218,0.0,,,,,,,,,,,,,,,,,0.140625,0.1397754100356764,1.265625,1.257978690321088,0.002109375,0.2096631150535146,0.044296875,4.402925416123807,4.658994781177322,73142,,,0.004792009872583,Information
261502,4550.0,2138.576896,RUS,Russia,Arkhangel'sk,3.183259759,0.0,0.65,0.49,,,,,,,,,,,,,,,,,,,,,,,,,,4.282281030086447,63.66519518,0.0,,,,,,,,,,,,,,,,,0.421875,0.0197269034767182,21.375,0.9994964428203914,0.006328125,0.0295903552150773,0.748125,3.49823754987137,4.282281030086447,632,,,0.0162465957327312,Information
261504,4552.0,6142.008917,RUS,Russia,Arkhangel'sk,1.938288518,0.0,0.65,0.49,,,,,,,,,,,,,,,,,,,,,,,,,,18.379264801505705,38.76577036,0.0,,,,,,,,,,,,,,,,,51.46875,0.8379790830185172,177.75,2.894004264850836,0.77203125,1.2569686245277758,6.22125,10.129014926977923,18.379264801505705,0,,,0.1143946895543399,Information
261604,4561.0,20963.82809,RUS,Russia,Komi,2.381448801,0.0,0.65,0.49,,,,,,,,,,,,,,,,,,,,,,,,,,9.790167106420846,47.62897602,0.0,,,,,,,,,,,,,,,,,45.84375,0.2186802419525184,169.734375,0.8096535338548767,0.68765625,0.3280203629287775,5.940703125,2.8337873684920685,9.790167106420846,9104,,,0.0467736916245003,Information
261609,4566.0,6586.951586,RUS,Russia,Komi,0.903830671,0.0,0.65,0.49,,,,,,,,,,,,,,,,,,,,,,,,,,3.229531162005665,18.07661342,0.0,,,,,,,,,,,,,,,,,1.828125,0.0277537336689404,35.859375,0.5444001604292157,0.027421875,0.0416306005034105,1.255078125,1.905400561502255,3.229531162005665,1328,,,0.0006115290148522,Information
261897,4598.0,30692.04885,RUS,Russia,Komi,2.305464331,0.0,0.65,0.49,,,,,,,,,,,,,,,,,,,,,,,,,,31.51819854489013,46.10928662,0.0,,,,,,,,,,,,,,,,,9.84375,0.0320726389022365,675.0,2.1992666675819352,0.14765625,0.0481089583533547,23.625,7.697433336536774,31.51819854489013,22225,,,0.2958434637428568,Information
261898,4599.0,11420.5779,RUS,Russia,Komi,3.437564794,0.0,0.65,0.49,,,,,,,,,,,,,,,,,,,,,,,,,,23.790971448739107,68.75129588,0.0,,,,,,,,,,,,,,,,,1.6875,0.0147759597987659,361.6875,3.1669807168688453,0.0253125,0.0221639396981488,12.6590625,11.084432509040958,23.790971448739107,2588,,,0.3925527764046713,Advisory
261899,4600.0,15983.45219,RUS,Russia,Komi,3.043748341,0.0,0.65,0.49,,,,,,,,,,,,,,,,,,,,,,,,,,15.588685346508711,60.87496682,0.0,,,,,,,,,,,,,,,,,1.40625,0.0087981618954519,273.375,1.710362672475867,0.02109375,0.0131972428431778,9.568125,5.986269353665534,15.588685346508711,624,,,0.1787296484997069,Information
261901,4602.0,5612.107081,RUS,Russia,Nenets,3.239075927,0.0,0.65,0.49,,,,,,,,,,,,,,,,,,,,,,,,,,0.6435229061687504,64.78151854000001,0.0,,,,,,,,,,,,,,,,,11.8125,0.2104824414478726,1.546875,0.027563176856269,0.1771875,0.3157236621718089,0.054140625,0.0964711189969415,0.6435229061687504,2055,,,3.135574311539951e-05,Information
262002,16097.0,46246.10874,RUS,Russia,Arkhangel'sk,2.387574557,3.159598384,0.65,0.49,,,,,,,,,,,,,,,,,,,,,,,,,,1.838604360728976,47.751491140000006,63.191967680000005,,,,,,,,,,,,,,,,,3.65625,0.0079060705850729,41.625,0.0900075728146762,0.05484375,0.0118591058776093,1.456875,0.3150265048513667,1.838604360728976,232,,,0.0013645540828922,Information
281010,4642.0,7061.355086,TKM,Turkmenistan,Balkan,1.446703107,0.0,0.51,0.68,,,,,,,,,,,,,,,,,,,,,,,,,,5.424465222159103,28.93406214,0.0,,,,,,,,,,,,,,,,,17.4375,0.2469426871579886,56.671875,0.802563733263463,0.2615625,0.3704140307369828,1.983515625,2.80897306642212,5.424465222159103,143319,,,0.0050455945270091,Information
281300,4679.0,1609.297895,IRN,Iran,Golestan,4.088941697,0.0,0.54,0.64,,,,,,,,,,,,,,,,,,,,,,,,,,11.529261447348238,81.77883394,0.0,,,,,,,,,,,,,,,,,3.515625,0.218457068243472,44.15625,2.7438207771380085,0.052734375,0.327685602365208,1.54546875,9.60337271998303,11.529261447348238,7506,,,0.3235855707240745,Information
281403,4682.0,5966.151884,IRN,Iran,Golestan,4.01729694,0.0,0.54,0.64,,,,,,,,,,,,,,,,,,,,,,,,,,3.3794406458313,80.3459388,0.0,,,,,,,,,,,,,,,,,0.84375,0.0141422815979819,35.71875,0.5986899209812362,0.01265625,0.0212134223969728,1.25015625,2.0954147234343266,3.3794406458313,72469,,,0.0391552842353406,Information
281500,16101.0,21448.31742,TKM,Turkmenistan,Balkan,1.742956431,0.0,0.51,0.68,,,,,,,,,,,,,,,,,,,,,,,,,,2.056741096093313,34.85912862,0.0,,,,,,,,,,,,,,,,,0.984375,0.0045895208497776,39.65625,0.1848921256624704,0.014765625,0.0068842812746664,1.38796875,0.6471224398186464,2.056741096093313,75237,,,0.000274708488781,Information
281600,4689.0,23805.65307,TKM,Turkmenistan,Balkan,1.01705685,0.0,0.51,0.68,,,,,,,,,,,,,,,,,,,,,,,,,,28.04645968744191,20.341137,0.0,,,,,,,,,,,,,,,,,157.078125,0.6598353950121124,496.96875,2.087608134263926,2.356171875,0.9897530925181686,17.39390625,7.306628469923742,28.04645968744191,1485,,,0.1482679356381935,Information
281601,16102.0,3200.559502,TKM,Turkmenistan,Balkan,0.021179194,0.0,0.51,0.68,,,,,,,,,,,,,,,,,,,,,,,,,,33.90687614328384,0.4235838799999999,0.0,,,,,,,,,,,,,,,,,22.078125,0.6898207949017384,225.421875,7.043202128837494,0.331171875,1.0347311923526077,7.889765625,24.65120745093123,33.90687614328384,71094,,,0.1406714517652468,Information
281602,4690.0,1189.095583,TKM,Turkmenistan,Balkan,4.094591121,0.0,0.51,0.68,,,,,,,,,,,,,,,,,,,,,,,,,,16.791998064802513,81.89182242,0.0,,,,,,,,,,,,,,,,,8.71875,0.7332253290132039,47.25,3.9736082346522017,0.13078125,1.099837993519806,1.65375,13.907628821282708,16.791998064802513,18613,,,0.469923896042913,Advisory
281700,4698.0,4436.246533,TKM,Turkmenistan,Balkan,0.015519475,0.0,0.51,0.68,,,,,,,,,,,,,,,,,,,,,,,,,,4.489212463028089,0.3103895,0.0,,,,,,,,,,,,,,,,,7.3125,0.1648352936569425,36.28125,0.8178366492979073,0.1096875,0.2472529404854137,1.26984375,2.8624282725426755,4.489212463028089,226838,,,0.0009663489283334,Information
281800,4699.0,24984.54401,KAZ,Kazakhstan,Mangghystau,2.020001972,0.0,0.63,0.51,,,,,,,,,,,,,,,,,,,,,,,,,,18.32442575456717,40.40003944,0.0,,,,,,,,,,,,,,,,,1.265625,0.0050656317742429,373.359375,1.4943613734016572,0.018984375,0.0075984476613643,13.067578125,5.2302648069058,18.32442575456717,2030,,,0.1191154871849999,Information
281801,4700.0,2441.053892,TKM,Turkmenistan,Balkan,4.718211231,0.0,0.51,0.68,,,,,,,,,,,,,,,,,,,,,,,,,,0.9245535052916506,94.36422462,0.0,,,,,,,,,,,,,,,,,1.265625,0.0518474829273244,4.640625,0.1901074374001897,0.018984375,0.0777712243909866,0.162421875,0.665376030900664,0.9245535052916506,8,,,0.0353360172328073,Information
281802,4701.0,8160.190061,TKM,Turkmenistan,Balkan,4.374339237,0.0,0.51,0.68,,,,,,,,,,,,,,,,,,,,,,,,,,1.3097189555879114,87.48678474,0.0,,,,,,,,,,,,,,,,,4.78125,0.0585923852807383,14.765625,0.1809470721905154,0.07171875,0.0878885779211074,0.516796875,0.6333147526668039,1.3097189555879114,536,,,0.012004889399023,Information
281803,4702.0,3630.443084,TKM,Turkmenistan,Balkan,4.212369272,0.0,0.51,0.68,,,,,,,,,,,,,,,,,,,,,,,,,,7.267567804328868,84.24738544,0.0,,,,,,,,,,,,,,,,,6.328125,0.1743072361567737,52.59375,1.4486868071696306,0.094921875,0.2614608542351606,1.84078125,5.070403825093707,7.267567804328868,172,,,0.2195882196378975,Information
281900,4709.0,18572.08586,KAZ,Kazakhstan,Mangghystau,0.303489851,0.0,0.63,0.51,,,,,,,,,,,,,,,,,,,,,,,,,,7.55255067644679,6.069797019999999,0.0,,,,,,,,,,,,,,,,,13.921875,0.0749612892346698,134.296875,0.7231114264556532,0.208828125,0.1124419338520047,4.700390625,2.530889992594786,7.55255067644679,174330,,,0.005856638075629,Information
281901,4710.0,2837.702818,KAZ,Kazakhstan,Mangghystau,0.24135518,0.0,0.63,0.51,,,,,,,,,,,,,,,,,,,,,,,,,,2.719687848980775,4.8271036,0.0,,,,,,,,,,,,,,,,,1.6875,0.0594671150591094,16.453125,0.5798043718263174,0.0253125,0.0892006725886641,0.575859375,2.029315301392111,2.719687848980775,6649,,,0.0001888615791353,Information
281905,4714.0,269.6612993,KAZ,Kazakhstan,Mangghystau,4.089130107,0.0,0.63,0.51,,,,,,,,,,,,,,,,,,,,,,,,,,1.2853200283275856,81.78260214,0.0,,,,,,,,,,,,,,,,,0.28125,0.1042975023606321,0.84375,0.3128925070818965,0.00421875,0.1564462535409481,0.02953125,1.0951237747866376,1.2853200283275856,86,,,0.004008306347939,Information
281907,4716.0,12373.46967,KAZ,Kazakhstan,Mangghystau,0.747584591,0.0,0.63,0.51,,,,,,,,,,,,,,,,,,,,,,,,,,11.70429749128786,14.95169182,0.0,,,,,,,,,,,,,,,,,68.625,0.5546140399192863,155.53125,1.256973623259694,1.029375,0.8319210598789294,5.44359375,4.399407681408929,11.70429749128786,490590,,,0.0236690107360888,Information
282070,4725.0,29905.526,KAZ,Kazakhstan,Mangghystau,0.74427914,0.0,0.63,0.51,,,,,,,,,,,,,,,,,,,,,,,,,,2.745291439026621,14.885582799999998,0.0,,,,,,,,,,,,,,,,,2.953125,0.0098748472109084,57.515625,0.192324405202931,0.044296875,0.0148122708163625,2.013046875,0.6731354182102586,2.745291439026621,54848,,,0.0002972523254869,Information
282100,4728.0,14945.66981,KAZ,Kazakhstan,Mangghystau,1.844257639,0.0,0.63,0.51,,,,,,,,,,,,,,,,,,,,,,,,,,18.973251534338413,36.88515278,0.0,,,,,,,,,,,,,,,,,35.296875,0.2361679030734139,309.65625,2.071879372779512,0.529453125,0.3542518546101209,10.83796875,7.251577804728291,18.973251534338413,15823,,,0.1146961260795184,Information
282200,4729.0,23859.62555,KAZ,Kazakhstan,Mangghystau,2.771068195,0.0,0.63,0.51,,,,,,,,,,,,,,,,,,,,,,,,,,4.749610760672098,55.4213639,0.0,,,,,,,,,,,,,,,,,7.875,0.0330055473099317,92.25,0.3866364113449146,0.118125,0.0495083209648975,3.22875,1.353227439707201,4.749610760672098,12304,,,0.0125717110127608,Information
282848,4776.0,1206.057483,RUS,Russia,Bashkortostan,0.275818402,0.0,0.65,0.49,,,,,,,,,,,,,,,,,,,,,,,,,,0.6533071000378246,5.516368040000001,0.0,,,,,,,,,,,,,,,,,0.421875,0.0349796760022694,1.828125,0.1515785960098344,0.006328125,0.0524695140034041,0.063984375,0.5305250860344204,0.6533071000378246,3667,,,3.276988331283029e-07,Information
283114,4812.0,8245.817607,RUS,Russia,Kalmyk,2.487885712,0.0,0.65,0.49,,,,,,,,,,,,,,,,,,,,,,,,,,6.459806208956488,49.757714240000006,0.0,,,,,,,,,,,,,,,,,3.65625,0.0443406606131352,81.84375,0.9925486337247956,0.05484375,0.0665109909197028,2.86453125,3.4739202180367847,6.459806208956488,17303,,,0.0201209287797805,Information
283115,4813.0,345.8258683,RUS,Russia,Astrakhan',3.336663078,0.0,0.65,0.49,,,,,,,,,,,,,,,,,,,,,,,,,,39.03470142273476,66.73326156,0.0,,,,,,,,,,,,,,,,,0.984375,0.2846446984898374,102.65625,29.68437569965447,0.014765625,0.4269670477347561,3.59296875,35.0,39.03470142273476,47,,,0.5635173101155101,Advisory
283116,4814.0,3652.954153,RUS,Russia,Astrakhan',0.31606279,0.0,0.65,0.49,,,,,,,,,,,,,,,,,,,,,,,,,,26.19264810809452,6.321255799999999,0.0,,,,,,,,,,,,,,,,,4.21875,0.115488720175145,198.421875,5.431819472237658,0.06328125,0.1732330802627175,6.944765625,19.011368152831803,26.19264810809452,32545,,,0.101262165787206,Information
283118,4816.0,7849.38137,RUS,Russia,Volgograd,1.338211756,0.0,0.65,0.49,,,,,,,,,,,,,,,,,,,,,,,,,,25.20500015985668,26.76423512,0.0,,,,,,,,,,,,,,,,,34.453125,0.4389279023934136,301.921875,3.846441658933302,0.516796875,0.6583918535901204,10.567265625,13.462545806266558,25.20500015985668,340494,,,0.1430668767064273,Information
283161,4822.0,1204.333003,RUS,Russia,Samara,0.480595955,0.0,0.65,0.49,,,,,,,,,,,,,,,,,,,,,,,,,,9.87754250811464,9.6119191,0.0,,,,,,,,,,,,,,,,,9.421875,0.78233137985918,26.296875,2.183521910950249,0.141328125,1.17349706978877,0.920390625,7.642326688325871,9.87754250811464,770295,,,0.0134195955997564,Information
283221,4835.0,11326.83926,RUS,Russia,Kirov,1.129040515,0.0,0.65,0.49,,,,,,,,,,,,,,,,,,,,,,,,,,11.5178004672417,22.5808103,0.0,,,,,,,,,,,,,,,,,67.21875,0.5934466662854094,145.96875,1.288697990803881,1.00828125,0.8901699994281141,5.10890625,4.510442967813583,11.5178004672417,237671,,,0.0283678813151869,Information
283222,4836.0,17198.27139,RUS,Russia,Udmurt,0.417109476,0.0,0.65,0.49,,,,,,,,,,,,,,,,,,,,,,,,,,12.463956197066455,8.34218952,0.0,,,,,,,,,,,,,,,,,22.078125,0.1283740935524013,215.71875,1.2543048376393866,0.331171875,0.1925611403286019,7.55015625,4.390066931737853,12.463956197066455,175552,,,0.0230093790093781,Information
283223,4837.0,11463.98673,RUS,Russia,Kirov,0.60468976,0.0,0.65,0.49,,,,,,,,,,,,,,,,,,,,,,,,,,10.228884507945432,12.0937952,0.0,,,,,,,,,,,,,,,,,59.0625,0.515200352210317,130.78125,1.1408007798942734,0.8859375,0.7728005283154755,4.57734375,3.992802729629957,10.228884507945432,82131,,,0.0157359349648896,Information
283224,4838.0,15014.41815,RUS,Russia,Kirov,3.047538407,0.0,0.65,0.49,,,,,,,,,,,,,,,,,,,,,,,,,,5.868838576101969,60.95076814,0.0,,,,,,,,,,,,,,,,,46.828125,0.3118877104159503,80.578125,0.5366716458508695,0.702421875,0.4678315656239254,2.820234375,1.8783507604780432,5.868838576101969,145697,,,0.0290351767936681,Information
283225,4839.0,2877.058382,RUS,Russia,Kirov,1.317506658,0.0,0.65,0.49,,,,,,,,,,,,,,,,,,,,,,,,,,9.916283464845234,26.35013316,0.0,,,,,,,,,,,,,,,,,46.96875,1.6325268302179043,43.171875,1.5005560984338222,0.70453125,2.4487902453268564,1.511015625,5.251946344518378,9.916283464845234,25755,,,0.0224738201974244,Information
283226,4840.0,12427.13927,RUS,Russia,Kirov,0.512147426,0.0,0.65,0.49,,,,,,,,,,,,,,,,,,,,,,,,,,3.5263368954608043,10.24294852,0.0,,,,,,,,,,,,,,,,,13.78125,0.110896399427966,49.921875,0.4017165489482444,0.20671875,0.166344599141949,1.747265625,1.4060079213188552,3.5263368954608043,29707,,,0.0006042910235259,Information
283227,4841.0,12185.18529,RUS,Russia,Kirov,0.400088392,0.0,0.65,0.49,,,,,,,,,,,,,,,,,,,,,,,,,,6.6465786223341805,8.00176784,0.0,,,,,,,,,,,,,,,,,38.953125,0.3196760991473683,87.609375,0.718982706746608,0.584296875,0.4795141487210524,3.066328125,2.516439473613128,6.6465786223341805,606407,,,0.0042986298570716,Information
283228,4842.0,26232.07073,RUS,Russia,Kirov,1.26576788,0.0,0.65,0.49,,,,,,,,,,,,,,,,,,,,,,,,,,6.255275179845835,25.3153576,0.0,,,,,,,,,,,,,,,,,15.46875,0.0589688483257388,122.765625,0.4679982235306361,0.23203125,0.0884532724886082,4.296796875,1.6379937823572264,6.255275179845835,130331,,,0.0065718952343954,Information
283229,4843.0,20276.73774,RUS,Russia,Udmurt,0.369304334,0.0,0.65,0.49,,,,,,,,,,,,,,,,,,,,,,,,,,22.10437059980444,7.38608668,0.0,,,,,,,,,,,,,,,,,18.28125,0.0901587337773893,415.125,2.0472967854681023,0.27421875,0.1352381006660839,14.529375,7.165538749138358,22.10437059980444,292880,,,0.0759769370444699,Information
283232,4845.0,5092.012288,RUS,Russia,Tatarstan,0.604118359,0.0,0.65,0.49,,,,,,,,,,,,,,,,,,,,,,,,,,2.8300233372986154,12.08236718,0.0,,,,,,,,,,,,,,,,,8.859375,0.1739857349039952,23.484375,0.4612002814121779,0.132890625,0.2609786023559928,0.821953125,1.6142009849426229,2.8300233372986154,552871,,,0.0002950597466375,Information
283234,4847.0,1448.609574,RUS,Russia,Tatarstan,0.737243368,0.0,0.65,0.49,,,,,,,,,,,,,,,,,,,,,,,,,,3.5230855702322845,14.74486736,0.0,,,,,,,,,,,,,,,,,7.734375,0.5339171533526046,9.421875,0.6504081686295365,0.116015625,0.8008757300289069,0.329765625,2.276428590203378,3.5230855702322845,85117,,,0.0007204976908272,Information
283248,4860.0,14858.51725,RUS,Russia,Bashkortostan,0.733282815,0.0,0.65,0.49,,,,,,,,,,,,,,,,,,,,,,,,,,1.7221594702493417,14.6656563,0.0,,,,,,,,,,,,,,,,,14.484375,0.097481967808309,23.203125,0.1561604338676795,0.217265625,0.1462229517124635,0.812109375,0.5465615185368783,1.7221594702493417,375516,,,4.750424664037248e-05,Information
283252,4863.0,6535.493278,RUS,Russia,Perm',0.413559436,0.0,0.65,0.49,,,,,,,,,,,,,,,,,,,,,,,,,,1.3377937515127911,8.27118872,0.0,,,,,,,,,,,,,,,,,8.015625,0.122647589989971,11.671875,0.1785921047222385,0.120234375,0.1839713849849565,0.408515625,0.6250723665278347,1.3377937515127911,75287,,,1.1798599035002054e-05,Information
283254,4865.0,4831.486631,RUS,Russia,Perm',2.296488969,0.0,0.65,0.49,,,,,,,,,,,,,,,,,,,,,,,,,,6.641465767933068,45.92977938,0.0,,,,,,,,,,,,,,,,,5.765625,0.1193343879494675,59.34375,1.228271017431105,0.086484375,0.1790015819242012,2.07703125,4.298948561008867,6.641465767933068,133001,,,0.0179989611780844,Information
283256,4867.0,3998.27086,RUS,Russia,Perm',1.83306783,0.0,0.65,0.49,,,,,,,,,,,,,,,,,,,,,,,,,,0.1526252576763006,36.661356600000005,0.0,,,,,,,,,,,,,,,,,0.28125,0.0070342908178258,1.125,0.0281371632713034,0.00421875,0.0105514362267387,0.039375,0.0984800714495619,0.1526252576763006,28471,,,8.286443193230732e-10,Information
283258,4869.0,1309.420041,RUS,Russia,Perm',0.042414291,0.0,0.65,0.49,,,,,,,,,,,,,,,,,,,,,,,,,,9.37650925168418,0.84828582,0.0,,,,,,,,,,,,,,,,,2.8125,0.214789747452958,29.8125,2.2767713230013555,0.0421875,0.322184621179437,1.0434375,7.968699630504744,9.37650925168418,26366,,,0.009175874168909,Information
283262,4872.0,22237.74476,RUS,Russia,Perm',2.055523636,0.0,0.65,0.49,,,,,,,,,,,,,,,,,,,,,,,,,,0.9489779730393272,41.11047272,0.0,,,,,,,,,,,,,,,,,6.890625,0.030986168214666,15.75,0.070825527347808,0.103359375,0.046479252321999,0.55125,0.247889345717328,0.9489779730393272,436389,,,1.829398388135492e-05,Information
283267,4877.0,4285.135332,RUS,Russia,Sverdlovsk,1.641632946,0.0,0.65,0.49,,,,,,,,,,,,,,,,,,,,,,,,,,0.1382943279766145,32.83265892,0.0,,,,,,,,,,,,,,,,,0.140625,0.0032816933212411,1.125,0.0262535465699294,0.002109375,0.0049225399818616,0.039375,0.0918874129947529,0.1382943279766145,3300,,,3.094155151740221e-10,Information
283276,4885.0,6317.868064,RUS,Russia,Perm',2.302131589,0.0,0.65,0.49,,,,,,,,,,,,,,,,,,,,,,,,,,8.760576855790912,46.04263178,0.0,,,,,,,,,,,,,,,,,16.453125,0.2604221049450815,89.859375,1.4223053423923686,0.246796875,0.3906331574176223,3.145078125,4.97806869837329,8.760576855790912,50077,,,0.0345372248449963,Information
283294,4901.0,9873.642453,RUS,Russia,Perm',0.470979744,0.0,0.65,0.49,,,,,,,,,,,,,,,,,,,,,,,,,,0.9935042463837638,9.41959488,0.0,,,,,,,,,,,,,,,,,0.421875,0.0042727392853313,13.921875,0.1410003964159334,0.006328125,0.0064091089279969,0.487265625,0.4935013874557669,0.9935042463837638,24863,,,3.19954854877552e-06,Information
283296,4903.0,7268.967294,RUS,Russia,Perm',2.689895906,0.0,0.65,0.49,,,,,,,,,,,,,,,,,,,,,,,,,,0.8920053291569467,53.79791812,0.0,,,,,,,,,,,,,,,,,0.421875,0.0058037817882803,10.546875,0.1450945447070075,0.006328125,0.0087056726824204,0.369140625,0.5078309064745262,0.8920053291569467,20013,,,3.95174220483564e-05,Information
283297,4904.0,897.712818,RUS,Russia,Perm',2.991297489,0.0,0.65,0.49,,,,,,,,,,,,,,,,,,,,,,,,,,0.6999134267066122,59.82594978,0.0,,,,,,,,,,,,,,,,,0.5625,0.0626592367518646,1.40625,0.1566480918796615,0.0084375,0.0939888551277969,0.04921875,0.5482683215788152,0.6999134267066122,599,,,2.560663904378762e-05,Information
283299,4906.0,14157.55622,RUS,Russia,Kirov,1.312189698,0.0,0.65,0.49,,,,,,,,,,,,,,,,,,,,,,,,,,6.12001613713057,26.24379396,0.0,,,,,,,,,,,,,,,,,11.390625,0.0804561523162423,97.59375,0.6893403667589159,0.170859375,0.1206842284743634,3.41578125,2.4126912836562053,6.12001613713057,22436,,,0.0064015386506273,Information
283302,4908.0,18087.28503,RUS,Russia,Tatarstan,1.068126918,0.0,0.65,0.49,,,,,,,,,,,,,,,,,,,,,,,,,,2.724203011864036,21.36253836,0.0,,,,,,,,,,,,,,,,,18.84375,0.1041823024767782,42.046875,0.2324664808996768,0.28265625,0.1562734537151673,1.471640625,0.8136326831488688,2.724203011864036,778436,,,0.0003859597090818,Information
283304,4910.0,6539.792024,RUS,Russia,Mariy-El,0.625912113,0.0,0.65,0.49,,,,,,,,,,,,,,,,,,,,,,,,,,2.526927168343863,12.51824226,0.0,,,,,,,,,,,,,,,,,3.9375,0.0602083366835019,26.859375,0.4107068680910314,0.0590625,0.0903125050252528,0.940078125,1.43747403831861,2.526927168343863,126041,,,0.0001967342589577,Information
283306,4912.0,6495.377476,RUS,Russia,Mariy-El,0.69581979,0.0,0.65,0.49,,,,,,,,,,,,,,,,,,,,,,,,,,5.299736773719967,13.9163958,0.0,,,,,,,,,,,,,,,,,11.8125,0.1818601003992434,54.5625,0.8400204637488864,0.1771875,0.2727901505988651,1.9096875,2.9400716231211024,5.299736773719967,30149,,,0.0026544966801732,Information
283308,4914.0,39526.63274,RUS,Russia,Kostroma,0.7468066,0.0,0.65,0.49,,,,,,,,,,,,,,,,,,,,,,,,,,12.899768769526274,14.936132,0.0,,,,,,,,,,,,,,,,,69.46875,0.1757517531274387,264.375,0.6688528256671757,1.04203125,0.263627629691158,9.253125,2.340984889835115,12.899768769526274,232314,,,0.0296344773415933,Information
283401,4916.0,4677.343342,RUS,Russia,Nizhegorod,0.271203457,0.0,0.65,0.49,,,,,,,,,,,,,,,,,,,,,,,,,,7.523763261652595,5.424069139999999,0.0,,,,,,,,,,,,,,,,,10.546875,0.2254885782251875,63.984375,1.3679640412328042,0.158203125,0.3382328673377812,2.239453125,4.787874144314815,7.523763261652595,74820,,,0.0056814378758179,Information
283403,4918.0,5918.738288,RUS,Russia,Chuvash,0.202318574,0.0,0.65,0.49,,,,,,,,,,,,,,,,,,,,,,,,,,9.226624869912834,4.04637148,0.0,,,,,,,,,,,,,,,,,7.875,0.1330520056221023,94.640625,1.5989999961370516,0.118125,0.1995780084331534,3.312421875,5.596499986479681,9.226624869912834,91518,,,0.0095962247440814,Information
283404,4919.0,11195.8197,RUS,Russia,Mordovia,0.606344912,0.0,0.65,0.49,,,,,,,,,,,,,,,,,,,,,,,,,,6.100658539683599,12.12689824,0.0,,,,,,,,,,,,,,,,,14.34375,0.1281170149673694,85.921875,0.7674460406378701,0.21515625,0.1921755224510541,3.007265625,2.6860611422325453,6.100658539683599,574739,,,0.0038209282784907,Information
283405,4920.0,2798.212418,RUS,Russia,Chuvash,0.467137805,0.0,0.65,0.49,,,,,,,,,,,,,,,,,,,,,,,,,,1.955261070558446,9.3427561,0.0,,,,,,,,,,,,,,,,,4.21875,0.1507658951208993,10.40625,0.3718892079648849,0.06328125,0.2261488426813489,0.36421875,1.3016122278770972,1.955261070558446,49729,,,6.238432340222555e-05,Information
283406,4921.0,5963.38716,RUS,Russia,Ul'yanovsk,0.819140042,0.0,0.65,0.49,,,,,,,,,,,,,,,,,,,,,,,,,,0.651239417856443,16.38280084,0.0,,,,,,,,,,,,,,,,,1.125,0.0188651175887372,6.46875,0.1084744261352392,0.016875,0.0282976763831057,0.22640625,0.3796604914733372,0.651239417856443,80586,,,6.015475618755343e-07,Information
283407,4922.0,15294.84921,RUS,Russia,Penza,1.895443168,0.0,0.65,0.49,,,,,,,,,,,,,,,,,,,,,,,,,,7.195645179002401,37.90886336,0.0,,,,,,,,,,,,,,,,,25.59375,0.1673357458236707,113.34375,0.7410583029333988,0.38390625,0.251003618735506,3.96703125,2.593704060266896,7.195645179002401,769804,,,0.0155759391288142,Information
283408,4923.0,5385.736623,RUS,Russia,Penza,0.737783521,0.0,0.65,0.49,,,,,,,,,,,,,,,,,,,,,,,,,,1.5687608987687796,14.75567042,0.0,,,,,,,,,,,,,,,,,8.71875,0.1618859333512531,11.953125,0.2219403924976857,0.13078125,0.2428289000268796,0.418359375,0.7767913737419,1.5687608987687796,44892,,,3.231498454928086e-05,Information
283409,4924.0,8148.21354,RUS,Russia,Penza,0.333520664,0.0,0.65,0.49,,,,,,,,,,,,,,,,,,,,,,,,,,4.073280993095578,6.67041328,0.0,,,,,,,,,,,,,,,,,9.703125,0.1190828511330987,48.09375,0.5902367403988371,0.145546875,0.178624276699648,1.68328125,2.06582859139593,4.073280993095578,220313,,,0.0008690212928846,Information
283620,4927.0,29222.13962,RUS,Russia,Kostroma,1.495010316,0.0,0.65,0.49,,,,,,,,,,,,,,,,,,,,,,,,,,5.725663287297951,29.90020632,0.0,,,,,,,,,,,,,,,,,21.234375,0.0726653669876349,112.78125,0.3859445319475709,0.318515625,0.1089980504814523,3.94734375,1.3508058618164982,5.725663287297951,73097,,,0.0061232370145461,Information
283630,4928.0,14443.98541,RUS,Russia,Kostroma,0.410589318,0.0,0.65,0.49,,,,,,,,,,,,,,,,,,,,,,,,,,12.018185093560664,8.21178636,0.0,,,,,,,,,,,,,,,,,70.171875,0.4858207275617369,172.828125,1.1965404292051598,1.052578125,0.7287310913426053,6.048984375,4.18789150221806,12.018185093560664,561019,,,0.0210230807434272,Information
283640,4929.0,19883.1118,RUS,Russia,Kostroma,1.895861585,0.0,0.65,0.49,,,,,,,,,,,,,,,,,,,,,,,,,,7.879159721059974,37.9172317,0.0,,,,,,,,,,,,,,,,,50.90625,0.2560275802102229,127.96875,0.6436052430698974,0.76359375,0.3840413703153343,4.47890625,2.252618350744641,7.879159721059974,151321,,,0.0194971420189018,Information
283650,4930.0,13346.6069,RUS,Russia,Yaroslavl',1.714413211,0.0,0.65,0.49,,,,,,,,,,,,,,,,,,,,,,,,,,16.853926636705847,34.28826422,0.0,,,,,,,,,,,,,,,,,54.984375,0.4119726865397338,251.71875,1.8860130662560703,0.824765625,0.6179590298096007,8.81015625,6.601045731896246,16.853926636705847,993183,,,0.0868052260118092,Information
283664,4934.0,37717.25221,RUS,Russia,Novgorod,1.510521574,0.0,0.65,0.49,,,,,,,,,,,,,,,,,,,,,,,,,,29.620069270912047,30.21043148,0.0,,,,,,,,,,,,,,,,,137.109375,0.3635189918547208,610.171875,1.617752723751419,2.056640625,0.5452784877820812,21.356015625,5.662134533129967,29.620069270912047,195689,,,0.1957134885540213,Information
283665,4935.0,4552.166758,RUS,Russia,Vologda,1.620916035,0.0,0.65,0.49,,,,,,,,,,,,,,,,,,,,,,,,,,42.356019066887725,32.4183207,0.0,,,,,,,,,,,,,,,,,38.390625,0.8433483886393917,362.109375,7.954659709693895,0.575859375,1.2650225829590875,12.673828125,27.841308983928634,42.356019066887725,10565,,,0.3201689565006584,Advisory
283666,4936.0,13604.8493,RUS,Russia,Vologda,2.527088659,0.0,0.65,0.49,,,,,,,,,,,,,,,,,,,,,,,,,,8.84337692866079,50.54177318,0.0,,,,,,,,,,,,,,,,,36.28125,0.2666788084824069,130.078125,0.9561158831249086,0.54421875,0.4000182127236103,4.552734375,3.34640559093718,8.84337692866079,54146,,,0.0425837284532861,Information
283667,4937.0,13502.98719,RUS,Russia,Vologda,3.603615649,0.0,0.65,0.49,,,,,,,,,,,,,,,,,,,,,,,,,,19.798110027691617,72.07231297999999,0.0,,,,,,,,,,,,,,,,,77.765625,0.5759142322047925,291.65625,2.159938729824123,1.166484375,0.8638713483071888,10.20796875,7.55978555438443,19.798110027691617,366471,,,0.3654110791598706,Advisory
283668,4938.0,3455.225571,RUS,Russia,Vologda,3.12644805,0.0,0.65,0.49,,,,,,,,,,,,,,,,,,,,,,,,,,13.161980400012332,62.528961,0.0,,,,,,,,,,,,,,,,,20.25,0.586068827793541,87.890625,2.5437015095205773,0.30375,0.8791032416903115,3.076171875,8.90295528332202,13.161980400012332,2635,,,0.1477260565931435,Information
283669,4939.0,4508.43974,RUS,Russia,Vologda,2.536429165,0.0,0.65,0.49,,,,,,,,,,,,,,,,,,,,,,,,,,14.003850426023767,50.7285833,0.0,,,,,,,,,,,,,,,,,13.5,0.2994384039096078,118.546875,2.629443484331244,0.2025,0.4491576058644116,4.149140625,9.203052195159357,14.003850426023767,1765,,,0.1041937429989695,Information
283671,4940.0,11351.71661,RUS,Russia,Yaroslavl',1.212678458,0.0,0.65,0.49,,,,,,,,,,,,,,,,,,,,,,,,,,16.128188863846074,24.25356916,0.0,,,,,,,,,,,,,,,,,33.1875,0.2923566641029395,230.765625,2.032869855054761,0.4978125,0.4385349961544092,8.076796875,7.115044492691664,16.128188863846074,190741,,,0.0609529995891719,Information
283672,4941.0,6397.658522,RUS,Russia,Tver',1.581460352,0.0,0.65,0.49,,,,,,,,,,,,,,,,,,,,,,,,,,6.453534605212903,31.62920704,0.0,,,,,,,,,,,,,,,,,6.75,0.1055073504888128,69.046875,1.0792522727084812,0.10125,0.1582610257332192,2.416640625,3.777382954479685,6.453534605212903,61805,,,0.0091296439178346,Information
283673,4942.0,1302.966897,RUS,Russia,Tver',1.681817013,0.0,0.65,0.49,,,,,,,,,,,,,,,,,,,,,,,,,,6.642315392861721,33.636340260000004,0.0,,,,,,,,,,,,,,,,,0.84375,0.064756058048063,21.515625,1.6512794802256074,0.01265625,0.0971340870720945,0.753046875,5.779478180789626,6.642315392861721,35423,,,0.0106763582863991,Information
283674,4943.0,5826.786993,RUS,Russia,Moskva,0.683670815,0.0,0.65,0.49,,,,,,,,,,,,,,,,,,,,,,,,,,8.206566797333869,13.6734163,0.0,,,,,,,,,,,,,,,,,1.265625,0.0217208043057969,85.78125,1.4721878473929064,0.018984375,0.0325812064586953,3.00234375,5.152657465875173,8.206566797333869,410116,,,0.0093062367951151,Information
283675,4944.0,2378.89798,RUS,Russia,Tver',0.652592983,0.0,0.65,0.49,,,,,,,,,,,,,,,,,,,,,,,,,,11.891100972380054,13.05185966,0.0,,,,,,,,,,,,,,,,,4.359375,0.1832518685500194,63.421875,2.666019119872864,0.065390625,0.2748778028250291,2.219765625,9.331066919555024,11.891100972380054,93815,,,0.0233218328014347,Information
283676,4945.0,6329.120184,RUS,Russia,Moskva,0.708271803,0.0,0.65,0.49,,,,,,,,,,,,,,,,,,,,,,,,,,8.054432621703867,14.16543606,0.0,,,,,,,,,,,,,,,,,4.359375,0.0688780568796485,87.328125,1.379783010395541,0.065390625,0.1033170853194727,3.056484375,4.829240536384393,8.054432621703867,127544,,,0.0089858860574089,Information
283677,4946.0,921.1319261,RUS,Russia,Tver',2.613175274,0.0,0.65,0.49,,,,,,,,,,,,,,,,,,,,,,,,,,10.93735209481065,52.26350548,0.0,,,,,,,,,,,,,,,,,5.0625,0.5495955417883893,24.1875,2.625845366322305,0.0759375,0.824393312682584,0.8465625,9.190458782128069,10.93735209481065,131873,,,0.0703064531884148,Information
283678,4947.0,6739.011099,RUS,Russia,Tver',2.870458906,0.0,0.65,0.49,,,,,,,,,,,,,,,,,,,,,,,,,,6.730973423691911,57.40917812,0.0,,,,,,,,,,,,,,,,,16.59375,0.2462341990117516,70.3125,1.043365250049795,0.24890625,0.3693512985176274,2.4609375,3.6517783751742825,6.730973423691911,182686,,,0.0325246605497833,Information
283679,4948.0,4943.660094,RUS,Russia,Tver',3.038553236,0.0,0.65,0.49,,,,,,,,,,,,,,,,,,,,,,,,,,10.856549233642331,60.77106472,0.0,,,,,,,,,,,,,,,,,3.515625,0.0711138090607119,101.109375,2.0452331485860755,0.052734375,0.1066707135910678,3.538828125,7.158316020051265,10.856549233642331,241533,,,0.0994579897295037,Information
283680,4949.0,7038.990952,RUS,Russia,Smolensk,0.634295642,0.0,0.65,0.49,,,,,,,,,,,,,,,,,,,,,,,,,,18.41591347951868,12.68591284,0.0,,,,,,,,,,,,,,,,,6.46875,0.0918988253341699,214.59375,3.048643640433551,0.09703125,0.1378482380012548,7.51078125,10.670252741517428,18.41591347951868,76503,,,0.0598187825414902,Information
283690,4950.0,12731.34996,RUS,Russia,Tver',2.046181437,0.0,0.65,0.49,,,,,,,,,,,,,,,,,,,,,,,,,,11.110320377345984,40.92362874,0.0,,,,,,,,,,,,,,,,,85.078125,0.6682569032868522,141.328125,1.1100796492616305,1.276171875,1.0023853549302784,4.946484375,3.885278772415707,11.110320377345984,117943,,,0.0473651257628957,Information
283701,4951.0,1377.646325,RUS,Russia,Nizhegorod,0.439722482,0.0,0.65,0.49,,,,,,,,,,,,,,,,,,,,,,,,,,15.231599856421006,8.79444964,0.0,,,,,,,,,,,,,,,,,1.546875,0.112283898433573,52.03125,3.776822038220185,0.023203125,0.1684258476503595,1.82109375,13.218877133770649,15.231599856421006,939437,,,0.0367475741776159,Information
283702,4952.0,42516.51358,RUS,Russia,Vladimir,0.954903732,0.0,0.65,0.49,,,,,,,,,,,,,,,,,,,,,,,,,,27.84677701239157,19.09807464,0.0,,,,,,,,,,,,,,,,,40.5,0.095257105047486,626.765625,1.47416985137724,0.6075,0.142885657571229,21.936796875,5.15959447982034,27.84677701239157,3868180,,,0.1430942332282587,Information
283703,4953.0,2928.981307,RUS,Russia,Nizhegorod,1.07850983,0.0,0.65,0.49,,,,,,,,,,,,,,,,,,,,,,,,,,10.4687924207718,21.5701966,0.0,,,,,,,,,,,,,,,,,18.984375,0.6481562362461862,59.625,2.0356906975435773,0.284765625,0.9722343543692792,2.086875,7.124917441402521,10.4687924207718,130161,,,0.022014988516255,Information
283704,4954.0,3031.510552,RUS,Russia,Vladimir,0.23859407,0.0,0.65,0.49,,,,,,,,,,,,,,,,,,,,,,,,,,1.6079770570661167,4.7718814,0.0,,,,,,,,,,,,,,,,,4.921875,0.1623571785613311,8.578125,0.2829653683497486,0.073828125,0.2435357678419966,0.300234375,0.99037878922412,1.6079770570661167,42062,,,2.239241065935486e-05,Information
283705,4955.0,64.93395328,RUS,Russia,Vladimir,1.157979042,0.0,0.65,0.49,,,,,,,,,,,,,,,,,,,,,,,,,,5.449311437381329,23.15958084,0.0,,,,,,,,,,,,,,,,,0.703125,1.082831037476266,0.703125,1.082831037476266,0.010546875,1.6242465562143988,0.024609375,3.7899086311669294,5.449311437381329,464,,,0.0040695839040003,Information
283706,4956.0,7799.110018,RUS,Russia,Nizhegorod,0.88195329,0.0,0.65,0.49,,,,,,,,,,,,,,,,,,,,,,,,,,3.552739765702076,17.6390658,0.0,,,,,,,,,,,,,,,,,6.328125,0.0811390656789461,41.765625,0.5355178334810448,0.094921875,0.1217085985184191,1.461796875,1.8743124171836567,3.552739765702076,256807,,,0.0008350097071526,Information
283708,4958.0,1298.760922,RUS,Russia,Vladimir,0.43293377,0.0,0.65,0.49,,,,,,,,,,,,,,,,,,,,,,,,,,3.5294737763389445,8.6586754,0.0,,,,,,,,,,,,,,,,,0.140625,0.0108276279075873,11.53125,0.8878654884221611,0.002109375,0.0162414418613809,0.40359375,3.107529209477564,3.5294737763389445,25915,,,0.0005700548670506,Information
283709,4959.0,197.9715267,RUS,Russia,Ryazan',1.030292858,0.0,0.65,0.49,,,,,,,,,,,,,,,,,,,,,,,,,,15.719304695205874,20.60585716,0.0,,,,,,,,,,,,,,,,,4.921875,2.486152975033206,6.609375,3.338548280758876,0.073828125,3.729229462549809,0.231328125,11.684918982656066,15.719304695205874,213,,,0.0526660965428821,Information
283801,4960.0,563.7545509,RUS,Russia,Ryazan',1.263757917,0.0,0.65,0.49,,,,,,,,,,,,,,,,,,,,,,,,,,3.781313434024228,25.27515834,0.0,,,,,,,,,,,,,,,,,0.984375,0.1746105638548404,5.34375,0.9478859180691336,0.014765625,0.2619158457822605,0.18703125,3.317600713241968,3.781313434024228,3946,,,0.0014237376655338,Information
283803,4962.0,819.6421641,RUS,Russia,Ryazan',1.987718033,0.0,0.65,0.49,,,,,,,,,,,,,,,,,,,,,,,,,,7.332435264683919,39.75436066,0.0,,,,,,,,,,,,,,,,,6.1875,0.7549025991040315,13.21875,1.6127464617222491,0.0928125,1.132353898656047,0.46265625,5.644612616027872,7.332435264683919,1441,,,0.0175968564127953,Information
283804,4963.0,6489.593354,RUS,Russia,Mordovia,1.134671206,0.0,0.65,0.49,,,,,,,,,,,,,,,,,,,,,,,,,,2.66380631876298,22.69342412,0.0,,,,,,,,,,,,,,,,,3.9375,0.0606740636155109,28.265625,0.4355530995256323,0.0590625,0.0910110954232663,0.989296875,1.5244358483397131,2.66380631876298,108110,,,0.0003785464341747,Information
283805,4964.0,11355.88688,RUS,Russia,Mordovia,0.970466832,0.0,0.65,0.49,,,,,,,,,,,,,,,,,,,,,,,,,,6.725203798960193,19.40933664,0.0,,,,,,,,,,,,,,,,,15.609375,0.1374562388653485,95.484375,0.8408359116177627,0.234140625,0.2061843582980227,3.341953125,2.942925690662169,6.725203798960193,152555,,,0.0065045409697796,Information
283806,4965.0,2471.201987,RUS,Russia,Mordovia,1.17518624,0.0,0.65,0.49,,,,,,,,,,,,,,,,,,,,,,,,,,0.4932276431521947,23.5037248,0.0,,,,,,,,,,,,,,,,,1.265625,0.051214955588054,2.25,0.0910488099343182,0.018984375,0.076822433382081,0.07875,0.3186708347701137,0.4932276431521947,27234,,,2.279180516435875e-07,Information
283807,4966.0,2913.488662,RUS,Russia,Penza,0.614401072,0.0,0.65,0.49,,,,,,,,,,,,,,,,,,,,,,,,,,1.265286360701954,12.28802144,0.0,,,,,,,,,,,,,,,,,1.96875,0.0675736283242726,7.3125,0.2509877623472986,0.02953125,0.1013604424864089,0.2559375,0.8784571682155451,1.265286360701954,61215,,,1.1237888542186323e-05,Information
283808,4967.0,2022.800681,RUS,Russia,Penza,0.889664289,0.0,0.65,0.49,,,,,,,,,,,,,,,,,,,,,,,,,,1.040601489025951,17.79328578,0.0,,,,,,,,,,,,,,,,,2.8125,0.1390398978354941,3.796875,0.1877038620779171,0.0421875,0.2085598467532411,0.132890625,0.6569635172727099,1.040601489025951,26345,,,6.228332692312043e-06,Information
283809,4968.0,2370.025703,RUS,Russia,Penza,0.179582135,0.0,0.65,0.49,,,,,,,,,,,,,,,,,,,,,,,,,,1.0532512483171808,3.5916427,0.0,,,,,,,,,,,,,,,,,1.96875,0.0830687193480176,4.921875,0.2076717983700441,0.02953125,0.1246030790220264,0.172265625,0.7268512942951544,1.0532512483171808,59921,,,3.1403752944918115e-06,Information
283910,4969.0,7142.026011,RUS,Russia,Ryazan',0.365194314,0.0,0.65,0.49,,,,,,,,,,,,,,,,,,,,,,,,,,8.306438832935193,7.30388628,0.0,,,,,,,,,,,,,,,,,38.109375,0.5335933380639729,82.546875,1.155790735954067,0.571640625,0.8003900070959593,2.889140625,4.045267575839234,8.306438832935193,150625,,,0.0079262122486115,Information
283920,4970.0,5169.853221,RUS,Russia,Ryazan',2.012920664,0.0,0.65,0.49,,,,,,,,,,,,,,,,,,,,,,,,,,9.927989841103004,40.25841328,0.0,,,,,,,,,,,,,,,,,15.890625,0.3073709121133164,89.859375,1.7381417065522935,0.238359375,0.4610563681699746,3.145078125,6.083495972933028,9.927989841103004,40396,,,0.0363531187627029,Information
283930,4971.0,7835.917134,RUS,Russia,Ryazan',1.054492018,0.0,0.65,0.49,,,,,,,,,,,,,,,,,,,,,,,,,,8.951235236656913,21.08984036,0.0,,,,,,,,,,,,,,,,,36.421875,0.4648067913174112,96.75,1.2346991213373704,0.546328125,0.6972101869761168,3.38625,4.321446924680796,8.951235236656913,85706,,,0.0147582579000078,Information
283940,4972.0,10202.2079,RUS,Russia,Ryazan',0.774752123,0.0,0.65,0.49,,,,,,,,,,,,,,,,,,,,,,,,,,2.68577380826166,15.49504246,0.0,,,,,,,,,,,,,,,,,16.59375,0.1626486165110169,31.640625,0.3101350738557526,0.24890625,0.2439729247665253,1.107421875,1.0854727584951342,2.68577380826166,220051,,,0.000281498721552,Information
283950,4973.0,8842.803236,RUS,Russia,Ryazan',0.71571893,0.0,0.65,0.49,,,,,,,,,,,,,,,,,,,,,,,,,,11.72390896634938,14.3143786,0.0,,,,,,,,,,,,,,,,,12.09375,0.1367637577906829,152.015625,1.7190886299038162,0.18140625,0.2051456366860243,5.320546875,6.016810204663357,11.72390896634938,724829,,,0.0233475786852118,Information
283970,4975.0,19546.95018,RUS,Russia,Moskva,0.820660598,0.0,0.65,0.49,,,,,,,,,,,,,,,,,,,,,,,,,,9.96514889880958,16.41321196,0.0,,,,,,,,,,,,,,,,,0.140625,0.000719421693432,188.296875,0.963305647505552,0.002109375,0.001079132540148,6.590390625,3.371569766269432,9.96514889880958,1543204,,,0.0167187023555507,Information
283984,4979.0,9550.967241,RUS,Russia,Tula,1.206147047,0.0,0.65,0.49,,,,,,,,,,,,,,,,,,,,,,,,,,1.8883707613006404,24.12294094,0.0,,,,,,,,,,,,,,,,,1.125,0.0117789117231785,25.875,0.2709149696331065,0.016875,0.0176683675847677,0.905625,0.9482023937158728,1.8883707613006404,976297,,,0.0001106377915134,Information
284004,4988.0,19131.87314,IRN,Iran,East Azarbaijan,1.08864741,0.0,0.54,0.64,,,,,,,,,,,,,,,,,,,,,,,,,,2.187317482021802,21.7729482,0.0,,,,,,,,,,,,,,,,,0.28125,0.0014700599256422,40.921875,0.2138937191809539,0.00421875,0.0022050898884633,1.432265625,0.7486280171333386,2.187317482021802,2761959,,,0.0001738202168233,Information
284308,5010.0,42918.46455,RUS,Russia,Stavropol',1.687973674,0.0,0.65,0.49,,,,,,,,,,,,,,,,,,,,,,,,,,8.579367761628427,33.75947348,0.0,,,,,,,,,,,,,,,,,1.546875,0.0036042179421812,198.140625,0.4616675527757589,0.023203125,0.0054063269132718,6.934921875,1.615836434715156,8.579367761628427,1725812,,,0.0204801210376744,Information
284309,5011.0,4120.559378,RUS,Russia,Dagestan,3.437669641,0.0,0.65,0.49,,,,,,,,,,,,,,,,,,,,,,,,,,51.73679740096584,68.75339282,0.0,3.0,,,,,,,,,,,,,,,,11.25,0.2730211839772285,461.671875,11.204106837465517,0.16875,0.4095317759658428,16.158515625,35.0,51.73679740096584,132608,1960.0,1.48,0.6929601237865778,Watch
284403,5014.0,2134.713896,RUS,Russia,Dagestan,3.036215557,0.0,0.65,0.49,,,,,,,,,,,,,,,,,,,,,,,,,,20.35217362502216,60.72431114,0.0,,,,,,,,,,,,,,,,,12.9375,0.6060531121374857,96.75,4.53222327337598,0.1940625,0.9090796682062284,3.38625,15.862781456815927,20.35217362502216,131516,,,0.2554560887386306,Information
284404,5015.0,12179.09352,RUS,Russia,Chechnya,1.419627135,0.0,0.65,0.49,,,,,,,,,,,,,,,,,,,,,,,,,,0.7669873286664183,28.3925427,0.0,,,,,,,,,,,,,,,,,0.84375,0.0069278554991603,11.671875,0.0958353344050508,0.01265625,0.0103917832487404,0.408515625,0.3354236704176778,0.7669873286664183,1532040,,,2.859988369990051e-06,Information
284405,5016.0,5546.331678,RUS,Russia,Stavropol',2.025874072,0.0,0.65,0.49,,,,,,,,,,,,,,,,,,,,,,,,,,4.162445357286407,40.517481440000005,0.0,,,,,,,,,,,,,,,,,0.5625,0.0101418384745697,42.1875,0.7606378855927292,0.0084375,0.0152127577118545,1.4765625,2.662232599574552,4.162445357286407,323778,,,0.0039119104218801,Information
284406,5017.0,10185.88059,RUS,Russia,Kabardin-Balkar,1.450320529,0.0,0.65,0.49,,,,,,,,,,,,,,,,,,,,,,,,,,0.6772015262047453,29.00641058,0.0,,,,,,,,,,,,,,,,,0.140625,0.0013805875563981,9.703125,0.0952605413914709,0.002109375,0.0020708813345971,0.339609375,0.3334118948701481,0.6772015262047453,704996,,,1.6406606252761478e-06,Information
284407,5018.0,841.3261485,RUS,Russia,Kabardin-Balkar,2.917366527,0.0,0.65,0.49,,,,,,,,,,,,,,,,,,,,,,,,,,3.3251912335952176,58.34733054,0.0,,,,,,,,,,,,,,,,,0.140625,0.0167146831531074,7.3125,0.8691635239615876,0.002109375,0.0250720247296611,0.2559375,3.0420723338655566,3.3251912335952176,51836,,,0.0057383602536122,Information
284409,5020.0,6552.602864,RUS,Russia,North Ossetia,2.124462176,0.0,0.65,0.49,,,,,,,,,,,,,,,,,,,,,,,,,,1.6962441368405612,42.48924352,0.0,,,,,,,,,,,,,,,,,4.078125,0.0622367185201597,17.4375,0.2661156240172347,0.061171875,0.0933550777802395,0.6103125,0.9314046840603216,1.6962441368405612,575074,,,0.0002128989362953,Information
284503,5024.0,10209.90143,RUS,Russia,Dagestan,2.530031465,0.0,0.65,0.49,,,,,,,,,,,,,,,,,,,,,,,,,,9.82607075158076,50.6006293,0.0,,,,,,,,,,,,,,,,,53.015625,0.519256971911033,119.109375,1.1666065124897744,0.795234375,0.7788854578665496,4.168828125,4.08312279371421,9.82607075158076,1860068,,,0.0531663330467189,Information
284506,5027.0,1829.765434,AZE,Azerbaijan,Absheron,1.1021729,0.0,0.61,0.54,,,,,,,,,,,,,,,,,,,,,,,,,,2.3183736392340686,22.043458,0.0,,,,,,,,,,,,,,,,,0.28125,0.0153708226606593,10.125,0.5533496157837371,0.00421875,0.0230562339909889,0.354375,1.93672365524308,2.3183736392340686,380021,,,0.0002196406525618,Information
284620,5031.0,6021.165078,AZE,Azerbaijan,Daglig-Shirvan,1.061473119,0.0,0.61,0.54,,,,,,,,,,,,,,,,,,,,,,,,,,5.058861484313829,21.22946238,0.0,,,,,,,,,,,,,,,,,0.421875,0.0070065343586845,54.140625,0.899171909364515,0.006328125,0.0105098015380267,1.894921875,3.1471016827758023,5.058861484313829,391034,,,0.0030218814196065,Information
284641,5033.0,3811.422829,AZE,Azerbaijan,Yukhari-Karabakh,2.566724138,0.0,0.61,0.54,,,,,,,,,,,,,,,,,,,,,,,,,,3.1670502828877103,51.33448276,0.0,,,,,,,,,,,,,,,,,0.84375,0.022137402167862,24.609375,0.6456742298959764,0.01265625,0.033206103251793,0.861328125,2.259859804635917,3.1670502828877103,448322,,,0.0031459326687116,Information
284644,5036.0,9307.78362,IRN,Iran,West Azarbajjan,1.071161719,0.0,0.54,0.64,,,,,,,,,,,,,,,,,,,,,,,,,,0.7978220050932078,21.42323438,0.0,,,,,,,,,,,,,,,,,0.703125,0.0075541614276637,10.6875,0.1148232537004892,0.010546875,0.0113312421414955,0.3740625,0.4018813879517122,0.7978220050932078,641781,,,2.216805486130264e-06,Information
284647,5039.0,5048.15219,ARM,Armenia,Aragatsotn,2.624648681,0.0,0.67,0.46,,,,,,,,,,,,,,,,,,,,,,,,,,1.942956195213398,52.49297362,0.0,,,,,,,,,,,,,,,,,5.0625,0.1002842190457008,16.453125,0.3259237118985277,0.0759375,0.1504263285685512,0.575859375,1.140732991644847,1.942956195213398,347946,,,0.000695126618628,Information
284648,5040.0,9699.537912,TUR,Turkey,Kars,2.203658765,0.0,0.57,0.6,,,,,,,,,,,,,,,,,,,,,,,,,,6.597501681539116,44.0731753,0.0,,,,,,,,,,,,,,,,,34.453125,0.3552037768299062,78.046875,0.8046452903697876,0.516796875,0.5328056652448594,2.731640625,2.8162585162942566,6.597501681539116,446486,,,0.0162846418876676,Information
284649,5041.0,10262.66727,TUR,Turkey,Erzurum,1.472762473,0.0,0.57,0.6,,,,,,,,,,,,,,,,,,,,,,,,,,1.152250742066858,29.45524946,0.0,,,,,,,,,,,,,,,,,1.828125,0.0178133515587208,15.890625,0.1548391327796505,0.027421875,0.0267200273380812,0.556171875,0.5419369647287767,1.152250742066858,200367,,,1.93984490836402e-05,Information
284690,5046.0,23303.05698,GEO,Georgia,Samtskhe-Javakheti,2.982109458,0.0,0.67,0.46,,,,,,,,,,,,,,,,,,,,,,,,,,3.410480581353639,59.64218916,0.0,,,,,,,,,,,,,,,,,0.28125,0.0012069231954668,68.0625,0.2920754133029826,0.00421875,0.0018103847932002,2.3821875,1.022263946560439,3.410480581353639,1862929,,,0.0067380769744505,Information
284803,5050.0,9633.504708,IRN,Iran,Ardebil,1.215303951,0.0,0.54,0.64,,,,,,,,,,,,,,,,,,,,,,,,,,2.4461302471826007,24.30607902,0.0,,,,,,,,,,,,,,,,,0.28125,0.0029194982359287,34.171875,0.3547190356653451,0.00421875,0.004379247353893,1.196015625,1.2415166248287075,2.4461302471826007,177983,,,0.000299363341794,Information
284808,5055.0,7134.298177,IRN,Iran,Kordestan,0.584714948,0.0,0.54,0.64,,,,,,,,,,,,,,,,,,,,,,,,,,0.9338405639770784,11.69429896,0.0,,,,,,,,,,,,,,,,,0.984375,0.0137977832652424,10.6875,0.1498045040226328,0.014765625,0.0206966748978636,0.3740625,0.5243157640792148,0.9338405639770784,151132,,,2.6918185340049203e-06,Information
292238,5171.0,9040.191571,IRN,Iran,Yazd,0.571695181,0.0,0.54,0.64,,,,,,,,,,,,,,,,,,,,,,,,,,4.735923506683934,11.43390362,0.0,,,,,,,,,,,,,,,,,19.96875,0.2208885712627383,55.6875,0.6159991142256647,0.29953125,0.3313328568941074,1.9490625,2.1559968997898262,4.735923506683934,7893,,,0.0017026127050828,Information
292270,5176.0,13716.97783,IRN,Iran,Yazd,0.008702115,0.0,0.54,0.64,,,,,,,,,,,,,,,,,,,,,,,,,,5.580153377171204,0.1740422999999999,0.0,,,,,,,,,,,,,,,,,13.359375,0.0973929911029474,86.484375,0.6304914687190809,0.200390625,0.1460894866544211,3.026953125,2.206720140516784,5.580153377171204,50284,,,0.0019619725706985,Information
292302,5178.0,13806.29242,IRN,Iran,Razavi Khorasan,0.057506402,0.0,0.54,0.64,,,,,,,,,,,,,,,,,,,,,,,,,,4.633806759873491,1.15012804,0.0,,,,,,,,,,,,,,,,,0.984375,0.0071299011350677,76.359375,0.5530766166202542,0.014765625,0.0106948517026015,2.672578125,1.9357681581708897,4.633806759873491,48175,,,0.0011058592677698,Information
292404,5189.0,17207.77762,IRN,Iran,Yazd,9.17e-06,0.0,0.54,0.64,,,,,,,,,,,,,,,,,,,,,,,,,,9.916665825293968,0.0001834,0.0,,,,,,,,,,,,,,,,,13.21875,0.0768184613402764,173.53125,1.008446609509587,0.19828125,0.1152276920104145,6.07359375,3.5295631332835544,9.916665825293968,97120,,,0.0104177643969526,Information
292520,5196.0,13294.14954,IRN,Iran,Yazd,0.995629108,0.0,0.54,0.64,,,,,,,,,,,,,,,,,,,,,,,,,,0.8661122162891435,19.91258216,0.0,,,,,,,,,,,,,,,,,0.140625,0.0010577961345352,14.0625,0.1057796134535259,0.002109375,0.0015866942018028,0.4921875,0.3702286470873406,0.8661122162891435,6576,,,2.993334849603924e-06,Information
292540,5198.0,11884.88379,IRN,Iran,Esfahan,0.051478099,0.0,0.54,0.64,,,,,,,,,,,,,,,,,,,,,,,,,,4.091371613637339,1.02956198,0.0,,,,,,,,,,,,,,,,,0.140625,0.0011832257048337,63.421875,0.5336347928800252,0.002109375,0.0017748385572505,2.219765625,1.8677217750800883,4.091371613637339,4024,,,0.0007214202713694,Information
292570,5209.0,18046.9455,IRN,Iran,Semnan,0.161654445,0.0,0.54,0.64,,,,,,,,,,,,,,,,,,,,,,,,,,39.13079980229078,3.2330889000000003,0.0,,,,,,,,,,,,,,,,,159.046875,0.8812952587344806,651.234375,3.6085573326254456,2.385703125,1.3219428881017208,22.793203125,12.62995066418906,39.13079980229078,267399,,,0.1826280202096005,Advisory
292602,5212.0,8457.228327,IRN,Iran,Tehran,0.513044037,0.0,0.54,0.64,,,,,,,,,,,,,,,,,,,,,,,,,,7.169251285547756,10.26088074,0.0,,,,,,,,,,,,,,,,,31.640625,0.3741252308425706,80.296875,0.9494466969382572,0.474609375,0.5611878462638559,2.810390625,3.3230634392839,7.169251285547756,13122950,,,0.0057503464793878,Information
292701,5220.0,49255.22499,IRN,Iran,Kerman,2.28094636,0.0,0.54,0.64,,,,,,,,,,,,,,,,,,,,,,,,,,9.134618733898623,45.6189272,0.0,,,,,,,,,,,,,,,,,0.5625,0.0011420108224084,216.703125,0.4399596693328604,0.0084375,0.0017130162336126,7.584609375,1.5398588426650115,9.134618733898623,1301735,,,0.0372163245396467,Information
292802,5225.0,2325.283719,IRN,Iran,Yazd,3.576771998,0.0,0.54,0.64,,,,,,,,,,,,,,,,,,,,,,,,,,6.730870891053673,71.53543995999999,0.0,,,,,,,,,,,,,,,,,13.78125,0.5926696122073754,30.375,1.3062922064978884,0.20671875,0.889004418311063,1.063125,4.572022722742609,6.730870891053673,6,,,0.0746574967966975,Information
292804,5227.0,13894.26048,IRN,Iran,Kerman,0.068994472,0.0,0.54,0.64,,,,,,,,,,,,,,,,,,,,,,,,,,0.3990291627644655,1.37988944,0.0,,,,,,,,,,,,,,,,,0.703125,0.0050605428110444,6.328125,0.0455448852993997,0.010546875,0.0075908142165666,0.221484375,0.1594070985478989,0.3990291627644655,132060,,,1.7942095001696312e-08,Information
293100,5233.0,1640.783876,PAK,Pakistan,Baluchistan,4.06318528,0.0,0.39,0.85,,,,,,,,,,,,,,,,,,,,,,,,,,2.254767784807445,81.2637056,0.0,,,,,,,,,,,,,,,,,1.828125,0.1114177818694548,8.296875,0.5056653177152179,0.027421875,0.1671266728041822,0.290390625,1.7698286120032627,2.254767784807445,10682,,,0.0171122986545738,Information
293201,5234.0,1993.463158,PAK,Pakistan,Baluchistan,4.075710643,0.0,0.39,0.85,,,,,,,,,,,,,,,,,,,,,,,,,,0.812213418636834,81.51421286,0.0,,,,,,,,,,,,,,,,,1.125,0.0564344515530695,3.375,0.1693033546592085,0.016875,0.0846516773296042,0.118125,0.5925617413072298,0.812213418636834,6894,,,0.0008890424758491,Information
293401,5245.0,1718.390472,PAK,Pakistan,Baluchistan,4.100387253,0.0,0.39,0.85,,,,,,,,,,,,,,,,,,,,,,,,,,4.329785676485559,82.00774506,0.0,,,,,,,,,,,,,,,,,2.953125,0.1718541303016539,16.875,0.9820236017237366,0.044296875,0.2577811954524808,0.590625,3.437082606033078,4.329785676485559,3484,,,0.0771619807923539,Information
293403,5247.0,1692.98337,PAK,Pakistan,Baluchistan,4.048375495,0.0,0.39,0.85,,,,,,,,,,,,,,,,,,,,,,,,,,1.7191289021974372,80.96750990000001,0.0,,,,,,,,,,,,,,,,,0.84375,0.0498380560066927,6.75,0.3987044480535423,0.01265625,0.074757084010039,0.23625,1.3954655681873982,1.7191289021974372,37534,,,0.0081010741443334,Information
293405,5249.0,2523.893316,PAK,Pakistan,Baluchistan,3.945421231,0.0,0.39,0.85,,,,,,,,,,,,,,,,,,,,,,,,,,4.6333913207930095,78.90842462,0.0,,,,,,,,,,,,,,,,,13.359375,0.5293161528243011,20.953125,0.8301905975875881,0.200390625,0.7939742292364517,0.733359375,2.905667091556558,4.6333913207930095,48881,,,0.0648122088525394,Information
293406,5250.0,10413.72019,IRN,Iran,Sistan and Baluchestan,3.239819929,0.0,0.54,0.64,,,,,,,,,,,,,,,,,,,,,,,,,,1.5974682273107843,64.79639858,0.0,,,,,,,,,,,,,,,,,12.65625,0.1215343774080597,17.859375,0.1714985103424842,0.18984375,0.1823015661120895,0.625078125,0.6002447861986947,1.5974682273107843,153086,,,0.0009916278594017,Information
293407,5251.0,1905.471452,PAK,Pakistan,Baluchistan,4.025379578,0.0,0.39,0.85,,,,,,,,,,,,,,,,,,,,,,,,,,2.297620937075516,80.50759156,0.0,,,,,,,,,,,,,,,,,6.46875,0.3394829134052533,7.734375,0.4059034834193246,0.09703125,0.5092243701078799,0.270703125,1.420662191967636,2.297620937075516,204111,,,0.0162522503197676,Information
293501,5254.0,92.61822756,IRN,Iran,Sistan and Baluchestan,4.233448287,0.0,0.54,0.64,,,,,,,,,,,,,,,,,,,,,,,,,,43.99351129998614,84.66896574,0.0,3.0,,,,,,,,,,,,,,,,5.0625,5.465986699990759,20.53125,22.1676127277403,0.0759375,8.198980049986138,0.71859375,35.0,43.99351129998614,0,0.0,0.0,0.8540958506581577,Warning
293502,5255.0,20724.78169,IRN,Iran,Sistan and Baluchestan,3.442824672,0.0,0.54,0.64,,,,,,,,,,,,,,,,,,,,,,,,,,3.751571498016046,68.85649344,0.0,,,,,,,,,,,,,,,,,10.546875,0.050890162115145,67.78125,0.3270541085266653,0.158203125,0.0763352431727175,2.37234375,1.1446893798433284,3.751571498016046,343586,,,0.0171540861368445,Information
293507,5260.0,9671.501343,IRN,Iran,Hormozgan,4.001618613,2.266585359,0.54,0.64,,,,,,,,,,,,,,,,,,,,,,,,,,14.674585325146843,80.03237225999999,45.33170718,,,,,,,,,,,,,,,,,67.21875,0.6950187733496132,177.328125,1.8335118686064065,1.00828125,1.0425281600244198,6.206484375,6.417291540122423,14.674585325146843,95095,,,0.3790429767484669,Advisory
293508,5261.0,10325.35898,IRN,Iran,Kerman,4.044329692,0.0,0.54,0.64,,,,,,,,,,,,,,,,,,,,,,,,,,0.7930858966181376,80.88659383999999,0.0,,,,,,,,,,,,,,,,,1.265625,0.0122574430874807,10.96875,0.1062311734248333,0.018984375,0.018386164631221,0.38390625,0.3718091069869165,0.7930858966181376,357844,,,0.000730769608574,Information
293601,5263.0,148.6936881,IRN,Iran,Hormozgan,2.191270022,0.0,0.54,0.64,,,,,,,,,,,,,,,,,,,,,,,,,,2.831406094447153,43.82540044,0.0,,,,,,,,,,,,,,,,,0.140625,0.094573617608378,1.125,0.7565889408670247,0.002109375,0.141860426412567,0.039375,2.648061293034586,2.831406094447153,2443,,,0.0014054668232919,Information
293902,5284.0,2037.472362,IRN,Iran,Bushehr,0.570449689,0.0,0.54,0.64,,,,,,,,,,,,,,,,,,,,,,,,,,1.8153382286316504,11.40899378,0.0,,,,,,,,,,,,,,,,,5.0625,0.248469628058304,6.609375,0.3243909032983413,0.0759375,0.372704442087456,0.231328125,1.1353681615441946,1.8153382286316504,86344,,,5.058709885465815e-05,Information
294100,5293.0,1167.282244,IRQ,Iraq,Al-Basrah,3.995685968,4.025719386,0.43,0.79,,,,,,,,,,,,,,,,,,,,,,,,,,38.88724019227948,79.91371936,80.51438771999999,3.0,,,,,,,,,,,,,,,,45.5625,3.903297616259661,96.609375,8.276436612254283,0.6834375,5.854946424389492,3.381328125,28.96752814288999,38.88724019227948,65855,4450.0,6.76,0.7552140306817239,Watch
294620,5315.0,22709.02466,IRQ,Iraq,Diyala,0.898610872,0.0,0.43,0.79,,,,,,,,,,,,,,,,,,,,,,,,,,2.044739426344435,17.97221744,0.0,,,,,,,,,,,,,,,,,8.015625,0.0352970905662534,37.125,0.1634812615700158,0.120234375,0.0529456358493801,1.299375,0.5721844154950553,2.044739426344435,548669,,,0.0001113416822669,Information
294630,5316.0,4346.107428,IRQ,Iraq,Wasit,3.18050293,0.0,0.43,0.79,,,,,,,,,,,,,,,,,,,,,,,,,,4.760272579111649,63.6100586,0.0,,,,,,,,,,,,,,,,,12.796875,0.2944445164058119,35.71875,0.8218561227151231,0.191953125,0.4416667746087178,1.25015625,2.876496429502931,4.760272579111649,2271810,,,0.0209764293941679,Information
294641,5317.0,3258.014598,IRQ,Iraq,Diyala,3.535361793,0.0,0.43,0.79,,,,,,,,,,,,,,,,,,,,,,,,,,3.4192110794913497,70.70723586,0.0,,,,,,,,,,,,,,,,,9.421875,0.2891906932232978,19.96875,0.612911618473258,0.141328125,0.4337860398349467,0.69890625,2.145190664656403,3.4192110794913497,1497622,,,0.0158596312780828,Information
294644,5320.0,3524.916143,IRN,Iran,Kermanshah,2.270331584,0.0,0.54,0.64,,,,,,,,,,,,,,,,,,,,,,,,,,2.838141675621148,45.40663168,0.0,,,,,,,,,,,,,,,,,7.3125,0.2074517435975279,18.0,0.5106504457785304,0.1096875,0.3111776153962918,0.63,1.787276560224856,2.838141675621148,181819,,,0.0015544352896393,Information
294647,5323.0,4615.717883,IRN,Iran,Kermanshah,1.131277827,0.0,0.54,0.64,,,,,,,,,,,,,,,,,,,,,,,,,,3.533380123217819,22.62555654,0.0,,,,,,,,,,,,,,,,,8.4375,0.1827993004323492,28.265625,0.61237765644837,0.1265625,0.2741989506485238,0.989296875,2.143321797569295,3.533380123217819,201488,,,0.0010129750032428,Information
294648,5324.0,3381.935343,IRN,Iran,Kordestan,1.029512805,0.0,0.54,0.64,,,,,,,,,,,,,,,,,,,,,,,,,,1.613667901161261,20.5902561,0.0,,,,,,,,,,,,,,,,,4.21875,0.1247436621890959,9.84375,0.2910685451078905,0.06328125,0.1871154932836438,0.34453125,1.0187399078776167,1.613667901161261,242695,,,4.887474273597802e-05,Information
294650,5326.0,27202.38577,IRQ,Iraq,Sala ad-Din,2.280830928,0.0,0.43,0.79,,,,,,,,,,,,,,,,,,,,,,,,,,13.049930142826137,45.61661856,0.0,,,,,,,,,,,,,,,,,78.328125,0.2879457914198156,239.0625,0.8788291659132611,1.174921875,0.4319186871297233,8.3671875,3.0759020806964137,13.049930142826137,9752854,,,0.0767502010934683,Information
294692,5331.0,6068.823579,TUR,Turkey,Sirnak,2.726117315,0.0,0.57,0.6,,,,,,,,,,,,,,,,,,,,,,,,,,0.4617041631153616,54.5223463,0.0,,,,,,,,,,,,,,,,,1.125,0.0185373653622814,4.5,0.0741494614491256,0.016875,0.0278060480434221,0.1575,0.2595231150719396,0.4617041631153616,1158489,,,2.215677883165449e-06,Information
294790,5355.0,20937.2161,IRQ,Iraq,An-Najaf,4.01971817,0.0,0.43,0.79,,,,,,,,,,,,,,,,,,,,,,,,,,7.056551450748485,80.3943634,0.0,,,,,,,,,,,,,,,,,59.484375,0.2841083299960569,110.953125,0.5299325587869715,0.892265625,0.4261624949940853,3.883359375,1.8547639557544005,7.056551450748485,6055580,,,0.1534234324593367,Information
294801,5356.0,935.3987721,IRQ,Iraq,Al-Anbar,3.865707893,0.0,0.43,0.79,,,,,,,,,,,,,,,,,,,,,,,,,,1.2247759149990538,77.31415786000001,0.0,,,,,,,,,,,,,,,,,0.421875,0.0451010855033176,2.8125,0.3006739033554507,0.006328125,0.0676516282549764,0.0984375,1.0523586617440774,1.2247759149990538,947572,,,0.00175587611202,Information
294802,5357.0,23826.73433,IRQ,Iraq,Al-Anbar,4.018652943,0.0,0.43,0.79,,,,,,,,,,,,,,,,,,,,,,,,,,0.7057445022903941,80.37305886,0.0,,,,,,,,,,,,,,,,,2.953125,0.0123941659776471,12.9375,0.0542982509496924,0.044296875,0.0185912489664706,0.4528125,0.1900438783239234,0.7057445022903941,181511,,,0.0004414506402402,Information
294910,5366.0,3061.268185,IRQ,Iraq,Al-Anbar,4.036398308,0.0,0.43,0.79,,,,,,,,,,,,,,,,,,,,,,,,,,6.761926104312402,80.72796616,0.0,,,,,,,,,,,,,,,,,16.734375,0.5466484473497568,38.109375,1.244888480939362,0.251015625,0.8199726710246352,1.333828125,4.357109683287767,6.761926104312402,786364,,,0.1474697267229772,Information
294921,5368.0,667.2921702,IRQ,Iraq,Al-Anbar,3.216018423,0.0,0.43,0.79,,,,,,,,,,,,,,,,,,,,,,,,,,3.439474766198709,64.32036846,0.0,,,,,,,,,,,,,,,,,1.546875,0.2318137495306261,5.484375,0.82188511197222,0.023203125,0.3477206242959392,0.191953125,2.87659789190277,3.439474766198709,99743,,,0.0096609595867855,Information
294922,5369.0,3262.641627,IRQ,Iraq,Sala ad-Din,2.207085693,0.0,0.43,0.79,,,,,,,,,,,,,,,,,,,,,,,,,,1.314773775718475,44.14171386,0.0,,,,,,,,,,,,,,,,,2.53125,0.0775828389692719,8.15625,0.2499891477898763,0.03796875,0.1163742584539078,0.28546875,0.874962017264567,1.314773775718475,26854,,,8.871631598914519e-05,Information
294923,5370.0,7121.249009,IRQ,Iraq,Sala ad-Din,0.588303649,0.0,0.43,0.79,,,,,,,,,,,,,,,,,,,,,,,,,,2.5340398731626794,11.76607298,0.0,,,,,,,,,,,,,,,,,6.609375,0.0928120192310152,27.28125,0.3830964198046162,0.099140625,0.1392180288465228,0.95484375,1.3408374693161569,2.5340398731626794,1145,,,0.0001924863075947,Information
294930,5377.0,12093.44964,IRQ,Iraq,Al-Anbar,4.002353039,0.0,0.43,0.79,,,,,,,,,,,,,,,,,,,,,,,,,,1.5260273291563125,80.04706078,0.0,,,,,,,,,,,,,,,,,7.453125,0.0616294376183242,20.671875,0.1709344779225218,0.111796875,0.0924441564274863,0.723515625,0.5982706727288263,1.5260273291563125,712636,,,0.0050745339130801,Information
294940,5378.0,17640.51115,IRQ,Iraq,Al-Anbar,4.015116322,0.0,0.43,0.79,,,,,,,,,,,,,,,,,,,,,,,,,,0.4428875764134781,80.30232644,0.0,,,,,,,,,,,,,,,,,2.109375,0.0119575616726476,7.171875,0.0406557096870019,0.031640625,0.0179363425089714,0.251015625,0.1422949839045066,0.4428875764134781,19777,,,7.383962607985633e-05,Information
294950,5379.0,13282.72349,IRQ,Iraq,Ninawa,1.215985028,0.0,0.43,0.79,,,,,,,,,,,,,,,,,,,,,,,,,,1.2152233432241182,24.31970056,0.0,,,,,,,,,,,,,,,,,11.109375,0.0836377796444327,15.046875,0.1132815496449912,0.166640625,0.125456669466649,0.526640625,0.3964854237574692,1.2152233432241182,163746,,,1.801312917954193e-05,Information
294951,5380.0,14541.59447,IRQ,Iraq,Al-Anbar,2.783851688,0.0,0.43,0.79,,,,,,,,,,,,,,,,,,,,,,,,,,1.5711269250289055,55.67703376,0.0,,,,,,,,,,,,,,,,,5.625,0.0386821404851302,24.1875,0.1663332040860601,0.084375,0.0580232107276953,0.8465625,0.5821662143012103,1.5711269250289055,376214,,,0.0004193298555855,Information
294957,5386.0,507.308885,SYR,Syria,Dayr Az Zawr,4.019296676,0.0,0.39,0.85,,,,,,,,,,,,,,,,,,,,,,,,,,1.4417393940807526,80.38593352,0.0,,,,,,,,,,,,,,,,,0.703125,0.1385989918263386,1.6875,0.3326375803832127,0.010546875,0.2078984877395079,0.0590625,1.1642315313412446,1.4417393940807526,171559,,,0.0045218641835372,Information
294959,5388.0,1117.151312,SYR,Syria,Dayr Az Zawr,3.520478205,0.0,0.39,0.85,,,,,,,,,,,,,,,,,,,,,,,,,,0.601745024184126,70.4095641,0.0,,,,,,,,,,,,,,,,,0.421875,0.0377634609895901,1.546875,0.1384660236284974,0.006328125,0.0566451914843851,0.054140625,0.4846310826997408,0.601745024184126,148524,,,4.90239300732268e-05,Information
294967,5395.0,665.2358078,SYR,Syria,Al ?asakah,3.489969163,0.0,0.39,0.85,,,,,,,,,,,,,,,,,,,,,,,,,,3.156351890664507,69.79938326,0.0,,,,,,,,,,,,,,,,,3.9375,0.5918953781329014,3.9375,0.5918953781329014,0.0590625,0.887843067199352,0.1378125,2.071633823465155,3.156351890664507,33011,,,0.0119589509203949,Information
294968,5396.0,2970.556739,TUR,Turkey,Mardin,0.443311121,0.0,0.57,0.6,,,,,,,,,,,,,,,,,,,,,,,,,,0.7337552246178535,8.86622242,0.0,,,,,,,,,,,,,,,,,0.703125,0.0236698054233411,4.5,0.1514867547093834,0.010546875,0.0355047081350116,0.1575,0.5302036414828418,0.7337552246178535,106740,,,7.109565779922473e-07,Information
294971,5398.0,10085.78443,SYR,Syria,Ar Raqqah,3.275698591,0.0,0.39,0.85,,,,,,,,,,,,,,,,,,,,,,,,,,4.106990693347949,65.51397182,0.0,,,,,,,,,,,,,,,,,11.8125,0.1171202903110997,53.859375,0.5340127522517999,0.1771875,0.1756804354666495,1.885078125,1.8690446328812995,4.106990693347949,943603,,,0.0166741933165696,Information
294972,5399.0,14189.18154,TUR,Turkey,Sanliurfa,1.345148367,0.0,0.57,0.6,,,,,,,,,,,,,,,,,,,,,,,,,,1.4467838046186063,26.90296734,0.0,,,,,,,,,,,,,,,,,3.09375,0.0218035831841082,22.921875,0.161544729954984,0.04640625,0.0327053747761622,0.802265625,0.5654065548424441,1.4467838046186063,1690927,,,4.3827499612406885e-05,Information
294996,5413.0,2241.225051,TUR,Turkey,Mus,0.595192144,0.0,0.57,0.6,,,,,,,,,,,,,,,,,,,,,,,,,,0.990812917581472,11.90384288,0.0,,,,,,,,,,,,,,,,,2.25,0.1003915246612678,4.21875,0.1882341087398772,0.03375,0.1505872869919017,0.14765625,0.6588193805895702,0.990812917581472,235193,,,3.6005124919238527e-06,Information
294999,5416.0,10736.17595,TUR,Turkey,Agri,2.434671457,0.0,0.57,0.6,,,,,,,,,,,,,,,,,,,,,,,,,,1.2385297045546229,48.69342914,0.0,,,,,,,,,,,,,,,,,1.40625,0.0130982391349698,17.71875,0.1650378131006195,0.02109375,0.0196473587024547,0.62015625,0.5776323458521682,1.2385297045546229,496396,,,9.808670727567056e-05,Information
295301,5427.0,663.2923719,ARE,United Arab Emirates,Abu Dhabi,2.900989713,0.0,0.77,0.32,,,,,,,,,,,,,,,,,,,,,,,,,,3.775420423826331,58.01979426,0.0,,,,,,,,,,,,,,,,,1.546875,0.2332116371981415,6.046875,0.9116454908654624,0.023203125,0.3498174557972122,0.211640625,3.1907592180291187,3.775420423826331,1652,,,0.0080050226669276,Information
295303,5429.0,6045.734689,ARE,United Arab Emirates,Abu Dhabi,0.470187192,0.080970931,0.77,0.32,,,,,,,,,,,,,,,,,,,,,,,,,,2.29721220520464,9.40374384,1.6194186199999998,,,,,,,,,,,,,,,,,4.21875,0.0697806009847915,22.921875,0.3791412653507008,0.06328125,0.1046709014771872,0.802265625,1.3269944287274529,2.29721220520464,152776,,,0.0001190567905783,Information
295400,5436.0,23517.77546,OMN,Oman,Ash Sharqiyah North,0.015358795,0.0,0.61,0.54,,,,,,,,,,,,,,,,,,,,,,,,,,0.5611765496396908,0.3071759,0.0,,,,,,,,,,,,,,,,,1.96875,0.0083713274819845,10.40625,0.0442484452619183,0.02953125,0.0125569912229767,0.36421875,0.154869558416714,0.5611765496396908,297755,,,1.1105397236346885e-07,Information
295701,5440.0,7942.656152,OMN,Oman,Al Wusta,1.065514578,0.0,0.61,0.54,,,,,,,,,,,,,,,,,,,,,,,,,,11.369600543706232,21.31029156,0.0,,,,,,,,,,,,,,,,,77.625,0.9773178960955128,110.53125,1.3916156998751323,1.164375,1.4659768441432692,3.86859375,4.870654949562963,11.369600543706232,43189,,,0.0265215911577473,Information
295709,5448.0,178.6909872,YEM,Yemen,Al Mahrah,4.282203728,0.0,0.31,0.96,,,,,,,,,,,,,,,,,,,,,,,,,,18.463870559958163,85.64407455999999,0.0,,,,,,,,,,,,,,,,,4.21875,2.360919297391518,7.453125,4.1709574253916815,0.06328125,3.541378946087277,0.260859375,14.598350988870886,18.463870559958163,65,,,0.5993453944975847,Advisory
295900,5450.0,9369.435189,YEM,Yemen,Al Mahrah,4.010455831,0.374788735,0.31,0.96,,,,,,,,,,,,,,,,,,,,,,,,,,5.580256954718683,80.20911662,7.4957747,,,,,,,,,,,,,,,,,34.59375,0.369219161037143,62.296875,0.6648946680465624,0.51890625,0.5538287415557145,2.180390625,2.3271313381629684,5.580256954718683,70449,,,0.1027589449318691,Information
296501,5466.0,3433.292495,YEM,Yemen,Shabwah,4.141425251,3.810319461,0.31,0.96,,,,,,,,,,,,,,,,,,,,,,,,,,4.390733660018261,82.82850502000001,76.20638922,,,,,,,,,,,,,,,,,5.90625,0.172028745264119,29.53125,0.8601437263205952,0.08859375,0.2580431178961785,1.03359375,3.010503042122083,4.390733660018261,22902,,,0.0863224371495515,Information
296503,5468.0,4700.534879,YEM,Yemen,Shabwah,4.161851304,0.0,0.31,0.96,,,,,,,,,,,,,,,,,,,,,,,,,,0.3320437762431925,83.23702607999999,0.0,,,,,,,,,,,,,,,,,1.828125,0.0388918505451855,2.25,0.0478668929786898,0.027421875,0.0583377758177782,0.07875,0.1675341254254143,0.3320437762431925,28775,,,4.397033228429355e-05,Information
296505,5470.0,6358.052791,YEM,Yemen,Abyan,4.019585664,0.025879614,0.31,0.96,,,,,,,,,,,,,,,,,,,,,,,,,,2.939634806716491,80.39171328,0.51759228,,,,,,,,,,,,,,,,,7.59375,0.1194351517694652,29.390625,0.4622582725892266,0.11390625,0.1791527276541978,1.028671875,1.617903954062293,2.939634806716491,314471,,,0.0288699870564235,Information
296507,5472.0,2502.616039,YEM,Yemen,Lahij,4.062130937,1.91760878,0.31,0.96,,,,,,,,,,,,,,,,,,,,,,,,,,0.2353498971577201,81.24261874,38.3521756,,,,,,,,,,,,,,,,,0.84375,0.0337147203864573,0.984375,0.0393338404508669,0.01265625,0.0505720805796859,0.034453125,0.1376684415780341,0.2353498971577201,193528,,,5.981274218507053e-06,Information
296508,5473.0,6052.278873,YEM,Yemen,Al Dali',2.302598123,0.0,0.31,0.96,,,,,,,,,,,,,,,,,,,,,,,,,,1.3296576443538362,46.05196246,0.0,,,,,,,,,,,,,,,,,8.15625,0.1347632878612131,10.828125,0.1789098821605761,0.12234375,0.2021449317918196,0.378984375,0.6261845875620163,1.3296576443538362,2516047,,,0.0001064905168804,Information
296710,5476.0,15076.2315,SAU,Saudi Arabia,Jizan,4.039515646,0.065447822,0.62,0.53,,,,,,,,,,,,,,,,,,,,,,,,,,7.987717859980837,80.79031291999999,1.30895644,,,,,,,,,,,,,,,,,39.9375,0.2649037327187576,120.09375,0.7965767174007715,0.5990625,0.3973555990781364,4.20328125,2.7880185109027003,7.987717859980837,2876532,,,0.1901049553832144,Information
296731,5478.0,10188.71515,SAU,Saudi Arabia,Jizan,3.408826856,0.598867403,0.62,0.53,,,,,,,,,,,,,,,,,,,,,,,,,,2.1246707700765994,68.17653712,11.97734806,,,,,,,,,,,,,,,,,9.140625,0.0897132254819396,26.71875,0.2622386591010543,0.137109375,0.1345698382229094,0.93515625,0.91783530685369,2.1246707700765994,328299,,,0.0033989385428412,Information
296733,5480.0,954.2047615,SAU,Saudi Arabia,Makkah,4.001811616,0.0,0.62,0.53,,,,,,,,,,,,,,,,,,,,,,,,,,3.22065874965776,80.03623232000001,0.0,,,,,,,,,,,,,,,,,1.96875,0.2063236403268603,7.171875,0.7516075469049912,0.02953125,0.3094854604902904,0.251015625,2.630626414167469,3.22065874965776,46577,,,0.0340508649724554,Information
296735,5482.0,14765.3585,SAU,Saudi Arabia,Al Bahah,0.988935481,0.0,0.62,0.53,,,,,,,,,,,,,,,,,,,,,,,,,,1.7324270603732828,19.77870962,0.0,,,,,,,,,,,,,,,,,11.109375,0.0752394532259896,24.75,0.1676220730097996,0.166640625,0.1128591798389844,0.86625,0.5866772555342985,1.7324270603732828,520293,,,6.27143399960573e-05,Information
296737,5484.0,7687.099519,SAU,Saudi Arabia,Makkah,2.695753635,1.378163376,0.62,0.53,,,,,,,,,,,,,,,,,,,,,,,,,,20.18861101751993,53.9150727,27.56326752,,,,,,,,,,,,,,,,,143.296875,1.8641215019196749,189.28125,2.46232339704012,2.149453125,2.7961822528795124,6.62484375,8.61813188964042,20.18861101751993,44260,,,0.2045815453900765,Information
296739,5486.0,1056.347871,SAU,Saudi Arabia,Makkah,3.329756525,0.0,0.62,0.53,,,,,,,,,,,,,,,,,,,,,,,,,,1.2216459540548046,66.5951305,0.0,,,,,,,,,,,,,,,,,1.546875,0.1464361354771427,2.671875,0.252935143096883,0.023203125,0.219654203215714,0.093515625,0.8852730008390904,1.2216459540548046,299172,,,0.0004689815852135,Information
296750,5488.0,5066.205074,SAU,Saudi Arabia,Makkah,0.495229035,0.306025503,0.62,0.53,,,,,,,,,,,,,,,,,,,,,,,,,,3.770069666204441,9.9045807,6.120510059999999,,,,,,,,,,,,,,,,,20.53125,0.4052589600841358,27.421875,0.5412705288794963,0.30796875,0.6078884401262037,0.959765625,1.894446851078237,3.770069666204441,3848723,,,0.0007523492398371,Information
296770,5490.0,23531.9642,SAU,Saudi Arabia,Al Madinah,2.659379934,4.022427662,0.62,0.53,,,,,,,,,,,,,,,,,,,,,,,,,,2.710195526315025,53.18759868,80.44855324,,,,,,,,,,,,,,,,,23.765625,0.1009929507003617,44.15625,0.1876437072184235,0.356484375,0.1514894260505425,1.54546875,0.6567529752644823,2.710195526315025,350673,,,0.0240757744509622,Information
296780,5491.0,6468.860358,SAU,Saudi Arabia,Al Madinah,3.122484501,0.0,0.62,0.53,,,,,,,,,,,,,,,,,,,,,,,,,,0.3043107063374175,62.449690020000006,0.0,,,,,,,,,,,,,,,,,2.390625,0.0369558912674835,2.390625,0.0369558912674835,0.035859375,0.0554338369012252,0.083671875,0.1293456194361922,0.3043107063374175,112260,,,7.34571940425657e-07,Information
296820,5494.0,20848.12089,SAU,Saudi Arabia,Al Madinah,4.002084176,0.0,0.62,0.53,,,,,,,,,,,,,,,,,,,,,,,,,,1.807149807218705,80.04168352,0.0,,,,,,,,,,,,,,,,,10.546875,0.050589091728731,30.375,0.1456965841787453,0.158203125,0.0758836375930965,1.063125,0.5099380446256085,1.807149807218705,69082,,,0.0081551944349838,Information
296830,5495.0,3269.017351,SAU,Saudi Arabia,Al Madinah,2.322691596,0.0,0.62,0.53,,,,,,,,,,,,,,,,,,,,,,,,,,28.851093127559427,46.45383192,0.0,,,,,,,,,,,,,,,,,78.46875,2.40037728685887,169.453125,5.18361044922032,1.17703125,3.600565930288305,5.930859375,18.14263657227112,28.851093127559427,36417,,,0.2681570502168945,Information
296850,5497.0,11504.81268,SAU,Saudi Arabia,Al Madinah,1.193431018,0.0,0.62,0.53,,,,,,,,,,,,,,,,,,,,,,,,,,0.2667993023649306,23.86862036,0.0,,,,,,,,,,,,,,,,,1.96875,0.0171124037744732,3.234375,0.0281132347723488,0.02953125,0.0256686056617098,0.113203125,0.0983963217032208,0.2667993023649306,172314,,,7.85063659379802e-09,Information
296860,5498.0,5142.547987,SAU,Saudi Arabia,Al Madinah,2.966989198,0.0,0.62,0.53,,,,,,,,,,,,,,,,,,,,,,,,,,3.4741222924853465,59.33978396,0.0,,,,,,,,,,,,,,,,,4.5,0.087505260261658,31.78125,0.6180059005979599,0.0675,0.131257890392487,1.11234375,2.16302065209286,3.4741222924853465,548274,,,0.0069486268867004,Information
296870,5499.0,2957.183728,SAU,Saudi Arabia,Al Madinah,2.413374536,0.0,0.62,0.53,,,,,,,,,,,,,,,,,,,,,,,,,,19.07637260237474,48.26749072,0.0,,,,,,,,,,,,,,,,,19.546875,0.6609962990084266,116.015625,3.923179472532029,0.293203125,0.99149444851264,4.060546875,13.731128153862102,19.07637260237474,783626,,,0.1592279834553856,Information
296890,5501.0,18811.15284,SAU,Saudi Arabia,Al Madinah,0.041096449,0.0,0.62,0.53,,,,,,,,,,,,,,,,,,,,,,,,,,0.9229083728255316,0.82192898,0.0,,,,,,,,,,,,,,,,,1.125,0.005980494708528,16.734375,0.0889598587893542,0.016875,0.008970742062792,0.585703125,0.3113595057627397,0.9229083728255316,26312,,,1.4545023277886045e-06,Information
296903,5504.0,2803.327065,SAU,Saudi Arabia,Tabuk,2.402744184,0.0,0.62,0.53,,,,,,,,,,,,,,,,,,,,,,,,,,0.3243418454623501,48.05488368,0.0,,,,,,,,,,,,,,,,,0.140625,0.0050163608012346,1.96875,0.0702290512172852,0.002109375,0.0075245412018518,0.06890625,0.2458016792604982,0.3243418454623501,3775,,,1.9258475587882515e-07,Information
296905,5506.0,7007.79631,SAU,Saudi Arabia,Tabuk,0.288969882,0.0,0.62,0.53,,,,,,,,,,,,,,,,,,,,,,,,,,0.4334438370846689,5.77939764,0.0,,,,,,,,,,,,,,,,,1.40625,0.0200669359909188,4.5,0.0642141951709402,0.02109375,0.0301004039863782,0.1575,0.2247496830982907,0.4334438370846689,52385,,,3.690679068538456e-08,Information
296906,5507.0,5073.859418,SAU,Saudi Arabia,Tabuk,4.001874456,0.0,0.62,0.53,,,,,,,,,,,,,,,,,,,,,,,,,,6.550804285168401,80.03748912,0.0,,,,,,,,,,,,,,,,,37.40625,0.7372346555196395,46.96875,0.9257006576825548,0.56109375,1.105851983279459,1.64390625,3.239952301888942,6.550804285168401,29256,,,0.1325820671785635,Information
296908,5509.0,6476.447648,JOR,Jordan,Aqaba,2.471827928,0.0,0.5,0.69,,,,,,,,,,,,,,,,,,,,,,,,,,0.1234264829798142,49.43655856,0.0,,,,,,,,,,,,,,,,,0.28125,0.0043426584336124,1.265625,0.0195419629512559,0.00421875,0.0065139876504186,0.044296875,0.0683968703293956,0.1234264829798142,68589,,,8.975565438144806e-10,Information
297150,5523.0,19689.89898,OMN,Oman,Al Wusta,0.048081903,0.0,0.61,0.54,,,,,,,,,,,,,,,,,,,,,,,,,,0.629773260043849,0.96163806,0.0,,,,,,,,,,,,,,,,,2.25,0.0114271789922612,10.96875,0.0557074975872735,0.03375,0.0171407684883918,0.38390625,0.1949762415554572,0.629773260043849,23439,,,2.119463060851025e-07,Information
297795,5627.0,9412.519571,SAU,Saudi Arabia,`Asir,0.445438592,0.0,0.62,0.53,,,,,,,,,,,,,,,,,,,,,,,,,,0.1522642168940904,8.90877184,0.0,,,,,,,,,,,,,,,,,0.984375,0.0104581455858787,1.6875,0.0179282495757921,0.014765625,0.015687218378818,0.0590625,0.0627488735152723,0.1522642168940904,237792,,,8.080097326084079e-11,Information
297816,5637.0,2505.841703,SAU,Saudi Arabia,Ar Riyad,0.466631443,0.0,0.62,0.53,,,,,,,,,,,,,,,,,,,,,,,,,,0.1684352834104047,9.33262886,0.0,,,,,,,,,,,,,,,,,0.28125,0.0112237736175337,0.84375,0.0336713208526012,0.00421875,0.0168356604263005,0.02953125,0.1178496229841042,0.1684352834104047,2853299,,,1.6037602333472583e-10,Information
297839,5650.0,12147.94064,SAU,Saudi Arabia,Ar Riyad,0.03987821,0.0,0.62,0.53,,,,,,,,,,,,,,,,,,,,,,,,,,0.2717684831757127,0.7975642,0.0,,,,,,,,,,,,,,,,,1.40625,0.0115760361486521,3.65625,0.0300976939864956,0.02109375,0.0173640542229781,0.12796875,0.1053419289527346,0.2717684831757127,29047,,,1.817868021292236e-09,Information
297906,5662.0,11466.60986,SAU,Saudi Arabia,Makkah,0.001121937,0.0,0.62,0.53,,,,,,,,,,,,,,,,,,,,,,,,,,0.7200261892536255,0.02243874,0.0,,,,,,,,,,,,,,,,,5.625,0.0490554755763986,8.578125,0.0748096002540079,0.084375,0.0735832133645978,0.300234375,0.2618336008890276,0.7200261892536255,803751,,,4.04024248815248e-07,Information
297907,5663.0,7917.180334,SAU,Saudi Arabia,Makkah,0.08744452,0.0,0.62,0.53,,,,,,,,,,,,,,,,,,,,,,,,,,0.2832380982325265,1.7488904,0.0,,,,,,,,,,,,,,,,,2.109375,0.0266430081290775,2.671875,0.0337478102968315,0.031640625,0.0399645121936162,0.093515625,0.1181173360389102,0.2832380982325265,199119,,,2.472775479563615e-09,Information
297909,5665.0,6154.705492,SAU,Saudi Arabia,Al Madinah,2.707370123,0.0,0.62,0.53,,,,,,,,,,,,,,,,,,,,,,,,,,2.000569256925972,54.14740246,0.0,,,,,,,,,,,,,,,,,2.25,0.036557395038405,20.8125,0.3381559041052469,0.03375,0.0548360925576075,0.7284375,1.183545664368364,2.000569256925972,51655,,,0.0008680991352167,Information
298109,5674.0,5137.130879,EGY,Egypt,Ash Sharqiyah,4.019778621,0.0,0.55,0.63,,,,,,,,,,,,,,,,,,,,,,,,,,0.9592602895071862,80.39557242000001,0.0,,,,,,,,,,,,,,,,,4.640625,0.0903349575755384,7.3125,0.1423459937553939,0.069609375,0.1355024363633076,0.2559375,0.4982109781438786,0.9592602895071862,20236,,,0.0012749833435939,Information
298440,5696.0,9097.941375,SAU,Saudi Arabia,Ar Riyad,0.637872741,0.0,0.62,0.53,,,,,,,,,,,,,,,,,,,,,,,,,,1.4848204569394607,12.75745482,0.0,,,,,,,,,,,,,,,,,7.453125,0.0819210049061459,17.015625,0.1870271998800691,0.111796875,0.1228815073592188,0.595546875,0.6545951995802419,1.4848204569394607,228680,,,2.316604860104746e-05,Information
299011,5734.0,21248.51321,SAU,Saudi Arabia,Tabuk,0.239334458,0.0,0.62,0.53,,,,,,,,,,,,,,,,,,,,,,,,,,5.081225903013577,4.78668916,0.0,,,,,,,,,,,,,,,,,52.171875,0.245531884927976,76.359375,0.3593633787490322,0.782578125,0.368297827391964,2.672578125,1.2577718256216126,5.081225903013577,658876,,,0.0016917190268648,Information
299030,5740.0,16843.46973,SAU,Saudi Arabia,Al Jawf,0.964621203,0.0,0.62,0.53,,,,,,,,,,,,,,,,,,,,,,,,,,0.2162703283091955,19.29242406,0.0,,,,,,,,,,,,,,,,,1.828125,0.0108536128810315,3.09375,0.0183676525678995,0.027421875,0.0162804193215472,0.10828125,0.0642867839876482,0.2162703283091955,4121,,,1.589681580553267e-09,Information
299046,5746.0,11099.68598,JOR,Jordan,Zarqa,0.232413782,0.0,0.5,0.69,,,,,,,,,,,,,,,,,,,,,,,,,,0.2218737518260293,4.6482756400000005,0.0,,,,,,,,,,,,,,,,,1.546875,0.013936205061281,2.671875,0.0240716269240308,0.023203125,0.0209043075919215,0.093515625,0.0842506942341077,0.2218737518260293,72235,,,6.671182905662342e-10,Information
299061,5756.0,595.5134337,PSE,Palestina,West Bank,0.00465713,0.0,-9999.0,0.6,,,,,,,,,,,,,,,,,,,,,,,,,,4.616250307503485,0.0931425999999999,0.0,,,,,,,,,,,,,,,,,1.546875,0.2597548455693134,6.75,1.1334756897570042,0.023203125,0.3896322683539701,0.23625,3.967164914149514,4.616250307503485,476047,,,0.0010537288856303,Information
299063,5758.0,3121.685925,PSE,Jordan,Balqa,0.173776697,0.0,-9999.0,0.6,,,,,,,,,,,,,,,,,,,,,,,,,,1.5220895387483413,3.47553394,0.0,,,,,,,,,,,,,,,,,1.828125,0.0585621053542851,9.5625,0.306324858776261,0.027421875,0.0878431580314276,0.3346875,1.0721370057169135,1.5220895387483413,1183867,,,1.6644661734308224e-05,Information
299069,5764.0,7004.776939,SYR,Syria,Dar`a,1.564515007,0.0,0.39,0.85,,,,,,,,,,,,,,,,,,,,,,,,,,4.171674077032912,31.29030014,0.0,,,,,,,,,,,,,,,,,20.390625,0.2910959931831197,40.359375,0.5761693106452093,0.305859375,0.4366439897746795,1.412578125,2.0165925872582324,4.171674077032912,2559452,,,0.0025427069598178,Information
312012,5783.0,6497.324392,RUS,Russia,Novosibirsk,0.022927836,0.0,0.65,0.49,,,,,,,,,,,,,,,,,,,,,,,,,,15.14113971180405,0.45855672,0.0,,,,,,,,,,,,,,,,,2.8125,0.0432870491064923,169.171875,2.6037160037555176,0.0421875,0.0649305736597384,5.921015625,9.113006013144313,15.14113971180405,27257,,,0.0298394422708516,Information
312015,5786.0,3094.536171,RUS,Russia,Novosibirsk,1.769404397,0.0,0.65,0.49,,,,,,,,,,,,,,,,,,,,,,,,,,48.45235147998938,35.38808794,0.0,,,,,,,,,,,,,,,,,127.125,4.108046989611347,272.671875,8.811397248734961,1.906875,6.162070484417021,9.543515625,30.839890370572363,48.45235147998938,8256,,,0.3867430598021857,Advisory
312428,5849.0,6986.384736,RUS,Russia,Khanty-Mansiy,0.638611372,0.0,0.65,0.49,,,,,,,,,,,,,,,,,,,,,,,,,,21.246247805212946,12.772227439999998,0.0,,,,,,,,,,,,,,,,,95.625,1.368733667129836,208.6875,2.987059944148054,1.434375,2.053100500694754,7.3040625,10.454709804518188,21.246247805212946,0,,,0.0789245739537271,Information
312446,5865.0,4707.450872,RUS,Russia,Tomsk,1.020416752,0.0,0.65,0.49,,,,,,,,,,,,,,,,,,,,,,,,,,7.225169222890424,20.40833504,0.0,,,,,,,,,,,,,,,,,26.859375,0.5705715413177688,54.5625,1.1590667959753629,0.402890625,0.8558573119766532,1.9096875,4.05673378591377,7.225169222890424,2177,,,0.0082123567310346,Information
312447,5866.0,62.81292475,RUS,Russia,Tomsk,3.876520761,0.0,0.65,0.49,,,,,,,,,,,,,,,,,,,,,,,,,,2.7034239973594696,77.53041522000001,0.0,,,,,,,,,,,,,,,,,0.140625,0.2238790831132891,0.421875,0.6716372493398673,0.002109375,0.3358186246699337,0.014765625,2.350730372689536,2.7034239973594696,0,,,0.0171026360082524,Information
312448,5867.0,6273.946222,RUS,Russia,Tomsk,3.409644934,0.0,0.65,0.49,,,,,,,,,,,,,,,,,,,,,,,,,,7.195013814092128,68.19289868,0.0,,,,,,,,,,,,,,,,,10.6875,0.1703473320005078,74.671875,1.1901899117403905,0.1603125,0.2555209980007617,2.613515625,4.165664691091367,7.195013814092128,938,,,0.0685997193282498,Information
312449,5868.0,5965.369689,RUS,Russia,Tomsk,2.380913067,0.0,0.65,0.49,,,,,,,,,,,,,,,,,,,,,,,,,,24.055087719537816,47.61826134,0.0,,,,,,,,,,,,,,,,,97.171875,1.628932992814774,215.15625,3.6067546729473294,1.457578125,2.443399489222161,7.53046875,12.623641355315652,24.055087719537816,342,,,0.2182221662321456,Information
312494,5900.0,11407.03824,RUS,Russia,Kemerovo,0.603877935,0.0,0.65,0.49,,,,,,,,,,,,,,,,,,,,,,,,,,0.8999131578892483,12.0775587,0.0,,,,,,,,,,,,,,,,,8.015625,0.0702691165679975,10.265625,0.0899937808677863,0.120234375,0.1054036748519962,0.359296875,0.314978233037252,0.8999131578892483,193187,,,2.3037179687770566e-06,Information
312496,5902.0,32737.99274,RUS,Russia,Kemerovo,2.538976225,0.0,0.65,0.49,,,,,,,,,,,,,,,,,,,,,,,,,,2.108412624060026,50.7795245,0.0,,,,,,,,,,,,,,,,,20.390625,0.062284285906577,37.40625,0.1142594486286172,0.305859375,0.0934264288598655,1.30921875,0.3999080702001601,2.108412624060026,129096,,,0.0008153068927548,Information
312546,5922.0,6342.486503,RUS,Russia,Tyumen',2.135815944,0.0,0.65,0.49,,,,,,,,,,,,,,,,,,,,,,,,,,29.3027622775778,42.71631888,0.0,,,,,,,,,,,,,,,,,2.8125,0.0443438074133245,323.71875,5.10397223327366,0.0421875,0.0665157111199867,11.33015625,17.86390281645781,29.3027622775778,0,,,0.251322449222488,Information
312547,5923.0,3183.367312,RUS,Russia,Tyumen',4.009602564,0.0,0.65,0.49,,,,,,,,,,,,,,,,,,,,,,,,,,16.859733422164346,80.19205127999999,0.0,,,,,,,,,,,,,,,,,3.65625,0.1148547949831686,114.75,3.604673565625599,0.05484375,0.1722821924747529,4.01625,12.616357479689595,16.859733422164346,2,,,0.4359855957340623,Advisory
312549,5925.0,6653.691615,RUS,Russia,Tyumen',1.723829474,0.0,0.65,0.49,,,,,,,,,,,,,,,,,,,,,,,,,,4.573900042111573,34.47658948,0.0,,,,,,,,,,,,,,,,,10.265625,0.1542846527119237,47.8125,0.718586053726768,0.153984375,0.2314269790678855,1.6734375,2.515051188043688,4.573900042111573,4822,,,0.0038834179903492,Information
312628,5940.0,7394.15135,RUS,Russia,Sverdlovsk,3.069666629,0.0,0.65,0.49,,,,,,,,,,,,,,,,,,,,,,,,,,0.3043443695475938,61.39333258,0.0,,,,,,,,,,,,,,,,,0.421875,0.0057055229200302,3.515625,0.0475460243335853,0.006328125,0.0085582843800453,0.123046875,0.1664110851675485,0.3043443695475938,23201,,,6.394007135474957e-07,Information
312870,6019.0,2001.11739,KAZ,Kazakhstan,Aqmola,2.578473836,0.0,0.63,0.51,,,,,,,,,,,,,,,,,,,,,,,,,,34.96138047834791,51.56947672,0.0,,,,,,,,,,,,,,,,,9.0,0.4497487276840589,162.703125,8.130613717663378,0.135,0.6746230915260883,5.694609375,28.457148011821825,34.96138047834791,2796,,,0.3722552194999889,Advisory
312926,6038.0,3798.659024,RUS,Russia,Omsk,3.168769187,0.0,0.65,0.49,,,,,,,,,,,,,,,,,,,,,,,,,,11.056729798440744,63.37538374,0.0,,,,,,,,,,,,,,,,,0.140625,0.0037019642750938,86.90625,2.28781392200803,0.002109375,0.0055529464126407,3.04171875,8.007348727028104,11.056729798440744,13024,,,0.1155205529710517,Information
312944,6054.0,3617.348455,RUS,Russia,Novosibirsk,3.131486572,0.0,0.65,0.49,,,,,,,,,,,,,,,,,,,,,,,,,,13.877607571533266,62.62973144,0.0,,,,,,,,,,,,,,,,,42.328125,1.1701423162908688,87.1875,2.410259920599132,0.634921875,1.7552134744363033,3.0515625,8.435909722096962,13.877607571533266,1104,,,0.1609407485297742,Information
312947,6057.0,4307.575014,RUS,Russia,Novosibirsk,2.391964434,0.0,0.65,0.49,,,,,,,,,,,,,,,,,,,,,,,,,,18.27702752067284,47.83928868,0.0,,,,,,,,,,,,,,,,,98.4375,2.285218474181188,115.03125,2.670441016971731,1.4765625,3.427827711271782,4.02609375,9.34654355940106,18.27702752067284,1679,,,0.1471616498124337,Information
312948,6058.0,4310.574055,RUS,Russia,Novosibirsk,2.063116537,0.0,0.65,0.49,,,,,,,,,,,,,,,,,,,,,,,,,,6.482318480280574,41.26233074,0.0,,,,,,,,,,,,,,,,,33.046875,0.7666467291976484,41.625,0.9656486461383146,0.495703125,1.1499700937964723,1.456875,3.379770261484101,6.482318480280574,0,,,0.0137620662185258,Information
322218,6172.0,6159.776655,RUS,Russia,Krasnoyarsk,4.016687646,0.0,0.65,0.49,,,,,,,,,,,,,,,,,,,,,,,,,,0.1863049106012884,80.33375292000001,0.0,,,,,,,,,,,,,,,,,1.125,0.0182636492041645,1.546875,0.0251125176557262,0.016875,0.0273954738062467,0.054140625,0.0878938117950417,0.1863049106012884,18,,,1.5866293221606758e-06,Information
322245,6180.0,455.6770184,RUS,Russia,Krasnoyarsk,4.00526003,0.0,0.65,0.49,,,,,,,,,,,,,,,,,,,,,,,,,,1.532678898986059,80.10520059999999,0.0,,,,,,,,,,,,,,,,,0.84375,0.1851640451350811,1.546875,0.3394674160809821,0.01265625,0.2777460677026216,0.054140625,1.1881359562834373,1.532678898986059,0,,,0.0051820120822585,Information
322247,6182.0,1798.035458,RUS,Russia,Krasnoyarsk,4.005260027,0.0,0.65,0.49,,,,,,,,,,,,,,,,,,,,,,,,,,0.2214548633507472,80.10520054,0.0,,,,,,,,,,,,,,,,,0.28125,0.0156420719458956,0.84375,0.0469262158376868,0.00421875,0.0234631079188433,0.02953125,0.1642417554319038,0.2214548633507472,0,,,3.429867910874369e-06,Information
322249,6184.0,4315.566147,RUS,Russia,Krasnoyarsk,1.579916107,0.0,0.65,0.49,,,,,,,,,,,,,,,,,,,,,,,,,,0.3125417852185749,31.59832214,0.0,,,,,,,,,,,,,,,,,0.703125,0.0162927638222817,2.390625,0.0553953969957578,0.010546875,0.0244391457334225,0.083671875,0.1938838894851523,0.3125417852185749,522,,,3.5540989939809115e-08,Information
322644,6296.0,9914.97481,RUS,Russia,Krasnoyarsk,3.115740323,0.0,0.65,0.49,,,,,,,,,,,,,,,,,,,,,,,,,,5.195776649984802,62.31480646,0.0,,,,,,,,,,,,,,,,,19.546875,0.197144978919754,65.53125,0.6609320876014775,0.293203125,0.295717468379631,2.29359375,2.3132623066051714,5.195776649984802,14044,,,0.0237720313605121,Information
322646,6298.0,9159.035936,RUS,Russia,Krasnoyarsk,4.001766735,0.0,0.65,0.49,,,,,,,,,,,,,,,,,,,,,,,,,,0.4853671377814101,80.0353347,0.0,,,,,,,,,,,,,,,,,2.671875,0.0291720113202836,5.484375,0.0598793916574242,0.040078125,0.0437580169804254,0.191953125,0.2095778708009847,0.4853671377814101,5236,,,0.0001008755627095,Information
322649,6301.0,6078.252736,RUS,Russia,Krasnoyarsk,0.409173883,0.0,0.65,0.49,,,,,,,,,,,,,,,,,,,,,,,,,,0.1469331292677327,8.183477660000001,0.0,,,,,,,,,,,,,,,,,0.421875,0.0069407281722328,1.40625,0.0231357605741096,0.006328125,0.0104110922583492,0.04921875,0.0809751620093836,0.1469331292677327,0,,,6.070068561041979e-11,Information
322661,6304.0,324.9588083,RUS,Russia,Khakass,4.025926158,0.0,0.65,0.49,,,,,,,,,,,,,,,,,,,,,,,,,,16.800043052139706,80.51852316,0.0,,,,,,,,,,,,,,,,,6.046875,1.8608127692606573,12.515625,3.85144968521392,0.090703125,2.791219153890986,0.438046875,13.48007389824872,16.800043052139706,54213,,,0.4411387671580224,Advisory
322663,6306.0,7382.418482,RUS,Russia,Khakass,2.245921798,0.0,0.65,0.49,,,,,,,,,,,,,,,,,,,,,,,,,,6.618916019792238,44.91843596,0.0,,,,,,,,,,,,,,,,,33.1875,0.4495478017363523,66.09375,0.8952858763393455,0.4978125,0.6743217026045284,2.31328125,3.1335005671877094,6.618916019792238,52888,,,0.0170501587194733,Information
322664,6307.0,3396.947488,RUS,Russia,Khakass,3.215283512,0.0,0.65,0.49,,,,,,,,,,,,,,,,,,,,,,,,,,0.1026009272123119,64.30567024,0.0,,,,,,,,,,,,,,,,,0.421875,0.0124192381965911,0.5625,0.0165589842621215,0.006328125,0.0186288572948866,0.0196875,0.0579564449174252,0.1026009272123119,20079,,,2.429941819892589e-09,Information
322667,6310.0,2322.286187,RUS,Russia,Khakass,4.014201601,0.0,0.65,0.49,,,,,,,,,,,,,,,,,,,,,,,,,,0.9961376461726088,80.28403202,0.0,,,,,,,,,,,,,,,,,2.671875,0.1150536490807458,4.21875,0.1816636564432829,0.040078125,0.1725804736211187,0.14765625,0.6358227975514901,0.9961376461726088,161,,,0.0014165076824748,Information
322672,6314.0,5458.35971,RUS,Russia,Krasnoyarsk,2.298915965,0.0,0.65,0.49,,,,,,,,,,,,,,,,,,,,,,,,,,0.8662097206508026,45.9783193,0.0,,,,,,,,,,,,,,,,,1.6875,0.0309158811393546,8.015625,0.1468504354119345,0.0253125,0.0463738217090319,0.280546875,0.5139765239417707,0.8662097206508026,20747,,,1.7901869688557556e-05,Information
322677,6319.0,8956.74617,RUS,Russia,Tuva,3.173140675,0.0,0.65,0.49,,,,,,,,,,,,,,,,,,,,,,,,,,1.443503370645381,63.4628135,0.0,,,,,,,,,,,,,,,,,0.84375,0.0094202736574686,19.125,0.2135262029026223,0.01265625,0.0141304104862029,0.669375,0.747341710159178,1.443503370645381,27616,,,0.000616234281557,Information
322678,6320.0,6602.949935,RUS,Russia,Tuva,1.697233591,0.0,0.65,0.49,,,,,,,,,,,,,,,,,,,,,,,,,,0.5498448767161865,33.94467182,0.0,,,,,,,,,,,,,,,,,0.140625,0.0021297299145735,6.1875,0.0937081162412361,0.002109375,0.0031945948718602,0.2165625,0.3279784068443263,0.5498448767161865,13341,,,8.396950536126561e-07,Information
322691,6331.0,6981.902146,RUS,Russia,Tuva,3.592861822,0.0,0.65,0.49,,,,,,,,,,,,,,,,,,,,,,,,,,1.3236893564886565,71.85723644000001,0.0,,,,,,,,,,,,,,,,,2.8125,0.0402827186815843,14.34375,0.20544186527608,0.0421875,0.0604240780223764,0.50203125,0.7190465284662799,1.3236893564886565,61346,,,0.0011183157869495,Information
322692,6332.0,6006.771613,RUS,Russia,Tuva,3.344852339,0.0,0.65,0.49,,,,,,,,,,,,,,,,,,,,,,,,,,0.4515566174051137,66.89704678,0.0,,,,,,,,,,,,,,,,,0.140625,0.0023411078207893,4.78125,0.0795976659068371,0.002109375,0.0035116617311839,0.16734375,0.2785918306739298,0.4515566174051137,12640,,,8.747392275254915e-06,Information
322693,6333.0,6956.453434,RUS,Russia,Tuva,4.031748652,0.0,0.65,0.49,,,,,,,,,,,,,,,,,,,,,,,,,,1.182575207233841,80.63497304,0.0,,,,,,,,,,,,,,,,,2.8125,0.0404300844773241,12.65625,0.1819353801479585,0.0421875,0.0606451267159861,0.44296875,0.6367738305178547,1.182575207233841,643,,,0.0025887774915713,Information
322727,6347.0,4573.707884,RUS,Russia,Irkutsk,3.017834524,0.0,0.65,0.49,,,,,,,,,,,,,,,,,,,,,,,,,,0.8065599950069212,60.35669048,0.0,,,,,,,,,,,,,,,,,0.140625,0.0030746388611495,7.171875,0.1568065819186277,0.002109375,0.0046119582917242,0.251015625,0.5488230367151969,0.8065599950069212,21609,,,4.91197894023967e-05,Information
322743,6361.0,11054.26449,RUS,Russia,Irkutsk,2.669499019,0.0,0.65,0.49,,,,,,,,,,,,,,,,,,,,,,,,,,2.6931145938337475,53.38998038,0.0,,,,,,,,,,,,,,,,,2.390625,0.0216262692393572,39.375,0.3561973757070605,0.035859375,0.0324394038590358,1.378125,1.2466908149747118,2.6931145938337475,17111,,,0.0021782956459464,Information
322745,6363.0,831.4604786,RUS,Russia,Irkutsk,0.358292793,0.0,0.65,0.49,,,,,,,,,,,,,,,,,,,,,,,,,,4.51569777096616,7.16585586,0.0,,,,,,,,,,,,,,,,,2.109375,0.2536951610121395,9.0,1.0824326869851288,0.031640625,0.3805427415182092,0.315,3.788514404447951,4.51569777096616,72556,,,0.0012503580191592,Information
322747,6365.0,12367.53735,RUS,Russia,Buryat,3.053462478,0.0,0.65,0.49,,,,,,,,,,,,,,,,,,,,,,,,,,3.766626300346175,61.06924956,0.0,,,,,,,,,,,,,,,,,1.6875,0.0136445919001715,58.78125,0.4752866178559766,0.0253125,0.0204668878502572,2.05734375,1.663503162495918,3.766626300346175,2507,,,0.0097559262401049,Information
322754,6371.0,9180.227011,RUS,Russia,Irkutsk,2.541746751,0.0,0.65,0.49,,,,,,,,,,,,,,,,,,,,,,,,,,1.42349727200103,50.83493502,0.0,,,,,,,,,,,,,,,,,0.140625,0.0015318248648112,19.40625,0.2113918313439466,0.002109375,0.0022977372972168,0.67921875,0.739871409703813,1.42349727200103,155319,,,0.0001985026131018,Information
322763,6379.0,3592.8578,RUS,Russia,Buryat,3.307851052,0.0,0.65,0.49,,,,,,,,,,,,,,,,,,,,,,,,,,1.5029749157400345,66.15702104,0.0,,,,,,,,,,,,,,,,,0.5625,0.0156560607538411,11.109375,0.3092071998883637,0.0084375,0.0234840911307616,0.388828125,1.0822251996092729,1.5029749157400345,1063,,,0.0009219559926547,Information
322764,6380.0,6329.591913,RUS,Russia,Buryat,3.36602304,0.0,0.65,0.49,,,,,,,,,,,,,,,,,,,,,,,,,,0.8961054312800536,67.3204608,0.0,,,,,,,,,,,,,,,,,3.796875,0.0599860947148237,8.296875,0.131080725487948,0.056953125,0.0899791420722355,0.290390625,0.458782539207818,0.8961054312800536,2148,,,0.0001612970249462,Information
322765,6381.0,5486.219497,RUS,Russia,Irkutsk,3.279121378,0.0,0.65,0.49,,,,,,,,,,,,,,,,,,,,,,,,,,3.963536262899501,65.58242756,0.0,,,,,,,,,,,,,,,,,6.328125,0.1153458224391362,37.40625,0.6818219726402276,0.094921875,0.1730187336587043,1.30921875,2.3863769042407967,3.963536262899501,2060,,,0.0153310447665932,Information
322774,6389.0,34895.06256,RUS,Russia,Buryat,3.043996812,0.0,0.65,0.49,,,,,,,,,,,,,,,,,,,,,,,,,,0.3319962695672065,60.87993624,0.0,,,,,,,,,,,,,,,,,0.140625,0.000402993975843,7.3125,0.0209556867438406,0.002109375,0.0006044909637644,0.2559375,0.0733449036034421,0.3319962695672065,377922,,,9.244872143003272e-07,Information
322783,6397.0,1568.488885,RUS,Russia,Zabaykal'ye,3.065950809,0.0,0.65,0.49,,,,,,,,,,,,,,,,,,,,,,,,,,1.1564652594719047,61.31901618,0.0,,,,,,,,,,,,,,,,,0.28125,0.017931271470348,4.359375,0.2779347077903951,0.00421875,0.026896907205522,0.152578125,0.9727714772663828,1.1564652594719047,887,,,0.0002240702487556,Information
322868,6426.0,2458.091715,MNG,Mongolia,Arhangay,4.129131688,0.0,0.62,0.53,,,,,,,,,,,,,,,,,,,,,,,,,,0.3741754414296308,82.58263376000001,0.0,,,,,,,,,,,,,,,,,0.984375,0.0400463088572841,1.6875,0.0686508151839156,0.014765625,0.0600694632859261,0.0590625,0.2402778531437046,0.3741754414296308,3364,,,6.139242006614304e-05,Information
322921,6442.0,1554.31781,MNG,Mongolia,Bulgan,4.041912303,0.0,0.62,0.53,,,,,,,,,,,,,,,,,,,,,,,,,,0.5279081892716866,80.83824606,0.0,,,,,,,,,,,,,,,,,0.140625,0.0090473775103304,1.96875,0.126663285144626,0.002109375,0.0135710662654956,0.06890625,0.443321498006191,0.5279081892716866,0,,,0.0001642329373161,Information
322923,6444.0,3805.420961,MNG,Mongolia,Bulgan,4.128032747,0.0,0.62,0.53,,,,,,,,,,,,,,,,,,,,,,,,,,0.7601437896820149,82.56065493999999,0.0,,,,,,,,,,,,,,,,,3.796875,0.0997754266537879,4.359375,0.114556971343238,0.056953125,0.1496631399806818,0.152578125,0.400949399701333,0.7601437896820149,5216,,,0.0008652163907085,Information
322927,6448.0,12111.17037,MNG,Mongolia,Hövsgöl,4.028280574,0.0,0.62,0.53,,,,,,,,,,,,,,,,,,,,,,,,,,2.8626155121878485,80.56561148,0.0,,,,,,,,,,,,,,,,,9.703125,0.080117153893239,40.640625,0.3355631518137115,0.145546875,0.1201757308398585,1.422421875,1.1744710313479902,2.8626155121878485,10035,,,0.0277265938076425,Information
322960,6454.0,23589.7592,MNG,Mongolia,Hövsgöl,4.178504713,0.0,0.62,0.53,,,,,,,,,,,,,,,,,,,,,,,,,,0.2593078633136406,83.57009425999999,0.0,,,,,,,,,,,,,,,,,0.984375,0.0041728912601968,4.78125,0.0202683289780987,0.014765625,0.0062593368902951,0.16734375,0.0709391514233454,0.2593078633136406,46410,,,1.670803361549891e-05,Information
331230,6462.0,21999.55567,RUS,Russia,Krasnoyarsk,3.226742293,0.0,0.65,0.49,,,,,,,,,,,,,,,,,,,,,,,,,,7.096749337240177,64.53484586,0.0,,,,,,,,,,,,,,,,,19.125,0.0869335739630102,131.203125,0.5963898860844749,0.286875,0.1304003609445153,4.592109375,2.087364601295662,7.096749337240177,11,,,0.0538175955969377,Information
331291,6476.0,1960.736892,RUS,Russia,Krasnoyarsk,1.197181474,0.0,0.65,0.49,,,,,,,,,,,,,,,,,,,,,,,,,,0.5919025934197434,23.94362948,0.0,,,,,,,,,,,,,,,,,6.46875,0.3299142289464956,0.0,0.0,0.09703125,0.4948713434197433,0.0,0.0,0.5919025934197434,0,,,5.992422223734236e-07,Information
331292,6477.0,4504.650395,RUS,Russia,Krasnoyarsk,3.893449365,0.0,0.65,0.49,,,,,,,,,,,,,,,,,,,,,,,,,,0.5410988551940324,77.8689873,0.0,,,,,,,,,,,,,,,,,7.59375,0.168575790213203,1.546875,0.034339512821208,0.11390625,0.2528636853198044,0.054140625,0.120188294874228,0.5410988551940324,0,,,0.0001031667427301,Information
331840,6587.0,12075.32949,RUS,Russia,Sakha,3.537806279,0.0,0.65,0.49,,,,,,,,,,,,,,,,,,,,,,,,,,6.864074704310745,70.75612558,0.0,,,,,,,,,,,,,,,,,20.953125,0.1735201099034835,98.296875,0.8140305827015772,0.314296875,0.2602801648552252,3.440390625,2.84910703945552,6.864074704310745,0,,,0.0736172966594355,Information
331869,6597.0,7603.621108,RUS,Russia,Krasnoyarsk,1.052672795,0.0,0.65,0.49,,,,,,,,,,,,,,,,,,,,,,,,,,2.5133986681359954,21.053455900000003,0.0,,,,,,,,,,,,,,,,,6.75,0.0887734923193365,28.125,0.3698895513305688,0.10125,0.1331602384790047,0.984375,1.2946134296569909,2.5133986681359954,0,,,0.0002832826164309,Information
331890,6600.0,17273.41877,RUS,Russia,Sakha,3.258300144,0.0,0.65,0.49,,,,,,,,,,,,,,,,,,,,,,,,,,7.1784308137529935,65.16600288000001,0.0,,,,,,,,,,,,,,,,,7.453125,0.0431479436680818,126.703125,0.7335150423573916,0.111796875,0.0647219155021227,4.434609375,2.5673026482508705,7.1784308137529935,0,,,0.057109215201167,Information
342229,6648.0,11105.75031,RUS,Russia,Sakha,3.364340554,0.0,0.65,0.49,,,,,,,,,,,,,,,,,,,,,,,,,,2.1326437669752742,67.28681108,0.0,,,,,,,,,,,,,,,,,1.96875,0.0177273029293907,31.21875,0.2811043750231965,0.02953125,0.026590954394086,1.09265625,0.9838653125811878,2.1326437669752742,0,,,0.0031627233761281,Information
342244,6661.0,7598.013594,RUS,Russia,Sakha,1.001901129,0.0,0.65,0.49,,,,,,,,,,,,,,,,,,,,,,,,,,4.468690014636998,20.03802258,0.0,,,,,,,,,,,,,,,,,0.984375,0.0129556888501887,54.703125,0.7199661375319186,0.014765625,0.019433533275283,1.914609375,2.519881481361715,4.468690014636998,0,,,0.0019604531330449,Information
342247,6664.0,3483.131253,RUS,Russia,Sakha,1.724734934,0.0,0.65,0.49,,,,,,,,,,,,,,,,,,,,,,,,,,4.782172343296472,34.49469868,0.0,,,,,,,,,,,,,,,,,0.984375,0.0282612089107288,34.875,1.001254258551537,0.014765625,0.0423918133660932,1.220625,3.50438990493038,4.782172343296472,0,,,0.0044322493048109,Information
342286,6683.0,3524.275488,RUS,Russia,Irkutsk,2.613694789,0.0,0.65,0.49,,,,,,,,,,,,,,,,,,,,,,,,,,0.2158572730313965,52.27389578,0.0,,,,,,,,,,,,,,,,,1.125,0.0319214546062793,1.125,0.0319214546062793,0.016875,0.0478821819094189,0.039375,0.1117250911219775,0.2158572730313965,0,,,3.3578401170795555e-08,Information
342306,6701.0,5508.183463,RUS,Russia,Sakha,3.370889367,0.0,0.65,0.49,,,,,,,,,,,,,,,,,,,,,,,,,,3.7751635044071614,67.41778734,0.0,,,,,,,,,,,,,,,,,9.984375,0.1812643871923528,34.03125,0.6178307281767521,0.149765625,0.2718965807885292,1.19109375,2.1624075486186323,3.7751635044071614,51,,,0.0155682905786869,Information
342412,6706.0,11691.22442,RUS,Russia,Sakha,2.453356961,0.0,0.65,0.49,,,,,,,,,,,,,,,,,,,,,,,,,,12.06827759323098,49.06713922,0.0,,,,,,,,,,,,,,,,,39.234375,0.3355882462190992,169.03125,1.4457959568292376,0.588515625,0.5033823693286488,5.91609375,5.060285848902332,12.06827759323098,2204,,,0.0749438870632473,Information
342427,6720.0,3547.702152,RUS,Russia,Sakha,1.308615795,0.0,0.65,0.49,,,,,,,,,,,,,,,,,,,,,,,,,,0.2040631661441946,26.1723159,0.0,,,,,,,,,,,,,,,,,0.28125,0.0079276666391681,1.40625,0.0396383331958407,0.00421875,0.0118914999587521,0.04921875,0.1387341661854424,0.2040631661441946,0,,,1.918636977747856e-09,Information
342434,6726.0,13978.01676,RUS,Russia,Sakha,3.54673989,0.0,0.65,0.49,,,,,,,,,,,,,,,,,,,,,,,,,,5.713518356926755,70.9347978,0.0,,,,,,,,,,,,,,,,,26.15625,0.1871241854078009,83.953125,0.6006082725185867,0.39234375,0.2806862781117013,2.938359375,2.1021289538150536,5.713518356926755,6779,,,0.0518997079200506,Information
342448,6739.0,18029.78906,RUS,Russia,Khabarovsk,3.43465951,0.0,0.65,0.49,,,,,,,,,,,,,,,,,,,,,,,,,,1.7336639022247518,68.6931902,0.0,,,,,,,,,,,,,,,,,11.671875,0.0647366142933851,26.859375,0.1489722087956212,0.175078125,0.0971049214400776,0.940078125,0.5214027307846743,1.7336639022247518,21,,,0.0019042734164228,Information
342456,6746.0,3823.788657,RUS,Russia,Sakha,1.810040075,0.0,0.65,0.49,,,,,,,,,,,,,,,,,,,,,,,,,,0.2821556320558406,36.2008015,0.0,,,,,,,,,,,,,,,,,0.28125,0.0073552705245348,2.109375,0.055164528934011,0.00421875,0.0110329057868021,0.073828125,0.1930758512690384,0.2821556320558406,0,,,2.9627129780579784e-08,Information
342514,6781.0,4308.20966,RUS,Russia,Sakha,2.438443927,0.0,0.65,0.49,,,,,,,,,,,,,,,,,,,,,,,,,,4.051543293512268,48.76887854,0.0,,,,,,,,,,,,,,,,,14.0625,0.3264116908947859,28.828125,0.6691439663343111,0.2109375,0.4896175363421788,1.008984375,2.3420038821700886,4.051543293512268,3328,,,0.0055863676472799,Information
342541,6789.0,2118.911746,RUS,Russia,Sakha,1.065248499,0.0,0.65,0.49,,,,,,,,,,,,,,,,,,,,,,,,,,1.8136765424795385,21.30496998,0.0,,,,,,,,,,,,,,,,,2.109375,0.0995499224487497,8.15625,0.3849263668018325,0.031640625,0.1493248836731245,0.28546875,1.3472422838064138,1.8136765424795385,0,,,8.155055181800698e-05,Information
342542,6790.0,4126.092524,RUS,Russia,Sakha,3.565008746,0.0,0.65,0.49,,,,,,,,,,,,,,,,,,,,,,,,,,3.2545602473533632,71.30017492,0.0,,,,,,,,,,,,,,,,,6.609375,0.1601848470793019,24.328125,0.5896165647812601,0.099140625,0.2402772706189528,0.851484375,2.0636579767344103,3.2545602473533632,8684,,,0.0147464827697287,Information
342544,6792.0,3395.640124,RUS,Russia,Sakha,1.250068223,0.0,0.65,0.49,,,,,,,,,,,,,,,,,,,,,,,,,,1.963846831903116,25.00136446,0.0,,,,,,,,,,,,,,,,,2.671875,0.0786854584919751,13.078125,0.3851446126186151,0.040078125,0.1180281877379626,0.457734375,1.348006144165153,1.963846831903116,10,,,0.0001349675494472,Information
342547,6795.0,10990.48471,RUS,Russia,Sakha,2.926084487,0.0,0.65,0.49,,,,,,,,,,,,,,,,,,,,,,,,,,4.307968513082894,58.52168974,0.0,,,,,,,,,,,,,,,,,11.25,0.1023612724729623,59.625,0.5425147441067002,0.16875,0.1535419087094434,2.086875,1.8988016043734504,4.307968513082894,6,,,0.011765418913721,Information
342549,6797.0,2545.95271,RUS,Russia,Sakha,0.280254679,0.0,0.65,0.49,,,,,,,,,,,,,,,,,,,,,,,,,,3.4995099058449566,5.60509358,0.0,,,,,,,,,,,,,,,,,1.40625,0.0552347258583159,19.6875,0.7732861620164236,0.02109375,0.0828520887874738,0.6890625,2.7065015670574826,3.4995099058449566,0,,,0.0004923462966962,Information
342622,6805.0,22910.80521,RUS,Russia,Sakha,2.607439082,0.0,0.65,0.49,,,,,,,,,,,,,,,,,,,,,,,,,,8.961922345250606,52.14878164,0.0,,,,,,,,,,,,,,,,,40.21875,0.1755448995811277,161.015625,0.7027933916796897,0.60328125,0.2633173493716915,5.635546875,2.459776870878914,8.961922345250606,543,,,0.0469561463257901,Information
342624,6807.0,6023.01487,RUS,Russia,Irkutsk,2.257906463,0.0,0.65,0.49,,,,,,,,,,,,,,,,,,,,,,,,,,0.7687845767867181,45.15812926,0.0,,,,,,,,,,,,,,,,,2.53125,0.0420262950470118,7.171875,0.1190745026332001,0.03796875,0.0630394425705177,0.251015625,0.4167607592162003,0.7687845767867181,0,,,9.88828735053548e-06,Information
342627,6810.0,7285.212437,RUS,Russia,Zabaykal'ye,0.994902841,0.0,0.65,0.49,,,,,,,,,,,,,,,,,,,,,,,,,,2.01359586639944,19.89805682,0.0,,,,,,,,,,,,,,,,,13.921875,0.1910977218699992,18.28125,0.2509364024555545,0.208828125,0.2866465828049988,0.63984375,0.8782774085944407,2.01359586639944,92,,,0.0001150817318682,Information
342650,6823.0,4738.801006,RUS,Russia,Amur,1.719272964,0.0,0.65,0.49,,,,,,,,,,,,,,,,,,,,,,,,,,1.2508990190522438,34.38545928,0.0,,,,,,,,,,,,,,,,,0.5625,0.0118700911755558,11.25,0.2374018235111172,0.0084375,0.0178051367633337,0.39375,0.8309063822889101,1.2508990190522438,222,,,3.748511132043722e-05,Information
342840,6856.0,11213.01885,RUS,Russia,Irkutsk,1.307886317,0.0,0.65,0.49,,,,,,,,,,,,,,,,,,,,,,,,,,0.4668953858514697,26.15772634,0.0,,,,,,,,,,,,,,,,,0.703125,0.0062706128447712,6.75,0.0601978833098037,0.010546875,0.0094059192671568,0.23625,0.2106925915843129,0.4668953858514697,47,,,2.057262447637449e-07,Information
342936,6885.0,3605.748151,RUS,Russia,Irkutsk,4.01846221,0.0,0.65,0.49,,,,,,,,,,,,,,,,,,,,,,,,,,1.010844968344534,80.3692442,0.0,,,,,,,,,,,,,,,,,3.09375,0.0858005015935944,6.328125,0.1755010259868978,0.04640625,0.1287007523903915,0.221484375,0.6142535909541422,1.010844968344534,134,,,0.0015069780814677,Information
342938,6887.0,6507.857707,RUS,Russia,Zabaykal'ye,2.407229586,0.0,0.65,0.49,,,,,,,,,,,,,,,,,,,,,,,,,,0.5243636022830398,48.14459172,0.0,,,,,,,,,,,,,,,,,1.96875,0.0302518906936228,5.0625,0.0777905760693159,0.02953125,0.0453778360404342,0.1771875,0.2722670162426056,0.5243636022830398,1384,,,2.173842787849869e-06,Information
342980,6901.0,17515.45284,RUS,Russia,Zabaykal'ye,3.330356019,0.0,0.65,0.49,,,,,,,,,,,,,,,,,,,,,,,,,,0.439613384586062,66.60712038,0.0,,,,,,,,,,,,,,,,,0.28125,0.0016057249707141,7.875,0.0449602991799974,0.00421875,0.0024085874560711,0.275625,0.1573610471299909,0.439613384586062,135,,,7.44862091593162e-06,Information
351218,6927.0,3068.162955,RUS,Russia,Sakha,3.095695172,0.0,0.65,0.49,,,,,,,,,,,,,,,,,,,,,,,,,,4.576063194977212,61.91390344,0.0,,,,,,,,,,,,,,,,,11.25,0.3666689209400222,25.875,0.843338518162051,0.16875,0.5500033814100332,0.905625,2.9516848135671783,4.576063194977212,0,,,0.0170448011304082,Information
351222,6930.0,3859.293948,RUS,Russia,Sakha,1.848586181,0.0,0.65,0.49,,,,,,,,,,,,,,,,,,,,,,,,,,0.7953830673048037,36.97172362,0.0,,,,,,,,,,,,,,,,,2.953125,0.0765198256406405,5.0625,0.1311768439553837,0.044296875,0.1147797384609607,0.1771875,0.4591189538438429,0.7953830673048037,0,,,6.1411718150302345e-06,Information
351242,6940.0,4954.090432,RUS,Russia,Sakha,3.214232366,0.0,0.65,0.49,,,,,,,,,,,,,,,,,,,,,,,,,,0.8001473342644683,64.28464732,0.0,,,,,,,,,,,,,,,,,0.28125,0.0056771268887476,7.453125,0.1504438625518134,0.00421875,0.0085156903331214,0.260859375,0.5265535189313469,0.8001473342644683,0,,,7.277545800065012e-05,Information
351247,6945.0,2248.692127,RUS,Russia,Sakha,3.072964101,0.0,0.65,0.49,,,,,,,,,,,,,,,,,,,,,,,,,,11.888141664587554,61.45928202,0.0,,,,,,,,,,,,,,,,,14.90625,0.6628853198751808,55.96875,2.488946767078509,0.22359375,0.9943279798127712,1.95890625,8.711313684774781,11.888141664587554,0,,,0.1197626983899932,Information
351458,6997.0,2856.748955,RUS,Russia,Sakha,1.645067981,0.0,0.65,0.49,,,,,,,,,,,,,,,,,,,,,,,,,,1.6138449310796168,32.90135962,0.0,,,,,,,,,,,,,,,,,3.234375,0.1132187339797301,8.859375,0.3101208800314348,0.048515625,0.1698281009695951,0.310078125,1.0854230801100218,1.6138449310796168,0,,,9.66772935964659e-05,Information
351461,6999.0,5923.804606,RUS,Russia,Sakha,2.475715614,0.0,0.65,0.49,,,,,,,,,,,,,,,,,,,,,,,,,,10.414304063099776,49.51431228,0.0,,,,,,,,,,,,,,,,,23.34375,0.3940668464517471,100.6875,1.699710012406331,0.35015625,0.5911002696776206,3.5240625,5.948985043422158,10.414304063099776,0,,,0.057224288459572,Information
351462,7000.0,7442.843194,RUS,Russia,Sakha,2.412479872,0.0,0.65,0.49,,,,,,,,,,,,,,,,,,,,,,,,,,5.225251385473209,48.24959744,0.0,,,,,,,,,,,,,,,,,5.90625,0.0793547552443234,61.171875,0.8218885364590639,0.08859375,0.119032132866485,2.141015625,2.8766098776067235,5.225251385473209,18,,,0.0109260377514803,Information
351463,7001.0,5819.084124,RUS,Russia,Sakha,3.018925686,0.0,0.65,0.49,,,,,,,,,,,,,,,,,,,,,,,,,,15.17869504922064,60.37851372,0.0,,,,,,,,,,,,,,,,,30.65625,0.5268225952600678,146.390625,2.5156987232372963,0.45984375,0.7902338928901017,5.123671875,8.804945531330537,15.17869504922064,0,,,0.1686588096942265,Information
351466,7004.0,1746.176692,RUS,Russia,Sakha,4.036179625,0.0,0.65,0.49,,,,,,,,,,,,,,,,,,,,,,,,,,1.7689374826069546,80.7235925,0.0,,,,,,,,,,,,,,,,,0.140625,0.0080533087305184,7.453125,0.4268253627174792,0.002109375,0.0120799630957776,0.260859375,1.493888769511177,1.7689374826069546,0,,,0.0084585882166827,Information
351468,7006.0,3281.257024,RUS,Russia,Sakha,2.600156338,0.0,0.65,0.49,,,,,,,,,,,,,,,,,,,,,,,,,,4.064055950005335,52.00312676,0.0,,,,,,,,,,,,,,,,,5.90625,0.1799996147061961,26.15625,0.7971411508417258,0.08859375,0.2699994220592941,0.91546875,2.78999402794604,4.064055950005335,343,,,0.0067754244351032,Information
351469,7007.0,3552.873474,RUS,Russia,Sakha,2.102102296,0.0,0.65,0.49,,,,,,,,,,,,,,,,,,,,,,,,,,4.744735585270885,42.04204592,0.0,,,,,,,,,,,,,,,,,5.484375,0.1543644894862233,33.1875,0.9341030645833,0.082265625,0.2315467342293349,1.1615625,3.26936072604155,4.744735585270885,128,,,0.0061628097751393,Information
351491,7010.0,8597.553739,RUS,Russia,Sakha,3.018759736,0.0,0.65,0.49,,,,,,,,,,,,,,,,,,,,,,,,,,12.54779490767121,60.37519472,0.0,,,,,,,,,,,,,,,,,52.03125,0.6051866795971752,143.4375,1.6683524680786992,0.78046875,0.9077800193957628,5.0203125,5.839233638275447,12.54779490767121,5415,,,0.1250903941322326,Information
351494,7013.0,23533.69148,RUS,Russia,Sakha,2.869179272,0.0,0.65,0.49,,,,,,,,,,,,,,,,,,,,,,,,,,3.212087493926131,57.38358544,0.0,,,,,,,,,,,,,,,,,2.953125,0.0125484988287266,63.140625,0.2682988559094403,0.044296875,0.0188227482430899,2.209921875,0.939045995683041,3.212087493926131,1276,,,0.0048644545345139,Information
351495,7014.0,2153.566768,RUS,Russia,Sakha,2.508318794,0.0,0.65,0.49,,,,,,,,,,,,,,,,,,,,,,,,,,2.741927689750652,50.16637588,0.0,,,,,,,,,,,,,,,,,6.46875,0.3003737843083358,11.109375,0.5158593252251853,0.09703125,0.4505606764625036,0.388828125,1.8055076382881483,2.741927689750652,19,,,0.0018656422919067,Information
351499,7018.0,7560.638342,RUS,Russia,Sakha,0.823138092,0.0,0.65,0.49,,,,,,,,,,,,,,,,,,,,,,,,,,1.2787219973520088,16.46276184,0.0,,,,,,,,,,,,,,,,,2.25,0.0297593919735176,14.765625,0.1952960098262092,0.03375,0.0446390879602764,0.516796875,0.6835360343917323,1.2787219973520088,32,,,1.4611945400947036e-05,Information
351606,7025.0,3507.462404,RUS,Russia,Sakha,3.234912709,0.0,0.65,0.49,,,,,,,,,,,,,,,,,,,,,,,,,,55.77753851587291,64.69825418,0.0,3.0,,,,,,,,,,,,,,,,82.6875,2.3574735939152736,457.171875,13.034263016698224,1.2403125,3.5362103908729106,16.001015625,35.0,55.77753851587291,0,0.0,0.0,0.6763221712637513,Watch
351824,7041.0,12711.17942,RUS,Russia,Chukot,2.038900366,0.0,0.65,0.49,,,,,,,,,,,,,,,,,,,,,,,,,,7.90074370790526,40.77800732,0.0,,,,,,,,,,,,,,,,,16.875,0.1327571537441982,119.109375,0.9370442435111324,0.253125,0.1991357306162973,4.168828125,3.279654852288964,7.90074370790526,31,,,0.0219871304118873,Information
351847,7054.0,16827.15435,RUS,Russia,Maga Buryatdan,2.658746263,0.0,0.65,0.49,,,,,,,,,,,,,,,,,,,,,,,,,,29.839270788314096,53.17492526,0.0,,,,,,,,,,,,,,,,,1.546875,0.0091927307972842,534.09375,3.173999233462335,0.023203125,0.0137890961959263,18.69328125,11.108997317118172,29.839270788314096,79,,,0.3261412736549257,Information
351852,7058.0,28378.16892,RUS,Russia,Sakha,3.264160834,0.0,0.65,0.49,,,,,,,,,,,,,,,,,,,,,,,,,,7.986564467028662,65.28321668000001,0.0,,,,,,,,,,,,,,,,,24.890625,0.0877104688151144,158.0625,0.5569862539445687,0.373359375,0.1315657032226716,5.5321875,1.9494518888059904,7.986564467028662,48,,,0.0708536860514335,Information
351900,7094.0,2065.44061,RUS,Russia,Chukot,3.706313814,3.436867516,0.65,0.49,,,,,,,,,,,,,,,,,,,,,,,,,,0.6900368692175207,74.12627628,68.73735032,,,,,,,,,,,,,,,,,0.984375,0.0476593224347934,2.953125,0.1429779673043802,0.014765625,0.0714889836521901,0.103359375,0.5004228855653307,0.6900368692175207,24,,,0.0001449072216854,Information
353020,16124.0,7751.572989,RUS,Russia,Chukot,1.912751345,0.0,0.65,0.49,,,,,,,,,,,,,,,,,,,,,,,,,,1.072392506725196,38.2550269,0.0,,,,,,,,,,,,,,,,,19.40625,0.2503524126969282,5.0625,0.0653093250513725,0.29109375,0.3755286190453923,0.1771875,0.2285826376798037,1.072392506725196,0,,,2.5269485012507595e-05,Information
354127,7122.0,4756.200247,RUS,Russia,Chukot,4.001347782,0.0,0.65,0.49,,,,,,,,,,,,,,,,,,,,,,,,,,16.06644160775051,80.02695564,0.0,,,,,,,,,,,,,,,,,152.296875,3.20207028902072,82.6875,1.7385201569198367,2.284453125,4.80310543353108,2.8940625,6.084820549219429,16.06644160775051,0,,,0.4138505776540921,Advisory
354162,7137.0,2075.326357,RUS,Russia,Chukot,4.024654339,0.0,0.65,0.49,,,,,,,,,,,,,,,,,,,,,,,,,,2.479234686584029,80.49308678,0.0,,,,,,,,,,,,,,,,,27.421875,1.3213283255243755,0.421875,0.0203281280849903,0.411328125,1.9819924882865632,0.014765625,0.071148448297466,2.479234686584029,0,,,0.0195649136768765,Information
354166,7141.0,5078.470701,RUS,Russia,Chukot,4.000811906,0.0,0.65,0.49,,,,,,,,,,,,,,,,,,,,,,,,,,4.039595263732813,80.01623812,0.0,,,,,,,,,,,,,,,,,26.71875,0.5261180298286661,27.421875,0.5399632411399468,0.40078125,0.7891770447429991,0.959765625,1.8898713439898136,4.039595263732813,0,,,0.0549352436910402,Information
354173,7147.0,412.6315978,RUS,Russia,Chukot,3.90352329,4.005986232,0.65,0.49,,,,,,,,,,,,,,,,,,,,,,,,,,0.3548628671128685,78.0704658,80.11972463999999,,,,,,,,,,,,,,,,,0.28125,0.0681600734225737,0.28125,0.0681600734225737,0.00421875,0.1022401101338605,0.00984375,0.2385602569790079,0.3548628671128685,0,,,2.8396772019769392e-05,Information
354174,7148.0,2332.969092,RUS,Russia,Chukot,3.775971416,0.0,0.65,0.49,,,,,,,,,,,,,,,,,,,,,,,,,,1.0073038377148889,75.51942832,0.0,,,,,,,,,,,,,,,,,9.421875,0.4038576863608676,1.40625,0.060277266621025,0.141328125,0.6057865295413014,0.04921875,0.2109704331735875,1.0073038377148889,0,,,0.0007098823050377,Information
354175,7149.0,7221.39711,RUS,Russia,Chukot,3.511149599,3.201004964,0.65,0.49,,,,,,,,,,,,,,,,,,,,,,,,,,8.023458956822248,70.22299198,64.02009928,,,,,,,,,,,,,,,,,103.21875,1.4293459897837115,51.890625,0.7185676706133374,1.54828125,2.144018984675568,1.816171875,2.5149868471466807,8.023458956822248,435,,,0.094866912553871,Information
354191,7155.0,5699.533096,RUS,Russia,Kamchatka,2.262119203,4.008123057,0.65,0.49,,,,,,,,,,,,,,,,,,,,,,,,,,1.2511590297845174,45.242384060000006,80.16246113999999,,,,,,,,,,,,,,,,,4.359375,0.0764865284003716,11.109375,0.19491728205256,0.065390625,0.1147297926005573,0.388828125,0.68221048718396,1.2511590297845174,24,,,0.0028592046849156,Information
354192,7156.0,5853.628578,RUS,Russia,Kamchatka,2.992442459,0.0,0.65,0.49,,,,,,,,,,,,,,,,,,,,,,,,,,1.4644090242678165,59.84884918,0.0,,,,,,,,,,,,,,,,,0.28125,0.0048047120898195,15.328125,0.2618568088951677,0.00421875,0.0072070681347292,0.536484375,0.916498831133087,1.4644090242678165,0,,,0.0004644850392202,Information
354270,7177.0,5060.816469,RUS,Russia,Kamchatka,0.165633676,1.044682699,0.65,0.49,,,,,,,,,,,,,,,,,,,,,,,,,,9.17969184611978,3.31267352,20.89365398,,,,,,,,,,,,,,,,,4.5,0.0889184586623355,86.203125,1.7033442237503649,0.0675,0.1333776879935032,3.017109375,5.961704783126277,9.17969184611978,159880,,,0.0156279509145065,Information
354450,7192.0,4459.382129,RUS,Russia,Kamchatka,0.91188119,3.210641549,0.65,0.49,,,,,,,,,,,,,,,,,,,,,,,,,,2.977493094681992,18.2376238,64.21283098,,,,,,,,,,,,,,,,,6.75,0.1513662611711112,23.34375,0.523474986550093,0.10125,0.2270493917566668,0.81703125,1.832162452925325,2.977493094681992,262,,,0.0064501885532286,Information
354460,7193.0,17643.95549,RUS,Russia,Kamchatka,1.268016099,2.044442309,0.65,0.49,,,,,,,,,,,,,,,,,,,,,,,,,,1.407886437060864,25.36032198,40.88884618,,,,,,,,,,,,,,,,,2.8125,0.0159403031943932,24.46875,0.1386806377912211,0.0421875,0.0239104547915898,0.85640625,0.4853822322692739,1.407886437060864,2265,,,9.299236482861458e-05,Information
354493,7198.0,4949.822035,RUS,Russia,Kamchatka,3.794879262,4.000094266,0.65,0.49,,,,,,,,,,,,,,,,,,,,,,,,,,5.402516287375346,75.89758524,80.00188531999999,,,,,,,,,,,,,,,,,0.140625,0.0028410112322133,51.046875,1.0312870772934362,0.002109375,0.0042615168483199,1.786640625,3.6095047705270265,5.402516287375346,19,,,0.0953055973930553,Information
355000,16127.0,3833.97207,USA,United States,Alaska,0.08981188,0.0,0.77,0.32,,,,,,,,,,,,,,,,,,,,,,,,,,14.943274845011306,1.7962376,0.0,,,,,,,,,,,,,,,,,7.03125,0.183393354754012,115.3125,3.007651017965797,0.10546875,0.275090032131018,4.0359375,10.526778562880288,14.943274845011306,771,,,0.0298648791948778,Information
356016,7217.0,9488.544532,RUS,Russia,Maga Buryatdan,2.113471068,0.0,0.65,0.49,,,,,,,,,,,,,,,,,,,,,,,,,,6.669085326857939,42.26942136,0.0,,,,,,,,,,,,,,,,,40.921875,0.4312766290020183,75.234375,0.7928968952442605,0.613828125,0.6469149435030275,2.633203125,2.775139133354912,6.669085326857939,267,,,0.0154520913222835,Information
356018,7219.0,8917.225347,RUS,Russia,Maga Buryatdan,2.219435694,1.161392991,0.65,0.49,,,,,,,,,,,,,,,,,,,,,,,,,,4.11689051361194,44.38871388,23.22785982,,,,,,,,,,,,,,,,,30.9375,0.3469408789816137,42.1875,0.4731011986112914,0.4640625,0.5204113184724205,1.4765625,1.6558541951395198,4.11689051361194,647,,,0.0046167173905282,Information
361010,7230.0,3493.593875,MNG,Mongolia,Uvs,1.715388844,0.0,0.62,0.53,,,,,,,,,,,,,,,,,,,,,,,,,,2.1861685254880032,34.30777688,0.0,,,,,,,,,,,,,,,,,2.953125,0.0845297165472001,14.90625,0.4266738073334866,0.044296875,0.1267945748208001,0.52171875,1.4933583256672032,2.1861685254880032,6090,,,0.0003334587289189,Information
361011,7231.0,7404.713291,MNG,Mongolia,Uvs,1.809720596,0.0,0.62,0.53,,,,,,,,,,,,,,,,,,,,,,,,,,0.8841886748826362,36.19441192,0.0,,,,,,,,,,,,,,,,,0.140625,0.0018991282238603,10.6875,0.1443337450133845,0.002109375,0.0028486923357904,0.3740625,0.5051681075468457,0.8841886748826362,14222,,,9.389881759525102e-06,Information
361012,7232.0,8669.269655,MNG,Mongolia,Uvs,1.098332551,0.0,0.62,0.53,,,,,,,,,,,,,,,,,,,,,,,,,,1.576260839666006,21.96665102,0.0,,,,,,,,,,,,,,,,,3.515625,0.0405527240473586,19.40625,0.2238510367414195,0.052734375,0.0608290860710379,0.67921875,0.7834786285949683,1.576260839666006,18925,,,4.768465448764088e-05,Information
361014,7234.0,9639.850917,MNG,Mongolia,Uvs,3.175881761,0.0,0.62,0.53,,,,,,,,,,,,,,,,,,,,,,,,,,0.7578025828273665,63.51763522,0.0,,,,,,,,,,,,,,,,,0.84375,0.0087527287219818,10.265625,0.1064915327841125,0.01265625,0.0131290930829727,0.359296875,0.3727203647443937,0.7578025828273665,6074,,,5.349625339075407e-05,Information
361016,7235.0,5937.859196,RUS,Russia,Tuva,3.706000599,0.0,0.65,0.49,,,,,,,,,,,,,,,,,,,,,,,,,,1.9042492655043324,74.12001198,0.0,,,,,,,,,,,,,,,,,2.671875,0.044997277838617,19.125,0.3220857782132591,0.040078125,0.0674959167579254,0.669375,1.127300223746407,1.9042492655043324,3924,,,0.0045352940099795,Information
361018,7237.0,7713.889299,MNG,Mongolia,Uvs,4.046924117,0.0,0.62,0.53,,,,,,,,,,,,,,,,,,,,,,,,,,3.477913392665756,80.93848234,0.0,,,,,,,,,,,,,,,,,5.484375,0.0710974034948602,40.921875,0.5304960106924188,0.082265625,0.1066461052422902,1.432265625,1.8567360374234656,3.477913392665756,6262,,,0.0444490580239132,Information
361019,7238.0,30878.74953,MNG,Mongolia,Dzavhan,3.415451113,0.0,0.62,0.53,,,,,,,,,,,,,,,,,,,,,,,,,,0.9233834993427348,68.30902226,0.0,,,,,,,,,,,,,,,,,2.53125,0.0081973850567928,18.84375,0.061024977645013,0.03796875,0.0122960775851891,0.65953125,0.2135874217575455,0.9233834993427348,23837,,,0.0002033152943643,Information
361020,7239.0,20857.90581,MNG,Mongolia,Dzavhan,4.001771242,0.0,0.62,0.53,,,,,,,,,,,,,,,,,,,,,,,,,,2.436212558688865,80.03542484,0.0,,,,,,,,,,,,,,,,,5.765625,0.0276423963759551,44.578125,0.2137229183214092,0.086484375,0.0414635945639326,1.560234375,0.7480302141249322,2.436212558688865,5621,,,0.0177103939474756,Information
361021,7240.0,16068.42524,MNG,Mongolia,Uvs,1.650289221,0.0,0.62,0.53,,,,,,,,,,,,,,,,,,,,,,,,,,4.504651045120944,33.00578442,0.0,,,,,,,,,,,,,,,,,19.40625,0.1207725692462347,71.015625,0.4419575903575979,0.29109375,0.181158853869352,2.485546875,1.5468515662515927,4.504651045120944,7444,,,0.0034722310689621,Information
361022,7241.0,12053.61314,MNG,Mongolia,Dzavhan,2.849847187,0.0,0.62,0.53,,,,,,,,,,,,,,,,,,,,,,,,,,0.3743587875420968,56.99694374,0.0,,,,,,,,,,,,,,,,,0.84375,0.0069999757749318,5.484375,0.0454998425370569,0.01265625,0.0104999636623977,0.191953125,0.1592494488796991,0.3743587875420968,3125,,,1.048668546061188e-06,Information
361023,7242.0,4795.160974,MNG,Mongolia,Uvs,2.124268697,0.0,0.62,0.53,,,,,,,,,,,,,,,,,,,,,,,,,,3.084953625278584,42.48537394,0.0,,,,,,,,,,,,,,,,,1.6875,0.0351917278528031,27.84375,0.5806635095712512,0.0253125,0.0527875917792046,0.97453125,2.03232228349938,3.084953625278584,2397,,,0.0017195011976535,Information
361027,7246.0,20867.75766,MNG,Mongolia,Hovd,4.022058118,0.0,0.62,0.53,,,,,,,,,,,,,,,,,,,,,,,,,,7.039181888193806,80.44116236,0.0,,,,,,,,,,,,,,,,,3.234375,0.0154993893110099,134.578125,0.6449093726363689,0.048515625,0.0232490839665148,4.710234375,2.2571828042272912,7.039181888193806,43437,,,0.1534057658436989,Information
361031,7249.0,6019.322657,MNG,Mongolia,Hovd,2.23575412,0.0,0.62,0.53,,,,,,,,,,,,,,,,,,,,,,,,,,1.3884587135048343,44.7150824,0.0,,,,,,,,,,,,,,,,,3.9375,0.0654143368682894,13.21875,0.2196052737721144,0.0590625,0.0981215053024341,0.46265625,0.7686184582024004,1.3884587135048343,2818,,,0.0001146633768387,Information
361032,7250.0,6143.540484,MNG,Mongolia,Hovd,2.111979807,0.0,0.62,0.53,,,,,,,,,,,,,,,,,,,,,,,,,,0.4656001839494131,42.23959614,0.0,,,,,,,,,,,,,,,,,1.96875,0.032045853772157,4.21875,0.0686696866546222,0.02953125,0.0480687806582355,0.14765625,0.2403439032911777,0.4656001839494131,5030,,,7.151639135972385e-07,Information
361033,7251.0,9301.531375,MNG,Mongolia,Govi-Altay,3.178206005,0.0,0.62,0.53,,,,,,,,,,,,,,,,,,,,,,,,,,0.1517410870176972,63.5641201,0.0,,,,,,,,,,,,,,,,,1.265625,0.0136066304453707,1.546875,0.0166303260998975,0.018984375,0.020409945668056,0.054140625,0.0582061413496412,0.1517410870176972,4793,,,2.113046115762e-08,Information
361035,7253.0,18675.61465,MNG,Mongolia,Govi-Altay,1.474597321,0.0,0.62,0.53,,,,,,,,,,,,,,,,,,,,,,,,,,0.6833985943944937,29.49194642,0.0,,,,,,,,,,,,,,,,,2.109375,0.0112948089760423,11.8125,0.0632509302658372,0.031640625,0.0169422134640634,0.4134375,0.2213782559304302,0.6833985943944937,5871,,,1.7726142246971423e-06,Information
411005,7258.0,12492.6446,RUS,Russia,Sakhalin,0.734050777,2.711596567,0.65,0.49,,,,,,,,,,,,,,,,,,,,,,,,,,10.241585558467357,14.68101554,54.23193134,,,,,,,,,,,,,,,,,2.53125,0.0202619227570858,161.4375,1.292260406951922,0.03796875,0.0303928841356286,5.6503125,4.522911424331727,10.241585558467357,2204,,,0.0671796902308678,Information
411007,7260.0,5007.241815,RUS,Russia,Sakhalin,0.875327377,1.59252733,0.65,0.49,,,,,,,,,,,,,,,,,,,,,,,,,,6.57490449810291,17.50654754,31.8505466,,,,,,,,,,,,,,,,,0.5625,0.0112337294823151,62.4375,1.2469439725369822,0.0084375,0.0168505942234726,2.1853125,4.364303903879438,6.57490449810291,30058,,,0.0096821374591123,Information
412002,7262.0,1569.178081,RUS,Russia,Sakhalin,0.064751349,2.563927839,0.65,0.49,,,,,,,,,,,,,,,,,,,,,,,,,,10.637514602665634,1.29502698,51.27855678,,,,,,,,,,,,,,,,,1.6875,0.1075403754697734,40.5,2.580969011274564,0.0253125,0.16131056320466,1.4175,9.033391539460974,10.637514602665634,6637,,,0.064038075515696,Information
412007,7266.0,289.6123832,RUS,Russia,Sakhalin,0.070256852,0.0,0.65,0.49,,,,,,,,,,,,,,,,,,,,,,,,,,10.99175662335692,1.4051370399999998,0.0,,,,,,,,,,,,,,,,,0.28125,0.0971125602123356,8.71875,3.010489366582405,0.00421875,0.1456688403185033,0.30515625,10.536712783038418,10.99175662335692,1732,,,0.0141222500995589,Information
413012,7269.0,10602.57706,JPN,Japan,Nagano,1.149668136,0.0,0.78,0.31,,,,,,,,,,,,,,,,,,,,,,,,,,1.69283237317081,22.99336272,0.0,,,,,,,,,,,,,,,,,2.953125,0.0278528982430783,23.625,0.2228231859446265,0.044296875,0.0417793473646174,0.826875,0.7798811508061927,1.69283237317081,1912528,,,6.740852638707057e-05,Information
413014,7270.0,10144.36648,JPN,Japan,Iwate,1.570667863,0.0,0.78,0.31,,,,,,,,,,,,,,,,,,,,,,,,,,28.99858518110421,31.41335726,0.0,,,,,,,,,,,,,,,,,11.8125,0.116443939786485,412.171875,4.063061756121282,0.1771875,0.1746659096797275,14.426015625,14.220716146424488,28.99858518110421,1244075,,,0.1946601216221447,Information
413018,7273.0,9043.698647,JPN,Japan,Gifu,2.280303951,3.854404443,0.78,0.31,,,,,,,,,,,,,,,,,,,,,,,,,,2.7080174797950782,45.60607902,77.08808886,,,,,,,,,,,,,,,,,0.421875,0.0046648502617662,36.5625,0.4042870226864082,0.006328125,0.0069972753926492,1.2796875,1.4150045794024286,2.7080174797950782,2177361,,,0.0163625389556721,Information
413057,7282.0,18652.17663,JPN,Japan,Oita,2.139893377,2.686597306,0.78,0.31,,,,,,,,,,,,,,,,,,,,,,,,,,4.809648465778412,42.79786754,53.73194612,,,,,,,,,,,,,,,,,2.671875,0.0143247356724858,88.3125,0.4734702106484808,0.040078125,0.0214871035087287,3.0909375,1.657145737269683,4.809648465778412,7410732,,,0.0117923556944451,Information
415000,16140.0,4337.258825,JPN,Japan,Okinawa,0.857601577,1.166457324,0.78,0.31,,,,,,,,,,,,,,,,,,,,,,,,,,3.430596841139295,17.15203154,23.32914648,,,,,,,,,,,,,,,,,0.28125,0.0064845104095915,29.53125,0.6808735930071165,0.00421875,0.0097267656143872,1.03359375,2.383057575524908,3.430596841139295,1569542,,,0.0009456618895456,Information
422000,7303.0,4677.010772,CHN,China,Nei Mongol,1.394974987,0.0,0.59,0.57,,,,,,,,,,,,,,,,,,,,,,,,,,1.339338872000182,27.899499740000003,0.0,,,,,,,,,,,,,,,,,0.5625,0.0120269126458014,11.953125,0.25557189372328,0.0084375,0.0180403689687021,0.418359375,0.8945016280314799,1.339338872000182,18963,,,3.3614553289106344e-05,Information
422030,7306.0,2066.858647,MNG,Mongolia,Dornod,1.587160835,0.0,0.62,0.53,,,,,,,,,,,,,,,,,,,,,,,,,,0.1108357216163761,31.7432167,0.0,,,,,,,,,,,,,,,,,0.28125,0.0136076069061298,0.421875,0.0204114103591947,0.00421875,0.0204114103591947,0.014765625,0.0714399362571814,0.1108357216163761,0,,,6.681472041533025e-11,Information
422041,7308.0,2884.815266,MNG,Mongolia,Dornod,1.51235238,0.0,0.62,0.53,,,,,,,,,,,,,,,,,,,,,,,,,,0.5370179951043605,30.2470476,0.0,,,,,,,,,,,,,,,,,1.125,0.0389972977875425,2.953125,0.1023679066922991,0.016875,0.0584959466813137,0.103359375,0.3582876734230468,0.5370179951043605,1478,,,5.674329827002049e-07,Information
422045,7312.0,2695.350131,MNG,Mongolia,Dornod,3.319341961,0.0,0.62,0.53,,,,,,,,,,,,,,,,,,,,,,,,,,0.215265975012237,66.38683922,0.0,,,,,,,,,,,,,,,,,0.421875,0.0156519553857449,1.125,0.0417385476953199,0.006328125,0.0234779330786173,0.039375,0.1460849169336196,0.215265975012237,361,,,2.199833786640476e-07,Information
422050,7317.0,10391.04422,MNG,Mongolia,Sühbaatar,2.376864703,0.0,0.62,0.53,,,,,,,,,,,,,,,,,,,,,,,,,,0.797518289838732,47.53729406,0.0,,,,,,,,,,,,,,,,,1.828125,0.017593275148455,10.828125,0.104206322033157,0.027421875,0.0263899127226825,0.378984375,0.3647221271160494,0.797518289838732,1626,,,1.417361472885776e-05,Information
422065,7322.0,2017.153936,CHN,China,Nei Mongol,0.575710791,0.0,0.59,0.57,,,,,,,,,,,,,,,,,,,,,,,,,,3.204472561765659,11.51421582,0.0,,,,,,,,,,,,,,,,,0.421875,0.0209143681314953,15.1875,0.752917252733833,0.006328125,0.0313715521972429,0.5315625,2.635210384568416,3.204472561765659,1885,,,0.0004528448565367,Information
422070,7327.0,3941.892008,CHN,China,Nei Mongol,2.686913043,0.0,0.59,0.57,,,,,,,,,,,,,,,,,,,,,,,,,,0.40535649532677,53.73826086,0.0,,,,,,,,,,,,,,,,,0.421875,0.0107023479874884,3.09375,0.0784838852415821,0.006328125,0.0160535219812326,0.10828125,0.2746935983455373,0.40535649532677,46317,,,1.082902834207856e-06,Information
422090,7329.0,28340.71139,CHN,China,Nei Mongol,1.324279741,0.0,0.59,0.57,,,,,,,,,,,,,,,,,,,,,,,,,,16.70631479026719,26.48559482,0.0,,,,,,,,,,,,,,,,,63.984375,0.2257684152988181,325.40625,1.1481936549482752,0.959765625,0.3386526229482272,11.38921875,4.018677792318963,16.70631479026719,62052,,,0.0692107877248454,Information
422134,7343.0,7466.149959,RUS,Russia,Khabarovsk,0.447533092,0.0,0.65,0.49,,,,,,,,,,,,,,,,,,,,,,,,,,0.805988964997969,8.95066184,0.0,,,,,,,,,,,,,,,,,6.890625,0.0922915429995938,6.890625,0.0922915429995938,0.103359375,0.1384373144993907,0.241171875,0.3230204004985783,0.805988964997969,2258,,,1.1388197933939602e-06,Information
422135,7344.0,2890.286652,RUS,Russia,Khabarovsk,0.911602964,0.0,0.65,0.49,,,,,,,,,,,,,,,,,,,,,,,,,,0.815318967483758,18.23205928,0.0,,,,,,,,,,,,,,,,,3.65625,0.1265012934967516,3.65625,0.1265012934967516,0.05484375,0.1897519402451274,0.12796875,0.4427545272386306,0.815318967483758,665,,,2.032206053122704e-06,Information
422154,7353.0,11839.34175,RUS,Russia,Khabarovsk,1.252077482,0.0,0.65,0.49,,,,,,,,,,,,,,,,,,,,,,,,,,0.1984430795509789,25.04154964,0.0,,,,,,,,,,,,,,,,,0.28125,0.0023755543673458,2.953125,0.0249433208571315,0.00421875,0.0035633315510186,0.103359375,0.0873016229999602,0.1984430795509789,4447,,,1.4765260851688924e-09,Information
422170,7360.0,9116.374194,RUS,Russia,Khabarovsk,0.176581479,0.0,0.65,0.49,,,,,,,,,,,,,,,,,,,,,,,,,,4.440898910120161,3.53162958,0.0,,,,,,,,,,,,,,,,,13.21875,0.145000081375362,54.84375,0.6015960823020338,0.19828125,0.2175001220630429,1.91953125,2.1055862880571183,4.440898910120161,247338,,,0.0010407221970453,Information
422181,7361.0,1578.37018,RUS,Russia,Khabarovsk,0.665186697,0.0,0.65,0.49,,,,,,,,,,,,,,,,,,,,,,,,,,4.270723355262662,13.30373394,0.0,,,,,,,,,,,,,,,,,7.3125,0.4632943586320252,13.5,0.8553126620898928,0.1096875,0.6949415379480378,0.4725,2.9935943173146247,4.270723355262662,10016,,,0.0013035419134141,Information
422182,7362.0,13756.77742,RUS,Russia,Khabarovsk,1.882209407,0.0,0.65,0.49,,,,,,,,,,,,,,,,,,,,,,,,,,0.1032101201498003,37.64418814,0.0,,,,,,,,,,,,,,,,,0.703125,0.0051111170764471,1.40625,0.0102222341528942,0.010546875,0.0076666756146706,0.04921875,0.0357778195351297,0.1032101201498003,999,,,7.575584241136123e-11,Information
422183,7363.0,649.4802702,RUS,Russia,Khabarovsk,1.021440733,0.0,0.65,0.49,,,,,,,,,,,,,,,,,,,,,,,,,,1.037618006685748,20.42881466,0.0,,,,,,,,,,,,,,,,,0.28125,0.0433038558526999,1.6875,0.2598231351161995,0.00421875,0.0649557837790498,0.0590625,0.9093809729066982,1.037618006685748,163,,,7.133078467846793e-06,Information
422184,7364.0,2527.508279,RUS,Russia,Khabarovsk,0.32054588,0.0,0.65,0.49,,,,,,,,,,,,,,,,,,,,,,,,,,0.2997112897451022,6.4109176,0.0,,,,,,,,,,,,,,,,,0.421875,0.0166913399822164,1.546875,0.0612015799347936,0.006328125,0.0250370099733246,0.054140625,0.2142055297717776,0.2997112897451022,7955,,,4.627406096881689e-09,Information
422185,7365.0,1250.447431,RUS,Russia,Khabarovsk,4.006977769,0.0,0.65,0.49,,,,,,,,,,,,,,,,,,,,,,,,,,2.0876170530225924,80.13955537999999,0.0,,,,,,,,,,,,,,,,,3.65625,0.2923953386581054,5.0625,0.4048550842958384,0.05484375,0.4385930079871581,0.1771875,1.4169927950354344,2.0876170530225924,13,,,0.0121388210643117,Information
422210,7371.0,8290.14123,CHN,China,Heilongjiang,0.293407466,0.0,0.59,0.57,,,,,,,,,,,,,,,,,,,,,,,,,,100.0,5.868149320000001,0.0,3.0,,,,,,,,,,,,,,,,1054.265625,12.717100900235184,2061.28125,24.86424769849904,15.0,15.0,35.0,35.0,100.0,446508,42198.0,9.45,0.5241108269242379,Warning
422220,7372.0,24620.35009,RUS,Russia,Khabarovsk,3.094040046,0.0,0.65,0.49,,,,,,,,,,,,,,,,,,,,,,,,,,2.0980466983491,61.88080092,0.0,,,,,,,,,,,,,,,,,2.671875,0.0108523030335842,41.484375,0.1684962839424925,0.040078125,0.0162784545503763,1.451953125,0.5897369937987238,2.0980466983491,16143,,,0.0018675325170237,Information
422230,7373.0,5471.423245,RUS,Russia,Khabarovsk,1.456725021,0.0,0.65,0.49,,,,,,,,,,,,,,,,,,,,,,,,,,17.295448422767713,29.13450042,0.0,,,,,,,,,,,,,,,,,43.875,0.8018937309813835,155.953125,2.8503209860844687,0.658125,1.2028405964720752,5.458359375,9.97612345129564,17.295448422767713,33974,,,0.0792196064565848,Information
422251,7375.0,302.7609497,CHN,China,Heilongjiang,1.199503314,0.0,0.59,0.57,,,,,,,,,,,,,,,,,,,,,,,,,,41.34083556391063,23.99006628,0.0,,,,,,,,,,,,,,,,,9.703125,3.204879959273756,39.65625,13.098205050944914,0.145546875,4.807319938910634,1.38796875,35.0,41.34083556391063,232,,,0.2712578207258729,Advisory
422253,7377.0,971.3060013,CHN,China,Heilongjiang,1.672935554,0.0,0.59,0.57,,,,,,,,,,,,,,,,,,,,,,,,,,23.09559727762457,33.45871108,0.0,,,,,,,,,,,,,,,,,2.109375,0.2171689454362919,57.515625,5.921473245562895,0.031640625,0.3257534181544378,2.013046875,20.72515635947013,23.09559727762457,5583,,,0.1449865488839796,Information
422255,7379.0,3782.168899,CHN,China,Heilongjiang,0.743572585,0.0,0.59,0.57,,,,,,,,,,,,,,,,,,,,,,,,,,6.548925320287923,14.8714517,0.0,,,,,,,,,,,,,,,,,8.578125,0.2268043873533359,47.671875,1.260437496930834,0.128671875,0.3402065810300039,1.668515625,4.411531239257919,6.548925320287923,41355,,,0.0051608500572568,Information
422256,7380.0,1647.126127,CHN,China,Heilongjiang,0.384979189,0.0,0.59,0.57,,,,,,,,,,,,,,,,,,,,,,,,,,16.690748128605605,7.69958378,0.0,,,,,,,,,,,,,,,,,37.265625,2.2624633532651086,51.46875,3.124760706773697,0.558984375,3.393695029897663,1.80140625,10.93666247370794,16.690748128605605,6556,,,0.0436149941738612,Information
422257,7381.0,43.67663837,CHN,China,Heilongjiang,1.080899334,0.0,0.59,0.57,,,,,,,,,,,,,,,,,,,,,,,,,,50.695390625,21.61798668,0.0,,,,,,,,,,,,,,,,,11.25,25.75747681264476,15.046875,34.45062523691236,0.16875,15.0,0.526640625,35.0,50.695390625,32,,,0.3315056201176003,Advisory
422259,7383.0,150.6974156,CHN,China,Heilongjiang,0.789596604,0.0,0.59,0.57,,,,,,,,,,,,,,,,,,,,,,,,,,12.361270916777467,15.79193208,0.0,,,,,,,,,,,,,,,,,0.421875,0.2799483975121257,5.0625,3.3593807701455085,0.006328125,0.4199225962681885,0.1771875,11.75783269550928,12.361270916777467,819,,,0.0275097335324752,Information
422270,7385.0,328.7824604,CHN,China,Heilongjiang,4.021732158,0.0,0.59,0.57,,,,,,,,,,,,,,,,,,,,,,,,,,38.30969836080137,80.43464316,0.0,3.0,,,,,,,,,,,,,,,,4.078125,1.2403718238675805,39.65625,12.061546701057162,0.061171875,1.8605577358013707,1.38796875,35.0,38.30969836080137,6915,69.0,1.0,0.7491898776002145,Watch
422283,7388.0,4143.618281,RUS,Russia,Primor'ye,3.891396161,0.0,0.65,0.49,,,,,,,,,,,,,,,,,,,,,,,,,,0.6168029603454501,77.82792322,0.0,,,,,,,,,,,,,,,,,2.53125,0.0610879146787401,4.078125,0.0984194180935257,0.03796875,0.0916318720181101,0.142734375,0.3444679633273399,0.6168029603454501,57382,,,0.0001704612109912,Information
422300,7396.0,25991.3867,RUS,Russia,Yevrey,2.114300437,0.0,0.65,0.49,,,,,,,,,,,,,,,,,,,,,,,,,,99.05958555541991,42.28600874,0.0,3.0,,,,,,,,,,,,,,,,2436.1875,9.37305703694662,3790.125,14.582234660574075,15.0,14.059585555419927,35.0,35.0,99.05958555541991,388197,51028.0,13.14,0.7054779999739601,Warning
422425,7410.0,762.7046041,CHN,China,Heilongjiang,3.441598224,0.0,0.59,0.57,,,,,,,,,,,,,,,,,,,,,,,,,,5.625752882218327,68.83196448,0.0,,,,,,,,,,,,,,,,,6.890625,0.9034461000130442,8.4375,1.1062605306282174,0.103359375,1.3551691500195662,0.2953125,3.8719118571987607,5.625752882218327,263178,,,0.0434448068958229,Information
422428,7413.0,2876.824125,CHN,China,Jilin,0.538254207,0.0,0.59,0.57,,,,,,,,,,,,,,,,,,,,,,,,,,5.104801293944626,10.76508414,0.0,,,,,,,,,,,,,,,,,20.25,0.7039012161874553,23.90625,0.8309944913324124,0.30375,1.055851824281183,0.83671875,2.9084807196634435,5.104801293944626,360051,,,0.0021109301266162,Information
422429,7414.0,1847.636848,CHN,China,Jilin,2.396056295,0.0,0.59,0.57,,,,,,,,,,,,,,,,,,,,,,,,,,3.818836536895679,47.92112590000001,0.0,,,,,,,,,,,,,,,,,6.890625,0.372942605508591,14.0625,0.7611073581807979,0.103359375,0.5594139082628865,0.4921875,2.6638757536327926,3.818836536895679,64774,,,0.0044900135574222,Information
422444,7427.0,10280.23798,CHN,China,Heilongjiang,1.080212616,0.0,0.59,0.57,,,,,,,,,,,,,,,,,,,,,,,,,,70.08322497412335,21.60425232,0.0,3.0,,,,,,,,,,,,,,,,2.8125,0.0273583160822364,1094.765625,10.649224535010555,0.0421875,0.0410374741233545,35.0,35.0,70.08322497412335,1004837,21356.0,2.13,0.4553775204902704,Watch
422445,7428.0,3662.185559,CHN,China,Heilongjiang,0.285766827,0.0,0.59,0.57,,,,,,,,,,,,,,,,,,,,,,,,,,74.44612917390891,5.71533654,0.0,3.0,,,,,,,,,,,,,,,,79.453125,2.1695548659392774,1190.390625,32.504923787922095,1.191796875,3.254332298908916,35.0,35.0,74.44612917390891,806987,70558.0,8.74,0.4066221444191169,Watch
422450,7433.0,326.0821904,CHN,China,Heilongjiang,3.181738949,0.0,0.59,0.57,,,,,,,,,,,,,,,,,,,,,,,,,,53.048046875,63.63477898,0.0,3.0,,,,,,,,,,,,,,,,50.625,15.52522691651582,65.390625,20.0534181004996,0.759375,15.0,2.288671875,35.0,53.048046875,51417,3766.0,7.32,0.6471306181878589,Watch
422464,7437.0,14895.00153,CHN,China,Jilin,1.796322112,0.0,0.59,0.57,,,,,,,,,,,,,,,,,,,,,,,,,,53.55409734195669,35.92644224,0.0,,,,,,,,,,,,,,,,,506.671875,3.4016235169272124,698.34375,4.68844362616168,7.600078125,5.102435275390818,24.44203125,16.40955269156588,53.55409734195669,2317823,,,0.4288355841701671,Advisory
422465,7438.0,1906.158678,CHN,China,Jilin,1.136450989,0.0,0.59,0.57,,,,,,,,,,,,,,,,,,,,,,,,,,8.643114165635797,22.72901978,0.0,,,,,,,,,,,,,,,,,25.3125,1.3279324693236216,28.6875,1.5049901319001044,0.3796875,1.9918987039854328,1.0040625,5.2674654616503656,8.643114165635797,87019,,,0.0142419866914468,Information
422466,7439.0,7903.736494,CHN,China,Jilin,1.340222106,0.0,0.59,0.57,,,,,,,,,,,,,,,,,,,,,,,,,,4.703349061803103,26.80444212,0.0,,,,,,,,,,,,,,,,,37.6875,0.4768314331616876,43.171875,0.5462210820173063,0.5653125,0.7152471497425313,1.511015625,1.911773787060572,4.703349061803103,399003,,,0.0030268366429174,Information
422467,7440.0,3517.057354,CHN,China,Jilin,2.172944761,0.0,0.59,0.57,,,,,,,,,,,,,,,,,,,,,,,,,,4.24262745623188,43.45889522,0.0,,,,,,,,,,,,,,,,,20.109375,0.5717670477594379,22.921875,0.6517344670264922,0.301640625,0.8576505716391568,0.802265625,2.2810706345927225,4.24262745623188,87255,,,0.0048017927109308,Information
422468,7441.0,4247.048825,CHN,China,Jilin,3.557353596,0.0,0.59,0.57,,,,,,,,,,,,,,,,,,,,,,,,,,1.179343188438492,71.14707192,0.0,,,,,,,,,,,,,,,,,7.03125,0.1655561376876984,7.03125,0.1655561376876984,0.10546875,0.2483342065315475,0.24609375,0.5794464819069444,1.179343188438492,24086,,,0.0006937139228017,Information
422469,7442.0,3028.976918,CHN,China,Jilin,2.851398776,0.0,0.59,0.57,,,,,,,,,,,,,,,,,,,,,,,,,,1.651351530836448,57.02797552,0.0,,,,,,,,,,,,,,,,,6.890625,0.2274901786116701,8.015625,0.2646314322625551,0.103359375,0.3412352679175051,0.280546875,0.9262100129189428,1.651351530836448,118188,,,0.0005591165282404,Information
422471,7443.0,4.969137324,CHN,China,Jilin,4.096993973,0.0,0.59,0.57,,,,,,,,,,,,,,,,,,,,,,,,,,50.0675,81.93987946,0.0,3.0,,,,,,,,,,,,,,,,0.5625,11.319872310158118,1.6875,33.959616930474354,0.0084375,15.0,0.0590625,35.0,50.0675,0,0.0,0.0,0.8460565238459565,Warning
422475,7447.0,33.94485096,CHN,China,Heilongjiang,3.616603171,0.0,0.59,0.57,,,,,,,,,,,,,,,,,,,,,,,,,,51.381640625,72.33206342,0.0,3.0,,,,,,,,,,,,,,,,22.21875,65.4554354314415,29.953125,88.24055536010785,0.33328125,15.0,1.048359375,35.0,51.381640625,63,5.0,7.94,0.7320440287079528,Watch
422476,7448.0,104.0357215,CHN,China,Heilongjiang,0.674094736,0.0,0.59,0.57,,,,,,,,,,,,,,,,,,,,,,,,,,52.240859375,13.48189472,0.0,,,,,,,,,,,,,,,,,30.9375,29.737382085946763,50.765625,48.79634060466719,0.4640625,15.0,1.776796875,35.0,52.240859375,2774,,,0.3069589771735488,Advisory
422478,7450.0,101.0795481,CHN,China,Heilongjiang,2.759679537,0.0,0.59,0.57,,,,,,,,,,,,,,,,,,,,,,,,,,55.90484375,55.19359074,0.0,,,,,,,,,,,,,,,,,108.84375,107.6812787953253,122.0625,120.75885012188937,1.63265625,15.0,4.2721875,35.0,55.90484375,8145,,,0.5875705102493294,Advisory
422485,7456.0,1317.841438,CHN,China,Jilin,2.60196204,0.0,0.59,0.57,,,,,,,,,,,,,,,,,,,,,,,,,,53.3890702444095,52.0392408,0.0,,,,,,,,,,,,,,,,,85.78125,6.509223912939668,209.671875,15.910250580644336,1.28671875,9.763835869409505,7.338515625,35.0,53.3890702444095,155638,,,0.5426939209702347,Advisory
422486,7457.0,9286.751547,CHN,China,Nei Mongol,1.288212009,0.0,0.59,0.57,,,,,,,,,,,,,,,,,,,,,,,,,,39.88970288840476,25.76424018,0.0,,,,,,,,,,,,,,,,,244.265625,2.6302590713866136,444.09375,4.782013901807097,3.663984375,3.945388607079921,15.54328125,16.737048656324838,39.88970288840476,449805,,,0.2672577845330412,Advisory
422487,7458.0,1689.6142,CHN,China,Jilin,2.663898005,0.0,0.59,0.57,,,,,,,,,,,,,,,,,,,,,,,,,,76.88257812500001,53.2779601,0.0,3.0,,,,,,,,,,,,,,,,342.84375,20.291244589393617,621.140625,36.76227536970944,5.14265625,15.0,21.739921875,35.0,76.88257812500001,247943,67977.0,27.42,0.6907802860831602,Watch
422488,7459.0,9643.271273,CHN,China,Nei Mongol,3.320994523,0.0,0.59,0.57,,,,,,,,,,,,,,,,,,,,,,,,,,7.413379585130814,66.41989046,0.0,,,,,,,,,,,,,,,,,46.40625,0.4812293327253357,84.09375,0.8720458817265173,0.69609375,0.7218439990880036,2.94328125,3.0521605860428105,7.413379585130814,273961,,,0.0654391432696013,Information
422489,7460.0,8432.956566,CHN,China,Nei Mongol,3.568474094,0.0,0.59,0.57,,,,,,,,,,,,,,,,,,,,,,,,,,11.370040274558786,71.36948188,0.0,,,,,,,,,,,,,,,,,66.234375,0.7854229354061064,120.234375,1.425767748985607,0.993515625,1.1781344031091596,4.208203125,4.990187121449625,11.370040274558786,205384,,,0.1778755988509534,Information
422492,7462.0,17571.96943,CHN,China,Nei Mongol,3.730222986,0.0,0.59,0.57,,,,,,,,,,,,,,,,,,,,,,,,,,79.85734628237914,74.60445972,0.0,3.0,,,,,,,,,,,,,,,,899.4375,5.118592447015372,1189.265625,6.767970031958881,13.4915625,7.677888670523058,35.0,23.687895111856083,79.85734628237914,305826,38405.0,12.56,0.874033785892935,Warning
422493,7463.0,247.9013645,CHN,China,Heilongjiang,2.622370374,0.0,0.59,0.57,,,,,,,,,,,,,,,,,,,,,,,,,,57.00734375,52.44740748,0.0,,,,,,,,,,,,,,,,,87.1875,35.17023803725879,162.84375,65.68892846313818,1.3078125,15.0,5.69953125,35.0,57.00734375,5037,,,0.5719511309610656,Advisory
422494,7464.0,19488.90527,CHN,China,Nei Mongol,2.267899174,0.0,0.59,0.57,,,,,,,,,,,,,,,,,,,,,,,,,,28.86912170403766,45.35798348,0.0,,,,,,,,,,,,,,,,,231.46875,1.1876949820229212,445.921875,2.288080673143793,3.47203125,1.7815424730343818,15.607265625,8.008282356003276,28.86912170403766,849636,,,0.2617268969923997,Information
422520,7471.0,7735.315375,RUS,Russia,Yevrey,0.491870092,0.0,0.65,0.49,,,,,,,,,,,,,,,,,,,,,,,,,,0.6480663674832632,9.83740184,0.0,,,,,,,,,,,,,,,,,5.0625,0.0654465882059576,5.90625,0.0763543529069505,0.0759375,0.0981698823089363,0.20671875,0.2672402351743267,0.6480663674832632,4639,,,3.999807121886669e-07,Information
422530,7472.0,22769.88388,CHN,China,Heilongjiang,2.369879863,0.0,0.59,0.57,,,,,,,,,,,,,,,,,,,,,,,,,,19.92776106369553,47.39759726,0.0,,,,,,,,,,,,,,,,,127.40625,0.5595384265940335,341.015625,1.497660799658423,1.91109375,0.8393076398910503,11.935546875,5.241812798804481,19.92776106369553,157512,,,0.1658617947461796,Information
422540,7473.0,8662.957114,RUS,Russia,Amur,0.682772732,0.0,0.65,0.49,,,,,,,,,,,,,,,,,,,,,,,,,,0.3044688668303927,13.65545464,0.0,,,,,,,,,,,,,,,,,0.5625,0.0064931638539459,3.796875,0.0438288560141354,0.0084375,0.0097397457809188,0.132890625,0.1534009960494739,0.3044688668303927,11097,,,8.138373767334058e-09,Information
422562,7476.0,15018.02989,RUS,Russia,Khabarovsk,2.183442409,0.0,0.65,0.49,,,,,,,,,,,,,,,,,,,,,,,,,,0.2225493260528904,43.66884818,0.0,,,,,,,,,,,,,,,,,0.703125,0.0046818724238363,3.515625,0.0234093621191817,0.010546875,0.0070228086357544,0.123046875,0.0819327674171359,0.2225493260528904,1189,,,1.566346942251935e-08,Information
422644,7493.0,16369.04746,RUS,Russia,Amur,1.111224024,0.0,0.65,0.49,,,,,,,,,,,,,,,,,,,,,,,,,,1.0239340946440876,22.22448048,0.0,,,,,,,,,,,,,,,,,0.703125,0.0042954545867708,17.859375,0.1091045465039804,0.010546875,0.0064431818801562,0.625078125,0.3818659127639314,1.0239340946440876,1147,,,7.44955943087017e-06,Information
422722,7514.0,1806.15031,CHN,China,Heilongjiang,0.11455621,0.0,0.59,0.57,,,,,,,,,,,,,,,,,,,,,,,,,,0.459607342321371,2.2911242,0.0,,,,,,,,,,,,,,,,,1.40625,0.0778589684642742,1.40625,0.0778589684642742,0.02109375,0.1167884526964113,0.04921875,0.2725063896249597,0.459607342321371,368,,,4.1755138642343415e-08,Information
422724,7516.0,3929.941609,CHN,China,Heilongjiang,2.466985877,0.0,0.59,0.57,,,,,,,,,,,,,,,,,,,,,,,,,,0.5084238388944695,49.33971754,0.0,,,,,,,,,,,,,,,,,1.6875,0.0429395692817023,3.375,0.0858791385634046,0.0253125,0.0644093539225534,0.118125,0.3005769849719161,0.5084238388944695,6844,,,2.096469399613305e-06,Information
422727,7519.0,3371.012686,CHN,China,Heilongjiang,4.052356995,0.0,0.59,0.57,,,,,,,,,,,,,,,,,,,,,,,,,,0.1338682823846016,81.0471399,0.0,,,,,,,,,,,,,,,,,0.28125,0.0083431901987168,0.84375,0.0250295705961504,0.00421875,0.0125147852980752,0.02953125,0.0876034970865264,0.1338682823846016,34143,,,3.65664648476731e-07,Information
422740,7523.0,16141.90054,CHN,China,Heilongjiang,4.00200704,0.0,0.59,0.57,,,,,,,,,,,,,,,,,,,,,,,,,,0.1229812169601271,80.04014079999999,0.0,,,,,,,,,,,,,,,,,0.140625,0.000871179943706,2.109375,0.0130676991555909,0.002109375,0.0013067699155589,0.073828125,0.0457369470445681,0.1229812169601271,79578,,,1.7955473650120199e-07,Information
422750,7524.0,3489.219985,RUS,Russia,Amur,2.726435134,0.0,0.65,0.49,,,,,,,,,,,,,,,,,,,,,,,,,,3.047169680508301,54.52870268,0.0,,,,,,,,,,,,,,,,,0.703125,0.0201513519670678,22.21875,0.6367827221593427,0.010546875,0.0302270279506016,0.77765625,2.2287395275577,3.047169680508301,15921,,,0.0034372008578203,Information
422780,7527.0,11056.16227,RUS,Russia,Zabaykal'ye,3.089908623,0.0,0.65,0.49,,,,,,,,,,,,,,,,,,,,,,,,,,0.1379255038822947,61.79817246,0.0,,,,,,,,,,,,,,,,,0.5625,0.0050876604957122,1.828125,0.0165348966110647,0.0084375,0.0076314907435683,0.063984375,0.0578721381387264,0.1379255038822947,15305,,,9.333340164919665e-09,Information
422802,7530.0,1124.385035,RUS,Russia,Zabaykal'ye,0.697119512,0.0,0.65,0.49,,,,,,,,,,,,,,,,,,,,,,,,,,0.4869580337242525,13.94239024,0.0,,,,,,,,,,,,,,,,,0.984375,0.0875478567448505,0.984375,0.0875478567448505,0.014765625,0.1313217851172757,0.034453125,0.3064174986069767,0.4869580337242525,671,,,1.1420337400611697e-07,Information
422804,7532.0,3516.235605,MNG,Mongolia,Dornod,0.001593019,0.0,0.62,0.53,,,,,,,,,,,,,,,,,,,,,,,,,,0.335144434040591,0.03186038,0.0,,,,,,,,,,,,,,,,,1.546875,0.0439923592652661,1.828125,0.0519909700407691,0.023203125,0.0659885388978991,0.063984375,0.1819683951426918,0.335144434040591,532,,,6.059445373099874e-09,Information
422805,7533.0,4468.345808,MNG,Mongolia,Dornod,4.037218044,0.0,0.62,0.53,,,,,,,,,,,,,,,,,,,,,,,,,,0.3050769826526414,80.74436088,0.0,,,,,,,,,,,,,,,,,1.6875,0.0377656536094283,1.96875,0.0440599292109997,0.0253125,0.0566484804141424,0.06890625,0.1542097522384989,0.3050769826526414,630,,,1.69910494874743e-05,Information
422808,7536.0,5637.650882,MNG,Mongolia,Dornod,1.467521325,0.0,0.62,0.53,,,,,,,,,,,,,,,,,,,,,,,,,,0.292548000220142,29.3504265,0.0,,,,,,,,,,,,,,,,,2.109375,0.0374158500440284,2.109375,0.0374158500440284,0.031640625,0.0561237750660426,0.073828125,0.1309554751540994,0.292548000220142,489,,,2.0457219384105883e-08,Information
422830,7540.0,20483.75676,RUS,Russia,Zabaykal'ye,2.51600125,0.0,0.65,0.49,,,,,,,,,,,,,,,,,,,,,,,,,,1.0641733291864863,50.320025,0.0,,,,,,,,,,,,,,,,,14.203125,0.0693384771343857,14.34375,0.0700249967099737,0.213046875,0.1040077157015785,0.50203125,0.2450874884849079,1.0641733291864863,54298,,,6.066982403676759e-05,Information
422840,7541.0,27506.42917,RUS,Russia,Zabaykal'ye,3.186202274,0.0,0.65,0.49,,,,,,,,,,,,,,,,,,,,,,,,,,0.5167646636379123,63.72404548,0.0,,,,,,,,,,,,,,,,,1.96875,0.0071574175915798,9.984375,0.0362983320715836,0.02953125,0.0107361263873697,0.349453125,0.1270441622505426,0.5167646636379123,36301,,,1.0625579921641476e-05,Information
422850,7542.0,3173.714686,RUS,Russia,Zabaykal'ye,2.137843202,0.0,0.65,0.49,,,,,,,,,,,,,,,,,,,,,,,,,,0.5253459840326236,42.75686404,0.0,,,,,,,,,,,,,,,,,2.53125,0.0797566968065247,2.53125,0.0797566968065247,0.03796875,0.119635045209787,0.08859375,0.2791484388228364,0.5253459840326236,19263,,,1.3593252833313006e-06,Information
422870,7552.0,9839.357347,RUS,Russia,Zabaykal'ye,1.11628789,0.0,0.65,0.49,,,,,,,,,,,,,,,,,,,,,,,,,,0.2608622460092439,22.3257578,0.0,,,,,,,,,,,,,,,,,0.421875,0.0042876275872579,3.515625,0.0357302298938163,0.006328125,0.0064314413808868,0.123046875,0.125055804628357,0.2608622460092439,57753,,,6.122252543187213e-09,Information
422899,7562.0,9385.998684,MNG,Mongolia,Hentiy,3.708809434,0.0,0.62,0.53,,,,,,,,,,,,,,,,,,,,,,,,,,0.3093284270507639,74.17618868,0.0,,,,,,,,,,,,,,,,,0.140625,0.0014982422727771,4.21875,0.0449472681833138,0.002109375,0.0022473634091656,0.14765625,0.1573154386415983,0.3093284270507639,4205,,,4.829967782823578e-06,Information
422911,7564.0,5172.832781,CHN,China,Nei Mongol,2.484418398,0.0,0.59,0.57,,,,,,,,,,,,,,,,,,,,,,,,,,2.629547114516881,49.68836796,0.0,,,,,,,,,,,,,,,,,5.625,0.1087411914990984,23.203125,0.448557414933781,0.084375,0.1631117872486476,0.812109375,1.5699509522682336,2.629547114516881,4,,,0.0015815584472876,Information
422913,7566.0,2392.299509,RUS,Russia,Zabaykal'ye,3.054626689,0.0,0.65,0.49,,,,,,,,,,,,,,,,,,,,,,,,,,2.214483604651987,61.09253378,0.0,,,,,,,,,,,,,,,,,3.234375,0.1351994174572227,10.828125,0.4526241367046152,0.048515625,0.202799126185834,0.378984375,1.5841844784661532,2.214483604651987,27,,,0.0020773755324231,Information
422915,7568.0,4048.164688,CHN,China,Nei Mongol,1.597720107,0.0,0.59,0.57,,,,,,,,,,,,,,,,,,,,,,,,,,1.134610792519437,31.95440214,0.0,,,,,,,,,,,,,,,,,0.140625,0.0034737964194384,9.28125,0.229270563682937,0.002109375,0.0052106946291576,0.32484375,0.8024469728902794,1.134610792519437,4,,,2.1209931025003985e-05,Information
422933,7576.0,7192.848612,RUS,Russia,Zabaykal'ye,1.765358118,0.0,0.65,0.49,,,,,,,,,,,,,,,,,,,,,,,,,,0.4319292173835924,35.30716236,0.0,,,,,,,,,,,,,,,,,3.515625,0.0488766716699596,3.65625,0.050831738536758,0.052734375,0.0733150075049394,0.12796875,0.177911084878653,0.4319292173835924,13783,,,2.733632139947624e-07,Information
422962,7586.0,4947.517431,CHN,China,Nei Mongol,0.337773604,0.0,0.59,0.57,,,,,,,,,,,,,,,,,,,,,,,,,,3.4859636680557475,6.7554720800000005,0.0,,,,,,,,,,,,,,,,,1.125,0.0227386768366191,32.484375,0.6565792936573768,0.016875,0.0341080152549286,1.136953125,2.298027527800819,3.4859636680557475,34900,,,0.0005072383570368,Information
422966,7590.0,10759.95128,CHN,China,Nei Mongol,2.433355813,0.0,0.59,0.57,,,,,,,,,,,,,,,,,,,,,,,,,,0.708139904006327,48.66711626,0.0,,,,,,,,,,,,,,,,,6.75,0.0627326260241521,7.59375,0.0705742042771711,0.10125,0.0940989390362281,0.26578125,0.2470097149700988,0.708139904006327,26536,,,9.201073723647018e-06,Information
422967,7591.0,6624.553938,CHN,China,Nei Mongol,1.842061141,0.0,0.59,0.57,,,,,,,,,,,,,,,,,,,,,,,,,,9.775425389665472,36.84122282,0.0,,,,,,,,,,,,,,,,,20.8125,0.3141720966319459,102.375,1.5453870699193015,0.3121875,0.4712581449479188,3.583125,5.408854744717555,9.775425389665472,3406,,,0.0310360614203912,Information
422969,7593.0,3389.556843,CHN,China,Nei Mongol,0.74009283,0.0,0.59,0.57,,,,,,,,,,,,,,,,,,,,,,,,,,6.424383447150525,14.8018566,0.0,,,,,,,,,,,,,,,,,31.640625,0.9334737980837596,32.90625,0.9708127500071104,0.474609375,1.4002106971256394,1.15171875,3.3978446250248866,6.424383447150525,38,,,0.0048706591615273,Information
422980,7595.0,10638.36008,CHN,China,Nei Mongol,1.42803784,0.0,0.59,0.57,,,,,,,,,,,,,,,,,,,,,,,,,,6.153268503256999,28.5607568,0.0,,,,,,,,,,,,,,,,,28.6875,0.2696609231498239,78.328125,0.7362800695806465,0.4303125,0.4044913847247358,2.741484375,2.576980243532262,6.153268503256999,8447,,,0.0071059194485211,Information
422984,7599.0,10066.73048,CHN,China,Nei Mongol,2.667946597,0.0,0.59,0.57,,,,,,,,,,,,,,,,,,,,,,,,,,1.2348000106217536,53.35893194,0.0,,,,,,,,,,,,,,,,,7.171875,0.0712433397655152,14.625,0.1452805359924231,0.107578125,0.1068650096482728,0.511875,0.5084818759734808,1.2348000106217536,763,,,0.0001408497905672,Information
422986,7601.0,15992.62508,CHN,China,Nei Mongol,3.608161352,0.0,0.59,0.57,,,,,,,,,,,,,,,,,,,,,,,,,,1.0353593836598527,72.16322704000001,0.0,,,,,,,,,,,,,,,,,10.96875,0.0685863011599747,13.5,0.0844139091199688,0.16453125,0.102879451739962,0.4725,0.2954486819198907,1.0353593836598527,69306,,,0.0004980794610075,Information
422988,7603.0,7098.585004,MNG,Mongolia,Dornod,3.077520002,0.0,0.62,0.53,,,,,,,,,,,,,,,,,,,,,,,,,,0.5436582172865683,61.55040004,0.0,,,,,,,,,,,,,,,,,0.28125,0.0039620572247547,6.328125,0.0891462875569818,0.00421875,0.005943085837132,0.221484375,0.3120120064494363,0.5436582172865683,440,,,1.0277153340084343e-05,Information
422989,7604.0,10803.9366,MNG,Mongolia,Dornod,1.608998171,0.0,0.62,0.53,,,,,,,,,,,,,,,,,,,,,,,,,,1.087205347057968,32.17996342,0.0,,,,,,,,,,,,,,,,,4.5,0.0416514846970236,14.203125,0.1314624985749808,0.0675,0.0624772270455354,0.497109375,0.4601187450124328,1.087205347057968,59,,,1.788368548576408e-05,Information
423010,7615.0,9143.380901,RUS,Russia,Khabarovsk,2.025506139,3.040161456,0.65,0.49,,,,,,,,,,,,,,,,,,,,,,,,,,2.315650919634113,40.51012278,60.80322912,,,,,,,,,,,,,,,,,21.234375,0.2322376725870961,22.5,0.2460796530724197,0.318515625,0.3483565088806442,0.7875,0.861278785753469,2.315650919634113,6705,,,0.0023353886874763,Information
423020,7616.0,21703.58112,RUS,Russia,Khabarovsk,1.371334276,0.0,0.65,0.49,,,,,,,,,,,,,,,,,,,,,,,,,,0.4827333685144656,27.42668552,0.0,,,,,,,,,,,,,,,,,5.625,0.0259173818748027,7.03125,0.0323967273435033,0.084375,0.038876072812204,0.24609375,0.1133885457022615,0.4827333685144656,6567,,,2.6809541616250244e-07,Information
423053,16141.0,11068.47514,RUS,Russia,Primor'ye,0.937869828,1.391788171,0.65,0.49,,,,,,,,,,,,,,,,,,,,,,,,,,2.239101551670104,18.75739656,27.83576342,,,,,,,,,,,,,,,,,12.796875,0.1156155192193418,28.125,0.2541000422403117,0.191953125,0.1734232788290127,0.984375,0.8893501478410909,2.239101551670104,83604,,,0.0002574624559772,Information
423056,7623.0,3100.708879,RUS,Russia,Primor'ye,2.160050691,0.0,0.65,0.49,,,,,,,,,,,,,,,,,,,,,,,,,,0.1930988553923682,43.20101382,0.0,,,,,,,,,,,,,,,,,0.421875,0.0136057597285263,1.125,0.0362820259427368,0.006328125,0.0204086395927894,0.039375,0.1269870907995788,0.1930988553923682,7644,,,6.576262594768734e-09,Information
423057,7624.0,543.5657178,RUS,Russia,Primor'ye,1.22597563,0.0,0.65,0.49,,,,,,,,,,,,,,,,,,,,,,,,,,14.97512067733235,24.5195126,0.0,,,,,,,,,,,,,,,,,15.046875,2.768179542303391,15.609375,2.8716628896792185,0.225703125,4.152269313455086,0.546328125,10.050820113877265,14.97512067733235,21277,,,0.0528869259953715,Information
423058,7625.0,4121.041183,RUS,Russia,Primor'ye,0.511657515,0.0,0.65,0.49,,,,,,,,,,,,,,,,,,,,,,,,,,0.6649689806256751,10.2331503,0.0,,,,,,,,,,,,,,,,,2.109375,0.0511854870245299,4.640625,0.1126080714539658,0.031640625,0.0767782305367948,0.162421875,0.3941282500888803,0.6649689806256751,63571,,,4.665881175423664e-07,Information
423059,7626.0,5416.231082,RUS,Russia,Primor'ye,0.212367307,0.224464887,0.65,0.49,,,,,,,,,,,,,,,,,,,,,,,,,,9.236028653973513,4.24734614,4.48929774,,,,,,,,,,,,,,,,,58.5,1.080086855927619,67.640625,1.2488504271663097,0.8775,1.6201302838914289,2.367421875,4.370976495082084,9.236028653973513,929701,,,0.0097423296484328,Information
423060,7627.0,16824.92342,CHN,China,Heilongjiang,2.937069014,1.175260437,0.59,0.57,,,,,,,,,,,,,,,,,,,,,,,,,,5.812549911367094,58.74138028,23.50520874,,,,,,,,,,,,,,,,,37.96875,0.2256696749543357,87.890625,0.5223835068387401,0.56953125,0.3385045124315036,3.076171875,1.8283422739355903,5.812549911367094,571772,,,0.0250072064731966,Information
423070,7628.0,4272.23014,RUS,Russia,Primor'ye,1.289497012,2.60810465,0.65,0.49,,,,,,,,,,,,,,,,,,,,,,,,,,15.52641534827259,25.78994024,52.162093,,,,,,,,,,,,,,,,,88.03125,2.060545596223492,95.0625,2.2251259154106715,1.32046875,3.0908183943352383,3.3271875,7.78794070393735,15.52641534827259,32855,,,0.130236139494209,Information
423081,7629.0,2409.017257,PRK,North Korea,Hamgyong-bukto,3.364907062,0.0,-9999.0,1.0,,,,,,,,,,,,,,,,,,,,,,,,,,15.889039753537256,67.29814123999999,0.0,,,,,,,,,,,,,,,,,50.765625,2.1073167844321627,66.375,2.755272914825432,0.761484375,3.160975176648244,2.323125,9.643455201889012,15.889039753537256,178996,,,0.2352079956885777,Information
423082,7630.0,3946.809944,CHN,China,Jilin,1.078560461,0.0,0.59,0.57,,,,,,,,,,,,,,,,,,,,,,,,,,9.165789181691672,21.57120922,0.0,,,,,,,,,,,,,,,,,43.3125,1.0974052618384575,55.546875,1.407386618266853,0.6496875,1.6461078927576862,1.944140625,4.9258531639339855,9.165789181691672,200814,,,0.0159080644660927,Information
423083,7631.0,2101.305691,CHN,China,Jilin,3.266669265,0.0,0.59,0.57,,,,,,,,,,,,,,,,,,,,,,,,,,23.30753366132498,65.3333853,0.0,,,,,,,,,,,,,,,,,51.609375,2.456062210287098,93.515625,4.450357955969809,0.774140625,3.684093315430647,3.273046875,15.576252845894333,23.30753366132498,202115,,,0.3456835570024252,Information
423084,7632.0,13610.27742,CHN,China,Jilin,3.208699433,0.0,0.59,0.57,,,,,,,,,,,,,,,,,,,,,,,,,,10.712961273975855,64.17398866,0.0,,,,,,,,,,,,,,,,,113.765625,0.8358802798067783,127.6875,0.938169708361625,1.706484375,1.2538204197101674,4.4690625,3.283593979265688,10.712961273975855,1373631,,,0.1136737418444518,Information
423085,7633.0,4538.478538,CHN,China,Jilin,4.139590922,0.0,0.59,0.57,,,,,,,,,,,,,,,,,,,,,,,,,,3.3109951771931567,82.79181844,0.0,,,,,,,,,,,,,,,,,7.875,0.1735162992147167,26.15625,0.576321993820309,0.118125,0.260274448822075,0.91546875,2.0171269783710817,3.3109951771931567,361357,,,0.0496623687326631,Information
423089,7637.0,2340.071139,PRK,North Korea,Ryanggang,4.037212224,0.0,-9999.0,1.0,,,,,,,,,,,,,,,,,,,,,,,,,,0.1112352403666105,80.74424448,0.0,,,,,,,,,,,,,,,,,0.421875,0.0180282980733221,0.421875,0.0180282980733221,0.006328125,0.0270424471099831,0.014765625,0.0630990432566273,0.1112352403666105,70348,,,1.2754973496065396e-07,Information
423090,7638.0,6886.009974,PRK,North Korea,Hamgyong-bukto,4.000704729,0.0,-9999.0,1.0,,,,,,,,,,,,,,,,,,,,,,,,,,13.22991737959124,80.01409457999999,0.0,,,,,,,,,,,,,,,,,89.296875,1.2967868960420796,115.875,1.6827596887223204,1.339453125,1.94518034406312,4.055625,5.889658910528121,13.22991737959124,1156491,,,0.3399694296311879,Information
424401,7658.0,625.1547674,CHN,China,Liaoning,1.508233461,2.692856165,0.59,0.57,,,,,,,,,,,,,,,,,,,,,,,,,,43.59483986767117,30.16466922,53.8571233,,,,,,,,,,,,,,,,,35.15625,5.623607438003177,58.21875,9.31269391733326,0.52734375,8.435411157004765,2.03765625,32.594428710666406,43.59483986767117,1047319,,,0.4773507409178719,Advisory
424402,7659.0,5841.478988,CHN,China,Liaoning,1.702450989,0.0,0.59,0.57,,,,,,,,,,,,,,,,,,,,,,,,,,1.3442949387871796,34.049019779999995,0.0,,,,,,,,,,,,,,,,,6.46875,0.1107382225083979,11.390625,0.1949955657213094,0.09703125,0.1661073337625968,0.398671875,0.682484480024583,1.3442949387871796,638283,,,4.949748720694573e-05,Information
424404,7661.0,15237.24925,CHN,China,Jilin,3.604078998,0.0,0.59,0.57,,,,,,,,,,,,,,,,,,,,,,,,,,6.830240586287288,72.08157996,0.0,,,,,,,,,,,,,,,,,45.5625,0.2990205072317413,98.296875,0.6451090572684789,0.6834375,0.4485307608476119,3.440390625,2.2578817004396763,6.830240586287288,1746730,,,0.0795763747348377,Information
424405,7662.0,2190.364293,PRK,North Korea,Chagang-do,2.869773964,0.0,-9999.0,1.0,,,,,,,,,,,,,,,,,,,,,,,,,,5.0089055499677615,57.39547928,0.0,,,,,,,,,,,,,,,,,11.109375,0.5071930288241455,20.953125,0.9566045733518694,0.166640625,0.7607895432362183,0.733359375,3.348116006731543,5.0089055499677615,100216,,,0.0161473872542645,Information
424406,7663.0,5189.254678,PRK,North Korea,Chagang-do,4.198225677,0.0,-9999.0,1.0,,,,,,,,,,,,,,,,,,,,,,,,,,2.3750339775417872,83.96451354,0.0,,,,,,,,,,,,,,,,,6.1875,0.1192367764503269,20.53125,0.3956493036760848,0.0928125,0.1788551646754903,0.71859375,1.3847725628662968,2.3750339775417872,643402,,,0.0280799724155221,Information
424407,7664.0,9622.933227,PRK,North Korea,Ryanggang,4.067383825,0.0,-9999.0,1.0,,,,,,,,,,,,,,,,,,,,,,,,,,3.2532953276811507,81.3476765,0.0,,,,,,,,,,,,,,,,,15.46875,0.1607488032568766,38.953125,0.4047947136559531,0.23203125,0.2411232048853149,1.363359375,1.416781497795836,3.2532953276811507,687823,,,0.0403792188093603,Information
424811,7670.0,316.811682,CHN,China,Liaoning,2.569732602,3.042300662,0.59,0.57,,,,,,,,,,,,,,,,,,,,,,,,,,44.39794428383131,51.39465204,60.846013240000005,,,,,,,,,,,,,,,,,5.0625,1.597952439220872,197.859375,62.45330783288241,0.0759375,2.396928658831308,6.925078125,35.0,44.39794428383131,253274,,,0.550011704480712,Advisory
424813,7672.0,6621.015798,CHN,China,Liaoning,3.627990643,0.0,0.59,0.57,,,,,,,,,,,,,,,,,,,,,,,,,,70.54011582804509,72.55981286,0.0,3.0,,,,,,,,,,,,,,,,14.34375,0.2166397186967318,1031.0625,15.572572720435668,0.21515625,0.3249595780450977,35.0,35.0,70.54011582804509,1521256,201688.0,13.26,0.8274593606158545,Warning
424814,7673.0,5342.564676,CHN,China,Nei Mongol,0.826962734,0.0,0.59,0.57,,,,,,,,,,,,,,,,,,,,,,,,,,4.016201530021593,16.53925468,0.0,,,,,,,,,,,,,,,,,0.703125,0.0131608140021196,39.65625,0.7422699097195469,0.010546875,0.0197412210031793,1.38796875,2.597944684018414,4.016201530021593,369738,,,0.0012065127985121,Information
424816,7675.0,4945.071141,CHN,China,Liaoning,1.159869998,0.0,0.59,0.57,,,,,,,,,,,,,,,,,,,,,,,,,,7.029484595141254,23.19739996,0.0,,,,,,,,,,,,,,,,,24.46875,0.4948108794163107,55.96875,1.1318087931476537,0.36703125,0.7422163191244661,1.95890625,3.961330776016788,7.029484595141254,718864,,,0.008398414112591,Information
424817,7676.0,1709.071277,CHN,China,Liaoning,1.898395823,0.0,0.59,0.57,,,,,,,,,,,,,,,,,,,,,,,,,,33.26277644063465,37.96791646,0.0,,,,,,,,,,,,,,,,,8.015625,0.4690047223725344,135.28125,7.915483209164528,0.120234375,0.7035070835588015,4.73484375,27.70419123207585,33.26277644063465,493178,,,0.266572352100767,Information
424818,7677.0,4624.134044,CHN,China,Liaoning,0.524361607,0.0,0.59,0.57,,,,,,,,,,,,,,,,,,,,,,,,,,8.343247245864127,10.48723214,0.0,,,,,,,,,,,,,,,,,27.5625,0.5960575480753566,63.5625,1.374581692500312,0.4134375,0.8940863221130348,2.2246875,4.811035923751092,8.343247245864127,1534578,,,0.0088238333369909,Information
424819,7678.0,3343.835706,CHN,China,Nei Mongol,1.541271642,0.0,0.59,0.57,,,,,,,,,,,,,,,,,,,,,,,,,,6.374947639491695,30.82543284,0.0,,,,,,,,,,,,,,,,,8.71875,0.2607409803243706,41.90625,1.2532389054300397,0.13078125,0.3911114704865559,1.46671875,4.386336169005139,6.374947639491695,375218,,,0.0085568139932053,Information
424841,7681.0,699.0894991,CHN,China,Jilin,2.844536904,0.0,0.59,0.57,,,,,,,,,,,,,,,,,,,,,,,,,,4.293579188664894,56.89073808,0.0,,,,,,,,,,,,,,,,,4.921875,0.7040407567833146,5.90625,0.8448489081399776,0.073828125,1.0560611351749718,0.20671875,2.9569711784899217,4.293579188664894,77960,,,0.010538085665921,Information
424842,7682.0,1557.576267,CHN,China,Jilin,0.233226741,0.0,0.59,0.57,,,,,,,,,,,,,,,,,,,,,,,,,,5.347783932527214,4.66453482,0.0,,,,,,,,,,,,,,,,,11.953125,0.7674182802728062,15.46875,0.9931295391765728,0.179296875,1.1511274204092097,0.54140625,3.475953387118005,5.347783932527214,138515,,,0.0019838420641771,Information
424843,7683.0,1504.021806,CHN,China,Nei Mongol,1.441498116,0.0,0.59,0.57,,,,,,,,,,,,,,,,,,,,,,,,,,3.167695283748741,28.82996232,0.0,,,,,,,,,,,,,,,,,3.65625,0.2430982041679703,10.265625,0.6825449578562245,0.05484375,0.3646473062519554,0.359296875,2.3889073524967857,3.167695283748741,198329,,,0.0009289096751168,Information
424844,7684.0,15727.78867,CHN,China,Nei Mongol,2.414676601,0.0,0.59,0.57,,,,,,,,,,,,,,,,,,,,,,,,,,9.065750550376643,48.29353202,0.0,,,,,,,,,,,,,,,,,4.921875,0.0312941323301655,156.234375,0.9933651719661128,0.073828125,0.0469411984952482,5.468203125,3.476778101881395,9.065750550376643,462439,,,0.0408348446677254,Information
424845,7685.0,5833.165111,CHN,China,Nei Mongol,3.345815936,0.0,0.59,0.57,,,,,,,,,,,,,,,,,,,,,,,,,,0.7405045587527399,66.91631872,0.0,,,,,,,,,,,,,,,,,2.109375,0.0361617571200572,6.890625,0.1181284065921869,0.031640625,0.0542426356800858,0.241171875,0.4134494230726541,0.7405045587527399,215565,,,7.250479310463657e-05,Information
424848,7688.0,2266.377144,CHN,China,Nei Mongol,0.746281763,0.0,0.59,0.57,,,,,,,,,,,,,,,,,,,,,,,,,,0.5594148698514916,14.92563526,0.0,,,,,,,,,,,,,,,,,0.984375,0.043433856652523,2.53125,0.1116870599636306,0.014765625,0.0651507849787845,0.08859375,0.3909047098727071,0.5594148698514916,5652,,,2.525180150877958e-07,Information
424849,7689.0,7356.387515,CHN,China,Nei Mongol,2.864096391,0.0,0.59,0.57,,,,,,,,,,,,,,,,,,,,,,,,,,0.187458752538369,57.28192782,0.0,,,,,,,,,,,,,,,,,0.703125,0.0095580201361388,1.96875,0.0267624563811888,0.010546875,0.0143370302042082,0.06890625,0.0936685973341608,0.187458752538369,379803,,,2.8364166919195213e-08,Information
424850,7690.0,12766.32543,CHN,China,Nei Mongol,3.794863173,0.0,0.59,0.57,,,,,,,,,,,,,,,,,,,,,,,,,,5.72275566659963,75.89726346,0.0,,,,,,,,,,,,,,,,,12.796875,0.1002392980545864,86.203125,0.675238348433643,0.191953125,0.1503589470818795,3.017109375,2.3633342195177507,5.72275566659963,1406776,,,0.0752347714684967,Information
424860,7691.0,12695.63569,CHN,China,Nei Mongol,3.281118968,0.0,0.59,0.57,,,,,,,,,,,,,,,,,,,,,,,,,,1.678037667823745,65.62237936,0.0,,,,,,,,,,,,,,,,,1.546875,0.0121843052000916,26.15625,0.2060255242924593,0.023203125,0.0182764578001374,0.91546875,0.7210893350236075,1.678037667823745,672250,,,0.001264788710637,Information
424890,7694.0,29486.17584,CHN,China,Nei Mongol,2.488111113,0.0,0.59,0.57,,,,,,,,,,,,,,,,,,,,,,,,,,5.97811810685851,49.76222226,0.0,,,,,,,,,,,,,,,,,0.984375,0.0033384288464355,127.125,0.4311342395968162,0.014765625,0.0050076432696532,4.449375,1.5089698385888566,5.97811810685851,2901823,,,0.0166411394927808,Information
424902,7696.0,23495.88841,CHN,China,Liaoning,1.198236813,1.094384011,0.59,0.57,,,,,,,,,,,,,,,,,,,,,,,,,,9.798259472238335,23.96473626,21.88768022,,,,,,,,,,,,,,,,,13.921875,0.0592523881588942,190.40625,0.810381147142856,0.208828125,0.0888785822383413,6.66421875,2.8363340149999963,9.798259472238335,4477500,,,0.0202314259051169,Information
424904,7698.0,5047.268136,CHN,China,Liaoning,2.046381808,0.055342428,0.59,0.57,,,,,,,,,,,,,,,,,,,,,,,,,,4.075023176665037,40.92763616,1.10684856,,,,,,,,,,,,,,,,,0.5625,0.0111446427023252,38.8125,0.7689803464604427,0.0084375,0.0167169640534878,1.3584375,2.6914312126115494,4.075023176665037,1430874,,,0.0037488881796456,Information
424907,7701.0,834.3733595,CHN,China,Liaoning,2.419204606,2.52306573,0.59,0.57,,,,,,,,,,,,,,,,,,,,,,,,,,18.46107809544158,48.384092120000005,50.4613146,,,,,,,,,,,,,,,,,0.28125,0.0337079314449882,40.5,4.853942128078313,0.00421875,0.0505618971674823,1.4175,16.988797448274095,18.46107809544158,178592,,,0.1617994415604481,Information
424908,7702.0,3131.692826,CHN,China,Liaoning,3.016361764,0.4363275,0.59,0.57,,,,,,,,,,,,,,,,,,,,,,,,,,5.846511547872237,60.32723528,8.72655,,,,,,,,,,,,,,,,,8.296875,0.2649325927377327,36.28125,1.1585187953616107,0.124453125,0.397398889106599,1.26984375,4.054815783765638,5.846511547872237,396602,,,0.0277577468991608,Information
431202,7707.0,6276.54858,CHN,China,Hebei,1.947882049,0.0,0.59,0.57,,,,,,,,,,,,,,,,,,,,,,,,,,2.6274710814671103,38.95764098,0.0,,,,,,,,,,,,,,,,,7.171875,0.1142646298123839,25.875,0.4122488604995812,0.107578125,0.1713969447185758,0.905625,1.4428710117485342,2.6274710814671103,997595,,,0.000828885003319,Information
431203,7708.0,9915.614455,CHN,China,Hebei,3.180667997,0.0,0.59,0.57,,,,,,,,,,,,,,,,,,,,,,,,,,3.9387202179609577,63.61335994,0.0,,,,,,,,,,,,,,,,,15.890625,0.160258600935524,49.21875,0.4963761975879063,0.238359375,0.2403879014032859,1.72265625,1.737316691557672,3.9387202179609577,2107585,,,0.013096244928982,Information
431204,7709.0,2584.464268,CHN,China,Hebei,3.763495181,0.0,0.59,0.57,,,,,,,,,,,,,,,,,,,,,,,,,,1.612566549608404,75.26990362000001,0.0,,,,,,,,,,,,,,,,,2.390625,0.0924998278910525,8.4375,0.3264699807919501,0.035859375,0.1387497418365787,0.2953125,1.142644932771825,1.612566549608404,422232,,,0.0031648538327424,Information
431206,7711.0,6770.420895,CHN,China,Hebei,3.776541706,0.0,0.59,0.57,,,,,,,,,,,,,,,,,,,,,,,,,,0.3222052128476982,75.53083412000001,0.0,,,,,,,,,,,,,,,,,0.140625,0.0020770495983534,3.65625,0.0540032895571909,0.002109375,0.0031155743975301,0.12796875,0.1890115134501681,0.3222052128476982,592810,,,7.456130062010603e-06,Information
431209,7714.0,12708.59755,CHN,China,Nei Mongol,1.13065769,0.0,0.59,0.57,,,,,,,,,,,,,,,,,,,,,,,,,,1.2501102248480227,22.6131538,0.0,,,,,,,,,,,,,,,,,0.703125,0.005532671857769,19.6875,0.1549148120175341,0.010546875,0.0082990077866535,0.6890625,0.5422018420613693,1.2501102248480227,370381,,,1.8489671008183694e-05,Information
431500,7717.0,117.3287851,CHN,China,Tianjin,2.452324357,3.213184766,0.59,0.57,,,,,,,,,,,,,,,,,,,,,,,,,,1.8795570988270949,49.04648714,64.26369532,,,,,,,,,,,,,,,,,0.140625,0.1198554983114254,0.5625,0.4794219932457019,0.002109375,0.1797832474671381,0.0196875,1.6779769763599566,1.8795570988270949,1087409,,,0.0016140900373331,Information
431600,7718.0,4645.310953,CHN,China,Nei Mongol,1.915772719,0.0,0.59,0.57,,,,,,,,,,,,,,,,,,,,,,,,,,1.0729060840080478,38.31545438,0.0,,,,,,,,,,,,,,,,,5.625,0.1210898485963715,7.3125,0.157416803175283,0.084375,0.1816347728945572,0.2559375,0.5509588111134905,1.0729060840080478,602558,,,2.5427494656756564e-05,Information
431621,7720.0,191.2944375,CHN,China,Tianjin,4.035060078,0.0,0.59,0.57,,,,,,,,,,,,,,,,,,,,,,,,,,2.1726388477154432,80.70120156,0.0,,,,,,,,,,,,,,,,,0.421875,0.2205369928671148,0.984375,0.5145863166899346,0.006328125,0.3308054893006722,0.034453125,1.801052108414771,2.1726388477154432,863841,,,0.0144774375147274,Information
431623,7722.0,8756.876886,CHN,China,Beijing,2.174876216,0.0,0.59,0.57,,,,,,,,,,,,,,,,,,,,,,,,,,3.766669499870127,43.49752432,0.0,,,,,,,,,,,,,,,,,5.34375,0.0610234684086883,47.953125,0.5476053349305984,0.08015625,0.0915352026130324,1.678359375,1.9166186722570944,3.766669499870127,13927998,,,0.003383550127467,Information
431624,7723.0,15020.20555,CHN,China,Hebei,2.442721621,0.0,0.59,0.57,,,,,,,,,,,,,,,,,,,,,,,,,,0.2939823509181787,48.85443242,0.0,,,,,,,,,,,,,,,,,0.28125,0.0018724777038753,4.921875,0.0327683598178188,0.00421875,0.0028087165558129,0.172265625,0.1146892593623658,0.2939823509181787,2722180,,,1.2419492040917105e-07,Information
431628,7727.0,5083.491797,CHN,China,Shanxi,1.890002206,0.0,0.59,0.57,,,,,,,,,,,,,,,,,,,,,,,,,,1.1620571823983308,37.80004412,0.0,,,,,,,,,,,,,,,,,4.78125,0.0940544450683779,9.140625,0.1798099685130754,0.07171875,0.1410816676025668,0.319921875,0.6293348897957639,1.1620571823983308,1773611,,,3.443409892348043e-05,Information
431629,7728.0,10721.90729,CHN,China,Shanxi,0.773343084,0.0,0.59,0.57,,,,,,,,,,,,,,,,,,,,,,,,,,1.5301309827896186,15.46686168,0.0,,,,,,,,,,,,,,,,,8.15625,0.076070887214561,19.125,0.1783731148479363,0.12234375,0.1141063308218414,0.669375,0.624305901967777,1.5301309827896186,2949867,,,3.013001015939735e-05,Information
431630,7729.0,1666.783354,CHN,China,Hebei,3.594420189,0.0,0.59,0.57,,,,,,,,,,,,,,,,,,,,,,,,,,1.560140751230202,71.88840378,0.0,,,,,,,,,,,,,,,,,2.390625,0.1434274583338387,5.34375,0.3206025539226983,0.035859375,0.215141187500758,0.18703125,1.122108938729444,1.560140751230202,2478988,,,0.0019176107551034,Information
431641,7730.0,249.7994327,CHN,China,Hebei,4.032983056,0.0,0.59,0.57,,,,,,,,,,,,,,,,,,,,,,,,,,5.395082198362317,80.65966112,0.0,,,,,,,,,,,,,,,,,1.546875,0.619246802748508,3.09375,1.238493605497016,0.023203125,0.928870204122762,0.10828125,4.334727619239556,5.395082198362317,163601,,,0.1008531764382598,Information
431642,7731.0,11448.33351,CHN,China,Hebei,2.35162798,0.0,0.59,0.57,,,,,,,,,,,,,,,,,,,,,,,,,,1.5280649364098084,47.0325596,0.0,,,,,,,,,,,,,,,,,1.546875,0.0135117918974274,22.640625,0.1977634995896192,0.023203125,0.0202676878461411,0.792421875,0.6921722485636672,1.5280649364098084,4944494,,,0.0001958042798809,Information
431643,7732.0,313.7626941,CHN,China,Hebei,4.010945339,0.0,0.59,0.57,,,,,,,,,,,,,,,,,,,,,,,,,,29.86144934662133,80.21890678,0.0,3.0,,,,,,,,,,,,,,,,11.671875,3.7199690143491817,20.953125,6.67801666431359,0.175078125,5.579953521523772,0.733359375,23.373058325097567,29.86144934662133,191191,12436.0,6.5,0.6597722856273214,Watch
431666,7745.0,26082.38182,CHN,China,Hebei,2.961412084,0.0,0.59,0.57,,,,,,,,,,,,,,,,,,,,,,,,,,1.810201258657064,59.22824168,0.0,,,,,,,,,,,,,,,,,18.0,0.0690121022118261,29.671875,0.1137621372398071,0.27,0.1035181533177391,1.038515625,0.3981674803393248,1.810201258657064,20624860,,,0.0009211236174471,Information
431667,7746.0,2562.242258,CHN,China,Hebei,0.784894266,0.0,0.59,0.57,,,,,,,,,,,,,,,,,,,,,,,,,,1.5340500371910255,15.69788532,0.0,,,,,,,,,,,,,,,,,2.8125,0.1097671381744742,7.734375,0.3018596299798041,0.0421875,0.1646507072617113,0.270703125,1.0565087049293145,1.5340500371910255,3021606,,,3.081313264529882e-05,Information
431668,7747.0,6285.961493,CHN,China,Shanxi,1.664886467,0.0,0.59,0.57,,,,,,,,,,,,,,,,,,,,,,,,,,0.1093013377896655,33.297729340000004,0.0,,,,,,,,,,,,,,,,,0.84375,0.0134227675579331,0.84375,0.0134227675579331,0.01265625,0.0201341513368996,0.02953125,0.0469796864527658,0.1093013377896655,2235123,,,7.092831923955679e-11,Information
431670,7749.0,4791.403354,CHN,China,Shandong,4.021873104,0.0,0.59,0.57,,,,,,,,,,,,,,,,,,,,,,,,,,0.8118032574601183,80.43746208,0.0,,,,,,,,,,,,,,,,,4.078125,0.0851133728146707,5.765625,0.1203326994966035,0.061171875,0.127670059222006,0.201796875,0.4211644482381122,0.8118032574601183,4047225,,,0.0007310221270121,Information
431680,7750.0,15195.65941,CHN,China,Henan,2.807244906,0.0,0.59,0.57,,,,,,,,,,,,,,,,,,,,,,,,,,1.0072852172366449,56.14489812000001,0.0,,,,,,,,,,,,,,,,,11.953125,0.0786614432062843,12.234375,0.080512300693491,0.179296875,0.1179921648094264,0.428203125,0.2817930524272184,1.0072852172366449,11729456,,,8.044393410914576e-05,Information
431800,7753.0,14394.36684,CHN,China,Shandong,3.219539836,0.047260209,0.59,0.57,,,,,,,,,,,,,,,,,,,,,,,,,,6.218946497745349,64.39079672,0.94520418,,,,,,,,,,,,,,,,,38.25,0.2657289509050526,88.453125,0.6144981989679342,0.57375,0.3985934263575789,3.095859375,2.15074369638777,6.218946497745349,7968726,,,0.0404921207673617,Information
432102,7765.0,9641.89258,CHN,China,Shandong,2.179374189,0.0,0.59,0.57,,,,,,,,,,,,,,,,,,,,,,,,,,4.819906918106357,43.58748378,0.0,,,,,,,,,,,,,,,,,29.109375,0.3019051992113022,55.125,0.5717238555112583,0.436640625,0.4528577988169533,1.929375,2.001033494289404,4.819906918106357,6862016,,,0.0069480812394888,Information
432103,7766.0,108.655719,CHN,China,Shandong,4.03004035,0.0,0.59,0.57,,,,,,,,,,,,,,,,,,,,,,,,,,0.6541439898576785,80.600807,0.0,,,,,,,,,,,,,,,,,0.140625,0.1294225479715357,0.140625,0.1294225479715357,0.002109375,0.1941338219573035,0.004921875,0.452978917900375,0.6541439898576785,44781,,,0.0003498977462767,Information
432104,7767.0,5099.687529,CHN,China,Henan,2.631154692,0.0,0.59,0.57,,,,,,,,,,,,,,,,,,,,,,,,,,0.4247047328931539,52.62309384,0.0,,,,,,,,,,,,,,,,,2.671875,0.0523929159310777,2.953125,0.0579079597132964,0.040078125,0.0785893738966165,0.103359375,0.2026778589965374,0.4247047328931539,3991491,,,1.2115488453324327e-06,Information
432106,7769.0,14983.22866,CHN,China,Shanxi,2.592279291,0.0,0.59,0.57,,,,,,,,,,,,,,,,,,,,,,,,,,0.2204111418970725,51.84558582,0.0,,,,,,,,,,,,,,,,,2.25,0.01501679011014,2.8125,0.018770987637675,0.03375,0.02252518516521,0.0984375,0.0656984567318625,0.2204111418970725,4785047,,,3.5886829885755314e-08,Information
432603,7804.0,2432.912959,CHN,China,Shaanxi,2.926547859,0.0,0.59,0.57,,,,,,,,,,,,,,,,,,,,,,,,,,0.6072472628192946,58.53095718,0.0,,,,,,,,,,,,,,,,,0.703125,0.0289005406993665,3.09375,0.1271623790772128,0.010546875,0.0433508110490497,0.10828125,0.4450683267702448,0.6072472628192946,257338,,,1.2012653216133712e-05,Information
432710,7812.0,2301.508523,CHN,China,Nei Mongol,1.109163206,0.0,0.59,0.57,,,,,,,,,,,,,,,,,,,,,,,,,,0.6050680209343422,22.18326412,0.0,,,,,,,,,,,,,,,,,1.96875,0.0855417210320595,2.390625,0.1038720898246437,0.02953125,0.1283125815480892,0.083671875,0.3635523143862529,0.6050680209343422,143631,,,5.965774823636266e-07,Information
432711,7813.0,2387.70614,CHN,China,Shanxi,0.617988942,0.0,0.59,0.57,,,,,,,,,,,,,,,,,,,,,,,,,,0.6347340643914218,12.35977884,0.0,,,,,,,,,,,,,,,,,1.265625,0.053005894592216,2.953125,0.1236804207151708,0.018984375,0.079508841888324,0.103359375,0.4328814725030978,0.6347340643914218,44176,,,4.158263576038364e-07,Information
432712,7814.0,4156.519538,CHN,China,Shanxi,3.06178905,0.0,0.59,0.57,,,,,,,,,,,,,,,,,,,,,,,,,,0.1772111018527702,61.235781,0.0,,,,,,,,,,,,,,,,,0.84375,0.0202994354355843,1.125,0.0270659139141125,0.01265625,0.0304491531533764,0.039375,0.0947306986993937,0.1772111018527702,974827,,,3.564062237662658e-08,Information
432713,7815.0,6623.515807,CHN,China,Shanxi,0.819973827,0.0,0.59,0.57,,,,,,,,,,,,,,,,,,,,,,,,,,2.2799711786395225,16.39947654,0.0,,,,,,,,,,,,,,,,,10.6875,0.1613569033693556,21.375,0.3227138067387112,0.1603125,0.2420353550540334,0.748125,1.1294983235854892,2.2799711786395225,994823,,,0.0001579578573349,Information
432717,7819.0,21244.37474,CHN,China,Shanxi,2.010457694,0.0,0.59,0.57,,,,,,,,,,,,,,,,,,,,,,,,,,3.0950462354876294,40.20915388,0.0,,,,,,,,,,,,,,,,,15.609375,0.0734753326188619,53.4375,0.2515371747312391,0.234140625,0.1102129989282928,1.8703125,0.8803801115593368,3.0950462354876294,1598880,,,0.0015329621532442,Information
432718,7820.0,5574.253491,CHN,China,Nei Mongol,0.960677948,0.0,0.59,0.57,,,,,,,,,,,,,,,,,,,,,,,,,,1.402656330628369,19.21355896,0.0,,,,,,,,,,,,,,,,,7.875,0.1412745224515089,10.96875,0.1967752277003159,0.118125,0.2119117836772633,0.38390625,0.6887132969511057,1.402656330628369,230464,,,2.523483138149173e-05,Information
432719,7821.0,1191.316836,CHN,China,Nei Mongol,2.389283261,0.0,0.59,0.57,,,,,,,,,,,,,,,,,,,,,,,,,,5.772951172580962,47.78566522,0.0,,,,,,,,,,,,,,,,,3.234375,0.2714957853989979,16.171875,1.3574789269949898,0.048515625,0.4072436780984968,0.566015625,4.751176244482465,5.772951172580962,111284,,,0.013826522241896,Information
433020,7877.0,10870.68826,CHN,China,Shandong,1.768030802,1.532073518,0.59,0.57,,,,,,,,,,,,,,,,,,,,,,,,,,3.4990267809552407,35.36061604,30.64147036,,,,,,,,,,,,,,,,,21.09375,0.1940424514994491,43.03125,0.3958466010588762,0.31640625,0.2910636772491736,1.50609375,1.3854631037060667,3.4990267809552407,9068596,,,0.0017708271917902,Information
433040,7879.0,6611.510757,CHN,China,Shandong,0.739495831,1.568798445,0.59,0.57,,,,,,,,,,,,,,,,,,,,,,,,,,7.720090645925824,14.78991662,31.375968900000004,,,,,,,,,,,,,,,,,16.171875,0.2446018103118855,80.859375,1.2230090515594274,0.242578125,0.3669027154678282,2.830078125,4.280531680457996,7.720090645925824,3357140,,,0.0144511454460254,Information
433054,7883.0,2895.591321,CHN,China,Shandong,0.729264169,0.163772276,0.59,0.57,,,,,,,,,,,,,,,,,,,,,,,,,,3.911100477158584,14.58528338,3.27544552,,,,,,,,,,,,,,,,,8.015625,0.2768216958735617,21.65625,0.7479042309566405,0.120234375,0.4152325438103426,0.75796875,2.6176648083482417,3.911100477158584,1083620,,,0.0010222194909106,Information
433061,7889.0,883.8488252,CHN,China,Jiangsu,4.014605865,4.019671172,0.59,0.57,,,,,,,,,,,,,,,,,,,,,,,,,,8.329369411937165,80.2921173,80.39342343999999,,,,,,,,,,,,,,,,,2.109375,0.2386578948629053,18.421875,2.0842789484693736,0.031640625,0.3579868422943579,0.644765625,7.294976319642807,8.329369411937165,411115,,,0.195977512926734,Information
433062,7890.0,2672.827026,CHN,China,Jiangsu,2.767251756,1.503519592,0.59,0.57,,,,,,,,,,,,,,,,,,,,,,,,,,3.250422448203192,55.34503512,30.07039184,,,,,,,,,,,,,,,,,0.421875,0.0157838496812504,19.40625,0.7260570853375188,0.006328125,0.0236757745218756,0.67921875,2.5411997986813155,3.250422448203192,1991996,,,0.0043941615511795,Information
433063,7891.0,1631.399277,CHN,China,Jiangsu,4.020071849,0.0,0.59,0.57,,,,,,,,,,,,,,,,,,,,,,,,,,1.6994325678190627,80.40143698,0.0,,,,,,,,,,,,,,,,,2.109375,0.1292985126388551,5.90625,0.3620358353887943,0.031640625,0.1939477689582826,0.20671875,1.26712542386078,1.6994325678190627,997046,,,0.0072393578029107,Information
433064,7892.0,5956.81032,CHN,China,Shandong,0.158235138,0.0,0.59,0.57,,,,,,,,,,,,,,,,,,,,,,,,,,5.140062345634856,3.16470276,0.0,,,,,,,,,,,,,,,,,12.09375,0.2030239230301192,49.640625,0.8333423817399078,0.18140625,0.3045358845451788,1.737421875,2.916698336089677,5.140062345634856,3293968,,,0.0016626590901971,Information
433065,7893.0,216.0694856,CHN,China,Jiangsu,0.181214263,0.0,0.59,0.57,,,,,,,,,,,,,,,,,,,,,,,,,,6.183521629572037,3.62428526,0.0,,,,,,,,,,,,,,,,,0.84375,0.3904993793272281,3.375,1.561997517308913,0.01265625,0.5857490689908422,0.118125,5.466991310581195,6.183521629572037,69879,,,0.0030129721237028,Information
433066,7894.0,12525.94872,CHN,China,Shandong,2.068005587,0.0,0.59,0.57,,,,,,,,,,,,,,,,,,,,,,,,,,9.291250070147443,41.36011174,0.0,,,,,,,,,,,,,,,,,26.15625,0.2088165182491629,136.40625,1.088989369363914,0.39234375,0.3132247773737443,4.77421875,3.8114627927736993,9.291250070147443,7145074,,,0.0327125664845279,Information
433069,7897.0,13309.03341,CHN,China,Shandong,2.388347535,0.0,0.59,0.57,,,,,,,,,,,,,,,,,,,,,,,,,,9.842832665030084,47.7669507,0.0,,,,,,,,,,,,,,,,,59.34375,0.4458907583867624,135.140625,1.0154052578428403,0.89015625,0.6688361375801436,4.729921875,3.5539184024499413,9.842832665030084,10455537,,,0.047561476324297,Information
434100,7901.0,4434.682919,CHN,China,Jiangsu,2.720210911,2.104795596,0.59,0.57,,,,,,,,,,,,,,,,,,,,,,,,,,31.10946424701728,54.40421822,42.095911920000006,,,,,,,,,,,,,,,,,90.84375,2.048483548123764,234.140625,5.279760228523323,1.36265625,3.0727253221856463,8.194921875,18.479160799831632,31.10946424701728,5360128,,,0.3511182711367382,Advisory
434220,7903.0,9875.830734,CHN,China,Anhui,2.547217402,0.0,0.59,0.57,,,,,,,,,,,,,,,,,,,,,,,,,,29.12397598350806,50.94434804,0.0,,,,,,,,,,,,,,,,,159.1875,1.611889716323903,345.234375,3.4957502240063443,2.3878125,2.4178345744858545,12.083203125,12.235125784022204,29.12397598350806,5121363,,,0.3010462849619466,Information
434250,7906.0,3131.490257,CHN,China,Anhui,2.287918052,0.0,0.59,0.57,,,,,,,,,,,,,,,,,,,,,,,,,,4.154382535752838,45.75836104,0.0,,,,,,,,,,,,,,,,,7.3125,0.2335150168334245,25.171875,0.8038305387150576,0.1096875,0.3502725252501367,0.881015625,2.813406885502701,4.154382535752838,1815967,,,0.0050954296057369,Information
434260,7907.0,15300.78744,CHN,China,Henan,2.252142239,0.0,0.59,0.57,,,,,,,,,,,,,,,,,,,,,,,,,,0.9254774974299588,45.04284478,0.0,,,,,,,,,,,,,,,,,2.53125,0.0165432662154252,14.90625,0.0974214566019488,0.03796875,0.0248148993231378,0.52171875,0.3409750981068208,0.9254774974299588,11157065,,,2.2133577531912867e-05,Information
434284,7912.0,6795.570251,CHN,China,Henan,1.734321158,0.0,0.59,0.57,,,,,,,,,,,,,,,,,,,,,,,,,,7.105890284876667,34.68642316,0.0,,,,,,,,,,,,,,,,,35.15625,0.5173406896400914,67.078125,0.9870860358332942,0.52734375,0.7760110344601371,2.347734375,3.45480112541653,7.105890284876667,1734517,,,0.0132680141381732,Information
434285,7913.0,2414.616435,CHN,China,Henan,2.211902674,0.0,0.59,0.57,,,,,,,,,,,,,,,,,,,,,,,,,,11.206742349661418,44.238053480000005,0.0,,,,,,,,,,,,,,,,,33.75,1.397737525108865,47.8125,1.980128160570892,0.50625,2.0966062876632976,1.6734375,6.930448561998122,11.206742349661418,573535,,,0.0542935642857065,Information
434286,7914.0,13162.14487,CHN,China,Henan,2.80004058,0.0,0.59,0.57,,,,,,,,,,,,,,,,,,,,,,,,,,2.2148161307484027,56.000811600000006,0.0,,,,,,,,,,,,,,,,,8.4375,0.0641042936814571,32.34375,0.2457331257789191,0.1265625,0.0961564405221856,1.13203125,0.8600659402262169,2.2148161307484027,6875320,,,0.0013994524178015,Information
434287,7915.0,568.0621381,CHN,China,Henan,4.001174671,0.0,0.59,0.57,,,,,,,,,,,,,,,,,,,,,,,,,,10.726200388207303,80.02349342000001,0.0,,,,,,,,,,,,,,,,,9.5625,1.6833545765807236,12.375,2.1784588638103486,0.1434375,2.525031864871085,0.433125,7.62460602333622,10.726200388207303,258011,,,0.2670144889265066,Information
434288,7916.0,2344.831824,CHN,China,Henan,0.378885475,0.0,0.59,0.57,,,,,,,,,,,,,,,,,,,,,,,,,,2.928077055232062,7.577709500000001,0.0,,,,,,,,,,,,,,,,,0.984375,0.0419806226589745,15.46875,0.659695498926743,0.014765625,0.0629709339884617,0.54140625,2.3089342462436004,2.928077055232062,1027599,,,0.0002782008941973,Information
434289,7917.0,13127.60784,CHN,China,Henan,1.129194269,0.0,0.59,0.57,,,,,,,,,,,,,,,,,,,,,,,,,,7.387802803465462,22.58388538,0.0,,,,,,,,,,,,,,,,,20.671875,0.1574687121426636,110.953125,0.8451892100718476,0.310078125,0.2362030682139954,3.883359375,2.9581622352514665,7.387802803465462,3271210,,,0.0094027414721701,Information
434291,7918.0,2009.901485,CHN,China,Anhui,4.025396442,0.0,0.59,0.57,,,,,,,,,,,,,,,,,,,,,,,,,,0.8528904502007842,80.50792884,0.0,,,,,,,,,,,,,,,,,0.984375,0.0489762810483299,3.65625,0.1819119010366541,0.014765625,0.0734644215724948,0.12796875,0.6366916536282894,0.8528904502007842,1677692,,,0.0008766178098886,Information
434293,7920.0,6344.880985,CHN,China,Henan,3.451697133,0.0,0.59,0.57,,,,,,,,,,,,,,,,,,,,,,,,,,1.0541776561415577,69.03394266000001,0.0,,,,,,,,,,,,,,,,,0.703125,0.0110817681467621,11.390625,0.179524643977547,0.010546875,0.0166226522201431,0.398671875,0.6283362539214145,1.0541776561415577,5064836,,,0.0003622568513363,Information
434294,7921.0,6092.235405,CHN,China,Henan,1.276661187,0.0,0.59,0.57,,,,,,,,,,,,,,,,,,,,,,,,,,0.3213056361474001,25.53322374,0.0,,,,,,,,,,,,,,,,,1.546875,0.0253909262730798,2.8125,0.0461653204965087,0.023203125,0.0380863894096197,0.0984375,0.1615786217377804,0.3213056361474001,9453518,,,2.5798769746087694e-08,Information
434296,7923.0,6958.013766,CHN,China,Henan,1.668227223,0.0,0.59,0.57,,,,,,,,,,,,,,,,,,,,,,,,,,0.171365045109552,33.36454446,0.0,,,,,,,,,,,,,,,,,1.40625,0.0202105090219104,1.40625,0.0202105090219104,0.02109375,0.0303157635328655,0.04921875,0.0707367815766863,0.171365045109552,5848199,,,1.2367568609327994e-09,Information
434297,7924.0,3891.979407,CHN,China,Henan,3.724156876,0.0,0.59,0.57,,,,,,,,,,,,,,,,,,,,,,,,,,0.956205225338548,74.48313752,0.0,,,,,,,,,,,,,,,,,4.078125,0.1047828000515375,5.90625,0.1517544000746405,0.061171875,0.1571742000773062,0.20671875,0.5311404002612418,0.956205225338548,2560388,,,0.0005115027277484,Information
434299,7926.0,5268.453303,CHN,China,Henan,2.254315424,0.0,0.59,0.57,,,,,,,,,,,,,,,,,,,,,,,,,,0.9781054691249004,45.08630848,0.0,,,,,,,,,,,,,,,,,5.765625,0.1094367676421704,7.171875,0.1361286621890413,0.086484375,0.1641551514632556,0.251015625,0.4764503176616445,0.9781054691249004,2660500,,,2.8138577059683502e-05,Information
434301,7927.0,2106.919372,CHN,China,Jiangsu,3.636568205,1.940598092,0.59,0.57,,,,,,,,,,,,,,,,,,,,,,,,,,14.476550240835705,72.73136410000001,38.81196184,,,,,,,,,,,,,,,,,8.15625,0.387117329175814,68.484375,3.250450677734852,0.12234375,0.5806759937637209,2.396953125,11.37657737207198,14.476550240835705,2812817,,,0.2632992186050259,Information
434305,7931.0,987.2263418,CHN,China,Anhui,3.239188477,0.0,0.59,0.57,,,,,,,,,,,,,,,,,,,,,,,,,,47.71871061572507,64.78376954,0.0,3.0,,,,,,,,,,,,,,,,54.28125,5.498359160483381,104.484375,10.583629161241328,0.81421875,8.247538740725071,3.656953125,35.0,47.71871061572507,444029,15800.0,3.56,0.6193661553955846,Watch
434496,7957.0,7842.263262,CHN,China,Jiangxi,2.15296958,0.0,0.59,0.57,,,,,,,,,,,,,,,,,,,,,,,,,,0.1295764520925082,43.059391600000005,0.0,,,,,,,,,,,,,,,,,3.796875,0.0484155513950055,0.0,0.0,0.056953125,0.0726233270925082,0.0,0.0,0.1295764520925082,1390386,,,5.806670838067552e-10,Information
434504,7964.0,3325.928866,CHN,China,Hubei,1.080746696,0.0,0.59,0.57,,,,,,,,,,,,,,,,,,,,,,,,,,0.4901921163238918,21.61493392,0.0,,,,,,,,,,,,,,,,,0.28125,0.0084562842833078,3.375,0.1014754113996943,0.00421875,0.0126844264249617,0.118125,0.3551639398989301,0.4901921163238918,924299,,,1.9416485586133269e-07,Information
434509,7969.0,7332.390682,CHN,China,Hubei,1.24333478,0.0,0.59,0.57,,,,,,,,,,,,,,,,,,,,,,,,,,24.704786742758497,24.8666956,0.0,,,,,,,,,,,,,,,,,0.140625,0.0019178601645261,298.546875,4.071617129289059,0.002109375,0.0028767902467891,10.449140625,14.250659952511707,24.704786742758497,6636959,,,0.1330117038746123,Information
434620,7971.0,19505.50819,CHN,China,Hubei,2.264973503,0.0,0.59,0.57,,,,,,,,,,,,,,,,,,,,,,,,,,10.65514579453181,45.29947006,0.0,,,,,,,,,,,,,,,,,10.546875,0.054071264891173,196.734375,1.0086093277700143,0.158203125,0.0811068973367594,6.885703125,3.53013264719505,10.65514579453181,6290912,,,0.0509375387529838,Information
434670,7976.0,4563.275531,CHN,China,Hubei,2.283125868,0.0,0.59,0.57,,,,,,,,,,,,,,,,,,,,,,,,,,17.12140702104422,45.66251736,0.0,,,,,,,,,,,,,,,,,3.9375,0.0862867029067465,151.59375,3.3220380619097427,0.0590625,0.1294300543601197,5.30578125,11.6271332166841,17.12140702104422,1287108,,,0.1240688179730688,Information
434680,7977.0,12505.30492,CHN,China,Hubei,1.254061105,0.0,0.59,0.57,,,,,,,,,,,,,,,,,,,,,,,,,,1.522259815068777,25.0812221,0.0,,,,,,,,,,,,,,,,,9.140625,0.0730939793923034,20.25,0.1619312774229491,0.137109375,0.1096409690884551,0.70875,0.5667594709803219,1.522259815068777,932500,,,4.885511769181524e-05,Information
434693,7980.0,2722.467804,CHN,China,Shaanxi,1.354600865,0.0,0.59,0.57,,,,,,,,,,,,,,,,,,,,,,,,,,1.9911949036264427,27.0920173,0.0,,,,,,,,,,,,,,,,,4.78125,0.1756219116280497,10.125,0.3719052246241052,0.07171875,0.2634328674420745,0.354375,1.3016682861843685,1.9911949036264427,108107,,,0.0001588253796583,Information
434695,7982.0,10809.52098,CHN,China,Shaanxi,2.867270878,0.0,0.59,0.57,,,,,,,,,,,,,,,,,,,,,,,,,,0.9231505841269532,57.34541756,0.0,,,,,,,,,,,,,,,,,2.109375,0.019514046955731,12.796875,0.1183852181981019,0.031640625,0.0292710704335965,0.447890625,0.4143482636933566,0.9231505841269532,1468434,,,6.326985352922658e-05,Information
434914,8016.0,16982.11646,CHN,China,Hubei,2.280859478,0.0,0.59,0.57,,,,,,,,,,,,,,,,,,,,,,,,,,1.749478038785084,45.61718956,0.0,,,,,,,,,,,,,,,,,7.453125,0.0438880808500759,28.265625,0.16644347643142,0.111796875,0.0658321212751138,0.989296875,0.58255216750997,1.749478038785084,2489872,,,0.0002943904132856,Information
434915,8017.0,13387.7585,CHN,China,Hubei,1.509700932,0.0,0.59,0.57,,,,,,,,,,,,,,,,,,,,,,,,,,2.125002151187063,30.194018640000003,0.0,,,,,,,,,,,,,,,,,1.6875,0.0126047986291846,34.03125,0.2541967723552246,0.0253125,0.0189071979437769,1.19109375,0.8896887032432861,2.125002151187063,2247897,,,0.0002397567960101,Information
434919,8021.0,9759.495686,CHN,China,Chongqing,2.000015129,0.0,0.59,0.57,,,,,,,,,,,,,,,,,,,,,,,,,,4.628049431336581,40.00030258,0.0,,,,,,,,,,,,,,,,,15.890625,0.1628221940117095,58.5,0.5994162186625765,0.238359375,0.2442332910175642,2.0475,2.097956765319018,4.628049431336581,3152867,,,0.0052005098226064,Information
434923,8024.0,12014.15637,CHN,China,Chongqing,1.666759693,0.0,0.59,0.57,,,,,,,,,,,,,,,,,,,,,,,,,,0.1069348830824097,33.33519386,0.0,,,,,,,,,,,,,,,,,1.265625,0.0105344475359443,1.125,0.0093639533652838,0.018984375,0.0158016713039164,0.039375,0.0327738367784933,0.1069348830824097,1053136,,,6.165040602559531e-11,Information
434924,8025.0,5361.809927,CHN,China,Chongqing,1.934580311,0.0,0.59,0.57,,,,,,,,,,,,,,,,,,,,,,,,,,0.1047530932857399,38.69160622,0.0,,,,,,,,,,,,,,,,,0.140625,0.0026227151263746,0.984375,0.0183590058846223,0.002109375,0.0039340726895619,0.034453125,0.064256520596178,0.1047530932857399,508383,,,9.324932337795295e-11,Information
434930,8031.0,11162.27943,CHN,China,Chongqing,1.586676529,0.0,0.59,0.57,,,,,,,,,,,,,,,,,,,,,,,,,,0.9171292242017572,31.73353058,0.0,,,,,,,,,,,,,,,,,12.234375,0.1096046293766072,8.578125,0.0768492228962418,0.183515625,0.1644069440649108,0.300234375,0.2689722801368462,0.9171292242017572,5065080,,,8.165473542840564e-06,Information
434941,8032.0,2363.35897,CHN,China,Chongqing,3.185875091,0.0,0.59,0.57,,,,,,,,,,,,,,,,,,,,,,,,,,0.4156404161479351,63.71750182,0.0,,,,,,,,,,,,,,,,,1.6875,0.071402610509296,1.546875,0.0654523929668546,0.0253125,0.107103915763944,0.054140625,0.2290833753839911,0.4156404161479351,3402000,,,3.9243455259173e-06,Information
434942,8033.0,36083.31983,CHN,China,Sichuan,2.153992281,0.0,0.59,0.57,,,,,,,,,,,,,,,,,,,,,,,,,,1.9827542025602327,43.07984562,0.0,,,,,,,,,,,,,,,,,9.0,0.0249422726121874,40.5,0.1122402267548435,0.135,0.0374134089182811,1.4175,0.3928407936419523,1.9827542025602327,10831365,,,0.0003937339455964,Information
434951,8041.0,1262.886983,CHN,China,Chongqing,1.339099019,0.0,0.59,0.57,,,,,,,,,,,,,,,,,,,,,,,,,,2.29508547484434,26.78198038,0.0,,,,,,,,,,,,,,,,,11.25,0.8908160545767605,2.53125,0.2004336122797711,0.16875,1.3362240818651407,0.08859375,0.7015176429791988,2.29508547484434,2825940,,,0.0002674204980676,Information
434953,8043.0,4863.02959,CHN,China,Chongqing,0.592480144,0.0,0.59,0.57,,,,,,,,,,,,,,,,,,,,,,,,,,1.409732816116155,11.84960288,0.0,,,,,,,,,,,,,,,,,22.21875,0.4568911126413188,3.65625,0.075184613472622,0.33328125,0.6853366689619782,0.12796875,0.263146147154177,1.409732816116155,2422730,,,1.7698011528327337e-05,Information
434955,8045.0,1072.39535,CHN,China,Sichuan,2.0322318,0.0,0.59,0.57,,,,,,,,,,,,,,,,,,,,,,,,,,4.326786454828342,40.644636,0.0,,,,,,,,,,,,,,,,,16.453125,1.534240613137302,4.921875,0.4589608671778254,0.246796875,2.301360919705953,0.172265625,1.606363035122389,4.326786454828342,796704,,,0.0044130517559334,Information
434956,8046.0,27852.54701,CHN,China,Sichuan,1.295164717,0.0,0.59,0.57,,,,,,,,,,,,,,,,,,,,,,,,,,0.1012904724044347,25.90329434,0.0,,,,,,,,,,,,,,,,,1.6875,0.006058691865155,1.40625,0.0050489098876292,0.0253125,0.0090880377977325,0.04921875,0.0176711846067022,0.1012904724044347,17739832,,,2.1243597104217585e-11,Information
434957,8047.0,7616.572959,CHN,China,Sichuan,2.291382916,0.0,0.59,0.57,,,,,,,,,,,,,,,,,,,,,,,,,,0.1040816896819465,45.82765832,0.0,,,,,,,,,,,,,,,,,1.6875,0.02215563363073,0.5625,0.0073852112102433,0.0253125,0.033233450446095,0.0196875,0.0258482392358515,0.1040816896819465,2591551,,,1.9907699272558326e-10,Information
434973,8061.0,11192.77106,CHN,China,Sichuan,2.045683098,0.0,0.59,0.57,,,,,,,,,,,,,,,,,,,,,,,,,,0.8853282268942242,40.91366196,0.0,,,,,,,,,,,,,,,,,2.953125,0.0263842169617404,12.09375,0.1080496504147467,0.044296875,0.0395763254426106,0.42328125,0.3781737764516135,0.8853282268942242,1834759,,,1.329887603328207e-05,Information
434991,8078.0,25011.67847,CHN,China,Yunnan,2.826829775,0.0,0.59,0.57,,,,,,,,,,,,,,,,,,,,,,,,,,3.0688717898800224,56.5365955,0.0,,,,,,,,,,,,,,,,,17.859375,0.0714041443648254,54.984375,0.2198348066665098,0.267890625,0.107106216547238,1.924453125,0.7694218233327843,3.0688717898800224,3011459,,,0.0040173361595666,Information
435010,8087.0,4440.049652,CHN,China,Jiangsu,2.783583049,2.330857611,0.59,0.57,,,,,,,,,,,,,,,,,,,,,,,,,,17.31963360825317,55.671660980000006,46.61715222,,,,,,,,,,,,,,,,,63.0,1.4189030516232952,125.15625,2.818802937376636,0.945,2.128354577434943,4.38046875,9.865810280818229,17.31963360825317,12812230,,,0.1736643297571085,Information
435020,8088.0,26310.50639,CHN,China,Jiangsu,3.551840939,0.530115431,0.59,0.57,,,,,,,,,,,,,,,,,,,,,,,,,,55.3108552558961,71.03681878,10.60230862,3.0,,,,,,,,,,,,,,,,277.734375,1.0556025448502742,1094.625,4.160410232463056,4.166015625,1.5834038172754112,35.0,14.561435813620694,55.3108552558961,46582544,361835.0,0.78,0.7411658339644296,Watch
436200,8121.0,29462.26464,CHN,China,Guangdong,1.618709651,3.142209712,0.59,0.57,,,,,,,,,,,,,,,,,,,,,,,,,,0.2373279889095312,32.37419302,62.84419424,,,,,,,,,,,,,,,,,7.875,0.026729106182014,1.6875,0.0057276656104315,0.118125,0.040093659273021,0.0590625,0.0200468296365102,0.2373279889095312,7147936,,,2.169701873164302e-07,Information
436408,8129.0,2397.759947,CHN,China,Jiangxi,2.042983921,0.0,0.59,0.57,,,,,,,,,,,,,,,,,,,,,,,,,,0.2399462665954128,40.85967842,0.0,,,,,,,,,,,,,,,,,3.09375,0.1290266777302752,0.0,0.0,0.04640625,0.1935400165954128,0.0,0.0,0.2399462665954128,352826,,,1.822379056752255e-08,Information
436621,8133.0,601.7074692,CHN,China,Guangdong,2.87624459,2.503404502,0.59,0.57,,,,,,,,,,,,,,,,,,,,,,,,,,0.1486634475128191,57.524891800000006,50.06809004,,,,,,,,,,,,,,,,,0.5625,0.0934839650085461,0.0,0.0,0.0084375,0.1402259475128191,0.0,0.0,0.1486634475128191,2106122,,,7.792836097516987e-09,Information
436626,8138.0,4842.246237,CHN,China,Guangdong,1.354252963,0.0,0.59,0.57,,,,,,,,,,,,,,,,,,,,,,,,,,0.1551735865895388,27.08505926,0.0,,,,,,,,,,,,,,,,,3.375,0.0696990577263592,0.0,0.0,0.050625,0.1045485865895388,0.0,0.0,0.1551735865895388,767067,,,3.8134417497887374e-10,Information
436661,8162.0,3906.74048,CHN,China,Guangxi,1.186804318,0.0,0.59,0.57,,,,,,,,,,,,,,,,,,,,,,,,,,0.2477870025157966,23.73608636,0.0,,,,,,,,,,,,,,,,,3.65625,0.0935882487961762,0.421875,0.0107986440918664,0.05484375,0.1403823731942642,0.014765625,0.0377952543215324,0.2477870025157966,451154,,,5.03975083529039e-09,Information
442404,8261.0,19009.46533,VNM,Vietnam,Kon Tum,4.001454123,0.0,0.56,0.61,,,,,,,,,,,,,,,,,,,,,,,,,,0.3562381658312106,80.02908246000001,0.0,,,,,,,,,,,,,,,,,0.140625,0.0007397630471759,6.609375,0.0347688632172705,0.002109375,0.0011096445707638,0.231328125,0.1216910212604467,0.3562381658312106,1332995,,,2.8314699762649407e-05,Information
442956,8329.0,7278.931172,CHN,China,Xizang,3.926900692,0.0,0.59,0.57,,,,,,,,,,,,,,,,,,,,,,,,,,0.1151677527047174,78.53801383999999,0.0,,,,,,,,,,,,,,,,,0.28125,0.003863891461143,1.265625,0.0173875115751437,0.00421875,0.0057958371917145,0.044296875,0.0608562905130029,0.1151677527047174,31921,,,8.583961916387026e-08,Information
444052,8372.0,3877.554967,MYS,Malaysia,Pahang,3.091083281,0.0,0.66,0.47,,,,,,,,,,,,,,,,,,,,,,,,,,0.4806410948672764,61.82166562,0.0,,,,,,,,,,,,,,,,,1.40625,0.0362664104573064,3.234375,0.0834127440518048,0.02109375,0.0543996156859596,0.113203125,0.2919446041813168,0.4806410948672764,82325,,,6.074334304300828e-06,Information
444053,8373.0,626.0136571,MYS,Malaysia,Pahang,4.003444577,1.460886084,0.66,0.47,,,,,,,,,,,,,,,,,,,,,,,,,,0.2267632656213755,80.06889154,29.21772168,,,,,,,,,,,,,,,,,0.5625,0.089854269735316,0.140625,0.022463567433829,0.0084375,0.134781404602974,0.004921875,0.0786224860184015,0.2267632656213755,31354,,,3.800402885496159e-06,Information
444054,8374.0,4477.923247,MYS,Malaysia,Johor,2.485192568,0.0,0.66,0.47,,,,,,,,,,,,,,,,,,,,,,,,,,0.2068728781691151,49.70385136,0.0,,,,,,,,,,,,,,,,,1.96875,0.0439656932828047,0.984375,0.0219828466414023,0.02953125,0.065948539924207,0.034453125,0.076939963244908,0.2068728781691151,243134,,,1.9693406689667365e-08,Information
444079,16156.0,2203.601219,MMR,Myanmar,Tanintharyi,4.587633304,4.272418397,0.42,0.81,,,,,,,,,,,,,,,,,,,,,,,,,,0.4283317116361862,91.75266608,85.44836794,,,,,,,,,,,,,,,,,0.5625,0.0255263972099044,1.96875,0.0893423902346656,0.0084375,0.0382895958148565,0.06890625,0.3126983658213296,0.4283317116361862,82161,,,0.0015494800712278,Information
445475,8403.0,11832.34208,MMR,Myanmar,Shan,2.605361154,0.0,0.42,0.81,,,,,,,,,,,,,,,,,,,,,,,,,,0.1530890604784283,52.10722308,0.0,,,,,,,,,,,,,,,,,0.28125,0.0023769596772348,2.25,0.0190156774178789,0.00421875,0.0035654395158522,0.07875,0.0665548709625761,0.1530890604784283,326816,,,4.577070652054572e-09,Information
445478,8406.0,9410.371513,CHN,China,Xizang,4.015507946,0.0,0.59,0.57,,,,,,,,,,,,,,,,,,,,,,,,,,0.1435802856129666,80.31015891999999,0.0,,,,,,,,,,,,,,,,,0.703125,0.0074718091528249,1.6875,0.0179323419667798,0.010546875,0.0112077137292373,0.0590625,0.0627631968837293,0.1435802856129666,31284,,,4.305954314821873e-07,Information
445608,8418.0,3938.11165,MMR,Myanmar,Mandalay,4.026852572,0.0,0.42,0.81,,,,,,,,,,,,,,,,,,,,,,,,,,0.6121862364354632,80.53705144,0.0,,,,,,,,,,,,,,,,,0.703125,0.0178543693672952,4.640625,0.1178388378241487,0.010546875,0.0267815540509427,0.162421875,0.4124359323845204,0.6121862364354632,326764,,,0.0002708597233525,Information
445813,8423.0,6790.576908,MMR,Myanmar,Magway,3.559334942,0.0,0.42,0.81,,,,,,,,,,,,,,,,,,,,,,,,,,1.8793911602247988,71.18669884,0.0,,,,,,,,,,,,,,,,,1.125,0.0165670754519859,21.234375,0.3127035491562343,0.016875,0.0248506131779788,0.743203125,1.09446242204682,1.8793911602247988,531155,,,0.0031677802522202,Information
445814,8424.0,6258.938041,MMR,Myanmar,Magway,2.205806451,0.0,0.42,0.81,,,,,,,,,,,,,,,,,,,,,,,,,,1.196369584788627,44.11612902,0.0,,,,,,,,,,,,,,,,,3.796875,0.0606632463031845,11.53125,0.1842365258096716,0.056953125,0.0909948694547767,0.40359375,0.6448278403338505,1.196369584788627,547795,,,6.0526406392957605e-05,Information
445816,8426.0,6007.265589,MMR,Myanmar,Chin,4.115093529,0.0,0.42,0.81,,,,,,,,,,,,,,,,,,,,,,,,,,2.802879653171665,82.30187058,0.0,,,,,,,,,,,,,,,,,12.375,0.2060005474319606,24.75,0.4120010948639213,0.185625,0.3090008211479409,0.86625,1.4420038320237245,2.802879653171665,169855,,,0.0326782601669677,Information
445841,8440.0,213.2003327,MMR,Myanmar,Mandalay,4.061043899,0.0,0.42,0.81,,,,,,,,,,,,,,,,,,,,,,,,,,2.559882932097326,81.22087798000001,0.0,,,,,,,,,,,,,,,,,0.28125,0.1319181806367013,1.40625,0.6595909031835068,0.00421875,0.1978772709550519,0.04921875,2.308568161142274,2.559882932097326,73652,,,0.0231425416317919,Information
445842,8441.0,16375.78584,MMR,Myanmar,Mandalay,3.805987503,0.0,0.42,0.81,,,,,,,,,,,,,,,,,,,,,,,,,,1.3216201565890815,76.11975006,0.0,,,,,,,,,,,,,,,,,4.5,0.027479597276522,21.515625,0.131386824478371,0.0675,0.041219395914783,0.753046875,0.4598538856742984,1.3216201565890815,1973997,,,0.0019006698558374,Information
445843,8442.0,8086.999638,MMR,Myanmar,Mandalay,4.010159664,0.0,0.42,0.81,,,,,,,,,,,,,,,,,,,,,,,,,,1.2769317197744217,80.20319328,0.0,,,,,,,,,,,,,,,,,7.875,0.097378513072334,12.9375,0.1599789857616916,0.118125,0.1460677696085009,0.4528125,0.5599264501659206,1.2769317197744217,802478,,,0.0030620611105049,Information
445847,8446.0,3531.014206,MMR,Myanmar,Shan,4.190092442,0.0,0.42,0.81,,,,,,,,,,,,,,,,,,,,,,,,,,0.9322653089525776,83.80184884,0.0,,,,,,,,,,,,,,,,,2.109375,0.0597385022213217,6.046875,0.1712503730344557,0.031640625,0.0896077533319825,0.211640625,0.599376305620595,0.9322653089525776,99496,,,0.0021516046679592,Information
445878,8458.0,9372.721631,MMR,Myanmar,Kachin,3.95971684,0.0,0.42,0.81,,,,,,,,,,,,,,,,,,,,,,,,,,28.21160157678668,79.1943368,0.0,3.0,,,,,,,,,,,,,,,,0.703125,0.0075018231386702,389.671875,4.157510383451049,0.010546875,0.0112527347080053,13.638515625,14.551286342078672,28.21160157678668,411365,33897.0,8.24,0.6196295802466654,Watch
445879,8459.0,6965.75025,MMR,Myanmar,Kachin,4.025409906,0.0,0.42,0.81,,,,,,,,,,,,,,,,,,,,,,,,,,7.3244827472873695,80.50819812,0.0,,,,,,,,,,,,,,,,,19.6875,0.2826328721628392,77.484375,1.112362232583746,0.2953125,0.4239493082442588,2.711953125,3.893267814043112,7.3244827472873695,436348,,,0.1638464663165579,Information
451004,8465.0,21493.02684,IND,India,Mizoram,4.046364165,1.809596728,0.49,0.71,,,,,,,,,,,,,,,,,,,,,,,,,,5.137936473756002,80.9272833,36.19193456,,,,,,,,,,,,,,,,,23.765625,0.1105736533746799,90.0,0.4187404624839951,0.356484375,0.1658604800620198,3.15,1.4655916186939828,5.137936473756002,728020,,,0.0948263285662486,Information
451006,8466.0,13988.68581,BGD,Bangladesh,Chittagong,4.257509251,4.059271178,0.44,0.78,,,,,,,,,,,,,,,,,,,,,,,,,,1.352866482389091,85.15018502000001,81.18542356,,,,,,,,,,,,,,,,,3.375,0.024126640957822,21.09375,0.150791505986388,0.050625,0.036189961436733,0.73828125,0.527770270952358,1.352866482389091,5902732,,,0.0082929337488391,Information
451008,8468.0,3804.934488,IND,India,Tripura,3.692922943,1.043515908,0.49,0.71,,,,,,,,,,,,,,,,,,,,,,,,,,0.6148040910883297,73.85845886,20.87031816,,,,,,,,,,,,,,,,,0.140625,0.0036958586397371,4.78125,0.125659193751064,0.002109375,0.0055437879596056,0.16734375,0.4398071781287239,0.6148040910883297,3969528,,,8.842529771080793e-05,Information
452412,8483.0,11670.8781,IND,India,West Bengal,4.006334731,0.0,0.49,0.71,,,,,,,,,,,,,,,,,,,,,,,,,,8.594673263872874,80.12669462,0.0,,,,,,,,,,,,,,,,,0.140625,0.0012049221901482,132.1875,1.132626858739329,0.002109375,0.0018073832852222,4.6265625,3.9641940055876512,8.594673263872874,12779519,,,0.2009494315069422,Information
452419,8490.0,841.5078975,IND,India,Bihar,2.812288198,0.0,0.49,0.71,,,,,,,,,,,,,,,,,,,,,,,,,,7.763272953705055,56.245763960000005,0.0,,,,,,,,,,,,,,,,,0.140625,0.0167110731124972,17.15625,2.03875091972466,0.002109375,0.0250666096687458,0.60046875,7.13562821903631,7.763272953705055,1068324,,,0.0418880474465645,Information
452432,8502.0,13013.76292,IND,India,Bihar,4.018370365,0.0,0.49,0.71,,,,,,,,,,,,,,,,,,,,,,,,,,0.7684325609001044,80.3674073,0.0,,,,,,,,,,,,,,,,,2.390625,0.018369975033339,11.390625,0.0875275281000274,0.035859375,0.0275549625500085,0.398671875,0.3063463483500959,0.7684325609001044,21237950,,,0.0005964056257866,Information
452434,8504.0,17458.31127,IND,India,Bihar,3.620795522,0.0,0.49,0.71,,,,,,,,,,,,,,,,,,,,,,,,,,0.3538784444979514,72.41591044,0.0,,,,,,,,,,,,,,,,,0.5625,0.0032219611124487,6.1875,0.0354415722369367,0.0084375,0.004832941668673,0.2165625,0.1240455028292784,0.3538784444979514,15205771,,,6.621800726155569e-06,Information
452437,8507.0,1921.707479,IND,India,Bihar,3.793442167,0.0,0.49,0.71,,,,,,,,,,,,,,,,,,,,,,,,,,0.5626954858971707,75.86884334,0.0,,,,,,,,,,,,,,,,,0.140625,0.0073177110216615,2.53125,0.1317187983899081,0.002109375,0.0109765665324922,0.08859375,0.4610157943646784,0.5626954858971707,3863288,,,8.546052258449111e-05,Information
452439,8509.0,1323.625022,IND,India,Bihar,2.496813941,0.0,0.49,0.71,,,,,,,,,,,,,,,,,,,,,,,,,,1.2090634926275032,49.93627882,0.0,,,,,,,,,,,,,,,,,0.5625,0.042496930054826,3.796875,0.2868542778700755,0.0084375,0.063745395082239,0.132890625,1.0039899725452643,1.2090634926275032,1793092,,,9.82591905900221e-05,Information
452441,8510.0,9432.691784,IND,India,Uttar Pradesh,2.873035752,0.0,0.49,0.71,,,,,,,,,,,,,,,,,,,,,,,,,,4.051560465582689,57.46071504,0.0,,,,,,,,,,,,,,,,,11.671875,0.123738538983456,51.1875,0.5426605806021445,0.175078125,0.185607808475184,1.7915625,1.8993120321075057,4.051560465582689,13839363,,,0.0093533208977785,Information
452451,8519.0,2672.965606,IND,India,Bihar,3.501824934,0.0,0.49,0.71,,,,,,,,,,,,,,,,,,,,,,,,,,4.293715732900861,70.03649868,0.0,,,,,,,,,,,,,,,,,5.90625,0.22096243910223,23.34375,0.8733277354992902,0.08859375,0.331443658653345,0.81703125,3.056647074247516,4.293715732900861,3176252,,,0.0260185006891699,Information
452452,8520.0,9466.711129,IND,India,Uttar Pradesh,3.365628106,0.0,0.49,0.71,,,,,,,,,,,,,,,,,,,,,,,,,,0.2761591048332844,67.31256212,0.0,,,,,,,,,,,,,,,,,1.40625,0.0148546837521763,3.234375,0.0341657726300057,0.02109375,0.0222820256282644,0.113203125,0.1195802042050199,0.2761591048332844,11447969,,,9.040490240881938e-07,Information
452453,8521.0,1501.534425,IND,India,Bihar,4.003798512,0.0,0.49,0.71,,,,,,,,,,,,,,,,,,,,,,,,,,1.8096405000725688,80.07597024,0.0,,,,,,,,,,,,,,,,,0.984375,0.0655579375030237,6.328125,0.4214438839480094,0.014765625,0.0983369062545355,0.221484375,1.475053593818033,1.8096405000725688,2331257,,,0.0082244857740679,Information
452454,8522.0,8133.561407,IND,India,Bihar,3.02269441,0.0,0.49,0.71,,,,,,,,,,,,,,,,,,,,,,,,,,1.0173715624127242,60.4538882,0.0,,,,,,,,,,,,,,,,,6.46875,0.0795315812665187,10.265625,0.1262131615751275,0.09703125,0.119297371899778,0.359296875,0.4417460655129462,1.0173715624127242,5219071,,,0.0001259871143278,Information
452455,8523.0,4183.286492,IND,India,Uttar Pradesh,3.055888999,0.0,0.49,0.71,,,,,,,,,,,,,,,,,,,,,,,,,,1.935743618452744,61.11777998,0.0,,,,,,,,,,,,,,,,,3.9375,0.0941245598932927,14.625,0.3496055081750872,0.0590625,0.141186839839939,0.511875,1.223619278612805,1.935743618452744,4867672,,,0.0013496962826626,Information
452456,8524.0,31005.28614,IND,India,Uttar Pradesh,2.413260835,0.0,0.49,0.71,,,,,,,,,,,,,,,,,,,,,,,,,,0.5598003093730999,48.2652167,0.0,,,,,,,,,,,,,,,,,4.921875,0.0158743092294302,9.984375,0.0322021701511299,0.073828125,0.0238114638441453,0.349453125,0.1127075955289546,0.5598003093730999,32493242,,,3.001189634992069e-06,Information
452458,8526.0,17413.84658,IND,India,Madhya Pradesh,2.118162567,0.0,0.49,0.71,,,,,,,,,,,,,,,,,,,,,,,,,,0.1815313560425357,42.363251340000005,0.0,,,,,,,,,,,,,,,,,0.140625,0.0008075470249089,3.234375,0.0185735815729064,0.002109375,0.0012113205373633,0.113203125,0.0650075355051724,0.1815313560425357,8036454,,,4.19357350850895e-09,Information
452461,8528.0,11831.30945,IND,India,Uttar Pradesh,1.650215897,0.0,0.49,0.71,,,,,,,,,,,,,,,,,,,,,,,,,,1.5685768919493714,33.00431794,0.0,,,,,,,,,,,,,,,,,1.546875,0.013074419249699,23.625,0.1996820394499494,0.023203125,0.0196116288745485,0.826875,0.6988871380748228,1.5685768919493714,14513392,,,8.685799917729139e-05,Information
452462,8529.0,7054.147929,IND,India,Uttar Pradesh,3.431455916,0.0,0.49,0.71,,,,,,,,,,,,,,,,,,,,,,,,,,0.4504679288246639,68.62911832,0.0,,,,,,,,,,,,,,,,,3.234375,0.0458506829280549,3.9375,0.0558182226950233,0.048515625,0.0687760243920823,0.1378125,0.1953637794325815,0.4504679288246639,5060801,,,1.1010451653441677e-05,Information
452466,8533.0,9724.79577,IND,India,Uttar Pradesh,1.571069927,0.0,0.49,0.71,,,,,,,,,,,,,,,,,,,,,,,,,,0.1911038180541687,31.42139854,0.0,,,,,,,,,,,,,,,,,0.703125,0.0072302289592663,2.390625,0.0245827784615055,0.010546875,0.0108453434388994,0.083671875,0.0860397246152692,0.1911038180541687,11619091,,,2.0154661058178837e-09,Information
452469,8536.0,11141.62916,IND,India,Uttarakhand,4.029978382,0.0,0.49,0.71,,,,,,,,,,,,,,,,,,,,,,,,,,5.322140404642228,80.59956764,0.0,,,,,,,,,,,,,,,,,0.28125,0.0025243166504309,80.015625,0.7181680870475948,0.00421875,0.0037864749756463,2.800546875,2.513588304666582,5.322140404642228,973524,,,0.09793295314568,Information
452471,8537.0,12388.68489,IND,India,Uttar Pradesh,2.016839095,0.0,0.49,0.71,,,,,,,,,,,,,,,,,,,,,,,,,,0.5070009962642766,40.3367819,0.0,,,,,,,,,,,,,,,,,0.984375,0.0079457586408518,7.59375,0.0612958523722854,0.014765625,0.0119186379612776,0.26578125,0.2145354833029989,0.5070009962642766,7148205,,,9.3051270426747e-07,Information
452485,8551.0,1364.784129,IND,India,Rajasthan,2.15205005,0.0,0.49,0.71,,,,,,,,,,,,,,,,,,,,,,,,,,0.3864325516132937,43.041001,0.0,,,,,,,,,,,,,,,,,0.140625,0.0103038273216149,1.265625,0.0927344458945347,0.002109375,0.0154557409824223,0.044296875,0.3245705606308714,0.3864325516132937,159301,,,2.970432689713015e-07,Information
452492,8557.0,25377.58534,IND,India,Rajasthan,3.435325161,0.0,0.49,0.71,,,,,,,,,,,,,,,,,,,,,,,,,,0.9096166607731166,68.70650322,0.0,,,,,,,,,,,,,,,,,4.78125,0.0188404449704439,16.59375,0.0653874266621288,0.07171875,0.0282606674556658,0.58078125,0.2288559933174507,0.9096166607731166,17042022,,,0.0002014763978903,Information
452494,8559.0,4220.797102,IND,India,Uttar Pradesh,1.16666347,0.0,0.49,0.71,,,,,,,,,,,,,,,,,,,,,,,,,,0.1421389996437705,23.3332694,0.0,,,,,,,,,,,,,,,,,0.84375,0.0199902999287541,0.84375,0.0199902999287541,0.01265625,0.0299854498931311,0.02953125,0.0699660497506393,0.1421389996437705,5422818,,,1.583064532525488e-10,Information
452495,8560.0,4162.938337,IND,India,Uttar Pradesh,3.056845337,0.0,0.49,0.71,,,,,,,,,,,,,,,,,,,,,,,,,,0.8324634413640551,61.13690674,0.0,,,,,,,,,,,,,,,,,0.5625,0.0135120906060702,6.75,0.1621450872728428,0.0084375,0.0202681359091053,0.23625,0.5675078054549498,0.8324634413640551,5412793,,,6.066800379503447e-05,Information
452566,8575.0,10509.81589,IND,India,Arunachal Pradesh,3.187818082,0.0,0.49,0.71,,,,,,,,,,,,,,,,,,,,,,,,,,3.728110978632213,63.75636164,0.0,,,,,,,,,,,,,,,,,0.703125,0.0066901742864637,54.28125,0.516481454915005,0.010546875,0.0100352614296955,1.89984375,1.8076850922025167,3.728110978632213,106216,,,0.0114721088934692,Information
452569,8578.0,3331.753249,CHN,China,Xizang,1.39559064,0.0,0.59,0.57,,,,,,,,,,,,,,,,,,,,,,,,,,3.6012804756282044,27.9118128,0.0,,,,,,,,,,,,,,,,,2.25,0.0675320118907051,24.75,0.7428521307977564,0.03375,0.1012980178360576,0.86625,2.599982457792147,3.6012804756282044,17655,,,0.0013650401652254,Information
452597,8587.0,5151.538693,IND,India,Assam,1.381550904,0.0,0.49,0.71,,,,,,,,,,,,,,,,,,,,,,,,,,25.670189119587484,27.63101808,0.0,,,,,,,,,,,,,,,,,0.421875,0.0081893008110468,249.1875,4.83714701239169,0.006328125,0.0122839512165701,8.7215625,16.930014543370916,25.670189119587484,1145368,,,0.1499967289500348,Information
452598,8588.0,12808.23508,IND,India,Assam,3.540807702,0.0,0.49,0.71,,,,,,,,,,,,,,,,,,,,,,,,,,13.964539943924184,70.81615404,0.0,,,,,,,,,,,,,,,,,0.421875,0.0032937793341293,223.875,1.7478988999779972,0.006328125,0.0049406690011939,7.835625,6.11764614992299,13.964539943924184,3315627,,,0.2305325694140322,Information
452603,8592.0,3969.554201,IND,India,Assam,4.031524089,0.0,0.49,0.71,,,,,,,,,,,,,,,,,,,,,,,,,,8.128468451939273,80.63048178000001,0.0,,,,,,,,,,,,,,,,,27.984375,0.7049752587889895,54.0,1.3603542682159395,0.419765625,1.0574628881834842,1.89,4.761239938755788,8.128468451939273,957040,,,0.1926073768324505,Information
452910,8609.0,21532.90154,IND,India,Arunachal Pradesh,3.785708072,0.0,0.49,0.71,,,,,,,,,,,,,,,,,,,,,,,,,,3.755170697012301,75.71416144,0.0,,,,,,,,,,,,,,,,,4.921875,0.0228574629944779,71.15625,0.3304536078630241,0.073828125,0.0342861944917168,2.49046875,1.1565876275205842,3.755170697012301,233299,,,0.03096757893183,Information
452940,8612.0,17968.76956,CHN,China,Xizang,4.033725119,0.0,0.59,0.57,,,,,,,,,,,,,,,,,,,,,,,,,,0.7792333923510343,80.67450237999999,0.0,,,,,,,,,,,,,,,,,2.53125,0.0140869411862882,13.21875,0.073565137306172,0.03796875,0.0211304117794323,0.46265625,0.257477980571602,0.7792333923510343,99690,,,0.0006616688905531,Information
452961,8614.0,862.8599998,CHN,China,Xizang,4.014467751,0.0,0.59,0.57,,,,,,,,,,,,,,,,,,,,,,,,,,9.524641912700744,80.28935501999999,0.0,,,,,,,,,,,,,,,,,0.5625,0.0651901815070687,21.375,2.477226897268612,0.0084375,0.097785272260603,0.748125,8.670294140440141,9.524641912700744,20877,,,0.2335282899184648,Information
452971,8623.0,5165.451487,CHN,China,Xizang,2.725910396,0.0,0.59,0.57,,,,,,,,,,,,,,,,,,,,,,,,,,1.0073941366675307,54.51820792,0.0,,,,,,,,,,,,,,,,,1.546875,0.0299465594399296,9.140625,0.176956942145039,0.023203125,0.0449198391598944,0.319921875,0.6193492975076365,1.0073941366675307,81818,,,6.949881636389832e-05,Information
452973,8625.0,3760.537924,CHN,China,Xizang,3.510076005,0.0,0.59,0.57,,,,,,,,,,,,,,,,,,,,,,,,,,1.7932909494950804,70.20152010000001,0.0,,,,,,,,,,,,,,,,,2.8125,0.0747898321087564,12.796875,0.3402937360948417,0.0421875,0.1121847481631345,0.447890625,1.191028076331946,1.7932909494950804,27899,,,0.0024739602163202,Information
452975,8627.0,415.9335655,CHN,China,Xizang,3.341229927,0.0,0.59,0.57,,,,,,,,,,,,,,,,,,,,,,,,,,3.785691604237597,66.82459854,0.0,,,,,,,,,,,,,,,,,0.5625,0.135237943413492,4.078125,0.9804750897478168,0.0084375,0.2028569151202379,0.142734375,3.431662814117359,3.785691604237597,3181,,,0.014981464275282,Information
452979,8631.0,2989.892149,CHN,China,Xizang,2.78260501,0.0,0.59,0.57,,,,,,,,,,,,,,,,,,,,,,,,,,1.811495483927214,55.65210020000001,0.0,,,,,,,,,,,,,,,,,4.5,0.1505071011321108,9.984375,0.3339376306368708,0.0675,0.2257606516981662,0.349453125,1.1687817072290478,1.811495483927214,14700,,,0.0006921311039544,Information
452994,8637.0,3877.936609,CHN,China,Xizang,4.061161518,0.0,0.59,0.57,,,,,,,,,,,,,,,,,,,,,,,,,,1.2354871301165016,81.22323035999999,0.0,,,,,,,,,,,,,,,,,0.703125,0.0181314206744705,9.5625,0.2465873211727988,0.010546875,0.0271971310117057,0.3346875,0.8630556241047957,1.2354871301165016,7922,,,0.0032527113581562,Information
453142,8654.0,6810.667052,IND,India,West Bengal,3.791393374,1.862671929,0.49,0.71,,,,,,,,,,,,,,,,,,,,,,,,,,1.9524519703801952,75.82786748000001,37.25343858,,,,,,,,,,,,,,,,,8.4375,0.1238865435072208,18.984375,0.2787447228912469,0.1265625,0.1858298152608312,0.664453125,0.9756065301193642,1.9524519703801952,5068189,,,0.0059328327594455,Information
453145,8657.0,4310.236743,IND,India,West Bengal,3.389343526,1.239368322,0.49,0.71,,,,,,,,,,,,,,,,,,,,,,,,,,9.722842246443756,67.78687052000001,24.78736644,,,,,,,,,,,,,,,,,13.78125,0.3197330174797061,77.765625,1.804207741492628,0.20671875,0.4795995262195591,2.721796875,6.314727095224197,9.722842246443756,5292713,,,0.1154787284067003,Information
453146,8658.0,7079.917226,IND,India,Jharkhand,0.416460545,0.0,0.49,0.71,,,,,,,,,,,,,,,,,,,,,,,,,,2.897196738151312,8.3292109,0.0,,,,,,,,,,,,,,,,,13.78125,0.1946526994599866,28.40625,0.4012229111318092,0.20671875,0.2919790491899798,0.99421875,1.404280188961332,2.897196738151312,5129541,,,0.0002756978460119,Information
453147,8659.0,4735.344532,IND,India,Jharkhand,2.130280616,0.0,0.49,0.71,,,,,,,,,,,,,,,,,,,,,,,,,,2.177029592690216,42.60561232,0.0,,,,,,,,,,,,,,,,,0.703125,0.0148484443988966,19.6875,0.4157564431691059,0.010546875,0.0222726665983449,0.6890625,1.4551475510918708,2.177029592690216,5127323,,,0.0005339759312168,Information
453149,8661.0,4647.215766,IND,India,Jharkhand,2.877121378,0.0,0.49,0.71,,,,,,,,,,,,,,,,,,,,,,,,,,2.123050336424674,57.54242756,0.0,,,,,,,,,,,,,,,,,0.28125,0.0060520107992679,19.125,0.4115367343502206,0.00421875,0.0090780161989018,0.669375,1.440378570225772,2.123050336424674,2033578,,,0.0013692966143725,Information
453150,8662.0,6232.389855,IND,India,West Bengal,4.026871846,4.030288391,0.49,0.71,,,,,,,,,,,,,,,,,,,,,,,,,,52.038328291959424,80.53743691999999,80.60576782,3.0,,,,,,,,,,,,,,,,36.5625,0.5866529670544377,555.1875,8.908099668965077,0.5484375,0.8799794505816565,19.4315625,31.17834884137777,52.038328291959424,7206801,351007.0,4.87,0.8381798616807568,Warning
453160,8663.0,19477.38358,IND,India,Jharkhand,2.507307841,1.808143452,0.49,0.71,,,,,,,,,,,,,,,,,,,,,,,,,,5.786687886526998,50.14615682,36.16286904,,,,,,,,,,,,,,,,,9.140625,0.0469294295234479,105.328125,0.5407714263548077,0.137109375,0.0703941442851718,3.686484375,1.8926999922418268,5.786687886526998,10128355,,,0.0156383085792633,Information
453170,8664.0,10406.31304,IND,India,Odisha,3.616166383,3.093262129,0.49,0.71,,,,,,,,,,,,,,,,,,,,,,,,,,18.8412552958732,72.32332766,61.86524258,,,,,,,,,,,,,,,,,86.34375,0.8297247029515027,237.515625,2.2824186046988406,1.29515625,1.244587054427254,8.313046875,7.988465116445942,18.8412552958732,4920917,,,0.3502887538117278,Advisory
453181,8665.0,95.35798005,IND,India,Odisha,3.514188177,4.032869643,0.49,0.71,,,,,,,,,,,,,,,,,,,,,,,,,,38.29684887508161,70.28376354,80.65739285999999,3.0,,,,,,,,,,,,,,,,1.828125,1.917118000054406,11.25,11.79764923110404,0.027421875,2.875677000081609,0.39375,35.0,38.29684887508161,26957,956.0,3.55,0.7527146920439176,Watch
453182,8666.0,11970.68562,IND,India,Odisha,3.588768268,3.024740423,0.49,0.71,,,,,,,,,,,,,,,,,,,,,,,,,,6.442162876893397,71.77536536,60.49480846,,,,,,,,,,,,,,,,,18.421875,0.1538915612472095,92.390625,0.7718072957207379,0.276328125,0.2308373418708142,3.233671875,2.701325535022583,6.442162876893397,3703264,,,0.069793488668551,Information
453184,8668.0,2491.546559,IND,India,Odisha,3.336362803,0.0,0.49,0.71,,,,,,,,,,,,,,,,,,,,,,,,,,0.4265452538937485,66.72725606,0.0,,,,,,,,,,,,,,,,,0.421875,0.0169322543253098,2.25,0.0903053564016525,0.006328125,0.0253983814879647,0.07875,0.3160687474057838,0.4265452538937485,329667,,,6.599630132472887e-06,Information
453185,8669.0,7814.109318,IND,India,Odisha,2.524242698,0.0,0.49,0.71,,,,,,,,,,,,,,,,,,,,,,,,,,1.8097188589701536,50.48485396,0.0,,,,,,,,,,,,,,,,,12.234375,0.1565677481938058,17.4375,0.2231540319084129,0.183515625,0.2348516222907087,0.6103125,0.7810391116794452,1.8097188589701536,1150210,,,0.0004679701416492,Information
453186,8670.0,6939.700572,IND,India,Jharkhand,0.951703592,0.0,0.49,0.71,,,,,,,,,,,,,,,,,,,,,,,,,,0.7895058795042671,19.03407184,0.0,,,,,,,,,,,,,,,,,2.53125,0.0364749166568557,8.15625,0.1175302870054239,0.03796875,0.0547123749852835,0.28546875,0.4113560045189836,0.7895058795042671,1612791,,,1.8250078407555089e-06,Information
453187,8671.0,4974.062461,IND,India,Jharkhand,2.083317897,0.0,0.49,0.71,,,,,,,,,,,,,,,,,,,,,,,,,,0.7408477904936174,41.666357940000005,0.0,,,,,,,,,,,,,,,,,1.96875,0.0395803232394894,6.1875,0.1243953016098238,0.02953125,0.0593704848592341,0.2165625,0.4353835556343833,0.7408477904936174,1386406,,,6.323099191687176e-06,Information
453190,8674.0,888.2661447,IND,India,Odisha,4.159958629,4.000732928,0.49,0.71,,,,,,,,,,,,,,,,,,,,,,,,,,60.215703125,83.19917258000001,80.01465855999999,3.0,,,,,,,,,,,,,,,,92.390625,10.401232282527143,252.28125,28.40153837877275,1.385859375,15.0,8.82984375,35.0,60.215703125,384223,66648.0,17.35,0.8991114752769716,Warning
453240,8678.0,12729.19575,IND,India,Odisha,1.618802856,0.0,0.49,0.71,,,,,,,,,,,,,,,,,,,,,,,,,,0.9780320825459844,32.37605712,0.0,,,,,,,,,,,,,,,,,5.34375,0.0419802641508277,13.359375,0.1049506603770694,0.08015625,0.0629703962262415,0.467578125,0.3673273113197429,0.9780320825459844,2737905,,,1.1367984781411028e-05,Information
453270,8681.0,4461.669649,IND,India,Chhattisgarh,2.378920631,0.0,0.49,0.71,,,,,,,,,,,,,,,,,,,,,,,,,,0.5879945101536983,47.57841262,0.0,,,,,,,,,,,,,,,,,2.25,0.0504295516469703,4.21875,0.0945554093380694,0.03375,0.0756443274704554,0.14765625,0.3309439326832429,0.5879945101536983,1163376,,,3.5552091579447623e-06,Information
453291,8683.0,2999.494633,IND,India,Chhattisgarh,1.561634653,0.0,0.49,0.71,,,,,,,,,,,,,,,,,,,,,,,,,,0.5485085792108834,31.232693060000003,0.0,,,,,,,,,,,,,,,,,0.5625,0.0187531590760392,3.375,0.1125189544562356,0.0084375,0.0281297386140588,0.118125,0.3938163405968246,0.5485085792108834,1260500,,,6.782875880629483e-07,Information
453292,8684.0,3348.449574,IND,India,Chhattisgarh,3.829598245,0.0,0.49,0.71,,,,,,,,,,,,,,,,,,,,,,,,,,0.7287741338414063,76.59196490000001,0.0,,,,,,,,,,,,,,,,,0.703125,0.0209985243785156,4.921875,0.1469896706496094,0.010546875,0.0314977865677734,0.172265625,0.5144638472736329,0.7287741338414063,1479849,,,0.0002607424053603,Information
453301,8692.0,3406.8964,IND,India,Odisha,4.123479431,3.106993892,0.49,0.71,,,,,,,,,,,,,,,,,,,,,,,,,,39.26307063500302,82.46958862,62.13987784,3.0,,,,,,,,,,,,,,,,130.640625,3.834593414540917,229.078125,6.723953360911898,1.959609375,5.751890121811376,8.017734375,23.533836763191644,39.26307063500302,2333217,164965.0,7.07,0.7899786683550026,Watch
453302,8693.0,5308.799872,IND,India,Odisha,4.028635053,0.0,0.49,0.71,,,,,,,,,,,,,,,,,,,,,,,,,,8.568539917964337,80.57270106000001,0.0,,,,,,,,,,,,,,,,,49.78125,0.9377119349074188,63.5625,1.19730450445806,0.74671875,1.4065679023611282,2.2246875,4.19056576560321,8.568539917964337,3670003,,,0.2065125008990351,Information
453304,8695.0,7918.392532,IND,India,Odisha,3.026099583,0.0,0.49,0.71,,,,,,,,,,,,,,,,,,,,,,,,,,0.6093872076277561,60.521991660000005,0.0,,,,,,,,,,,,,,,,,4.5,0.0568297161571185,5.765625,0.0728130738263081,0.0675,0.0852445742356777,0.201796875,0.2548457583920783,0.6093872076277561,2548234,,,1.516028731119888e-05,Information
453305,8696.0,3755.333479,IND,India,Andhra Pradesh,4.016841767,0.103030921,0.49,0.71,,,,,,,,,,,,,,,,,,,,,,,,,,19.738341135511504,80.33683534,2.06061842,,,,,,,,,,,,,,,,,90.84375,2.419059465955227,115.03125,3.063143410451046,1.36265625,3.6285891989328407,4.02609375,10.72100193657866,19.738341135511504,2124283,,,0.5015223295442799,Advisory
453306,8697.0,10738.57212,IND,India,Odisha,3.094184654,0.0,0.49,0.71,,,,,,,,,,,,,,,,,,,,,,,,,,1.9920258357736909,61.88369308,0.0,,,,,,,,,,,,,,,,,18.5625,0.1728581769899485,21.515625,0.2003583415110766,0.2784375,0.2592872654849227,0.753046875,0.7012541952887681,1.9920258357736909,1792332,,,0.001581223598761,Information
453308,8699.0,9229.479056,IND,India,Andhra Pradesh,3.472613613,0.0,0.49,0.71,,,,,,,,,,,,,,,,,,,,,,,,,,2.95773451329826,69.45227226,0.0,,,,,,,,,,,,,,,,,24.75,0.2681624807731488,29.953125,0.3245375477538676,0.37125,0.4022437211597232,1.048359375,1.1358814171385367,2.95773451329826,2469428,,,0.0097751928136792,Information
453445,8708.0,10801.56544,IND,India,Chhattisgarh,2.361914486,0.0,0.49,0.71,,,,,,,,,,,,,,,,,,,,,,,,,,0.1394694482159129,47.23828972,0.0,,,,,,,,,,,,,,,,,0.5625,0.0052075785022068,1.828125,0.0169246301321722,0.0084375,0.0078113677533101,0.063984375,0.0592362054626027,0.1394694482159129,429100,,,1.463012520880623e-09,Information
453449,8712.0,8114.106674,IND,India,Odisha,2.597853513,0.0,0.49,0.71,,,,,,,,,,,,,,,,,,,,,,,,,,2.5774004534816104,51.95707026,0.0,,,,,,,,,,,,,,,,,18.5625,0.2287682519605025,25.03125,0.308490521583102,0.2784375,0.3431523779407537,0.87609375,1.079716825540857,2.5774004534816104,2018770,,,0.0017205459224999,Information
453471,8723.0,794.9726642,IND,India,Telangana,1.550699796,0.0,0.49,0.71,,,,,,,,,,,,,,,,,,,,,,,,,,0.5824138932742597,31.01399592,0.0,,,,,,,,,,,,,,,,,0.5625,0.0707571499376078,0.984375,0.1238250123908137,0.0084375,0.1061357249064117,0.034453125,0.4333875433678479,0.5824138932742597,78258,,,9.008718026494498e-07,Information
453486,8737.0,2913.876809,IND,India,Karnataka,0.000463204,0.0,0.49,0.71,,,,,,,,,,,,,,,,,,,,,,,,,,0.342776213623697,0.00926408,0.0,,,,,,,,,,,,,,,,,1.546875,0.0530864927247394,1.546875,0.0530864927247394,0.023203125,0.0796297390871091,0.054140625,0.1858027245365879,0.342776213623697,1272369,,,6.903913236304148e-09,Information
453489,8740.0,6886.333553,IND,India,Maharashtra,1.157111325,0.0,0.49,0.71,,,,,,,,,,,,,,,,,,,,,,,,,,4.089729020991042,23.1422265,0.0,,,,,,,,,,,,,,,,,0.28125,0.004084176257995,47.53125,0.690225787601157,0.00421875,0.0061262643869925,1.66359375,2.415790256604049,4.089729020991042,2357016,,,0.001675937566069,Information
453500,8750.0,13700.59259,IND,India,Andhra Pradesh,4.014860625,1.150049702,0.49,0.71,,,,,,,,,,,,,,,,,,,,,,,,,,4.687746335347162,80.2972125,23.00099404,,,,,,,,,,,,,,,,,50.0625,0.365403902638085,55.96875,0.4085133518257242,0.7509375,0.5481058539571275,1.95890625,1.4297967313900346,4.687746335347162,7133883,,,0.0755284655232681,Information
453647,8760.0,5230.77434,IND,India,Karnataka,1.239740785,0.0,0.49,0.71,,,,,,,,,,,,,,,,,,,,,,,,,,0.102366662293831,24.7948157,0.0,,,,,,,,,,,,,,,,,0.703125,0.0134420824587662,0.703125,0.0134420824587662,0.010546875,0.0201631236881493,0.024609375,0.0470472886056817,0.102366662293831,1095542,,,2.0639256926407227e-11,Information
453699,8783.0,3164.707254,IND,India,Maharashtra,2.642935575,0.0,0.49,0.71,,,,,,,,,,,,,,,,,,,,,,,,,,0.2339915586683835,52.8587115,0.0,,,,,,,,,,,,,,,,,1.125,0.0355483117336767,1.125,0.0355483117336767,0.016875,0.053322467600515,0.039375,0.1244190910678684,0.2339915586683835,1898597,,,5.6145496958842464e-08,Information
453710,8784.0,5992.477281,IND,India,Andhra Pradesh,3.505964992,0.04731857,0.49,0.71,,,,,,,,,,,,,,,,,,,,,,,,,,0.5985942890259757,70.11929984,0.9463714,,,,,,,,,,,,,,,,,3.796875,0.063360690775557,4.78125,0.0797875365321829,0.056953125,0.0950410361633355,0.16734375,0.2792563778626401,0.5985942890259757,3920642,,,4.607475021314537e-05,Information
453730,8786.0,10296.88603,IND,India,Andhra Pradesh,3.675373806,1.026008013,0.49,0.71,,,,,,,,,,,,,,,,,,,,,,,,,,2.3201256245675705,73.50747612,20.52016026,,,,,,,,,,,,,,,,,6.609375,0.0641880951071395,30.796875,0.2990892091162461,0.099140625,0.0962821426607092,1.077890625,1.0468122319068611,2.3201256245675705,1946655,,,0.0074409321065319,Information
453741,8787.0,4386.848409,IND,India,Andhra Pradesh,3.995059977,0.003304262,0.49,0.71,,,,,,,,,,,,,,,,,,,,,,,,,,3.020764548232704,79.90119954,0.06608524,,,,,,,,,,,,,,,,,2.671875,0.0609064811701089,25.171875,0.5738031647078687,0.040078125,0.0913597217551633,0.881015625,2.0083110764775407,3.020764548232704,1320829,,,0.0290362545508375,Information
453744,8790.0,7141.536584,IND,India,Andhra Pradesh,1.271594104,0.0,0.49,0.71,,,,,,,,,,,,,,,,,,,,,,,,,,0.1687682023117235,25.43188208,0.0,,,,,,,,,,,,,,,,,1.40625,0.0196911404623447,1.40625,0.0196911404623447,0.02109375,0.029536710693517,0.04921875,0.0689189916182064,0.1687682023117235,893505,,,5.612406197042335e-10,Information
453747,8793.0,892.3695447,IND,India,Andhra Pradesh,3.554562121,0.0,0.49,0.71,,,,,,,,,,,,,,,,,,,,,,,,,,0.3175498347302501,71.09124242,0.0,,,,,,,,,,,,,,,,,0.421875,0.0472758177940946,0.5625,0.0630344237254595,0.006328125,0.0709137266911419,0.0196875,0.2206204830391082,0.3175498347302501,384687,,,3.2221061537877443e-06,Information
453748,8794.0,6499.095666,IND,India,Andhra Pradesh,1.756111689,0.0,0.49,0.71,,,,,,,,,,,,,,,,,,,,,,,,,,0.6890124277490921,35.12223378,0.0,,,,,,,,,,,,,,,,,2.671875,0.0411114890012059,6.609375,0.1016968412135095,0.040078125,0.0616672335018088,0.231328125,0.3559389442472832,0.6890124277490921,1401942,,,2.74675030947788e-06,Information
453749,8795.0,13239.47713,IND,India,Andhra Pradesh,2.474900028,0.0,0.49,0.71,,,,,,,,,,,,,,,,,,,,,,,,,,0.1283575437651965,49.49800056,0.0,,,,,,,,,,,,,,,,,0.28125,0.0021243286063537,1.96875,0.014870300244476,0.00421875,0.0031864929095305,0.06890625,0.052046050855666,0.1283575437651965,3652048,,,1.1508142162612266e-09,Information
453760,8797.0,18034.95074,IND,India,Tamil Nadu,3.092800955,0.0,0.49,0.71,,,,,,,,,,,,,,,,,,,,,,,,,,2.188171966700962,61.8560191,0.0,,,,,,,,,,,,,,,,,25.59375,0.141911948491084,29.25,0.1621850839898103,0.38390625,0.2128679227366259,1.02375,0.5676477939643361,2.188171966700962,9786478,,,0.0021295775071808,Information
453780,8799.0,13847.32061,IND,India,Tamil Nadu,1.835922138,0.0,0.49,0.71,,,,,,,,,,,,,,,,,,,,,,,,,,0.1210894712191391,36.71844276,0.0,,,,,,,,,,,,,,,,,0.421875,0.0030466182731483,1.828125,0.0132020125169762,0.006328125,0.0045699274097224,0.063984375,0.0462070438094167,0.1210894712191391,13293986,,,1.9395124963599927e-10,Information
453805,8805.0,13988.88169,IND,India,Tamil Nadu,1.896363411,0.0,0.49,0.71,,,,,,,,,,,,,,,,,,,,,,,,,,0.1145468499265139,37.92726822,0.0,,,,,,,,,,,,,,,,,0.84375,0.0060315757801912,1.546875,0.0110578889303506,0.01265625,0.0090473636702868,0.054140625,0.0387026112562271,0.1145468499265139,10771415,,,1.5362250281646962e-10,Information
453808,8808.0,7090.397021,IND,India,Karnataka,2.685477631,0.0,0.49,0.71,,,,,,,,,,,,,,,,,,,,,,,,,,0.1525304835924135,53.70955262,0.0,,,,,,,,,,,,,,,,,1.265625,0.0178498467184827,1.265625,0.0178498467184827,0.018984375,0.026774770077724,0.044296875,0.0624744635146894,0.1525304835924135,2923194,,,5.474681581894542e-09,Information
453809,8809.0,12226.19563,IND,India,Karnataka,1.565926852,0.0,0.49,0.71,,,,,,,,,,,,,,,,,,,,,,,,,,0.115039991562166,31.31853704,0.0,,,,,,,,,,,,,,,,,1.265625,0.0103517483124332,1.265625,0.0103517483124332,0.018984375,0.0155276224686498,0.044296875,0.0362311190935162,0.115039991562166,4266653,,,8.188916130425792e-11,Information
453904,8813.0,3950.704091,IND,India,Tamil Nadu,2.356275976,0.0,0.49,0.71,,,,,,,,,,,,,,,,,,,,,,,,,,1.435099466694329,47.12551952,0.0,,,,,,,,,,,,,,,,,7.734375,0.1957720654608584,8.296875,0.2100100338580118,0.116015625,0.2936580981912876,0.290390625,0.7350351185030414,1.435099466694329,2003759,,,0.0001550658991603,Information
453906,8815.0,5170.632651,IND,India,Tamil Nadu,1.629960469,0.0,0.49,0.71,,,,,,,,,,,,,,,,,,,,,,,,,,0.94896540310014,32.59920938,0.0,,,,,,,,,,,,,,,,,6.46875,0.125105580620028,6.46875,0.125105580620028,0.09703125,0.187658370930042,0.22640625,0.437869532170098,0.94896540310014,2557658,,,1.0083234289906332e-05,Information
454045,8832.0,1234.418209,IND,India,Maharashtra,2.461762094,0.0,0.49,0.71,,,,,,,,,,,,,,,,,,,,,,,,,,0.6207154298078507,49.23524188,0.0,,,,,,,,,,,,,,,,,1.265625,0.1025280565622816,1.40625,0.1139200628469795,0.018984375,0.1537920848434224,0.04921875,0.3987202199644282,0.6207154298078507,305291,,,5.311566297464272e-06,Information
454064,8841.0,6554.580345,IND,India,Madhya Pradesh,1.647936983,0.0,0.49,0.71,,,,,,,,,,,,,,,,,,,,,,,,,,0.776045636587407,32.95873966,0.0,,,,,,,,,,,,,,,,,3.09375,0.0471998181003339,7.453125,0.1137086526962589,0.04640625,0.0707997271505008,0.260859375,0.3979802844369061,0.776045636587407,1181783,,,4.119985541845386e-06,Information
454067,8844.0,9268.748318,IND,India,Madhya Pradesh,2.956784068,0.0,0.49,0.71,,,,,,,,,,,,,,,,,,,,,,,,,,1.0290526930265946,59.13568136000001,0.0,,,,,,,,,,,,,,,,,2.8125,0.0303439030128747,12.9375,0.1395819538592236,0.0421875,0.045515854519312,0.4528125,0.4885368385072826,1.0290526930265946,2248412,,,0.0001158789612198,Information
454069,8846.0,4914.039008,IND,India,Madhya Pradesh,2.192823259,0.0,0.49,0.71,,,,,,,,,,,,,,,,,,,,,,,,,,0.8749295235426142,43.85646518,0.0,,,,,,,,,,,,,,,,,3.796875,0.0772658701739053,6.609375,0.1344998480805018,0.056953125,0.1158988052608579,0.231328125,0.4707494682817563,0.8749295235426142,1016242,,,1.5806574742636178e-05,Information
454090,8857.0,28.36696179,IND,India,Gujarat,3.040714341,0.0,0.49,0.71,,,,,,,,,,,,,,,,,,,,,,,,,,7.45712096901071,60.81428682000001,0.0,,,,,,,,,,,,,,,,,0.421875,1.4872054438021418,0.421875,1.4872054438021418,0.006328125,2.2308081657032126,0.014765625,5.205219053307497,7.45712096901071,8428,,,0.0485435092550797,Information
455802,8866.0,1104.518069,IND,India,Rajasthan,1.963790797,0.0,0.49,0.71,,,,,,,,,,,,,,,,,,,,,,,,,,3.8879629664813375,39.27581594,0.0,,,,,,,,,,,,,,,,,7.734375,0.7002488432962677,7.734375,0.7002488432962677,0.116015625,1.0503732649444015,0.270703125,2.450870951536937,3.8879629664813375,149836,,,0.00299382736043,Information
455809,8873.0,4198.646058,IND,India,Rajasthan,2.217532253,0.0,0.49,0.71,,,,,,,,,,,,,,,,,,,,,,,,,,0.404221238969824,44.35064506,0.0,,,,,,,,,,,,,,,,,2.390625,0.0569379977939648,2.390625,0.0569379977939648,0.035859375,0.0854069966909472,0.083671875,0.1992829922788768,0.404221238969824,1188259,,,4.220964941698977e-07,Information
455822,8877.0,4953.664187,PAK,Pakistan,Sind,0.054540027,0.0,0.39,0.85,,,,,,,,,,,,,,,,,,,,,,,,,,23.70227962440559,1.09080054,0.0,,,,,,,,,,,,,,,,,150.046875,3.029007807578717,160.03125,3.2305631537250044,2.250703125,4.543511711368075,5.60109375,11.306971038037515,23.70227962440559,267808,,,0.0765551564814166,Information
455824,8879.0,8163.550186,IND,India,Rajasthan,2.21944685,0.0,0.49,0.71,,,,,,,,,,,,,,,,,,,,,,,,,,0.5115663430965554,44.388937000000006,0.0,,,,,,,,,,,,,,,,,3.515625,0.0430649033786782,5.0625,0.0620134608652966,0.052734375,0.0645973550680173,0.1771875,0.2170471130285381,0.5115663430965554,1855431,,,1.3749982354402666e-06,Information
455889,8906.0,5387.964145,IND,India,Haryana,2.723734346,0.0,0.49,0.71,,,,,,,,,,,,,,,,,,,,,,,,,,0.122495135804853,54.47468692,0.0,,,,,,,,,,,,,,,,,0.5625,0.0104399358432594,0.984375,0.018269887725704,0.0084375,0.0156599037648891,0.034453125,0.0639446070399639,0.122495135804853,2874239,,,1.6298707542962451e-09,Information
455890,8907.0,20094.14513,PAK,Pakistan,Punjab,3.247284847,0.0,0.39,0.85,,,,,,,,,,,,,,,,,,,,,,,,,,0.3348668340501605,64.94569694,0.0,,,,,,,,,,,,,,,,,0.140625,0.0006998307172966,6.328125,0.0314923822783473,0.002109375,0.0010497460759449,0.221484375,0.1102233379742155,0.3348668340501605,12433949,,,1.6522818488440724e-06,Information
456201,8909.0,4101.150195,PAK,Pakistan,Sind,3.484104153,0.0,0.39,0.85,,,,,,,,,,,,,,,,,,,,,,,,,,1.677802642466619,69.68208306,0.0,,,,,,,,,,,,,,,,,1.6875,0.0411469933994219,13.21875,0.3223181149621389,0.0253125,0.0617204900991328,0.46265625,1.128113402367486,1.677802642466619,294941,,,0.0019003037115248,Information
456427,8936.0,5057.514312,PAK,Pakistan,Punjab,2.180678893,0.0,0.39,0.85,,,,,,,,,,,,,,,,,,,,,,,,,,0.8038590923643876,43.61357786,0.0,,,,,,,,,,,,,,,,,0.28125,0.005561032212129,7.59375,0.150147869727484,0.00421875,0.0083415483181935,0.26578125,0.525517544046194,0.8038590923643876,6461544,,,1.0661850788929244e-05,Information
456460,8942.0,17194.95893,IND,India,Himachal Pradesh,3.813362594,0.0,0.49,0.71,,,,,,,,,,,,,,,,,,,,,,,,,,0.6316378402436558,76.26725188,0.0,,,,,,,,,,,,,,,,,1.6875,0.0098139228271967,10.6875,0.0621548445722459,0.0253125,0.014720884240795,0.3740625,0.2175419560028606,0.6316378402436558,5141772,,,0.0001437584613127,Information
456495,8949.0,8787.636,CHN,China,Xizang,3.884498887,0.0,0.59,0.57,,,,,,,,,,,,,,,,,,,,,,,,,,5.584591820702935,77.68997774,0.0,,,,,,,,,,,,,,,,,0.5625,0.0064010389140305,74.390625,0.8465373963805397,0.0084375,0.0096015583710457,2.603671875,2.962880887331889,5.584591820702935,7759,,,0.0830224633389212,Information
456499,8953.0,2016.719803,CHN,China,Xizang,0.133944098,0.0,0.59,0.57,,,,,,,,,,,,,,,,,,,,,,,,,,1.2066057748675116,2.67888196,0.0,,,,,,,,,,,,,,,,,2.671875,0.1324861786283522,4.640625,0.2301075734071381,0.040078125,0.1987292679425283,0.162421875,0.8053765069249834,1.2066057748675116,2425,,,5.662199452940417e-06,Information
456580,8969.0,11250.17463,PAK,Pakistan,Punjab,1.422556463,0.0,0.39,0.85,,,,,,,,,,,,,,,,,,,,,,,,,,1.0266331256336003,28.45112926,0.0,,,,,,,,,,,,,,,,,2.109375,0.0187497089508512,14.625,0.1299979820592353,0.031640625,0.0281245634262768,0.511875,0.4549929372073235,1.0266331256336003,7778931,,,1.0973815116915008e-05,Information
456704,8983.0,4000.604949,PAK,Pakistan,Northern Areas,4.018751475,0.0,0.39,0.85,,,,,,,,,,,,,,,,,,,,,,,,,,0.228842467473631,80.37502950000001,0.0,,,,,,,,,,,,,,,,,1.40625,0.035150933865297,1.265625,0.0316358404787673,0.02109375,0.0527264007979455,0.044296875,0.1107254416756855,0.228842467473631,57434,,,4.263146337606744e-06,Information
456803,8992.0,5257.045599,IND,India,Jammu and Kashmir,4.048774897,0.0,0.49,0.71,,,,,,,,,,,,,,,,,,,,,,,,,,0.326498524227132,80.97549794000001,0.0,,,,,,,,,,,,,,,,,0.28125,0.0053499631056783,3.09375,0.0588495941624613,0.00421875,0.0080249446585174,0.10828125,0.2059735795686145,0.326498524227132,25977,,,2.401030246938548e-05,Information
456901,9000.0,2127.220322,PAK,Pakistan,Northern Areas,4.066467236,0.0,0.39,0.85,,,,,,,,,,,,,,,,,,,,,,,,,,0.1803822700000135,81.32934472000001,0.0,,,,,,,,,,,,,,,,,0.140625,0.0066107397777783,0.84375,0.0396644386666703,0.002109375,0.0099161096666674,0.02953125,0.138825535333346,0.1803822700000135,48354,,,1.7451674844420578e-06,Information
457004,9011.0,2275.03514,PAK,Pakistan,Sind,2.281517919,0.0,0.39,0.85,,,,,,,,,,,,,,,,,,,,,,,,,,0.3945486066997621,45.63035838,0.0,,,,,,,,,,,,,,,,,0.28125,0.0123624464115293,1.96875,0.0865371248807052,0.00421875,0.0185436696172939,0.06890625,0.3028799370824682,0.3945486066997621,4339736,,,4.200389423725421e-07,Information
457006,9013.0,9990.238598,PAK,Pakistan,Baluchistan,4.054665289,0.0,0.39,0.85,,,,,,,,,,,,,,,,,,,,,,,,,,5.449067075411712,81.09330578,0.0,,,,,,,,,,,,,,,,,38.8125,0.3885042346055423,61.171875,0.6123164567152568,0.5821875,0.5827563519083134,2.141015625,2.143107598503399,5.449067075411712,658362,,,0.1067365995954943,Information
461940,9125.0,9086.075257,TJK,Tajikistan,Khatlon,4.047514856,0.0,0.5,0.69,,,,,,,,,,,,,,,,,,,,,,,,,,3.652556633438528,80.95029712,0.0,,,,,,,,,,,,,,,,,4.359375,0.0479786362811114,47.8125,0.5262173011476744,0.065390625,0.0719679544216671,1.6734375,1.8417605540168605,3.652556633438528,1178330,,,0.0493055984450658,Information
461950,9126.0,23095.93769,AFG,Afghanistan,Badakhshan,4.023960008,0.0,0.3,0.97,,,,,,,,,,,,,,,,,,,,,,,,,,1.4216694943270238,80.47920016,0.0,,,,,,,,,,,,,,,,,2.8125,0.0121774661751105,27.140625,0.1175125485898166,0.0421875,0.0182661992626657,0.949921875,0.4112939200643581,1.4216694943270238,703473,,,0.0044010197683842,Information
462132,9142.0,11523.30779,KAZ,Kazakhstan,Qyzylorda,2.222715357,0.0,0.63,0.51,,,,,,,,,,,,,,,,,,,,,,,,,,0.6356378581750406,44.45430714,0.0,,,,,,,,,,,,,,,,,4.640625,0.0402716397511419,7.734375,0.0671193995852365,0.069609375,0.0604074596267128,0.270703125,0.2349178985483277,0.6356378581750406,0,,,3.904908746783796e-06,Information
462133,9143.0,976.4531653,KAZ,Kazakhstan,Qyzylorda,4.003206008,0.0,0.63,0.51,,,,,,,,,,,,,,,,,,,,,,,,,,1.9206552799966865,80.06412016,0.0,,,,,,,,,,,,,,,,,1.546875,0.158417736254844,4.21875,0.4320483716041201,0.023203125,0.237626604382266,0.14765625,1.5121693006144203,1.9206552799966865,30455,,,0.009645621839439,Information
462139,9149.0,1939.891658,KAZ,Kazakhstan,South Kazakhstan,4.002997918,0.0,0.63,0.51,,,,,,,,,,,,,,,,,,,,,,,,,,26.96579332665937,80.05995836,0.0,3.0,,,,,,,,,,,,,,,,12.515625,0.6451713398163003,119.8125,6.176246983409976,0.187734375,0.9677570097244504,4.1934375,21.616864441934915,26.96579332665937,9507,0.0,0.0,0.6186127134403843,Watch
462167,9158.0,1092.691414,UZB,Uzbekistan,Jizzakh,0.11926031,0.0,0.54,0.64,,,,,,,,,,,,,,,,,,,,,,,,,,3.690306889203669,2.3852062,0.0,,,,,,,,,,,,,,,,,0.28125,0.0257391974019626,10.265625,0.9394807051716356,0.00421875,0.0386087961029439,0.359296875,3.288182468100725,3.690306889203669,25262,,,0.0005277127970763,Information
462176,9166.0,3716.354704,KGZ,Kyrgyzstan,Batken,4.033916688,0.0,0.55,0.63,,,,,,,,,,,,,,,,,,,,,,,,,,1.6842198667398065,80.67833375999999,0.0,,,,,,,,,,,,,,,,,1.546875,0.0416234488725358,12.375,0.3329875909802865,0.023203125,0.0624351733088037,0.433125,1.1654565684310028,1.6842198667398065,240256,,,0.0073451638568683,Information
462201,9180.0,5678.579008,KAZ,Kazakhstan,Qyzylorda,0.637271065,0.0,0.63,0.51,,,,,,,,,,,,,,,,,,,,,,,,,,2.59555940603328,12.7454213,0.0,,,,,,,,,,,,,,,,,8.859375,0.1560139427151781,23.0625,0.4061315334172892,0.132890625,0.2340209140727671,0.8071875,1.421460366960512,2.59555940603328,11200,,,0.0002198538344319,Information
462202,9181.0,6879.517259,KAZ,Kazakhstan,Qyzylorda,1.011197243,0.0,0.63,0.51,,,,,,,,,,,,,,,,,,,,,,,,,,1.887347713115603,20.22394486,0.0,,,,,,,,,,,,,,,,,1.40625,0.0204411144993711,21.375,0.3107049403904418,0.02109375,0.0306616717490566,0.748125,1.0874672913665462,1.887347713115603,7913,,,9.053847937006538e-05,Information
462208,9187.0,15047.95933,KAZ,Kazakhstan,Qaraghandy,1.131746414,0.0,0.63,0.51,,,,,,,,,,,,,,,,,,,,,,,,,,0.4447447981115959,22.63492828,0.0,,,,,,,,,,,,,,,,,2.390625,0.0158867056205112,6.609375,0.0439220684802369,0.035859375,0.0238300584307668,0.231328125,0.1537272396808291,0.4447447981115959,22964,,,1.2427541041771586e-07,Information
462511,9216.0,8412.650487,KAZ,Kazakhstan,Qaraghandy,3.606802518,0.0,0.63,0.51,,,,,,,,,,,,,,,,,,,,,,,,,,4.465945421294848,72.13605036,0.0,,,,,,,,,,,,,,,,,14.625,0.1738453299894309,52.03125,0.6184881932316292,0.219375,0.2607679949841463,1.82109375,2.164708676310702,4.465945421294848,0,,,0.0335612589858291,Information
462513,9218.0,12258.26402,KAZ,Kazakhstan,Qaraghandy,2.928929768,0.0,0.63,0.51,,,,,,,,,,,,,,,,,,,,,,,,,,0.372801550362207,58.57859536,0.0,,,,,,,,,,,,,,,,,1.546875,0.0126190380409882,5.203125,0.0424458552287785,0.023203125,0.0189285570614823,0.182109375,0.1485604933007247,0.372801550362207,6112,,,1.235507743050472e-06,Information
462514,9219.0,5571.467648,KAZ,Kazakhstan,Qaraghandy,0.569034861,0.0,0.63,0.51,,,,,,,,,,,,,,,,,,,,,,,,,,0.3812362635811092,11.38069722,0.0,,,,,,,,,,,,,,,,,3.515625,0.0631005189642034,2.390625,0.0429083528956583,0.052734375,0.0946507784463051,0.083671875,0.150179235134804,0.3812362635811092,2123,,,2.537169915779993e-08,Information
462611,9230.0,13987.26044,KAZ,Kazakhstan,South Kazakhstan,3.565828644,0.0,0.63,0.51,,,,,,,,,,,,,,,,,,,,,,,,,,7.992139001186826,71.31657288000001,0.0,,,,,,,,,,,,,,,,,13.078125,0.0935002608963111,127.546875,0.9118788885263888,0.196171875,0.1402503913444666,4.464140625,3.1915761098423605,7.992139001186826,1799,,,0.1006492083694439,Information
462613,9232.0,3675.893128,KAZ,Kazakhstan,Zhambyl,2.033572571,0.0,0.63,0.51,,,,,,,,,,,,,,,,,,,,,,,,,,0.4211639961459816,40.67145142,0.0,,,,,,,,,,,,,,,,,0.984375,0.0267792061866071,2.8125,0.0765120176760203,0.014765625,0.0401688092799106,0.0984375,0.267792061866071,0.4211639961459816,3,,,3.752393668588236e-07,Information
462630,9240.0,20884.48852,KAZ,Kazakhstan,South Kazakhstan,1.422776867,0.0,0.63,0.51,,,,,,,,,,,,,,,,,,,,,,,,,,6.210715340901055,28.45553734,0.0,,,,,,,,,,,,,,,,,48.65625,0.2329779346063167,99.140625,0.4747093754261656,0.72984375,0.349466901909475,3.469921875,1.6614828139915796,6.210715340901055,18295,,,0.0072618470738128,Information
462642,9243.0,2290.060204,KAZ,Kazakhstan,South Kazakhstan,0.009718732,0.0,0.63,0.51,,,,,,,,,,,,,,,,,,,,,,,,,,1.3358045315624492,0.19437464,0.0,,,,,,,,,,,,,,,,,0.84375,0.0368440095444898,6.75,0.2947520763559184,0.01265625,0.0552660143167346,0.23625,1.0316322672457143,1.3358045315624492,26900,,,8.027572904386882e-06,Information
462649,9250.0,16415.31576,KGZ,Kyrgyzstan,Talas,4.018448996,0.0,0.55,0.63,,,,,,,,,,,,,,,,,,,,,,,,,,1.3645404458685904,80.36897992,0.0,,,,,,,,,,,,,,,,,1.40625,0.0085666947905238,23.625,0.1439204724808013,0.02109375,0.0128500421857857,0.826875,0.5037216536828046,1.3645404458685904,666461,,,0.0038346379094502,Information
462650,9251.0,17573.25845,KAZ,Kazakhstan,South Kazakhstan,2.365994775,0.0,0.63,0.51,,,,,,,,,,,,,,,,,,,,,,,,,,0.3817195769823386,47.3198955,0.0,,,,,,,,,,,,,,,,,0.140625,0.0008002215432505,6.890625,0.0392108556192751,0.002109375,0.0012003323148757,0.241171875,0.1372379946674628,0.3817195769823386,6688,,,4.168537658500712e-07,Information
462670,9253.0,15034.96904,KAZ,Kazakhstan,Zhambyl,1.121962203,0.0,0.63,0.51,,,,,,,,,,,,,,,,,,,,,,,,,,2.25610223088454,22.43924406,0.0,,,,,,,,,,,,,,,,,16.171875,0.1075617446047971,31.78125,0.211382211136384,0.242578125,0.1613426169071956,1.11234375,0.7398377389773441,2.25610223088454,519,,,0.0002020260450168,Information
463008,9262.0,6252.669022,CHN,China,Xinjiang Uygur,0.745239222,0.0,0.59,0.57,,,,,,,,,,,,,,,,,,,,,,,,,,1.129484474727565,14.90478444,0.0,,,,,,,,,,,,,,,,,3.375,0.0539769494934031,10.96875,0.1754250858535601,0.050625,0.0809654242401046,0.38390625,0.6139878004874604,1.129484474727565,91441,,,7.730726458130278e-06,Information
463980,9304.0,7680.732453,CHN,China,Xinjiang Uygur,2.182307658,0.0,0.59,0.57,,,,,,,,,,,,,,,,,,,,,,,,,,6.629642390809842,43.64615316,0.0,,,,,,,,,,,,,,,,,32.203125,0.4192715368630146,68.484375,0.8916385958615202,0.483046875,0.6289073052945219,2.396953125,3.1207350855153204,6.629642390809842,290151,,,0.0161733575784354,Information
471205,9321.0,4001.792175,CHN,China,Xinjiang Uygur,1.045504427,0.0,0.59,0.57,,,,,,,,,,,,,,,,,,,,,,,,,,2.152631491161722,20.91008854,0.0,,,,,,,,,,,,,,,,,5.90625,0.1475901231515253,15.046875,0.3760034089812669,0.08859375,0.2213851847272879,0.526640625,1.316011931434434,2.152631491161722,51803,,,0.0001567423032564,Information
471401,9333.0,5693.780368,CHN,China,Xinjiang Uygur,2.324363675,0.0,0.59,0.57,,,,,,,,,,,,,,,,,,,,,,,,,,1.1221165384471066,46.4872735,0.0,,,,,,,,,,,,,,,,,2.53125,0.0444564039448978,10.546875,0.1852350164370742,0.03796875,0.0666846059173466,0.369140625,0.6483225575297598,1.1221165384471066,85403,,,5.561226445634587e-05,Information
471403,9335.0,14291.0177,CHN,China,Xinjiang Uygur,0.259341769,0.0,0.59,0.57,,,,,,,,,,,,,,,,,,,,,,,,,,0.289221423390766,5.18683538,0.0,,,,,,,,,,,,,,,,,1.828125,0.0127921260667765,4.078125,0.0285362812258861,0.027421875,0.0191881891001647,0.142734375,0.0998769842906013,0.289221423390766,830,,,3.467915659007701e-09,Information
471405,9337.0,6898.384105,CHN,China,Xinjiang Uygur,0.518979463,0.0,0.59,0.57,,,,,,,,,,,,,,,,,,,,,,,,,,0.2928055243411346,10.37958926,0.0,,,,,,,,,,,,,,,,,1.40625,0.0203852087460158,2.8125,0.0407704174920317,0.02109375,0.0305778131190237,0.0984375,0.1426964612221109,0.2928055243411346,3263,,,5.207456969606824e-09,Information
471501,9339.0,9339.119487,CHN,China,Xinjiang Uygur,0.582678184,0.0,0.59,0.57,,,,,,,,,,,,,,,,,,,,,,,,,,0.1863688280505782,11.65356368,0.0,,,,,,,,,,,,,,,,,1.40625,0.0150576293829028,1.96875,0.021080681136064,0.02109375,0.0225864440743542,0.06890625,0.073782383976224,0.1863688280505782,2291,,,3.607656212063845e-10,Information
471504,9342.0,5810.236463,MNG,Mongolia,Govi-Altay,3.247485347,0.0,0.62,0.53,,,,,,,,,,,,,,,,,,,,,,,,,,0.1109698735817491,64.94970694,0.0,,,,,,,,,,,,,,,,,0.421875,0.0072608920946637,0.984375,0.0169420815542153,0.006328125,0.0108913381419955,0.034453125,0.0592972854397535,0.1109698735817491,6619,,,4.324902405146629e-09,Information
471505,9343.0,23209.2231,MNG,Mongolia,Govi-Altay,0.721917416,0.0,0.62,0.53,,,,,,,,,,,,,,,,,,,,,,,,,,0.1629842607106263,14.43834832,0.0,,,,,,,,,,,,,,,,,1.6875,0.0072708164015743,2.53125,0.0109062246023614,0.0253125,0.0109062246023614,0.08859375,0.0381717861082648,0.1629842607106263,722,,,1.8841029873390367e-10,Information
471601,9345.0,31118.1407,MNG,Mongolia,Hovd,2.247930481,0.0,0.62,0.53,,,,,,,,,,,,,,,,,,,,,,,,,,0.1997518581239092,44.95860962,0.0,,,,,,,,,,,,,,,,,0.5625,0.0018076272790291,4.078125,0.0131052977729616,0.0084375,0.0027114409185436,0.142734375,0.0458685422053656,0.1997518581239092,8874,,,9.61637028874886e-09,Information
472030,9353.0,28909.33717,MNG,Mongolia,Govi-Altay,4.024889026,0.0,0.62,0.53,,,,,,,,,,,,,,,,,,,,,,,,,,0.4381564699764818,80.49778052,0.0,,,,,,,,,,,,,,,,,2.671875,0.0092422561751756,8.15625,0.0282132030610624,0.040078125,0.0138633842627634,0.28546875,0.0987462107137184,0.4381564699764818,8217,,,7.361150648441034e-05,Information
472040,9354.0,21767.29778,MNG,Mongolia,Govi-Altay,3.47469143,0.0,0.62,0.53,,,,,,,,,,,,,,,,,,,,,,,,,,2.536627881479907,69.4938286,0.0,,,,,,,,,,,,,,,,,16.453125,0.0755864378099912,42.609375,0.1957494927899773,0.246796875,0.1133796567149868,1.491328125,0.6851232247649206,2.536627881479907,261,,,0.0064395788695225,Information
481011,9465.0,2492.766659,CHN,China,Xinjiang Uygur,0.034220908,0.0,0.59,0.57,,,,,,,,,,,,,,,,,,,,,,,,,,0.7047572241971387,0.68441816,0.0,,,,,,,,,,,,,,,,,1.828125,0.073337189145628,3.234375,0.1297504115653419,0.027421875,0.110005783718442,0.113203125,0.4541264404786966,0.7047572241971387,32782,,,3.74506208499859e-07,Information
481012,9466.0,34939.16068,CHN,China,Xinjiang Uygur,2.167796536,0.0,0.59,0.57,,,,,,,,,,,,,,,,,,,,,,,,,,0.3201461553442548,43.35593072,0.0,,,,,,,,,,,,,,,,,0.84375,0.0024149120455679,6.75,0.0193192963645437,0.01265625,0.0036223680683518,0.23625,0.0676175372759029,0.3201461553442548,589373,,,1.1348953844629173e-07,Information
481023,9471.0,3093.566163,CHN,China,Xinjiang Uygur,0.881185926,0.0,0.59,0.57,,,,,,,,,,,,,,,,,,,,,,,,,,0.1547513412200565,17.62371852,0.0,,,,,,,,,,,,,,,,,0.140625,0.0045457246623098,0.984375,0.0318200726361691,0.002109375,0.0068185869934647,0.034453125,0.1113702542265918,0.1547513412200565,1707,,,1.7232542681386104e-10,Information
481026,9474.0,23373.72562,CHN,China,Xinjiang Uygur,0.607932384,0.0,0.59,0.57,,,,,,,,,,,,,,,,,,,,,,,,,,0.9286477738989248,12.15864768,0.0,,,,,,,,,,,,,,,,,7.59375,0.0324884022498204,15.328125,0.0655784415783412,0.11390625,0.0487326033747306,0.536484375,0.2295245455241941,0.9286477738989248,530019,,,2.687934104221757e-06,Information
481027,9475.0,19894.55607,CHN,China,Xinjiang Uygur,0.518548911,0.0,0.59,0.57,,,,,,,,,,,,,,,,,,,,,,,,,,0.4236768830016114,10.37097822,0.0,,,,,,,,,,,,,,,,,0.421875,0.0021205549825677,7.875,0.0395836930079314,0.006328125,0.0031808324738515,0.275625,0.1385429255277599,0.4236768830016114,9145,,,4.290535448904783e-08,Information
482102,9491.0,46175.953,CHN,China,Xinjiang Uygur,2.241535583,0.0,0.59,0.57,,,,,,,,,,,,,,,,,,,,,,,,,,2.24712480622586,44.830711660000006,0.0,,,,,,,,,,,,,,,,,0.421875,0.0009136248905044,52.59375,0.1138985696828867,0.006328125,0.0013704373357566,1.84078125,0.3986449938901034,2.24712480622586,202,,,0.0006853403794498,Information
482206,9499.0,8265.266905,CHN,China,Xinjiang Uygur,0.367304105,0.0,0.59,0.57,,,,,,,,,,,,,,,,,,,,,,,,,,2.209536989858519,7.3460821,0.0,,,,,,,,,,,,,,,,,5.625,0.0680558784730531,26.15625,0.316459834899697,0.084375,0.1020838177095796,0.91546875,1.1076094221489394,2.209536989858519,50834,,,9.345254760842456e-05,Information
482385,9522.0,754.412735,CHN,China,Xinjiang Uygur,3.089880545,0.0,0.59,0.57,,,,,,,,,,,,,,,,,,,,,,,,,,1.2829809217113597,61.7976109,0.0,,,,,,,,,,,,,,,,,0.421875,0.0559209807052199,2.390625,0.3168855573295799,0.006328125,0.0838814710578298,0.083671875,1.1090994506535297,1.2829809217113597,75867,,,0.0003447610277433,Information
482387,9524.0,4417.143383,CHN,China,Xinjiang Uygur,0.461761024,0.0,0.59,0.57,,,,,,,,,,,,,,,,,,,,,,,,,,3.4791204277225725,9.23522048,0.0,,,,,,,,,,,,,,,,,3.796875,0.0859577032302235,28.828125,0.6526418208220677,0.056953125,0.1289365548453352,1.008984375,2.284246372877237,3.4791204277225725,194958,,,0.0005541381733199,Information
482501,9556.0,491.8008652,CHN,China,Xinjiang Uygur,4.08100867,0.0,0.59,0.57,,,,,,,,,,,,,,,,,,,,,,,,,,0.3600016838955507,81.6201734,0.0,,,,,,,,,,,,,,,,,0.140625,0.0285938903246292,0.421875,0.0857816709738877,0.002109375,0.0428908354869438,0.014765625,0.3002358484086069,0.3600016838955507,405,,,4.1963535181700434e-05,Information
482509,9564.0,20.46632356,CHN,China,Xinjiang Uygur,4.022513367,0.0,0.59,0.57,,,,,,,,,,,,,,,,,,,,,,,,,,8.262127231923957,80.45026734000001,0.0,,,,,,,,,,,,,,,,,0.140625,0.6871043526603298,0.421875,2.061313057980989,0.002109375,1.0306565289904943,0.014765625,7.214595702933462,8.262127231923957,0,,,0.1945420553808138,Information
482806,9590.0,4777.906501,CHN,China,Xinjiang Uygur,0.066258923,0.0,0.59,0.57,,,,,,,,,,,,,,,,,,,,,,,,,,0.1609309323039809,1.32517846,0.0,,,,,,,,,,,,,,,,,0.84375,0.0176594079411861,1.125,0.0235458772549148,0.01265625,0.0264891119117791,0.039375,0.0824105703922018,0.1609309323039809,6003,,,6.876219520735873e-11,Information
482808,9592.0,4564.69377,CHN,China,Xinjiang Uygur,2.129208559,0.0,0.59,0.57,,,,,,,,,,,,,,,,,,,,,,,,,,0.6461223112099231,42.58417118,0.0,,,,,,,,,,,,,,,,,4.640625,0.1016634463189407,3.796875,0.0831791833518606,0.069609375,0.152495169478411,0.132890625,0.2911271417315121,0.6461223112099231,335519,,,3.610188496591238e-06,Information
482960,9599.0,10710.75148,CHN,China,Xinjiang Uygur,3.39811098,0.0,0.59,0.57,,,,,,,,,,,,,,,,,,,,,,,,,,0.1849044498559863,67.9622196,0.0,,,,,,,,,,,,,,,,,2.109375,0.0196939962917617,1.828125,0.0170681301195268,0.031640625,0.0295409944376425,0.063984375,0.0597384554183438,0.1849044498559863,512598,,,1.2692926452411814e-07,Information
483014,9606.0,24200.70945,CHN,China,Xinjiang Uygur,0.584501718,0.0,0.59,0.57,,,,,,,,,,,,,,,,,,,,,,,,,,12.258832806729576,11.69003436,0.0,,,,,,,,,,,,,,,,,3.09375,0.0127837161381293,246.515625,1.0186297450063946,0.04640625,0.0191755742071939,8.628046875,3.565204107522381,12.258832806729576,764,,,0.0241564252029568,Information
483021,9612.0,34225.03274,CHN,China,Qinghai,1.595725331,0.0,0.59,0.57,,,,,,,,,,,,,,,,,,,,,,,,,,10.899166515437416,31.91450662,0.0,,,,,,,,,,,,,,,,,2.53125,0.0073959023470946,239.90625,0.7009671891190783,0.03796875,0.0110938535206419,8.39671875,2.453385161916774,10.899166515437416,7062,,,0.0334699113485698,Information
483023,9614.0,12414.99498,CHN,China,Qinghai,0.336427443,0.0,0.59,0.57,,,,,,,,,,,,,,,,,,,,,,,,,,4.691984837234882,6.72854886,0.0,,,,,,,,,,,,,,,,,0.984375,0.0079289198380109,73.828125,0.5946689878508187,0.014765625,0.0118933797570163,2.583984375,2.081341457477865,4.691984837234882,1464,,,0.0013964481077895,Information
483024,9615.0,7145.789341,CHN,China,Qinghai,1.411002933,0.0,0.59,0.57,,,,,,,,,,,,,,,,,,,,,,,,,,0.354290175182755,28.22005866,0.0,,,,,,,,,,,,,,,,,2.953125,0.041326785036551,2.953125,0.041326785036551,0.044296875,0.0619901775548265,0.103359375,0.1446437476279285,0.354290175182755,0,,,5.4439698536173126e-08,Information
511114,9707.0,2297.491732,IDN,Indonesia,Sumatera Barat,3.272157925,0.0,0.56,0.61,,,,,,,,,,,,,,,,,,,,,,,,,,0.3086092749933719,65.44315850000001,0.0,,,,,,,,,,,,,,,,,0.5625,0.0244832219505728,1.40625,0.0612080548764322,0.0084375,0.0367248329258592,0.04921875,0.2142281920675127,0.3086092749933719,44058,,,1.1892067077523665e-06,Information
511116,9709.0,2120.412142,IDN,Indonesia,Sumatera Barat,4.025745321,0.949628055,0.56,0.61,,,,,,,,,,,,,,,,,,,,,,,,,,0.4340636326081681,80.51490641999999,18.9925611,,,,,,,,,,,,,,,,,1.125,0.0530557233493582,1.6875,0.0795835850240374,0.016875,0.0795835850240373,0.0590625,0.2785425475841309,0.4340636326081681,378478,,,7.112761604811893e-05,Information
511120,9713.0,4898.240042,IDN,Indonesia,Sumatera Utara,1.857342196,0.0,0.56,0.61,,,,,,,,,,,,,,,,,,,,,,,,,,0.4662125246492558,37.14684392,0.0,,,,,,,,,,,,,,,,,8.578125,0.1751266766385745,0.703125,0.0143546456261126,0.128671875,0.2626900149578617,0.024609375,0.0502412596913941,0.4662125246492558,733191,,,4.697261631291918e-07,Information
511140,9715.0,11974.60624,IDN,Indonesia,Sumatera Utara,4.089746057,0.0,0.56,0.61,,,,,,,,,,,,,,,,,,,,,,,,,,1.5406242408526831,81.79492114,0.0,,,,,,,,,,,,,,,,,2.8125,0.0234872023736242,22.78125,0.1902463392263563,0.0421875,0.0352308035604363,0.79734375,0.6658621872922471,1.5406242408526831,819197,,,0.0067648564876075,Information
511154,9719.0,4833.928545,IDN,Indonesia,Aceh,4.045274865,3.932761666,0.56,0.61,,,,,,,,,,,,,,,,,,,,,,,,,,13.986128780911772,80.9054973,78.65523332000001,,,,,,,,,,,,,,,,,35.4375,0.7330993760536153,115.03125,2.3796638476661003,0.5315625,1.099649064080423,4.02609375,8.32882346683135,13.986128780911772,250904,,,0.3777731940853541,Advisory
511156,9721.0,4865.16569,IDN,Indonesia,Aceh,4.116233181,3.48470852,0.56,0.61,,,,,,,,,,,,,,,,,,,,,,,,,,2.92175346040832,82.32466362,69.69417039999999,,,,,,,,,,,,,,,,,0.421875,0.008671338795919,27.140625,0.5578561292041262,0.006328125,0.0130070081938785,0.949921875,1.9524964522144417,2.92175346040832,193043,,,0.0359314002057781,Information
511180,9727.0,9223.474096,IDN,Indonesia,Sumatera Utara,4.010233366,4.001553165,0.56,0.61,,,,,,,,,,,,,,,,,,,,,,,,,,1.5504420978514497,80.20466732,80.0310633,,,,,,,,,,,,,,,,,2.671875,0.0289682062555341,20.109375,0.2180238681337566,0.040078125,0.0434523093833011,0.703828125,0.7630835384681481,1.5504420978514497,832642,,,0.0054341340980719,Information
511190,9728.0,2977.499201,IDN,Indonesia,Riau,4.039012681,4.141218223,0.56,0.61,,,,,,,,,,,,,,,,,,,,,,,,,,3.564114205280298,80.78025362,82.82436446,,,,,,,,,,,,,,,,,4.640625,0.1558564650030091,21.375,0.717884323650224,0.069609375,0.2337846975045136,0.748125,2.5125951327757843,3.564114205280298,171349,,,0.0579084808913177,Information
511301,9731.0,4340.136786,IDN,Indonesia,Riau,4.216228059,4.046064984,0.56,0.61,,,,,,,,,,,,,,,,,,,,,,,,,,0.6179652487056942,84.32456117999999,80.92129968,,,,,,,,,,,,,,,,,10.828125,0.2494881045138231,0.703125,0.0162005262671313,0.162421875,0.3742321567707347,0.024609375,0.0567018419349595,0.6179652487056942,532017,,,0.0006115919364972,Information
511505,9745.0,1990.877404,IDN,Indonesia,Riau,3.574416753,4.05286459,0.56,0.61,,,,,,,,,,,,,,,,,,,,,,,,,,12.56482752346211,71.48833506,81.0572918,,,,,,,,,,,,,,,,,0.28125,0.0141269371735249,59.484375,2.9878472122005206,0.00421875,0.0211904057602873,2.081953125,10.457465242701822,12.56482752346211,91872,,,0.3407131397544991,Information
511602,9751.0,13462.03984,IDN,Indonesia,Jambi,4.001780266,0.0,0.56,0.61,,,,,,,,,,,,,,,,,,,,,,,,,,1.1911150199916505,80.03560532,0.0,,,,,,,,,,,,,,,,,5.203125,0.0386503461722038,17.296875,0.1284862859238128,0.078046875,0.0579755192583057,0.605390625,0.4497020007333448,1.1911150199916505,915781,,,0.0024082214953705,Information
511604,9753.0,3181.178249,IDN,Indonesia,Jambi,3.863258611,0.0,0.56,0.61,,,,,,,,,,,,,,,,,,,,,,,,,,0.4574023809199407,77.26517222,0.0,,,,,,,,,,,,,,,,,1.125,0.0353642553803761,2.671875,0.0839901065283933,0.016875,0.0530463830705641,0.093515625,0.2939653728493765,0.4574023809199407,133343,,,4.690083157098034e-05,Information
511605,9754.0,1344.605069,IDN,Indonesia,Jambi,4.078947705,0.0,0.56,0.61,,,,,,,,,,,,,,,,,,,,,,,,,,2.117850956192159,81.5789541,0.0,,,,,,,,,,,,,,,,,3.9375,0.2928369146968093,5.484375,0.4078799883276986,0.0590625,0.4392553720452139,0.191953125,1.4275799591469451,2.117850956192159,82208,,,0.0152670546355361,Information
511606,9755.0,5093.618884,IDN,Indonesia,Jambi,3.430501133,0.0,0.56,0.61,,,,,,,,,,,,,,,,,,,,,,,,,,1.856424009875376,68.61002266,0.0,,,,,,,,,,,,,,,,,3.375,0.0662593742693805,16.453125,0.3230144495632301,0.050625,0.0993890614040707,0.575859375,1.1305505734713055,1.856424009875376,463196,,,0.0023431860852753,Information
511607,9756.0,8737.12493,IDN,Indonesia,Sumatera Barat,4.022879914,0.0,0.56,0.61,,,,,,,,,,,,,,,,,,,,,,,,,,0.1462644158093597,80.45759828,0.0,,,,,,,,,,,,,,,,,1.265625,0.014485600356376,1.40625,0.0160951115070845,0.018984375,0.021728400534564,0.04921875,0.0563328902747957,0.1462644158093597,542905,,,4.917141828360844e-07,Information
511801,9760.0,874.3172236,IDN,Indonesia,Sumatera Selatan,4.005970794,3.740055207,0.56,0.61,,,,,,,,,,,,,,,,,,,,,,,,,,20.384862081337303,80.11941587999999,74.80110414,,,,,,,,,,,,,,,,,13.78125,1.576229957289623,40.921875,4.680437934400819,0.20671875,2.3643449359344344,1.432265625,16.381532770402867,20.384862081337303,910952,,,0.5099920552476812,Advisory
511802,9761.0,17967.64053,IDN,Indonesia,Sumatera Selatan,4.06277076,0.0,0.56,0.61,,,,,,,,,,,,,,,,,,,,,,,,,,23.60298440108685,81.2554152,0.0,,,,,,,,,,,,,,,,,59.34375,0.3302812626132478,407.8125,2.2697053591905654,0.89015625,0.4954218939198717,14.2734375,7.943968757166979,23.60298440108685,2904061,,,0.5911360383842451,Advisory
511803,9762.0,1646.348186,IDN,Indonesia,Sumatera Selatan,4.036506766,0.0,0.56,0.61,,,,,,,,,,,,,,,,,,,,,,,,,,49.9234447559561,80.73013531999999,0.0,3.0,,,,,,,,,,,,,,,,106.59375,6.474556895738711,155.953125,9.47266965352801,1.59890625,9.711835343608069,5.458359375,33.15434378734803,49.9234447559561,647538,14806.0,2.29,0.8294383905047754,Warning
511804,9763.0,7506.665762,IDN,Indonesia,Sumatera Selatan,4.021944396,0.0,0.56,0.61,,,,,,,,,,,,,,,,,,,,,,,,,,1.5102489105513155,80.43888792000001,0.0,,,,,,,,,,,,,,,,,6.75,0.0899200818815703,15.609375,0.2079401893511314,0.10125,0.1348801228223554,0.546328125,0.7277906627289599,1.5102489105513155,899492,,,0.0052145279364178,Information
511805,9764.0,1555.595276,IDN,Indonesia,Sumatera Selatan,3.38567467,0.0,0.56,0.61,,,,,,,,,,,,,,,,,,,,,,,,,,13.010739289012117,67.7134934,0.0,,,,,,,,,,,,,,,,,25.875,1.6633503847276032,38.953125,2.504065524834489,0.388125,2.495025577091405,1.363359375,8.764229336920712,13.010739289012117,118341,,,0.1817082471347476,Information
511806,9765.0,3364.348978,IDN,Indonesia,Sumatera Selatan,2.399472001,0.0,0.56,0.61,,,,,,,,,,,,,,,,,,,,,,,,,,2.5472651134845123,47.98944002,0.0,,,,,,,,,,,,,,,,,0.421875,0.0125395731150296,18.140625,0.5392016439462766,0.006328125,0.0188093596725444,0.634921875,1.887205753811968,2.5472651134845123,75871,,,0.0012788661102425,Information
511807,9766.0,2800.574041,IDN,Indonesia,Sumatera Selatan,4.1573417,0.0,0.56,0.61,,,,,,,,,,,,,,,,,,,,,,,,,,1.250156916920568,83.146834,0.0,,,,,,,,,,,,,,,,,2.8125,0.1004258397861766,6.609375,0.2360007234975151,0.0421875,0.1506387596792649,0.231328125,0.8260025322413029,1.250156916920568,158940,,,0.0046439734800106,Information
511808,9767.0,5815.355623,IDN,Indonesia,Sumatera Selatan,4.03916946,0.0,0.56,0.61,,,,,,,,,,,,,,,,,,,,,,,,,,0.992436164148426,80.7833892,0.0,,,,,,,,,,,,,,,,,2.671875,0.0459451695330254,9.28125,0.1595990099568251,0.040078125,0.0689177542995381,0.32484375,0.5585965348488878,0.992436164148426,205849,,,0.0015214644946215,Information
511809,9768.0,13438.30991,IDN,Indonesia,Sumatera Selatan,3.319069925,0.0,0.56,0.61,,,,,,,,,,,,,,,,,,,,,,,,,,1.0546603790805946,66.3813985,0.0,,,,,,,,,,,,,,,,,2.25,0.0167431768960221,16.3125,0.1213880324961604,0.03375,0.0251147653440331,0.5709375,0.4248581137365614,1.0546603790805946,1337281,,,0.0002682273379297,Information
511901,9769.0,13671.65516,IDN,Indonesia,Sumatera Selatan,4.117639159,2.335547666,0.56,0.61,,,,,,,,,,,,,,,,,,,,,,,,,,29.44206071077089,82.35278318,46.71095332,3.0,,,,,,,,,,,,,,,,32.765625,0.2396609965770441,471.796875,3.4509126331158075,0.491484375,0.3594914948655661,16.512890625,12.078194215905327,29.44206071077089,251404,8312.0,3.31,0.695620674879128,Watch
511902,9770.0,6544.720513,IDN,Indonesia,Lampung,4.074994284,0.0,0.56,0.61,,,,,,,,,,,,,,,,,,,,,,,,,,17.330276246975476,81.49988567999999,0.0,,,,,,,,,,,,,,,,,18.984375,0.2900715922239363,187.734375,2.868485745325592,0.284765625,0.4351073883359044,6.570703125,10.039700108639572,17.330276246975476,256757,,,0.4739588658755893,Advisory
511903,9771.0,118.548723,IDN,Indonesia,Lampung,4.176292217,0.0,0.56,0.61,,,,,,,,,,,,,,,,,,,,,,,,,,50.82868046242456,83.52584434,0.0,3.0,,,,,,,,,,,,,,,,11.390625,9.608391141616371,35.578125,30.01139455344373,0.170859375,14.412586712424556,1.245234375,35.0,50.82868046242456,0,0.0,0.0,0.8700585492991514,Warning
511904,9772.0,9732.724861,IDN,Indonesia,Lampung,4.004395174,0.0,0.56,0.61,,,,,,,,,,,,,,,,,,,,,,,,,,15.64550850054558,80.08790348,0.0,,,,,,,,,,,,,,,,,67.21875,0.6906467712092553,191.671875,1.9693547053519136,1.00828125,1.035970156813883,6.708515625,6.892741468731698,15.64550850054558,1490200,,,0.4047219366888603,Advisory
511908,9776.0,4791.576581,IDN,Indonesia,Lampung,4.001469553,0.113195927,0.56,0.61,,,,,,,,,,,,,,,,,,,,,,,,,,13.1469843567662,80.02939106,2.26391854,,,,,,,,,,,,,,,,,1.40625,0.029348377849649,121.078125,2.526895332854779,0.02109375,0.0440225667744735,4.237734375,8.844133664991727,13.1469843567662,2642390,,,0.3379482492338733,Information
511909,9777.0,4293.683869,IDN,Indonesia,Lampung,2.749979119,2.085164716,0.56,0.61,,,,,,,,,,,,,,,,,,,,,,,,,,12.185709222708905,54.99958237999999,41.70329432,,,,,,,,,,,,,,,,,22.21875,0.5174752188582432,95.0625,2.2140078984061544,0.33328125,0.7762128282873648,3.3271875,7.74902764442154,12.185709222708905,1631043,,,0.0957069437290138,Information
514000,16169.0,17388.17455,IDN,Indonesia,Bangka Belitung,3.444561232,3.10199401,0.56,0.61,,,,,,,,,,,,,,,,,,,,,,,,,,14.410720342144458,68.89122463999999,62.0398802,,,,,,,,,,,,,,,,,9.140625,0.0525680540638471,257.484375,1.4808016460139108,0.137109375,0.0788520810957706,9.011953125,5.182805761048688,14.410720342144458,1665870,,,0.2207930658022225,Information
515012,9779.0,3781.579896,IDN,Indonesia,Jawa Barat,4.032329144,0.0,0.56,0.61,,,,,,,,,,,,,,,,,,,,,,,,,,25.911665428136573,80.64658288000001,0.0,3.0,,,,,,,,,,,,,,,,51.046875,1.3498822291166093,181.265625,4.793383452703331,0.765703125,2.024823343674914,6.344296875,16.77684208446166,25.911665428136573,3539068,325801.0,9.21,0.6147895063846375,Watch
515014,9781.0,6724.487432,IDN,Indonesia,Jawa Barat,4.02159165,2.559099762,0.56,0.61,,,,,,,,,,,,,,,,,,,,,,,,,,19.549206143736328,80.43183300000001,51.18199523999999,,,,,,,,,,,,,,,,,66.9375,0.9954290297734129,195.890625,2.913093778307488,1.0040625,1.4931435446601191,6.856171875,10.195828224076209,19.549206143736328,14137022,,,0.4996132518093183,Advisory
521900,9888.0,2465.215965,IDN,Indonesia,Kalimantan Selatan,3.872214119,3.663421873,0.56,0.61,,,,,,,,,,,,,,,,,,,,,,,,,,9.019819416121331,77.44428238,73.26843746,,,,,,,,,,,,,,,,,0.140625,0.0057043683808603,50.90625,2.064981353871441,0.002109375,0.0085565525712904,1.78171875,7.227434738550043,9.019819416121331,188538,,,0.179685506426855,Information
531607,9990.0,4477.67369,IDN,Indonesia,Papua,3.347734317,0.0,0.56,0.61,,,,,,,,,,,,,,,,,,,,,,,,,,1.3367685165945118,66.95468634,0.0,,,,,,,,,,,,,,,,,0.984375,0.0219840718236788,11.390625,0.2543871168168553,0.014765625,0.0329761077355182,0.398671875,0.8903549088589935,1.3367685165945118,3104,,,0.0006691803231454,Information
531703,9995.0,7472.099489,IDN,Indonesia,Papua,4.014770635,0.704958861,0.56,0.61,,,,,,,,,,,,,,,,,,,,,,,,,,2.9660025576685025,80.29541269999999,14.09917722,,,,,,,,,,,,,,,,,4.5,0.0602240375226076,34.3125,0.4592082861098832,0.0675,0.0903360562839113,1.2009375,1.6072290013845911,2.9660025576685025,50675,,,0.0291366468834532,Information
531706,9998.0,4374.900022,IDN,Indonesia,Papua,4.125301875,0.0,0.56,0.61,,,,,,,,,,,,,,,,,,,,,,,,,,0.8640539146067054,82.50603749999999,0.0,,,,,,,,,,,,,,,,,0.140625,0.0032143591690198,7.453125,0.1703610359580502,0.002109375,0.0048215387535297,0.260859375,0.5962636258531757,0.8640539146067054,256263,,,0.0013149698249771,Information
531709,10001.0,7633.674424,PNG,Papua New Guinea,Sandaun,4.025577845,3.177899525,0.43,0.79,,,,,,,,,,,,,,,,,,,,,,,,,,13.622234979111294,80.5115569,63.5579905,,,,,,,,,,,,,,,,,53.859375,0.7055498047870814,145.40625,1.9048002562659063,0.807890625,1.058324707180622,5.08921875,6.666800896930672,13.622234979111294,204299,,,0.3601274126343825,Advisory
531801,10002.0,2374.206081,PNG,Papua New Guinea,East Sepik,4.031453,3.523502994,0.43,0.79,,,,,,,,,,,,,,,,,,,,,,,,,,7.640777103217584,80.62906,70.47005988000001,,,,,,,,,,,,,,,,,11.109375,0.4679195748481431,37.125,1.5636806045558198,0.166640625,0.7018793622722147,1.299375,5.472882115945369,7.640777103217584,7927,,,0.1761144389634127,Information
531804,10005.0,11980.04468,PNG,Papua New Guinea,Enga,2.768068933,0.0,0.43,0.79,,,,,,,,,,,,,,,,,,,,,,,,,,1.3996917766395645,55.36137866,0.0,,,,,,,,,,,,,,,,,1.96875,0.0164335781068274,20.953125,0.1749002241369495,0.02953125,0.024650367160241,0.733359375,0.6121507844793233,1.3996917766395645,583197,,,0.0002677427587808,Information
531901,16210.0,286.7204283,PNG,Papua New Guinea,East Sepik,4.002357506,3.123803488,0.43,0.79,,,,,,,,,,,,,,,,,,,,,,,,,,34.887754688902454,80.04715012,62.47606976,3.0,,,,,,,,,,,,,,,,7.734375,2.697531894092024,24.46875,8.534009992218405,0.116015625,4.046297841138037,0.85640625,29.869034972764418,34.887754688902454,4325,4325.0,100.0,0.7118385736910524,Watch
531906,10015.0,3929.453885,PNG,Papua New Guinea,Morobe,4.000033082,3.470810878,0.43,0.79,,,,,,,,,,,,,,,,,,,,,,,,,,0.1171473021045105,80.00066164,69.41621756,,,,,,,,,,,,,,,,,0.5625,0.0143149663156614,0.703125,0.0178937078945767,0.0084375,0.0214724494734921,0.024609375,0.0626279776310184,0.1171473021045105,70353,,,1.373529067623777e-07,Information
531908,10017.0,6042.287142,PNG,Papua New Guinea,Oro,4.106819782,0.0,0.43,0.79,,,,,,,,,,,,,,,,,,,,,,,,,,1.0678087962865086,82.13639563999999,0.0,,,,,,,,,,,,,,,,,0.5625,0.0093093887592518,11.25,0.1861877751850374,0.0084375,0.0139640831388777,0.39375,0.6516572131476309,1.0678087962865086,83870,,,0.0024225442321916,Information
536009,16223.0,123.505443,PNG,Papua New Guinea,Western Islands,0.0,3.80764303,0.43,0.79,,,,,,,,,,,,,,,,,,,,,,,,,,11.64203048215125,0.0,76.1528606,,,,,,,,,,,,,,,,,0.28125,0.2277227570723019,3.9375,3.188118599012228,0.00421875,0.3415841356084528,0.1378125,11.158415096542798,11.64203048215125,4661,,,0.2366739669437815,Information
537001,10027.0,10272.64297,PNG,Papua New Guinea,Bougainville,0.0,3.367654452,0.43,0.79,,,,,,,,,,,,,,,,,,,,,,,,,,9.489718308912432,0.0,67.35308904,,,,,,,,,,,,,,,,,31.5,0.3066396845142228,123.890625,1.2060248306117425,0.4725,0.4599595267713342,4.336171875,4.221086907141099,9.489718308912432,270100,,,0.1083145557576611,Information
537002,10028.0,3603.899433,SLB,Solomon Islands,Choiseul,0.0,3.129625848,-9999.0,0.6,,,,,,,,,,,,,,,,,,,,,,,,,,8.992215177284908,0.0,62.59251696,,,,,,,,,,,,,,,,,4.921875,0.1365708197786138,65.953125,1.8300489850334247,0.073828125,0.2048562296679207,2.308359375,6.405171447616988,8.992215177284908,18831,,,0.0770046929232007,Information
537003,10029.0,5886.791752,SLB,Solomon Islands,Western,0.0,3.72674367,-9999.0,0.6,,,,,,,,,,,,,,,,,,,,,,,,,,18.119573172580218,0.0,74.5348734,,,,,,,,,,,,,,,,,22.359375,0.3798227615593788,182.25,3.0959138300689,0.335390625,0.5697341423390682,6.37875,10.83569840524115,18.119573172580218,44428,,,0.366808837670291,Advisory
537006,10032.0,4537.117361,SLB,Solomon Islands,Malaita,0.0,4.008494355,-9999.0,0.6,,,,,,,,,,,,,,,,,,,,,,,,,,8.736523066697824,0.0,80.1698871,,,,,,,,,,,,,,,,,0.984375,0.021696044464613,77.484375,1.7077886428574016,0.014765625,0.0325440666969195,2.711953125,5.9772602500009056,8.736523066697824,59449,,,0.2061966131618844,Information
537009,,,,,,,,,,,,,,,,,,,,,,,,,,,,,,,,,,,3.5444762012850872,,,,,,,,,,,,,,,,,,,0.5625,0.7032702402570175,0.5625,0.7032702402570175,0.0084375,1.054905360385526,0.0196875,2.461445840899561,3.5444762012850872,930,,,,Information
561105,10049.0,3128.87177,AUS,Australia,Western Australia,3.834921971,0.0,0.81,0.26,,,,,,,,,,,,,,,,,,,,,,,,,,0.1504673795332122,76.69843942,0.0,,,,,,,,,,,,,,,,,0.421875,0.0134832946509661,0.84375,0.0269665893019323,0.006328125,0.0202249419764491,0.02953125,0.094383062556763,0.1504673795332122,78596,,,2.2970918880868642e-07,Information
561308,10080.0,12192.2038,AUS,Australia,Western Australia,2.341426554,0.0,0.81,0.26,,,,,,,,,,,,,,,,,,,,,,,,,,0.166377314704275,46.82853108,0.0,,,,,,,,,,,,,,,,,1.828125,0.014994212940855,1.828125,0.014994212940855,0.027421875,0.0224913194112825,0.063984375,0.0524797452929925,0.166377314704275,2871,,,4.0342969031694975e-09,Information
561501,16234.0,6514.267695,AUS,Australia,Western Australia,2.370755438,0.0,0.81,0.26,,,,,,,,,,,,,,,,,,,,,,,,,,6.044411851358184,47.41510876,0.0,,,,,,,,,,,,,,,,,11.953125,0.1834914615101419,63.0,0.9671079383122776,0.179296875,0.2752371922652128,2.205,3.384877784092972,6.044411851358184,786,,,0.0152592619509464,Information
561507,10098.0,1479.427482,AUS,Australia,Western Australia,3.136745509,0.0,0.81,0.26,,,,,,,,,,,,,,,,,,,,,,,,,,3.1534570850204053,62.73491018,0.0,,,,,,,,,,,,,,,,,1.828125,0.1235697607448625,10.828125,0.7319131982580319,0.027421875,0.1853546411172937,0.378984375,2.561696193903112,3.1534570850204053,2,,,0.006764011503564,Information
561704,10114.0,1984.505449,AUS,Australia,Western Australia,0.97936202,3.059001482,0.81,0.26,,,,,,,,,,,,,,,,,,,,,,,,,,4.284414963802444,19.5872404,61.18002964,,,,,,,,,,,,,,,,,0.703125,0.0354307417126109,19.96875,1.0062330646381508,0.010546875,0.0531461125689163,0.69890625,3.521815726233528,4.284414963802444,0,,,0.0137639020870949,Information
561705,10115.0,52.06820478,AUS,Australia,Western Australia,0.0,4.042482108,0.81,0.26,,,,,,,,,,,,,,,,,,,,,,,,,,37.89254149402888,0.0,80.84964216,3.0,,,,,,,,,,,,,,,,0.703125,1.3503922460192552,24.46875,46.993650161470086,0.010546875,2.025588369028883,0.85640625,35.0,37.89254149402888,0,0.0,0.0,0.7525173698674668,Watch
561706,10116.0,1167.026665,AUS,Australia,Western Australia,4.005912647,3.148529956,0.81,0.26,,,,,,,,,,,,,,,,,,,,,,,,,,16.97487419070597,80.11825293999999,62.97059912,,,,,,,,,,,,,,,,,2.109375,0.1807477980464443,49.78125,4.265648033896087,0.031640625,0.2711216970696665,1.74234375,14.929768118636304,16.97487419070597,0,,,0.4372016805558589,Advisory
561960,10142.0,8657.006263,AUS,Australia,Western Australia,0.251673223,2.791557236,0.81,0.26,,,,,,,,,,,,,,,,,,,,,,,,,,0.2075999920564437,5.03346446,55.83114472,,,,,,,,,,,,,,,,,1.828125,0.0211172886384492,1.96875,0.0227416954567914,0.027421875,0.0316759329576738,0.06890625,0.0795959340987699,0.2075999920564437,273,,,4.15736608955456e-08,Information
561985,10148.0,6220.038834,AUS,Australia,Western Australia,1.068273714,0.0,0.81,0.26,,,,,,,,,,,,,,,,,,,,,,,,,,0.5573973721567735,21.36547428,0.0,,,,,,,,,,,,,,,,,2.109375,0.0339125696207342,5.203125,0.0836510050644778,0.031640625,0.0508688544311013,0.182109375,0.2927785177256723,0.5573973721567735,469,,,3.7242780030102097e-07,Information
561987,10150.0,6216.067673,AUS,Australia,Western Australia,0.424390141,0.0,0.81,0.26,,,,,,,,,,,,,,,,,,,,,,,,,,0.1742552852292906,8.48780282,0.0,,,,,,,,,,,,,,,,,0.84375,0.0135736939236999,1.546875,0.0248851055267831,0.01265625,0.0203605408855498,0.054140625,0.0870978693437408,0.1742552852292906,1,,,1.8796678017214807e-10,Information
561990,10153.0,19067.46218,AUS,Australia,Western Australia,3.369111772,1.636225506,0.81,0.26,,,,,,,,,,,,,,,,,,,,,,,,,,2.7065007059245243,67.38223544,32.72451012,,,,,,,,,,,,,,,,,24.1875,0.126852224886351,40.359375,0.2116662124557136,0.3628125,0.1902783373295265,1.412578125,0.7408317435949976,2.7065007059245243,756,,,0.0064015366885891,Information
562203,10157.0,13941.37668,AUS,Australia,Western Australia,2.658115743,0.0,0.81,0.26,,,,,,,,,,,,,,,,,,,,,,,,,,0.888697200992359,53.16231486,0.0,,,,,,,,,,,,,,,,,4.640625,0.0332867055237713,12.796875,0.0917906122019149,0.069609375,0.0499300582856569,0.447890625,0.3212671427067021,0.888697200992359,520,,,3.674618459299357e-05,Information
562320,10164.0,10091.49331,AUS,Australia,Western Australia,2.672754038,0.0,0.81,0.26,,,,,,,,,,,,,,,,,,,,,,,,,,0.2981734180172911,53.45508076,0.0,,,,,,,,,,,,,,,,,0.140625,0.0013935004039182,4.21875,0.0418050121175468,0.002109375,0.0020902506058773,0.14765625,0.1463175424114138,0.2981734180172911,54,,,2.203300085713009e-07,Information
562340,10174.0,15758.75106,AUS,Australia,Western Australia,0.950362634,0.0,0.81,0.26,,,,,,,,,,,,,,,,,,,,,,,,,,0.2999687781409789,19.00725268,0.0,,,,,,,,,,,,,,,,,1.40625,0.0089236132675079,4.640625,0.0294479237827763,0.02109375,0.0133854199012618,0.162421875,0.103067733239717,0.2999687781409789,60,,,1.0814680282810684e-08,Information
562360,10176.0,14269.89253,AUS,Australia,Western Australia,1.060970836,0.0,0.81,0.26,,,,,,,,,,,,,,,,,,,,,,,,,,0.163832575203661,21.21941672,0.0,,,,,,,,,,,,,,,,,0.84375,0.0059127985579849,2.390625,0.0167529292476239,0.01265625,0.0088691978369773,0.083671875,0.0586352523666836,0.163832575203661,39,,,3.29611721350183e-10,Information
562382,10179.0,4115.380694,AUS,Australia,Western Australia,2.496235107,0.0,0.81,0.26,,,,,,,,,,,,,,,,,,,,,,,,,,0.6607933783336601,49.92470214,0.0,,,,,,,,,,,,,,,,,0.703125,0.0170852966545131,5.203125,0.1264311952433973,0.010546875,0.0256279449817696,0.182109375,0.4425091833518905,0.6607933783336601,225,,,7.528874287382807e-06,Information
562385,10182.0,2057.423358,AUS,Australia,Western Australia,0.237845024,0.0,0.81,0.26,,,,,,,,,,,,,,,,,,,,,,,,,,2.4682560273712526,4.75690048,0.0,,,,,,,,,,,,,,,,,2.8125,0.1367001103419868,10.828125,0.5262954248166493,0.0421875,0.2050501655129802,0.378984375,1.8420339868582725,2.4682560273712526,0,,,0.0001296371472028,Information
562389,10186.0,8431.192934,AUS,Australia,Western Australia,0.056072272,0.0,0.81,0.26,,,,,,,,,,,,,,,,,,,,,,,,,,0.1214294558373613,1.12144544,0.0,,,,,,,,,,,,,,,,,0.421875,0.0050037403167616,1.40625,0.0166791343892054,0.006328125,0.0075056104751424,0.04921875,0.0583769703622188,0.1214294558373613,1542,,,1.0257218840330024e-11,Information
562470,10194.0,15931.23014,AUS,Australia,Northern Territory,1.377272499,0.0,0.81,0.26,,,,,,,,,,,,,,,,,,,,,,,,,,0.9522032823282728,27.54544998,0.0,,,,,,,,,,,,,,,,,4.21875,0.026481005937135,14.90625,0.0935662209778772,0.06328125,0.0397215089057025,0.52171875,0.3274817734225702,0.9522032823282728,42,,,7.390188647595871e-06,Information
562521,10198.0,1079.121655,AUS,Australia,Northern Territory,4.00411185,0.0,0.81,0.26,,,,,,,,,,,,,,,,,,,,,,,,,,14.156146773728162,80.082237,0.0,,,,,,,,,,,,,,,,,15.46875,1.4334574720653728,32.765625,3.036323554465744,0.23203125,2.1501862080980594,1.146796875,10.627132440630104,14.156146773728162,11,,,0.3663775212866706,Advisory
562522,10199.0,2461.542485,AUS,Australia,Northern Territory,3.289867027,0.0,0.81,0.26,,,,,,,,,,,,,,,,,,,,,,,,,,2.2425263550909444,65.79734054000001,0.0,,,,,,,,,,,,,,,,,3.9375,0.1599606760080839,10.96875,0.4456047403082339,0.0590625,0.2399410140121258,0.38390625,1.559616591078819,2.2425263550909444,109,,,0.0032179935850333,Information
562524,10201.0,4844.2351,AUS,Australia,Northern Territory,0.280544909,0.0,0.81,0.26,,,,,,,,,,,,,,,,,,,,,,,,,,0.2520873270915406,5.61089818,0.0,,,,,,,,,,,,,,,,,0.5625,0.0116117403139515,2.109375,0.0435440261773181,0.0084375,0.0174176104709272,0.073828125,0.1524040916206133,0.2520873270915406,475,,,1.5576400291376282e-09,Information
562526,10203.0,6890.451096,AUS,Australia,Northern Territory,0.328511408,0.0,0.81,0.26,,,,,,,,,,,,,,,,,,,,,,,,,,0.698041361300286,6.57022816,0.0,,,,,,,,,,,,,,,,,0.28125,0.0040817356671633,8.015625,0.1163294665141546,0.00421875,0.0061226035007449,0.280546875,0.4071531327995411,0.698041361300286,7,,,4.873295510836119e-07,Information
562532,10208.0,2396.881315,AUS,Australia,Northern Territory,0.054059864,0.0,0.81,0.26,,,,,,,,,,,,,,,,,,,,,,,,,,8.556977312885305,1.08119728,0.0,,,,,,,,,,,,,,,,,1.6875,0.0704039866167646,46.546875,1.941976630845759,0.0253125,0.1056059799251468,1.629140625,6.796918207960157,8.556977312885305,560,,,0.0071915118847485,Information
562534,10209.0,7248.840019,AUS,Australia,Northern Territory,1.024037066,2.301797802,0.81,0.26,,,,,,,,,,,,,,,,,,,,,,,,,,10.267862451714551,20.48074132,46.03595604,,,,,,,,,,,,,,,,,37.96875,0.5237907017151472,107.015625,1.4763137926119518,0.56953125,0.7856860525727207,3.745546875,5.167098274141831,10.267862451714551,3081,,,0.0485277677631628,Information
562538,10213.0,2499.075072,AUS,Australia,Northern Territory,0.169002947,0.0,0.81,0.26,,,,,,,,,,,,,,,,,,,,,,,,,,2.465182816411366,3.38005894,0.0,,,,,,,,,,,,,,,,,1.6875,0.0675249823022436,13.359375,0.5345727765594288,0.0253125,0.1012874734533654,0.467578125,1.8710047179580007,2.465182816411366,5,,,0.0001219796977906,Information
562539,10214.0,1702.7217,AUS,Australia,Northern Territory,0.545328885,3.514395433,0.81,0.26,,,,,,,,,,,,,,,,,,,,,,,,,,5.7700565976965175,10.9065777,70.28790866,,,,,,,,,,,,,,,,,7.734375,0.4542360035566306,20.671875,1.214048954960449,0.116015625,0.6813540053349458,0.723515625,4.249171342361572,5.7700565976965175,0,,,0.0506199403781879,Information
562540,10215.0,11254.02526,AUS,Australia,Northern Territory,1.747070053,3.569201478,0.81,0.26,,,,,,,,,,,,,,,,,,,,,,,,,,3.117912615182367,34.941401060000004,71.38402956,,,,,,,,,,,,,,,,,8.015625,0.0712245158137946,43.734375,0.3886109547033357,0.120234375,0.1068367737206919,1.530703125,1.3601383414616748,3.117912615182367,69,,,0.0133183389011113,Information
562550,10216.0,916.7261493,AUS,Australia,Northern Territory,0.210145667,4.056916002,0.81,0.26,,,,,,,,,,,,,,,,,,,,,,,,,,5.903022697567713,4.20291334,81.13832004000001,,,,,,,,,,,,,,,,,2.53125,0.2761184462587768,13.078125,1.4266119723370136,0.03796875,0.4141776693881652,0.457734375,4.993141903179548,5.903022697567713,0,,,0.1226852135971995,Information
562560,10217.0,7691.38537,AUS,Australia,Northern Territory,0.133694225,0.0,0.81,0.26,,,,,,,,,,,,,,,,,,,,,,,,,,7.863298553747364,2.6738845,0.0,,,,,,,,,,,,,,,,,24.46875,0.3181318946326785,87.1875,1.1335734176566703,0.36703125,0.4771978419490177,3.0515625,3.967506961798346,7.863298553747364,2645,,,0.0059370972312294,Information
562572,10219.0,2271.330879,AUS,Australia,Northern Territory,0.0,3.126532505,0.81,0.26,,,,,,,,,,,,,,,,,,,,,,,,,,2.7845035484425504,0.0,62.5306501,,,,,,,,,,,,,,,,,4.5,0.198121728649827,12.796875,0.5634086658479457,0.0675,0.2971825929747405,0.447890625,1.97193033046781,2.7845035484425504,0,,,0.0046686141564223,Information
562578,10225.0,7678.2531,AUS,Australia,Northern Territory,0.41156897,0.0,0.81,0.26,,,,,,,,,,,,,,,,,,,,,,,,,,2.373249694984656,8.2313794,0.0,,,,,,,,,,,,,,,,,1.125,0.014651770204471,28.96875,0.3772830827651284,0.016875,0.0219776553067065,1.01390625,1.3204907896779494,2.373249694984656,82,,,0.0001285858663175,Information
562592,10229.0,2613.110987,AUS,Australia,Northern Territory,1.365383364,0.0,0.81,0.26,,,,,,,,,,,,,,,,,,,,,,,,,,0.2816923114829739,27.30766728,0.0,,,,,,,,,,,,,,,,,0.28125,0.0107630330835168,1.546875,0.0591966819593425,0.00421875,0.0161445496252752,0.054140625,0.2071883868576987,0.2816923114829739,0,,,1.4026283732119725e-08,Information
562598,10235.0,3609.326229,AUS,Australia,Northern Territory,2.665547629,0.0,0.81,0.26,,,,,,,,,,,,,,,,,,,,,,,,,,1.3680208879367697,53.310952580000006,0.0,,,,,,,,,,,,,,,,,3.515625,0.0974039135597645,8.859375,0.2454578621706065,0.052734375,0.1461058703396467,0.310078125,0.8591025175971228,1.3680208879367697,31,,,0.0002076663656652,Information
562601,10237.0,8283.464989,AUS,Australia,Northern Territory,2.272772908,2.051235803,0.81,0.26,,,,,,,,,,,,,,,,,,,,,,,,,,2.841628812270846,45.45545816,41.02471606,,,,,,,,,,,,,,,,,12.65625,0.1527893220692257,31.359375,0.3785779869048593,0.18984375,0.2291839831038385,1.097578125,1.3250229541670075,2.841628812270846,1057,,,0.0015651692483761,Information
562607,10243.0,10400.36069,AUS,Australia,Northern Territory,3.044084717,0.0,0.81,0.26,,,,,,,,,,,,,,,,,,,,,,,,,,0.6426994104024155,60.88169434,0.0,,,,,,,,,,,,,,,,,0.84375,0.0081126994095042,9.0,0.0865354603680455,0.01265625,0.0121690491142563,0.315,0.3028741112881593,0.6426994104024155,1478,,,1.989732510518148e-05,Information
562608,10244.0,6328.379849,AUS,Australia,Northern Territory,1.605405698,0.0,0.81,0.26,,,,,,,,,,,,,,,,,,,,,,,,,,0.6422237434989578,32.10811396,0.0,,,,,,,,,,,,,,,,,0.84375,0.0133327963897951,6.75,0.1066623711183615,0.01265625,0.0199991945846926,0.23625,0.3733182989142652,0.6422237434989578,9,,,1.5754104979330922e-06,Information
562609,10245.0,9685.46222,AUS,Australia,Northern Territory,1.704091991,0.0,0.81,0.26,,,,,,,,,,,,,,,,,,,,,,,,,,0.7116839107950763,34.08183982,0.0,,,,,,,,,,,,,,,,,0.703125,0.0072595915822304,9.703125,0.1001823638347802,0.010546875,0.0108893873733456,0.339609375,0.3506382734217307,0.7116839107950763,31,,,2.9696967706374457e-06,Information
562720,10247.0,15369.13582,AUS,Australia,Northern Territory,1.150363266,0.0,0.81,0.26,,,,,,,,,,,,,,,,,,,,,,,,,,1.1223162184991844,23.00726532,0.0,,,,,,,,,,,,,,,,,4.640625,0.0301944432998409,17.4375,0.113457908156978,0.069609375,0.0452916649497613,0.6103125,0.397102678549423,1.1223162184991844,33,,,1.1772323570666006e-05,Information
562752,10252.0,3751.802255,AUS,Australia,Northern Territory,2.341256478,0.0,0.81,0.26,,,,,,,,,,,,,,,,,,,,,,,,,,0.2242185145832729,46.82512956,0.0,,,,,,,,,,,,,,,,,0.140625,0.0037481986111097,1.6875,0.0449783833333167,0.002109375,0.0056222979166645,0.0590625,0.1574243416666084,0.2242185145832729,8,,,2.2664844004922573e-08,Information
562754,10254.0,5446.420484,AUS,Australia,Northern Territory,1.161364204,0.0,0.81,0.26,,,,,,,,,,,,,,,,,,,,,,,,,,0.3110812416786849,23.22728408,0.0,,,,,,,,,,,,,,,,,0.421875,0.0077459131414878,2.953125,0.0542213919904152,0.006328125,0.0116188697122317,0.103359375,0.1897748719664532,0.3110812416786849,276,,,1.809002377534257e-08,Information
562844,10287.0,7642.234281,AUS,Australia,Queensland,1.83209682,0.0,0.81,0.26,,,,,,,,,,,,,,,,,,,,,,,,,,0.1525786018979792,36.6419364,0.0,,,,,,,,,,,,,,,,,0.140625,0.0018401032318719,1.828125,0.0239213420143347,0.002109375,0.0027601548478078,0.063984375,0.0837246970501714,0.1525786018979792,105,,,8.255114363896705e-10,Information
562946,10314.0,3890.32249,AUS,Australia,Queensland,2.542759524,0.0,0.81,0.26,,,,,,,,,,,,,,,,,,,,,,,,,,0.3364062556672877,50.855190480000005,0.0,,,,,,,,,,,,,,,,,0.703125,0.0180736944527826,2.390625,0.0614505611394611,0.010546875,0.0271105416791739,0.083671875,0.2150769639881138,0.3364062556672877,436,,,3.110822418608264e-07,Information
562949,10317.0,5189.676057,AUS,Australia,Queensland,1.635666928,0.0,0.81,0.26,,,,,,,,,,,,,,,,,,,,,,,,,,1.0042934356006787,32.71333856,0.0,,,,,,,,,,,,,,,,,1.546875,0.0298067737360961,9.140625,0.1761309357132956,0.023203125,0.0447101606041441,0.319921875,0.6164582749965346,1.0042934356006787,123,,,1.3072718379793433e-05,Information
562996,10335.0,9328.613878,AUS,Australia,Queensland,1.697214411,2.564253692,0.81,0.26,,,,,,,,,,,,,,,,,,,,,,,,,,0.3292490812998679,33.944288220000004,51.28507384,,,,,,,,,,,,,,,,,2.390625,0.0256267976291837,3.515625,0.0376864671017407,0.035859375,0.0384401964437755,0.123046875,0.1319026348560924,0.3292490812998679,21,,,2.912567351892388e-07,Information
563220,10341.0,9452.333774,AUS,Australia,Queensland,0.352075971,0.0,0.81,0.26,,,,,,,,,,,,,,,,,,,,,,,,,,0.9738235392749264,7.04151942,0.0,,,,,,,,,,,,,,,,,0.703125,0.0074386391422723,13.21875,0.1398464158747194,0.010546875,0.0111579587134084,0.46265625,0.4894624555615179,0.9738235392749264,2635,,,2.573829890644424e-06,Information
563242,10344.0,20429.56924,AUS,Australia,Queensland,2.046398732,0.0,0.81,0.26,,,,,,,,,,,,,,,,,,,,,,,,,,0.98969401341139,40.92797464,0.0,,,,,,,,,,,,,,,,,2.953125,0.0144551505960617,17.71875,0.0867309035763707,0.044296875,0.0216827258940925,0.62015625,0.3035581625172974,0.98969401341139,639,,,2.165092713828834e-05,Information
563246,10348.0,8137.550522,AUS,Australia,Queensland,1.514021675,0.0,0.81,0.26,,,,,,,,,,,,,,,,,,,,,,,,,,0.4137341828464658,30.2804335,0.0,,,,,,,,,,,,,,,,,0.5625,0.0069123994801959,5.0625,0.0622115953217634,0.0084375,0.0103685992202938,0.1771875,0.2177405836261719,0.4137341828464658,160,,,1.471879233171297e-07,Information
563247,10349.0,16065.96872,AUS,Australia,Queensland,2.276243976,0.0,0.81,0.26,,,,,,,,,,,,,,,,,,,,,,,,,,0.5087850611672691,45.52487952,0.0,,,,,,,,,,,,,,,,,2.53125,0.0157553524709006,7.875,0.0490166521316909,0.03796875,0.0236330287063509,0.275625,0.1715582824609181,0.5087850611672691,206,,,1.4807380707451775e-06,Information
563260,10353.0,3448.15043,AUS,Australia,Queensland,0.161463451,0.0,0.81,0.26,,,,,,,,,,,,,,,,,,,,,,,,,,1.3162856034893924,3.2292690200000003,0.0,,,,,,,,,,,,,,,,,1.828125,0.0530175535223421,8.859375,0.2569312209159655,0.027421875,0.0795263302835131,0.310078125,0.8992592732058792,1.3162856034893924,18,,,8.635565382136099e-06,Information
563270,10354.0,11815.68791,AUS,Australia,Queensland,1.74903267,0.0,0.81,0.26,,,,,,,,,,,,,,,,,,,,,,,,,,0.5062989742396307,34.9806534,0.0,,,,,,,,,,,,,,,,,0.5625,0.0047606199844026,7.59375,0.0642683697894362,0.0084375,0.0071409299766039,0.26578125,0.2249392942630267,0.5062989742396307,517,,,6.009843105821463e-07,Information
563290,10356.0,10670.10548,AUS,Australia,Queensland,0.536595481,0.0,0.81,0.26,,,,,,,,,,,,,,,,,,,,,,,,,,0.6933049520878346,10.73190962,0.0,,,,,,,,,,,,,,,,,3.515625,0.0329483621893747,8.71875,0.0817119382296493,0.052734375,0.049422543284062,0.30515625,0.2859917838037725,0.6933049520878346,275,,,5.930983643401767e-07,Information
563422,10360.0,7654.490524,AUS,Australia,Queensland,0.75663082,0.0,0.81,0.26,,,,,,,,,,,,,,,,,,,,,,,,,,0.1637920479031642,15.1326164,0.0,,,,,,,,,,,,,,,,,0.140625,0.0018371568891715,1.96875,0.025720196448402,0.002109375,0.0027557353337572,0.06890625,0.090020687569407,0.1637920479031642,11755,,,2.049013764824704e-10,Information
563423,10361.0,3073.947144,AUS,Australia,Queensland,1.305651266,0.0,0.81,0.26,,,,,,,,,,,,,,,,,,,,,,,,,,1.0705966883318654,26.11302532,0.0,,,,,,,,,,,,,,,,,1.6875,0.0548968450278345,6.46875,0.2104379059400325,0.0253125,0.0823452675417517,0.22640625,0.7365326707901138,1.0705966883318654,1224,,,1.146219493132968e-05,Information
563424,10362.0,8762.023704,AUS,Australia,Queensland,3.476922152,0.0,0.81,0.26,,,,,,,,,,,,,,,,,,,,,,,,,,0.2408949961834827,69.53844304,0.0,,,,,,,,,,,,,,,,,0.28125,0.003209874904587,3.09375,0.0353086239504578,0.00421875,0.0048148123568805,0.10828125,0.1235801838266023,0.2408949961834827,1287,,,6.496544331204536e-07,Information
563425,10363.0,8012.324573,AUS,Australia,Queensland,2.363853682,0.0,0.81,0.26,,,,,,,,,,,,,,,,,,,,,,,,,,0.8725349817248658,47.27707364,0.0,,,,,,,,,,,,,,,,,2.25,0.0280817380710067,10.125,0.1263678213195302,0.03375,0.04212260710651,0.354375,0.4422873746183557,0.8725349817248658,3055,,,2.053263871572426e-05,Information
563429,10367.0,11066.29405,AUS,Australia,Queensland,0.533058463,0.0,0.81,0.26,,,,,,,,,,,,,,,,,,,,,,,,,,0.1191265275098579,10.66116926,0.0,,,,,,,,,,,,,,,,,0.5625,0.0050830024727962,1.546875,0.0139782568001896,0.0084375,0.0076245037091943,0.054140625,0.0489238988006636,0.1191265275098579,1094,,,1.795929680483581e-11,Information
563440,10369.0,22705.08971,AUS,Australia,Queensland,1.507761688,0.0,0.81,0.26,,,,,,,,,,,,,,,,,,,,,,,,,,2.909780896728484,30.15523376,0.0,,,,,,,,,,,,,,,,,11.953125,0.0526451344218038,52.59375,0.2316385914559367,0.179296875,0.0789677016327057,1.84078125,0.8107350700957785,2.909780896728484,14846,,,0.0007409691687618,Information
563450,10370.0,7584.239146,AUS,Australia,Queensland,0.475299879,0.0,0.81,0.26,,,,,,,,,,,,,,,,,,,,,,,,,,1.519357643318901,9.50599758,0.0,,,,,,,,,,,,,,,,,3.65625,0.0482085273096382,17.15625,0.2262092435298411,0.05484375,0.0723127909644573,0.60046875,0.7917323523544438,1.519357643318901,7949,,,2.1849738702783405e-05,Information
563470,10372.0,2428.788827,AUS,Australia,Queensland,1.252645174,0.0,0.81,0.26,,,,,,,,,,,,,,,,,,,,,,,,,,4.364478851671665,25.05290348,0.0,,,,,,,,,,,,,,,,,2.390625,0.0984286889586451,23.34375,0.9611271980667706,0.035859375,0.1476430334379676,0.81703125,3.363945193233697,4.364478851671665,1327,,,0.0022325653119266,Information
563918,10401.0,1448.056797,AUS,Australia,New South Wales,1.678810725,0.0,0.81,0.26,,,,,,,,,,,,,,,,,,,,,,,,,,1.261840829821896,33.5762145,0.0,,,,,,,,,,,,,,,,,2.109375,0.1456693552628056,3.65625,0.2524935491221964,0.031640625,0.2185040328942084,0.12796875,0.8837274219276874,1.261840829821896,3321,,,3.693197359163027e-05,Information
563919,10402.0,467.2097162,AUS,Australia,New South Wales,0.205670395,0.0,0.81,0.26,,,,,,,,,,,,,,,,,,,,,,,,,,7.67150479345395,4.1134079,0.0,,,,,,,,,,,,,,,,,2.8125,0.6019780631173677,8.578125,1.836033092507971,0.0421875,0.9029670946760516,0.300234375,6.426115823777899,7.67150479345395,44764,,,0.005774168055238,Information
563971,10408.0,9968.965424,AUS,Australia,Victoria,2.101766328,0.0,0.81,0.26,,,,,,,,,,,,,,,,,,,,,,,,,,0.6408397048703844,42.03532656,0.0,,,,,,,,,,,,,,,,,5.90625,0.0592463685914556,6.609375,0.066299507709486,0.08859375,0.0888695528871834,0.231328125,0.232048276983201,0.6408397048703844,35929,,,3.3216228640471217e-06,Information
563972,10409.0,10879.16386,AUS,Australia,Victoria,0.53127434,0.0,0.81,0.26,,,,,,,,,,,,,,,,,,,,,,,,,,3.19409906918083,10.6254868,0.0,,,,,,,,,,,,,,,,,17.4375,0.1602834576074549,40.078125,0.3683934307913279,0.2615625,0.2404251864111823,1.402734375,1.2893770077696476,3.19409906918083,133319,,,0.0004318491940618,Information
564210,10441.0,5104.518968,AUS,Australia,New South Wales,1.400301849,0.0,0.81,0.26,,,,,,,,,,,,,,,,,,,,,,,,,,7.294516794044577,28.00603698,0.0,,,,,,,,,,,,,,,,,0.28125,0.0055098237809978,70.3125,1.3774559452494517,0.00421875,0.0082647356714967,2.4609375,4.821095808373081,7.294516794044577,52802,,,0.0110263392601876,Information
564242,10454.0,35236.97565,AUS,Australia,New South Wales,3.306743008,0.0,0.81,0.26,,,,,,,,,,,,,,,,,,,,,,,,,,10.235338990644948,66.13486016,0.0,,,,,,,,,,,,,,,,,22.921875,0.0650506309815903,217.96875,0.618579619763589,0.343828125,0.0975759464723854,7.62890625,2.1650286691725613,10.235338990644948,26861,,,0.1157429839619,Information
564245,10457.0,8055.350076,AUS,Australia,Victoria,3.035442298,0.0,0.81,0.26,,,,,,,,,,,,,,,,,,,,,,,,,,7.911480304282364,60.70884596,0.0,,,,,,,,,,,,,,,,,0.703125,0.0087286709248652,100.546875,1.248199942255733,0.010546875,0.0130930063872977,3.519140625,4.368699797895066,7.911480304282364,83355,,,0.0545021638848621,Information
564246,10458.0,17099.99532,AUS,Australia,Victoria,3.404000609,0.0,0.81,0.26,,,,,,,,,,,,,,,,,,,,,,,,,,8.418606936088981,68.08001218,0.0,,,,,,,,,,,,,,,,,11.25,0.0657894916974503,146.953125,0.8593752352979446,0.16875,0.0986842375461754,5.143359375,3.007813323542806,8.418606936088981,118413,,,0.0913006885566002,Information
564247,10459.0,6615.868445,AUS,Australia,Victoria,2.36882869,0.0,0.81,0.26,,,,,,,,,,,,,,,,,,,,,,,,,,5.687998181484476,47.3765738,0.0,,,,,,,,,,,,,,,,,5.625,0.0850228514494747,62.296875,0.9416280798029324,0.084375,0.127534277174212,2.180390625,3.295698279310264,5.687998181484476,42429,,,0.0130472325319835,Information
564249,10461.0,19410.49925,AUS,Australia,Victoria,2.080827979,0.0,0.81,0.26,,,,,,,,,,,,,,,,,,,,,,,,,,6.851359250671856,41.61655958,0.0,,,,,,,,,,,,,,,,,44.859375,0.2311088159973012,109.96875,0.5665426147645442,0.672890625,0.3466632239959518,3.84890625,1.9828991516759045,6.851359250671856,119367,,,0.0160732090264312,Information
564262,10465.0,12725.75384,AUS,Australia,New South Wales,0.770105092,0.0,0.81,0.26,,,,,,,,,,,,,,,,,,,,,,,,,,12.612967042055727,15.40210184,0.0,,,,,,,,,,,,,,,,,2.953125,0.0232058944267138,200.53125,1.575790735833045,0.044296875,0.0348088416400707,7.01859375,5.515267575415657,12.612967042055727,37386,,,0.0285082696426234,Information
564280,10474.0,3750.042979,AUS,Australia,New South Wales,3.404208082,0.0,0.81,0.26,,,,,,,,,,,,,,,,,,,,,,,,,,2.356386608922646,68.08416163999999,0.0,,,,,,,,,,,,,,,,,3.796875,0.1012488395862395,16.734375,0.4462448855837964,0.056953125,0.1518732593793592,0.585703125,1.5618570995432872,2.356386608922646,9517,,,0.0045806836286803,Information
564407,10492.0,2251.226933,AUS,Australia,Queensland,3.491537783,0.0,0.81,0.26,,,,,,,,,,,,,,,,,,,,,,,,,,0.6887559340339495,69.83075566,0.0,,,,,,,,,,,,,,,,,1.546875,0.0687125308263716,2.953125,0.1311784679412549,0.023203125,0.1030687962395574,0.103359375,0.4591246377943921,0.6887559340339495,3587,,,7.851145427806804e-05,Information
564621,10497.0,9195.358299,AUS,Australia,New South Wales,2.360967253,0.0,0.81,0.26,,,,,,,,,,,,,,,,,,,,,,,,,,0.4740920021101504,47.21934506,0.0,,,,,,,,,,,,,,,,,0.703125,0.0076465209631625,6.1875,0.0672893844758305,0.010546875,0.0114697814447437,0.2165625,0.2355128456654067,0.4740920021101504,292,,,1.223488700582164e-06,Information
564649,10515.0,8695.222651,AUS,Australia,New South Wales,1.0784162,0.0,0.81,0.26,,,,,,,,,,,,,,,,,,,,,,,,,,0.2524637016578606,21.568324,0.0,,,,,,,,,,,,,,,,,1.265625,0.0145554064661167,2.8125,0.0323453477024816,0.018984375,0.021833109699175,0.0984375,0.1132087169586855,0.2524637016578606,72652,,,4.769861099487203e-09,Information
564661,10517.0,74.64308664,AUS,Australia,New South Wales,3.611922653,0.0,0.81,0.26,,,,,,,,,,,,,,,,,,,,,,,,,,50.719296875,72.23845306,0.0,3.0,,,,,,,,,,,,,,,,14.484375,19.4048446452249,14.34375,19.21644809527126,0.217265625,15.0,0.50203125,35.0,50.719296875,1672,0.0,0.0,0.7266307510206376,Watch
564663,10519.0,13590.66314,AUS,Australia,New South Wales,2.755422061,0.0,0.81,0.26,,,,,,,,,,,,,,,,,,,,,,,,,,3.782279484362149,55.10844122,0.0,,,,,,,,,,,,,,,,,16.3125,0.1200272556863565,55.265625,0.4066440645236043,0.2446875,0.1800408835295347,1.934296875,1.423254225832615,3.782279484362149,12702,,,0.0066819264851799,Information
564664,10520.0,4332.691835,AUS,Australia,New South Wales,1.830633295,0.0,0.81,0.26,,,,,,,,,,,,,,,,,,,,,,,,,,2.0956912171836963,36.6126659,0.0,,,,,,,,,,,,,,,,,6.46875,0.1493009483694784,15.328125,0.353778334179851,0.09703125,0.2239514225542176,0.536484375,1.2382241696294785,2.0956912171836963,2057,,,0.0003255528289893,Information
564665,10521.0,776.3048717,AUS,Australia,New South Wales,1.501048477,0.0,0.81,0.26,,,,,,,,,,,,,,,,,,,,,,,,,,0.9174828421760376,30.020969540000003,0.0,,,,,,,,,,,,,,,,,0.140625,0.0181146615356603,1.828125,0.2354905999635849,0.002109375,0.0271719923034904,0.063984375,0.8242170998725471,0.9174828421760376,7356,,,7.310666829913267e-06,Information
564668,10524.0,4694.977668,AUS,Australia,New South Wales,1.5303242,0.0,0.81,0.26,,,,,,,,,,,,,,,,,,,,,,,,,,0.1980662361702935,30.606484,0.0,,,,,,,,,,,,,,,,,1.265625,0.0269569972340587,1.265625,0.0269569972340587,0.018984375,0.040435495851088,0.044296875,0.0943494903192054,0.1980662361702935,50643,,,2.329053619249722e-09,Information
564694,10531.0,11573.98698,AUS,Australia,Queensland,0.85495635,0.0,0.81,0.26,,,,,,,,,,,,,,,,,,,,,,,,,,5.849339778291184,17.099127,0.0,,,,,,,,,,,,,,,,,56.953125,0.4920787030396277,65.25,0.5637642424947835,0.854296875,0.7381180545594416,2.28375,1.9731748487317424,5.849339778291184,1948,,,0.0040089298844095,Information
564699,10536.0,9559.238408,AUS,Australia,New South Wales,0.673847624,0.0,0.81,0.26,,,,,,,,,,,,,,,,,,,,,,,,,,0.4114596195649757,13.47695248,0.0,,,,,,,,,,,,,,,,,0.28125,0.0029421799939157,5.625,0.0588435998783149,0.00421875,0.0044132699908735,0.196875,0.2059525995741021,0.4114596195649757,17763,,,4.4354059436054186e-08,Information
564802,10539.0,8186.107878,AUS,Australia,Queensland,0.528064977,0.0,0.81,0.26,,,,,,,,,,,,,,,,,,,,,,,,,,0.9919015398777046,10.56129954,0.0,,,,,,,,,,,,,,,,,0.5625,0.0068713973527899,12.515625,0.1528885910995771,0.0084375,0.0103070960291848,0.438046875,0.5351100688485197,0.9919015398777046,43,,,3.3708438065650763e-06,Information
564804,10541.0,15337.03667,AUS,Australia,Queensland,1.56518818,0.0,0.81,0.26,,,,,,,,,,,,,,,,,,,,,,,,,,1.8062476586393483,31.3037636,0.0,,,,,,,,,,,,,,,,,1.6875,0.0110027773680671,30.515625,0.1989668907392136,0.0253125,0.0165041660521006,1.068046875,0.6963841175872476,1.8062476586393483,95,,,0.0001371457452979,Information
564902,10548.0,11207.27664,AUS,Australia,Queensland,2.635930494,0.0,0.81,0.26,,,,,,,,,,,,,,,,,,,,,,,,,,0.1436948173789969,52.71860988,0.0,,,,,,,,,,,,,,,,,0.140625,0.001254765136648,2.109375,0.0188214770497214,0.002109375,0.0018821477049719,0.073828125,0.0658751696740249,0.1436948173789969,391,,,3.392115774043669e-09,Information
564904,10550.0,19231.14538,AUS,Australia,Queensland,3.072674638,0.0,0.81,0.26,,,,,,,,,,,,,,,,,,,,,,,,,,0.150692741646537,61.45349276,0.0,,,,,,,,,,,,,,,,,0.703125,0.00365617848557,2.53125,0.013162242548052,0.010546875,0.005484267728355,0.08859375,0.046067848918182,0.150692741646537,1633,,,1.4750060857039891e-08,Information
564907,10553.0,5269.752203,AUS,Australia,Queensland,2.074949457,0.0,0.81,0.26,,,,,,,,,,,,,,,,,,,,,,,,,,1.1796492579477995,41.498989140000006,0.0,,,,,,,,,,,,,,,,,5.484375,0.1040727303452994,9.28125,0.1761230821228144,0.082265625,0.1561090955179491,0.32484375,0.6164307874298505,1.1796492579477995,1646,,,4.7341760538266594e-05,Information
564908,10554.0,6630.192162,AUS,Australia,Queensland,0.490338898,0.0,0.81,0.26,,,,,,,,,,,,,,,,,,,,,,,,,,1.3244745833674838,9.80677796,0.0,,,,,,,,,,,,,,,,,1.40625,0.0212097924997998,14.484375,0.2184608627479383,0.02109375,0.0318146887496997,0.506953125,0.764613019617784,1.3244745833674838,2442,,,1.21643687107327e-05,Information
565025,10568.0,5084.607133,AUS,Australia,South Australia,0.197371678,0.0,0.81,0.26,,,,,,,,,,,,,,,,,,,,,,,,,,0.6320504861438657,3.94743356,0.0,,,,,,,,,,,,,,,,,3.375,0.066376809686157,4.640625,0.0912681133184658,0.050625,0.0995652145292355,0.162421875,0.3194383966146302,0.6320504861438657,4713,,,2.534512242554125e-07,Information
566769,10700.0,5151.731626,AUS,Australia,Western Australia,0.75501979,0.0,0.81,0.26,,,,,,,,,,,,,,,,,,,,,,,,,,0.1137376544467192,15.1003958,0.0,,,,,,,,,,,,,,,,,0.28125,0.0054593294143068,0.984375,0.019107652950074,0.00421875,0.0081889941214602,0.034453125,0.066876785325259,0.1137376544467192,10,,,1.853616604409957e-11,Information
567016,10735.0,9625.359983,AUS,Australia,Northern Territory,0.801928784,0.0,0.81,0.26,,,,,,,,,,,,,,,,,,,,,,,,,,0.4644919596918477,16.03857568,0.0,,,,,,,,,,,,,,,,,0.421875,0.0043829529572564,6.328125,0.0657442943588466,0.006328125,0.0065744294358846,0.221484375,0.2301050302559631,0.4644919596918477,111,,,1.0117347420562977e-07,Information
567170,10763.0,2424.437351,AUS,Australia,Western Australia,2.670528647,0.0,0.81,0.26,,,,,,,,,,,,,,,,,,,,,,,,,,0.5152693876592701,53.41057294,0.0,,,,,,,,,,,,,,,,,0.140625,0.0058003148623674,2.8125,0.1160062972473483,0.002109375,0.008700472293551,0.0984375,0.406022040365719,0.5152693876592701,0,,,3.327424533516131e-06,Information
567339,10794.0,3499.010085,AUS,Australia,Western Australia,1.633516795,0.0,0.81,0.26,,,,,,,,,,,,,,,,,,,,,,,,,,0.2142971319452081,32.6703359,0.0,,,,,,,,,,,,,,,,,0.421875,0.0120569815401424,1.40625,0.0401899384671413,0.006328125,0.0180854723102136,0.04921875,0.1406647846349945,0.2142971319452081,0,,,4.462365818444838e-09,Information
567590,10825.0,13770.23588,AUS,Australia,Western Australia,3.699243662,0.0,0.81,0.26,,,,,,,,,,,,,,,,,,,,,,,,,,0.4405865920585775,73.98487324,0.0,,,,,,,,,,,,,,,,,2.25,0.0163395893825743,6.328125,0.0459550951384903,0.03375,0.0245093840738614,0.221484375,0.160842832984716,0.4405865920585775,0,,,2.2680522822431964e-05,Information
568299,10914.0,27562.77326,AUS,Australia,Queensland,1.83135762,0.0,0.81,0.26,,,,,,,,,,,,,,,,,,,,,,,,,,0.6448850963715003,36.6271524,0.0,,,,,,,,,,,,,,,,,3.65625,0.0132651746081991,11.953125,0.0433669169883433,0.05484375,0.0198977619122986,0.418359375,0.1517842094592015,0.6448850963715003,288,,,2.2405802781138705e-06,Information
568620,10947.0,12790.21486,AUS,Australia,Queensland,0.588346272,0.0,0.81,0.26,,,,,,,,,,,,,,,,,,,,,,,,,,0.6915796363619413,11.76692544,0.0,,,,,,,,,,,,,,,,,0.28125,0.0021989466403039,10.96875,0.085758918971853,0.00421875,0.0032984199604558,0.38390625,0.3001562164014855,0.6915796363619413,51,,,6.211816732041736e-07,Information
568690,10963.0,6640.345481,AUS,Australia,Queensland,0.700867704,0.0,0.81,0.26,,,,,,,,,,,,,,,,,,,,,,,,,,0.2308210960483234,14.01735408,0.0,,,,,,,,,,,,,,,,,0.5625,0.0084709447968441,2.390625,0.0360015153865878,0.0084375,0.0127064171952661,0.083671875,0.1260053038530573,0.2308210960483234,45,,,1.6071864657370866e-09,Information
568770,10979.0,7424.068435,AUS,Australia,Queensland,2.201158127,0.0,0.81,0.26,,,,,,,,,,,,,,,,,,,,,,,,,,0.4158538074923911,44.02316254,0.0,,,,,,,,,,,,,,,,,0.984375,0.0132592393051328,4.640625,0.0625078424384834,0.014765625,0.0198888589576992,0.162421875,0.2187774485346919,0.4158538074923911,0,,,4.734617094258986e-07,Information
569003,11011.0,2171.522185,AUS,Australia,Tasmania,0.339601371,1.577577433,0.81,0.26,,,,,,,,,,,,,,,,,,,,,,,,,,10.262523016068188,6.79202742,31.55154866,,,,,,,,,,,,,,,,,13.78125,0.6346354689513688,46.40625,2.137037803611752,0.20671875,0.9519532034270533,1.62421875,7.479632312641132,10.262523016068188,754,,,0.0288755699203079,Information
571020,11014.0,5861.17171,NZL,New Zealand,Manawatu-Wanganui,2.009106572,0.0,0.81,0.26,,,,,,,,,,,,,,,,,,,,,,,,,,0.8981013732291321,40.18213144,0.0,,,,,,,,,,,,,,,,,1.125,0.0191941143467502,9.0,0.1535529147740019,0.016875,0.0287911715201253,0.315,0.5374352017090067,0.8981013732291321,127856,,,1.3418036584940853e-05,Information
571030,11015.0,129.9490694,NZL,New Zealand,Manawatu-Wanganui,0.342693366,0.0,0.81,0.26,,,,,,,,,,,,,,,,,,,,,,,,,,17.265421357556587,6.85386732,0.0,,,,,,,,,,,,,,,,,0.984375,0.7575083103358484,5.90625,4.54504986201509,0.014765625,1.1362624655037727,0.20671875,15.907674517052817,17.265421357556587,2166,,,0.0459495575240546,Information
571040,11016.0,3928.36888,NZL,New Zealand,Manawatu-Wanganui,1.049548745,0.855511429,0.81,0.26,,,,,,,,,,,,,,,,,,,,,,,,,,3.208478141053684,20.9909749,17.11022858,,,,,,,,,,,,,,,,,0.28125,0.0071594600343548,25.734375,0.655090593143472,0.00421875,0.0107391900515322,0.900703125,2.292817076002152,3.208478141053684,13601,,,0.0006782148688016,Information
571050,11017.0,3225.470318,NZL,New Zealand,Manawatu-Wanganui,0.612911908,0.0,0.81,0.26,,,,,,,,,,,,,,,,,,,,,,,,,,3.344325993952122,12.25823816,0.0,,,,,,,,,,,,,,,,,2.53125,0.0784769273985141,22.21875,0.6888530293869574,0.03796875,0.1177153910977711,0.77765625,2.4109856028543506,3.344325993952122,5381,,,0.0005432135218682,Information
571094,11023.0,3083.364527,NZL,New Zealand,Bay of Plenty,3.065695604,0.0,0.81,0.26,,,,,,,,,,,,,,,,,,,,,,,,,,4.33205265029713,61.31391208,0.0,,,,,,,,,,,,,,,,,10.96875,0.355739644246799,24.46875,0.7935730525505518,0.16453125,0.5336094663701985,0.85640625,2.777505683926931,4.33205265029713,7675,,,0.014282489530943,Information
572057,11039.0,5315.698645,NZL,New Zealand,Canterbury,2.851655134,0.741767529,0.81,0.26,,,,,,,,,,,,,,,,,,,,,,,,,,5.897272629153736,57.03310268,14.83535058,,,,,,,,,,,,,,,,,1.265625,0.0238091939452996,57.9375,1.0899319894959392,0.018984375,0.0357137909179494,2.0278125,3.814761963235787,5.897272629153736,17679,,,0.0235199926248725,Information
572058,11040.0,3595.889653,NZL,New Zealand,Canterbury,2.762797178,1.082766536,0.81,0.26,,,,,,,,,,,,,,,,,,,,,,,,,,11.537814288017364,55.25594356,21.65533072,,,,,,,,,,,,,,,,,0.984375,0.0273750057677979,86.765625,2.412911222675905,0.014765625,0.0410625086516968,3.036796875,8.445189279365668,11.537814288017364,49428,,,0.0876564149152452,Information
572059,11041.0,18219.37488,NZL,New Zealand,Canterbury,3.743808691,0.868429442,0.81,0.26,,,,,,,,,,,,,,,,,,,,,,,,,,28.84448780494525,74.87617381999999,17.36858884,,,,,,,,,,,,,,,,,17.296875,0.0949367094886555,524.671875,2.879746854489218,0.259453125,0.1424050642329832,18.363515625,10.079113990712262,28.84448780494525,464025,,,0.55492020200644,Advisory
572090,11044.0,253.3669605,NZL,New Zealand,Otago,0.529281303,1.248833388,0.81,0.26,,,,,,,,,,,,,,,,,,,,,,,,,,7.426592017822321,10.58562606,24.97666776,,,,,,,,,,,,,,,,,0.421875,0.1665075032832717,5.0625,1.9980900393992609,0.006328125,0.2497612549249075,0.1771875,6.993315137897413,7.426592017822321,575,,,0.0103686868599925,Information
574000,16248.0,980.2990219,NZL,New Zealand,Southern Islands,0.0,2.296261685,0.81,0.26,,,,,,,,,,,,,,,,,,,,,,,,,,2.7013587119925786,0.0,45.92523370000001,,,,,,,,,,,,,,,,,4.921875,0.502078946325016,4.78125,0.4877338335728727,0.073828125,0.753118419487524,0.16734375,1.7070684175050546,2.7013587119925786,0,,,0.0013649861925352,Information
611005,11050.0,6546.822651,COL,Colombia,Antioquia,2.678082397,0.0,0.58,0.58,,,,,,,,,,,,,,,,,,,,,,,,,,1.6473895612668383,53.56164794,0.0,,,,,,,,,,,,,,,,,4.078125,0.0622916675334159,16.875,0.2577586242762041,0.061171875,0.0934375013001238,0.590625,0.9021551849667144,1.6473895612668383,440872,,,0.0004205031408252,Information
611006,11051.0,14096.70916,COL,Colombia,Córdoba,2.080693534,0.0,0.58,0.58,,,,,,,,,,,,,,,,,,,,,,,,,,15.091202375417344,41.61387068,0.0,,,,,,,,,,,,,,,,,48.796875,0.3461579184086999,231.328125,1.641007999372655,0.731953125,0.5192368776130498,8.096484375,5.743527997804293,15.091202375417344,1645607,,,0.0880331823712438,Information
612060,11068.0,22261.44757,COL,Colombia,Cesar,1.074530237,0.0,0.58,0.58,,,,,,,,,,,,,,,,,,,,,,,,,,9.788261674454072,21.49060474,0.0,,,,,,,,,,,,,,,,,65.390625,0.2937393212307191,164.953125,0.7409811264594269,0.980859375,0.4406089818460786,5.773359375,2.5934339426079944,9.788261674454072,1126999,,,0.0186696627969152,Information
612094,11074.0,5700.916814,COL,Colombia,Antioquia,0.141321771,0.0,0.58,0.58,,,,,,,,,,,,,,,,,,,,,,,,,,1.642134406747421,2.82643542,0.0,,,,,,,,,,,,,,,,,8.578125,0.1504692188952657,13.359375,0.2343373081155778,0.128671875,0.2257038283428985,0.467578125,0.8201805784045223,1.642134406747421,666961,,,2.2469286591367748e-05,Information
612096,11076.0,5918.385,COL,Colombia,Cundinamarca,0.616776992,0.0,0.58,0.58,,,,,,,,,,,,,,,,,,,,,,,,,,0.6203005618139876,12.33553984,0.0,,,,,,,,,,,,,,,,,3.234375,0.0546496214739129,5.203125,0.0879146084580338,0.048515625,0.0819744322108693,0.182109375,0.3077011296031183,0.6203005618139876,13138811,,,3.6903707165758317e-07,Information
612097,11077.0,4217.443759,COL,Colombia,Tolima,1.840103264,0.0,0.58,0.58,,,,,,,,,,,,,,,,,,,,,,,,,,0.213327708511411,36.80206528,0.0,,,,,,,,,,,,,,,,,1.265625,0.0300092917022822,1.265625,0.0300092917022822,0.018984375,0.0450139375534233,0.044296875,0.1050325209579877,0.213327708511411,563767,,,6.307578851488017e-09,Information
612098,11078.0,10067.23796,COL,Colombia,Tolima,2.22830471,0.0,0.58,0.58,,,,,,,,,,,,,,,,,,,,,,,,,,0.4288754954203033,44.5660942,0.0,,,,,,,,,,,,,,,,,2.53125,0.0251434406376827,5.0625,0.0502868812753655,0.03796875,0.037715160956524,0.1771875,0.1760040844637792,0.4288754954203033,246578,,,5.816742426516964e-07,Information
613018,11087.0,6981.619593,VEN,Venezuela,Zulia,2.57643478,0.0,0.54,0.64,,,,,,,,,,,,,,,,,,,,,,,,,,7.386499454092238,51.5286956,0.0,,,,,,,,,,,,,,,,,39.375,0.5639808854576647,69.890625,1.0010660716873547,0.590625,0.845971328186497,2.446171875,3.5037312509057417,7.386499454092238,15390,,,0.0299643352394972,Information
613019,16250.0,331.624328,VEN,Venezuela,Zulia,2.887649981,4.040989952,0.54,0.64,,,,,,,,,,,,,,,,,,,,,,,,,,14.348155112678151,57.75299962,80.81979904,,,,,,,,,,,,,,,,,1.828125,0.5512638384421863,12.375,3.731632137147107,0.027421875,0.8268957576632794,0.433125,13.060712480014876,14.348155112678151,0,,,0.3858097486672885,Advisory
613020,11088.0,27615.32226,COL,Colombia,Norte de Santander,1.294965613,0.0,0.58,0.58,,,,,,,,,,,,,,,,,,,,,,,,,,9.072662349298934,25.89931226,0.0,,,,,,,,,,,,,,,,,40.78125,0.1476761691220713,172.828125,0.6258414201759506,0.61171875,0.2215142536831069,6.048984375,2.190444970615827,9.072662349298934,2031433,,,0.0178574257489096,Information
613032,11090.0,4899.535295,VEN,Venezuela,Techira,4.029704888,0.0,0.54,0.64,,,,,,,,,,,,,,,,,,,,,,,,,,3.455347489086396,80.59409776000001,0.0,,,,,,,,,,,,,,,,,3.234375,0.0660139136744889,31.078125,0.6343076053070463,0.048515625,0.0990208705117333,1.087734375,2.2200766185746623,3.455347489086396,249575,,,0.0422048183358271,Information
613033,11091.0,9897.076988,VEN,Venezuela,Mérida,1.071806492,0.405167028,0.54,0.64,,,,,,,,,,,,,,,,,,,,,,,,,,2.955758208735095,21.436129840000003,8.10334056,,,,,,,,,,,,,,,,,5.484375,0.0554140884894009,39.65625,0.4006864860002839,0.082265625,0.0831211327341013,1.38796875,1.4024027010009936,2.955758208735095,1009784,,,0.0005187471787674,Information
613034,11092.0,4987.674628,VEN,Venezuela,Trujillo,3.19605677,0.01142352,0.54,0.64,,,,,,,,,,,,,,,,,,,,,,,,,,0.3465074126638545,63.9211354,0.2284704,,,,,,,,,,,,,,,,,1.125,0.022555601235498,2.8125,0.056389003088745,0.016875,0.033833401853247,0.0984375,0.1973615108106075,0.3465074126638545,601615,,,1.695789922370722e-06,Information
615341,11124.0,4863.317624,COL,Colombia,Bolívar,2.718945229,0.0,0.58,0.58,,,,,,,,,,,,,,,,,,,,,,,,,,2.477678608969882,54.37890458,0.0,,,,,,,,,,,,,,,,,0.5625,0.0115661785531301,22.921875,0.4713217760400535,0.0084375,0.0173492678296951,0.802265625,1.6496262161401871,2.477678608969882,34195,,,0.0017895970313839,Information
615343,11126.0,4266.93089,COL,Colombia,Bolívar,0.713423611,0.0,0.58,0.58,,,,,,,,,,,,,,,,,,,,,,,,,,0.2045345789742481,14.26847222,0.0,,,,,,,,,,,,,,,,,1.125,0.0263655547538847,1.265625,0.0296612490981203,0.016875,0.039548332130827,0.044296875,0.103814371843421,0.2045345789742481,112,,,7.790265383777161e-10,Information
615345,11128.0,3436.642737,COL,Colombia,Bolívar,4.053534742,0.0,0.58,0.58,,,,,,,,,,,,,,,,,,,,,,,,,,0.8412214726112668,81.07069484,0.0,,,,,,,,,,,,,,,,,2.53125,0.0736547320719137,5.0625,0.1473094641438275,0.03796875,0.1104820981078705,0.1771875,0.5155831245033963,0.8412214726112668,0,,,0.0009240631078992,Information
615349,11132.0,13703.11185,COL,Colombia,Bolívar,3.584221313,0.0,0.58,0.58,,,,,,,,,,,,,,,,,,,,,,,,,,1.964224979327304,71.68442626,0.0,,,,,,,,,,,,,,,,,2.53125,0.0184720815825281,31.359375,0.2288485662724319,0.03796875,0.0277081223737921,1.097578125,0.8009699819535117,1.964224979327304,2721,,,0.0038116464115411,Information
615370,11135.0,1483.532443,COL,Colombia,Bolívar,2.279171743,0.0,0.58,0.58,,,,,,,,,,,,,,,,,,,,,,,,,,8.621169234965322,45.58343486,0.0,,,,,,,,,,,,,,,,,13.21875,0.8910320809176012,26.15625,1.7631060324539771,0.19828125,1.336548121376402,0.91546875,6.17087111358892,8.621169234965322,40041,,,0.032704830653943,Information
615390,11137.0,48.06322691,VEN,Venezuela,Guárico,4.079373406,0.0,0.54,0.64,,,,,,,,,,,,,,,,,,,,,,,,,,43.36346617965254,81.58746812000001,0.0,3.0,,,,,,,,,,,,,,,,3.65625,7.607167131667566,4.359375,9.070083887757484,0.05484375,11.41075069750135,0.152578125,31.7452936071512,43.36346617965254,0,0.0,0.0,0.8041630764469407,Warning
615410,11139.0,3187.675824,VEN,Venezuela,Apure,4.044725054,0.0,0.54,0.64,,,,,,,,,,,,,,,,,,,,,,,,,,47.61554973656434,80.89450108,0.0,3.0,,,,,,,,,,,,,,,,60.1875,1.8881311442054545,303.046875,9.50682854150176,0.9028125,2.832196716308182,10.606640625,33.27389989525616,47.61554973656434,192580,1114.0,0.58,0.8194268977363791,Warning
615430,11141.0,1332.756068,VEN,Venezuela,Barinas,3.433588193,0.0,0.54,0.64,,,,,,,,,,,,,,,,,,,,,,,,,,7.712712136202723,68.67176386,0.0,,,,,,,,,,,,,,,,,1.40625,0.1055144323442282,25.3125,1.8992597821961088,0.02109375,0.1582716485163423,0.8859375,6.6474092376863805,7.712712136202723,68452,,,0.080509907650834,Information
615446,11147.0,8233.407684,VEN,Venezuela,Cojedes,0.582321595,0.0,0.54,0.64,,,,,,,,,,,,,,,,,,,,,,,,,,2.324773088883195,11.6464319,0.0,,,,,,,,,,,,,,,,,0.421875,0.0051239415829197,29.8125,0.3620918718596616,0.006328125,0.0076859123743795,1.0434375,1.2673215515088154,2.324773088883195,398009,,,0.0001375288944693,Information
615448,11149.0,14095.65851,VEN,Venezuela,Cojedes,0.362943097,0.0,0.54,0.64,,,,,,,,,,,,,,,,,,,,,,,,,,0.4891931632945971,7.25886194,0.0,,,,,,,,,,,,,,,,,0.703125,0.0049882380416363,7.875,0.0558682660663265,0.010546875,0.0074823570624544,0.275625,0.1955389312321427,0.4891931632945971,2371557,,,7.822172962384836e-08,Information
615450,11151.0,402.3498305,VEN,Venezuela,Barinas,4.014137732,0.0,0.54,0.64,,,,,,,,,,,,,,,,,,,,,,,,,,20.414555506664275,80.28275464000001,0.0,,,,,,,,,,,,,,,,,0.140625,0.0349509281062587,22.5,5.592148497001396,0.002109375,0.052426392159388,0.7875,19.572519739504887,20.414555506664275,1176,,,0.5138622487294363,Advisory
615460,11152.0,7528.840815,VEN,Venezuela,Portuguesa,2.021255611,0.0,0.54,0.64,,,,,,,,,,,,,,,,,,,,,,,,,,13.215773126374184,40.42511222,0.0,,,,,,,,,,,,,,,,,54.5625,0.7247131575704654,138.796875,1.843535790005282,0.8184375,1.087069736355698,4.857890625,6.452375265018487,13.215773126374184,27801,,,0.0660562972111221,Information
615470,11153.0,27503.47365,VEN,Venezuela,Barinas,2.610890775,0.0,0.54,0.64,,,,,,,,,,,,,,,,,,,,,,,,,,20.117007103882685,52.2178155,0.0,,,,,,,,,,,,,,,,,135.984375,0.4944261832241498,363.234375,1.3206854511561312,2.039765625,0.7416392748362246,12.713203125,4.62239907904646,20.117007103882685,898890,,,0.1934954431446908,Information
615480,11154.0,14076.13935,VEN,Venezuela,Barinas,2.282206954,0.0,0.54,0.64,,,,,,,,,,,,,,,,,,,,,,,,,,7.706520421860171,45.64413908,0.0,,,,,,,,,,,,,,,,,8.015625,0.0569447687409581,125.296875,0.8901366482139241,0.120234375,0.0854171531114371,4.385390625,3.1154782687487343,7.706520421860171,220986,,,0.0253810370797314,Information
615490,11155.0,13649.55055,VEN,Venezuela,Techira,1.154970074,0.0,0.54,0.64,,,,,,,,,,,,,,,,,,,,,,,,,,8.937095582557076,23.09940148,0.0,,,,,,,,,,,,,,,,,9.84375,0.0721177592091045,143.15625,1.0487982696409768,0.14765625,0.1081766388136567,5.01046875,3.6707939437434174,8.937095582557076,906328,,,0.0156867487700972,Information
615501,11156.0,413.8099768,VEN,Venezuela,Apure,3.340903696,0.0,0.54,0.64,,,,,,,,,,,,,,,,,,,,,,,,,,31.549506803085222,66.81807391999999,0.0,,,,,,,,,,,,,,,,,15.328125,3.70414582968176,29.25,7.068461766732166,0.229921875,5.55621874452264,1.02375,24.739616183562585,31.549506803085222,0,,,0.4798829419678438,Advisory
615503,11158.0,5712.704823,COL,Colombia,Bolívar,2.595879336,0.0,0.58,0.58,,,,,,,,,,,,,,,,,,,,,,,,,,19.51533062532681,51.91758672,0.0,,,,,,,,,,,,,,,,,79.59375,1.3932760831800568,168.609375,2.951480607301922,1.19390625,2.089914124770085,5.901328125,10.330182125556728,19.51533062532681,8274,,,0.1836038386596426,Information
615636,11172.0,2694.575616,COL,Colombia,Casanare,3.103821048,0.0,0.58,0.58,,,,,,,,,,,,,,,,,,,,,,,,,,5.170865652430325,62.07642096,0.0,,,,,,,,,,,,,,,,,6.890625,0.2557220869238769,28.40625,1.0542012562984313,0.103359375,0.3835831303858153,0.99421875,3.6897043970445096,5.170865652430325,117542,,,0.0231563070989925,Information
615639,11175.0,2274.164538,COL,Colombia,Casanare,3.820638624,0.0,0.58,0.58,,,,,,,,,,,,,,,,,,,,,,,,,,8.447491382352528,76.41277248,0.0,,,,,,,,,,,,,,,,,5.90625,0.2597107597114162,42.1875,1.855076855081544,0.08859375,0.3895661395671243,1.4765625,6.492768992785404,8.447491382352528,4206,,,0.1522488851493111,Information
615640,11176.0,5213.344163,COL,Colombia,Casanare,2.19343111,0.0,0.58,0.58,,,,,,,,,,,,,,,,,,,,,,,,,,6.904399340199432,43.8686222,0.0,,,,,,,,,,,,,,,,,1.546875,0.0296714537100705,66.9375,1.2839647241812362,0.023203125,0.0445071805651057,2.3428125,4.493876534634326,6.904399340199432,319982,,,0.018061677810865,Information
615650,11177.0,508.159612,COL,Colombia,Casanare,1.613699405,0.0,0.58,0.58,,,,,,,,,,,,,,,,,,,,,,,,,,34.15403920150764,32.2739881,0.0,,,,,,,,,,,,,,,,,27.421875,5.396311385627068,35.4375,6.973694713733441,0.411328125,8.094467078440601,1.2403125,24.407931498067043,34.15403920150764,29,,,0.2468015062091285,Information
615660,11178.0,10074.59457,COL,Colombia,Meta,2.961270548,0.0,0.58,0.58,,,,,,,,,,,,,,,,,,,,,,,,,,6.184207793273655,59.22541096,0.0,,,,,,,,,,,,,,,,,20.53125,0.2037923200353211,79.875,0.7928358752059068,0.30796875,0.3056884800529816,2.795625,2.7749255632206737,6.184207793273655,9947,,,0.0296434242830712,Information
615670,11179.0,7754.326945,COL,Colombia,Casanare,1.075391291,0.0,0.58,0.58,,,,,,,,,,,,,,,,,,,,,,,,,,7.545492612744491,21.50782582,0.0,,,,,,,,,,,,,,,,,6.75,0.0870481738475509,91.265625,1.1769638505637614,0.10125,0.1305722607713263,3.194296875,4.1193734769731645,7.545492612744491,70863,,,0.0095891100495113,Information
615680,11180.0,8819.489059,COL,Colombia,Boyacá,1.094776129,0.0,0.58,0.58,,,,,,,,,,,,,,,,,,,,,,,,,,1.0502555430788671,21.89552258,0.0,,,,,,,,,,,,,,,,,0.984375,0.0111613608615773,13.640625,0.1546645719390004,0.014765625,0.0167420412923659,0.477421875,0.5413260017865014,1.0502555430788671,285059,,,8.199204048080479e-06,Information
615690,11181.0,14662.90088,COL,Colombia,Meta,0.284133343,0.0,0.58,0.58,,,,,,,,,,,,,,,,,,,,,,,,,,0.6930337973441982,5.682666859999999,0.0,,,,,,,,,,,,,,,,,0.5625,0.0038362122504327,11.53125,0.0786423511338712,0.0084375,0.005754318375649,0.40359375,0.2752482289685492,0.6930337973441982,992304,,,4.4768561926579846e-07,Information
615707,11188.0,80.21826277,COL,Colombia,Vichada,2.258795216,0.0,0.58,0.58,,,,,,,,,,,,,,,,,,,,,,,,,,5.301276707956495,45.17590432,0.0,,,,,,,,,,,,,,,,,0.84375,1.051817841591299,0.84375,1.051817841591299,0.01265625,1.5777267623869486,0.02953125,3.6813624455695466,5.301276707956495,756,,,0.0097408758944608,Information
615941,11211.0,1604.208264,COL,Colombia,Guainía,2.09435743,0.0,0.58,0.58,,,,,,,,,,,,,,,,,,,,,,,,,,3.6365816831273,41.8871486,0.0,,,,,,,,,,,,,,,,,4.640625,0.2892782130579046,12.375,0.7714085681544124,0.069609375,0.4339173195868568,0.433125,2.699929988540444,3.6365816831273,48119,,,0.0027912819661363,Information
615942,11212.0,5608.527755,COL,Colombia,Guainía,3.760349827,0.0,0.58,0.58,,,,,,,,,,,,,,,,,,,,,,,,,,5.058318305595061,75.20699654,0.0,,,,,,,,,,,,,,,,,16.171875,0.2883443874417269,45.0,0.8023495998378488,0.242578125,0.4325165811625904,1.575,2.8082235994324707,5.058318305595061,576,,,0.0559706845763707,Information
615943,11213.0,7480.816174,COL,Colombia,Guainía,4.014890131,0.0,0.58,0.58,,,,,,,,,,,,,,,,,,,,,,,,,,6.16957437447577,80.29780262,0.0,,,,,,,,,,,,,,,,,14.90625,0.1992596750702699,69.046875,0.922985853391533,0.22359375,0.2988895126054048,2.416640625,3.2304504868703656,6.16957437447577,7203,,,0.1228005524810005,Information
615945,11215.0,8338.162807,COL,Colombia,Guainía,4.041264595,0.0,0.58,0.58,,,,,,,,,,,,,,,,,,,,,,,,,,3.1422569596118706,80.82529190000001,0.0,,,,,,,,,,,,,,,,,10.265625,0.1231161496571521,36.421875,0.4368093528931835,0.153984375,0.1846742244857281,1.274765625,1.5288327351261424,3.1422569596118706,3561,,,0.0352526350876121,Information
615946,11216.0,6844.993539,COL,Colombia,Guaviare,3.496170642,0.0,0.58,0.58,,,,,,,,,,,,,,,,,,,,,,,,,,3.14401980625948,69.92341284,0.0,,,,,,,,,,,,,,,,,1.828125,0.0267074759013464,35.71875,0.5218229906878458,0.027421875,0.0400612138520196,1.25015625,1.82638046740746,3.14401980625948,0,,,0.0119651989524568,Information
615947,11217.0,16158.47186,COL,Colombia,Guaviare,4.01778859,0.0,0.58,0.58,,,,,,,,,,,,,,,,,,,,,,,,,,1.028994500129607,80.35577180000001,0.0,,,,,,,,,,,,,,,,,0.703125,0.0043514325235576,17.859375,0.110526386098363,0.010546875,0.0065271487853364,0.625078125,0.3868423513442705,1.028994500129607,4604,,,0.0015929811286575,Information
615960,11221.0,9242.268079,COL,Colombia,Vichada,4.033263808,0.0,0.58,0.58,,,,,,,,,,,,,,,,,,,,,,,,,,0.7773288030914384,80.66527616,0.0,,,,,,,,,,,,,,,,,6.1875,0.0669478524897299,8.015625,0.086727899816241,0.0928125,0.1004217787345948,0.280546875,0.3035476493568435,0.7773288030914384,9139,,,0.0006549669633631,Information
615980,11223.0,11664.29402,COL,Colombia,Meta,2.007335742,0.0,0.58,0.58,,,,,,,,,,,,,,,,,,,,,,,,,,1.9197114595205989,40.14671484,0.0,,,,,,,,,,,,,,,,,3.9375,0.0337568651245942,27.84375,0.2387092605239165,0.0590625,0.0506352976868913,0.97453125,0.8354824118337077,1.9197114595205989,225564,,,0.0002911566116001,Information
616224,11237.0,6604.559181,COL,Colombia,Bolívar,0.007658777,0.0,0.58,0.58,,,,,,,,,,,,,,,,,,,,,,,,,,0.6911826238021959,0.15317554,0.0,,,,,,,,,,,,,,,,,3.234375,0.0489718528002583,6.46875,0.0979437056005167,0.048515625,0.0734577792003874,0.22640625,0.3428029696018084,0.6911826238021959,19781,,,3.29642939995295e-07,Information
616228,11241.0,12015.47331,COL,Colombia,Bolívar,2.776798585,0.0,0.58,0.58,,,,,,,,,,,,,,,,,,,,,,,,,,0.1726332640100083,55.5359717,0.0,,,,,,,,,,,,,,,,,0.703125,0.0058518294037319,2.390625,0.0198962199726887,0.010546875,0.0087777441055978,0.083671875,0.0696367699044104,0.1726332640100083,38130,,,1.4180383077734367e-08,Information
616229,11242.0,9063.168784,COL,Colombia,Bolívar,4.069957932,0.0,0.58,0.58,,,,,,,,,,,,,,,,,,,,,,,,,,1.5025926941176084,81.39915864000001,0.0,,,,,,,,,,,,,,,,,2.671875,0.0294805830477058,19.265625,0.2125705198702999,0.040078125,0.0442208745715586,0.674296875,0.7439968195460497,1.5025926941176084,214,,,0.0059345110194748,Information
616301,11250.0,1241.431304,GUY,Guyana,Essequibo Islands-West Demerara,4.047360728,4.07713601,0.6,0.56,,,,,,,,,,,,,,,,,,,,,,,,,,11.180364687627062,80.94721456,81.5427202,,,,,,,,,,,,,,,,,10.125,0.8155908399876405,30.9375,2.4920831221844573,0.151875,1.2233862599814609,1.0828125,8.7222909276456,11.180364687627062,71415,,,0.308080081832959,Information
616505,11272.0,7.484915034,SUR,Suriname,Saramacca,0.0,4.168723357,0.65,0.49,,,,,,,,,,,,,,,,,,,,,,,,,,9.400925459629802,0.0,83.37446714000001,,,,,,,,,,,,,,,,,0.140625,1.8787788419259603,0.140625,1.8787788419259603,0.002109375,2.8181682628889404,0.004921875,6.575725946740861,9.400925459629802,0,,,0.2842942558109401,Information
616704,11289.0,6563.859234,GUF,French Guiana,Cayenne,4.416251869,0.0,-9999.0,0.6,,,,,,,,,,,,,,,,,,,,,,,,,,0.7558653049183199,88.32503738,0.0,,,,,,,,,,,,,,,,,0.28125,0.0042848268067447,8.4375,0.1285448042023437,0.00421875,0.006427240210117,0.2953125,0.449906814708203,0.7558653049183199,3790,,,0.0030969244167788,Information
616706,11291.0,9177.484367,GUF,French Guiana,Cayenne,4.039003404,0.0,-9999.0,0.6,,,,,,,,,,,,,,,,,,,,,,,,,,1.7102259980532493,80.78006807999999,0.0,,,,,,,,,,,,,,,,,7.3125,0.0796786974205652,20.25,0.2206487005492576,0.1096875,0.1195180461308478,0.70875,0.7722704519224015,1.7102259980532493,772,,,0.0077747272269646,Information
622284,11366.0,11936.78818,BRA,Brazil,Mato Grosso,0.53802085,0.0,0.63,0.51,,,,,,,,,,,,,,,,,,,,,,,,,,0.5556311045065654,10.760417,0.0,,,,,,,,,,,,,,,,,4.078125,0.0341643408404204,6.890625,0.0577259552131242,0.061171875,0.0512465112606306,0.241171875,0.2020408432459347,0.5556311045065654,10394,,,1.8973793608210985e-07,Information
622285,11367.0,1425.175483,BRA,Brazil,Mato Grosso,4.14573609,0.0,0.63,0.51,,,,,,,,,,,,,,,,,,,,,,,,,,0.3663873183338719,82.9147218,0.0,,,,,,,,,,,,,,,,,0.421875,0.0296016178462035,1.125,0.0789376475898762,0.006328125,0.0444024267693052,0.039375,0.2762817665645667,0.3663873183338719,0,,,6.094797607671459e-05,Information
622287,11369.0,4675.947388,BRA,Brazil,Mato Grosso,0.699920646,0.0,0.63,0.51,,,,,,,,,,,,,,,,,,,,,,,,,,0.3177836596048343,13.99841292,0.0,,,,,,,,,,,,,,,,,1.828125,0.0390963552064284,2.109375,0.0451111790843405,0.027421875,0.0586445328096426,0.073828125,0.1578891267951917,0.3177836596048343,478,,,1.0671305909189781e-08,Information
622454,11461.0,2396.43921,BRA,Brazil,Pará,1.680334612,0.0,0.63,0.51,,,,,,,,,,,,,,,,,,,,,,,,,,1.4075830972909604,33.60669224,0.0,,,,,,,,,,,,,,,,,5.34375,0.2229870875816873,5.484375,0.228855168833837,0.08015625,0.334480631372531,0.191953125,0.8009930909184295,1.4075830972909604,0,,,5.816780618508786e-05,Information
622492,11471.0,2821.470774,BRA,Brazil,Mato Grosso,0.190654175,0.0,0.63,0.51,,,,,,,,,,,,,,,,,,,,,,,,,,1.0831647765273384,3.8130835,0.0,,,,,,,,,,,,,,,,,4.078125,0.144538977252465,5.0625,0.1794276958996117,0.061171875,0.2168084658786975,0.1771875,0.6279969356486409,1.0831647765273384,37654,,,3.6217285471244256e-06,Information
622642,11540.0,10493.26363,BRA,Brazil,Rondônia,0.961778597,0.0,0.63,0.51,,,,,,,,,,,,,,,,,,,,,,,,,,0.4517820592160793,19.23557194,0.0,,,,,,,,,,,,,,,,,2.953125,0.0281430554318399,5.34375,0.0509255288766627,0.044296875,0.0422145831477598,0.18703125,0.1782393510683194,0.4517820592160793,32603,,,1.0737637179808008e-07,Information
622654,11551.0,13227.05891,BRA,Brazil,Rondônia,4.004324043,0.0,0.63,0.51,,,,,,,,,,,,,,,,,,,,,,,,,,2.268154476884911,80.08648086000001,0.0,,,,,,,,,,,,,,,,,14.90625,0.1126951206312472,30.515625,0.23070604883944,0.22359375,0.1690426809468708,1.068046875,0.80747117093804,2.268154476884911,31165,,,0.0149115332036955,Information
622656,11553.0,3607.339419,BRA,Brazil,Rondônia,4.028367921,0.0,0.63,0.51,,,,,,,,,,,,,,,,,,,,,,,,,,1.936161634737141,80.56735842,0.0,,,,,,,,,,,,,,,,,1.40625,0.0389830242393737,14.0625,0.3898302423937375,0.02109375,0.0584745363590605,0.4921875,1.3644058483780812,1.936161634737141,906,,,0.0105484248139895,Information
622666,11562.0,21522.55433,BOL,Bolivia,La Paz,3.701629832,0.0,0.55,0.63,,,,,,,,,,,,,,,,,,,,,,,,,,0.7775119641133545,74.03259664000001,0.0,,,,,,,,,,,,,,,,,1.265625,0.0058804590781991,14.625,0.0679519715703017,0.018984375,0.0088206886172986,0.511875,0.2378319004960559,0.7775119641133545,250860,,,0.0002253220727491,Information
622668,11564.0,13003.21159,BOL,Bolivia,La Paz,0.630732017,0.0,0.55,0.63,,,,,,,,,,,,,,,,,,,,,,,,,,0.5273952828852523,12.61464034,0.0,,,,,,,,,,,,,,,,,0.84375,0.006488781591092,8.15625,0.0627248887138898,0.01265625,0.009733172386638,0.28546875,0.2195371104986143,0.5273952828852523,1191140,,,1.609662989471928e-07,Information
622673,11568.0,62.36072112,BRA,Brazil,Rondônia,4.034684599,0.0,0.63,0.51,,,,,,,,,,,,,,,,,,,,,,,,,,11.799256238848402,80.69369198000001,0.0,,,,,,,,,,,,,,,,,0.28125,0.4510050476480154,1.96875,3.157035333536108,0.00421875,0.6765075714720231,0.06890625,11.04962366737638,11.799256238848402,179,,,0.3112199309064355,Information
622676,11571.0,17023.14419,BRA,Brazil,Rondônia,4.029187677,0.0,0.63,0.51,,,,,,,,,,,,,,,,,,,,,,,,,,0.1584955177934692,80.58375354,0.0,,,,,,,,,,,,,,,,,1.40625,0.0082608123652773,2.25,0.0132172997844438,0.02109375,0.0123912185479159,0.07875,0.0462605492455533,0.1584955177934692,1000,,,7.617086619351576e-07,Information
622678,11573.0,2459.348337,BRA,Brazil,Rondônia,4.136542128,0.0,0.63,0.51,,,,,,,,,,,,,,,,,,,,,,,,,,0.2956554672755909,82.73084256000001,0.0,,,,,,,,,,,,,,,,,0.28125,0.0114359562542453,1.546875,0.0628977593983494,0.00421875,0.0171539343813679,0.054140625,0.2201421578942229,0.2956554672755909,0,,,2.376188120907456e-05,Information
622689,11583.0,23969.99185,BOL,Bolivia,Santa Cruz,3.980158293,0.0,0.55,0.63,,,,,,,,,,,,,,,,,,,,,,,,,,0.4384426283845938,79.60316586,0.0,,,,,,,,,,,,,,,,,0.28125,0.0011733420762235,8.71875,0.036373604362931,0.00421875,0.0017600131143352,0.30515625,0.1273076152702585,0.4384426283845938,107980,,,6.154071095399345e-05,Information
622696,11589.0,20251.19749,BOL,Bolivia,Santa Cruz,4.002399326,0.0,0.55,0.63,,,,,,,,,,,,,,,,,,,,,,,,,,5.107738694955084,80.04798652,0.0,,,,,,,,,,,,,,,,,12.375,0.0611074974937476,92.390625,0.456223021061275,0.185625,0.0916612462406214,3.233671875,1.5967805737144625,5.107738694955084,192506,,,0.0865085167424369,Information
622881,11649.0,3081.576669,BRA,Brazil,Amazonas,4.024028308,0.0,0.63,0.51,,,,,,,,,,,,,,,,,,,,,,,,,,2.644559697848305,80.48056616,0.0,,,,,,,,,,,,,,,,,4.78125,0.155155964394678,15.75,0.5111020003589394,0.07171875,0.232733946592017,0.55125,1.788857001256288,2.644559697848305,385,,,0.0228092632140841,Information
622884,11652.0,8240.491315,BRA,Brazil,Amazonas,4.055948117,0.0,0.63,0.51,,,,,,,,,,,,,,,,,,,,,,,,,,5.771061351971202,81.11896234,0.0,,,,,,,,,,,,,,,,,16.3125,0.1979554297889209,67.5,0.8191259163679487,0.2446875,0.2969331446833813,2.3625,2.866940707287821,5.771061351971202,618,,,0.1179490091294686,Information
622891,11658.0,2804.351599,BRA,Brazil,Amazonas,3.657736279,0.0,0.63,0.51,,,,,,,,,,,,,,,,,,,,,,,,,,1.8556048816313768,73.15472557999999,0.0,,,,,,,,,,,,,,,,,6.75,0.240697350582374,8.71875,0.3109007445022331,0.10125,0.361046025873561,0.30515625,1.088152605757816,1.8556048816313768,544,,,0.0037713911478561,Information
622893,11660.0,2206.924693,BRA,Brazil,Amazonas,3.751990783,0.0,0.63,0.51,,,,,,,,,,,,,,,,,,,,,,,,,,4.262475005218192,75.03981566,0.0,,,,,,,,,,,,,,,,,6.75,0.3058554749096226,19.125,0.8665905122439308,0.10125,0.4587832123644339,0.669375,3.0330667928537576,4.262475005218192,342,,,0.0385779580541838,Information
622899,11666.0,25346.25868,COL,Colombia,Vaupms,4.013360856,0.0,0.58,0.58,,,,,,,,,,,,,,,,,,,,,,,,,,3.833883269663957,80.26721712,0.0,,,,,,,,,,,,,,,,,0.84375,0.0033288936664878,78.1875,0.3084774797612073,0.01265625,0.0049933404997317,2.7365625,1.0796711791642255,3.833883269663957,101793,,,0.0506688101844419,Information
622927,11674.0,5727.364561,BRA,Brazil,Amazonas,4.028419768,0.0,0.63,0.51,,,,,,,,,,,,,,,,,,,,,,,,,,0.7414210124388232,80.56839536,0.0,,,,,,,,,,,,,,,,,1.265625,0.0220978599580698,7.171875,0.1252212064290624,0.018984375,0.0331467899371047,0.251015625,0.4382742225017184,0.7414210124388232,1981,,,0.0005452227612196,Information
622937,11683.0,244.9143494,BRA,Brazil,Amazonas,1.090391703,0.0,0.63,0.51,,,,,,,,,,,,,,,,,,,,,,,,,,12.853105660003884,21.80783406,0.0,,,,,,,,,,,,,,,,,0.140625,0.0574180321968141,8.71875,3.559917996202475,0.002109375,0.0861270482952211,0.30515625,12.459712986708665,12.853105660003884,1702,,,0.0354916722640143,Information
622939,11685.0,7020.194122,BRA,Brazil,Amazonas,3.541945154,0.0,0.63,0.51,,,,,,,,,,,,,,,,,,,,,,,,,,11.015770546449165,70.83890308,0.0,,,,,,,,,,,,,,,,,0.703125,0.0100157486791228,129.515625,1.8449009066944224,0.010546875,0.0150236230186842,4.533046875,6.457153173430479,11.015770546449165,3464,,,0.1651505444941834,Information
622951,11695.0,280.5249565,BRA,Brazil,Amazonas,3.27688393,0.0,0.63,0.51,,,,,,,,,,,,,,,,,,,,,,,,,,9.972115334038442,65.53767859999999,0.0,,,,,,,,,,,,,,,,,0.421875,0.1503876892874177,7.59375,2.706978407173519,0.006328125,0.2255815339311265,0.26578125,9.474424425107316,9.972115334038442,1612,,,0.1074740377684945,Information
622953,11697.0,1166.819622,BRA,Brazil,Amazonas,3.930294632,0.0,0.63,0.51,,,,,,,,,,,,,,,,,,,,,,,,,,14.92518966834555,78.60589264,0.0,,,,,,,,,,,,,,,,,18.0,1.5426548940921825,36.84375,3.157621736344936,0.27,2.313982341138274,1.28953125,11.051676077207276,14.92518966834555,11544,,,0.3593992031252807,Advisory
622954,11698.0,3163.921374,BRA,Brazil,Amazonas,4.003826054,0.0,0.63,0.51,,,,,,,,,,,,,,,,,,,,,,,,,,2.928371790322837,80.07652108,0.0,,,,,,,,,,,,,,,,,5.90625,0.1866749928942241,17.578125,0.5555803359947146,0.08859375,0.2800124893413361,0.615234375,1.944531175981501,2.928371790322837,8915,,,0.0275902466730413,Information
622955,11699.0,35.91437756,BRA,Brazil,Amazonas,2.753881833,0.0,0.63,0.51,,,,,,,,,,,,,,,,,,,,,,,,,,8.645175614459948,55.07763666,0.0,,,,,,,,,,,,,,,,,0.421875,1.1746688337899924,0.703125,1.957781389649988,0.006328125,1.7620032506849888,0.024609375,6.852234863774958,8.645175614459948,0,,,0.0496830761607655,Information
622956,11700.0,4048.860702,BRA,Brazil,Amazonas,4.069560301,0.0,0.63,0.51,,,,,,,,,,,,,,,,,,,,,,,,,,7.111797298274183,81.39120602,0.0,,,,,,,,,,,,,,,,,14.90625,0.3681591216926678,52.171875,1.2885569259243377,0.22359375,0.5522386825390017,1.826015625,4.509949240735182,7.111797298274183,275,,,0.1680551271238514,Information
622959,11703.0,1003.397445,BRA,Brazil,Amazonas,4.024710967,0.0,0.63,0.51,,,,,,,,,,,,,,,,,,,,,,,,,,16.770484526542674,80.49421934,0.0,,,,,,,,,,,,,,,,,22.21875,2.214351861097694,34.171875,3.4056171028274664,0.33328125,3.3215277916465413,1.196015625,11.919659859896132,16.770484526542674,897,,,0.4399522034698497,Advisory
622961,11704.0,24.79670399,BRA,Brazil,Amazonas,4.134789143,0.0,0.63,0.51,,,,,,,,,,,,,,,,,,,,,,,,,,47.90485613668044,82.69578286,0.0,3.0,,,,,,,,,,,,,,,,2.109375,8.506674924453622,3.234375,13.043568217495553,0.031640625,12.760012386680431,0.113203125,35.0,47.90485613668044,0,0.0,0.0,0.8457243719039,Warning
622962,11705.0,7894.55186,BRA,Brazil,Amazonas,4.028584775,0.0,0.63,0.51,,,,,,,,,,,,,,,,,,,,,,,,,,9.76503411301795,80.57169549999999,0.0,,,,,,,,,,,,,,,,,12.234375,0.154972381167802,117.84375,1.4927224760760702,0.183515625,0.2324585717517029,4.12453125,5.224528666266246,9.76503411301795,0,,,0.2457506548753684,Information
622966,11709.0,8813.112472,BRA,Brazil,Amazonas,2.963324537,0.0,0.63,0.51,,,,,,,,,,,,,,,,,,,,,,,,,,0.49981364997673,59.26649074,0.0,,,,,,,,,,,,,,,,,0.84375,0.0095738027018641,6.328125,0.0718035202639811,0.01265625,0.0143607040527961,0.221484375,0.2513123209239338,0.49981364997673,0,,,5.398318958600656e-06,Information
622971,11713.0,4131.90274,BRA,Brazil,Amazonas,2.216520912,0.0,0.63,0.51,,,,,,,,,,,,,,,,,,,,,,,,,,25.23380614120293,44.33041824,0.0,,,,,,,,,,,,,,,,,67.921875,1.6438401209046054,181.6875,4.397187238527433,1.018828125,2.465760181356908,6.3590625,15.390155334846016,25.23380614120293,12016,,,0.2143992696459601,Information
622989,11730.0,81682.03713,PER,Peru,Amazonas,1.232577401,0.0,0.59,0.57,,,,,,,,,,,,,,,,,,,,,,,,,,2.774058167454688,24.65154802,0.0,,,,,,,,,,,,,,,,,19.40625,0.0237582835611646,62.296875,0.0762675334608402,0.29109375,0.0356374253417468,2.180390625,0.2669363671129406,2.774058167454688,2480521,,,0.0004803120085439,Information
622994,11734.0,29090.52451,PER,Peru,Pasco,1.756477978,0.0,0.59,0.57,,,,,,,,,,,,,,,,,,,,,,,,,,2.4622202409992013,35.12955956,0.0,,,,,,,,,,,,,,,,,8.296875,0.0285208848572163,48.796875,0.1677414753466791,0.124453125,0.0427813272858244,1.707890625,0.5870951637133769,2.4622202409992013,139417,,,0.0005352173097549,Information
623084,11750.0,3641.792272,BRA,Brazil,Pará,1.231401683,0.0,0.63,0.51,,,,,,,,,,,,,,,,,,,,,,,,,,0.7480095488882297,24.62803366,0.0,,,,,,,,,,,,,,,,,0.84375,0.0231685372769674,5.34375,0.1467340694207939,0.01265625,0.0347528059154511,0.18703125,0.5135692429727786,0.7480095488882297,4659,,,1.986642249902628e-06,Information
623087,11753.0,645.9247385,BRA,Brazil,Pará,3.171635713,0.0,0.63,0.51,,,,,,,,,,,,,,,,,,,,,,,,,,2.1323173289786443,63.43271426,0.0,,,,,,,,,,,,,,,,,0.421875,0.065313336814521,3.515625,0.5442778067876751,0.006328125,0.0979700052217815,0.123046875,1.904972323756863,2.1323173289786443,2472,,,0.0022419636213627,Information
631032,11904.0,6224.889811,BRA,Brazil,Maranhão,1.385949125,0.0,0.63,0.51,,,,,,,,,,,,,,,,,,,,,,,,,,1.447803822339433,27.7189825,0.0,,,,,,,,,,,,,,,,,0.28125,0.0045181522650097,15.75,0.2530165268405481,0.00421875,0.0067772283975145,0.55125,0.8855578439419183,1.447803822339433,110833,,,4.605001036365957e-05,Information
631044,11915.0,10004.27687,BRA,Brazil,Maranhão,1.797602864,0.0,0.63,0.51,,,,,,,,,,,,,,,,,,,,,,,,,,1.048838260639381,35.95205728,0.0,,,,,,,,,,,,,,,,,1.828125,0.0182734346871634,14.203125,0.1419705310310387,0.027421875,0.0274101520307451,0.497109375,0.4968968586086354,1.048838260639381,85187,,,1.961666804501736e-05,Information
631045,11916.0,2673.713272,BRA,Brazil,Maranhão,1.634758317,0.0,0.63,0.51,,,,,,,,,,,,,,,,,,,,,,,,,,1.103188127099944,32.69516634,0.0,,,,,,,,,,,,,,,,,0.421875,0.0157786178628388,6.46875,0.2419388072301959,0.006328125,0.0236679267942582,0.22640625,0.8467858253056857,1.103188127099944,31885,,,1.969509071017305e-05,Information
631064,11925.0,3098.206355,BRA,Brazil,Maranhão,2.614938688,0.0,0.63,0.51,,,,,,,,,,,,,,,,,,,,,,,,,,2.568311935823888,52.29877376,0.0,,,,,,,,,,,,,,,,,3.09375,0.0998561633984387,16.03125,0.517436483064637,0.04640625,0.149784245097658,0.56109375,1.8110276907262293,2.568311935823888,88782,,,0.0017405872820777,Information
631083,11934.0,3476.542362,BRA,Brazil,Maranhão,2.412949687,0.0,0.63,0.51,,,,,,,,,,,,,,,,,,,,,,,,,,0.4524510318032312,48.25899374,0.0,,,,,,,,,,,,,,,,,0.5625,0.0161798690025653,3.09375,0.0889892795141095,0.0084375,0.0242698035038479,0.10828125,0.3114624782993832,0.4524510318032312,85876,,,1.0721494696367052e-06,Information
631084,11935.0,5601.845064,BRA,Brazil,Maranhão,1.823525955,0.0,0.63,0.51,,,,,,,,,,,,,,,,,,,,,,,,,,0.4327824900521355,36.4705191,0.0,,,,,,,,,,,,,,,,,0.84375,0.0150620017222879,4.078125,0.0727996749910582,0.01265625,0.0225930025834318,0.142734375,0.2547988624687037,0.4327824900521355,87540,,,3.034254249275751e-07,Information
631086,11937.0,7051.723803,BRA,Brazil,Maranhão,0.274772503,0.0,0.63,0.51,,,,,,,,,,,,,,,,,,,,,,,,,,0.1564203894458022,5.49545006,0.0,,,,,,,,,,,,,,,,,0.703125,0.0099709662441089,1.546875,0.0219361257370397,0.010546875,0.0149564493661633,0.054140625,0.0767764400796389,0.1564203894458022,72469,,,7.575046892070722e-11,Information
631095,11945.0,1122.134325,BRA,Brazil,Maranhão,1.454485411,3.012504396,0.63,0.51,,,,,,,,,,,,,,,,,,,,,,,,,,4.258111590771214,29.08970822,60.250087920000006,,,,,,,,,,,,,,,,,5.34375,0.4762130415689234,9.984375,0.8897664724050939,0.08015625,0.7143195623533851,0.349453125,3.1141826534178287,4.258111590771214,5826,,,0.0127487149793958,Information
631096,11946.0,3775.12568,BRA,Brazil,Maranhão,2.106562071,1.215203251,0.63,0.51,,,,,,,,,,,,,,,,,,,,,,,,,,6.137024689297725,42.13124142,24.30406502,,,,,,,,,,,,,,,,,6.46875,0.1713519111268355,45.28125,1.199463377887849,0.09703125,0.2570278666902532,1.58484375,4.198121822607472,6.137024689297725,66796,,,0.012421425558185,Information
631097,11947.0,87.06675847,BRA,Brazil,Maranhão,4.022786789,4.06637435,0.63,0.51,,,,,,,,,,,,,,,,,,,,,,,,,,16.129104263660288,80.45573578000001,81.327487,,,,,,,,,,,,,,,,,1.40625,1.6151399508747764,3.375,3.876335882099464,0.02109375,2.4227099263121645,0.118125,13.567175587348125,16.129104263660288,212,,,0.4417920815915699,Advisory
631098,11948.0,1559.159009,BRA,Brazil,Maranhão,2.269165499,1.510397871,0.63,0.51,,,,,,,,,,,,,,,,,,,,,,,,,,3.377873451772176,45.38330998,30.20795742,,,,,,,,,,,,,,,,,3.796875,0.243520704314348,11.390625,0.730562112943044,0.056953125,0.365281056471522,0.398671875,2.5569673953006538,3.377873451772176,12244,,,0.0026921671758373,Information
631099,11949.0,2324.643375,BRA,Brazil,Maranhão,2.999858008,4.005504528,0.63,0.51,,,,,,,,,,,,,,,,,,,,,,,,,,21.915633271542795,59.99716016,80.11009056,,,,,,,,,,,,,,,,,9.140625,0.3932054739837665,114.1875,4.912043767304898,0.137109375,0.5898082109756497,3.9965625,17.192153185567143,21.915633271542795,85010,,,0.5386319149831892,Advisory
632101,11950.0,2718.817135,BRA,Brazil,Maranhão,3.080048313,1.841196974,0.63,0.51,,,,,,,,,,,,,,,,,,,,,,,,,,3.818840189522949,61.60096625999999,36.82393948,,,,,,,,,,,,,,,,,5.203125,0.1913745846465962,21.09375,0.7758429107294443,0.078046875,0.2870618769698943,0.73828125,2.715450187553055,3.818840189522949,214778,,,0.010497189776353,Information
632102,11951.0,1365.421283,BRA,Brazil,Piauí,0.019179199,0.0,0.63,0.51,,,,,,,,,,,,,,,,,,,,,,,,,,0.6847582477223974,0.38358398,0.0,,,,,,,,,,,,,,,,,0.5625,0.0411960767673434,2.109375,0.1544852878775378,0.0084375,0.0617941151510151,0.073828125,0.5406985075713823,0.6847582477223974,30072,,,3.178944318721656e-07,Information
632105,11954.0,429.585365,BRA,Brazil,Maranhão,2.933066068,0.0,0.63,0.51,,,,,,,,,,,,,,,,,,,,,,,,,,4.933418386919483,58.66132136,0.0,,,,,,,,,,,,,,,,,1.40625,0.3273505371570576,5.203125,1.2111969874811133,0.02109375,0.4910258057355864,0.182109375,4.2391894561838965,4.933418386919483,6399,,,0.0167613550970991,Information
632106,11955.0,2450.041232,BRA,Brazil,Maranhão,1.618151465,0.0,0.63,0.51,,,,,,,,,,,,,,,,,,,,,,,,,,1.7507575840947105,32.3630293,0.0,,,,,,,,,,,,,,,,,3.9375,0.1607115810393955,8.15625,0.3329025607244621,0.0590625,0.2410673715590932,0.28546875,1.1651589625356171,1.7507575840947105,29894,,,0.0001290397495648,Information
632107,11956.0,301.4940405,BRA,Brazil,Piauí,2.870386006,0.0,0.63,0.51,,,,,,,,,,,,,,,,,,,,,,,,,,13.069317934683774,57.40772012,0.0,,,,,,,,,,,,,,,,,2.53125,0.8395688339128968,9.84375,3.2649899096612653,0.03796875,1.2593532508693452,0.34453125,11.427464683814428,13.069317934683774,14485,,,0.1187208028002279,Information
632108,11957.0,1589.589602,BRA,Brazil,Piauí,0.297010381,0.0,0.63,0.51,,,,,,,,,,,,,,,,,,,,,,,,,,1.7532412903413164,5.94020762,0.0,,,,,,,,,,,,,,,,,1.265625,0.079619607386385,6.328125,0.3980980369319254,0.018984375,0.1194294110795775,0.221484375,1.3933431292617389,1.7532412903413164,29593,,,3.4102167709579764e-05,Information
632207,11965.0,5938.333055,BRA,Brazil,Ceará,2.539640333,0.0,0.63,0.51,,,,,,,,,,,,,,,,,,,,,,,,,,0.4812281970566228,50.79280666,0.0,,,,,,,,,,,,,,,,,1.125,0.0189447104035528,4.640625,0.0781469304146553,0.016875,0.0284170656053291,0.162421875,0.2735142564512935,0.4812281970566228,93869,,,1.8509464042248569e-06,Information
632405,11973.0,2262.954651,BRA,Brazil,Piauí,1.353691223,0.0,0.63,0.51,,,,,,,,,,,,,,,,,,,,,,,,,,0.1562196526449633,27.07382446,0.0,,,,,,,,,,,,,,,,,0.28125,0.0124284417214598,0.703125,0.0310711043036496,0.00421875,0.0186426625821897,0.024609375,0.1087488650627736,0.1562196526449633,11240,,,3.9745698238370936e-10,Information
632603,11981.0,9183.944309,BRA,Brazil,Piauí,1.451960295,0.0,0.63,0.51,,,,,,,,,,,,,,,,,,,,,,,,,,0.2893393019895056,29.0392059,0.0,,,,,,,,,,,,,,,,,1.6875,0.0183744581103966,3.234375,0.0352177113782602,0.0253125,0.0275616871655949,0.113203125,0.1232619898239107,0.2893393019895056,24269,,,1.8745252544911708e-08,Information
632605,11983.0,9594.284487,BRA,Brazil,Piauí,1.984327371,0.0,0.63,0.51,,,,,,,,,,,,,,,,,,,,,,,,,,0.1493422521571335,39.68654742,0.0,,,,,,,,,,,,,,,,,0.28125,0.0029314327752743,1.96875,0.0205200294269206,0.00421875,0.0043971491629114,0.06890625,0.0718201029942221,0.1493422521571335,60115,,,9.801085690006083e-10,Information
632607,11985.0,1609.350148,BRA,Brazil,Piauí,1.935421977,0.0,0.63,0.51,,,,,,,,,,,,,,,,,,,,,,,,,,1.3897621142760794,38.70843954,0.0,,,,,,,,,,,,,,,,,2.671875,0.1660219811769745,4.359375,0.2708779692887479,0.040078125,0.2490329717654617,0.152578125,0.9480728925106175,1.3897621142760794,544,,,7.638910866043735e-05,Information
633010,11999.0,12660.27736,BRA,Brazil,Ceará,1.211957212,2.04922737,0.63,0.51,,,,,,,,,,,,,,,,,,,,,,,,,,9.958540788036174,24.23914424,40.9845474,,,,,,,,,,,,,,,,,49.359375,0.3898759369962588,137.8125,1.0885425021547963,0.740390625,0.5848139054943882,4.8234375,3.809898757541787,9.958540788036174,395144,,,0.0375896619755295,Information
633020,12000.0,14611.15978,BRA,Brazil,Ceará,2.596104208,0.0,0.63,0.51,,,,,,,,,,,,,,,,,,,,,,,,,,6.781585998050522,51.92208416,0.0,,,,,,,,,,,,,,,,,49.21875,0.3368572430379612,93.9375,0.6429161095695946,0.73828125,0.5052858645569418,3.2878125,2.250206383493581,6.781585998050522,678265,,,0.0250791248764983,Information
633032,12002.0,3461.789347,BRA,Brazil,Ceará,2.127921815,0.0,0.63,0.51,,,,,,,,,,,,,,,,,,,,,,,,,,6.78361914618402,42.5584363,0.0,,,,,,,,,,,,,,,,,25.734375,0.7433836210211009,38.8125,1.121168739900677,0.386015625,1.1150754315316511,1.3584375,3.924090589652369,6.78361914618402,68232,,,0.0163292199392433,Information
633033,12003.0,3240.967239,BRA,Brazil,Ceará,0.612927147,0.0,0.63,0.51,,,,,,,,,,,,,,,,,,,,,,,,,,6.107182104230841,12.258542939999998,0.0,,,,,,,,,,,,,,,,,21.234375,0.6551863513535813,33.609375,1.0370168077715625,0.318515625,0.982779527030372,1.176328125,3.629558827200469,6.107182104230841,229900,,,0.0038502285966114,Information
633035,12005.0,5527.481151,BRA,Brazil,Ceará,2.205358712,0.020708534,0.63,0.51,,,,,,,,,,,,,,,,,,,,,,,,,,6.292917695626979,44.107174240000006,0.41417068,,,,,,,,,,,,,,,,,17.4375,0.3154691897412087,56.53125,1.0227307602900475,0.2615625,0.473203784611813,1.97859375,3.5795576610151665,6.292917695626979,4228337,,,0.0144807123330685,Information
633036,12006.0,4768.482198,BRA,Brazil,Ceará,0.787778932,0.0,0.63,0.51,,,,,,,,,,,,,,,,,,,,,,,,,,3.651920382017964,15.75557864,0.0,,,,,,,,,,,,,,,,,4.78125,0.1002677540114618,31.640625,0.6635366074287918,0.07171875,0.1504016310171927,1.107421875,2.322378126000771,3.651920382017964,288807,,,0.0008491639395326,Information
633038,12008.0,4441.8897,BRA,Brazil,Ceará,0.187381158,0.633495202,0.63,0.51,,,,,,,,,,,,,,,,,,,,,,,,,,2.699844125698831,3.74762316,12.66990404,,,,,,,,,,,,,,,,,1.546875,0.0348247053474803,23.0625,0.5192046979078887,0.023203125,0.0522370580212204,0.8071875,1.8172164426776105,2.699844125698831,66050,,,0.0002540010674837,Information
633049,12018.0,9285.756027,BRA,Brazil,Ceará,0.366915657,0.0,0.63,0.51,,,,,,,,,,,,,,,,,,,,,,,,,,1.641414443345136,7.33831314,0.0,,,,,,,,,,,,,,,,,0.84375,0.0090864976157843,22.21875,0.2392777705489884,0.01265625,0.0136297464236764,0.77765625,0.8374721969214595,1.641414443345136,107211,,,2.748817126322928e-05,Information
633062,12021.0,9988.861944,BRA,Brazil,Rio Grande do Norte,2.002946577,0.0,0.63,0.51,,,,,,,,,,,,,,,,,,,,,,,,,,0.2124621366911414,40.05893154,0.0,,,,,,,,,,,,,,,,,0.84375,0.0084469082138655,2.671875,0.0267485426772409,0.01265625,0.0126703623207982,0.093515625,0.0936198993703431,0.2124621366911414,307274,,,8.387068638551285e-09,Information
633064,12023.0,3344.530623,BRA,Brazil,Paraíba,2.21732713,0.0,0.63,0.51,,,,,,,,,,,,,,,,,,,,,,,,,,0.2132132832641864,44.34654260000001,0.0,,,,,,,,,,,,,,,,,0.28125,0.0084092517507466,1.40625,0.0420462587537333,0.00421875,0.0126138776261199,0.04921875,0.1471619056380665,0.2132132832641864,167084,,,1.3137232139756644e-08,Information
633072,12030.0,4192.772814,BRA,Brazil,Rio Grande do Norte,0.628228563,0.0,0.63,0.51,,,,,,,,,,,,,,,,,,,,,,,,,,2.561006798720864,12.56457126,0.0,,,,,,,,,,,,,,,,,4.5,0.1073275419313525,19.6875,0.4695579959496671,0.0675,0.1609913128970287,0.6890625,1.6434529858238347,2.561006798720864,684577,,,0.0002073874279815,Information
633074,12032.0,2961.589899,BRA,Brazil,Rio Grande do Norte,2.246348464,0.0,0.63,0.51,,,,,,,,,,,,,,,,,,,,,,,,,,2.184863174296916,44.92696928,0.0,,,,,,,,,,,,,,,,,0.140625,0.004748294152949,14.203125,0.4795777094478549,0.002109375,0.0071224412294234,0.497109375,1.678521983067492,2.184863174296916,215589,,,0.0006252435980051,Information
633075,12033.0,2982.99731,BRA,Brazil,Rio Grande do Norte,2.124865421,0.0,0.63,0.51,,,,,,,,,,,,,,,,,,,,,,,,,,1.1108649654931066,42.49730842,0.0,,,,,,,,,,,,,,,,,0.28125,0.0094284362588772,7.171875,0.2404251246013688,0.00421875,0.0141426543883157,0.251015625,0.8414879361047908,1.1108649654931066,187691,,,3.96190597625612e-05,Information
633076,12034.0,4172.055757,BRA,Brazil,Paraíba,2.106420094,0.0,0.63,0.51,,,,,,,,,,,,,,,,,,,,,,,,,,1.3542484497048115,42.128401880000006,0.0,,,,,,,,,,,,,,,,,4.921875,0.1179724166302236,9.28125,0.2224622713598503,0.073828125,0.1769586249453354,0.32484375,0.7786179497594761,1.3542484497048115,217997,,,8.667763251229137e-05,Information
633078,12036.0,3252.759785,BRA,Brazil,Paraíba,0.29831588,0.0,0.63,0.51,,,,,,,,,,,,,,,,,,,,,,,,,,0.2692865904732895,5.9663176,0.0,,,,,,,,,,,,,,,,,0.140625,0.0043232519249636,1.828125,0.0562022750245269,0.002109375,0.0064848778874454,0.063984375,0.1967079625858441,0.2692865904732895,380047,,,2.375995395193186e-09,Information
633092,12039.0,7545.657104,BRA,Brazil,Pernambuco,3.001000603,0.0,0.63,0.51,,,,,,,,,,,,,,,,,,,,,,,,,,0.941732579303959,60.02001206,0.0,,,,,,,,,,,,,,,,,0.421875,0.0055909643677495,11.390625,0.1509560379292385,0.006328125,0.0083864465516242,0.398671875,0.5283461327523348,0.941732579303959,1787863,,,8.897853750880914e-05,Information
633096,12043.0,4223.85358,BRA,Brazil,Alagoas,1.864395262,0.0,0.63,0.51,,,,,,,,,,,,,,,,,,,,,,,,,,0.146802228167664,37.28790524,0.0,,,,,,,,,,,,,,,,,0.28125,0.006658611494688,1.125,0.026634445978752,0.00421875,0.009987917242032,0.039375,0.093220560925632,0.146802228167664,788163,,,6.924563441009845e-10,Information
633098,12045.0,3691.940638,BRA,Brazil,Alagoas,2.152828224,0.0,0.63,0.51,,,,,,,,,,,,,,,,,,,,,,,,,,0.683194134707868,43.05656448,0.0,,,,,,,,,,,,,,,,,1.125,0.0304717792188011,4.78125,0.1295050616799047,0.016875,0.0457076688282016,0.16734375,0.4532677158796664,0.683194134707868,278093,,,4.866206548457621e-06,Information
634180,12062.0,17699.5469,BRA,Brazil,Bahia,1.616103481,0.0,0.63,0.51,,,,,,,,,,,,,,,,,,,,,,,,,,1.286345309609316,32.32206962,0.0,,,,,,,,,,,,,,,,,0.984375,0.0055615830492133,23.0625,0.1302999457244275,0.014765625,0.0083423745738199,0.8071875,0.4560498100354962,1.286345309609316,133604,,,3.701386488790615e-05,Information
634192,12064.0,13472.52853,BRA,Brazil,Bahia,1.454986849,0.0,0.63,0.51,,,,,,,,,,,,,,,,,,,,,,,,,,4.940507074217797,29.09973698,0.0,,,,,,,,,,,,,,,,,18.421875,0.1367365818733109,73.125,0.5427711646879518,0.276328125,0.2051048728099663,2.559375,1.899699076407832,4.940507074217797,27533,,,0.0038631033405945,Information
634304,12084.0,1939.583171,BRA,Brazil,Bahia,0.017063983,0.0,0.63,0.51,,,,,,,,,,,,,,,,,,,,,,,,,,0.3289477271290837,0.34127966,0.0,,,,,,,,,,,,,,,,,0.28125,0.0145005382699517,1.40625,0.0725026913497589,0.00421875,0.0217508074049275,0.04921875,0.2537594197241561,0.3289477271290837,5542,,,5.530281838397743e-09,Information
634609,12116.0,5188.974538,BRA,Brazil,Minas Gerais,0.082421886,0.0,0.63,0.51,,,,,,,,,,,,,,,,,,,,,,,,,,0.137896821827035,1.64843772,0.0,,,,,,,,,,,,,,,,,0.84375,0.0162604382376779,0.984375,0.0189705112772909,0.01265625,0.0243906573565168,0.034453125,0.0663967894705181,0.137896821827035,466598,,,2.5191787468397542e-11,Information
634703,12119.0,539.3770986,BRA,Brazil,Minas Gerais,1.544489249,0.0,0.63,0.51,,,,,,,,,,,,,,,,,,,,,,,,,,0.6182547968726123,30.88978498,0.0,,,,,,,,,,,,,,,,,0.140625,0.0260717409721161,0.84375,0.1564304458326966,0.002109375,0.0391076114581741,0.02953125,0.5475065604144381,0.6182547968726123,128,,,1.1993449786894969e-06,Information
634705,12121.0,2293.489991,BRA,Brazil,Minas Gerais,1.679080891,0.0,0.63,0.51,,,,,,,,,,,,,,,,,,,,,,,,,,0.8932216245521007,33.58161782,0.0,,,,,,,,,,,,,,,,,2.25,0.0981037636526043,3.796875,0.1655501011637698,0.03375,0.1471556454789064,0.132890625,0.5794253540731943,0.8932216245521007,38593,,,8.203633716131163e-06,Information
634920,12136.0,8710.249748,BRA,Brazil,Minas Gerais,1.197565787,0.0,0.63,0.51,,,,,,,,,,,,,,,,,,,,,,,,,,0.1389534531826385,23.95131574,0.0,,,,,,,,,,,,,,,,,0.703125,0.0080723862155042,1.546875,0.0177592496741092,0.010546875,0.0121085793232563,0.054140625,0.0621573738593822,0.1389534531826385,79907,,,1.4410626301001786e-10,Information
635144,12150.0,1952.099022,BRA,Brazil,Bahia,0.001285501,0.0,0.63,0.51,,,,,,,,,,,,,,,,,,,,,,,,,,1.0375091155618423,0.02571002,0.0,,,,,,,,,,,,,,,,,0.140625,0.0072037841540401,4.78125,0.2449286612373663,0.002109375,0.0108056762310601,0.16734375,0.8572503143307821,1.0375091155618423,86441,,,2.460940061870363e-06,Information
635161,12157.0,695.4907868,BRA,Brazil,Bahia,3.79223713,0.0,0.63,0.51,,,,,,,,,,,,,,,,,,,,,,,,,,1.2434826122580342,75.8447426,0.0,,,,,,,,,,,,,,,,,0.140625,0.0202195345610092,2.25,0.3235125529761487,0.002109375,0.0303293018415138,0.07875,1.1322939354165205,1.2434826122580342,151870,,,0.0015056304023072,Information
635167,12163.0,16959.63295,BRA,Brazil,Bahia,1.507928609,0.0,0.63,0.51,,,,,,,,,,,,,,,,,,,,,,,,,,0.2593092750326396,30.15857218,0.0,,,,,,,,,,,,,,,,,0.703125,0.0041458739238206,4.359375,0.0257044183276882,0.010546875,0.0062188108857309,0.152578125,0.0899654641469087,0.2593092750326396,170888,,,1.0970140167610004e-08,Information
635180,12167.0,7057.957975,BRA,Brazil,Bahia,2.620859298,0.0,0.63,0.51,,,,,,,,,,,,,,,,,,,,,,,,,,0.8513697940269835,52.41718596,0.0,,,,,,,,,,,,,,,,,4.78125,0.0677426816244209,8.015625,0.1135686133115292,0.07171875,0.1016140224366313,0.280546875,0.3974901465903522,0.8513697940269835,212733,,,2.868436764064156e-05,Information
635205,12173.0,4871.677147,BRA,Brazil,Bahia,4.026265291,0.0,0.63,0.51,,,,,,,,,,,,,,,,,,,,,,,,,,0.95300890620619,80.52530582,0.0,,,,,,,,,,,,,,,,,2.109375,0.0432987436625804,8.015625,0.1645352259178056,0.031640625,0.0649481154938706,0.280546875,0.5758732907123195,0.95300890620619,177407,,,0.0012754097024149,Information
635302,12179.0,1601.856259,BRA,Brazil,Bahia,0.53824743,0.0,0.63,0.51,,,,,,,,,,,,,,,,,,,,,,,,,,0.1578694775408694,10.7649486,0.0,,,,,,,,,,,,,,,,,0.140625,0.0087788775832819,0.5625,0.0351155103331276,0.002109375,0.0131683163749228,0.0196875,0.1229042861659465,0.1578694775408694,61688,,,1.1694311186087342e-10,Information
635303,16258.0,84.82577842,BRA,Brazil,Bahia,2.842893615,0.0,0.63,0.51,,,,,,,,,,,,,,,,,,,,,,,,,,7.439831380395585,56.8578723,0.0,,,,,,,,,,,,,,,,,0.5625,0.6631238881254459,1.546875,1.823590692344976,0.0084375,0.9946858321881688,0.054140625,6.3825674232074165,7.439831380395585,44594,,,0.0394033889398826,Information
635304,12180.0,4786.216585,BRA,Brazil,Bahia,3.454281327,0.0,0.63,0.51,,,,,,,,,,,,,,,,,,,,,,,,,,0.6473117939573101,69.08562653999999,0.0,,,,,,,,,,,,,,,,,1.828125,0.0381956179291613,5.203125,0.1087106048753052,0.027421875,0.0572934268937419,0.182109375,0.3804871170635682,0.6473117939573101,379013,,,5.528383047821954e-05,Information
635305,12181.0,776.1899039,BRA,Brazil,Bahia,3.290757839,1.763354547,0.63,0.51,,,,,,,,,,,,,,,,,,,,,,,,,,2.342831357622103,65.81515678,35.26709094,,,,,,,,,,,,,,,,,2.390625,0.3079948589964646,3.796875,0.4891683054649732,0.035859375,0.4619922884946969,0.132890625,1.7120890691274062,2.342831357622103,18995,,,0.0036764678897335,Information
635306,12182.0,1762.507931,BRA,Brazil,Bahia,2.899721157,0.493862561,0.63,0.51,,,,,,,,,,,,,,,,,,,,,,,,,,0.4504770001533399,57.99442314,9.87725122,,,,,,,,,,,,,,,,,0.5625,0.0319147500127783,1.6875,0.095744250038335,0.0084375,0.0478721250191674,0.0590625,0.3351048751341725,0.4504770001533399,33025,,,2.876755811733293e-06,Information
635308,12184.0,31662.7513,BRA,Brazil,Bahia,1.600962813,0.007095556,0.63,0.51,,,,,,,,,,,,,,,,,,,,,,,,,,0.2775575792152938,32.01925626,0.14191112,,,,,,,,,,,,,,,,,1.265625,0.0039972047529176,5.484375,0.0173212205959764,0.018984375,0.0059958071293763,0.191953125,0.0606242720859173,0.2775575792152938,749862,,,1.8887370944067786e-08,Information
635403,12188.0,847.3246771,BRA,Brazil,Minas Gerais,3.536405944,0.0,0.63,0.51,,,,,,,,,,,,,,,,,,,,,,,,,,0.4230611858215859,70.72811888000001,0.0,,,,,,,,,,,,,,,,,0.5625,0.0663854146079295,0.703125,0.0829817682599119,0.0084375,0.0995781219118942,0.024609375,0.2904361889096916,0.4230611858215859,6925,,,1.1333074277158986e-05,Information
635502,12196.0,5927.980708,BRA,Brazil,Bahia,2.069422458,0.040036623,0.63,0.51,,,,,,,,,,,,,,,,,,,,,,,,,,0.3400626887344608,41.38844916,0.80073246,,,,,,,,,,,,,,,,,0.5625,0.0094888972770871,3.375,0.0569333836625229,0.0084375,0.0142333459156306,0.118125,0.1992668428188301,0.3400626887344608,82351,,,1.305511460895705e-07,Information
635504,12198.0,6496.722779,BRA,Brazil,Bahia,1.313884583,0.0,0.63,0.51,,,,,,,,,,,,,,,,,,,,,,,,,,0.3427970764482432,26.27769166,0.0,,,,,,,,,,,,,,,,,1.125,0.0173164230373536,3.375,0.0519492691120608,0.016875,0.0259746345560304,0.118125,0.1818224418922128,0.3427970764482432,132392,,,3.91675303405617e-08,Information
635506,12200.0,15648.448,BRA,Brazil,Minas Gerais,1.971358076,0.0,0.63,0.51,,,,,,,,,,,,,,,,,,,,,,,,,,0.4598278330631532,39.42716152,0.0,,,,,,,,,,,,,,,,,1.96875,0.0125811198640809,7.171875,0.0458312223620091,0.02953125,0.0188716797961213,0.251015625,0.1604092782670318,0.4598278330631532,293575,,,5.284164864642841e-07,Information
635508,12202.0,12683.31975,BRA,Brazil,Espírito Santo,1.904892927,0.0,0.63,0.51,,,,,,,,,,,,,,,,,,,,,,,,,,0.2816788451857906,38.09785854,0.0,,,,,,,,,,,,,,,,,1.96875,0.0155223556482238,3.65625,0.02882723191813,0.02953125,0.0232835334723357,0.12796875,0.100895311713455,0.2816788451857906,327628,,,3.4733835085134e-08,Information
635602,12205.0,8868.786891,BRA,Brazil,Minas Gerais,2.665972678,0.0,0.63,0.51,,,,,,,,,,,,,,,,,,,,,,,,,,0.1271543510311528,53.31945356,0.0,,,,,,,,,,,,,,,,,0.703125,0.0079280854154297,1.40625,0.0158561708308595,0.010546875,0.0118921281231445,0.04921875,0.0554965979080082,0.1271543510311528,274848,,,1.7559639346492207e-09,Information
635606,12209.0,10547.32135,BRA,Brazil,Minas Gerais,1.611330373,0.0,0.63,0.51,,,,,,,,,,,,,,,,,,,,,,,,,,0.2835410349831324,32.22660746,0.0,,,,,,,,,,,,,,,,,0.84375,0.0079996614482975,3.796875,0.0359984765173389,0.01265625,0.0119994921724462,0.132890625,0.1259946678106861,0.2835410349831324,114919,,,2.1682696504444293e-08,Information
635608,12211.0,5446.608494,BRA,Brazil,Minas Gerais,3.354376532,0.0,0.63,0.51,,,,,,,,,,,,,,,,,,,,,,,,,,0.4087835218839684,67.08753064,0.0,,,,,,,,,,,,,,,,,0.421875,0.0077456457624576,3.9375,0.0722926937829377,0.006328125,0.0116184686436864,0.1378125,0.253024428240282,0.4087835218839684,571825,,,5.708825926163104e-06,Information
635609,12212.0,18035.37664,BRA,Brazil,Minas Gerais,2.0151116,0.0,0.63,0.51,,,,,,,,,,,,,,,,,,,,,,,,,,1.8165390483249824,40.302232,0.0,,,,,,,,,,,,,,,,,5.0625,0.0280698324184107,31.21875,0.1730972999135332,0.0759375,0.042104748627616,1.09265625,0.6058405496973662,1.8165390483249824,703288,,,0.0002393848485959,Information
635802,12215.0,8162.785665,BRA,Brazil,Rio de Janeiro,3.00263863,0.0,0.63,0.51,,,,,,,,,,,,,,,,,,,,,,,,,,0.5898179085435237,60.0527726,0.0,,,,,,,,,,,,,,,,,3.234375,0.039623421864727,6.1875,0.0758013287846952,0.048515625,0.0594351327970904,0.2165625,0.2653046507464331,0.5898179085435237,443216,,,1.2461231648423078e-05,Information
635803,12216.0,880.3493508,BRA,Brazil,Rio de Janeiro,2.937858202,0.0,0.63,0.51,,,,,,,,,,,,,,,,,,,,,,,,,,0.842931077479136,58.757164040000006,0.0,,,,,,,,,,,,,,,,,0.28125,0.0319475444321293,1.828125,0.2076590388088406,0.00421875,0.0479213166481939,0.063984375,0.7268066358309421,0.842931077479136,32662,,,5.0050383399762896e-05,Information
635805,12218.0,438.5407615,BRA,Brazil,Rio de Janeiro,2.053503963,0.0,0.63,0.51,,,,,,,,,,,,,,,,,,,,,,,,,,1.4560678656714117,41.07007926,0.0,,,,,,,,,,,,,,,,,0.140625,0.0320665744981933,1.6875,0.3847988939783205,0.002109375,0.0480998617472899,0.0590625,1.3467961289241217,1.4560678656714117,14018,,,0.0001075411664995,Information
635806,12219.0,8704.167205,BRA,Brazil,Minas Gerais,2.160102194,0.0,0.63,0.51,,,,,,,,,,,,,,,,,,,,,,,,,,0.7327999473310174,43.20204388,0.0,,,,,,,,,,,,,,,,,3.375,0.0387745308698739,8.296875,0.0953207217217733,0.050625,0.0581617963048108,0.290390625,0.3336225260262065,0.7327999473310174,632313,,,6.795001395743011e-06,Information
635807,12220.0,4374.297969,BRA,Brazil,Minas Gerais,2.047932459,0.0,0.63,0.51,,,,,,,,,,,,,,,,,,,,,,,,,,2.3474941999614773,40.95864918,0.0,,,,,,,,,,,,,,,,,2.671875,0.061081229919819,19.265625,0.4404278157376425,0.040078125,0.0916218448797284,0.674296875,1.5414973550817488,2.3474941999614773,140092,,,0.0006301062821385,Information
635808,12221.0,8610.86884,BRA,Brazil,Minas Gerais,0.700216476,0.0,0.63,0.51,,,,,,,,,,,,,,,,,,,,,,,,,,0.455904069475271,14.00432952,0.0,,,,,,,,,,,,,,,,,0.28125,0.0032662209263369,5.90625,0.0685906394530759,0.00421875,0.0048993313895053,0.20671875,0.2400672380857656,0.455904069475271,786714,,,8.038850666753302e-08,Information
641106,12228.0,4719.660615,BRA,Brazil,Santa Catarina,4.006826733,3.128538911,0.63,0.51,,,,,,,,,,,,,,,,,,,,,,,,,,6.425207930465827,80.13653466,62.57077822,,,,,,,,,,,,,,,,,16.59375,0.3515877804061213,51.75,1.096477145673327,0.24890625,0.527381670609182,1.81125,3.837670009856645,6.425207930465827,295573,,,0.1295220923885154,Information
641108,12230.0,8781.467583,BRA,Brazil,Rio Grande do Sul,1.408610347,0.0,0.63,0.51,,,,,,,,,,,,,,,,,,,,,,,,,,18.647329611562405,28.17220694,0.0,,,,,,,,,,,,,,,,,1.125,0.0128110704665321,248.625,2.831246573103602,0.016875,0.0192166056997981,8.701875,9.909363005862607,18.647329611562405,2187757,,,0.0887377957056289,Information
641203,12234.0,3465.563006,BRA,Brazil,Rio Grande do Sul,1.545088803,0.0,0.63,0.51,,,,,,,,,,,,,,,,,,,,,,,,,,33.76771921219198,30.901776060000003,0.0,,,,,,,,,,,,,,,,,89.15625,2.5726339369789177,210.09375,6.062326659063885,1.33734375,3.858950905468377,7.35328125,21.2181433067236,33.76771921219198,61462,,,0.2369883468234133,Information
641206,12237.0,2712.928361,BRA,Brazil,Rio Grande do Sul,1.239933679,0.0,0.63,0.51,,,,,,,,,,,,,,,,,,,,,,,,,,1.9999931347357447,24.79867358,0.0,,,,,,,,,,,,,,,,,2.53125,0.0933032378096982,11.109375,0.4094975437203423,0.03796875,0.1399548567145473,0.388828125,1.433241403021198,1.9999931347357447,15659,,,0.0001433527046819,Information
641300,12241.0,24413.96873,BRA,Brazil,Rio Grande do Sul,1.327579449,0.0,0.63,0.51,,,,,,,,,,,,,,,,,,,,,,,,,,24.355932932345382,26.55158898,0.0,,,,,,,,,,,,,,,,,63.84375,0.2615050043773748,466.3125,1.9100233359369487,0.95765625,0.3922575065660622,16.3209375,6.6850816757793226,24.355932932345382,363785,,,0.13483826099022,Information
641401,12242.0,1969.378724,BRA,Brazil,Rio Grande do Sul,2.241750683,0.0,0.63,0.51,,,,,,,,,,,,,,,,,,,,,,,,,,42.10166875210269,44.83501366,0.0,,,,,,,,,,,,,,,,,110.390625,5.605352777689934,150.609375,7.647557738733654,1.655859375,8.4080291665349,5.271328125,26.76645208556779,42.10166875210269,350289,,,0.3934873996269568,Advisory
641402,12243.0,5603.244082,BRA,Brazil,Rio Grande do Sul,1.821567321,0.0,0.63,0.51,,,,,,,,,,,,,,,,,,,,,,,,,,3.0074548533106222,36.43134642,0.0,,,,,,,,,,,,,,,,,17.859375,0.3187327687115222,23.203125,0.414101628640954,0.267890625,0.4780991530672832,0.812109375,1.449355700243339,3.0074548533106222,63574,,,0.0011403028977995,Information
641403,12244.0,8483.425341,BRA,Brazil,Rio Grande do Sul,0.664225495,0.0,0.63,0.51,,,,,,,,,,,,,,,,,,,,,,,,,,53.57831619957312,13.284509900000002,0.0,,,,,,,,,,,,,,,,,370.546875,4.367892214480766,543.796875,6.410109750814848,5.558203125,6.551838321721149,19.032890625,22.435384127851968,53.57831619957312,24022,,,0.3150848200356313,Advisory
641405,12246.0,7594.193915,URY,Uruguay,Cerro Largo,0.36937824,0.0,0.73,0.38,,,,,,,,,,,,,,,,,,,,,,,,,,23.22297840087495,7.387564800000001,0.0,,,,,,,,,,,,,,,,,132.75,1.7480459610586356,229.5,3.0220455597962848,1.99125,2.622068941587953,8.0325,10.577159459286996,23.22297840087495,59012,,,0.0832893323780613,Information
641406,12247.0,7577.392833,URY,Uruguay,Rocha,1.032962643,0.0,0.73,0.38,,,,,,,,,,,,,,,,,,,,,,,,,,35.29754663853528,20.65925286,0.0,,,,,,,,,,,,,,,,,301.078125,3.9733735813944855,305.71875,4.034616611841015,4.516171875,5.9600603720917285,10.70015625,14.121158141443551,35.29754663853528,37097,,,0.2089877986339327,Advisory
641407,12248.0,2815.731876,URY,Uruguay,Treinta y Tres,0.444919533,0.0,0.73,0.38,,,,,,,,,,,,,,,,,,,,,,,,,,13.07624404787025,8.89839066,0.0,,,,,,,,,,,,,,,,,52.734375,1.872847888742704,59.484375,2.11257241850177,0.791015625,2.809271833114056,2.081953125,7.394003464756194,13.07624404787025,6818,,,0.0261183260843577,Information
641505,12255.0,1892.241597,URY,Uruguay,San José,0.561316015,0.289850412,0.73,0.38,,,,,,,,,,,,,,,,,,,,,,,,,,1.400809054564298,11.2263203,5.79700824,,,,,,,,,,,,,,,,,2.390625,0.1263382542750351,5.34375,0.2824031566147844,0.035859375,0.1895073814125526,0.18703125,0.9884110481517452,1.400809054564298,46509,,,1.6693606146778387e-05,Information
641506,12256.0,1852.350298,URY,Uruguay,Colonia,0.57522466,0.0,0.73,0.38,,,,,,,,,,,,,,,,,,,,,,,,,,0.1799591322139825,11.5044932,0.0,,,,,,,,,,,,,,,,,0.5625,0.0303668264427965,0.5625,0.0303668264427965,0.0084375,0.0455502396641947,0.0196875,0.1062838925497877,0.1799591322139825,33113,,,2.859669753811125e-10,Information
641507,12257.0,4653.367172,URY,Uruguay,Colonia,0.336873921,2.036569229,0.73,0.38,,,,,,,,,,,,,,,,,,,,,,,,,,1.9727877114797183,6.73747842,40.73138458,,,,,,,,,,,,,,,,,4.359375,0.093682162583325,16.03125,0.344508597887066,0.065390625,0.1405232438749875,0.56109375,1.205780092604731,1.9727877114797183,96675,,,0.0003337001819159,Information
641508,12258.0,3079.221969,URY,Uruguay,Soriano,0.02934275,0.0,0.73,0.38,,,,,,,,,,,,,,,,,,,,,,,,,,0.1791945115996435,0.586855,0.0,,,,,,,,,,,,,,,,,0.84375,0.0274014023199287,0.84375,0.0274014023199287,0.01265625,0.041102103479893,0.02953125,0.0959049081197504,0.1791945115996435,25232,,,1.3199927328968364e-10,Information
641509,12259.0,60.75707149,URY,Uruguay,Soriano,4.027456231,0.0,0.73,0.38,,,,,,,,,,,,,,,,,,,,,,,,,,11.643039472231374,80.54912462000001,0.0,,,,,,,,,,,,,,,,,1.40625,2.3145453944462746,1.40625,2.3145453944462746,0.02109375,3.471818091669412,0.04921875,8.100908880561962,11.643039472231374,112,,,0.3039114678135736,Information
641601,12260.0,5760.317912,URY,Uruguay,Soriano,1.307519828,0.0,0.73,0.38,,,,,,,,,,,,,,,,,,,,,,,,,,16.450078211218234,26.15039656,0.0,,,,,,,,,,,,,,,,,114.046875,1.97987119370202,122.90625,2.1336712987614863,1.710703125,2.96980679055303,4.30171875,7.467849545665202,16.450078211218234,60306,,,0.0665872493119397,Information
641602,12261.0,2755.557101,URY,Uruguay,Río Negro,1.579769268,0.0,0.73,0.38,,,,,,,,,,,,,,,,,,,,,,,,,,0.1301914750251525,31.59538536,0.0,,,,,,,,,,,,,,,,,0.5625,0.0204132950050305,0.5625,0.0204132950050305,0.0084375,0.0306199425075457,0.0196875,0.0714465325176067,0.1301914750251525,1388,,,1.8738497488925278e-10,Information
641603,12262.0,556.3418522,URY,Uruguay,Soriano,0.28300722,0.0,0.73,0.38,,,,,,,,,,,,,,,,,,,,,,,,,,26.41614524162356,5.6601444,0.0,,,,,,,,,,,,,,,,,27.84375,5.004791548324711,27.84375,5.004791548324711,0.41765625,7.507187322487066,0.97453125,17.51677041913649,26.41614524162356,418,,,0.1015217319676488,Information
641604,12263.0,3294.300758,URY,Uruguay,Soriano,0.357222368,0.0,0.73,0.38,,,,,,,,,,,,,,,,,,,,,,,,,,2.028807468854229,7.14444736,0.0,,,,,,,,,,,,,,,,,9.5625,0.2902740430268184,10.265625,0.3116177226611433,0.1434375,0.4354110645402276,0.359296875,1.0906620293140017,2.028807468854229,5866,,,6.575942913961014e-05,Information
641607,12266.0,14375.47666,URY,Uruguay,Durazno,3.55161216,0.0,0.73,0.38,,,,,,,,,,,,,,,,,,,,,,,,,,18.024272473097568,71.0322432,0.0,,,,,,,,,,,,,,,,,189.5625,1.3186519273363573,222.46875,1.5475573805980098,2.8434375,1.977977891004536,7.78640625,5.416450832093035,18.024272473097568,23817,,,0.3175845116916637,Information
641700,12269.0,496.6168138,URY,Uruguay,Río Negro,0.018394897,0.0,0.73,0.38,,,,,,,,,,,,,,,,,,,,,,,,,,7.980585403959086,0.36789794,0.0,,,,,,,,,,,,,,,,,6.46875,1.3025636306596573,8.015625,1.6140462379913143,0.09703125,1.953845445989486,0.280546875,5.6491618329696,7.980585403959086,27521,,,0.0057936009645241,Information
641811,12270.0,5092.468083,URY,Uruguay,Paysand,0.267012293,0.0,0.73,0.38,,,,,,,,,,,,,,,,,,,,,,,,,,39.6888276030245,5.3402458600000005,0.0,,,,,,,,,,,,,,,,,191.25,3.755546365652979,300.65625,5.90393980129858,2.86875,5.633319548479468,10.52296875,20.66378930454503,39.6888276030245,224766,,,0.1923636239036671,Advisory
641812,12271.0,8615.367877,URY,Uruguay,Paysand,0.26620809,0.0,0.73,0.38,,,,,,,,,,,,,,,,,,,,,,,,,,3.685709761980263,5.324161800000001,0.0,,,,,,,,,,,,,,,,,13.640625,0.1583289906529971,42.890625,0.4978385788573621,0.204609375,0.2374934859794956,1.501171875,1.7424350260007673,3.685709761980263,11966,,,0.0005852030123911,Information
641813,12272.0,4766.380842,ARG,Argentina,Entre Ríos,2.265608277,0.0,0.65,0.49,,,,,,,,,,,,,,,,,,,,,,,,,,11.982833079254291,45.31216554,0.0,,,,,,,,,,,,,,,,,53.4375,1.1211336602859956,87.609375,1.8380691325215133,0.8015625,1.6817004904289934,3.066328125,6.433241963825298,11.982833079254291,60685,,,0.0644862490427601,Information
641814,12273.0,3422.92826,URY,Uruguay,Salto,1.967118973,0.0,0.73,0.38,,,,,,,,,,,,,,,,,,,,,,,,,,11.25524653553412,39.34237946,0.0,,,,,,,,,,,,,,,,,16.453125,0.4806739654127839,74.953125,2.189736953547127,0.246796875,0.7210109481191759,2.623359375,7.664079337414944,11.25524653553412,8081,,,0.0460511431795045,Information
641816,12275.0,12022.30039,URY,Uruguay,Salto,0.478536184,0.0,0.73,0.38,,,,,,,,,,,,,,,,,,,,,,,,,,7.861803266449196,9.57072368,0.0,,,,,,,,,,,,,,,,,40.359375,0.3357042635881125,105.328125,0.8761062488762936,0.605390625,0.5035563953821688,3.686484375,3.066371871067028,7.861803266449196,5311,,,0.0072919129241402,Information
641817,12276.0,1337.03259,URY,Uruguay,Artigas,1.085115849,0.0,0.73,0.38,,,,,,,,,,,,,,,,,,,,,,,,,,2.784240984873474,21.70231698,0.0,,,,,,,,,,,,,,,,,0.5625,0.0420707770428004,9.140625,0.6836501269455066,0.0084375,0.0631061655642006,0.319921875,2.392775444309273,2.784240984873474,7537,,,0.0004241369660576,Information
641819,12278.0,2818.059875,ARG,Argentina,Corrientes,0.661473845,0.0,0.65,0.49,,,,,,,,,,,,,,,,,,,,,,,,,,16.46749389853073,13.229476899999998,0.0,,,,,,,,,,,,,,,,,29.390625,1.042938273127956,90.84375,3.2236273896682275,0.440859375,1.5644074096919338,3.17953125,11.282695863838796,16.46749389853073,43193,,,0.0482685594214307,Information
641820,12279.0,14673.93749,URY,Uruguay,Artigas,1.454874641,0.0,0.73,0.38,,,,,,,,,,,,,,,,,,,,,,,,,,10.880622860710936,29.09749282,0.0,,,,,,,,,,,,,,,,,3.515625,0.0239582934136202,183.375,1.2496645844544303,0.052734375,0.0359374401204303,6.418125,4.373826045590506,10.880622860710936,74900,,,0.0304430073620558,Information
641862,12284.0,7989.467825,BRA,Brazil,Rio Grande do Sul,1.855868129,0.0,0.63,0.51,,,,,,,,,,,,,,,,,,,,,,,,,,4.293610940125743,37.117362580000005,0.0,,,,,,,,,,,,,,,,,4.078125,0.0510437627313027,52.734375,0.6600486560082253,0.061171875,0.076565644096954,1.845703125,2.3101702960287884,4.293610940125743,66238,,,0.0036358106938774,Information
641864,12286.0,5132.17174,BRA,Brazil,Rio Grande do Sul,0.77905878,0.0,0.63,0.51,,,,,,,,,,,,,,,,,,,,,,,,,,3.6611988704633607,15.581175599999998,0.0,,,,,,,,,,,,,,,,,7.3125,0.1424835405029385,32.34375,0.6302156599168437,0.1096875,0.2137253107544077,1.13203125,2.205754809708953,3.6611988704633607,63751,,,0.0008505250794198,Information
641865,12287.0,727.3349869,BRA,Brazil,Rio Grande do Sul,2.065201821,0.0,0.63,0.51,,,,,,,,,,,,,,,,,,,,,,,,,,21.09312140161284,41.30403642,0.0,,,,,,,,,,,,,,,,,18.5625,2.5521252704158264,32.90625,4.524222070282601,0.2784375,3.8281879056237393,1.15171875,15.834777245989104,21.09312140161284,83,,,0.1530537146019264,Information
641866,12288.0,5818.321423,BRA,Brazil,Rio Grande do Sul,1.168716445,0.0,0.63,0.51,,,,,,,,,,,,,,,,,,,,,,,,,,9.292249183539326,23.3743289,0.0,,,,,,,,,,,,,,,,,33.609375,0.5776472723681955,83.25,1.4308250428534384,0.504140625,0.8664709085522933,2.91375,5.007887649987034,9.292249183539326,51077,,,0.0174398820961428,Information
641867,12289.0,3660.854851,BRA,Brazil,Rio Grande do Sul,1.969379685,0.0,0.63,0.51,,,,,,,,,,,,,,,,,,,,,,,,,,5.735589544728152,39.3875937,0.0,,,,,,,,,,,,,,,,,3.375,0.0921915819519447,42.46875,1.1600774062286383,0.050625,0.138287372927917,1.48640625,4.060270921800234,5.735589544728152,25547,,,0.0091915730384582,Information
641869,12291.0,6118.191697,BRA,Brazil,Rio Grande do Sul,2.180029721,0.0,0.63,0.51,,,,,,,,,,,,,,,,,,,,,,,,,,6.129464629609171,43.60059442,0.0,,,,,,,,,,,,,,,,,0.5625,0.0091938930301823,66.234375,1.0825809043039705,0.0084375,0.0137908395452734,2.318203125,3.7890331650638966,6.129464629609171,36844,,,0.0132314201308911,Information
641872,12293.0,7104.483664,ARG,Argentina,Corrientes,0.309439824,0.0,0.65,0.49,,,,,,,,,,,,,,,,,,,,,,,,,,14.194269782371183,6.18879648,0.0,,,,,,,,,,,,,,,,,58.359375,0.8214442845102067,143.4375,2.018971494458821,0.875390625,1.23216642676531,5.0203125,7.066400230605874,14.194269782371183,23412,,,0.0294830542734223,Information
641874,12295.0,5623.280319,BRA,Brazil,Rio Grande do Sul,0.312810421,0.0,0.63,0.51,,,,,,,,,,,,,,,,,,,,,,,,,,0.5079118897443422,6.25620842,0.0,,,,,,,,,,,,,,,,,1.6875,0.0300091744379393,4.5,0.0800244651678381,0.0253125,0.0450137616569089,0.1575,0.2800856280874333,0.5079118897443422,56126,,,9.04265180396194e-08,Information
642140,12307.0,21843.21007,ARG,Argentina,Entre Ríos,0.619837598,0.0,0.65,0.49,,,,,,,,,,,,,,,,,,,,,,,,,,16.640196898663284,12.39675196,0.0,,,,,,,,,,,,,,,,,140.484375,0.6431489445625999,265.921875,1.2174120662341104,2.107265625,0.9647234168438998,9.307265625,4.260942231819386,16.640196898663284,206251,,,0.0483570439795656,Information
642180,12311.0,27705.76892,COL,Colombia,Córdoba,0.708703182,0.0,0.58,0.58,,,,,,,,,,,,,,,,,,,,,,,,,,8.018888085774364,14.17406364,0.0,,,,,,,,,,,,,,,,,40.078125,0.1446562450944377,151.171875,0.5456332051807739,0.601171875,0.2169843676416565,5.291015625,1.9097162181327083,8.018888085774364,291475,,,0.0088815058836722,Information
642181,12312.0,43.92932875,ARG,Argentina,Santa Fe,4.056819445,0.0,0.65,0.49,,,,,,,,,,,,,,,,,,,,,,,,,,45.47249574723422,81.13638890000001,0.0,3.0,,,,,,,,,,,,,,,,2.953125,6.722445081489478,9.84375,22.4081502716316,0.044296875,10.083667622234216,0.34453125,35.0,45.47249574723422,0,0.0,0.0,0.8105359236695829,Warning
642183,12314.0,5288.27883,ARG,Argentina,Santa Fe,1.829343835,0.0,0.65,0.49,,,,,,,,,,,,,,,,,,,,,,,,,,0.8639044657130216,36.5868767,0.0,,,,,,,,,,,,,,,,,1.546875,0.0292510105780858,7.875,0.1489142356702551,0.023203125,0.0438765158671287,0.275625,0.5211998248458929,0.8639044657130216,135652,,,8.696793633997417e-06,Information
642186,12317.0,4638.814636,COL,Colombia,Córdoba,0.198191909,0.0,0.58,0.58,,,,,,,,,,,,,,,,,,,,,,,,,,0.6634414795690697,3.96383818,0.0,,,,,,,,,,,,,,,,,1.546875,0.0333463421422058,5.34375,0.1151964546730746,0.023203125,0.0500195132133086,0.18703125,0.4031875913557611,0.6634414795690697,47346,,,3.261717919524333e-07,Information
642210,12322.0,217.5953028,ARG,Argentina,Santa Fe,2.197416446,0.0,0.65,0.49,,,,,,,,,,,,,,,,,,,,,,,,,,38.26618413008151,43.94832892,0.0,,,,,,,,,,,,,,,,,11.671875,5.364028933859819,18.28125,8.401491101226224,0.175078125,8.046043400789728,0.63984375,29.405218854291785,38.26618413008151,28971,,,0.3513392134919678,Advisory
642243,12327.0,5978.859591,ARG,Argentina,Santa Fe,1.183125477,0.0,0.65,0.49,,,,,,,,,,,,,,,,,,,,,,,,,,20.1707272476142,23.66250954,0.0,,,,,,,,,,,,,,,,,83.8125,1.4018141540111917,179.71875,3.005903504742119,1.2571875,2.102721231016788,6.29015625,10.520662266597418,20.1707272476142,7410,,,0.0916057318205825,Information
642245,12329.0,3520.331653,ARG,Argentina,Santa Fe,0.350028629,0.0,0.65,0.49,,,,,,,,,,,,,,,,,,,,,,,,,,0.4644775750038173,7.00057258,0.0,,,,,,,,,,,,,,,,,0.84375,0.0239679122095686,3.09375,0.0878823447684184,0.01265625,0.0359518683143529,0.10828125,0.3075882066894644,0.4644775750038173,14694,,,5.80806833027402e-08,Information
642249,12333.0,12983.50775,ARG,Argentina,Santiago del Estero,3.56188137,0.0,0.65,0.49,,,,,,,,,,,,,,,,,,,,,,,,,,0.1468719351542318,71.23762740000001,0.0,,,,,,,,,,,,,,,,,0.28125,0.0021662096662451,2.25,0.0173296773299612,0.00421875,0.0032493144993676,0.07875,0.0606538706548641,0.1468719351542318,41615,,,6.55640689481325e-08,Information
642250,12334.0,15751.82415,ARG,Argentina,Santiago del Estero,1.858315138,0.0,0.65,0.49,,,,,,,,,,,,,,,,,,,,,,,,,,5.524505999118789,37.16630276,0.0,,,,,,,,,,,,,,,,,38.25,0.2428290186268459,80.15625,0.5088696346224344,0.57375,0.3642435279402688,2.80546875,1.7810437211785204,5.524505999118789,74234,,,0.0075224241003772,Information
642292,12339.0,4279.963144,ARG,Argentina,Salta,3.210304709,0.0,0.65,0.49,,,,,,,,,,,,,,,,,,,,,,,,,,0.2275575930158218,64.20609418,0.0,,,,,,,,,,,,,,,,,1.265625,0.0295709322091216,1.40625,0.0328565913434684,0.018984375,0.0443563983136824,0.04921875,0.1149980697021393,0.2275575930158218,38963,,,2.1169436914752082e-07,Information
642351,12351.0,65.96777032,ARG,Argentina,Santa Fe,1.095220581,0.0,0.65,0.49,,,,,,,,,,,,,,,,,,,,,,,,,,36.58563934962039,21.90441162,0.0,,,,,,,,,,,,,,,,,3.515625,5.329306997744926,5.34375,8.100546636572288,0.052734375,7.9939604966173885,0.18703125,28.351913228003006,36.58563934962039,23043,,,0.2241423554597141,Advisory
642353,12353.0,3753.37194,ARG,Argentina,Santa Fe,2.375456829,0.0,0.65,0.49,,,,,,,,,,,,,,,,,,,,,,,,,,18.68177038857161,47.50913658,0.0,,,,,,,,,,,,,,,,,70.171875,1.869568913466345,115.59375,3.07973075524917,1.052578125,2.804353370199517,4.04578125,10.779057643372097,18.68177038857161,52314,,,0.1507806757371335,Information
642355,12355.0,18.80658339,ARG,Argentina,Corrientes,2.920590442,0.0,0.65,0.49,,,,,,,,,,,,,,,,,,,,,,,,,,26.96939006275264,58.41180884,0.0,,,,,,,,,,,,,,,,,0.421875,2.2432304218960537,1.265625,6.72969126568816,0.006328125,3.364845632844081,0.044296875,23.55391942990856,26.96939006275264,0,,,0.3324660709806792,Information
642358,12358.0,2928.770526,ARG,Argentina,Corrientes,1.963225468,0.0,0.65,0.49,,,,,,,,,,,,,,,,,,,,,,,,,,16.416402388478204,39.264509360000005,0.0,,,,,,,,,,,,,,,,,49.078125,1.6757244915688765,85.21875,2.9097107217499687,0.736171875,2.5135867373533145,2.98265625,10.183987526124891,16.416402388478204,100465,,,0.0953947326552961,Information
642429,12374.0,8388.562641,ARG,Argentina,Jujuy,3.557652926,0.0,0.65,0.49,,,,,,,,,,,,,,,,,,,,,,,,,,0.2481524957596793,71.15305852,0.0,,,,,,,,,,,,,,,,,0.984375,0.011734727892146,2.8125,0.0335277939775601,0.014765625,0.017602091838219,0.0984375,0.1173472789214603,0.2481524957596793,426807,,,9.887225180654885e-07,Information
642436,12380.0,9206.844003,ARG,Argentina,Formosa,4.031627487,0.0,0.65,0.49,,,,,,,,,,,,,,,,,,,,,,,,,,1.9420738890969025,80.63254974,0.0,,,,,,,,,,,,,,,,,8.578125,0.0931711778472976,22.921875,0.2489656063788446,0.128671875,0.1397567667709464,0.802265625,0.8713796223259561,1.9420738890969025,15712,,,0.010728716343154,Information
642442,12385.0,5811.905672,ARG,Argentina,Formosa,1.722382606,0.0,0.65,0.49,,,,,,,,,,,,,,,,,,,,,,,,,,0.9794181742547604,34.44765212,0.0,,,,,,,,,,,,,,,,,4.640625,0.0798468740250277,8.296875,0.1427565323477768,0.069609375,0.1197703110375415,0.290390625,0.4996478632172187,0.9794181742547604,61431,,,1.3132502722202951e-05,Information
642444,12387.0,23624.95213,BOL,Bolivia,Potosí,0.853160584,0.0,0.55,0.63,,,,,,,,,,,,,,,,,,,,,,,,,,0.1340997831833858,17.063211680000002,0.0,,,,,,,,,,,,,,,,,0.703125,0.0029761965062228,2.390625,0.0101190681211576,0.010546875,0.0044642947593342,0.083671875,0.0354167384240516,0.1340997831833858,671108,,,6.496658835049724e-11,Information
642445,12388.0,6079.237947,BOL,Bolivia,Tarija,1.398101755,0.0,0.55,0.63,,,,,,,,,,,,,,,,,,,,,,,,,,1.5937848029821722,27.9620351,0.0,,,,,,,,,,,,,,,,,2.109375,0.0346980167321647,16.3125,0.2683313293954072,0.031640625,0.052047025098247,0.5709375,0.9391596528839252,1.5937848029821722,42636,,,6.91800119855436e-05,Information
642446,12389.0,21438.39026,BOL,Bolivia,Potosí,2.35622552,0.0,0.55,0.63,,,,,,,,,,,,,,,,,,,,,,,,,,0.2031266444415174,47.124510400000005,0.0,,,,,,,,,,,,,,,,,0.703125,0.0032797471797724,3.65625,0.0170546853348168,0.010546875,0.0049196207696586,0.12796875,0.0596913986718588,0.2031266444415174,150330,,,1.3345296551222422e-08,Information
642449,12392.0,14187.00082,ARG,Argentina,Jujuy,4.199475012,0.0,0.65,0.49,,,,,,,,,,,,,,,,,,,,,,,,,,0.4806935977030273,83.98950024,0.0,,,,,,,,,,,,,,,,,0.421875,0.0029736729082747,7.875,0.0555085609544615,0.006328125,0.004460509362412,0.275625,0.1942799633406152,0.4806935977030273,58908,,,0.0002276442616346,Information
642452,12394.0,20347.83716,PRY,Paraguay,Canindey,2.429341268,0.0,0.6,0.56,,,,,,,,,,,,,,,,,,,,,,,,,,1.4566133206155718,48.58682536,0.0,,,,,,,,,,,,,,,,,10.96875,0.0539062206738871,23.203125,0.1140323898870689,0.16453125,0.0808593310108306,0.812109375,0.3991133646047411,1.4566133206155718,452412,,,0.000182775933983,Information
642497,12435.0,1488.740973,BRA,Brazil,Mato Grosso,1.763621754,0.0,0.63,0.51,,,,,,,,,,,,,,,,,,,,,,,,,,0.3364166842543691,35.27243508,0.0,,,,,,,,,,,,,,,,,0.28125,0.0188918022099593,1.125,0.0755672088398372,0.00421875,0.0283377033149389,0.039375,0.2644852309394302,0.3364166842543691,1231,,,7.218772692055532e-08,Information
642517,12444.0,845.7281841,PRY,Paraguay,Alto Paraná,0.451269139,0.0,0.6,0.56,,,,,,,,,,,,,,,,,,,,,,,,,,2.506716662566029,9.02538278,0.0,,,,,,,,,,,,,,,,,0.5625,0.0665107312968641,5.34375,0.6318519473202094,0.0084375,0.0997660969452961,0.18703125,2.211481815620733,2.506716662566029,18034,,,0.0001643227586116,Information
642518,12445.0,6716.061448,PRY,Paraguay,Caazapa,1.54306454,0.0,0.6,0.56,,,,,,,,,,,,,,,,,,,,,,,,,,0.1382543895603022,30.8612908,0.0,,,,,,,,,,,,,,,,,0.421875,0.0062815833843267,1.40625,0.0209386112810892,0.006328125,0.00942237507649,0.04921875,0.0732851394838122,0.1382543895603022,385591,,,2.5699179213116387e-10,Information
642526,12452.0,2731.929856,BRA,Brazil,Santa Catarina,1.483341027,0.0,0.63,0.51,,,,,,,,,,,,,,,,,,,,,,,,,,0.5472347954732872,29.66682054,0.0,,,,,,,,,,,,,,,,,0.28125,0.0102949202508571,3.234375,0.1183915828848576,0.00421875,0.0154423803762856,0.113203125,0.4143705400970016,0.5472347954732872,13147,,,5.9853789569197e-07,Information
642564,12462.0,3664.636168,BRA,Brazil,Paraná,0.60840505,0.0,0.63,0.51,,,,,,,,,,,,,,,,,,,,,,,,,,0.20974409170343,12.168101,0.0,,,,,,,,,,,,,,,,,1.125,0.030698818340686,1.125,0.030698818340686,0.016875,0.046048227511029,0.039375,0.107445864192401,0.20974409170343,32272,,,7.836106106973809e-10,Information
642567,12465.0,549.2676909,BRA,Brazil,Paraná,0.733248143,0.0,0.63,0.51,,,,,,,,,,,,,,,,,,,,,,,,,,0.972306738084042,14.66496286,0.0,,,,,,,,,,,,,,,,,0.421875,0.0768068115070035,1.265625,0.2304204345210105,0.006328125,0.1152102172605052,0.044296875,0.8064715208235367,0.972306738084042,11103,,,3.826487461791222e-06,Information
642585,12473.0,752.0130982,BRA,Brazil,Mato Grosso do Sul,1.073101196,0.0,0.63,0.51,,,,,,,,,,,,,,,,,,,,,,,,,,2.261931442612728,21.46202392,0.0,,,,,,,,,,,,,,,,,0.703125,0.0934990363383434,4.21875,0.5609942180300608,0.010546875,0.1402485545075151,0.14765625,1.9634797631052128,2.261931442612728,2096,,,0.0001945538761726,Information
642586,12474.0,10982.40435,BRA,Brazil,Mato Grosso do Sul,0.353704106,0.0,0.63,0.51,,,,,,,,,,,,,,,,,,,,,,,,,,2.675960487533208,7.07408212,0.0,,,,,,,,,,,,,,,,,0.84375,0.0076827439008024,39.65625,0.3610889633377155,0.01265625,0.0115241158512036,1.38796875,1.2638113716820043,2.675960487533208,187562,,,0.0001944571447222,Information
642587,12475.0,6143.86752,BRA,Brazil,Mato Grosso do Sul,0.463250669,0.0,0.63,0.51,,,,,,,,,,,,,,,,,,,,,,,,,,0.6004566283502908,9.26501338,0.0,,,,,,,,,,,,,,,,,0.140625,0.0022888677129248,6.46875,0.1052879147945439,0.002109375,0.0034333015693872,0.22640625,0.3685077017809036,0.6004566283502908,218261,,,2.610501685570872e-07,Information
642640,12482.0,9667.16811,BRA,Brazil,Paraná,0.769806633,0.0,0.63,0.51,,,,,,,,,,,,,,,,,,,,,,,,,,0.4291373881172957,15.39613266,0.0,,,,,,,,,,,,,,,,,0.28125,0.0029093318415639,5.90625,0.0610959686728428,0.00421875,0.0043639977623458,0.20671875,0.2138358903549498,0.4291373881172957,266269,,,6.321107582006334e-08,Information
642660,12484.0,9053.946481,BRA,Brazil,São Paulo,1.634094571,0.0,0.63,0.51,,,,,,,,,,,,,,,,,,,,,,,,,,0.836041827015445,32.68189142,0.0,,,,,,,,,,,,,,,,,3.515625,0.0388297523907473,9.84375,0.1087233066940926,0.052734375,0.0582446285861209,0.34453125,0.3805315734293241,0.836041827015445,319701,,,5.706601747256602e-06,Information
642723,12491.0,7528.450258,BRA,Brazil,Mato Grosso do Sul,0.245528933,0.0,0.63,0.51,,,,,,,,,,,,,,,,,,,,,,,,,,0.124418243938998,4.9105786600000005,0.0,,,,,,,,,,,,,,,,,0.28125,0.0037358286283683,1.40625,0.0186791431418416,0.00421875,0.0056037429425524,0.04921875,0.0653770009964456,0.124418243938998,5420,,,1.579904350735727e-11,Information
642725,12493.0,557.4221068,BRA,Brazil,Mato Grosso do Sul,4.017872167,0.0,0.63,0.51,,,,,,,,,,,,,,,,,,,,,,,,,,0.2263889153023254,80.35744334,0.0,,,,,,,,,,,,,,,,,0.140625,0.0252277400355677,0.28125,0.0504554800711354,0.002109375,0.0378416100533515,0.00984375,0.1765941802489739,0.2263889153023254,385,,,4.037243000997042e-06,Information
642782,12504.0,2826.271264,BRA,Brazil,São Paulo,0.034739458,0.0,0.63,0.51,,,,,,,,,,,,,,,,,,,,,,,,,,0.1435924585118722,0.69478916,0.0,,,,,,,,,,,,,,,,,0.140625,0.0049756370449721,0.84375,0.0298538222698326,0.002109375,0.0074634555674581,0.02953125,0.1044883779444141,0.1435924585118722,198841,,,3.097110704272772e-11,Information
642865,12538.0,1303.2337,BRA,Brazil,Goiás,0.104830208,0.0,0.63,0.51,,,,,,,,,,,,,,,,,,,,,,,,,,0.1219671682044575,2.09660416,0.0,,,,,,,,,,,,,,,,,0.28125,0.0215809336408915,0.28125,0.0215809336408915,0.00421875,0.0323714004613372,0.00984375,0.0755332677431202,0.1219671682044575,36086,,,1.1313245519308654e-11,Information
642941,12557.0,5231.031912,BRA,Brazil,São Paulo,0.083356061,0.0,0.63,0.51,,,,,,,,,,,,,,,,,,,,,,,,,,3.7342151137373647,1.6671212199999998,0.0,,,,,,,,,,,,,,,,,10.6875,0.204309592811447,32.0625,0.6129287784343412,0.1603125,0.3064643892171705,1.1221875,2.1452507245201944,3.7342151137373647,324018,,,0.0005361792089363,Information
642946,12562.0,2203.269031,BRA,Brazil,São Paulo,0.049377629,0.0,0.63,0.51,,,,,,,,,,,,,,,,,,,,,,,,,,1.3747252226835218,0.98755258,0.0,,,,,,,,,,,,,,,,,1.125,0.0510604916797063,6.609375,0.299980388618275,0.016875,0.0765907375195594,0.231328125,1.0499313601639624,1.3747252226835218,207629,,,9.471793116818344e-06,Information
644011,12572.0,10082.75923,ARG,Argentina,Santiago del Estero,0.535332987,0.0,0.65,0.49,,,,,,,,,,,,,,,,,,,,,,,,,,2.120324833807672,10.70665974,0.0,,,,,,,,,,,,,,,,,12.234375,0.121339553224924,25.171875,0.2496526439915103,0.183515625,0.182009329837386,0.881015625,0.873784253970286,2.120324833807672,77183,,,9.187931247510056e-05,Information
644022,12583.0,40086.68705,COL,Colombia,Córdoba,1.063347311,0.0,0.58,0.58,,,,,,,,,,,,,,,,,,,,,,,,,,1.3502946538934026,21.26694622,0.0,,,,,,,,,,,,,,,,,18.5625,0.0463058969602201,22.921875,0.0571807667008779,0.2784375,0.0694588454403301,0.802265625,0.2001326834530726,1.3502946538934026,307327,,,2.3940122038484635e-05,Information
644025,12586.0,9757.644331,ARG,Argentina,La Rioja,0.185056559,0.0,0.65,0.49,,,,,,,,,,,,,,,,,,,,,,,,,,0.996599716023771,3.70113118,0.0,,,,,,,,,,,,,,,,,9.84375,0.1008824432047542,9.84375,0.1008824432047542,0.14765625,0.1513236648071313,0.34453125,0.3530885512166397,0.996599716023771,18577,,,2.428602851917919e-06,Information
644026,12587.0,21468.44162,ARG,Argentina,La Rioja,1.865772532,0.0,0.65,0.49,,,,,,,,,,,,,,,,,,,,,,,,,,0.6379665446875147,37.31545064,0.0,,,,,,,,,,,,,,,,,3.09375,0.0144106873445083,11.109375,0.0517474681916435,0.04640625,0.0216160310167624,0.388828125,0.1811161386707522,0.6379665446875147,298363,,,2.242020517699285e-06,Information
644028,12589.0,23928.38329,ARG,Argentina,Catamarca,2.245187468,0.0,0.65,0.49,,,,,,,,,,,,,,,,,,,,,,,,,,0.6769430333146831,44.903749360000006,0.0,,,,,,,,,,,,,,,,,4.921875,0.0205691915788333,11.53125,0.0481906774132666,0.073828125,0.0308537873682499,0.40359375,0.1686673709464331,0.6769430333146831,46767,,,5.431286095081731e-06,Information
644029,12590.0,23442.51378,ARG,Argentina,Catamarca,1.378273117,0.0,0.65,0.49,,,,,,,,,,,,,,,,,,,,,,,,,,0.3400376238406387,27.56546234,0.0,,,,,,,,,,,,,,,,,1.125,0.0047989733966083,6.328125,0.0269942253559218,0.016875,0.0071984600949124,0.221484375,0.0944797887457263,0.3400376238406387,61472,,,4.129377796927079e-08,Information
644030,12591.0,23294.7224,ARG,Argentina,La Rioja,2.122120521,0.0,0.65,0.49,,,,,,,,,,,,,,,,,,,,,,,,,,0.2331515910847245,42.44241042,0.0,,,,,,,,,,,,,,,,,0.703125,0.0030183875467553,4.359375,0.0187140027898833,0.010546875,0.0045275813201329,0.152578125,0.0654990097645915,0.2331515910847245,27068,,,1.8059025647718992e-08,Information
651070,12604.0,7506.278713,ARG,Argentina,Buenos Aires,4.002583721,0.0,0.65,0.49,,,,,,,,,,,,,,,,,,,,,,,,,,0.4263586125201409,80.05167442,0.0,,,,,,,,,,,,,,,,,1.6875,0.0224811796172437,4.5,0.0599498123126501,0.0253125,0.0337217694258655,0.1575,0.2098243430942753,0.4263586125201409,89197,,,6.012407636739422e-05,Information
651080,12605.0,18166.44897,ARG,Argentina,Santa Fe,1.238659791,0.0,0.65,0.49,,,,,,,,,,,,,,,,,,,,,,,,,,3.693499085446673,24.77319582,0.0,,,,,,,,,,,,,,,,,24.609375,0.1354660728767224,57.515625,0.3166035646090256,0.369140625,0.2031991093150836,2.013046875,1.1081124761315897,3.693499085446673,193331,,,0.0012894223250181,Information
651201,12607.0,1901.592506,ARG,Argentina,Buenos Aires,3.231142795,0.0,0.65,0.49,,,,,,,,,,,,,,,,,,,,,,,,,,4.9287657935584575,64.62285589999999,0.0,,,,,,,,,,,,,,,,,15.75,0.8282531587116915,15.75,0.8282531587116915,0.23625,1.2423797380675372,0.55125,2.8988860554909204,4.9287657935584575,8903,,,0.0243632330754219,Information
651202,12608.0,10397.66108,ARG,Argentina,Buenos Aires,2.233845459,0.0,0.65,0.49,,,,,,,,,,,,,,,,,,,,,,,,,,6.892655989552582,44.67690918,0.0,,,,,,,,,,,,,,,,,68.203125,0.6559467988024824,71.15625,0.6843486189568168,1.023046875,0.9839201982037236,2.49046875,2.395220166348859,6.892655989552582,25766,,,0.0186377436514377,Information
651203,12609.0,7823.676675,ARG,Argentina,Buenos Aires,1.702804846,0.0,0.65,0.49,,,,,,,,,,,,,,,,,,,,,,,,,,5.846713395244025,34.05609692,0.0,,,,,,,,,,,,,,,,,50.34375,0.6434794290396497,51.75,0.6614537147670143,0.75515625,0.9652191435594746,1.81125,2.31508800168455,5.846713395244025,116042,,,0.0076980580328619,Information
651205,12611.0,144.5849809,ARG,Argentina,Buenos Aires,2.261539772,0.0,0.65,0.49,,,,,,,,,,,,,,,,,,,,,,,,,,1.480010842728749,45.23079544,0.0,,,,,,,,,,,,,,,,,0.421875,0.2917834185457498,0.421875,0.2917834185457498,0.006328125,0.4376751278186247,0.014765625,1.0212419649101243,1.480010842728749,7,,,0.0001524630760949,Information
651206,12612.0,15948.03996,ARG,Argentina,Buenos Aires,1.268544181,0.0,0.65,0.49,,,,,,,,,,,,,,,,,,,,,,,,,,0.9049118306919296,25.37088362,0.0,,,,,,,,,,,,,,,,,6.890625,0.0432067201742214,12.9375,0.0811228215515993,0.103359375,0.0648100802613321,0.4528125,0.2839298754305975,0.9049118306919296,371953,,,5.1104056699764015e-06,Information
651208,12614.0,6452.518706,ARG,Argentina,Buenos Aires,0.279269113,0.0,0.65,0.49,,,,,,,,,,,,,,,,,,,,,,,,,,0.8659300111587915,5.58538226,0.0,,,,,,,,,,,,,,,,,0.984375,0.0152556706132983,9.28125,0.1438391800682412,0.014765625,0.0228835059199474,0.32484375,0.5034371302388442,0.8659300111587915,21733,,,1.3550715240512745e-06,Information
651300,12616.0,1784.234912,ARG,Argentina,Buenos Aires,4.044837666,2.041346892,0.65,0.49,,,,,,,,,,,,,,,,,,,,,,,,,,50.87845580170415,80.89675332,40.82693784,3.0,,,,,,,,,,,,,,,,145.40625,8.149501446506406,157.78125,8.84307603769844,2.18109375,12.224252169759607,5.52234375,30.95076613194454,50.87845580170415,473,0.0,0.0,0.8363535716729869,Warning
652403,12659.0,598.4344158,ARG,Argentina,Mendoza,4.02246749,0.0,0.65,0.49,,,,,,,,,,,,,,,,,,,,,,,,,,12.826108796047324,80.44934980000001,0.0,,,,,,,,,,,,,,,,,7.59375,1.2689360436632149,17.4375,2.913853137300715,0.11390625,1.9034040654948223,0.6103125,10.1984859805525,12.826108796047324,41554,,,0.3366856239387746,Information
652600,12676.0,2947.24107,ARG,Argentina,San Juan,0.145694745,0.0,0.65,0.49,,,,,,,,,,,,,,,,,,,,,,,,,,2.7675923619160367,2.9138949,0.0,,,,,,,,,,,,,,,,,7.875,0.2671990452395046,14.625,0.4962267983019371,0.118125,0.4007985678592569,0.511875,1.73679379405678,2.7675923619160367,12139,,,0.0001871147170987,Information
652700,12686.0,7404.468116,ARG,Argentina,San Juan,3.292984882,0.0,0.65,0.49,,,,,,,,,,,,,,,,,,,,,,,,,,1.389937985563357,65.85969764,0.0,,,,,,,,,,,,,,,,,6.609375,0.089261982036808,14.0625,0.1899191107166128,0.099140625,0.133892973055212,0.4921875,0.6647168875081448,1.389937985563357,3411,,,0.0006842363455045,Information
652800,12687.0,27559.49729,ARG,Argentina,La Rioja,2.9007299,0.0,0.65,0.49,,,,,,,,,,,,,,,,,,,,,,,,,,1.1824864665005612,58.014598,0.0,,,,,,,,,,,,,,,,,2.390625,0.0086744143930462,23.765625,0.0862338842602834,0.035859375,0.0130116215895693,0.831796875,0.3018185949109919,1.1824864665005612,16699,,,0.0001786933711684,Information
652902,12690.0,3993.767251,ARG,Argentina,San Juan,3.226078996,0.0,0.65,0.49,,,,,,,,,,,,,,,,,,,,,,,,,,1.5595099310091278,64.52157992,0.0,,,,,,,,,,,,,,,,,0.140625,0.0035211115513716,12.65625,0.3169000396234487,0.002109375,0.0052816673270574,0.44296875,1.1091501386820704,1.5595099310091278,9690,,,0.0008903771879919,Information
653301,12729.0,7349.656162,ARG,Argentina,Río Negro,4.048496249,1.2728903,0.65,0.49,,,,,,,,,,,,,,,,,,,,,,,,,,5.917195581230303,80.96992498,25.457806,,,,,,,,,,,,,,,,,0.421875,0.0057400644424633,71.4375,0.9719842455904592,0.006328125,0.0086100966636949,2.5003125,3.401944859566607,5.917195581230303,28615,,,0.1213715179735094,Information
653902,12800.0,17279.77797,BOL,Bolivia,Santa Cruz,1.031165632,0.0,0.55,0.63,,,,,,,,,,,,,,,,,,,,,,,,,,49.14330438502961,20.62331264,0.0,,,,,,,,,,,,,,,,,28.40625,0.164390133076255,877.21875,5.07656262440435,0.42609375,0.2465851996143825,30.70265625,17.767969185415225,49.14330438502961,7346,,,0.315804248787281,Advisory
653904,12802.0,11404.43384,BOL,Bolivia,Santa Cruz,0.600563145,0.0,0.55,0.63,,,,,,,,,,,,,,,,,,,,,,,,,,58.67083169961055,12.011262899999998,0.0,,,,,,,,,,,,,,,,,1.40625,0.0123307304818419,892.546875,7.826314636825081,0.02109375,0.0184960957227628,31.239140625,27.392101228887785,58.67083169961055,14424,,,0.342640953708392,Advisory
653906,12804.0,4183.439219,CHL,Chile,Magallanes y Antártica Chilena,2.061702923,0.0,0.7,0.42,,,,,,,,,,,,,,,,,,,,,,,,,,42.48752520640801,41.23405846,0.0,,,,,,,,,,,,,,,,,1.6875,0.0403376244152944,357.328125,8.54149196993859,0.0253125,0.0605064366229416,12.506484375,29.895221894785067,42.48752520640801,1562,,,0.3728357953834276,Advisory
653907,12805.0,4538.652412,BOL,Bolivia,Santa Cruz,1.176700088,2.102300816,0.55,0.63,,,,,,,,,,,,,,,,,,,,,,,,,,42.161146635697264,23.53400176,42.04601632,,,,,,,,,,,,,,,,,8.578125,0.1890015850635753,372.375,8.204527823743401,0.128671875,0.2835023775953629,13.033125,28.715847383101902,42.161146635697264,6837,,,0.375185499411582,Advisory
653909,16263.0,1253.143061,CHL,Chile,Magallanes y Antártica Chilena,4.025653517,0.0,0.7,0.42,,,,,,,,,,,,,,,,,,,,,,,,,,41.78890942605003,80.51307034000001,0.0,3.0,,,,,,,,,,,,,,,,1.546875,0.1234396173666892,188.015625,15.00352440175123,0.023203125,0.1851594260500338,6.580546875,35.0,41.78890942605003,4,0.0,0.0,0.7772346088585531,Watch
661001,12807.0,600.684011,ARG,Argentina,Tierra del Fuego,1.930944013,0.0,0.65,0.49,,,,,,,,,,,,,,,,,,,,,,,,,,32.74611231438098,38.61888026,0.0,,,,,,,,,,,,,,,,,10.828125,1.8026324659585715,48.375,8.053319068698034,0.162421875,2.7039486989378574,1.693125,28.18661674044312,32.74611231438098,513,,,0.2648978065210552,Information
661002,12808.0,49201.40616,CHL,Chile,Magallanes y Antártica Chilena,4.01947795,3.044249329,0.7,0.42,,,,,,,,,,,,,,,,,,,,,,,,,,70.8342441227408,80.38955899999999,60.88498658,3.0,,,,,,,,,,,,,,,,412.453125,0.8382954008032795,3990.9375,8.11142975615311,6.186796875,1.2574431012049192,35.0,28.390004146535883,70.8342441227408,171266,34133.0,19.93,0.9004780740069046,Warning
661003,16265.0,12084.59314,CHL,Chile,Magallanes y Antártica Chilena,2.273325316,3.063873472,0.7,0.42,,,,,,,,,,,,,,,,,,,,,,,,,,68.9240171652258,45.46650632000001,61.27746944,3.0,,,,,,,,,,,,,,,,220.078125,1.821146334913156,983.25,8.136393082244592,3.301171875,2.7317195023697343,34.41375,28.47737578785607,68.9240171652258,3401,155.0,4.56,0.717889434626199,Watch
661103,16268.0,26417.44738,CHL,Chile,Magallanes y Antártica Chilena,3.61676706,0.0,0.7,0.42,,,,,,,,,,,,,,,,,,,,,,,,,,64.307221552481,72.3353412,0.0,3.0,,,,,,,,,,,,,,,,207.703125,0.7862346502985472,1887.890625,7.146377914866619,3.115546875,1.1793519754478208,35.0,25.012322702033167,64.307221552481,982,165.0,16.8,0.800530093131408,Warning
661104,12813.0,1154.555079,CHL,Chile,Magallanes y Antártica Chilena,3.32414228,0.0,0.7,0.42,,,,,,,,,,,,,,,,,,,,,,,,,,17.179834080946346,66.48284559999999,0.0,,,,,,,,,,,,,,,,,0.421875,0.0365400497175476,50.625,4.384805966105721,0.006328125,0.0548100745763214,1.771875,15.346820881370023,17.179834080946346,83,,,0.2519643171422361,Information
661105,12814.0,925.5684004,CHL,Chile,Magallanes y Antártica Chilena,4.016336853,0.0,0.7,0.42,,,,,,,,,,,,,,,,,,,,,,,,,,3.934109128923342,80.32673706,0.0,,,,,,,,,,,,,,,,,3.515625,0.3798341644433904,8.015625,0.8660218949309304,0.052734375,0.5697512466650856,0.280546875,3.0310766322582565,3.934109128923342,23112,,,0.0537452208481999,Information
661106,12815.0,8655.513229,CHL,Chile,Magallanes y Antártica Chilena,0.764659221,0.0,0.7,0.42,,,,,,,,,,,,,,,,,,,,,,,,,,1.938284224679768,15.29318442,0.0,,,,,,,,,,,,,,,,,24.1875,0.2794461675448321,15.328125,0.1770908852464343,0.3628125,0.4191692513172481,0.536484375,0.61981809836252,1.938284224679768,2418,,,7.923930795037223e-05,Information
661107,16269.0,24518.23256,CHL,Chile,Magallanes y Antártica Chilena,2.625226843,0.0,0.7,0.42,,,,,,,,,,,,,,,,,,,,,,,,,,59.706326007591805,52.50453686,0.0,,,,,,,,,,,,,,,,,405.84375,1.65527327091399,1130.34375,4.610217100348805,6.08765625,2.4829099063709847,35.0,16.13575985122082,59.706326007591805,202,,,0.5904892873664681,Advisory
662590,12857.0,10716.19587,CHL,Chile,Atacama,1.263901442,0.0,0.7,0.42,,,,,,,,,,,,,,,,,,,,,,,,,,0.2297146060561414,25.27802884,0.0,,,,,,,,,,,,,,,,,1.6875,0.0157471925760201,2.671875,0.0249330549120318,0.0253125,0.0236207888640301,0.093515625,0.0872656921921113,0.2297146060561414,6287,,,3.632270623403958e-09,Information
662700,12859.0,15918.84374,CHL,Chile,Antofagasta,0.181013214,0.0,0.7,0.42,,,,,,,,,,,,,,,,,,,,,,,,,,0.1602745916982432,3.62026428,0.0,,,,,,,,,,,,,,,,,0.984375,0.0061837091698243,2.390625,0.0150175794124305,0.014765625,0.0092755637547364,0.083671875,0.0525615279435067,0.1602745916982432,12051,,,7.811564633309711e-11,Information
662702,12861.0,11073.52821,CHL,Chile,Atacama,2.713032945,0.0,0.7,0.42,,,,,,,,,,,,,,,,,,,,,,,,,,0.6128430345092644,54.2606589,0.0,,,,,,,,,,,,,,,,,1.125,0.0101593636509786,8.71875,0.0787350682950847,0.016875,0.0152390454764679,0.30515625,0.2755727390327964,0.6128430345092644,11599,,,8.06710280086907e-06,Information
662707,12866.0,9388.098196,CHL,Chile,Antofagasta,3.868537217,0.0,0.7,0.42,,,,,,,,,,,,,,,,,,,,,,,,,,0.3267176864171887,77.37074434,0.0,,,,,,,,,,,,,,,,,0.703125,0.0074895360629861,4.21875,0.044937216377917,0.010546875,0.0112343040944791,0.14765625,0.1572802573227095,0.3267176864171887,190293,,,1.1280890521811444e-05,Information
662802,12870.0,9530.633041,CHL,Chile,Tarapacá,0.264256326,0.0,0.7,0.42,,,,,,,,,,,,,,,,,,,,,,,,,,1.4178236301276188,5.28512652,0.0,,,,,,,,,,,,,,,,,6.75,0.0708242565978164,16.875,0.1770606414945412,0.10125,0.1062363848967246,0.590625,0.6197122452308942,1.4178236301276188,463,,,1.3243093538388684e-05,Information
662804,12872.0,3053.256006,CHL,Chile,Antofagasta,0.322484138,0.0,0.7,0.42,,,,,,,,,,,,,,,,,,,,,,,,,,0.14128173946805,6.44968276,0.0,,,,,,,,,,,,,,,,,0.5625,0.0184229556541362,0.703125,0.0230286945676702,0.0084375,0.0276344334812043,0.024609375,0.0806004309868457,0.14128173946805,734,,,4.1379408279889896e-11,Information
662809,12877.0,6261.944315,CHL,Chile,Antofagasta,2.042039238,0.0,0.7,0.42,,,,,,,,,,,,,,,,,,,,,,,,,,0.2063356410515931,40.840784760000005,0.0,,,,,,,,,,,,,,,,,0.703125,0.0112285412435038,1.96875,0.0314399154818107,0.010546875,0.0168428118652557,0.06890625,0.1100397041863374,0.2063356410515931,3497,,,7.635820494831136e-09,Information
662901,12879.0,5853.209859,CHL,Chile,Tarapacá,4.00624488,0.0,0.7,0.42,,,,,,,,,,,,,,,,,,,,,,,,,,0.3675470674897519,80.1248976,0.0,,,,,,,,,,,,,,,,,0.84375,0.0144151674086892,3.515625,0.0600631975362052,0.01265625,0.0216227511130338,0.123046875,0.2102211913767181,0.3675470674897519,371713,,,3.298491287916793e-05,Information
662904,12882.0,4711.886814,CHL,Chile,Tarapacá,2.393913403,0.0,0.7,0.42,,,,,,,,,,,,,,,,,,,,,,,,,,0.6586084826058135,47.87826806,0.0,,,,,,,,,,,,,,,,,0.28125,0.0059689464347441,5.90625,0.1253478751296278,0.00421875,0.0089534196521161,0.20671875,0.4387175629536973,0.6586084826058135,2628,,,6.178050375003356e-06,Information
664022,12890.0,12749.03983,ARG,Argentina,Catamarca,2.021703764,0.0,0.65,0.49,,,,,,,,,,,,,,,,,,,,,,,,,,0.7364719901944082,40.43407528,0.0,,,,,,,,,,,,,,,,,1.265625,0.0099272181831334,11.25,0.0882419394056309,0.018984375,0.0148908272747001,0.39375,0.3088467879197081,0.7364719901944082,142,,,5.590685895719771e-06,Information
664026,12894.0,9464.879559,ARG,Argentina,Salta,2.37341484,0.0,0.65,0.49,,,,,,,,,,,,,,,,,,,,,,,,,,0.241482486934951,47.468296800000005,0.0,,,,,,,,,,,,,,,,,0.28125,0.0029715116631126,3.234375,0.0341723841257949,0.00421875,0.0044572674946689,0.113203125,0.1196033444402821,0.241482486934951,1282,,,3.675467358266962e-08,Information
664028,12896.0,10434.70429,BOL,Bolivia,Potosí,0.031292593,0.0,0.55,0.63,,,,,,,,,,,,,,,,,,,,,,,,,,3.5553060279548347,0.62585186,0.0,,,,,,,,,,,,,,,,,12.09375,0.115899307439284,46.6875,0.4474252333702596,0.18140625,0.173848961158926,1.6340625,1.5659883167959086,3.5553060279548347,468,,,0.0004335273347929,Information
664041,12898.0,48334.15385,BOL,Bolivia,Potosí,2.329639037,0.0,0.55,0.63,,,,,,,,,,,,,,,,,,,,,,,,,,1.2482856991815403,46.59278074,0.0,,,,,,,,,,,,,,,,,2.671875,0.0055279233982994,28.40625,0.0587705540240261,0.040078125,0.0082918850974491,0.99421875,0.2056969390840913,1.2482856991815403,77016,,,8.626511862828191e-05,Information
664052,12903.0,16658.68395,BOL,Bolivia,Oruro,3.061790037,0.0,0.55,0.63,,,,,,,,,,,,,,,,,,,,,,,,,,1.4267563380076995,61.23580074,0.0,,,,,,,,,,,,,,,,,2.671875,0.0160389320538585,24.328125,0.1460386971219748,0.040078125,0.0240583980807877,0.851484375,0.5111354399269118,1.4267563380076995,42034,,,0.000479830292122,Information
672027,12944.0,255.6755679,ECU,Ecuador,Guayas,4.012487729,0.0,0.57,0.6,,,,,,,,,,,,,,,,,,,,,,,,,,14.101898632708906,80.24975458,0.0,,,,,,,,,,,,,,,,,7.03125,2.750067226541781,7.03125,2.750067226541781,0.10546875,4.125100839812672,0.24609375,9.625235292896232,14.101898632708906,50664,,,0.3681125489606068,Advisory
672080,12952.0,15432.09898,COL,Colombia,Chocó,2.206648018,0.0,0.58,0.58,,,,,,,,,,,,,,,,,,,,,,,,,,2.196989988145561,44.13296036,0.0,,,,,,,,,,,,,,,,,20.953125,0.1357762481368022,29.109375,0.1886287474115307,0.314296875,0.2036643722052032,1.018828125,0.6602006159403575,2.196989988145561,220029,,,0.0006063283006225,Information
672095,12957.0,684.1437484,PAN,Panama,Darién,2.246630117,3.477620355,0.62,0.53,,,,,,,,,,,,,,,,,,,,,,,,,,10.288794437219249,44.93260234,69.5524071,,,,,,,,,,,,,,,,,9.140625,1.3360678981734282,14.90625,2.178818418559745,0.137109375,2.0041018472601424,0.52171875,7.625864464959107,10.288794437219249,5931,,,0.1389715559585787,Information
672096,12958.0,10803.88278,PAN,Panama,Darién,2.360591173,0.0,0.62,0.53,,,,,,,,,,,,,,,,,,,,,,,,,,0.2355842881412927,47.21182346,0.0,,,,,,,,,,,,,,,,,0.28125,0.0026032307618688,3.375,0.0312387691424256,0.00421875,0.0039048461428032,0.118125,0.1093356919984896,0.2355842881412927,36221,,,3.1166913426490895e-08,Information
672097,12959.0,3479.879056,PAN,Panama,Darién,1.101635495,1.245955362,0.62,0.53,,,,,,,,,,,,,,,,,,,,,,,,,,8.838307073348773,22.0327099,24.91910724,,,,,,,,,,,,,,,,,10.6875,0.3071227427269686,60.609375,1.74170923835952,0.1603125,0.4606841140904529,2.121328125,6.09598233425832,8.838307073348773,18358,,,0.0161987811171336,Information
673000,16279.0,8489.864239,ECU,Ecuador,Galápagos,3.783759856,1.200118939,0.57,0.6,,,,,,,,,,,,,,,,,,,,,,,,,,5.154417920925991,75.67519712,24.00237878,,,,,,,,,,,,,,,,,9.140625,0.1076651492039153,63.703125,0.7503432706057481,0.137109375,0.1614977238058729,2.229609375,2.6262014471201183,5.154417920925991,35005,,,0.0603739145039619,Information
712222,13031.0,19002.47539,CAN,Canada,Manitoba,3.416211463,0.0,0.8,0.28,,,,,,,,,,,,,,,,,,,,,,,,,,33.72779821426211,68.32422926,0.0,,,,,,,,,,,,,,,,,61.3125,0.3226553316311865,605.109375,3.184371311947237,0.9196875,0.4839829974467797,21.178828125,11.145299591815329,33.72779821426211,27809,,,0.5250252963876334,Advisory
712225,13034.0,12266.82717,CAN,Canada,Manitoba,2.261986373,0.0,0.8,0.28,,,,,,,,,,,,,,,,,,,,,,,,,,9.748510990843188,45.23972746,0.0,,,,,,,,,,,,,,,,,3.65625,0.0298059958790057,151.875,1.238095213435623,0.05484375,0.0447089938185085,5.315625,4.33333324702468,9.748510990843188,1142,,,0.0421871628970428,Information
712305,13093.0,3990.237429,CAN,Canada,Saskatchewan,0.358335907,0.0,0.8,0.28,,,,,,,,,,,,,,,,,,,,,,,,,,5.164674005426977,7.16671814,0.0,,,,,,,,,,,,,,,,,2.390625,0.0599118484174306,41.0625,1.0290741022288088,0.035859375,0.0898677726261459,1.4371875,3.6017593578008307,5.164674005426977,1631,,,0.0019325713276124,Information
712607,13125.0,5.208308652,CAN,Canada,Alberta,2.375727988,0.0,0.8,0.28,,,,,,,,,,,,,,,,,,,,,,,,,,13.5070952241118,47.51455976,0.0,,,,,,,,,,,,,,,,,0.140625,2.70001279482236,0.140625,2.70001279482236,0.002109375,4.05001919223354,0.004921875,9.45004478187826,13.5070952241118,0,,,0.0873396691551682,Information
723010,16285.0,8450.808881,CAN,Canada,Newfoundland and Labrador,1.088617664,0.0,0.8,0.28,,,,,,,,,,,,,,,,,,,,,,,,,,3.497062465046067,21.77235328,0.0,,,,,,,,,,,,,,,,,0.140625,0.0016640418920509,45.703125,0.5408136149165688,0.002109375,0.0024960628380763,1.599609375,1.892847652207991,3.497062465046067,40754,,,0.0009427474225287,Information
723020,13366.0,7723.955027,CAN,Canada,New foundland and Labrador,2.43033066,0.0,0.8,0.28,,,,,,,,,,,,,,,,,,,,,,,,,,2.844498800934982,48.6066132,0.0,,,,,,,,,,,,,,,,,0.28125,0.0036412692590697,35.296875,0.4569792920132508,0.00421875,0.0054619038886045,1.235390625,1.5994275220463778,2.844498800934982,10975,,,0.00190109825011,Information
723501,13405.0,14155.88311,CAN,Canada,New foundland and Labrador,4.010438073,0.0,0.8,0.28,,,,,,,,,,,,,,,,,,,,,,,,,,43.161362818101246,80.20876146,0.0,3.0,,,,,,,,,,,,,,,,61.03125,0.4311370017405243,696.515625,4.920326197282988,0.91546875,0.6467055026107864,24.378046875,17.22114169049046,43.161362818101246,0,0.0,0.0,0.782218136926209,Watch
723505,13409.0,23296.09423,CAN,Canada,New foundland and Labrador,2.178728154,0.0,0.8,0.28,,,,,,,,,,,,,,,,,,,,,,,,,,44.74320988623474,43.57456308,0.0,,,,,,,,,,,,,,,,,142.875,0.6133002322132155,833.203125,3.576578617975691,2.143125,0.9199503483198233,29.162109375,12.51802516291492,44.74320988623474,3210,,,0.408276631288362,Advisory
725203,13454.0,6331.916215,CAN,Canada,Québec,1.215553954,0.0,0.8,0.28,,,,,,,,,,,,,,,,,,,,,,,,,,4.84586127616774,24.31107908,0.0,,,,,,,,,,,,,,,,,23.203125,0.366447126173411,43.734375,0.6906973105450354,0.348046875,0.5496706892601165,1.530703125,2.417440586907624,4.84586127616774,10234,,,0.0029933696624355,Information
725301,13461.0,190.7561736,CAN,Canada,Québec,2.826208136,0.0,0.8,0.28,,,,,,,,,,,,,,,,,,,,,,,,,,4.319745775835003,56.52416272,0.0,,,,,,,,,,,,,,,,,0.140625,0.0737197634927826,2.25,1.1795162158845225,0.002109375,0.1105796452391739,0.07875,4.128306755595829,4.319745775835003,62031,,,0.0104715473894195,Information
725303,13463.0,4629.415272,CAN,Canada,Québec,1.943423077,0.0,0.8,0.28,,,,,,,,,,,,,,,,,,,,,,,,,,0.6177007998817994,38.86846154,0.0,,,,,,,,,,,,,,,,,0.5625,0.0121505625865266,5.34375,0.1154303445720027,0.0084375,0.0182258438797899,0.18703125,0.4040062060020094,0.6177007998817994,71479,,,2.166040832991497e-06,Information
725308,13468.0,5668.589399,CAN,Canada,Québec,2.437557999,0.0,0.8,0.28,,,,,,,,,,,,,,,,,,,,,,,,,,3.303972019715053,48.75115998,0.0,,,,,,,,,,,,,,,,,0.28125,0.0049615518110942,34.03125,0.6003477691424034,0.00421875,0.0074423277166413,1.19109375,2.101217191998412,3.303972019715053,2140195,,,0.0030573388836724,Information
725556,13504.0,6912.243129,CAN,Canada,Ontario,1.31314037,0.0,0.8,0.28,,,,,,,,,,,,,,,,,,,,,,,,,,1.940545577042624,26.2628074,0.0,,,,,,,,,,,,,,,,,0.703125,0.0101721682361934,22.359375,0.3234749499109525,0.010546875,0.0152582523542901,0.782578125,1.1321623246883337,1.940545577042624,986715,,,0.0001376282096122,Information
725574,13512.0,6670.84669,CAN,Canada,Ontario,2.10938811,0.0,0.8,0.28,,,,,,,,,,,,,,,,,,,,,,,,,,1.3020493516549156,42.1877622,0.0,,,,,,,,,,,,,,,,,1.265625,0.0189724791899979,14.34375,0.2150214308199768,0.018984375,0.0284587187849968,0.50203125,0.7525750078699188,1.3020493516549156,688218,,,7.434085698158063e-05,Information
725579,13517.0,6637.631422,CAN,Canada,Ontario,3.840019492,0.0,0.8,0.28,,,,,,,,,,,,,,,,,,,,,,,,,,2.825168973866373,76.80038984000001,0.0,,,,,,,,,,,,,,,,,15.75,0.2372834373961744,25.453125,0.3834669836491747,0.23625,0.3559251560942616,0.890859375,1.3421344427721114,2.825168973866373,22269,,,0.0176209778724557,Information
725581,13518.0,1739.36066,USA,United States,Michigan,2.067331972,0.0,0.77,0.32,,,,,,,,,,,,,,,,,,,,,,,,,,1.898223445631314,41.34663944,0.0,,,,,,,,,,,,,,,,,5.625,0.3233946891262628,5.625,0.3233946891262628,0.084375,0.4850920336893942,0.196875,1.1318814119419198,1.898223445631314,9209,,,0.0003009836491363,Information
725584,13521.0,2618.845462,USA,United States,Michigan,1.842876386,0.0,0.77,0.32,,,,,,,,,,,,,,,,,,,,,,,,,,0.2371593929839035,36.85752772,0.0,,,,,,,,,,,,,,,,,0.984375,0.0375881285967807,0.984375,0.0375881285967807,0.014765625,0.056382192895171,0.034453125,0.1315584500887324,0.2371593929839035,78862,,,1.1724310004846952e-08,Information
725586,13523.0,6472.589178,USA,United States,Michigan,0.38879351,0.0,0.77,0.32,,,,,,,,,,,,,,,,,,,,,,,,,,3.612872898903524,7.7758702,0.0,,,,,,,,,,,,,,,,,25.734375,0.3975901187462554,29.53125,0.4562509559383257,0.386015625,0.5963851781193831,1.03359375,1.59687834578414,3.612872898903524,661261,,,0.0005982387091702,Information
725588,13525.0,3456.292219,USA,United States,Michigan,1.173709311,0.0,0.77,0.32,,,,,,,,,,,,,,,,,,,,,,,,,,0.9854849509591476,23.47418622,0.0,,,,,,,,,,,,,,,,,5.0625,0.1464719901918295,5.0625,0.1464719901918295,0.0759375,0.2197079852877442,0.1771875,0.5126519656714033,0.9854849509591476,75311,,,6.737388255640135e-06,Information
725590,13527.0,7556.068879,CAN,Canada,Ontario,1.767243462,0.0,0.8,0.28,,,,,,,,,,,,,,,,,,,,,,,,,,1.9244613712979504,35.34486924,0.0,,,,,,,,,,,,,,,,,3.375,0.0446660830410031,22.21875,0.2940517133532703,0.050625,0.0669991245615046,0.77765625,1.029180996736446,1.9244613712979504,73975,,,0.0002203565842275,Information
725602,13529.0,2490.275664,CAN,Canada,Ontario,1.562659615,0.0,0.8,0.28,,,,,,,,,,,,,,,,,,,,,,,,,,3.3291175722007704,31.2531923,0.0,,,,,,,,,,,,,,,,,0.28125,0.0112939303906812,18.84375,0.7566933361756425,0.00421875,0.0169408955860217,0.65953125,2.648426676614749,3.3291175722007704,11053,,,0.0012320190736655,Information
725826,13552.0,3004.398724,USA,United States,Wisconsin,2.692473998,0.0,0.77,0.32,,,,,,,,,,,,,,,,,,,,,,,,,,5.502545899185988,53.84947996,0.0,,,,,,,,,,,,,,,,,13.21875,0.4399798833224368,30.65625,1.0203788783435237,0.19828125,0.6599698249836552,1.07296875,3.571326074202333,5.502545899185988,15401,,,0.0167226187812423,Information
725828,13554.0,3829.882738,USA,United States,Wisconsin,1.597521811,0.0,0.77,0.32,,,,,,,,,,,,,,,,,,,,,,,,,,7.789703291684281,31.95043622,0.0,,,,,,,,,,,,,,,,,12.234375,0.3194451589807903,56.390625,1.4723851580608844,0.183515625,0.4791677384711854,1.973671875,5.153348053213096,7.789703291684281,69807,,,0.0151009057728061,Information
725829,13555.0,9633.301051,USA,United States,Wisconsin,1.490195133,0.0,0.77,0.32,,,,,,,,,,,,,,,,,,,,,,,,,,13.238192470199923,29.80390266,0.0,,,,,,,,,,,,,,,,,69.46875,0.7211313093264263,155.8125,1.6174362160600817,1.04203125,1.0816969639896394,5.4534375,5.661026756210286,13.238192470199923,154966,,,0.0476393356110111,Information
725832,13557.0,5624.806788,USA,United States,Michigan,1.200090476,0.0,0.77,0.32,,,,,,,,,,,,,,,,,,,,,,,,,,4.507911599712473,24.00180952,0.0,,,,,,,,,,,,,,,,,28.125,0.5000171749934961,34.3125,0.6100209534920652,0.421875,0.7500257624902441,1.2009375,2.135073337222228,4.507911599712473,37734,,,0.0023649491996129,Information
725833,13558.0,4485.222827,USA,United States,Wisconsin,0.632039752,0.0,0.77,0.32,,,,,,,,,,,,,,,,,,,,,,,,,,4.289489946703764,12.64079504,0.0,,,,,,,,,,,,,,,,,21.9375,0.4891061346593829,28.546875,0.6364650342041971,0.3290625,0.7336592019890744,0.999140625,2.22762761971469,4.289489946703764,14244,,,0.0012897315752899,Information
725834,13559.0,3181.420475,USA,United States,Wisconsin,1.319194719,0.0,0.77,0.32,,,,,,,,,,,,,,,,,,,,,,,,,,5.884709807239232,26.38389438,0.0,,,,,,,,,,,,,,,,,27.421875,0.8619380939719309,28.828125,0.906140047508953,0.411328125,1.2929071409578965,1.008984375,3.171490166281336,5.884709807239232,98925,,,0.0057601644810356,Information
725836,13561.0,3806.568657,USA,United States,Michigan,0.555706148,0.0,0.77,0.32,,,,,,,,,,,,,,,,,,,,,,,,,,5.330045488727505,11.11412296,0.0,,,,,,,,,,,,,,,,,17.578125,0.4617839998477878,34.453125,0.905096639701664,0.263671875,0.6926759997716817,1.205859375,3.167838238955824,5.330045488727505,31951,,,0.0024465109335046,Information
725837,13562.0,5285.303917,USA,United States,Wisconsin,4.003923773,0.0,0.77,0.32,,,,,,,,,,,,,,,,,,,,,,,,,,4.095398047836001,80.07847546,0.0,,,,,,,,,,,,,,,,,21.234375,0.4017626106983477,31.359375,0.5933315376538513,0.318515625,0.6026439160475215,1.097578125,2.0766603817884794,4.095398047836001,118667,,,0.0568319918816353,Information
725839,13564.0,1317.347174,USA,United States,Wisconsin,4.02160679,0.0,0.77,0.32,,,,,,,,,,,,,,,,,,,,,,,,,,4.318997734175946,80.4321358,0.0,,,,,,,,,,,,,,,,,8.578125,0.6511666151321196,10.6875,0.811289553279362,0.128671875,0.9767499226981794,0.3740625,2.839513436477767,4.318997734175946,9956,,,0.0654113905330611,Information
725916,13576.0,4530.974121,USA,United States,Michigan,3.911811798,0.0,0.77,0.32,,,,,,,,,,,,,,,,,,,,,,,,,,4.9586210166476405,78.23623596,0.0,,,,,,,,,,,,,,,,,18.421875,0.4065764779953078,36.28125,0.800738407044194,0.276328125,0.6098647169929616,1.26984375,2.802584424654679,4.9586210166476405,46155,,,0.0695542958335196,Information
725918,13578.0,3344.667439,USA,United States,Michigan,3.887356056,0.0,0.77,0.32,,,,,,,,,,,,,,,,,,,,,,,,,,1.7954252423401085,77.74712112,0.0,,,,,,,,,,,,,,,,,4.078125,0.1219291625870723,11.109375,0.3321518567027142,0.061171875,0.1828937438806084,0.388828125,1.1625314984594997,1.7954252423401085,115,,,0.0059140879293732,Information
725992,13596.0,4240.577528,USA,United States,Michigan,1.819114716,0.0,0.77,0.32,,,,,,,,,,,,,,,,,,,,,,,,,,8.795517799480908,36.38229432,0.0,,,,,,,,,,,,,,,,,35.15625,0.8290439160377059,59.765625,1.4093746572641,0.52734375,1.243565874056559,2.091796875,4.9328113004243495,8.795517799480908,3531,,,0.023927737128723,Information
726078,13623.0,1986.810585,CAN,Canada,New Brunswick,1.078163128,0.0,0.8,0.28,,,,,,,,,,,,,,,,,,,,,,,,,,4.903854222898701,21.56326256,0.0,,,,,,,,,,,,,,,,,2.671875,0.1344806102682964,22.078125,1.111234516427502,0.040078125,0.2017209154024446,0.772734375,3.8893208074962566,4.903854222898701,148734,,,0.0027833341302513,Information
731160,13639.0,4420.936669,USA,United States,New Hampshire,3.183109035,0.0,0.77,0.32,,,,,,,,,,,,,,,,,,,,,,,,,,3.518334082752188,63.66218070000001,0.0,,,,,,,,,,,,,,,,,0.703125,0.0159044350244601,30.515625,0.6902524800615708,0.010546875,0.0238566525366901,1.068046875,2.4158836802154977,3.518334082752188,101868,,,0.00977506867965,Information
731401,13644.0,4171.129732,USA,United States,New York,0.441626568,0.0,0.77,0.32,,,,,,,,,,,,,,,,,,,,,,,,,,5.018909544070428,8.83253136,0.0,,,,,,,,,,,,,,,,,0.703125,0.0168569439270367,41.90625,1.004673858051392,0.010546875,0.025285415890555,1.46671875,3.5163585031798723,5.018909544070428,1953126,,,0.0018688785090807,Information
731501,13653.0,534.8605704,USA,United States,New Jersey,0.582602574,1.007413898,0.77,0.32,,,,,,,,,,,,,,,,,,,,,,,,,,6.329027005133732,11.65205148,20.14827796,,,,,,,,,,,,,,,,,0.421875,0.078875696456898,9.0,1.682681524413824,0.006328125,0.118313544685347,0.315,5.8893853354483845,6.329027005133732,1112446,,,0.0056219662273692,Information
731502,13654.0,2451.358787,USA,United States,New Jersey,0.246821157,0.0,0.77,0.32,,,,,,,,,,,,,,,,,,,,,,,,,,1.6857159870242997,4.9364231400000005,0.0,,,,,,,,,,,,,,,,,0.140625,0.0057366143517978,9.421875,0.384353161570458,0.002109375,0.0086049215276967,0.329765625,1.3452360654966031,1.6857159870242997,2009496,,,2.7610283775786823e-05,Information
731503,13655.0,587.0967872,USA,United States,New Jersey,0.333985938,0.177305918,0.77,0.32,,,,,,,,,,,,,,,,,,,,,,,,,,1.4074166943915722,6.67971876,3.5461183600000004,,,,,,,,,,,,,,,,,0.28125,0.0479052187168134,2.109375,0.3592891403761006,0.00421875,0.07185782807522,0.073828125,1.2575119913163522,1.4074166943915722,1442221,,,1.3686889317446638e-05,Information
731504,13656.0,2842.206244,USA,United States,New Jersey,0.161610649,0.0,0.77,0.32,,,,,,,,,,,,,,,,,,,,,,,,,,0.7529479182765757,3.23221298,0.0,,,,,,,,,,,,,,,,,0.28125,0.0098954817430645,4.640625,0.1632754487605654,0.00421875,0.0148432226145967,0.162421875,0.5714640706619789,0.7529479182765757,1333815,,,5.986817284777731e-07,Information
731508,13658.0,1840.711027,USA,United States,Delaware,0.000960872,0.0,0.77,0.32,,,,,,,,,,,,,,,,,,,,,,,,,,7.775003349314162,0.01921744,0.0,,,,,,,,,,,,,,,,,7.734375,0.4201840966693181,31.21875,1.6960158083743386,0.116015625,0.6302761450039771,1.09265625,5.936055329310185,7.775003349314162,90923,,,0.0053236825962194,Information
731602,13660.0,8814.259377,USA,United States,Pennsylvania,0.76674212,0.0,0.77,0.32,,,,,,,,,,,,,,,,,,,,,,,,,,1.987109618638236,15.3348424,0.0,,,,,,,,,,,,,,,,,1.6875,0.0191451139330193,25.875,0.2935584136396306,0.0253125,0.0287176708995289,0.905625,1.027454447738707,1.987109618638236,269273,,,8.770667481818449e-05,Information
731603,13661.0,3756.828258,USA,United States,Pennsylvania,0.237990043,0.0,0.77,0.32,,,,,,,,,,,,,,,,,,,,,,,,,,1.7714053486329309,4.75980086,0.0,,,,,,,,,,,,,,,,,0.421875,0.0112295524590081,13.640625,0.3630888628412625,0.006328125,0.0168443286885121,0.477421875,1.2708110199444187,1.7714053486329309,176580,,,3.3792831560969454e-05,Information
731803,13670.0,851.7480964,USA,United States,Maryland,0.330176058,0.0,0.77,0.32,,,,,,,,,,,,,,,,,,,,,,,,,,4.425354038319037,6.60352116,0.0,,,,,,,,,,,,,,,,,0.84375,0.0990609786636203,9.5625,1.1226910915210304,0.01265625,0.1485914679954304,0.3346875,3.9294188203236073,4.425354038319037,66716,,,0.0011461003418074,Information
731808,13675.0,3491.385761,USA,United States,Maryland,0.921658979,0.0,0.77,0.32,,,,,,,,,,,,,,,,,,,,,,,,,,0.4537406980933092,18.43317958,0.0,,,,,,,,,,,,,,,,,0.28125,0.0080555406728936,3.234375,0.0926387177382768,0.00421875,0.0120833110093404,0.113203125,0.3242355120839688,0.4537406980933092,92554,,,1.0421818235628397e-07,Information
731902,13677.0,5044.922768,USA,United States,Virginia,0.248647851,0.0,0.77,0.32,,,,,,,,,,,,,,,,,,,,,,,,,,2.002494592328322,4.97295702,0.0,,,,,,,,,,,,,,,,,0.140625,0.00278745595252,19.125,0.3790940095427262,0.002109375,0.00418118392878,0.669375,1.3268290333995418,2.002494592328322,303434,,,5.674740557340305e-05,Information
731904,13678.0,3806.076072,USA,United States,Virginia,0.063431277,0.0,0.77,0.32,,,,,,,,,,,,,,,,,,,,,,,,,,11.946542266197822,1.26862554,0.0,,,,,,,,,,,,,,,,,2.671875,0.0702002521595895,92.953125,2.4422298251309824,0.040078125,0.1053003782393842,3.253359375,8.547804387958438,11.946542266197822,90140,,,0.0173449021366676,Information
731908,13682.0,4176.36447,USA,United States,Virginia,0.123633452,0.0,0.77,0.32,,,,,,,,,,,,,,,,,,,,,,,,,,7.105225279953809,2.47266904,0.0,,,,,,,,,,,,,,,,,5.34375,0.1279521947519279,57.515625,1.3771696750931193,0.08015625,0.1919282921278918,2.013046875,4.820093862825917,7.105225279953809,257211,,,0.0044054928568684,Information
732120,13683.0,12023.0006,USA,United States,Virginia,0.664625592,0.0,0.77,0.32,,,,,,,,,,,,,,,,,,,,,,,,,,10.635821504773862,13.29251184,0.0,,,,,,,,,,,,,,,,,20.25,0.1684271728475263,157.21875,1.307649855857878,0.30375,0.2526407592712895,5.50265625,4.576774495502573,10.635821504773862,148660,,,0.0179387719705137,Information
732204,13693.0,7902.60897,USA,United States,North Carolina,1.70164602,0.0,0.77,0.32,,,,,,,,,,,,,,,,,,,,,,,,,,1.715513246548515,34.0329204,0.0,,,,,,,,,,,,,,,,,1.265625,0.0160152805829835,21.09375,0.2669213430497256,0.018984375,0.0240229208744752,0.73828125,0.9342247006740396,1.715513246548515,249702,,,0.0001314045073146,Information
732206,13695.0,3727.16172,USA,United States,South Carolina,0.681896414,0.0,0.77,0.32,,,,,,,,,,,,,,,,,,,,,,,,,,1.455363130299658,13.63792828,0.0,,,,,,,,,,,,,,,,,2.390625,0.0641406297690184,10.265625,0.2754274101846087,0.035859375,0.0962109446535275,0.359296875,0.9639959356461304,1.455363130299658,71515,,,2.2200976263150647e-05,Information
732208,13697.0,3699.450523,USA,United States,North Carolina,0.004506288,0.0,0.77,0.32,,,,,,,,,,,,,,,,,,,,,,,,,,2.239220780678066,0.09012576,0.0,,,,,,,,,,,,,,,,,5.203125,0.1406458869420662,15.046875,0.406732700075705,0.078046875,0.2109688304130993,0.526640625,1.4235644502649676,2.239220780678066,704673,,,7.289281721383171e-05,Information
732404,13703.0,743.8420053,USA,United States,South Carolina,0.025322203,0.0,0.77,0.32,,,,,,,,,,,,,,,,,,,,,,,,,,1.6960081093054236,0.50644406,0.0,,,,,,,,,,,,,,,,,1.265625,0.1701470192664528,2.8125,0.3781044872587841,0.018984375,0.2552205288996791,0.0984375,1.3233657054057444,1.6960081093054236,89791,,,2.332405568311912e-05,Information
732405,13704.0,1173.189556,USA,United States,North Carolina,0.07240274,0.0,0.77,0.32,,,,,,,,,,,,,,,,,,,,,,,,,,10.285673495075187,1.4480548,0.0,,,,,,,,,,,,,,,,,6.046875,0.5154218232919702,28.265625,2.409297360039209,0.090703125,0.7731327349379553,0.989296875,8.432540760137233,10.285673495075187,232508,,,0.0119158469933754,Information
732406,13705.0,714.9651569,USA,United States,North Carolina,0.03738669,0.0,0.77,0.32,,,,,,,,,,,,,,,,,,,,,,,,,,0.2845130489058304,0.7477338,0.0,,,,,,,,,,,,,,,,,0.28125,0.0393375813193823,0.421875,0.0590063719790734,0.00421875,0.0590063719790734,0.014765625,0.2065223019267569,0.2845130489058304,752910,,,2.3902087347070573e-09,Information
732408,13707.0,1692.255958,USA,United States,North Carolina,1.596326164,0.0,0.77,0.32,,,,,,,,,,,,,,,,,,,,,,,,,,2.3610276394967515,31.92652328,0.0,,,,,,,,,,,,,,,,,4.078125,0.24098748063953,8.015625,0.4736650481535591,0.061171875,0.3614812209592949,0.280546875,1.6578276685374569,2.3610276394967515,203744,,,0.0003876148400439,Information
732548,13717.0,1431.560023,USA,United States,Georgia,0.028842078,0.0,0.77,0.32,,,,,,,,,,,,,,,,,,,,,,,,,,1.5945818580861642,0.57684156,0.0,,,,,,,,,,,,,,,,,0.84375,0.0589391982289928,5.34375,0.3732815887836214,0.01265625,0.0884087973434892,0.18703125,1.3064855607426749,1.5945818580861642,897746,,,1.7920592309433767e-05,Information
732549,13718.0,1171.684835,USA,United States,Georgia,0.00198041,0.0,0.77,0.32,,,,,,,,,,,,,,,,,,,,,,,,,,2.12519931991041,0.0396082,0.0,,,,,,,,,,,,,,,,,1.40625,0.1200194760195842,5.765625,0.4920798516802953,0.02109375,0.1800292140293763,0.201796875,1.7222794808810336,2.12519931991041,866352,,,5.8840248449793e-05,Information
732578,13725.0,4734.906219,USA,United States,Florida,1.770880193,0.0,0.77,0.32,,,,,,,,,,,,,,,,,,,,,,,,,,10.360686138176002,35.41760386,0.0,,,,,,,,,,,,,,,,,30.65625,0.6474521053315179,81.984375,1.7314888871939216,0.45984375,0.9711781579972768,2.869453125,6.060211105178725,10.360686138176002,466113,,,0.0336306966260541,Information
732607,13735.0,2581.561962,USA,United States,Alabama,0.332639718,0.0,0.77,0.32,,,,,,,,,,,,,,,,,,,,,,,,,,3.738602549987929,6.65279436,0.0,,,,,,,,,,,,,,,,,3.234375,0.1252875215851922,20.53125,0.7953033978886116,0.048515625,0.1879312823777883,0.71859375,2.7835618926101406,3.738602549987929,44129,,,0.0006463081392509,Information
732608,13736.0,1183.923651,USA,United States,Georgia,0.029309723,0.0,0.77,0.32,,,,,,,,,,,,,,,,,,,,,,,,,,0.5313650967709261,0.58619446,0.0,,,,,,,,,,,,,,,,,0.140625,0.0118778774192731,1.546875,0.1306566516120047,0.002109375,0.0178168161289096,0.054140625,0.4572982806420165,0.5313650967709261,29698,,,8.402594092852373e-08,Information
732704,13741.0,3517.447098,USA,United States,Florida,0.171169405,0.0,0.77,0.32,,,,,,,,,,,,,,,,,,,,,,,,,,3.1019981324611114,3.4233881,0.0,,,,,,,,,,,,,,,,,2.953125,0.0839564865534553,21.796875,0.6196788293231225,0.044296875,0.1259347298301829,0.762890625,2.168875902630929,3.1019981324611114,68945,,,0.0002927000520307,Information
732708,13745.0,2318.240698,USA,United States,Alabama,0.047438277,0.0,0.77,0.32,,,,,,,,,,,,,,,,,,,,,,,,,,3.5568016614304234,0.94876554,0.0,,,,,,,,,,,,,,,,,0.984375,0.0424621567857415,18.703125,0.8067809789290888,0.014765625,0.0636932351786122,0.654609375,2.823733426251811,3.5568016614304234,43303,,,0.0004392856138682,Information
732810,13747.0,1399.633542,USA,United States,Alabama,0.612772894,0.0,0.77,0.32,,,,,,,,,,,,,,,,,,,,,,,,,,18.40008435810318,12.25545788,0.0,,,,,,,,,,,,,,,,,18.703125,1.336287280736211,56.53125,4.039003660571104,0.280546875,2.0044309211043165,1.97859375,14.136512811998864,18.40008435810318,136256,,,0.0591352298996334,Information
732822,13749.0,2542.035444,USA,United States,Mississippi,0.127773134,0.0,0.77,0.32,,,,,,,,,,,,,,,,,,,,,,,,,,2.4838878557449453,2.55546268,0.0,,,,,,,,,,,,,,,,,0.421875,0.0165959527017732,14.203125,0.5587304076263673,0.006328125,0.0248939290526598,0.497109375,1.9555564266922856,2.4838878557449453,12916,,,0.0001215324660832,Information
732825,13752.0,3861.559254,USA,United States,Alabama,0.816309385,0.0,0.77,0.32,,,,,,,,,,,,,,,,,,,,,,,,,,7.263947754038986,16.326187700000002,0.0,,,,,,,,,,,,,,,,,8.578125,0.2221414831455025,54.140625,1.4020405083773522,0.128671875,0.3332122247182537,1.894921875,4.907141779320733,7.263947754038986,166247,,,0.0072626608496216,Information
732829,13756.0,3107.259128,USA,United States,Alabama,0.119373767,0.0,0.77,0.32,,,,,,,,,,,,,,,,,,,,,,,,,,2.799876961648604,2.38747534,0.0,,,,,,,,,,,,,,,,,1.265625,0.0407312344382148,18.421875,0.5928657457117946,0.018984375,0.0610968516573222,0.644765625,2.0750301099912813,2.799876961648604,292930,,,0.0001915717012295,Information
732840,13758.0,4779.698874,USA,United States,Alabama,0.176125416,0.0,0.77,0.32,,,,,,,,,,,,,,,,,,,,,,,,,,1.565417142864469,3.52250832,0.0,,,,,,,,,,,,,,,,,2.25,0.0470740952384208,13.5,0.2824445714305251,0.03375,0.0706111428576312,0.4725,0.988556000006838,1.565417142864469,449904,,,1.8848687522116105e-05,Information
732850,13759.0,6190.105346,USA,United States,Alabama,1.119657564,0.0,0.77,0.32,,,,,,,,,,,,,,,,,,,,,,,,,,7.939007696308306,22.39315128,0.0,,,,,,,,,,,,,,,,,5.484375,0.0885990575774954,84.375,1.363062424269161,0.082265625,0.132898586366243,2.953125,4.770718484942063,7.939007696308306,284712,,,0.0113077773921759,Information
742224,13778.0,5481.662634,USA,United States,Louisiana,0.84467029,0.0,0.77,0.32,,,,,,,,,,,,,,,,,,,,,,,,,,10.6320302207096,16.8934058,0.0,,,,,,,,,,,,,,,,,3.234375,0.0590035399052375,106.171875,1.9368553316719268,0.048515625,0.0885053098578562,3.716015625,6.778993660851744,10.6320302207096,19201,,,0.0198790734373456,Information
742260,13795.0,20593.6861,USA,United States,Oklahoma,0.440959879,0.0,0.77,0.32,,,,,,,,,,,,,,,,,,,,,,,,,,8.037831203320902,8.81919758,0.0,,,,,,,,,,,,,,,,,0.421875,0.0020485647784178,154.40625,0.749774708900936,0.006328125,0.0030728471676267,5.40421875,2.624211481153276,8.037831203320902,150007,,,0.0075768442599796,Information
742412,13817.0,2790.81608,USA,United States,Arkansas,0.173528731,0.0,0.77,0.32,,,,,,,,,,,,,,,,,,,,,,,,,,31.974134688271363,3.47057462,0.0,,,,,,,,,,,,,,,,,53.296875,1.9097236601702976,176.484375,6.323755128004548,0.799453125,2.8645854902554464,6.176953125,22.13314294801592,31.974134688271363,128780,,,0.1345969970165745,Information
742415,13820.0,3953.74361,USA,United States,Arkansas,0.284818909,0.0,0.77,0.32,,,,,,,,,,,,,,,,,,,,,,,,,,8.88378014825453,5.69637818,0.0,,,,,,,,,,,,,,,,,18.84375,0.4766052597017358,63.84375,1.6147670739148363,0.28265625,0.7149078895526036,2.23453125,5.651684758701927,8.88378014825453,89782,,,0.0090811544024274,Information
742418,13823.0,4958.244033,USA,United States,Oklahoma,0.468279147,0.0,0.77,0.32,,,,,,,,,,,,,,,,,,,,,,,,,,3.5106154041606947,9.36558294,0.0,,,,,,,,,,,,,,,,,3.09375,0.0623960817420366,31.921875,0.6438141161564686,0.04640625,0.0935941226130549,1.117265625,2.25334940654764,3.5106154041606947,77212,,,0.0005749129973317,Information
742442,13836.0,1327.562564,USA,United States,Oklahoma,2.616205751,0.0,0.77,0.32,,,,,,,,,,,,,,,,,,,,,,,,,,0.6839413534690792,52.32411502,0.0,,,,,,,,,,,,,,,,,0.421875,0.0317781633404778,2.109375,0.1588908167023893,0.006328125,0.0476672450107166,0.073828125,0.5561178584583626,0.6839413534690792,9068,,,1.0963410656096367e-05,Information
742446,13840.0,6951.43571,USA,United States,Missouri,0.159071445,0.0,0.77,0.32,,,,,,,,,,,,,,,,,,,,,,,,,,2.9165459943870697,3.1814289,0.0,,,,,,,,,,,,,,,,,14.765625,0.212411156714453,27.84375,0.4005467526615401,0.221484375,0.3186167350716795,0.97453125,1.4019136343153904,2.9165459943870697,237565,,,0.0002305098500187,Information
742448,13842.0,1999.578389,USA,United States,Kansas,0.103155022,0.0,0.77,0.32,,,,,,,,,,,,,,,,,,,,,,,,,,4.038053144666584,2.06310044,0.0,,,,,,,,,,,,,,,,,8.4375,0.4219639523092896,15.609375,0.7806333117721858,0.1265625,0.6329459284639345,0.546328125,2.73221659120265,4.038053144666584,13679,,,0.0007149149146926,Information
742449,13843.0,4924.783923,USA,United States,Kansas,0.599497102,0.0,0.77,0.32,,,,,,,,,,,,,,,,,,,,,,,,,,3.55000045482007,11.98994204,0.0,,,,,,,,,,,,,,,,,13.78125,0.2798346123317729,27.5625,0.5596692246635459,0.20671875,0.4197519184976593,0.9646875,1.9588422863224104,3.55000045482007,24442,,,0.0006625135710716,Information
742491,13857.0,5494.068541,USA,United States,Oklahoma,0.546140589,0.0,0.77,0.32,,,,,,,,,,,,,,,,,,,,,,,,,,6.698284423731927,10.92281178,0.0,,,,,,,,,,,,,,,,,1.828125,0.0332745211714121,67.078125,1.2209189691356597,0.027421875,0.0499117817571181,2.347734375,4.273216391974809,6.698284423731927,25068,,,0.0048316298027628,Information
742492,13858.0,17463.07521,USA,United States,Kansas,0.78196445,0.0,0.77,0.32,,,,,,,,,,,,,,,,,,,,,,,,,,2.1274827590991428,15.639289000000002,0.0,,,,,,,,,,,,,,,,,2.25,0.0128843286336655,37.6875,0.2158125046138984,0.03375,0.0193264929504982,1.3190625,0.7553437661486444,2.1274827590991428,47171,,,0.0001165427739764,Information
742494,13860.0,6885.541613,USA,United States,Kansas,1.199084003,0.0,0.77,0.32,,,,,,,,,,,,,,,,,,,,,,,,,,1.2449348527574402,23.98168006,0.0,,,,,,,,,,,,,,,,,6.609375,0.0959891809684202,11.671875,0.1695128089442314,0.099140625,0.1439837714526303,0.408515625,0.5932948313048099,1.2449348527574402,6768,,,1.9621565049028587e-05,Information
742497,13863.0,6194.59661,USA,United States,Colorado,2.392713545,0.0,0.77,0.32,,,,,,,,,,,,,,,,,,,,,,,,,,1.0348991703994366,47.8542709,0.0,,,,,,,,,,,,,,,,,0.140625,0.0022701236071027,11.25,0.1816098885682236,0.002109375,0.003405185410654,0.39375,0.6356346099887826,1.0348991703994366,10135,,,4.432259029779341e-05,Information
742521,13867.0,5862.23988,USA,United States,Arkansas,0.647214986,0.0,0.77,0.32,,,,,,,,,,,,,,,,,,,,,,,,,,32.548629673026014,12.94429972,0.0,,,,,,,,,,,,,,,,,111.234375,1.8974722508608344,296.015625,5.049531084781361,1.668515625,2.846208376291252,10.360546875,17.67335879673476,32.548629673026014,20920,,,0.1626037630529522,Information
742522,13868.0,4908.480968,USA,United States,Arkansas,0.171442361,0.0,0.77,0.32,,,,,,,,,,,,,,,,,,,,,,,,,,39.84378933160044,3.42884722,0.0,,,,,,,,,,,,,,,,,199.265625,4.059618979981007,289.40625,5.896045067608266,2.988984375,6.08942846997151,10.12921875,20.63615773662893,39.84378933160044,44493,,,0.1879937775427974,Advisory
742560,13879.0,6733.919503,USA,United States,Tennessee,0.695128326,0.0,0.77,0.32,,,,,,,,,,,,,,,,,,,,,,,,,,2.923198019311326,13.90256652,0.0,,,,,,,,,,,,,,,,,4.921875,0.0730907905569592,31.5,0.4677810595645393,0.073828125,0.1096361858354388,1.1025,1.6372337084758877,2.923198019311326,89237,,,0.0003587525261825,Information
742628,13891.0,13287.63753,USA,United States,North Carolina,0.756507845,0.0,0.77,0.32,,,,,,,,,,,,,,,,,,,,,,,,,,7.606878453684716,15.1301569,0.0,,,,,,,,,,,,,,,,,11.109375,0.0836068486849481,119.25,0.8974507301877982,0.166640625,0.1254102730274221,4.17375,3.1410775556572936,7.606878453684716,613475,,,0.0079312064777764,Information
742629,13892.0,9782.03864,USA,United States,Tennessee,1.022627824,0.0,0.77,0.32,,,,,,,,,,,,,,,,,,,,,,,,,,12.190093461389644,20.45255648,0.0,,,,,,,,,,,,,,,,,27.140625,0.2774536678929666,160.59375,1.6417206670143414,0.407109375,0.4161805018394499,5.62078125,5.746022334550195,12.190093461389644,538303,,,0.0303461816583999,Information
742642,13895.0,3722.080458,USA,United States,Tennessee,0.20232818,0.0,0.77,0.32,,,,,,,,,,,,,,,,,,,,,,,,,,0.4069737489694175,4.0465636,0.0,,,,,,,,,,,,,,,,,0.140625,0.0037781289677632,3.09375,0.0831188372907922,0.002109375,0.0056671934516448,0.10828125,0.2909159305177727,0.4069737489694175,267403,,,2.3424933541724946e-08,Information
742643,13896.0,4555.023799,USA,United States,Tennessee,1.208749483,0.0,0.77,0.32,,,,,,,,,,,,,,,,,,,,,,,,,,1.2065049136236452,24.17498966,0.0,,,,,,,,,,,,,,,,,1.546875,0.0339597567033895,10.125,0.2222820438767317,0.023203125,0.0509396350550842,0.354375,0.777987153568561,1.2065049136236452,873545,,,1.7312339522361238e-05,Information
742648,13901.0,3587.315219,USA,United States,Tennessee,0.538961457,0.0,0.77,0.32,,,,,,,,,,,,,,,,,,,,,,,,,,0.3675155650541408,10.77922914,0.0,,,,,,,,,,,,,,,,,0.5625,0.0156802501480661,2.53125,0.0705611256662976,0.0084375,0.0235203752220991,0.08859375,0.2469639398320416,0.3675155650541408,28036,,,1.985872780065231e-08,Information
742665,13908.0,685.8643658,USA,United States,Illinois,1.690710293,0.0,0.77,0.32,,,,,,,,,,,,,,,,,,,,,,,,,,2.563420275491863,33.81420586,0.0,,,,,,,,,,,,,,,,,0.140625,0.0205033250042039,4.640625,0.6766097251387305,0.002109375,0.0307549875063058,0.162421875,2.368134037985557,2.563420275491863,4949,,,0.0005747496895729,Information
742674,13916.0,18109.57382,USA,United States,Kentucky,0.327248791,0.0,0.77,0.32,,,,,,,,,,,,,,,,,,,,,,,,,,0.6690199144560609,6.54497582,0.0,,,,,,,,,,,,,,,,,0.84375,0.0046591378033812,11.953125,0.0660044522145683,0.01265625,0.0069887067050718,0.418359375,0.231015582750989,0.6690199144560609,822170,,,3.917728958982359e-07,Information
742679,13921.0,24914.62392,USA,United States,West Virginia,1.773193265,0.0,0.77,0.32,,,,,,,,,,,,,,,,,,,,,,,,,,2.7392417866341043,35.4638653,0.0,,,,,,,,,,,,,,,,,0.703125,0.0028221377217054,55.546875,0.2229488800147275,0.010546875,0.0042332065825581,1.944140625,0.7803210800515463,2.7392417866341043,552279,,,0.0007900808327647,Information
742684,13926.0,4001.218555,USA,United States,West Virginia,2.991538791,0.0,0.77,0.32,,,,,,,,,,,,,,,,,,,,,,,,,,0.2214361948871447,59.83077582,0.0,,,,,,,,,,,,,,,,,0.28125,0.0070291086616508,1.6875,0.0421746519699053,0.00421875,0.0105436629924762,0.0590625,0.1476112818946685,0.2214361948871447,29467,,,9.925796222218073e-08,Information
742687,13929.0,1776.589972,USA,United States,West Virginia,0.399289389,0.0,0.77,0.32,,,,,,,,,,,,,,,,,,,,,,,,,,1.0067430470145895,7.98578778,0.0,,,,,,,,,,,,,,,,,0.28125,0.0158308897595294,4.21875,0.2374633463929416,0.00421875,0.023746334639294,0.14765625,0.8311217123752955,1.0067430470145895,72459,,,3.1625141236703007e-06,Information
742688,13930.0,3997.508606,USA,United States,West Virginia,2.179931341,0.0,0.77,0.32,,,,,,,,,,,,,,,,,,,,,,,,,,0.3003680300363616,43.59862682,0.0,,,,,,,,,,,,,,,,,0.140625,0.0035178160661698,2.390625,0.0598028731248877,0.002109375,0.0052767240992547,0.083671875,0.2093100559371069,0.3003680300363616,26706,,,8.238517816464984e-08,Information
742689,13931.0,11874.09684,USA,United States,Virginia,0.231617447,0.0,0.77,0.32,,,,,,,,,,,,,,,,,,,,,,,,,,2.34056246647896,4.63234894,0.0,,,,,,,,,,,,,,,,,1.6875,0.0142116071917515,35.578125,0.299628051626095,0.0253125,0.0213174107876272,1.245234375,1.0486981806913325,2.34056246647896,308648,,,0.0001047204564967,Information
742691,13932.0,6621.770653,USA,United States,Ohio,1.016721634,0.0,0.77,0.32,,,,,,,,,,,,,,,,,,,,,,,,,,1.0783926045879868,20.33443268,0.0,,,,,,,,,,,,,,,,,0.421875,0.0063710300777871,12.09375,0.1826361955632303,0.006328125,0.0095565451166806,0.42328125,0.639226684471306,1.0783926045879868,219867,,,8.44919882867514e-06,Information
742698,13939.0,19034.95111,USA,United States,West Virginia,0.795018412,0.0,0.77,0.32,,,,,,,,,,,,,,,,,,,,,,,,,,2.286594073523765,15.90036824,0.0,,,,,,,,,,,,,,,,,2.8125,0.0147754516608586,41.625,0.2186766845807077,0.0421875,0.0221631774912879,1.456875,0.7653683960324769,2.286594073523765,1174916,,,0.0001561132589258,Information
742702,13942.0,3269.05097,USA,United States,Missouri,0.919448146,0.0,0.77,0.32,,,,,,,,,,,,,,,,,,,,,,,,,,2.1604617894012392,18.38896292,0.0,,,,,,,,,,,,,,,,,2.671875,0.0817324362579221,14.0625,0.4301707171469588,0.040078125,0.1225986543868831,0.4921875,1.505597510014356,2.1604617894012392,39918,,,0.0001408115280128,Information
742708,13948.0,10234.54265,USA,United States,Missouri,0.479258264,0.0,0.77,0.32,,,,,,,,,,,,,,,,,,,,,,,,,,1.5277601746766425,9.58516528,0.0,,,,,,,,,,,,,,,,,1.96875,0.0192363261064112,21.234375,0.2074775172905787,0.02953125,0.0288544891596168,0.743203125,0.7261713105170254,1.5277601746766425,483602,,,2.245925529744685e-05,Information
742824,13954.0,4844.421588,USA,United States,Illinois,0.115042679,0.0,0.77,0.32,,,,,,,,,,,,,,,,,,,,,,,,,,1.7473292348563376,2.30085358,0.0,,,,,,,,,,,,,,,,,3.234375,0.0667649365639846,14.90625,0.307699272860103,0.048515625,0.1001474048459769,0.52171875,1.0769474550103606,1.7473292348563376,58399,,,2.8632747869606792e-05,Information
742828,13958.0,5738.222858,USA,United States,Illinois,1.157804512,0.0,0.77,0.32,,,,,,,,,,,,,,,,,,,,,,,,,,0.3201244958045851,23.15609024,0.0,,,,,,,,,,,,,,,,,1.546875,0.026957387998198,2.671875,0.0465627610877966,0.023203125,0.040436081997297,0.093515625,0.162969663807288,0.3201244958045851,55391,,,2.1167769030175185e-08,Information
742912,14009.0,9343.860332,USA,United States,Missouri,0.177610734,0.0,0.77,0.32,,,,,,,,,,,,,,,,,,,,,,,,,,3.1776282302893133,3.55221468,0.0,,,,,,,,,,,,,,,,,25.875,0.2769198070299896,32.765625,0.3506647556412369,0.388125,0.4153797105449843,1.146796875,1.2273266447443292,3.1776282302893133,103021,,,0.0003214168883387,Information
742916,14013.0,6853.549249,USA,United States,Missouri,0.078918548,0.0,0.77,0.32,,,,,,,,,,,,,,,,,,,,,,,,,,1.225898776204474,1.57837096,0.0,,,,,,,,,,,,,,,,,3.375,0.0492445574863395,12.796875,0.1867189471357042,0.050625,0.0738668362295092,0.447890625,0.6535163149749647,1.225898776204474,118939,,,5.783688777471535e-06,Information
742917,14014.0,8877.020558,USA,United States,Missouri,0.363663948,0.0,0.77,0.32,,,,,,,,,,,,,,,,,,,,,,,,,,14.473518489360298,7.273278960000001,0.0,,,,,,,,,,,,,,,,,36.703125,0.4134622057279002,178.734375,2.013450051648128,0.550546875,0.6201933085918503,6.255703125,7.047075180768447,14.473518489360298,43223,,,0.0316316817452768,Information
742923,14019.0,1404.837143,USA,United States,Kansas,2.4298239,0.0,0.77,0.32,,,,,,,,,,,,,,,,,,,,,,,,,,0.4566522834609431,48.596478000000005,0.0,,,,,,,,,,,,,,,,,0.140625,0.0100100570865235,1.546875,0.1101106279517594,0.002109375,0.0150150856297852,0.054140625,0.3853871978311579,0.4566522834609431,56860,,,1.158873230962479e-06,Information
742931,14026.0,403.3342972,USA,United States,Missouri,0.633494029,0.0,0.77,0.32,,,,,,,,,,,,,,,,,,,,,,,,,,12.89464948749265,12.66988058,0.0,,,,,,,,,,,,,,,,,2.8125,0.6973123832625964,13.078125,3.242502582171073,0.0421875,1.0459685748938945,0.457734375,11.348759037598755,12.89464948749265,151548,,,0.0278815189363282,Information
742932,14027.0,6302.745761,USA,United States,Missouri,0.086667936,0.0,0.77,0.32,,,,,,,,,,,,,,,,,,,,,,,,,,4.168483818271918,1.73335872,0.0,,,,,,,,,,,,,,,,,12.9375,0.2052676800008869,40.5,0.6425770852201678,0.1940625,0.3079015200013303,1.4175,2.249019798270587,4.168483818271918,107922,,,0.0007884877424632,Information
742933,14028.0,2284.390115,USA,United States,Missouri,0.6532184,0.0,0.77,0.32,,,,,,,,,,,,,,,,,,,,,,,,,,10.662645630444946,13.064368,0.0,,,,,,,,,,,,,,,,,14.0625,0.615591002159216,50.625,2.2161276077731777,0.2109375,0.923386503238824,1.771875,7.756446627206122,10.662645630444946,145776,,,0.0179339677298256,Information
742934,14029.0,4671.667331,USA,United States,Iowa,0.133915257,0.0,0.77,0.32,,,,,,,,,,,,,,,,,,,,,,,,,,0.8678259894987199,2.67830514,0.0,,,,,,,,,,,,,,,,,0.703125,0.0150508362467867,7.59375,0.1625490314652971,0.010546875,0.02257625437018,0.26578125,0.5689216101285398,0.8678259894987199,15434,,,1.1804644957940477e-06,Information
742935,14030.0,2126.010178,USA,United States,Missouri,0.214786339,0.0,0.77,0.32,,,,,,,,,,,,,,,,,,,,,,,,,,3.8860546684750537,4.29572678,0.0,,,,,,,,,,,,,,,,,4.078125,0.1918205774216234,17.71875,0.8334273363836053,0.061171875,0.2877308661324351,0.62015625,2.9169956773426184,3.8860546684750537,6555,,,0.0006779718938794,Information
742936,14031.0,4995.870052,USA,United States,Nebraska,0.234668857,0.0,0.77,0.32,,,,,,,,,,,,,,,,,,,,,,,,,,0.631050714948923,4.69337714,0.0,,,,,,,,,,,,,,,,,0.5625,0.011259300065523,5.765625,0.115407825671611,0.0084375,0.0168889500982845,0.201796875,0.4039273898506385,0.631050714948923,19538,,,2.6178411654996214e-07,Information
742938,14033.0,7693.973821,USA,United States,Iowa,0.411781297,0.0,0.77,0.32,,,,,,,,,,,,,,,,,,,,,,,,,,0.2700372564986899,8.23562594,0.0,,,,,,,,,,,,,,,,,0.28125,0.0036554582394895,3.234375,0.0420377697541302,0.00421875,0.0054831873592342,0.113203125,0.1471321941394557,0.2700372564986899,50921,,,2.7977391334542673e-09,Information
742962,14056.0,4820.641056,USA,United States,South Dakota,2.584025957,0.0,0.77,0.32,,,,,,,,,,,,,,,,,,,,,,,,,,0.1621272428570253,51.68051914,0.0,,,,,,,,,,,,,,,,,0.5625,0.011668572571416,1.265625,0.0262542882856861,0.0084375,0.017502858857124,0.044296875,0.0918900089999013,0.1621272428570253,913,,,6.089243880384597e-09,Information
742966,14060.0,4335.627627,USA,United States,Wyoming,0.016798467,0.0,0.77,0.32,,,,,,,,,,,,,,,,,,,,,,,,,,0.2813083650482157,0.33596934,0.0,,,,,,,,,,,,,,,,,0.421875,0.0097304251263578,2.25,0.0518956006739083,0.006328125,0.0145956376895367,0.07875,0.181634602358679,0.2813083650482157,6778,,,2.1775480112935713e-09,Information
742983,14076.0,3719.318159,USA,United States,Montana,3.151223137,0.0,0.77,0.32,,,,,,,,,,,,,,,,,,,,,,,,,,2.749208021152454,63.02446274,0.0,,,,,,,,,,,,,,,,,6.046875,0.1625802026595387,18.703125,0.5028643477608988,0.090703125,0.243870303989308,0.654609375,1.760025217163146,2.749208021152454,9441,,,0.004675555963377,Information
742985,14078.0,14278.68649,USA,United States,Montana,2.473242484,0.0,0.77,0.32,,,,,,,,,,,,,,,,,,,,,,,,,,7.841643597475485,49.46484968,0.0,,,,,,,,,,,,,,,,,48.234375,0.3378068076868702,111.09375,0.778039003127194,0.723515625,0.5067102115303053,3.88828125,2.723136510945179,7.841643597475485,7478,,,0.0312156118886945,Information
742988,14081.0,7739.311423,USA,United States,Wyoming,0.473177169,0.0,0.77,0.32,,,,,,,,,,,,,,,,,,,,,,,,,,2.164427224327281,9.46354338,0.0,,,,,,,,,,,,,,,,,11.109375,0.1435447469796801,22.21875,0.2870894939593603,0.166640625,0.2153171204695201,0.77765625,1.004813228857761,2.164427224327281,29735,,,9.438228350326812e-05,Information
742993,14085.0,20530.03962,USA,United States,Montana,0.908671746,0.0,0.77,0.32,,,,,,,,,,,,,,,,,,,,,,,,,,4.009917970510599,18.17343492,0.0,,,,,,,,,,,,,,,,,1.265625,0.00616474699327,76.5,0.3726247071487695,0.018984375,0.009247120489905,2.6775,1.3041864750206933,4.009917970510599,12014,,,0.0012813795840465,Information
751600,14119.0,7931.871324,USA,United States,New Mexico,0.030413708,0.0,0.77,0.32,,,,,,,,,,,,,,,,,,,,,,,,,,0.3099681738892054,0.60827416,0.0,,,,,,,,,,,,,,,,,0.28125,0.003545821515676,3.796875,0.0478685904616261,0.00421875,0.005318732273514,0.132890625,0.1675400666156913,0.3099681738892054,21516,,,3.955246602078992e-09,Information
751830,14132.0,2068.5386,USA,United States,Texas,1.24295192,0.0,0.77,0.32,,,,,,,,,,,,,,,,,,,,,,,,,,4.6355581950433535,24.859038400000003,0.0,,,,,,,,,,,,,,,,,8.015625,0.3875018333937542,19.265625,0.9313640557007778,0.120234375,0.5812527500906313,0.674296875,3.2597741949527226,4.6355581950433535,10591,,,0.0026713619220631,Information
751850,14134.0,10834.37725,USA,United States,Texas,0.100810377,0.0,0.77,0.32,,,,,,,,,,,,,,,,,,,,,,,,,,2.912425392755896,2.01620754,0.0,,,,,,,,,,,,,,,,,1.546875,0.0142774703531242,42.609375,0.39327941063606,0.023203125,0.0214162055296863,1.491328125,1.37647793722621,2.912425392755896,46882,,,0.0002192024498351,Information
751870,14136.0,6633.760354,USA,United States,Texas,1.48716438,0.0,0.77,0.32,,,,,,,,,,,,,,,,,,,,,,,,,,1.625526756958462,29.7432876,0.0,,,,,,,,,,,,,,,,,0.5625,0.0084793536395528,18.28125,0.2755789932854665,0.0084375,0.0127190304593291,0.63984375,0.9645264764991328,1.625526756958462,8427,,,8.28344092378666e-05,Information
751966,14148.0,4803.064214,USA,United States,Texas,0.202776914,0.0,0.77,0.32,,,,,,,,,,,,,,,,,,,,,,,,,,0.1473583271451575,4.05553828,0.0,,,,,,,,,,,,,,,,,0.5625,0.0117112737817832,1.125,0.0234225475635665,0.0084375,0.0175669106726748,0.039375,0.0819789164724827,0.1473583271451575,14443,,,4.627113183831816e-11,Information
751967,14149.0,1253.802445,USA,United States,Texas,2.056682348,0.0,0.77,0.32,,,,,,,,,,,,,,,,,,,,,,,,,,0.1325323837430947,41.13364695999999,0.0,,,,,,,,,,,,,,,,,0.984375,0.0785111724953965,0.0,0.0,0.014765625,0.1177667587430947,0.0,0.0,0.1325323837430947,3287,,,5.431045480437515e-10,Information
752101,14155.0,8015.446082,USA,United States,Texas,0.006189722,0.0,0.77,0.32,,,,,,,,,,,,,,,,,,,,,,,,,,0.2544343476212456,0.12379444,0.0,,,,,,,,,,,,,,,,,0.984375,0.0122809758801083,2.8125,0.0350885025145952,0.014765625,0.0184214638201624,0.0984375,0.1228097588010832,0.2544343476212456,1889,,,1.167195274279358e-09,Information
752121,14165.0,3230.301224,MEX,Mexico,Nuevo León,4.052010209,0.0,0.57,0.6,,,,,,,,,,,,,,,,,,,,,,,,,,0.8725732170385087,81.04020417999999,0.0,,,,,,,,,,,,,,,,,1.40625,0.0435330918837299,5.484375,0.1697790583465468,0.02109375,0.0652996378255948,0.191953125,0.5942267042129138,0.8725732170385087,17391,,,0.0010397758427738,Information
752129,14173.0,2279.187008,MEX,Mexico,Coahuila,1.848996013,0.0,0.57,0.6,,,,,,,,,,,,,,,,,,,,,,,,,,0.2613793559218486,36.97992026,0.0,,,,,,,,,,,,,,,,,0.28125,0.0123399264302521,1.265625,0.0555296689361344,0.00421875,0.0185098896453781,0.044296875,0.1943538412764704,0.2613793559218486,4125,,,2.06459060420005e-08,Information
752130,14174.0,8409.221635,MEX,Mexico,Tamaulipas,4.011082813,0.0,0.57,0.6,,,,,,,,,,,,,,,,,,,,,,,,,,0.8142688840031311,80.22165626,0.0,,,,,,,,,,,,,,,,,4.78125,0.0568572242196841,8.578125,0.1020085493353157,0.07171875,0.0852858363295261,0.300234375,0.3570299226736049,0.8142688840031311,92955,,,0.0007112354112913,Information
752141,14176.0,714.3693275,MEX,Mexico,Tamaulipas,1.819660489,0.0,0.57,0.6,,,,,,,,,,,,,,,,,,,,,,,,,,0.5061946963173031,36.39320978,0.0,,,,,,,,,,,,,,,,,0.28125,0.0393703913597752,0.84375,0.1181111740793258,0.00421875,0.0590555870396628,0.02953125,0.4133891092776403,0.5061946963173031,79,,,6.705839214441903e-07,Information
752142,14177.0,7443.477312,MEX,Mexico,Nuevo León,4.2163566,0.0,0.57,0.6,,,,,,,,,,,,,,,,,,,,,,,,,,0.3971063009277246,84.327132,0.0,,,,,,,,,,,,,,,,,1.125,0.0151139037960315,4.359375,0.0585663772096221,0.016875,0.0226708556940472,0.152578125,0.2049823202336773,0.3971063009277246,50490,,,0.0001187002325363,Information
752145,14180.0,5961.079491,MEX,Mexico,Nuevo León,4.055336149,0.0,0.57,0.6,,,,,,,,,,,,,,,,,,,,,,,,,,0.1487294522161633,81.10672298,0.0,,,,,,,,,,,,,,,,,0.421875,0.0070771577632529,1.40625,0.0235905258775097,0.006328125,0.0106157366448793,0.04921875,0.0825668405712839,0.1487294522161633,27184,,,6.348702904938576e-07,Information
752152,14186.0,3006.999629,MEX,Mexico,Coahuila,3.635230215,0.0,0.57,0.6,,,,,,,,,,,,,,,,,,,,,,,,,,0.2919762498260103,72.7046043,0.0,,,,,,,,,,,,,,,,,0.5625,0.0187063541521675,1.6875,0.0561190624565026,0.0084375,0.0280595312282512,0.0590625,0.196416718597759,0.2919762498260103,122119,,,2.842195155043465e-06,Information
752153,14187.0,1237.156504,USA,United States,Texas,2.85544708,0.0,0.77,0.32,,,,,,,,,,,,,,,,,,,,,,,,,,0.1979821428573965,57.1089416,0.0,,,,,,,,,,,,,,,,,0.140625,0.0113667914746707,0.5625,0.045467165898683,0.002109375,0.017050187212006,0.0196875,0.1591350806453905,0.1979821428573965,105171,,,3.7608373907590395e-08,Information
752155,14189.0,6978.497997,MEX,Mexico,Coahuila,4.022119909,0.0,0.57,0.6,,,,,,,,,,,,,,,,,,,,,,,,,,0.1129051585343967,80.44239818,0.0,,,,,,,,,,,,,,,,,0.140625,0.0020151184404362,1.265625,0.0181360659639264,0.002109375,0.0030226776606543,0.044296875,0.0634762308737424,0.1129051585343967,217947,,,1.2710600110548872e-07,Information
752177,14211.0,15704.64862,MEX,Mexico,Chihuahua,2.272933376,0.0,0.57,0.6,,,,,,,,,,,,,,,,,,,,,,,,,,0.1668721992772358,45.458667520000006,0.0,,,,,,,,,,,,,,,,,1.546875,0.0098497905799944,2.25,0.0143269681163555,0.023203125,0.0147746858699916,0.07875,0.0501443884072442,0.1668721992772358,4806,,,3.530110376576509e-09,Information
752181,14215.0,11259.04337,MEX,Mexico,Chihuahua,1.71267046,0.0,0.57,0.6,,,,,,,,,,,,,,,,,,,,,,,,,,0.3212847646154224,34.2534092,0.0,,,,,,,,,,,,,,,,,1.828125,0.0162369478512437,4.078125,0.0362208836681591,0.027421875,0.0243554217768655,0.142734375,0.1267730928385568,0.3212847646154224,14179,,,5.153250989001153e-08,Information
752182,14216.0,4433.138669,MEX,Mexico,Chihuahua,4.007022275,0.0,0.57,0.6,,,,,,,,,,,,,,,,,,,,,,,,,,0.3021731966415074,80.1404455,0.0,,,,,,,,,,,,,,,,,1.265625,0.0285491859056601,2.109375,0.0475819765094335,0.018984375,0.0428237788584901,0.073828125,0.1665369177830172,0.3021731966415074,984486,,,1.4230702546500233e-05,Information
752185,14219.0,1549.096081,MEX,Mexico,Chihuahua,3.599301067,0.0,0.57,0.6,,,,,,,,,,,,,,,,,,,,,,,,,,0.3092816762552038,71.98602134,0.0,,,,,,,,,,,,,,,,,0.140625,0.0090778746188204,1.125,0.0726229969505638,0.002109375,0.0136168119282306,0.039375,0.2541804893269733,0.3092816762552038,48912,,,3.2998436965542965e-06,Information
752186,14220.0,13748.4693,MEX,Mexico,Chihuahua,2.005334491,0.0,0.57,0.6,,,,,,,,,,,,,,,,,,,,,,,,,,0.2562691152040887,40.10668982,0.0,,,,,,,,,,,,,,,,,1.6875,0.012274093672503,3.515625,0.0255710284843812,0.0253125,0.0184111405087545,0.123046875,0.0894985996953342,0.2562691152040887,213120,,,2.4611860941551174e-08,Information
752187,14221.0,7122.269648,MEX,Mexico,Chihuahua,4.011673148,0.0,0.57,0.6,,,,,,,,,,,,,,,,,,,,,,,,,,0.1791766140224719,80.23346296,0.0,,,,,,,,,,,,,,,,,0.703125,0.0098722041530634,1.828125,0.0256677307979648,0.010546875,0.0148083062295951,0.063984375,0.0898370577928768,0.1791766140224719,45585,,,1.2794867896854405e-06,Information
752198,14232.0,7532.782565,USA,United States,Colorado,1.193810115,0.0,0.77,0.32,,,,,,,,,,,,,,,,,,,,,,,,,,0.4795076888224139,23.8762023,0.0,,,,,,,,,,,,,,,,,1.265625,0.016801560234824,5.34375,0.0709399209914794,0.018984375,0.025202340352236,0.18703125,0.2482897234701779,0.4795076888224139,5723,,,2.016894237950346e-07,Information
752243,14241.0,6996.435127,MEX,Mexico,Coahuila,1.644700675,0.0,0.57,0.6,,,,,,,,,,,,,,,,,,,,,,,,,,0.2032640294046684,32.8940135,0.0,,,,,,,,,,,,,,,,,0.984375,0.0140696652240786,1.96875,0.0281393304481573,0.014765625,0.0211044978361179,0.06890625,0.0984876565685505,0.2032640294046684,609747,,,3.325195508151303e-09,Information
752253,14250.0,12009.91048,MEX,Mexico,Durango,3.179004197,0.0,0.57,0.6,,,,,,,,,,,,,,,,,,,,,,,,,,0.5489346494475824,63.58008394,0.0,,,,,,,,,,,,,,,,,0.28125,0.0023418159572542,8.4375,0.0702544787176289,0.00421875,0.0035127239358813,0.2953125,0.2458906755117011,0.5489346494475824,844619,,,1.3650102829128945e-05,Information
752256,14253.0,8264.515041,MEX,Mexico,Durango,3.084929293,0.0,0.57,0.6,,,,,,,,,,,,,,,,,,,,,,,,,,0.1926837082708862,61.69858586,0.0,,,,,,,,,,,,,,,,,0.5625,0.0068062069852184,2.25,0.0272248279408739,0.0084375,0.0102093104778276,0.07875,0.0952868977930586,0.1926837082708862,20528,,,6.04294302694471e-08,Information
752257,14254.0,3399.689409,MEX,Mexico,Durango,3.807355278,0.0,0.57,0.6,,,,,,,,,,,,,,,,,,,,,,,,,,0.3242454504837251,76.14710556,0.0,,,,,,,,,,,,,,,,,0.5625,0.0165456290929042,2.109375,0.0620461090983911,0.0084375,0.0248184436393563,0.073828125,0.2171613818443688,0.3242454504837251,5857,,,8.611089222648329e-06,Information
752274,14261.0,4412.48,MEX,Mexico,Durango,1.477852977,0.0,0.57,0.6,,,,,,,,,,,,,,,,,,,,,,,,,,0.2641109138333695,29.55705954,0.0,,,,,,,,,,,,,,,,,1.125,0.0254958662724688,1.828125,0.0414307826927618,0.016875,0.0382437994087032,0.063984375,0.1450077394246663,0.2641109138333695,260735,,,1.1605320617567637e-08,Information
752276,14263.0,3717.635903,MEX,Mexico,Coahuila,2.017087673,0.0,0.57,0.6,,,,,,,,,,,,,,,,,,,,,,,,,,0.5007284489766213,40.34175345999999,0.0,,,,,,,,,,,,,,,,,0.84375,0.0226958750659039,3.515625,0.094566146107933,0.01265625,0.0340438125988558,0.123046875,0.3309815113777655,0.5007284489766213,6126,,,8.750657400119268e-07,Information
752312,14268.0,13823.39762,USA,United States,New Mexico,0.787175328,0.0,0.77,0.32,,,,,,,,,,,,,,,,,,,,,,,,,,1.4177749558212052,15.74350656,0.0,,,,,,,,,,,,,,,,,4.640625,0.0335707987899141,21.515625,0.1556464307532383,0.069609375,0.0503561981848711,0.753046875,0.544762507636334,1.4177749558212052,54402,,,2.205959019976425e-05,Information
752340,14278.0,4064.061408,MEX,Mexico,Chihuahua,0.46380022,0.0,0.57,0.6,,,,,,,,,,,,,,,,,,,,,,,,,,0.1435605269894685,9.2760044,0.0,,,,,,,,,,,,,,,,,0.140625,0.0034602085420158,1.125,0.0276816683361271,0.002109375,0.0051903128130237,0.039375,0.0968858391764448,0.1435605269894685,207663,,,5.6362014888605344e-11,Information
752350,14279.0,14234.49881,MEX,Mexico,Chihuahua,3.100421151,0.0,0.57,0.6,,,,,,,,,,,,,,,,,,,,,,,,,,0.193927507871318,62.00842302,0.0,,,,,,,,,,,,,,,,,0.703125,0.0049395838192171,2.953125,0.0207462520407121,0.010546875,0.0074093757288256,0.103359375,0.0726118821424923,0.193927507871318,55428,,,6.543077570928747e-08,Information
752360,14280.0,20520.55461,MEX,Mexico,Chihuahua,3.376653929,0.0,0.57,0.6,,,,,,,,,,,,,,,,,,,,,,,,,,0.6044546252858625,67.53307858000001,0.0,,,,,,,,,,,,,,,,,6.75,0.0328938477983439,8.71875,0.0424878867395276,0.10125,0.0493407716975158,0.30515625,0.1487076035883466,0.6044546252858625,144153,,,3.393233783429748e-05,Information
753240,14302.0,9624.114983,MEX,Mexico,México,0.685142056,0.0,0.57,0.6,,,,,,,,,,,,,,,,,,,,,,,,,,0.7168558289300992,13.70284112,0.0,,,,,,,,,,,,,,,,,1.125,0.0116893865257631,9.5625,0.099359785468987,0.016875,0.0175340797886446,0.3346875,0.3477592491414545,0.7168558289300992,23455860,,,8.310967280428223e-07,Information
753248,14309.0,5380.764381,MEX,Mexico,Querétaro,1.906894749,0.0,0.57,0.6,,,,,,,,,,,,,,,,,,,,,,,,,,0.4562389311531766,38.13789498,0.0,,,,,,,,,,,,,,,,,1.125,0.020907810125334,4.078125,0.0757908117043359,0.016875,0.031361715188001,0.142734375,0.2652678409651756,0.4562389311531766,850541,,,4.5620374320405706e-07,Information
753249,14310.0,6590.995093,MEX,Mexico,Hidalgo,1.193767782,0.0,0.57,0.6,,,,,,,,,,,,,,,,,,,,,,,,,,0.2017710423995461,23.87535564,0.0,,,,,,,,,,,,,,,,,0.421875,0.0064007785473445,2.109375,0.0320038927367227,0.006328125,0.0096011678210167,0.073828125,0.1120136245785294,0.2017710423995461,1473203,,,1.48730105292871e-09,Information
753303,14318.0,3797.661786,MEX,Mexico,Puebla,3.679041171,0.0,0.57,0.6,,,,,,,,,,,,,,,,,,,,,,,,,,3.98771997260039,73.58082342,0.0,,,,,,,,,,,,,,,,,11.8125,0.3110466562439881,26.296875,0.6924491037812593,0.1771875,0.4665699843659821,0.920390625,2.423571863234408,3.98771997260039,724582,,,0.0293208166272734,Information
753304,14319.0,7916.798171,MEX,Mexico,Puebla,0.584655667,0.0,0.57,0.6,,,,,,,,,,,,,,,,,,,,,,,,,,0.5283010230711733,11.69311334,0.0,,,,,,,,,,,,,,,,,2.109375,0.0266442942534193,5.765625,0.0728277376260127,0.031640625,0.0399664413801289,0.201796875,0.2548970816910444,0.5283010230711733,1275886,,,1.5365561304932038e-07,Information
753305,14320.0,11395.80401,MEX,Mexico,Veracruz,1.328540023,0.0,0.57,0.6,,,,,,,,,,,,,,,,,,,,,,,,,,4.7353006279347145,26.57080046,0.0,,,,,,,,,,,,,,,,,24.75,0.217185202406752,61.453125,0.5392609855213103,0.37125,0.325777803610128,2.150859375,1.887413449324586,4.7353006279347145,2699307,,,0.0030600494959396,Information
753308,14323.0,5764.356189,MEX,Mexico,Veracruz,0.946667177,0.0,0.57,0.6,,,,,,,,,,,,,,,,,,,,,,,,,,6.755167463782445,18.93334354,0.0,,,,,,,,,,,,,,,,,18.984375,0.329340768992673,62.4375,1.0831651957981243,0.284765625,0.4940111534890095,2.1853125,3.791078185293435,6.755167463782445,1080867,,,0.0064782273041294,Information
753309,14324.0,268.0707015,MEX,Mexico,Veracruz,4.046413098,0.0,0.57,0.6,,,,,,,,,,,,,,,,,,,,,,,,,,39.3479630884501,80.92826196000001,0.0,3.0,,,,,,,,,,,,,,,,10.40625,3.8819050134090447,24.890625,9.285097126667582,0.15609375,5.822857520113567,0.871171875,32.49783994333654,39.3479630884501,4832,750.0,15.52,0.7655397704037716,Watch
753401,14325.0,912.3468059,MEX,Mexico,Veracruz,2.874030847,0.0,0.57,0.6,,,,,,,,,,,,,,,,,,,,,,,,,,9.477955379334636,57.48061694,0.0,,,,,,,,,,,,,,,,,2.953125,0.3236844784224088,21.375,2.342859081914578,0.044296875,0.4855267176336131,0.748125,8.200006786701023,9.477955379334636,62884,,,0.0666788893205146,Information
753406,14330.0,5446.237487,MEX,Mexico,Oaxaca,3.59578789,0.0,0.57,0.6,,,,,,,,,,,,,,,,,,,,,,,,,,1.4896329643114248,71.9157578,0.0,,,,,,,,,,,,,,,,,4.5,0.0826258496866549,13.078125,0.2401313756518407,0.0675,0.1239387745299823,0.457734375,0.8404598147814425,1.4896329643114248,604977,,,0.0016587371157413,Information
753407,14331.0,4099.204693,MEX,Mexico,Oaxaca,3.551627307,0.0,0.57,0.6,,,,,,,,,,,,,,,,,,,,,,,,,,1.7146432943328225,71.03254614,0.0,,,,,,,,,,,,,,,,,0.421875,0.0102916304880069,14.0625,0.343054349600232,0.006328125,0.0154374457320103,0.4921875,1.200690223600812,1.7146432943328225,270570,,,0.0023495522588259,Information
753501,14334.0,1862.599876,MEX,Mexico,Veracruz,2.962571551,0.0,0.57,0.6,,,,,,,,,,,,,,,,,,,,,,,,,,7.120163663826363,59.25143102,0.0,,,,,,,,,,,,,,,,,6.609375,0.3548467433331308,29.109375,1.5628356568076187,0.099140625,0.5322701149996962,1.018828125,5.469924798826666,7.120163663826363,168071,,,0.0405368409139701,Information
753503,14336.0,145.4324769,MEX,Mexico,Veracruz,0.002122785,0.0,0.57,0.6,,,,,,,,,,,,,,,,,,,,,,,,,,14.420789390637616,0.0424557,0.0,,,,,,,,,,,,,,,,,0.984375,0.6768605066970295,5.484375,3.7710799658834495,0.014765625,1.015290760045544,0.191953125,13.198779880592074,14.420789390637616,33583,,,0.0264292784313765,Information
753504,14337.0,5647.358793,MEX,Mexico,Tabasco,2.960226357,0.0,0.57,0.6,,,,,,,,,,,,,,,,,,,,,,,,,,5.865958089288238,59.20452714,0.0,,,,,,,,,,,,,,,,,8.578125,0.1518962282109481,56.8125,1.0060012491348045,0.128671875,0.2278443423164221,1.9884375,3.521004371971816,5.865958089288238,247121,,,0.0262260034409663,Information
753506,14338.0,718.559405,MEX,Mexico,Tabasco,4.041923891,0.0,0.57,0.6,,,,,,,,,,,,,,,,,,,,,,,,,,20.745913759967028,80.83847782,0.0,,,,,,,,,,,,,,,,,22.5,3.131265117891532,30.09375,4.188067095179923,0.3375,4.696897676837298,1.05328125,14.658234833129727,20.745913759967028,65082,,,0.5316606953308655,Advisory
753610,14342.0,653.6734085,MEX,Mexico,Tabasco,4.009184252,0.0,0.57,0.6,,,,,,,,,,,,,,,,,,,,,,,,,,10.336598282742356,80.18368504,0.0,,,,,,,,,,,,,,,,,5.203125,0.7959823563447167,15.890625,2.4309731423500804,0.078046875,1.193973534517075,0.556171875,8.508405998225282,10.336598282742356,50267,,,0.2575830363401198,Information
753621,14344.0,364.7199389,MEX,Mexico,Tabasco,2.408452562,0.0,0.57,0.6,,,,,,,,,,,,,,,,,,,,,,,,,,9.431322675312687,48.16905124,0.0,,,,,,,,,,,,,,,,,0.140625,0.0385569816750537,9.421875,2.5833177722286016,0.002109375,0.0578354725125805,0.329765625,9.041612202800106,9.431322675312687,12076,,,0.0441951127315956,Information
753712,14362.0,14686.18369,MEX,Mexico,Campeche,2.990508984,1.1054891,0.57,0.6,,,,,,,,,,,,,,,,,,,,,,,,,,1.9737584908459844,59.81017968,22.109782,,,,,,,,,,,,,,,,,4.78125,0.0325561092080999,31.5,0.2144873077239527,0.07171875,0.0488341638121498,1.1025,0.7507055770338344,1.9737584908459844,144834,,,0.0012905242983716,Information
753716,14366.0,12768.96184,BLZ,Belize,Orange Walk,2.529604414,0.0,0.63,0.51,,,,,,,,,,,,,,,,,,,,,,,,,,1.9258009460274057,50.59208828,0.0,,,,,,,,,,,,,,,,,8.015625,0.0627742889629715,27.421875,0.214754146452271,0.120234375,0.0941614334444572,0.959765625,0.7516395125829485,1.9258009460274057,131397,,,0.0005877304834577,Information
753801,14378.0,1060.042325,CRI,Costa Rica,Limón,4.013841103,0.0,0.68,0.44,,,,,,,,,,,,,,,,,,,,,,,,,,4.416341151487242,80.27682206,0.0,,,,,,,,,,,,,,,,,1.96875,0.1857237163482438,11.25,1.061278379132822,0.02953125,0.2785855745223657,0.39375,3.714474326964877,4.416341151487242,11834,,,0.0672639264915249,Information
753802,14379.0,3100.243188,CRI,Costa Rica,Heredia,4.016617862,0.0,0.68,0.44,,,,,,,,,,,,,,,,,,,,,,,,,,3.752489504847505,80.33235724000001,0.0,,,,,,,,,,,,,,,,,6.046875,0.1950451830299964,22.78125,0.7348213872292887,0.090703125,0.2925677745449946,0.79734375,2.5718748553025104,3.752489504847505,99687,,,0.0488047081652669,Information
753803,14380.0,545.3272309,NIC,Nicaragua,Río San Juan,4.087250123,0.0,0.56,0.61,,,,,,,,,,,,,,,,,,,,,,,,,,4.106221369940226,81.74500246,0.0,,,,,,,,,,,,,,,,,0.703125,0.1289363450311333,5.765625,1.057278029255293,0.010546875,0.1934045175466999,0.201796875,3.700473102393525,4.106221369940226,579,,,0.0678580079510697,Information
753804,14381.0,3240.174309,CRI,Costa Rica,Alajuela,1.268264501,0.0,0.68,0.44,,,,,,,,,,,,,,,,,,,,,,,,,,3.4075525124919093,25.36529002,0.0,,,,,,,,,,,,,,,,,5.0625,0.1562415943502677,21.65625,0.6683668202761451,0.0759375,0.2343623915254015,0.75796875,2.339283870966508,3.4075525124919093,217002,,,0.0010122604072473,Information
753806,14383.0,4218.89078,CRI,Costa Rica,Alajuela,4.008668695,0.0,0.68,0.44,,,,,,,,,,,,,,,,,,,,,,,,,,1.7180586374802267,80.1733739,0.0,,,,,,,,,,,,,,,,,3.796875,0.0899969967916306,12.9375,0.3066564335122231,0.056953125,0.1349954951874459,0.4528125,1.0732975172927808,1.7180586374802267,83046,,,0.007225939581058,Information
753807,14384.0,6241.548475,NIC,Nicaragua,Lago Nicaragua,4.068543655,0.0,0.56,0.61,,,,,,,,,,,,,,,,,,,,,,,,,,4.502764550900595,81.3708731,0.0,,,,,,,,,,,,,,,,,32.34375,0.5182007338131956,35.578125,0.5700208071945151,0.48515625,0.7773011007197934,1.245234375,1.9950728251808028,4.502764550900595,111198,,,0.0777987800481319,Information
753809,14386.0,13249.46444,NIC,Nicaragua,Managua,3.034247376,0.0,0.56,0.61,,,,,,,,,,,,,,,,,,,,,,,,,,22.669966645724045,60.68494752,0.0,,,,,,,,,,,,,,,,,202.078125,1.5251795718031411,282.515625,2.132279582291239,3.031171875,2.287769357704712,9.888046875,7.462978538019335,22.669966645724045,2514323,,,0.2909654506541212,Information
753901,16323.0,1361.805524,CRI,Costa Rica,Limón,0.183138438,0.0,0.68,0.44,,,,,,,,,,,,,,,,,,,,,,,,,,3.027014500186503,3.66276876,0.0,,,,,,,,,,,,,,,,,0.5625,0.0413054573672326,10.125,0.7434982326101869,0.0084375,0.0619581860508489,0.354375,2.602243814135654,3.027014500186503,115871,,,0.0002698089470097,Information
753902,14387.0,2860.319033,CRI,Costa Rica,Cartago,1.218857808,0.0,0.68,0.44,,,,,,,,,,,,,,,,,,,,,,,,,,3.14552315876394,24.37715616,0.0,,,,,,,,,,,,,,,,,12.515625,0.4375604557889259,14.625,0.5113066000230145,0.187734375,0.6563406836833888,0.511875,1.7895731000805508,3.14552315876394,498454,,,0.0007369391326286,Information
753903,14388.0,4310.025256,CRI,Costa Rica,Limón,3.124643308,0.0,0.68,0.44,,,,,,,,,,,,,,,,,,,,,,,,,,3.1375625577939443,62.49286616,0.0,,,,,,,,,,,,,,,,,2.953125,0.0685175799310607,25.734375,0.5970817679706723,0.044296875,0.102776369896591,0.900703125,2.089786187897353,3.1375625577939443,192727,,,0.0065491584142876,Information
753905,14390.0,255.4061026,PAN,Panama,Bocas del Toro,4.079859485,0.0,0.62,0.53,,,,,,,,,,,,,,,,,,,,,,,,,,12.761230912474268,81.5971897,0.0,,,,,,,,,,,,,,,,,0.84375,0.3303562410391398,8.71875,3.413681157404445,0.01265625,0.4955343615587096,0.30515625,11.947884050915558,12.761230912474268,12068,,,0.3571483451694944,Advisory
762014,14396.0,2547.297543,CUB,Cuba,Sancti Spíritus,2.202679312,0.0,-9999.0,0.6,,,,,,,,,,,,,,,,,,,,,,,,,,2.9057953254596294,44.05358624,0.0,,,,,,,,,,,,,,,,,11.109375,0.4361239632569982,12.09375,0.4747678587354663,0.166640625,0.6541859448854973,0.42328125,1.661687505574132,2.9057953254596294,300827,,,0.0015497823730662,Information
762016,14398.0,2602.416225,CUB,Cuba,Matanzas,2.808798236,0.0,-9999.0,0.6,,,,,,,,,,,,,,,,,,,,,,,,,,2.897604858199275,56.17596472,0.0,,,,,,,,,,,,,,,,,9.703125,0.3728506188971797,12.9375,0.497134158529573,0.145546875,0.5592759283457696,0.4528125,1.7399695548535057,2.897604858199275,133966,,,0.0033008240162687,Information
771112,14408.0,3972.715067,PAN,Panama,Veraguas,1.027404374,1.571210947,0.62,0.53,,,,,,,,,,,,,,,,,,,,,,,,,,0.5589003279352143,20.54808748,31.42421894,,,,,,,,,,,,,,,,,0.421875,0.0106193118035897,4.359375,0.1097328886370942,0.006328125,0.0159289677053845,0.152578125,0.3840651102298297,0.5589003279352143,132681,,,7.556958893263064e-07,Information
771114,14410.0,5025.679377,CRI,Costa Rica,Puntarenas,2.382666444,0.0,0.68,0.44,,,,,,,,,,,,,,,,,,,,,,,,,,1.885664052121732,47.65332888,0.0,,,,,,,,,,,,,,,,,11.53125,0.2294465909118885,13.078125,0.2602260116439712,0.17296875,0.3441698863678327,0.457734375,0.9107910407538992,1.885664052121732,237796,,,0.0004443045506133,Information
771116,14412.0,3276.697039,CRI,Costa Rica,Guanacaste,0.195962495,0.0,0.68,0.44,,,,,,,,,,,,,,,,,,,,,,,,,,9.897285777621702,3.9192499,0.0,,,,,,,,,,,,,,,,,34.875,1.0643339797640656,54.84375,1.6737510165644582,0.523125,1.5965009696460983,1.91953125,5.858128557975604,9.897285777621702,171177,,,0.0115152466429788,Information
771160,14426.0,10247.37911,MEX,Mexico,Oaxaca,4.013419003,0.0,0.57,0.6,,,,,,,,,,,,,,,,,,,,,,,,,,0.1528203661839945,80.26838006,0.0,,,,,,,,,,,,,,,,,1.546875,0.0150953232367989,1.546875,0.0150953232367989,0.023203125,0.0226429848551983,0.054140625,0.0528336313287961,0.1528203661839945,211595,,,5.848140302586958e-07,Information
771191,14428.0,2495.936322,MEX,Mexico,Oaxaca,2.733981648,0.0,0.57,0.6,,,,,,,,,,,,,,,,,,,,,,,,,,0.932854081358502,54.67963296,0.0,,,,,,,,,,,,,,,,,1.265625,0.0507074234507662,4.78125,0.1915613774806722,0.018984375,0.0760611351761492,0.16734375,0.6704648211823527,0.932854081358502,131413,,,5.153198809417683e-05,Information
771193,14430.0,4719.756714,MEX,Mexico,Guerrero,4.019142296,0.0,0.57,0.6,,,,,,,,,,,,,,,,,,,,,,,,,,2.405582116675435,80.38284592,0.0,,,,,,,,,,,,,,,,,2.53125,0.0536309422974618,20.953125,0.4439450223512121,0.03796875,0.0804464134461927,0.733359375,1.5538075782292422,2.405582116675435,327877,,,0.0179255379689802,Information
771200,14437.0,4901.82112,MEX,Mexico,Puebla,0.609303952,0.0,0.57,0.6,,,,,,,,,,,,,,,,,,,,,,,,,,0.8977671648098029,12.18607904,0.0,,,,,,,,,,,,,,,,,4.921875,0.1004091108016338,6.328125,0.1290974281735292,0.073828125,0.1506136662024507,0.221484375,0.4518409986073522,0.8977671648098029,601758,,,2.2910523816797104e-06,Information
771220,14439.0,18390.5945,MEX,Mexico,Michoacán,0.375425372,0.0,0.57,0.6,,,,,,,,,,,,,,,,,,,,,,,,,,0.341917879760542,7.50850744,0.0,,,,,,,,,,,,,,,,,0.984375,0.0053526002115796,5.90625,0.0321156012694779,0.014765625,0.0080289003173694,0.20671875,0.1124046044431726,0.341917879760542,1241354,,,1.0698974250079505e-08,Information
771240,14441.0,13466.90084,MEX,Mexico,Michoacán,3.012327164,0.0,0.57,0.6,,,,,,,,,,,,,,,,,,,,,,,,,,0.2487234044636793,60.24654328,0.0,,,,,,,,,,,,,,,,,0.984375,0.0073095882388744,3.65625,0.0271498991729622,0.014765625,0.0109643823583116,0.12796875,0.0950246471053676,0.2487234044636793,1175794,,,1.9465626640818338e-07,Information
771250,14442.0,19424.50004,MEX,Mexico,Guerrero,2.108318809,0.0,0.57,0.6,,,,,,,,,,,,,,,,,,,,,,,,,,0.2524295125774715,42.16637618,0.0,,,,,,,,,,,,,,,,,1.265625,0.0065156117147446,4.21875,0.0217187057158156,0.018984375,0.0097734175721168,0.14765625,0.0760154700053546,0.2524295125774715,997275,,,2.7522402188062066e-08,Information
771260,14443.0,9605.816176,MEX,Mexico,Morelos,1.087507511,0.0,0.57,0.6,,,,,,,,,,,,,,,,,,,,,,,,,,0.1621666847268971,21.75015022,0.0,,,,,,,,,,,,,,,,,0.703125,0.007319784046628,1.96875,0.0204953953305586,0.010546875,0.010979676069942,0.06890625,0.0717338836569551,0.1621666847268971,2724670,,,3.22467957632288e-10,Information
771290,14446.0,10165.57577,MEX,Mexico,Puebla,1.047764717,0.0,0.57,0.6,,,,,,,,,,,,,,,,,,,,,,,,,,0.1311109723482952,20.95529434,0.0,,,,,,,,,,,,,,,,,0.140625,0.0013833451563467,1.828125,0.0179834870325072,0.002109375,0.00207501773452,0.063984375,0.0629422046137752,0.1311109723482952,4676134,,,7.681570786444644e-11,Information
771300,14447.0,2737.299816,MEX,Mexico,Jalisco,1.727242276,0.0,0.57,0.6,,,,,,,,,,,,,,,,,,,,,,,,,,0.4907708984349567,34.54484552,0.0,,,,,,,,,,,,,,,,,0.140625,0.0051373619791327,2.953125,0.1078846015617879,0.002109375,0.007706042968699,0.103359375,0.3775961054662576,0.4907708984349567,321304,,,4.961909590752881e-07,Information
771302,14449.0,7639.176749,MEX,Mexico,Jalisco,2.114500941,0.0,0.57,0.6,,,,,,,,,,,,,,,,,,,,,,,,,,0.4058862152139737,42.29001882,0.0,,,,,,,,,,,,,,,,,2.53125,0.0331351149908122,3.9375,0.0515435122079301,0.03796875,0.0497026724862183,0.1378125,0.1804022927277553,0.4058862152139737,428250,,,3.577426490647704e-07,Information
771304,14451.0,9754.049499,MEX,Mexico,Jalisco,3.541565049,0.0,0.57,0.6,,,,,,,,,,,,,,,,,,,,,,,,,,0.5895274928528175,70.83130098,0.0,,,,,,,,,,,,,,,,,2.671875,0.0273924691507417,7.171875,0.0735271540362014,0.040078125,0.0410887037261125,0.251015625,0.2573450391267049,0.5895274928528175,623618,,,4.779328545013426e-05,Information
771307,14454.0,5371.155866,MEX,Mexico,Jalisco,1.788328822,0.0,0.57,0.6,,,,,,,,,,,,,,,,,,,,,,,,,,1.4125649403414622,35.76657644,0.0,,,,,,,,,,,,,,,,,4.359375,0.0811626977224653,12.234375,0.2277791839307898,0.065390625,0.1217440465836979,0.428203125,0.7972271437577643,1.4125649403414622,271125,,,6.75102036272774e-05,Information
771308,14455.0,12951.53327,MEX,Mexico,Jalisco,2.516148087,0.0,0.57,0.6,,,,,,,,,,,,,,,,,,,,,,,,,,0.3738043170291656,50.32296174,0.0,,,,,,,,,,,,,,,,,0.28125,0.0021715575603888,5.90625,0.0456027087681664,0.00421875,0.0032573363405832,0.20671875,0.1596094806885823,0.3738043170291656,793987,,,5.052935676215039e-07,Information
771309,14456.0,3349.476168,MEX,Mexico,Nayarit,4.031560154,0.0,0.57,0.6,,,,,,,,,,,,,,,,,,,,,,,,,,6.025017768341582,80.63120308,0.0,,,,,,,,,,,,,,,,,2.671875,0.0797699361381303,42.046875,1.255326889752682,0.040078125,0.1196549042071954,1.471640625,4.3936441141343865,6.025017768341582,263204,,,0.1214552359526289,Information
771420,14458.0,17791.9713,MEX,Mexico,Zacatecas,2.076088599,0.0,0.57,0.6,,,,,,,,,,,,,,,,,,,,,,,,,,0.217466824721553,41.52177198,0.0,,,,,,,,,,,,,,,,,0.421875,0.002371153779441,3.796875,0.021340384014969,0.006328125,0.0035567306691615,0.132890625,0.0746913440523915,0.217466824721553,115421,,,1.1071630924923372e-08,Information
771440,14460.0,15043.10838,MEX,Mexico,Zacatecas,2.847304069,0.0,0.57,0.6,,,,,,,,,,,,,,,,,,,,,,,,,,0.2423000668051225,56.94608138,0.0,,,,,,,,,,,,,,,,,0.84375,0.0056088806843549,3.796875,0.0252399630795972,0.01265625,0.0084133210265323,0.132890625,0.0883398707785902,0.2423000668051225,239412,,,1.1092414174943257e-07,Information
771450,14461.0,13807.51221,MEX,Mexico,Zacatecas,0.255116529,0.0,0.57,0.6,,,,,,,,,,,,,,,,,,,,,,,,,,0.731052272878979,5.102330579999999,0.0,,,,,,,,,,,,,,,,,2.671875,0.019350879136652,10.96875,0.0794404511925717,0.040078125,0.029026318704978,0.38390625,0.2780415791740009,0.731052272878979,2702195,,,5.691976131733356e-07,Information
771470,14463.0,28952.76676,MEX,Mexico,Jalisco,1.744642973,0.0,0.57,0.6,,,,,,,,,,,,,,,,,,,,,,,,,,4.524610087005153,34.89285946,0.0,,,,,,,,,,,,,,,,,24.046875,0.0830555338711608,85.78125,0.2962799746281176,0.360703125,0.1245833008067412,3.00234375,1.0369799111984117,4.524610087005153,9612273,,,0.0038322481232199,Information
771531,14469.0,2692.319513,MEX,Mexico,Nayarit,4.045736659,0.0,0.57,0.6,,,,,,,,,,,,,,,,,,,,,,,,,,45.35843653681015,80.91473318,0.0,3.0,,,,,,,,,,,,,,,,3.9375,0.1462493578734325,288.0,10.697095890171065,0.0590625,0.2193740368101487,10.08,35.0,45.35843653681015,44167,298.0,0.67,0.8066670341276535,Warning
771534,14472.0,5723.847718,MEX,Mexico,Sinaloa,2.682202421,0.0,0.57,0.6,,,,,,,,,,,,,,,,,,,,,,,,,,1.6147659217469217,53.64404842,0.0,,,,,,,,,,,,,,,,,1.125,0.0196546109425248,16.3125,0.2849918586666098,0.016875,0.0294819164137872,0.5709375,0.9974715053331344,1.6147659217469217,95787,,,0.0003937380940943,Information
771535,14473.0,659.5248848,MEX,Mexico,Sinaloa,2.722225068,0.0,0.57,0.6,,,,,,,,,,,,,,,,,,,,,,,,,,2.5796753753174486,54.44450136,0.0,,,,,,,,,,,,,,,,,0.140625,0.0213221674036779,4.5,0.6823093569176948,0.002109375,0.0319832511055168,0.1575,2.388082749211932,2.5796753753174486,5453,,,0.0020441452933343,Information
771537,14475.0,1989.87864,MEX,Mexico,Sinaloa,3.930977132,0.0,0.57,0.6,,,,,,,,,,,,,,,,,,,,,,,,,,2.270834723934736,78.61954264,0.0,,,,,,,,,,,,,,,,,0.84375,0.0424020833716731,10.40625,0.522959028250636,0.01265625,0.0636031250575096,0.36421875,1.830356598877226,2.270834723934736,465915,,,0.0124700321308022,Information
771540,14478.0,10090.95656,MEX,Mexico,Durango,4.040000953,1.032999259,0.57,0.6,,,,,,,,,,,,,,,,,,,,,,,,,,0.9435408652303662,80.80001906,20.65998518,,,,,,,,,,,,,,,,,4.359375,0.04320081030309,11.671875,0.1156666856502089,0.065390625,0.0648012154546349,0.408515625,0.4048333997757312,0.9435408652303662,61258,,,0.0012932885154939,Information
771580,14482.0,12943.66255,MEX,Mexico,Sinaloa,4.000547909,0.0,0.57,0.6,,,,,,,,,,,,,,,,,,,,,,,,,,2.740711572518037,80.01095817999999,0.0,,,,,,,,,,,,,,,,,11.53125,0.0890879992691942,39.234375,0.3031164853183561,0.17296875,0.1336319989037913,1.373203125,1.0609076986142465,2.740711572518037,319606,,,0.0234630474803381,Information
771603,14486.0,4187.27432,MEX,Mexico,Sinaloa,4.004704419,0.0,0.57,0.6,,,,,,,,,,,,,,,,,,,,,,,,,,0.4550231153362662,80.09408838,0.0,,,,,,,,,,,,,,,,,0.421875,0.0100751698534952,3.65625,0.0873181387302924,0.006328125,0.0151127547802428,0.12796875,0.3056134855560234,0.4550231153362662,58070,,,7.89120604107705e-05,Information
771604,14487.0,8104.5013,MEX,Mexico,Chihuahua,1.557654878,0.0,0.57,0.6,,,,,,,,,,,,,,,,,,,,,,,,,,0.2764429238629504,31.15309756,0.0,,,,,,,,,,,,,,,,,0.703125,0.0086757343103949,3.234375,0.0399083778278166,0.010546875,0.0130136014655923,0.113203125,0.1396793223973581,0.2764429238629504,39851,,,1.717949501934329e-08,Information
771801,14495.0,14607.99585,MEX,Mexico,Sonora,4.0086432,2.173026084,0.57,0.6,,,,,,,,,,,,,,,,,,,,,,,,,,1.3798887476713588,80.172864,43.46052168,,,,,,,,,,,,,,,,,5.0625,0.0346556779676719,21.234375,0.1453613159199574,0.0759375,0.0519835169515078,0.743203125,0.5087646057198509,1.3798887476713588,56921,,,0.0038488595640336,Information
771802,14496.0,7111.069801,MEX,Mexico,Sonora,3.075321274,0.0,0.57,0.6,,,,,,,,,,,,,,,,,,,,,,,,,,1.0591295723088037,61.50642548,0.0,,,,,,,,,,,,,,,,,3.09375,0.0435061121111619,11.25,0.1582040440405888,0.04640625,0.0652591681667428,0.39375,0.5537141541420608,1.0591295723088037,28279,,,0.0001634187367627,Information
771806,14500.0,22954.68814,MEX,Mexico,Sonora,2.405823551,0.0,0.57,0.6,,,,,,,,,,,,,,,,,,,,,,,,,,0.2836512285924486,48.116471020000006,0.0,,,,,,,,,,,,,,,,,0.703125,0.0030630997719732,5.34375,0.0232795582669968,0.010546875,0.0045946496579598,0.18703125,0.0814784539344888,0.2836512285924486,158156,,,9.492480537164157e-08,Information
771920,14506.0,25355.98213,MEX,Mexico,Sonora,0.779502072,0.033671315,0.57,0.6,,,,,,,,,,,,,,,,,,,,,,,,,,0.2588325764393999,15.59004144,0.6734263,,,,,,,,,,,,,,,,,2.53125,0.0099828513326454,4.21875,0.0166380855544091,0.03796875,0.0149742769989681,0.14765625,0.0582332994404318,0.2588325764393999,1010808,,,3.577206177138174e-09,Information
771950,14509.0,8231.771243,MEX,Mexico,Sonora,3.181433355,4.000897404,0.57,0.6,,,,,,,,,,,,,,,,,,,,,,,,,,1.795549643536702,63.6286671,80.01794808,,,,,,,,,,,,,,,,,2.53125,0.0307497612032274,22.078125,0.2682062504948174,0.03796875,0.0461246418048411,0.772734375,0.9387218767318608,1.795549643536702,5851,,,0.007986688400981,Information
771970,14511.0,5091.738627,MEX,Mexico,Sonora,4.043754241,2.082249631,0.57,0.6,,,,,,,,,,,,,,,,,,,,,,,,,,7.133663376011562,80.87508482000001,41.64499262,,,,,,,,,,,,,,,,,8.859375,0.173995085926806,64.96875,1.2759639634632438,0.132890625,0.2609926288902089,2.27390625,4.465873872121353,7.133663376011562,7021,,,0.1620255740314767,Information
771980,14512.0,12579.63888,USA,United States,Arizona,3.510683462,0.0,0.77,0.32,,,,,,,,,,,,,,,,,,,,,,,,,,0.1135857544361444,70.21366924,0.0,,,,,,,,,,,,,,,,,0.28125,0.0022357557527175,1.6875,0.0134145345163052,0.00421875,0.0033536336290762,0.0590625,0.0469508708070682,0.1135857544361444,32228,,,1.2792146201443592e-08,Information
772000,14514.0,26827.87063,USA,United States,California,0.602009913,0.0,0.77,0.32,,,,,,,,,,,,,,,,,,,,,,,,,,4.672593794650863,12.04019826,0.0,,,,,,,,,,,,,,,,,47.109375,0.1755986363697745,77.0625,0.2872479185989148,0.706640625,0.2633979545546617,2.6971875,1.0053677150962017,4.672593794650863,1748932,,,0.0016668487237102,Information
772214,14520.0,4856.243168,USA,United States,Arizona,0.026244463,0.0,0.77,0.32,,,,,,,,,,,,,,,,,,,,,,,,,,0.3721236028928972,0.52488926,0.0,,,,,,,,,,,,,,,,,1.546875,0.0318533266684609,2.8125,0.0579151393972017,0.023203125,0.0477799900026913,0.0984375,0.2027029878902059,0.3721236028928972,4946,,,1.145614436041006e-08,Information
772221,14527.0,2120.828307,USA,United States,Arizona,0.900702618,0.0,0.77,0.32,,,,,,,,,,,,,,,,,,,,,,,,,,0.5987500962413604,18.01405236,0.0,,,,,,,,,,,,,,,,,1.40625,0.0663066404350819,2.390625,0.1127212887396393,0.02109375,0.0994599606526228,0.083671875,0.3945245105887375,0.5987500962413604,1997659,,,4.33919091574233e-07,Information
772240,14537.0,21187.19506,USA,United States,Arizona,0.653236631,0.0,0.77,0.32,,,,,,,,,,,,,,,,,,,,,,,,,,0.3042865259049369,13.06473262,0.0,,,,,,,,,,,,,,,,,0.984375,0.0046460845669017,5.484375,0.0258853283013098,0.014765625,0.0069691268503525,0.191953125,0.0905986490545843,0.3042865259049369,1683024,,,7.794614561806136e-09,Information
772250,14538.0,8499.917654,USA,United States,Arizona,0.08330673,0.0,0.77,0.32,,,,,,,,,,,,,,,,,,,,,,,,,,0.2846430346884406,1.6661346,0.0,,,,,,,,,,,,,,,,,0.84375,0.0099265667540929,3.375,0.0397062670163718,0.01265625,0.0148898501311393,0.118125,0.1389719345573013,0.2846430346884406,1652844,,,2.534547973167299e-09,Information
772347,14554.0,6821.106451,USA,United States,Nevada,4.001152903,0.0,0.77,0.32,,,,,,,,,,,,,,,,,,,,,,,,,,0.5409870457579107,80.02305806000001,0.0,,,,,,,,,,,,,,,,,2.8125,0.0412323135587065,5.0625,0.0742181644056717,0.0421875,0.0618484703380597,0.1771875,0.2597635754198509,0.5409870457579107,2003,,,0.0001537261502911,Information
772348,14555.0,925.4087222,USA,United States,Nevada,3.866585747,0.0,0.77,0.32,,,,,,,,,,,,,,,,,,,,,,,,,,1.0376398859229057,77.33171494,0.0,,,,,,,,,,,,,,,,,1.265625,0.1367638935728984,1.96875,0.2127438344467308,0.018984375,0.2051458403593475,0.06890625,0.7446034205635579,1.0376398859229057,0,,,0.0010211261260413,Information
772349,14556.0,2376.212688,USA,United States,Nevada,1.038342231,0.0,0.77,0.32,,,,,,,,,,,,,,,,,,,,,,,,,,1.0034264766536525,20.76684462,0.0,,,,,,,,,,,,,,,,,0.703125,0.0295901542574325,5.203125,0.2189671415050011,0.010546875,0.0443852313861487,0.182109375,0.7663849952675038,1.0034264766536525,391,,,6.241575003098174e-06,Information
772350,14557.0,11791.27815,USA,United States,Arizona,0.086107593,0.0,0.77,0.32,,,,,,,,,,,,,,,,,,,,,,,,,,1.7191517110803982,1.72215186,0.0,,,,,,,,,,,,,,,,,4.921875,0.0417416579936718,24.46875,0.2075156711685401,0.073828125,0.0626124869905077,0.85640625,0.7263048490898903,1.7191517110803982,1443,,,2.6053711868806503e-05,Information
772801,14582.0,5888.697102,USA,United States,Utah,4.010862948,0.0,0.77,0.32,,,,,,,,,,,,,,,,,,,,,,,,,,1.8022922486920216,80.21725896,0.0,,,,,,,,,,,,,,,,,0.5625,0.0095521978837222,18.84375,0.3199986291046967,0.0084375,0.0143282968255833,0.65953125,1.1199952018664383,1.8022922486920216,10435,,,0.0082931866243959,Information
772805,14586.0,7358.562211,USA,United States,Colorado,2.317640103,0.0,0.77,0.32,,,,,,,,,,,,,,,,,,,,,,,,,,2.6936387375709407,46.35280206,0.0,,,,,,,,,,,,,,,,,0.984375,0.0133772735997494,32.203125,0.4376279506203762,0.014765625,0.0200659103996241,1.127109375,1.5316978271713166,2.6936387375709407,146720,,,0.0013878878152603,Information
773201,14602.0,21221.35721,USA,United States,California,0.439716854,0.0,0.77,0.32,,,,,,,,,,,,,,,,,,,,,,,,,,3.982647707293922,8.79433708,0.0,,,,,,,,,,,,,,,,,23.625,0.111326527182015,67.21875,0.3167504761488285,0.354375,0.1669897907730225,2.35265625,1.1086266665208997,3.982647707293922,3209,,,0.0008705562984865,Information
773205,14606.0,9136.698653,USA,United States,California,0.000121864,0.0,0.77,0.32,,,,,,,,,,,,,,,,,,,,,,,,,,0.8703576231498766,0.00243728,0.0,,,,,,,,,,,,,,,,,4.078125,0.044634557348042,10.125,0.1108168320365182,0.061171875,0.066951836022063,0.354375,0.3878589121278137,0.8703576231498766,441853,,,1.0477102621351669e-06,Information
773207,14608.0,9701.171161,USA,United States,California,3.507710971,0.0,0.77,0.32,,,,,,,,,,,,,,,,,,,,,,,,,,1.683504268746879,70.15421942,0.0,,,,,,,,,,,,,,,,,2.109375,0.0217435087467399,22.78125,0.2348298944647912,0.031640625,0.0326152631201098,0.79734375,0.8219046306267692,1.683504268746879,42660,,,0.0020190757801515,Information
773305,14615.0,9561.677959,USA,United States,Nevada,0.031058728,0.0,0.77,0.32,,,,,,,,,,,,,,,,,,,,,,,,,,0.3783208534909859,0.62117456,0.0,,,,,,,,,,,,,,,,,0.84375,0.0088242879919841,4.921875,0.0514750132865742,0.01265625,0.0132364319879761,0.172265625,0.1801625465030097,0.3783208534909859,3481,,,1.2667578773991024e-08,Information
773403,14622.0,4958.980734,USA,United States,Nevada,0.072242626,0.0,0.77,0.32,,,,,,,,,,,,,,,,,,,,,,,,,,1.064745562450614,1.44485252,0.0,,,,,,,,,,,,,,,,,4.5,0.0907444541769707,8.15625,0.1644743231957594,0.0675,0.136116681265456,0.28546875,0.5756601311851579,1.064745562450614,1796,,,2.978914194559423e-06,Information
773502,14626.0,5224.209694,USA,United States,Nevada,0.12636341,0.0,0.77,0.32,,,,,,,,,,,,,,,,,,,,,,,,,,1.147452517871454,2.5272682,0.0,,,,,,,,,,,,,,,,,6.890625,0.1318979406275044,8.296875,0.1588158876943421,0.103359375,0.1978469109412566,0.290390625,0.5558556069301973,1.147452517871454,27161,,,4.455740099772659e-06,Information
773506,14630.0,18347.1271,USA,United States,Nevada,0.048297962,0.0,0.77,0.32,,,,,,,,,,,,,,,,,,,,,,,,,,0.3335123316733341,0.96595924,0.0,,,,,,,,,,,,,,,,,0.28125,0.0015329375462323,6.046875,0.0329581572439959,0.00421875,0.0022994063193484,0.211640625,0.1153535503539856,0.3335123316733341,693,,,6.221636101745469e-09,Information
773508,14632.0,7812.723815,USA,United States,Oregon,0.662572215,0.0,0.77,0.32,,,,,,,,,,,,,,,,,,,,,,,,,,4.357223672502874,13.2514443,0.0,,,,,,,,,,,,,,,,,28.96875,0.3707893775096335,42.1875,0.5399845303538353,0.43453125,0.5561840662644502,1.4765625,1.889945856238424,4.357223672502874,86,,,0.001389514127851,Information
773602,14635.0,1872.288495,USA,United States,Nevada,0.14682048,0.0,0.77,0.32,,,,,,,,,,,,,,,,,,,,,,,,,,4.7974061099966665,2.9364096,0.0,,,,,,,,,,,,,,,,,12.375,0.660955832118414,16.3125,0.8712599605197275,0.185625,0.991433748177621,0.5709375,3.049409861819046,4.7974061099966665,2,,,0.0013179367183316,Information
773607,14640.0,9473.841075,USA,United States,Oregon,0.483534315,0.0,0.77,0.32,,,,,,,,,,,,,,,,,,,,,,,,,,0.520308076009687,9.6706863,0.0,,,,,,,,,,,,,,,,,0.140625,0.001484350422276,7.171875,0.075701871536078,0.002109375,0.002226525633414,0.251015625,0.264956550376273,0.520308076009687,931,,,1.2560546673820794e-07,Information
773812,14648.0,38784.06486,USA,United States,Utah,4.00407907,0.0,0.77,0.32,,,,,,,,,,,,,,,,,,,,,,,,,,30.82017198455709,80.0815814,0.0,3.0,,,,,,,,,,,,,,,,395.15625,1.0188623896123408,530.71875,1.3683938286110229,5.92734375,1.528293584418511,18.57515625,4.78937840013858,30.82017198455709,7269,2.0,0.03,0.6687719039308169,Watch
773839,14666.0,3015.118445,USA,United States,Utah,0.922532319,0.0,0.77,0.32,,,,,,,,,,,,,,,,,,,,,,,,,,2.2824124503604883,18.45064638,0.0,,,,,,,,,,,,,,,,,6.046875,0.2005518227805877,12.515625,0.4150956331970305,0.090703125,0.3008277341708815,0.438046875,1.452834716189607,2.2824124503604883,3325,,,0.0001744622141584,Information
774112,14671.0,3637.707088,MEX,Mexico,Baja California Sur,1.914557018,3.485213976,0.57,0.6,,,,,,,,,,,,,,,,,,,,,,,,,,0.3374085950836283,38.29114036,69.70427952,,,,,,,,,,,,,,,,,1.40625,0.0386575929818169,1.96875,0.0541206301745437,0.02109375,0.0579863894727253,0.06890625,0.1894222056109029,0.3374085950836283,7585,,,3.438389920649974e-06,Information
774114,14673.0,4188.509253,MEX,Mexico,Baja California Sur,0.281341669,0.0,0.57,0.6,,,,,,,,,,,,,,,,,,,,,,,,,,0.5025650506712547,5.626833380000001,0.0,,,,,,,,,,,,,,,,,1.6875,0.0402887972327493,3.515625,0.0839349942348945,0.0253125,0.0604331958491239,0.123046875,0.2937724798221308,0.5025650506712547,18899,,,8.236435881647656e-08,Information
774116,14674.0,2650.039603,MEX,Mexico,Baja California Sur,2.106771534,0.0,0.57,0.6,,,,,,,,,,,,,,,,,,,,,,,,,,0.1241863276861028,42.13543068,0.0,,,,,,,,,,,,,,,,,0.421875,0.0159195734085572,0.5625,0.0212260978780763,0.006328125,0.0238793601128358,0.0196875,0.074291342573267,0.1241863276861028,874,,,4.0214792356727134e-10,Information
774118,14676.0,3151.952695,MEX,Mexico,Baja California Sur,2.541693094,0.0,0.57,0.6,,,,,,,,,,,,,,,,,,,,,,,,,,3.1392569519729445,50.83386188,0.0,,,,,,,,,,,,,,,,,13.078125,0.4149213603429604,15.890625,0.5041517604167154,0.196171875,0.6223820405144406,0.556171875,1.7645311614585035,3.1392569519729445,3674,,,0.0029686967031945,Information
774131,14679.0,8550.373996,MEX,Mexico,Baja California,4.065333965,3.662024756,0.57,0.6,,,,,,,,,,,,,,,,,,,,,,,,,,6.542687004876967,81.3066793,73.24049512,,,,,,,,,,,,,,,,,40.921875,0.4785974861479121,68.625,0.8025964716157425,0.613828125,0.7178962292218681,2.401875,2.809087650655099,6.542687004876967,40709,,,0.1469008207178961,Information
774133,14681.0,9795.501877,MEX,Mexico,Baja California,2.975552912,0.466762028,0.57,0.6,,,,,,,,,,,,,,,,,,,,,,,,,,0.242978851501763,59.51105824,9.33524056,,,,,,,,,,,,,,,,,2.109375,0.0215341186845198,2.53125,0.0258409424214238,0.031640625,0.0323011780267797,0.08859375,0.0904432984749833,0.242978851501763,13503,,,1.561988987034564e-07,Information
774137,14685.0,3669.065787,MEX,Mexico,Baja California,4.116678536,3.00537196,0.57,0.6,,,,,,,,,,,,,,,,,,,,,,,,,,0.2278951733972151,82.33357072000001,60.1074392,,,,,,,,,,,,,,,,,0.140625,0.0038327195033842,1.6875,0.0459926340406111,0.002109375,0.0057490792550762,0.0590625,0.1609742191421388,0.2278951733972151,387213,,,6.790266788347556e-06,Information
774140,14688.0,4442.526015,MEX,Mexico,Baja California,4.07427889,0.0,0.57,0.6,,,,,,,,,,,,,,,,,,,,,,,,,,1.604659275291641,81.48557780000002,0.0,,,,,,,,,,,,,,,,,4.359375,0.0981282942565267,12.234375,0.2753923096876718,0.065390625,0.14719244138479,0.428203125,0.9638730839068512,1.604659275291641,1819335,,,0.007229793748537,Information
774150,16338.0,9220.502501,USA,United States,California,2.813908744,0.101008526,0.77,0.32,,,,,,,,,,,,,,,,,,,,,,,,,,3.356434448928671,56.27817488,2.02017052,,,,,,,,,,,,,,,,,10.546875,0.1143850348643234,41.484375,0.4499144704663388,0.158203125,0.1715775522964851,1.451953125,1.5747006466321858,3.356434448928671,4741669,,,0.0051296014114199,Information
774170,14690.0,15553.08566,USA,United States,California,1.008137113,0.005010881,0.77,0.32,,,,,,,,,,,,,,,,,,,,,,,,,,5.71364743854112,20.16274226,0.10021762,,,,,,,,,,,,,,,,,40.21875,0.2585901657593045,82.125,0.5280302685434749,0.60328125,0.3878852486389567,2.874375,1.8481059399021624,5.71364743854112,11995705,,,0.0041805060418508,Information
774180,14691.0,4737.09041,USA,United States,California,1.347489276,0.0,0.77,0.32,,,,,,,,,,,,,,,,,,,,,,,,,,0.5140442154144034,26.94978552,0.0,,,,,,,,,,,,,,,,,1.828125,0.0385917270245723,3.9375,0.0831206428221557,0.027421875,0.0578875905368584,0.1378125,0.2909222498775449,0.5140442154144034,156857,,,3.587000527185998e-07,Information
774190,14692.0,3691.449964,USA,United States,California,0.53989862,0.319322625,0.77,0.32,,,,,,,,,,,,,,,,,,,,,,,,,,4.177798686717668,10.7979724,6.386452500000001,,,,,,,,,,,,,,,,,6.1875,0.1676170626911078,29.53125,0.7999905264802873,0.0928125,0.2514255940366617,1.03359375,2.799966842681006,4.177798686717668,294651,,,0.0011025560978675,Information
774402,14695.0,5907.738048,USA,United States,California,0.005704628,0.0,0.77,0.32,,,,,,,,,,,,,,,,,,,,,,,,,,2.3969194862115395,0.11409256,0.0,,,,,,,,,,,,,,,,,7.171875,0.121397985855906,22.359375,0.3784760735507659,0.107578125,0.182096978783859,0.782578125,1.3246662574276806,2.3969194862115395,555324,,,9.579908700261623e-05,Information
774425,14702.0,1903.036162,USA,United States,California,0.306867447,0.0,0.77,0.32,,,,,,,,,,,,,,,,,,,,,,,,,,0.6640796915373561,6.137348940000001,0.0,,,,,,,,,,,,,,,,,0.84375,0.0443370450228362,2.671875,0.1404006425723148,0.01265625,0.0665055675342543,0.093515625,0.4914022490031018,0.6640796915373561,175209,,,3.688134220115943e-07,Information
774493,14715.0,7171.415515,USA,United States,California,0.660032487,0.0,0.77,0.32,,,,,,,,,,,,,,,,,,,,,,,,,,0.4680352323000334,13.20064974,0.0,,,,,,,,,,,,,,,,,1.546875,0.0215700093906501,4.921875,0.0686318480611595,0.023203125,0.0323550140859751,0.172265625,0.2402114682140582,0.4680352323000334,170417,,,8.811369405954794e-08,Information
774600,14723.0,9387.068157,USA,United States,California,1.417051226,0.0,0.77,0.32,,,,,,,,,,,,,,,,,,,,,,,,,,1.46668239651072,28.34102452,0.0,,,,,,,,,,,,,,,,,6.328125,0.0674132209762027,17.578125,0.1872589471561188,0.094921875,0.101119831464304,0.615234375,0.6554063150464158,1.46668239651072,39684,,,5.034659591242491e-05,Information
774700,14724.0,3019.366033,USA,United States,California,3.161291369,2.366153717,0.77,0.32,,,,,,,,,,,,,,,,,,,,,,,,,,6.291072830092717,63.225827380000005,47.32307434,,,,,,,,,,,,,,,,,4.078125,0.1350656050098205,39.9375,1.322711442165139,0.061171875,0.2025984075147307,1.3978125,4.6294900475779865,6.291072830092717,94140,,,0.0387261053055072,Information
774804,14729.0,2101.428366,USA,United States,California,1.527404796,0.0,0.77,0.32,,,,,,,,,,,,,,,,,,,,,,,,,,0.1822078558661718,30.54809592,0.0,,,,,,,,,,,,,,,,,0.140625,0.0066918769273854,0.84375,0.0401512615643125,0.002109375,0.010037815391078,0.02953125,0.1405294154750937,0.1822078558661718,3052,,,1.3971999671239143e-09,Information
774808,14733.0,3631.649266,USA,United States,Oregon,2.256156982,0.0,0.77,0.32,,,,,,,,,,,,,,,,,,,,,,,,,,2.697291849082608,45.12313964,0.0,,,,,,,,,,,,,,,,,3.9375,0.108421813648362,18.84375,0.5188758224600184,0.0590625,0.1626327204725429,0.65953125,1.8160653786100645,2.697291849082608,588,,,0.0012940616511149,Information
774900,14735.0,2153.447373,USA,United States,California,3.333367204,0.630099113,0.77,0.32,,,,,,,,,,,,,,,,,,,,,,,,,,4.742044958768894,66.66734407999999,12.60198226,,,,,,,,,,,,,,,,,5.484375,0.2546788498192249,21.65625,1.0056549454400163,0.082265625,0.3820182747288373,0.75796875,3.5197923090400574,4.742044958768894,27480,,,0.025583941438822,Information
781004,14739.0,2706.199983,USA,United States,Oregon,1.396450409,0.0,0.77,0.32,,,,,,,,,,,,,,,,,,,,,,,,,,1.3172288524575135,27.92900818,0.0,,,,,,,,,,,,,,,,,1.96875,0.0727496124531588,7.171875,0.2650164453650787,0.02953125,0.1091244186797381,0.251015625,0.9275575587777752,1.3172288524575135,15617,,,3.138852845814536e-05,Information
781008,14743.0,2221.138851,USA,United States,Oregon,0.769060305,2.227284202,0.77,0.32,,,,,,,,,,,,,,,,,,,,,,,,,,1.6519480458152556,15.3812061,44.54568404,,,,,,,,,,,,,,,,,3.9375,0.1772739240413449,6.890625,0.3102293670723537,0.0590625,0.2659108860620173,0.241171875,1.085802784753238,1.6519480458152556,6104,,,0.0002210353934552,Information
781009,14744.0,1293.216393,USA,United States,Oregon,2.203055874,4.000434999,0.77,0.32,,,,,,,,,,,,,,,,,,,,,,,,,,20.765987665787243,44.06111748,80.00869998,,,,,,,,,,,,,,,,,26.296875,2.033447390450748,56.671875,4.382242237174607,0.394453125,3.050171085676122,1.983515625,15.337847830111125,20.765987665787243,35513,,,0.5151638370670503,Advisory
782504,14752.0,2243.062234,USA,United States,Oregon,1.088793563,0.0,0.77,0.32,,,,,,,,,,,,,,,,,,,,,,,,,,0.1842139483054884,21.77587126,0.0,,,,,,,,,,,,,,,,,0.28125,0.0125386623587907,0.84375,0.0376159870763721,0.00421875,0.018807993538186,0.02953125,0.1316559547673023,0.1842139483054884,2250,,,7.186953024436214e-10,Information
782508,14756.0,4559.450661,USA,United States,Washington,0.121760313,0.0,0.77,0.32,,,,,,,,,,,,,,,,,,,,,,,,,,0.1481866034864613,2.43520626,0.0,,,,,,,,,,,,,,,,,0.140625,0.0030842531359533,1.265625,0.0277582782235804,0.002109375,0.0046263797039299,0.044296875,0.0971539737825314,0.1481866034864613,70930,,,4.297529118839606e-11,Information
782618,14765.0,4691.102957,USA,United States,Washington,1.56492969,0.0,0.77,0.32,,,,,,,,,,,,,,,,,,,,,,,,,,0.5615030995039177,31.2985938,0.0,,,,,,,,,,,,,,,,,1.125,0.0239815670276968,4.640625,0.0989239639892493,0.016875,0.0359723505415452,0.162421875,0.3462338739623725,0.5615030995039177,3478,,,7.664137526687971e-07,Information
782684,14784.0,7070.57752,CAN,Canada,British Columbia,4.003959311,0.0,0.8,0.28,,,,,,,,,,,,,,,,,,,,,,,,,,1.911455783882118,80.07918622,0.0,,,,,,,,,,,,,,,,,1.265625,0.0178998815363038,22.078125,0.3122534890221892,0.018984375,0.0268498223044557,0.772734375,1.0928872115776622,1.911455783882118,2325,,,0.0095416445696092,Information
782699,14798.0,4446.6687,CAN,Canada,British Columbia,1.782074453,0.0,0.8,0.28,,,,,,,,,,,,,,,,,,,,,,,,,,2.732100428239483,35.64148906,0.0,,,,,,,,,,,,,,,,,2.25,0.050599677009752,23.0625,0.5186466893499586,0.03375,0.075899515514628,0.8071875,1.815263412724855,2.732100428239483,7348,,,0.0007904758318755,Information
782708,14806.0,10631.54489,USA,United States,Oregon,1.780665425,0.0,0.77,0.32,,,,,,,,,,,,,,,,,,,,,,,,,,0.6508580651742368,35.6133085,0.0,,,,,,,,,,,,,,,,,1.6875,0.0158725756062509,8.859375,0.0833310219328173,0.0253125,0.0238088634093763,0.310078125,0.2916585767648605,0.6508580651742368,29282,,,2.1702864066750533e-06,Information
782803,14810.0,3032.530271,USA,United States,Idaho,2.302225633,0.0,0.77,0.32,,,,,,,,,,,,,,,,,,,,,,,,,,0.3474993349847516,46.04451266,0.0,,,,,,,,,,,,,,,,,0.140625,0.0046372166953869,2.25,0.0741954671261918,0.002109375,0.0069558250430803,0.07875,0.2596841349416713,0.3474993349847516,0,,,2.2658057388728217e-07,Information
782950,14822.0,3.895279702,USA,United States,Oregon,1.537813212,0.0,0.77,0.32,,,,,,,,,,,,,,,,,,,,,,,,,,36.11544949846556,30.75626424,0.0,,,,,,,,,,,,,,,,,0.28125,7.220277399693112,0.28125,7.220277399693112,0.00421875,10.830416099539669,0.00984375,25.27097089892589,36.11544949846556,6,,,0.2575516651269433,Advisory
782980,14825.0,8828.016446,USA,United States,Idaho,1.205744925,0.0,0.77,0.32,,,,,,,,,,,,,,,,,,,,,,,,,,0.6688193569090068,24.1148985,0.0,,,,,,,,,,,,,,,,,0.5625,0.0063717597651839,8.71875,0.0987622763603517,0.0084375,0.0095576396477758,0.30515625,0.3456679672612309,0.6688193569090068,575,,,1.1145446768632542e-06,Information
782994,14829.0,5991.430418,USA,United States,Nevada,0.383529989,0.0,0.77,0.32,,,,,,,,,,,,,,,,,,,,,,,,,,0.4823057680918716,7.67059978,0.0,,,,,,,,,,,,,,,,,2.53125,0.0422478410556707,4.078125,0.0680659661452473,0.03796875,0.063371761583506,0.142734375,0.2382308815083655,0.4823057680918716,2053,,,7.419760287421054e-08,Information
783000,14834.0,10880.26527,CAN,Canada,British Columbia,0.33413331,0.324753841,0.8,0.28,,,,,,,,,,,,,,,,,,,,,,,,,,29.10847674149357,6.6826662,6.49507682,,,,,,,,,,,,,,,,,0.5625,0.0051699107144422,433.125,3.980831250120546,0.0084375,0.0077548660716632,15.159375,13.93290937542191,29.10847674149357,3693,,,0.1220142633082146,Information
783101,14835.0,3558.711189,USA,United States,Washington,3.139199911,1.607633164,0.77,0.32,,,,,,,,,,,,,,,,,,,,,,,,,,26.888224782574547,62.78399822,32.15266328,,,,,,,,,,,,,,,,,81.0,2.2761049067974373,166.921875,4.690514799250969,1.215,3.414157360196156,5.842265625,16.41680179737839,26.888224782574547,29972,,,0.3725714735508721,Advisory
783102,14836.0,5457.904529,USA,United States,Washington,1.2121206,0.0,0.77,0.32,,,,,,,,,,,,,,,,,,,,,,,,,,4.75345782381198,24.242412,0.0,,,,,,,,,,,,,,,,,17.71875,0.3246438245080096,40.359375,0.739466489157133,0.26578125,0.4869657367620144,1.412578125,2.588132712049965,4.75345782381198,137829,,,0.0028143126554362,Information
783104,14838.0,2643.803225,USA,United States,Washington,1.852584683,2.362073748,0.77,0.32,,,,,,,,,,,,,,,,,,,,,,,,,,4.828759548524333,37.05169366,47.24147496,,,,,,,,,,,,,,,,,11.53125,0.4361614317256202,23.90625,0.9042371145531152,0.17296875,0.6542421475884304,0.83671875,3.164829900935903,4.828759548524333,339285,,,0.0083981704247142,Information
783107,14841.0,2357.513738,USA,United States,Washington,0.42958393,2.33361222,0.77,0.32,,,,,,,,,,,,,,,,,,,,,,,,,,13.20554159999007,8.5916786,46.6722444,,,,,,,,,,,,,,,,,23.90625,1.0140449920448296,61.734375,2.618622067692236,0.35859375,1.5210674880672443,2.160703125,9.165177236922826,13.20554159999007,194768,,,0.0813842959881806,Information
783223,14846.0,994.4453939,CAN,Canada,British Columbia,4.002111677,0.0,0.8,0.28,,,,,,,,,,,,,,,,,,,,,,,,,,7.120662461791032,80.04223354000001,0.0,,,,,,,,,,,,,,,,,1.265625,0.1272694315635792,17.859375,1.7959130898416182,0.018984375,0.1909041473453688,0.625078125,6.285695814445663,7.120662461791032,1404,,,0.1513600895941623,Information
783289,14866.0,4715.603076,CAN,Canada,British Columbia,1.909152569,0.0,0.8,0.28,,,,,,,,,,,,,,,,,,,,,,,,,,22.13275024905332,38.18305138,0.0,,,,,,,,,,,,,,,,,1.96875,0.0417496970827295,201.796875,4.279343950979777,0.02953125,0.0626245456240942,7.062890625,14.97770382842922,22.13275024905332,157,,,0.152182180464425,Information
783301,14876.0,1968.479037,CAN,Canada,British Columbia,1.040431669,0.0,0.8,0.28,,,,,,,,,,,,,,,,,,,,,,,,,,14.23162540798344,20.80863338,0.0,,,,,,,,,,,,,,,,,11.671875,0.5929387500676633,61.875,3.143289759394841,0.175078125,0.8894081251014949,2.165625,11.001514157881944,14.23162540798344,4050,,,0.0430443683030739,Information
783340,14886.0,5852.752078,CAN,Canada,British Columbia,3.170802898,0.0,0.8,0.28,,,,,,,,,,,,,,,,,,,,,,,,,,4.2450924047362015,63.41605796,0.0,,,,,,,,,,,,,,,,,5.0625,0.0864977694665798,42.609375,0.7280228930103806,0.0759375,0.1297466541998697,1.491328125,2.548080125536332,4.2450924047362015,81,,,0.0156261327339534,Information
783406,14904.0,12145.92229,CAN,Canada,British Columbia,3.063709255,0.0,0.8,0.28,,,,,,,,,,,,,,,,,,,,,,,,,,9.485688104472942,61.2741851,0.0,,,,,,,,,,,,,,,,,1.96875,0.0162091437255362,147.796875,1.216843575395611,0.02953125,0.0243137155883043,5.172890625,4.258952513884639,9.485688104472942,14410,,,0.0797548779254182,Information
811302,14955.0,2109.238503,USA,United States,Alaska,3.74568361,0.463004784,0.77,0.32,,,,,,,,,,,,,,,,,,,,,,,,,,2.2080607035176185,74.9136722,9.26009568,,,,,,,,,,,,,,,,,7.59375,0.3600232970382135,7.734375,0.3666903951315138,0.11390625,0.5400349455573202,0.270703125,1.2834163829602985,2.2080607035176185,1731,,,0.0075450723290227,Information
811303,14956.0,210.5402218,USA,United States,Alaska,0.178796368,2.111749309,0.77,0.32,,,,,,,,,,,,,,,,,,,,,,,,,,0.340993565551143,3.57592736,42.23498618,,,,,,,,,,,,,,,,,0.140625,0.0667924631102286,0.140625,0.0667924631102286,0.002109375,0.1001886946653429,0.004921875,0.2337736208858001,0.340993565551143,4600,,,1.4313044238175068e-07,Information
811539,14983.0,1511.310045,USA,United States,Alaska,2.106908118,3.090549198,0.77,0.32,,,,,,,,,,,,,,,,,,,,,,,,,,1.7673300509409997,42.13816236,61.81098396,,,,,,,,,,,,,,,,,4.640625,0.3070597601881999,4.640625,0.3070597601881999,0.069609375,0.4605896402822999,0.162421875,1.0747091606586996,1.7673300509409997,56,,,0.0010593156070865,Information
812948,15125.0,8983.408544,CAN,Canada,Yukon,4.036179623,0.0,0.8,0.28,,,,,,,,,,,,,,,,,,,,,,,,,,3.714544726194907,80.72359245999999,0.0,,,,,,,,,,,,,,,,,9.5625,0.1064462331050029,46.125,0.5134465361535436,0.1434375,0.1596693496575043,1.614375,1.7970628765374026,3.714544726194907,0,,,0.0498174899272521,Information
812949,15126.0,11747.67599,CAN,Canada,Yukon,3.176858443,0.0,0.8,0.28,,,,,,,,,,,,,,,,,,,,,,,,,,3.002901096418566,63.53716886,0.0,,,,,,,,,,,,,,,,,11.671875,0.0993547575879852,41.34375,0.3519313100104538,0.175078125,0.1490321363819778,1.44703125,1.2317595850365883,3.002901096418566,285,,,0.0062674904951476,Information
812985,15134.0,1271.245197,CAN,Canada,Yukon,4.021376093,0.0,0.8,0.28,,,,,,,,,,,,,,,,,,,,,,,,,,18.35948148517916,80.42752186,0.0,,,,,,,,,,,,,,,,,14.34375,1.128322847360458,53.015625,4.17036973975385,0.21515625,1.692484271040687,1.855546875,14.596294089138476,18.35948148517916,244,,,0.4744937687989243,Advisory
813903,15190.0,626.176885,USA,United States,Alaska,4.003338174,0.0,0.77,0.32,,,,,,,,,,,,,,,,,,,,,,,,,,58.07609375,80.06676347999999,0.0,3.0,,,,,,,,,,,,,,,,179.4375,28.65604021736142,153.84375,24.56873667538667,2.6915625,15.0,5.38453125,35.0,58.07609375,929,69.0,7.43,0.8575475183638819,Warning
813905,15192.0,1330.982368,USA,United States,Alaska,4.01082856,4.010178484,0.77,0.32,,,,,,,,,,,,,,,,,,,,,,,,,,59.689765625,80.2165712,80.20356968,3.0,,,,,,,,,,,,,,,,200.390625,15.055843700743832,190.96875,14.347954909200086,3.005859375,15.0,6.68390625,35.0,59.689765625,0,0.0,0.0,0.8652719398482628,Warning
822450,15269.0,7463.989945,CAN,Canada,Northwest Territories,1.729446244,0.0,0.8,0.28,,,,,,,,,,,,,,,,,,,,,,,,,,7.939484118791646,34.58892488,0.0,,,,,,,,,,,,,,,,,27.703125,0.3711570514512865,85.078125,1.1398477976042047,0.415546875,0.5567355771769298,2.977734375,3.9894672916147167,7.939484118791646,5,,,0.0174790553780061,Information
822466,15275.0,20195.2454,CAN,Canada,British Columbia,0.054580908,0.0,0.8,0.28,,,,,,,,,,,,,,,,,,,,,,,,,,10.058729636655098,1.09161816,0.0,,,,,,,,,,,,,,,,,90.84375,0.449827413310868,153.28125,0.7589967190539415,1.36265625,0.674741119966302,5.36484375,2.656488516688796,10.058729636655098,3874,,,0.0111343532017555,Information
822469,15278.0,11079.31876,CAN,Canada,British Columbia,3.669972801,0.0,0.8,0.28,,,,,,,,,,,,,,,,,,,,,,,,,,3.3912047912858787,73.39945602,0.0,,,,,,,,,,,,,,,,,24.328125,0.2195814157928655,40.5,0.3655459407418803,0.364921875,0.3293721236892982,1.4175,1.279410792596581,3.3912047912858787,13,,,0.0197113949725056,Information
822474,15282.0,7281.272849,CAN,Canada,British Columbia,3.004412967,0.0,0.8,0.28,,,,,,,,,,,,,,,,,,,,,,,,,,1.4818830387585131,60.08825934,0.0,,,,,,,,,,,,,,,,,0.28125,0.0038626488232365,17.71875,0.2433468758639024,0.00421875,0.0057939732348547,0.62015625,0.8517140655236585,1.4818830387585131,15,,,0.0004949935531916,Information
822478,15286.0,9329.562705,CAN,Canada,Yukon,2.895578043,0.0,0.8,0.28,,,,,,,,,,,,,,,,,,,,,,,,,,2.72126071907353,57.91156086,0.0,,,,,,,,,,,,,,,,,4.21875,0.0452191612122118,35.71875,0.3828555649300607,0.06328125,0.0678287418183176,1.25015625,1.3399944772552124,2.72126071907353,1,,,0.0030843395124879,Information
822513,15300.0,3804.360307,CAN,Canada,Northwest Territories,4.036179626,0.0,0.8,0.28,,,,,,,,,,,,,,,,,,,,,,,,,,0.5204719773299603,80.72359252,0.0,,,,,,,,,,,,,,,,,2.671875,0.0702319124438161,2.953125,0.0776247453326389,0.040078125,0.1053478686657241,0.103359375,0.2716866086642361,0.5204719773299603,63,,,0.0001519802077863,Information
822891,15381.0,1158.500789,CAN,Canada,Alberta,4.030785211,0.0,0.8,0.28,,,,,,,,,,,,,,,,,,,,,,,,,,2.2416615787107004,80.61570422000001,0.0,,,,,,,,,,,,,,,,,0.421875,0.0364155988588042,6.46875,0.5583725158349983,0.006328125,0.0546233982882063,0.22640625,1.954303805422494,2.2416615787107004,105,,,0.0154932558750328,Information
822893,15383.0,1747.929246,CAN,Canada,Alberta,2.314074095,0.0,0.8,0.28,,,,,,,,,,,,,,,,,,,,,,,,,,6.134013191306189,46.2814819,0.0,,,,,,,,,,,,,,,,,0.140625,0.0080452341160341,26.015625,1.488368311466325,0.002109375,0.0120678511740511,0.910546875,5.209289090132138,6.134013191306189,685,,,0.0150068865114334,Information
822899,15389.0,11864.03316,CAN,Canada,Alberta,2.232399021,0.0,0.8,0.28,,,,,,,,,,,,,,,,,,,,,,,,,,1.7363419729123253,44.64798042,0.0,,,,,,,,,,,,,,,,,0.140625,0.0011853051834512,26.859375,0.2263932900391853,0.002109375,0.0017779577751768,0.940078125,0.7923765151371485,1.7363419729123253,14172,,,0.000268155762514,Information
822936,15405.0,9456.944024,CAN,Canada,Alberta,3.019494126,0.0,0.8,0.28,,,,,,,,,,,,,,,,,,,,,,,,,,0.2083141845172699,60.38988252,0.0,,,,,,,,,,,,,,,,,1.828125,0.0193310333156182,2.109375,0.0223050384410979,0.027421875,0.0289965499734273,0.073828125,0.0780676345438426,0.2083141845172699,635,,,7.696630181341698e-08,Information
822943,15411.0,3014.209367,CAN,Canada,Alberta,0.009591299,0.0,0.8,0.28,,,,,,,,,,,,,,,,,,,,,,,,,,7.282947206714066,0.1918259799999999,0.0,,,,,,,,,,,,,,,,,22.21875,0.7371335993420779,38.671875,1.282985695057414,0.33328125,1.105700399013117,1.353515625,4.490449932700949,7.282947206714066,4879,,,0.0044260420913567,Information
822971,15420.0,442.8983049,CAN,Canada,British Columbia,4.013209367,0.0,0.8,0.28,,,,,,,,,,,,,,,,,,,,,,,,,,3.89598640447843,80.26418734,0.0,,,,,,,,,,,,,,,,,2.8125,0.6350216220388816,3.515625,0.7937770275486021,0.0421875,0.9525324330583224,0.123046875,2.7782195964201075,3.89598640447843,1863,,,0.0523494512200204,Information
822975,15424.0,1365.312466,CAN,Canada,British Columbia,0.129425071,0.0,0.8,0.28,,,,,,,,,,,,,,,,,,,,,,,,,,6.174962495268567,2.58850142,0.0,,,,,,,,,,,,,,,,,7.453125,0.5458915220364626,18.0,1.3183795249182495,0.111796875,0.8188372830546939,0.63,4.614328337213873,6.174962495268567,1379,,,0.0029038854085915,Information
831108,15462.0,14780.28411,CAN,Canada,Nunavut,2.554926805,0.0,0.8,0.28,,,,,,,,,,,,,,,,,,,,,,,,,,6.142951861085935,51.0985361,0.0,,,,,,,,,,,,,,,,,1.125,0.0076114910338466,104.203125,0.705014357010047,0.016875,0.0114172365507699,3.647109375,2.4675502495351647,6.142951861085935,0,,,0.019016359067456,Information
842050,15614.0,12632.02447,CAN,Canada,Northwest Territories,0.099603438,0.0,0.8,0.28,,,,,,,,,,,,,,,,,,,,,,,,,,10.01246115154064,1.99206876,0.0,,,,,,,,,,,,,,,,,7.03125,0.0556620992896406,156.65625,1.240151572173194,0.10546875,0.0834931489344609,5.48296875,4.340530502606179,10.01246115154064,234,,,0.0112677758372109,Information
111070,22.0,11245.65671,SDN,Sudan,Red Sea,4.348485206,0.088554359,0.28,1.0,,,,,,,,,,,,,,,,,,,,,,,,,,0.4277339766294217,86.96970412,1.77108718,,,,,,,,,,,,,,,,,0.0,0.0,6.46875,0.0575222076084062,0.0,0.0,0.22640625,0.2013277266294217,0.4277339766294217,1032799,,,0.0003171222983302,Information
111090,32.0,426.8161988,ERI,Eritrea,Debub,4.992908817,0.0,0.34,0.92,,,,,,,,,,,,,,,,,,,,,,,,,,27.774956278877152,99.85817634,0.0,3.0,,,,,,,,,,,,,,,,0.0,0.0,32.484375,7.6108580439649,0.0,0.0,1.136953125,26.63800315387715,27.774956278877152,1655,0.0,0.0,0.9999999344514152,Warning
112116,70.0,3885.283479,SOM,Somalia,Woqooyi Galbeed,3.040780714,0.0,-9999.0,1.0,,,,,,,,,,,,,,,,,,,,,,,,,,0.263848043487651,60.81561428,0.0,,,,,,,,,,,,,,,,,0.0,0.0,2.109375,0.054291405282186,0.0,0.0,0.073828125,0.1900199184876509,0.263848043487651,169614,,,2.856715418225766e-07,Information
112118,72.0,3759.030886,SOM,Somalia,Woqooyi Galbeed,0.42265901,0.0,-9999.0,1.0,,,,,,,,,,,,,,,,,,,,,,,,,,2.053749083320527,8.4531802,0.0,,,,,,,,,,,,,,,,,0.0,0.0,16.03125,0.4264729523772935,0.0,0.0,0.56109375,1.4926553333205272,2.053749083320527,375099,,,7.317470101375002e-05,Information
112120,74.0,5351.821994,SOM,Somalia,Woqooyi Galbeed,0.589338143,0.0,-9999.0,1.0,,,,,,,,,,,,,,,,,,,,,,,,,,0.1270665841762842,11.78676286,0.0,,,,,,,,,,,,,,,,,0.0,0.0,1.265625,0.0236484883360812,0.0,0.0,0.044296875,0.0827697091762842,0.1270665841762842,18323,,,3.018855895842392e-11,Information
114287,131.0,3636.425643,KEN,Kenya,Marsabit,4.05553484,0.0,0.42,0.81,,,,,,,,,,,,,,,,,,,,,,,,,,0.1291976031803509,81.1106968,0.0,,,,,,,,,,,,,,,,,0.0,0.0,0.984375,0.0270698509086717,0.0,0.0,0.034453125,0.0947444781803509,0.1291976031803509,22729,,,3.097961938699559e-07,Information
115202,211.0,6292.144661,TZA,Tanzania,Manyara,2.749456689,0.0,0.44,0.78,,,,,,,,,,,,,,,,,,,,,,,,,,0.7264153191257186,54.98913378,0.0,,,,,,,,,,,,,,,,,0.0,0.0,8.015625,0.1273909840359196,0.0,0.0,0.280546875,0.4458684441257186,0.7264153191257186,242255,,,1.841331521306889e-05,Information
115454,235.0,4474.516142,ETH,Ethiopia,"Southern Nations, Nationalities and Peoples",3.185218767,0.0,0.37,0.88,,,,,,,,,,,,,,,,,,,,,,,,,,0.3661983571199247,63.70437534,0.0,,,,,,,,,,,,,,,,,0.0,0.0,3.234375,0.0722843520342642,0.0,0.0,0.113203125,0.2529952321199247,0.3661983571199247,395672,,,2.15053069864613e-06,Information
115455,236.0,7299.119542,ETH,Ethiopia,"Southern Nations, Nationalities and Peoples",3.592321748,0.0,0.37,0.88,,,,,,,,,,,,,,,,,,,,,,,,,,1.4931177998520595,71.84643496,0.0,,,,,,,,,,,,,,,,,0.0,0.0,18.0,0.246605085672017,0.0,0.0,0.63,0.8631177998520595,1.4931177998520595,59492,,,0.0016580489873183,Information
115456,237.0,4221.482811,ETH,Ethiopia,"Southern Nations, Nationalities and Peoples",2.82092622,0.0,0.37,0.88,,,,,,,,,,,,,,,,,,,,,,,,,,0.646658577049611,56.4185244,0.0,,,,,,,,,,,,,,,,,0.0,0.0,5.484375,0.129915843442746,0.0,0.0,0.191953125,0.454705452049611,0.646658577049611,323959,,,1.2736414570145948e-05,Information
115502,246.0,7629.772738,KEN,Kenya,Turkana,4.014139764,0.0,0.42,0.81,,,,,,,,,,,,,,,,,,,,,,,,,,1.2055120527873875,80.28279528,0.0,,,,,,,,,,,,,,,,,0.0,0.0,14.90625,0.1953695150821107,0.0,0.0,0.52171875,0.6837933027873875,1.2055120527873875,321998,,,0.0025983014055433,Information
115503,247.0,640.8661554,SSD,South Sudan,Eastern Equatoria,3.569344146,0.0,-9999.0,1.0,,,,,,,,,,,,,,,,,,,,,,,,,,2.615111447690424,71.38688292,0.0,,,,,,,,,,,,,,,,,0.0,0.0,4.5,0.7021746993401211,0.0,0.0,0.1575,2.457611447690424,2.615111447690424,5053,,,0.0083656794684757,Information
115506,250.0,6415.800259,KEN,Kenya,Turkana,4.135555097,0.0,0.42,0.81,,,,,,,,,,,,,,,,,,,,,,,,,,0.138527019231455,82.71110194,0.0,,,,,,,,,,,,,,,,,0.0,0.0,1.546875,0.0241103983518443,0.0,0.0,0.054140625,0.084386394231455,0.138527019231455,113660,,,6.938802567400184e-07,Information
115602,255.0,18692.92036,ETH,Ethiopia,"Southern Nations, Nationalities and Peoples",3.379254729,0.0,0.37,0.88,,,,,,,,,,,,,,,,,,,,,,,,,,38.10686793585941,67.58509458,0.0,,,,,,,,,,,,,,,,,0.0,0.0,709.3125,3.7945515531026897,0.0,0.0,24.8259375,13.280930435859414,38.10686793585941,1265078,,,0.5642589386548837,Advisory
115603,256.0,1702.438603,ETH,Ethiopia,"Southern Nations, Nationalities and Peoples",2.00775419,0.0,0.37,0.88,,,,,,,,,,,,,,,,,,,,,,,,,,1.4886348064261572,40.1550838,0.0,,,,,,,,,,,,,,,,,0.0,0.0,6.1875,0.3634492304074735,0.0,0.0,0.2165625,1.2720723064261572,1.4886348064261572,85222,,,0.0001104216325124,Information
115804,278.0,1291.000086,ERI,Eritrea,Debub,4.256912323,0.0,0.34,0.92,,,,,,,,,,,,,,,,,,,,,,,,,,9.125834330164764,85.13824646,0.0,,,,,,,,,,,,,,,,,0.0,0.0,29.8125,2.309256237189933,0.0,0.0,1.0434375,8.082396830164765,9.125834330164764,11022,,,0.3128876552576043,Information
115805,279.0,2347.231527,ETH,Ethiopia,Afar,4.255289987,0.0,0.37,0.88,,,,,,,,,,,,,,,,,,,,,,,,,,1.165082705534341,85.10579974000001,0.0,,,,,,,,,,,,,,,,,0.0,0.0,6.328125,0.2695995230098116,0.0,0.0,0.221484375,0.9435983305343406,1.165082705534341,38307,,,0.0054143319467251,Information
115806,280.0,4605.666418,ETH,Ethiopia,Afar,3.831840133,0.0,0.37,0.88,,,,,,,,,,,,,,,,,,,,,,,,,,1.732536754593223,76.63680266,0.0,,,,,,,,,,,,,,,,,0.0,0.0,15.609375,0.3389167513123495,0.0,0.0,0.546328125,1.1862086295932233,1.732536754593223,22648,,,0.0046398338047226,Information
117321,316.0,31.34025919,KEN,Kenya,Kilifi,3.213395452,0.0,0.42,0.81,,,,,,,,,,,,,,,,,,,,,,,,,,3.150771825932069,64.26790903999999,0.0,,,,,,,,,,,,,,,,,0.0,0.0,0.28125,0.897408021694877,0.0,0.0,0.00984375,3.140928075932069,3.150771825932069,16252,,,0.0075827668782487,Information
117323,318.0,3900.87774,KEN,Kenya,Taita Taveta,4.031266048,0.0,0.42,0.81,,,,,,,,,,,,,,,,,,,,,,,,,,0.7015691050306684,80.62532096,0.0,,,,,,,,,,,,,,,,,0.0,0.0,5.625,0.1441983157230481,0.0,0.0,0.196875,0.5046941050306684,0.7015691050306684,128781,,,0.000452668993585,Information
117342,335.0,1244.183695,TZA,Tanzania,Tanga,3.79097881,0.0,0.44,0.78,,,,,,,,,,,,,,,,,,,,,,,,,,0.177923780348273,75.8195762,0.0,,,,,,,,,,,,,,,,,0.0,0.0,0.5625,0.0452103658137923,0.0,0.0,0.0196875,0.158236280348273,0.177923780348273,233942,,,4.508904529454938e-07,Information
117343,336.0,194.9155719,TZA,Tanzania,Tanga,4.143246708,0.0,0.44,0.78,,,,,,,,,,,,,,,,,,,,,,,,,,2.574350504120636,82.86493416,0.0,,,,,,,,,,,,,,,,,0.0,0.0,1.40625,0.7214662154630387,0.0,0.0,0.04921875,2.525131754120636,2.574350504120636,81855,,,0.0290111286437092,Information
117345,338.0,1705.631284,TZA,Tanzania,Tanga,3.825997448,0.0,0.44,0.78,,,,,,,,,,,,,,,,,,,,,,,,,,1.4862536813690146,76.51994896,0.0,,,,,,,,,,,,,,,,,0.0,0.0,6.1875,0.3627689089625756,0.0,0.0,0.2165625,1.2696911813690146,1.4862536813690146,322219,,,0.0028910190098383,Information
117449,369.0,8593.985424,TZA,Tanzania,Ruvuma,3.682940614,0.0,0.44,0.78,,,,,,,,,,,,,,,,,,,,,,,,,,0.3514166975286492,73.65881228,0.0,,,,,,,,,,,,,,,,,0.0,0.0,4.640625,0.0539985207224712,0.0,0.0,0.162421875,0.1889948225286492,0.3514166975286492,142218,,,7.911203394413028e-06,Information
117502,376.0,16804.9308,TZA,Tanzania,Lindi,4.009095909,0.0,0.44,0.78,,,,,,,,,,,,,,,,,,,,,,,,,,0.1884168693396958,80.18191818,0.0,,,,,,,,,,,,,,,,,0.0,0.0,3.375,0.0200833912399131,0.0,0.0,0.118125,0.0702918693396958,0.1884168693396958,108538,,,1.614462867831793e-06,Information
117506,380.0,17173.09027,TZA,Tanzania,Lindi,4.00800846,0.0,0.44,0.78,,,,,,,,,,,,,,,,,,,,,,,,,,0.607457308058929,80.1601692,0.0,,,,,,,,,,,,,,,,,0.0,0.0,10.96875,0.0638717308739797,0.0,0.0,0.38390625,0.2235510580589289,0.607457308058929,261259,,,0.0002449993782648,Information
117650,396.0,22872.57792,MOZ,Mozambique,Nassa,2.216770159,0.0,0.41,0.82,,,,,,,,,,,,,,,,,,,,,,,,,,0.3183183986160314,44.33540318,0.0,,,,,,,,,,,,,,,,,0.0,0.0,6.328125,0.0276668638902947,0.0,0.0,0.221484375,0.0968340236160314,0.3183183986160314,163362,,,1.2083317440302114e-07,Information
117702,402.0,2584.212993,MOZ,Mozambique,Cabo Delgado,1.500720576,0.0,0.41,0.82,,,,,,,,,,,,,,,,,,,,,,,,,,0.3595171343545915,30.01441152,0.0,,,,,,,,,,,,,,,,,0.0,0.0,2.109375,0.081625431244169,0.0,0.0,0.073828125,0.2856890093545915,0.3595171343545915,30390,,,6.773677671173394e-08,Information
122282,453.0,15826.97937,TZA,Tanzania,Ruvuma,3.228451198,0.0,0.44,0.78,,,,,,,,,,,,,,,,,,,,,,,,,,0.1526018364749186,64.56902396000001,0.0,,,,,,,,,,,,,,,,,0.0,0.0,2.671875,0.0168817747071196,0.0,0.0,0.093515625,0.0590862114749186,0.1526018364749186,434680,,,2.5539980652740592e-08,Information
122493,505.0,1290.316824,ZMB,Zambia,Muchinga,2.272818053,0.0,0.51,0.68,,,,,,,,,,,,,,,,,,,,,,,,,,0.2583994586453487,45.45636106,0.0,,,,,,,,,,,,,,,,,0.0,0.0,0.84375,0.0653909167558139,0.0,0.0,0.02953125,0.2288682086453486,0.2583994586453487,2527,,,4.343370790579694e-08,Information
122722,532.0,4637.392909,ZWE,Zimbabwe,Mashonaland West,4.063826287,0.0,0.43,0.79,,,,,,,,,,,,,,,,,,,,,,,,,,1.4913914531432395,81.27652574000001,0.0,,,,,,,,,,,,,,,,,0.0,0.0,13.5,0.2911118437552114,0.0,0.0,0.4725,1.0188914531432398,1.4913914531432395,118315,,,0.0057020130110884,Information
122724,534.0,11997.56026,ZWE,Zimbabwe,Mashonaland West,1.843915398,0.0,0.43,0.79,,,,,,,,,,,,,,,,,,,,,,,,,,0.487310664508941,36.87830796,0.0,,,,,,,,,,,,,,,,,0.0,0.0,7.59375,0.063294118431126,0.0,0.0,0.26578125,0.221529414508941,0.487310664508941,429092,,,5.754232457964466e-07,Information
122725,535.0,7251.86623,ZWE,Zimbabwe,Mashonaland West,1.965726583,0.0,0.43,0.79,,,,,,,,,,,,,,,,,,,,,,,,,,0.1287981314735024,39.31453166,0.0,,,,,,,,,,,,,,,,,0.0,0.0,1.546875,0.0213307161352864,0.0,0.0,0.054140625,0.0746575064735024,0.1287981314735024,251164,,,3.7488271925880246e-10,Information
122727,537.0,1540.604335,ZWE,Zimbabwe,Midlands,2.117694084,0.0,0.43,0.79,,,,,,,,,,,,,,,,,,,,,,,,,,0.1843478259480851,42.35388168,0.0,,,,,,,,,,,,,,,,,0.0,0.0,0.703125,0.0456395574137386,0.0,0.0,0.024609375,0.1597384509480851,0.1843478259480851,43219,,,4.5891590263082635e-09,Information
122740,541.0,6872.835894,ZWE,Zimbabwe,Midlands,1.571612567,0.0,0.43,0.79,,,,,,,,,,,,,,,,,,,,,,,,,,1.5949850598116424,31.43225134,0.0,,,,,,,,,,,,,,,,,0.0,0.0,18.5625,0.2700850170890407,0.0,0.0,0.6496875,0.9452975598116424,1.5949850598116424,213895,,,8.463195333069758e-05,Information
122760,543.0,10248.28902,ZWE,Zimbabwe,Midlands,3.661711867,0.0,0.43,0.79,,,,,,,,,,,,,,,,,,,,,,,,,,0.1944901189263088,73.23423734,0.0,,,,,,,,,,,,,,,,,0.0,0.0,2.8125,0.0274436054075168,0.0,0.0,0.0984375,0.0960526189263088,0.1944901189263088,194455,,,4.2288709871946497e-07,Information
122781,545.0,411.2760204,ZWE,Zimbabwe,Matabeleland North,4.047073496,0.0,0.43,0.79,,,,,,,,,,,,,,,,,,,,,,,,,,0.1245951541482,80.94146992,0.0,,,,,,,,,,,,,,,,,0.0,0.0,0.140625,0.0341923654709143,0.0,0.0,0.004921875,0.1196732791482,0.1245951541482,851,,,2.449838021088144e-07,Information
122782,546.0,2292.314624,ZWE,Zimbabwe,Matabeleland North,4.001866522,0.0,0.43,0.79,,,,,,,,,,,,,,,,,,,,,,,,,,0.290323845399911,80.03733044,0.0,,,,,,,,,,,,,,,,,0.0,0.0,1.546875,0.0674809201142603,0.0,0.0,0.054140625,0.236183220399911,0.290323845399911,14010,,,1.1652285908233526e-05,Information
122789,553.0,4576.638367,ZWE,Zimbabwe,Midlands,0.039506554,0.0,0.43,0.79,,,,,,,,,,,,,,,,,,,,,,,,,,0.4702866135391161,0.79013108,0.0,,,,,,,,,,,,,,,,,0.0,0.0,4.21875,0.0921801038683189,0.0,0.0,0.14765625,0.3226303635391161,0.4702866135391161,266927,,,4.3577816252127896e-08,Information
122847,564.0,1662.822738,AGO,Angola,Cuando Cubango,0.11561431,0.0,0.41,0.82,,,,,,,,,,,,,,,,,,,,,,,,,,1.89867656322158,2.3122862,0.0,,,,,,,,,,,,,,,,,0.0,0.0,7.734375,0.4651352680633084,0.0,0.0,0.270703125,1.6279734382215794,1.89867656322158,657,,,4.063586159838972e-05,Information
122853,569.0,132.6688155,AGO,Angola,Cuando Cubango,0.052412171,0.0,0.41,0.82,,,,,,,,,,,,,,,,,,,,,,,,,,0.3759114689754441,1.04824342,0.0,,,,,,,,,,,,,,,,,0.0,0.0,0.140625,0.1059970268501269,0.0,0.0,0.004921875,0.3709895939754441,0.3759114689754441,651,,,1.2517031413052588e-08,Information
122880,578.0,10137.4677,AGO,Angola,Moxico,0.298576538,0.0,0.41,0.82,,,,,,,,,,,,,,,,,,,,,,,,,,0.25420219783763,5.97153076,0.0,,,,,,,,,,,,,,,,,0.0,0.0,3.65625,0.03606669938218,0.0,0.0,0.12796875,0.12623344783763,0.25420219783763,1255,,,1.6773887167637866e-09,Information
122916,585.0,8546.601303,ZMB,Zambia,Western,1.319501273,0.0,0.51,0.68,,,,,,,,,,,,,,,,,,,,,,,,,,0.4913141847051206,26.39002546,0.0,,,,,,,,,,,,,,,,,0.0,0.0,6.46875,0.0756879813443202,0.0,0.0,0.22640625,0.2649079347051207,0.4913141847051206,36501,,,2.72926178845024e-07,Information
122918,587.0,10831.35388,ZMB,Zambia,Western,0.478074675,0.0,0.51,0.68,,,,,,,,,,,,,,,,,,,,,,,,,,0.3407750827977716,9.5614935,0.0,,,,,,,,,,,,,,,,,0.0,0.0,5.0625,0.0467393093707919,0.0,0.0,0.1771875,0.1635875827977716,0.3407750827977716,73126,,,1.1943051142127056e-08,Information
122921,589.0,505.1395363,ZMB,Zambia,Western,1.94624515,0.0,0.51,0.68,,,,,,,,,,,,,,,,,,,,,,,,,,8.598057199593473,38.924903,0.0,,,,,,,,,,,,,,,,,0.0,0.0,11.8125,2.338462771312421,0.0,0.0,0.4134375,8.184619699593473,8.598057199593473,9770,,,0.0249647229796292,Information
122922,590.0,8134.787957,ZMB,Zambia,Western,3.580855606,0.0,0.51,0.68,,,,,,,,,,,,,,,,,,,,,,,,,,2.962515210762419,71.61711212,0.0,,,,,,,,,,,,,,,,,0.0,0.0,37.96875,0.4667454173606911,0.0,0.0,1.32890625,1.633608960762419,2.962515210762419,28282,,,0.0119184544227064,Information
122943,601.0,1931.92136,ZMB,Zambia,North-Western,2.726642893,0.0,0.51,0.68,,,,,,,,,,,,,,,,,,,,,,,,,,0.6687660203493584,54.53285786000001,0.0,,,,,,,,,,,,,,,,,0.0,0.0,3.09375,0.1601385058141024,0.0,0.0,0.10828125,0.5604847703493584,0.6687660203493584,15154,,,1.2252505791457573e-05,Information
122961,609.0,2546.441858,ZMB,Zambia,North-Western,3.283298171,0.0,0.51,0.68,,,,,,,,,,,,,,,,,,,,,,,,,,1.0427635675420652,65.66596342,0.0,,,,,,,,,,,,,,,,,0.0,0.0,6.046875,0.2374636978691615,0.0,0.0,0.211640625,0.8311229425420652,1.0427635675420652,16028,,,0.0002376864867435,Information
122963,611.0,996.0843855,ZMB,Zambia,Western,3.445005898,0.0,0.51,0.68,,,,,,,,,,,,,,,,,,,,,,,,,,1.3040185018327382,68.90011795999999,0.0,,,,,,,,,,,,,,,,,0.0,0.0,3.375,0.3388267148093538,0.0,0.0,0.118125,1.185893501832738,1.3040185018327382,3712,,,0.0007576081269068,Information
122964,612.0,21053.40544,ZMB,Zambia,North-Western,2.498671577,0.0,0.51,0.68,,,,,,,,,,,,,,,,,,,,,,,,,,0.7985647660046332,49.97343154,0.0,,,,,,,,,,,,,,,,,0.0,0.0,15.46875,0.0734738617156095,0.0,0.0,0.54140625,0.2571585160046332,0.7985647660046332,77942,,,1.7556024336963488e-05,Information
122967,615.0,2140.244585,ZMB,Zambia,North-Western,3.7382361,0.0,0.51,0.68,,,,,,,,,,,,,,,,,,,,,,,,,,2.261411665276784,74.764722,0.0,,,,,,,,,,,,,,,,,0.0,0.0,11.390625,0.5322113686505098,0.0,0.0,0.398671875,1.862739790276784,2.261411665276784,32574,,,0.0079271229281026,Information
123022,631.0,4225.216313,MOZ,Mozambique,Sofala,3.749201175,0.0,0.41,0.82,,,,,,,,,,,,,,,,,,,,,,,,,,0.6793981622017495,74.9840235,0.0,,,,,,,,,,,,,,,,,0.0,0.0,5.765625,0.1364575106290713,0.0,0.0,0.201796875,0.4776012872017495,0.6793981622017495,425716,,,0.0001554390804883,Information
123024,633.0,9190.312235,MOZ,Mozambique,Sofala,4.063591367,0.0,0.41,0.82,,,,,,,,,,,,,,,,,,,,,,,,,,1.5313294071961758,81.27182734,0.0,,,,,,,,,,,,,,,,,0.0,0.0,20.953125,0.2279914377703359,0.0,0.0,0.733359375,0.7979700321961757,1.5313294071961758,139643,,,0.0061417640562331,Information
123068,649.0,4534.657024,ZWE,Zimbabwe,Matabeleland South,3.571370421,0.0,0.43,0.79,,,,,,,,,,,,,,,,,,,,,,,,,,0.7414617994481656,71.42740842,0.0,,,,,,,,,,,,,,,,,0.0,0.0,6.609375,0.1457524784137616,0.0,0.0,0.231328125,0.5101336744481656,0.7414617994481656,75976,,,0.0001303161652795,Information
123069,650.0,6186.119173,ZWE,Zimbabwe,Midlands,2.262446951,0.0,0.43,0.79,,,,,,,,,,,,,,,,,,,,,,,,,,0.2318075283402903,45.24893902,0.0,,,,,,,,,,,,,,,,,0.0,0.0,2.53125,0.0409182223829401,0.0,0.0,0.08859375,0.1432137783402903,0.2318075283402903,279602,,,2.3191755248816797e-08,Information
124935,693.0,359.0285333,ZAF,South Africa,Limpopo,4.03696196,0.0,0.63,0.51,,,,,,,,,,,,,,,,,,,,,,,,,,0.9940739296248802,80.7392392,0.0,,,,,,,,,,,,,,,,,0.0,0.0,0.984375,0.2741773727499658,0.0,0.0,0.034453125,0.9596208046248802,0.9940739296248802,651,,,0.0015182743006031,Information
124937,695.0,4017.833123,BWA,Botswana,Eastern,1.996836517,0.0,0.63,0.51,,,,,,,,,,,,,,,,,,,,,,,,,,0.2575792235211031,39.93673034,0.0,,,,,,,,,,,,,,,,,0.0,0.0,2.109375,0.0525003138631723,0.0,0.0,0.073828125,0.183751098521103,0.2575792235211031,22039,,,2.4927550492096373e-08,Information
124960,700.0,17471.48269,BWA,Botswana,Kgatleng,0.517994766,0.0,0.63,0.51,,,,,,,,,,,,,,,,,,,,,,,,,,0.2321689686090001,10.35989532,0.0,,,,,,,,,,,,,,,,,0.0,0.0,4.21875,0.0241464910311429,0.0,0.0,0.14765625,0.0845127186090001,0.2321689686090001,1043597,,,1.2916993427515379e-09,Information
124980,702.0,13355.49263,ZAF,South Africa,North West,2.07364017,0.0,0.63,0.51,,,,,,,,,,,,,,,,,,,,,,,,,,0.2668218517025768,41.4728034,0.0,,,,,,,,,,,,,,,,,0.0,0.0,4.359375,0.0326410647721648,0.0,0.0,0.152578125,0.1142437267025768,0.2668218517025768,165422,,,3.5098594729298734e-08,Information
125562,738.0,3331.889639,ZAF,South Africa,Eastern Cape,1.784957475,0.0,0.63,0.51,,,,,,,,,,,,,,,,,,,,,,,,,,0.1575511830722788,35.6991495,0.0,,,,,,,,,,,,,,,,,0.0,0.0,1.125,0.0337646237349368,0.0,0.0,0.039375,0.1181761830722788,0.1575511830722788,24092,,,9.18631733723147e-10,Information
125564,740.0,2800.6224,ZAF,South Africa,Eastern Cape,0.726820885,0.0,0.63,0.51,,,,,,,,,,,,,,,,,,,,,,,,,,0.1574726545212814,14.5364177,0.0,,,,,,,,,,,,,,,,,0.0,0.0,0.984375,0.0351484370060804,0.0,0.0,0.034453125,0.1230195295212814,0.1574726545212814,21138,,,1.521285936498924e-10,Information
125601,749.0,1187.505246,ZAF,South Africa,Eastern Cape,3.059265008,0.0,0.63,0.51,,,,,,,,,,,,,,,,,,,,,,,,,,0.7882740254243659,61.18530016,0.0,,,,,,,,,,,,,,,,,0.0,0.0,2.390625,0.2013149001212474,0.0,0.0,0.083671875,0.7046021504243659,0.7882740254243659,39744,,,4.875442446122561e-05,Information
125803,760.0,629.9379839,ZAF,South Africa,Western Cape,1.127116438,0.0,0.63,0.51,,,,,,,,,,,,,,,,,,,,,,,,,,0.4983273974578522,22.54232876,0.0,,,,,,,,,,,,,,,,,0.0,0.0,0.84375,0.1339417564165292,0.0,0.0,0.02953125,0.4687961474578522,0.4983273974578522,208,,,2.25306928086962e-07,Information
125809,766.0,3051.962998,ZAF,South Africa,Eastern Cape,0.582816133,0.0,0.63,0.51,,,,,,,,,,,,,,,,,,,,,,,,,,2.9678794895997704,11.65632266,0.0,,,,,,,,,,,,,,,,,0.0,0.0,19.828125,0.6496843184570773,0.0,0.0,0.693984375,2.2738951145997706,2.9678794895997704,1099,,,0.0003451702811352,Information
126045,776.0,975.3812985,ZAF,South Africa,Western Cape,0.231621359,0.0,0.63,0.51,,,,,,,,,,,,,,,,,,,,,,,,,,0.2215316406415185,4.63242718,0.0,,,,,,,,,,,,,,,,,0.0,0.0,0.5625,0.0576697544690053,0.0,0.0,0.0196875,0.2018441406415185,0.2215316406415185,2328,,,6.60061976230742e-10,Information
126049,780.0,3803.464179,ZAF,South Africa,Western Cape,1.918164852,0.0,0.63,0.51,,,,,,,,,,,,,,,,,,,,,,,,,,0.3572476145734654,38.36329704,0.0,,,,,,,,,,,,,,,,,0.0,0.0,2.8125,0.0739457470209901,0.0,0.0,0.0984375,0.2588101145734653,0.3572476145734654,2077,,,1.298385329389355e-07,Information
126050,781.0,2917.354496,ZAF,South Africa,Western Cape,0.690343753,0.0,0.63,0.51,,,,,,,,,,,,,,,,,,,,,,,,,,0.1307573781152278,13.80687506,0.0,,,,,,,,,,,,,,,,,0.0,0.0,0.84375,0.0289217508900651,0.0,0.0,0.02953125,0.1012261281152278,0.1307573781152278,3451,,,4.2633626647334815e-11,Information
127400,807.0,26172.93111,NAM,Namibia,!Karas,4.037760744,0.0,0.57,0.6,,,,,,,,,,,,,,,,,,,,,,,,,,0.2516886568228605,80.75521488,0.0,,,,,,,,,,,,,,,,,0.0,0.0,5.203125,0.0198797948065316,0.0,0.0,0.182109375,0.0695792818228606,0.2516886568228605,10511,,,7.228518674152198e-06,Information
127443,822.0,8030.211184,ZAF,South Africa,Northern Cape,0.551801892,0.0,0.63,0.51,,,,,,,,,,,,,,,,,,,,,,,,,,0.7072686374833125,11.03603784,0.0,,,,,,,,,,,,,,,,,0.0,0.0,9.0,0.1120767535666607,0.0,0.0,0.315,0.3922686374833125,0.7072686374833125,21127,,,6.671483246114176e-07,Information
127449,828.0,13621.31411,ZAF,South Africa,North West,0.672301329,0.0,0.63,0.51,,,,,,,,,,,,,,,,,,,,,,,,,,0.18777523206797,13.446026579999998,0.0,,,,,,,,,,,,,,,,,0.0,0.0,3.09375,0.0227125663051343,0.0,0.0,0.10828125,0.07949398206797,0.18777523206797,547429,,,4.3043315463154514e-10,Information
127948,905.0,1522.497371,ZAF,South Africa,North West,0.077154468,0.0,0.63,0.51,,,,,,,,,,,,,,,,,,,,,,,,,,0.1489980680944909,1.5430893600000002,0.0,,,,,,,,,,,,,,,,,0.0,0.0,0.5625,0.036945876598426,0.0,0.0,0.0196875,0.1293105680944909,0.1489980680944909,33613,,,4.1948833852681065e-11,Information
127974,912.0,6456.601818,ZAF,South Africa,North West,0.657600217,0.0,0.63,0.51,,,,,,,,,,,,,,,,,,,,,,,,,,0.1254488651358621,13.15200434,0.0,,,,,,,,,,,,,,,,,0.0,0.0,1.40625,0.0217800328959606,0.0,0.0,0.04921875,0.0762301151358621,0.1254488651358621,438685,,,3.075603010015186e-11,Information
128006,925.0,3905.612421,NAM,Namibia,!Karas,0.043629423,0.0,0.57,0.6,,,,,,,,,,,,,,,,,,,,,,,,,,0.1577153871903197,0.87258846,0.0,,,,,,,,,,,,,,,,,0.0,0.0,1.265625,0.0324052891972342,0.0,0.0,0.044296875,0.1134185121903196,0.1577153871903197,192,,,5.842497899582915e-11,Information
129066,964.0,7592.799507,AGO,Angola,Cunene,1.117597443,0.0,0.41,0.82,,,,,,,,,,,,,,,,,,,,,,,,,,0.1026375106995787,22.35194886,0.0,,,,,,,,,,,,,,,,,0.0,0.0,1.265625,0.0166687530570225,0.0,0.0,0.044296875,0.0583406356995787,0.1026375106995787,303454,,,1.6928414659298202e-11,Information
129104,975.0,33919.89137,ZWE,Zimbabwe,Matabeleland South,3.067110421,0.0,0.43,0.79,,,,,,,,,,,,,,,,,,,,,,,,,,0.382374246973825,61.342208420000006,0.0,,,,,,,,,,,,,,,,,0.0,0.0,8.4375,0.0248747848496643,0.0,0.0,0.2953125,0.087061746973825,0.382374246973825,281771,,,1.95505721132908e-06,Information
129108,979.0,7001.866735,BWA,Botswana,Central,3.713691546,0.0,0.63,0.51,,,,,,,,,,,,,,,,,,,,,,,,,,0.1912200068984712,74.27383092000001,0.0,,,,,,,,,,,,,,,,,0.0,0.0,2.25,0.0321342876852775,0.0,0.0,0.07875,0.1124700068984712,0.1912200068984712,43500,,,4.747172809648471e-07,Information
129229,990.0,6653.51216,BWA,Botswana,Kweneng,2.169202345,0.0,0.63,0.51,,,,,,,,,,,,,,,,,,,,,,,,,,1.1456934017550235,43.3840469,0.0,,,,,,,,,,,,,,,,,0.0,0.0,13.078125,0.1965597219300067,0.0,0.0,0.457734375,0.6879590267550235,1.1456934017550235,8554,,,4.804060050426359e-05,Information
129506,1024.0,587.6054816,NAM,Namibia,Kavango,0.068854083,0.0,0.57,0.6,,,,,,,,,,,,,,,,,,,,,,,,,,0.1773668638568473,1.37708166,0.0,,,,,,,,,,,,,,,,,0.0,0.0,0.28125,0.0478637468162421,0.0,0.0,0.00984375,0.1675231138568473,0.1773668638568473,1064,,,1.3007374273634558e-10,Information
129509,1027.0,723.3022733,NAM,Namibia,Kavango,2.228303348,0.0,0.57,0.6,,,,,,,,,,,,,,,,,,,,,,,,,,0.2189074553982176,44.56606696,0.0,,,,,,,,,,,,,,,,,0.0,0.0,0.421875,0.0583262372566336,0.0,0.0,0.014765625,0.2041418303982176,0.2189074553982176,8867,,,1.5623854026843273e-08,Information
129601,1028.0,9430.708454,AGO,Angola,Cuando Cubango,2.063493789,0.0,0.41,0.82,,,,,,,,,,,,,,,,,,,,,,,,,,0.2433807011721781,41.26987577999999,0.0,,,,,,,,,,,,,,,,,0.0,0.0,3.375,0.0357873431920509,0.0,0.0,0.118125,0.1252557011721781,0.2433807011721781,5202,,,2.054740569448185e-08,Information
129608,1035.0,2898.33051,AGO,Angola,Moxico,0.679942778,0.0,0.41,0.82,,,,,,,,,,,,,,,,,,,,,,,,,,0.2847472410035897,13.59885556,0.0,,,,,,,,,,,,,,,,,0.0,0.0,1.828125,0.0630751045724542,0.0,0.0,0.063984375,0.2207628660035897,0.2847472410035897,129,,,5.480226656634985e-09,Information
129970,1053.0,660.1646027,AGO,Angola,Cuando Cubango,3.550499804,0.0,0.41,0.82,,,,,,,,,,,,,,,,,,,,,,,,,,0.4768628682079416,71.00999608000001,0.0,,,,,,,,,,,,,,,,,0.0,0.0,0.84375,0.1278090337736976,0.0,0.0,0.02953125,0.4473316182079416,0.4768628682079416,3787,,,2.0000195545414545e-05,Information
131220,1058.0,24428.0834,AGO,Angola,Huíla,0.41791175,0.0,0.41,0.82,,,,,,,,,,,,,,,,,,,,,,,,,,0.1526077934414785,8.358235,0.0,,,,,,,,,,,,,,,,,0.0,0.0,3.09375,0.0126647266975653,0.0,0.0,0.10828125,0.0443265434414785,0.1526077934414785,1353231,,,7.883064225988829e-11,Information
131230,1059.0,4244.965188,AGO,Angola,Cunene,1.116349055,0.0,0.41,0.82,,,,,,,,,,,,,,,,,,,,,,,,,,0.7597586803838563,22.3269811,0.0,,,,,,,,,,,,,,,,,0.0,0.0,6.46875,0.1523864086811018,0.0,0.0,0.22640625,0.5333524303838563,0.7597586803838563,121014,,,1.8526549366210395e-06,Information
131250,1061.0,8214.566686,AGO,Angola,Huíla,1.353148146,0.0,0.41,0.82,,,,,,,,,,,,,,,,,,,,,,,,,,0.8512543946867261,27.062962920000004,0.0,,,,,,,,,,,,,,,,,0.0,0.0,10.96875,0.1335280413390646,0.0,0.0,0.38390625,0.4673481446867261,0.8512543946867261,173036,,,4.280721534370115e-06,Information
131260,1062.0,7008.025083,AGO,Angola,Huíla,1.468158993,0.0,0.41,0.82,,,,,,,,,,,,,,,,,,,,,,,,,,0.1313958065411995,29.36317986,0.0,,,,,,,,,,,,,,,,,0.0,0.0,1.546875,0.0220729090117713,0.0,0.0,0.054140625,0.0772551815411995,0.1313958065411995,402744,,,1.6173319860059823e-10,Information
131360,1071.0,15709.22464,AGO,Angola,Benguela,1.679153808,0.0,0.41,0.82,,,,,,,,,,,,,,,,,,,,,,,,,,0.1691547133380429,33.58307616,0.0,,,,,,,,,,,,,,,,,0.0,0.0,2.953125,0.0187986680965837,0.0,0.0,0.103359375,0.0657953383380429,0.1691547133380429,332982,,,1.165410911172111e-09,Information
131838,1088.0,2885.448578,AGO,Angola,Malanje,0.710923852,0.0,0.41,0.82,,,,,,,,,,,,,,,,,,,,,,,,,,0.329691721299689,14.21847704,0.0,,,,,,,,,,,,,,,,,0.0,0.0,2.109375,0.073103884657054,0.0,0.0,0.073828125,0.255863596299689,0.329691721299689,4410,,,1.3380883728289369e-08,Information
131860,1092.0,13333.32919,AGO,Angola,Big,0.716089803,0.0,0.41,0.82,,,,,,,,,,,,,,,,,,,,,,,,,,0.4220508374581373,14.32179606,0.0,,,,,,,,,,,,,,,,,0.0,0.0,6.890625,0.0516797035594678,0.0,0.0,0.241171875,0.1808789624581372,0.4220508374581373,390544,,,5.3850082572002324e-08,Information
131890,1095.0,14177.89593,AGO,Angola,Big,1.365601892,0.0,0.41,0.82,,,,,,,,,,,,,,,,,,,,,,,,,,0.184654535955877,27.31203784,0.0,,,,,,,,,,,,,,,,,0.0,0.0,3.09375,0.0218209388445363,0.0,0.0,0.10828125,0.076373285955877,0.184654535955877,15903,,,1.1473192342642203e-09,Information
132140,1108.0,7028.721086,COD,Democratic Republic of the Congo,Kongo-Central,3.882020221,0.0,0.32,0.94,,,,,,,,,,,,,,,,,,,,,,,,,,1.7648102498687868,77.64040442,0.0,,,,,,,,,,,,,,,,,0.0,0.0,20.8125,0.2961064999625105,0.0,0.0,0.7284375,1.0363727498687867,1.7648102498687868,289605,,,0.0055551177435281,Information
132160,1110.0,14366.52332,AGO,Angola,Uíge,3.585193136,0.0,0.41,0.82,,,,,,,,,,,,,,,,,,,,,,,,,,0.8431286337788332,71.70386272,0.0,,,,,,,,,,,,,,,,,0.0,0.0,14.203125,0.0988626453653809,0.0,0.0,0.497109375,0.3460192587788331,0.8431286337788332,538519,,,0.0002212378912452,Information
132180,1112.0,11775.0231,COD,Democratic Republic of the Congo,Kinshasa,0.406808841,0.0,0.32,0.94,,,,,,,,,,,,,,,,,,,,,,,,,,0.9101803106683696,8.13617682,0.0,,,,,,,,,,,,,,,,,0.0,0.0,14.0625,0.1194265173338199,0.0,0.0,0.4921875,0.4179928106683696,0.9101803106683696,136084,,,1.9709742516496304e-06,Information
132229,1123.0,37652.34429,COD,Democratic Republic of the Congo,Sankuru,3.008202957,0.0,0.32,0.94,,,,,,,,,,,,,,,,,,,,,,,,,,0.2180172583361164,60.16405914,0.0,,,,,,,,,,,,,,,,,0.0,0.0,4.921875,0.0130718952388904,0.0,0.0,0.172265625,0.0457516333361164,0.2180172583361164,148279,,,9.54688724879897e-08,Information
132244,1128.0,35514.73153,COD,Democratic Republic of the Congo,Kwango,1.943654323,0.0,0.32,0.94,,,,,,,,,,,,,,,,,,,,,,,,,,1.1921635336761411,38.87308646,0.0,,,,,,,,,,,,,,,,,0.0,0.0,26.578125,0.0748369024788975,0.0,0.0,0.930234375,0.2619291586761412,1.1921635336761411,1016914,,,4.1221953084145457e-05,Information
132252,1135.0,8907.112266,COD,Democratic Republic of the Congo,Kwilu,1.685093791,0.0,0.32,0.94,,,,,,,,,,,,,,,,,,,,,,,,,,0.1149242138683236,33.70187582,0.0,,,,,,,,,,,,,,,,,0.0,0.0,1.546875,0.0173667396766639,0.0,0.0,0.054140625,0.0607835888683236,0.1149242138683236,386072,,,1.0243580663374933e-10,Information
132267,1149.0,1954.377429,COD,Democratic Republic of the Congo,Kasaï-Oriental,1.543020656,0.0,0.32,0.94,,,,,,,,,,,,,,,,,,,,,,,,,,0.2107400821094306,30.86041312,0.0,,,,,,,,,,,,,,,,,0.0,0.0,0.984375,0.0503677020312659,0.0,0.0,0.034453125,0.1762869571094306,0.2107400821094306,145359,,,3.451713002009847e-09,Information
132429,1189.0,6411.178965,COG,Republic of Congo,Sangha,1.57023164,0.0,0.44,0.78,,,,,,,,,,,,,,,,,,,,,,,,,,0.1133900562098048,31.4046328,0.0,,,,,,,,,,,,,,,,,0.0,0.0,1.265625,0.0197409089170871,0.0,0.0,0.044296875,0.0690931812098048,0.1133900562098048,8781,,,7.511249297720881e-11,Information
132464,1196.0,6388.322661,CAF,Central African Republic,Mambéré-Kadéï,2.32786475,0.0,0.36,0.89,,,,,,,,,,,,,,,,,,,,,,,,,,0.2020217947761807,46.557295,0.0,,,,,,,,,,,,,,,,,0.0,0.0,2.25,0.0352205127931945,0.0,0.0,0.07875,0.1232717947761807,0.2020217947761807,112182,,,1.2165693270214652e-08,Information
132470,1202.0,7671.965381,COG,Republic of Congo,Sangha,4.15691124,0.0,0.44,0.78,,,,,,,,,,,,,,,,,,,,,,,,,,1.383147920418769,83.1382248,0.0,,,,,,,,,,,,,,,,,0.0,0.0,17.15625,0.2236226201196484,0.0,0.0,0.60046875,0.7826791704187694,1.383147920418769,31337,,,0.0061976296160395,Information
132491,1204.0,1169.3617,CMR,Cameroon,Est,4.317189803,0.0,0.42,0.81,,,,,,,,,,,,,,,,,,,,,,,,,,0.3760971622970219,86.34379605999999,0.0,,,,,,,,,,,,,,,,,0.0,0.0,1.125,0.0962063320848634,0.0,0.0,0.039375,0.3367221622970219,0.3760971622970219,4557,,,0.0001640109037818,Information
132493,1206.0,5660.557505,CMR,Cameroon,Est,3.804788886,0.0,0.42,0.81,,,,,,,,,,,,,,,,,,,,,,,,,,0.3540396800989443,76.09577772,0.0,,,,,,,,,,,,,,,,,0.0,0.0,3.65625,0.0645916943139841,0.0,0.0,0.12796875,0.2260709300989443,0.3540396800989443,2722,,,1.2633501599968923e-05,Information
132497,1210.0,425.2411953,CMR,Cameroon,Sud,4.042969116,0.0,0.42,0.81,,,,,,,,,,,,,,,,,,,,,,,,,,1.809975182512337,80.85938232000001,0.0,,,,,,,,,,,,,,,,,0.0,0.0,2.109375,0.4960420164320962,0.0,0.0,0.073828125,1.7361470575123368,1.809975182512337,6797,,,0.0091744916767147,Information
132498,1211.0,3723.18434,CMR,Cameroon,Sud,1.367136101,0.0,0.42,0.81,,,,,,,,,,,,,,,,,,,,,,,,,,1.3061812165289353,27.34272202,0.0,,,,,,,,,,,,,,,,,0.0,0.0,10.125,0.2719446332939815,0.0,0.0,0.354375,0.9518062165289352,1.3061812165289353,160065,,,2.9266794161584385e-05,Information
132616,1219.0,13524.53066,COG,Republic of Congo,Likouala,4.054319027,0.0,0.44,0.78,,,,,,,,,,,,,,,,,,,,,,,,,,0.1797830067125221,81.08638054,0.0,,,,,,,,,,,,,,,,,0.0,0.0,2.953125,0.0218353233464349,0.0,0.0,0.103359375,0.0764236317125221,0.1797830067125221,196905,,,1.6129446409756178e-06,Information
132617,1220.0,3827.139113,COG,Republic of Congo,Likouala,3.115473127,0.0,0.44,0.78,,,,,,,,,,,,,,,,,,,,,,,,,,1.6537566816833262,62.30946254,0.0,,,,,,,,,,,,,,,,,0.0,0.0,13.078125,0.3417206590523789,0.0,0.0,0.457734375,1.1960223066833262,1.6537566816833262,150910,,,0.0008849249839792,Information
132619,1222.0,3251.336119,COD,Democratic Republic of the Congo,Sud-Ubangi,4.012670114,0.0,0.32,0.94,,,,,,,,,,,,,,,,,,,,,,,,,,2.88862305544401,80.25340227999999,0.0,,,,,,,,,,,,,,,,,0.0,0.0,20.25,0.6228208729840029,0.0,0.0,0.70875,2.17987305544401,2.88862305544401,319097,,,0.0272902184230959,Information
132637,1238.0,5224.819806,COD,Democratic Republic of the Congo,Nord-Ubangi,1.862919339,0.0,0.32,0.94,,,,,,,,,,,,,,,,,,,,,,,,,,3.3847252943853143,37.25838678,0.0,,,,,,,,,,,,,,,,,0.0,0.0,33.1875,0.6351893698243756,0.0,0.0,1.1615625,2.2231627943853143,3.3847252943853143,72843,,,0.001751549264392,Information
132645,1245.0,5113.089729,CAF,Central African Republic,Ouaka,2.746472617,0.0,0.36,0.89,,,,,,,,,,,,,,,,,,,,,,,,,,0.1454790399706651,54.92945234,0.0,,,,,,,,,,,,,,,,,0.0,0.0,1.40625,0.0275029399916186,0.0,0.0,0.04921875,0.0962602899706651,0.1454790399706651,1906,,,4.848299100680096e-09,Information
132682,1262.0,21383.53253,COD,Democratic Republic of the Congo,Bas-Uélé,4.027275101,0.0,0.32,0.94,,,,,,,,,,,,,,,,,,,,,,,,,,0.9751843496579172,80.54550202,0.0,,,,,,,,,,,,,,,,,0.0,0.0,18.984375,0.0887803499022621,0.0,0.0,0.664453125,0.3107312246579173,0.9751843496579172,152362,,,0.0013803119660479,Information
132683,1263.0,2266.732837,COD,Democratic Republic of the Congo,Bas-Uélé,3.880080119,0.0,0.32,0.94,,,,,,,,,,,,,,,,,,,,,,,,,,3.755590769781445,77.60160238,0.0,,,,,,,,,,,,,,,,,0.0,0.0,19.828125,0.8747446842232699,0.0,0.0,0.693984375,3.0616063947814447,3.755590769781445,36626,,,0.037070373405835,Information
132687,1267.0,3250.102538,CAF,Central African Republic,Mbomou,3.559732068,0.0,0.36,0.89,,,,,,,,,,,,,,,,,,,,,,,,,,0.4815750716073058,71.19464136,0.0,,,,,,,,,,,,,,,,,0.0,0.0,3.375,0.1038428776020874,0.0,0.0,0.118125,0.3634500716073058,0.4815750716073058,4261,,,2.145229123433391e-05,Information
132692,1271.0,9240.107924,COD,Democratic Republic of the Congo,Bas-Uélé,4.051277615,0.0,0.32,0.94,,,,,,,,,,,,,,,,,,,,,,,,,,0.2459644159151861,81.0255523,0.0,,,,,,,,,,,,,,,,,0.0,0.0,3.375,0.0365255474043389,0.0,0.0,0.118125,0.1278394159151861,0.2459644159151861,131911,,,6.942824346777699e-06,Information
132694,1273.0,17792.35048,COD,Democratic Republic of the Congo,Bas-Uélé,3.050435895,0.0,0.32,0.94,,,,,,,,,,,,,,,,,,,,,,,,,,0.9302676166479802,61.0087179,0.0,,,,,,,,,,,,,,,,,0.0,0.0,17.015625,0.0956344976137086,0.0,0.0,0.595546875,0.3347207416479801,0.9302676166479802,83391,,,9.362623435908153e-05,Information
132695,1274.0,3430.180776,COD,Democratic Republic of the Congo,Bas-Uélé,3.676264445,0.0,0.32,0.94,,,,,,,,,,,,,,,,,,,,,,,,,,5.838994391504132,73.5252889,0.0,,,,,,,,,,,,,,,,,0.0,0.0,42.609375,1.2421903618583234,0.0,0.0,1.491328125,4.347666266504132,5.838994391504132,64758,,,0.0653138307241685,Information
132696,1275.0,25098.24579,COD,Democratic Republic of the Congo,Haut-Uélé,4.000330878,0.0,0.32,0.94,,,,,,,,,,,,,,,,,,,,,,,,,,0.2477850634684344,80.00661756,0.0,,,,,,,,,,,,,,,,,0.0,0.0,5.0625,0.0201707324195527,0.0,0.0,0.1771875,0.0705975634684344,0.2477850634684344,509542,,,5.652047557117367e-06,Information
132697,1276.0,32423.30755,COD,Democratic Republic of the Congo,Haut-Uélé,4.014532916,0.0,0.32,0.94,,,,,,,,,,,,,,,,,,,,,,,,,,4.617394115446047,80.29065832,0.0,,,,,,,,,,,,,,,,,0.0,0.0,100.828125,0.3109742115560133,0.0,0.0,3.528984375,1.0884097404460464,4.617394115446047,293830,,,0.0733534287529596,Information
132698,1277.0,16738.59856,COD,Democratic Republic of the Congo,Haut-Uélé,3.176421184,0.0,0.32,0.94,,,,,,,,,,,,,,,,,,,,,,,,,,1.2894187317293953,63.52842368,0.0,,,,,,,,,,,,,,,,,0.0,0.0,23.0625,0.1377803519226844,0.0,0.0,0.8071875,0.4822312317293954,1.2894187317293953,345585,,,0.0004153736173948,Information
132699,1278.0,22430.74941,COD,Democratic Republic of the Congo,Haut-Uélé,2.222647964,0.0,0.32,0.94,,,,,,,,,,,,,,,,,,,,,,,,,,0.6404515634000355,44.45295928,0.0,,,,,,,,,,,,,,,,,0.0,0.0,12.65625,0.0564236609714387,0.0,0.0,0.44296875,0.1974828134000354,0.6404515634000355,2114020,,,4.044550549495115e-06,Information
132743,1292.0,2457.366894,COD,Democratic Republic of the Congo,Équateur,4.002272565,0.0,0.32,0.94,,,,,,,,,,,,,,,,,,,,,,,,,,0.4491168376389127,80.0454513,0.0,,,,,,,,,,,,,,,,,0.0,0.0,2.53125,0.1030065964682608,0.0,0.0,0.08859375,0.3605230876389128,0.4491168376389127,103110,,,7.41409467454567e-05,Information
132745,1294.0,3426.862394,COD,Democratic Republic of the Congo,Équateur,2.889194615,0.0,0.32,0.94,,,,,,,,,,,,,,,,,,,,,,,,,,1.099216674827097,57.783892300000005,0.0,,,,,,,,,,,,,,,,,0.0,0.0,8.015625,0.2339056570934563,0.0,0.0,0.280546875,0.818669799827097,1.099216674827097,51944,,,0.0001320399426285,Information
132747,1296.0,4203.361235,COD,Democratic Republic of the Congo,Mongala,2.311465973,0.0,0.32,0.94,,,,,,,,,,,,,,,,,,,,,,,,,,2.3450068214221265,46.22931946,0.0,,,,,,,,,,,,,,,,,0.0,0.0,19.828125,0.4717206989777505,0.0,0.0,0.693984375,1.6510224464221266,2.3450068214221265,149034,,,0.0008667991766361,Information
132748,1297.0,7545.264349,COD,Democratic Republic of the Congo,Tshuapa,3.100748314,0.0,0.32,0.94,,,,,,,,,,,,,,,,,,,,,,,,,,0.5264702895435662,62.01496628,0.0,,,,,,,,,,,,,,,,,0.0,0.0,6.46875,0.0857325827267332,0.0,0.0,0.22640625,0.3000640395435662,0.5264702895435662,196581,,,9.39718043142601e-06,Information
132749,1298.0,16187.41505,COD,Democratic Republic of the Congo,Tshuapa,3.162558383,0.0,0.32,0.94,,,,,,,,,,,,,,,,,,,,,,,,,,0.7723558551475729,63.25116766,0.0,,,,,,,,,,,,,,,,,0.0,0.0,13.640625,0.0842668514707351,0.0,0.0,0.477421875,0.2949339801475728,0.7723558551475729,168534,,,5.613551023753121e-05,Information
132754,1302.0,4356.2719,COD,Democratic Republic of the Congo,Sud-Ubangi,4.004433244,0.0,0.32,0.94,,,,,,,,,,,,,,,,,,,,,,,,,,0.145982160065791,80.08866488000001,0.0,,,,,,,,,,,,,,,,,0.0,0.0,1.265625,0.029052938590226,0.0,0.0,0.044296875,0.101685285065791,0.145982160065791,262990,,,4.4264508728713763e-07,Information
132755,1303.0,1347.078558,COD,Democratic Republic of the Congo,Sud-Ubangi,4.068055204,0.0,0.32,0.94,,,,,,,,,,,,,,,,,,,,,,,,,,2.694852965589026,81.36110408,0.0,,,,,,,,,,,,,,,,,0.0,0.0,9.140625,0.6785517401682932,0.0,0.0,0.319921875,2.374931090589026,2.694852965589026,16706,,,0.0265622858968377,Information
132758,1306.0,53470.38197,COD,Democratic Republic of the Congo,Bas-Uélé,4.052373636,0.0,0.32,0.94,,,,,,,,,,,,,,,,,,,,,,,,,,1.565752808049043,81.04747271999999,0.0,,,,,,,,,,,,,,,,,0.0,0.0,37.6875,0.0704829451568694,0.0,0.0,1.3190625,0.2466903080490429,1.565752808049043,757078,,,0.0063232724267911,Information
132762,1309.0,21809.78143,COD,Democratic Republic of the Congo,Haut-Uélé,3.226074846,0.0,0.32,0.94,,,,,,,,,,,,,,,,,,,,,,,,,,0.3876445758186991,64.52149692,0.0,,,,,,,,,,,,,,,,,0.0,0.0,7.59375,0.0348180930910569,0.0,0.0,0.26578125,0.1218633258186991,0.3876445758186991,666537,,,3.142120781810509e-06,Information
132763,1310.0,17572.35476,COD,Democratic Republic of the Congo,Ituri,3.097188787,0.0,0.32,0.94,,,,,,,,,,,,,,,,,,,,,,,,,,0.7104970882097446,61.94377574,0.0,,,,,,,,,,,,,,,,,0.0,0.0,12.9375,0.073624168059927,0.0,0.0,0.4528125,0.2576845882097445,0.7104970882097446,155166,,,3.4333902787758536e-05,Information
132764,1311.0,12924.4598,COD,Democratic Republic of the Congo,Ituri,4.003494156,0.0,0.32,0.94,,,,,,,,,,,,,,,,,,,,,,,,,,0.6111042868996639,80.06988312000001,0.0,,,,,,,,,,,,,,,,,0.0,0.0,9.84375,0.0761637248284754,0.0,0.0,0.34453125,0.2665730368996639,0.6111042868996639,93791,,,0.0002463264612206,Information
132765,1312.0,1580.938692,COD,Democratic Republic of the Congo,Ituri,3.667279716,0.0,0.32,0.94,,,,,,,,,,,,,,,,,,,,,,,,,,0.1442179457495269,73.34559432,0.0,,,,,,,,,,,,,,,,,0.0,0.0,0.5625,0.0355801273570077,0.0,0.0,0.0196875,0.1245304457495269,0.1442179457495269,1742,,,8.97595738168526e-08,Information
132767,1314.0,9010.5408,COD,Democratic Republic of the Congo,Ituri,3.354863939,0.0,0.32,0.94,,,,,,,,,,,,,,,,,,,,,,,,,,0.861890881918743,67.09727878,0.0,,,,,,,,,,,,,,,,,0.0,0.0,11.671875,0.1295357876910694,0.0,0.0,0.408515625,0.4533752569187429,0.861890881918743,509032,,,0.0001351684298526,Information
132784,1321.0,5204.477034,COD,Democratic Republic of the Congo,Lomami,1.925053629,0.0,0.32,0.94,,,,,,,,,,,,,,,,,,,,,,,,,,0.1869254017120049,38.50107258,0.0,,,,,,,,,,,,,,,,,0.0,0.0,1.828125,0.0351260076320014,0.0,0.0,0.063984375,0.1229410267120049,0.1869254017120049,254589,,,3.3944399573142533e-09,Information
132787,1324.0,2362.920781,COD,Democratic Republic of the Congo,Lomami,3.018081962,0.0,0.32,0.94,,,,,,,,,,,,,,,,,,,,,,,,,,1.0043084377483122,60.36163924,0.0,,,,,,,,,,,,,,,,,0.0,0.0,5.484375,0.2321015179280892,0.0,0.0,0.191953125,0.8123553127483122,1.0043084377483122,47529,,,0.0001186928701724,Information
132788,1325.0,3480.915424,COD,Democratic Republic of the Congo,Haut-Lomami,3.117932605,0.0,0.32,0.94,,,,,,,,,,,,,,,,,,,,,,,,,,0.2287376940573651,62.3586521,0.0,,,,,,,,,,,,,,,,,0.0,0.0,1.6875,0.0484786268735329,0.0,0.0,0.0590625,0.1696751940573651,0.2287376940573651,184199,,,1.6690606208043656e-07,Information
132792,1328.0,59700.82149,COD,Democratic Republic of the Congo,Tshopo,4.109040316,0.0,0.32,0.94,,,,,,,,,,,,,,,,,,,,,,,,,,4.665994243167697,82.18080631999999,0.0,,,,,,,,,,,,,,,,,0.0,0.0,114.1875,0.1912662123336276,0.0,0.0,3.9965625,0.6694317431676966,4.665994243167697,1116253,,,0.090126698505047,Information
132794,1330.0,52202.99992,COD,Democratic Republic of the Congo,Nord-Kivu,3.11714429,0.0,0.32,0.94,,,,,,,,,,,,,,,,,,,,,,,,,,0.62752383588923,62.342885800000005,0.0,,,,,,,,,,,,,,,,,0.0,0.0,15.046875,0.02882377453978,0.0,0.0,0.526640625,0.10088321088923,0.62752383588923,3223075,,,2.1154430085418164e-05,Information
132796,1332.0,31260.54449,COD,Democratic Republic of the Congo,Sud-Kivu,3.678316497,0.0,0.32,0.94,,,,,,,,,,,,,,,,,,,,,,,,,,0.4222623428892848,73.56632994,0.0,,,,,,,,,,,,,,,,,0.0,0.0,9.140625,0.0292401336826528,0.0,0.0,0.319921875,0.1023404678892848,0.4222623428892848,1737097,,,1.7611666972334385e-05,Information
132798,1334.0,28766.46801,COD,Democratic Republic of the Congo,Sud-Kivu,3.176670923,0.0,0.32,0.94,,,,,,,,,,,,,,,,,,,,,,,,,,0.2321498015907707,63.53341846,0.0,,,,,,,,,,,,,,,,,0.0,0.0,4.921875,0.0171097647402202,0.0,0.0,0.172265625,0.0598841765907707,0.2321498015907707,907061,,,2.1320996738483693e-07,Information
132842,1340.0,5864.561591,COD,Democratic Republic of the Congo,Tanganyika,3.379813225,0.0,0.32,0.94,,,,,,,,,,,,,,,,,,,,,,,,,,2.0371102500657168,67.5962645,0.0,,,,,,,,,,,,,,,,,0.0,0.0,21.515625,0.3668752500187762,0.0,0.0,0.753046875,1.2840633750657169,2.0371102500657168,198533,,,0.0028309819915985,Information
132844,1342.0,3126.201364,COD,Democratic Republic of the Congo,Tanganyika,4.044552972,0.0,0.32,0.94,,,,,,,,,,,,,,,,,,,,,,,,,,0.7233037857973774,80.89105943999999,0.0,,,,,,,,,,,,,,,,,0.0,0.0,4.921875,0.1574394745135364,0.0,0.0,0.172265625,0.5510381607973774,0.7233037857973774,477782,,,0.0005300286825153,Information
132882,1360.0,16254.03327,TZA,Tanzania,Kigoma,3.295214733,0.0,0.44,0.78,,,,,,,,,,,,,,,,,,,,,,,,,,3.1243380436177084,65.90429466,0.0,,,,,,,,,,,,,,,,,0.0,0.0,55.265625,0.3400117624622024,0.0,0.0,1.934296875,1.1900411686177084,3.1243380436177084,2122926,,,0.0084253563091311,Information
132885,1363.0,208.1703278,TZA,Tanzania,Tabora,4.454574694,0.0,0.44,0.78,,,,,,,,,,,,,,,,,,,,,,,,,,36.284609375,89.09149388,0.0,3.0,,,,,,,,,,,,,,,,0.0,0.0,36.703125,17.63129519508655,0.0,0.0,1.284609375,35.0,36.284609375,29,3.0,10.34,0.885289331151127,Warning
132888,1366.0,7217.031089,TZA,Tanzania,Geita,1.814525977,0.0,0.44,0.78,,,,,,,,,,,,,,,,,,,,,,,,,,1.0567512659900975,36.29051954,0.0,,,,,,,,,,,,,,,,,0.0,0.0,12.65625,0.1753664331400279,0.0,0.0,0.44296875,0.6137825159900976,1.0567512659900975,629450,,,2.0734942844153383e-05,Information
132896,1373.0,7607.645004,TZA,Tanzania,Tabora,1.375789375,0.0,0.44,0.78,,,,,,,,,,,,,,,,,,,,,,,,,,0.239221885602896,27.5157875,0.0,,,,,,,,,,,,,,,,,0.0,0.0,2.953125,0.038817860172256,0.0,0.0,0.103359375,0.135862510602896,0.239221885602896,483435,,,5.5262330763280794e-09,Information
132920,1378.0,11336.67089,COD,Democratic Republic of the Congo,Tanganyika,3.576173397,0.0,0.32,0.94,,,,,,,,,,,,,,,,,,,,,,,,,,0.7132839050509403,71.52346793999999,0.0,,,,,,,,,,,,,,,,,0.0,0.0,10.828125,0.0955141514431258,0.0,0.0,0.378984375,0.3342995300509403,0.7132839050509403,695874,,,0.0001134762604953,Information
132951,1389.0,3273.004498,COD,Democratic Republic of the Congo,Tanganyika,1.698127063,0.0,0.32,0.94,,,,,,,,,,,,,,,,,,,,,,,,,,2.7743932519866465,33.96254126,0.0,,,,,,,,,,,,,,,,,0.0,0.0,19.546875,0.597215036281899,0.0,0.0,0.684140625,2.0902526269866466,2.7743932519866465,47489,,,0.0007627455643002,Information
132953,1391.0,5367.42676,COD,Democratic Republic of the Congo,Tanganyika,3.623120849,0.0,0.32,0.94,,,,,,,,,,,,,,,,,,,,,,,,,,2.480151854253264,72.46241698,0.0,,,,,,,,,,,,,,,,,0.0,0.0,24.75,0.4611148155009325,0.0,0.0,0.86625,1.6139018542532635,2.480151854253264,64969,,,0.0080369788931805,Information
132994,1412.0,4883.311658,ZMB,Zambia,Northern,2.945598921,0.0,0.51,0.68,,,,,,,,,,,,,,,,,,,,,,,,,,1.47008277576003,58.91197842,0.0,,,,,,,,,,,,,,,,,0.0,0.0,13.78125,0.2822111502171514,0.0,0.0,0.48234375,0.9877390257600298,1.47008277576003,52070,,,0.0004336097679097,Information
132995,1413.0,1454.576499,ZMB,Zambia,Northern,3.590129853,0.0,0.51,0.68,,,,,,,,,,,,,,,,,,,,,,,,,,4.806121386492545,71.80259706,0.0,,,,,,,,,,,,,,,,,0.0,0.0,17.4375,1.1988025389978698,0.0,0.0,0.6103125,4.195808886492545,4.806121386492545,9146,,,0.0384186189219599,Information
132999,1417.0,10870.50458,ZMB,Zambia,Muchinga,2.039653793,0.0,0.51,0.68,,,,,,,,,,,,,,,,,,,,,,,,,,3.59085130830053,40.79307586,0.0,,,,,,,,,,,,,,,,,0.0,0.0,53.4375,0.4915825166572942,0.0,0.0,1.8703125,1.7205388083005295,3.59085130830053,342819,,,0.0025342384067469,Information
133202,1420.0,2376.457544,COG,Republic of Congo,Niari,2.772864028,0.0,0.44,0.78,,,,,,,,,,,,,,,,,,,,,,,,,,0.1025313953255336,55.45728056,0.0,,,,,,,,,,,,,,,,,0.0,0.0,0.5625,0.0236696843787239,0.0,0.0,0.0196875,0.0828438953255336,0.1025313953255336,3548,,,6.236778170444066e-10,Information
133204,1422.0,16155.75634,COG,Republic of Congo,Niari,0.45777225,0.0,0.44,0.78,,,,,,,,,,,,,,,,,,,,,,,,,,0.1354626257634517,9.155445,0.0,,,,,,,,,,,,,,,,,0.0,0.0,2.390625,0.0147973573609862,0.0,0.0,0.083671875,0.0517907507634517,0.1354626257634517,107894,,,3.802593903704712e-11,Information
133206,1424.0,3889.105322,COG,Republic of Congo,Bouenza,3.079663235,0.0,0.44,0.78,,,,,,,,,,,,,,,,,,,,,,,,,,0.1054645239853793,61.5932647,0.0,,,,,,,,,,,,,,,,,0.0,0.0,0.84375,0.0216952211386798,0.0,0.0,0.02953125,0.0759332739853793,0.1054645239853793,39803,,,1.843983012196917e-09,Information
133421,1437.0,1479.168332,GAB,Gabon,Moyen-Ogooué,3.130960784,0.0,0.57,0.6,,,,,,,,,,,,,,,,,,,,,,,,,,0.2673753980287078,62.61921568,0.0,,,,,,,,,,,,,,,,,0.0,0.0,0.984375,0.0665492208653451,0.0,0.0,0.034453125,0.2329222730287078,0.2673753980287078,5178,,,3.9009553000341705e-07,Information
133430,1446.0,13002.81305,GAB,Gabon,Estuaire,2.758387249,0.0,0.57,0.6,,,,,,,,,,,,,,,,,,,,,,,,,,0.5050125894086399,55.16774498,0.0,,,,,,,,,,,,,,,,,0.0,0.0,8.15625,0.0627268112596114,0.0,0.0,0.28546875,0.2195438394086399,0.5050125894086399,61353,,,3.626939050243829e-06,Information
133450,1448.0,17392.57476,GAB,Gabon,Ogooué-Ivindo,2.750764153,0.0,0.57,0.6,,,,,,,,,,,,,,,,,,,,,,,,,,0.1162761961039577,55.01528306,0.0,,,,,,,,,,,,,,,,,0.0,0.0,2.109375,0.0121280203154165,0.0,0.0,0.073828125,0.0424480711039577,0.1162761961039577,35307,,,1.2758608763119151e-09,Information
133465,1453.0,2319.892957,GAB,Gabon,Ogooué-Lolo,2.384911179,0.0,0.57,0.6,,,,,,,,,,,,,,,,,,,,,,,,,,0.1045513293450783,47.69822358,0.0,,,,,,,,,,,,,,,,,0.0,0.0,0.5625,0.0242468083843081,0.0,0.0,0.0196875,0.0848638293450783,0.1045513293450783,13574,,,2.564476623385862e-10,Information
133466,1454.0,7609.738928,GAB,Gabon,Haut-Ogooué,2.395407267,0.0,0.57,0.6,,,,,,,,,,,,,,,,,,,,,,,,,,0.4100305734174429,47.90814534,0.0,,,,,,,,,,,,,,,,,0.0,0.0,5.0625,0.0665265924049837,0.0,0.0,0.1771875,0.2328430734174429,0.4100305734174429,87145,,,6.345518427900912e-07,Information
133467,1455.0,7851.700884,GAB,Gabon,Haut-Ogooué,2.12742419,0.0,0.57,0.6,,,,,,,,,,,,,,,,,,,,,,,,,,0.5819019041327299,42.5484838,0.0,,,,,,,,,,,,,,,,,0.0,0.0,7.3125,0.0931326868950657,0.0,0.0,0.2559375,0.3259644041327299,0.5819019041327299,289490,,,2.190942151758244e-06,Information
133468,1456.0,6354.031822,GAB,Gabon,Haut-Ogooué,4.034386517,0.0,0.57,0.6,,,,,,,,,,,,,,,,,,,,,,,,,,0.6967367562110771,80.68773034,0.0,,,,,,,,,,,,,,,,,0.0,0.0,7.734375,0.1217238946317363,0.0,0.0,0.270703125,0.426033631211077,0.6967367562110771,310408,,,0.0004467321554969,Information
133469,1457.0,8588.942055,COG,Republic of Congo,Lékoumou,0.650490243,0.0,0.44,0.78,,,,,,,,,,,,,,,,,,,,,,,,,,1.3954583422693865,13.00980486,0.0,,,,,,,,,,,,,,,,,0.0,0.0,18.421875,0.2144836335055389,0.0,0.0,0.644765625,0.7506927172693861,1.3954583422693865,94973,,,1.793627878237516e-05,Information
133471,1458.0,585.0596124,GAB,Gabon,Ogooué-Ivindo,2.530463807,0.0,0.57,0.6,,,,,,,,,,,,,,,,,,,,,,,,,,0.1780958356360851,50.60927614,0.0,,,,,,,,,,,,,,,,,0.0,0.0,0.28125,0.0480720244674529,0.0,0.0,0.00984375,0.1682520856360851,0.1780958356360851,649,,,9.26486755015822e-09,Information
133479,1466.0,5615.711853,GAB,Gabon,Wouleu-Ntem,4.023083356,0.0,0.57,0.6,,,,,,,,,,,,,,,,,,,,,,,,,,0.191608859749302,80.46166712,0.0,,,,,,,,,,,,,,,,,0.0,0.0,1.96875,0.0350578884998006,0.0,0.0,0.06890625,0.1227026097493021,0.191608859749302,2300,,,1.8759084304015264e-06,Information
133540,1471.0,13589.90745,GNQ,Equatorial Guinea,Wele-Nzas,0.730712884,0.0,0.47,0.74,,,,,,,,,,,,,,,,,,,,,,,,,,0.1196102377006477,14.61425768,0.0,,,,,,,,,,,,,,,,,0.0,0.0,1.96875,0.0144868536287565,0.0,0.0,0.06890625,0.0507039877006477,0.1196102377006477,343869,,,2.5040310662281052e-11,Information
133563,1475.0,4651.965058,CMR,Cameroon,Sud,1.765440043,0.0,0.42,0.81,,,,,,,,,,,,,,,,,,,,,,,,,,0.3720499511057762,35.30880086,0.0,,,,,,,,,,,,,,,,,0.0,0.0,3.375,0.0725499860302218,0.0,0.0,0.118125,0.2539249511057763,0.3720499511057762,143085,,,1.2456624553608934e-07,Information
133569,1481.0,4249.456117,GAB,Gabon,Wouleu-Ntem,2.809486058,0.0,0.57,0.6,,,,,,,,,,,,,,,,,,,,,,,,,,0.1980508749079325,56.189721160000005,0.0,,,,,,,,,,,,,,,,,0.0,0.0,1.6875,0.0397109642594093,0.0,0.0,0.0590625,0.1389883749079325,0.1980508749079325,28368,,,3.3488054497649524e-08,Information
133625,1490.0,2532.424607,CMR,Cameroon,Ouest,0.817694868,0.0,0.42,0.81,,,,,,,,,,,,,,,,,,,,,,,,,,0.9986493239229884,16.35389736,0.0,,,,,,,,,,,,,,,,,0.0,0.0,5.765625,0.227672128263711,0.0,0.0,0.201796875,0.7968524489229885,0.9986493239229884,61883,,,4.7567261786679545e-06,Information
133627,1492.0,5021.026747,CMR,Cameroon,Ouest,1.228448886,0.0,0.42,0.81,,,,,,,,,,,,,,,,,,,,,,,,,,0.1325196175395949,24.56897772,0.0,,,,,,,,,,,,,,,,,0.0,0.0,1.265625,0.0252064978684557,0.0,0.0,0.044296875,0.0882227425395949,0.1325196175395949,538218,,,1.117607351048544e-10,Information
133701,1502.0,1117.211789,CMR,Cameroon,Littoral,3.716229854,2.606463407,0.42,0.81,,,,,,,,,,,,,,,,,,,,,,,,,,3.575310870092703,74.32459707999999,52.12926814,,,,,,,,,,,,,,,,,0.0,0.0,10.265625,0.918861141455058,0.0,0.0,0.359296875,3.216013995092703,3.575310870092703,23047,,,0.0243344238129504,Information
133702,1503.0,2765.329268,CMR,Cameroon,Littoral,2.485109432,0.0,0.42,0.81,,,,,,,,,,,,,,,,,,,,,,,,,,0.5907300981736073,49.70218864,0.0,,,,,,,,,,,,,,,,,0.0,0.0,3.65625,0.1322175280496021,0.0,0.0,0.12796875,0.4627613481736073,0.5907300981736073,404604,,,4.407743303778301e-06,Information
133703,1504.0,181.9152512,CMR,Cameroon,Littoral,3.709841735,0.0,0.42,0.81,,,,,,,,,,,,,,,,,,,,,,,,,,5.509611074886807,74.1968347,0.0,,,,,,,,,,,,,,,,,0.0,0.0,2.8125,1.5460495928248017,0.0,0.0,0.0984375,5.411173574886806,5.509611074886807,1494641,,,0.0612937865633316,Information
133704,1505.0,12263.4806,CMR,Cameroon,Littoral,2.862607912,0.0,0.42,0.81,,,,,,,,,,,,,,,,,,,,,,,,,,0.8131137125670335,57.25215824,0.0,,,,,,,,,,,,,,,,,0.0,0.0,12.796875,0.104349453590581,0.0,0.0,0.447890625,0.3652230875670335,0.8131137125670335,2402605,,,3.713067521428242e-05,Information
133705,1506.0,116.4692387,CMR,Cameroon,Littoral,4.182500956,2.089461727,0.42,0.81,,,,,,,,,,,,,,,,,,,,,,,,,,8.550239979217498,83.65001912,41.78923454,,,,,,,,,,,,,,,,,0.0,0.0,2.8125,2.414800708347857,0.0,0.0,0.0984375,8.451802479217498,8.550239979217498,396498,,,0.2584060148870444,Information
133708,1509.0,2449.747181,NGA,Nigeria,Cross River,0.874792781,3.852724155,0.39,0.85,,,,,,,,,,,,,,,,,,,,,,,,,,0.425224977457792,17.49585562,77.0544831,,,,,,,,,,,,,,,,,0.0,0.0,2.390625,0.0975866007022263,0.0,0.0,0.083671875,0.341553102457792,0.425224977457792,100250,,,3.3279921393853085e-05,Information
133805,1515.0,5278.033263,NGA,Nigeria,Cross River,3.009374092,0.0,0.39,0.85,,,,,,,,,,,,,,,,,,,,,,,,,,0.2422003852202077,60.18748184,0.0,,,,,,,,,,,,,,,,,0.0,0.0,2.390625,0.0452938600629165,0.0,0.0,0.083671875,0.1585285102202077,0.2422003852202077,439246,,,1.6788935159977085e-07,Information
133806,1516.0,3343.628267,CMR,Cameroon,Sud-Ouest,2.245558887,0.0,0.42,0.81,,,,,,,,,,,,,,,,,,,,,,,,,,1.3749425949580896,44.91117774,0.0,,,,,,,,,,,,,,,,,0.0,0.0,9.84375,0.294403241416597,0.0,0.0,0.34453125,1.0304113449580896,1.3749425949580896,56060,,,0.000111891512186,Information
133807,1517.0,7061.148711,CMR,Cameroon,Sud-Ouest,3.142861554,0.0,0.42,0.81,,,,,,,,,,,,,,,,,,,,,,,,,,0.7135341124733485,62.85723108,0.0,,,,,,,,,,,,,,,,,0.0,0.0,8.4375,0.1194918892780996,0.0,0.0,0.2953125,0.4182216124733486,0.7135341124733485,317696,,,3.8702755753156816e-05,Information
133808,1518.0,2356.660056,CMR,Cameroon,Sud-Ouest,0.900002372,0.0,0.42,0.81,,,,,,,,,,,,,,,,,,,,,,,,,,0.3871025186628163,18.00004744,0.0,,,,,,,,,,,,,,,,,0.0,0.0,2.109375,0.0895069696179475,0.0,0.0,0.073828125,0.3132743936628163,0.3871025186628163,185467,,,4.259302303703685e-08,Information
133809,1519.0,1533.088566,CMR,Cameroon,Sud-Ouest,0.090539099,0.0,0.42,0.81,,,,,,,,,,,,,,,,,,,,,,,,,,0.2962094769667369,1.81078198,0.0,,,,,,,,,,,,,,,,,0.0,0.0,1.125,0.0733812791333534,0.0,0.0,0.039375,0.2568344769667369,0.2962094769667369,51809,,,3.245595069407025e-09,Information
142216,1527.0,2467.826615,NGA,Nigeria,Benue,1.105883017,0.0,0.39,0.85,,,,,,,,,,,,,,,,,,,,,,,,,,0.2486604356308065,22.11766034,0.0,,,,,,,,,,,,,,,,,0.0,0.0,1.40625,0.056983338751659,0.0,0.0,0.04921875,0.1994416856308065,0.2486604356308065,381361,,,4.545629318657553e-09,Information
142250,1534.0,6770.874633,NGA,Nigeria,Plateau,1.40280043,0.0,0.39,0.85,,,,,,,,,,,,,,,,,,,,,,,,,,0.256012290030735,28.0560086,0.0,,,,,,,,,,,,,,,,,0.0,0.0,2.953125,0.04361511858021,0.0,0.0,0.103359375,0.152652915030735,0.256012290030735,795221,,,8.580988078245863e-09,Information
142260,1535.0,22120.18135,NGA,Nigeria,Taraba,2.660521836,0.0,0.39,0.85,,,,,,,,,,,,,,,,,,,,,,,,,,0.6575181002189919,53.21043672,0.0,,,,,,,,,,,,,,,,,0.0,0.0,12.9375,0.0584873143482834,0.0,0.0,0.4528125,0.2047056002189919,0.6575181002189919,551534,,,9.997655029208037e-06,Information
142271,1536.0,1117.802673,NGA,Nigeria,Taraba,2.278492506,0.0,0.39,0.85,,,,,,,,,,,,,,,,,,,,,,,,,,6.510825242704962,45.56985012,0.0,,,,,,,,,,,,,,,,,0.0,0.0,18.703125,1.6732045336299892,0.0,0.0,0.654609375,5.856215867704963,6.510825242704962,45412,,,0.0168579963261207,Information
142275,1540.0,282.0804813,NGA,Nigeria,Taraba,4.001217608,0.0,0.39,0.85,,,,,,,,,,,,,,,,,,,,,,,,,,0.717626609745536,80.02435216,0.0,,,,,,,,,,,,,,,,,0.0,0.0,0.5625,0.1994111742130103,0.0,0.0,0.0196875,0.6979391097455361,0.717626609745536,9677,,,0.0004400044821059,Information
142277,1542.0,11724.48702,NGA,Nigeria,Taraba,3.765091235,0.0,0.39,0.85,,,,,,,,,,,,,,,,,,,,,,,,,,3.875923439026972,75.3018247,0.0,,,,,,,,,,,,,,,,,0.0,0.0,59.765625,0.509750446864849,0.0,0.0,2.091796875,1.7841265640269717,3.875923439026972,1087510,,,0.0320168300491358,Information
142279,1544.0,170.9553897,NGA,Nigeria,Adamawa,4.038354953,0.0,0.39,0.85,,,,,,,,,,,,,,,,,,,,,,,,,,2.342607444395652,80.76709905999999,0.0,,,,,,,,,,,,,,,,,0.0,0.0,1.125,0.658066412684472,0.0,0.0,0.039375,2.303232444395652,2.342607444395652,45131,,,0.0176300870639168,Information
142281,1545.0,980.3773913,NGA,Nigeria,Adamawa,2.435570506,0.0,0.39,0.85,,,,,,,,,,,,,,,,,,,,,,,,,,1.3230181467328053,48.71141012,0.0,,,,,,,,,,,,,,,,,0.0,0.0,3.375,0.3442551847808015,0.0,0.0,0.118125,1.2048931467328052,1.3230181467328053,112421,,,0.0001273174547181,Information
142282,1546.0,5464.242186,NGA,Nigeria,Adamawa,1.336450089,0.0,0.39,0.85,,,,,,,,,,,,,,,,,,,,,,,,,,0.1114343975481859,26.72900178,0.0,,,,,,,,,,,,,,,,,0.0,0.0,1.125,0.0205883992994817,0.0,0.0,0.039375,0.0720593975481859,0.1114343975481859,670572,,,4.335215357750509e-11,Information
142294,1557.0,2472.202073,NGA,Nigeria,Gombe,1.986571524,0.0,0.39,0.85,,,,,,,,,,,,,,,,,,,,,,,,,,0.1489844707604225,39.73143048,0.0,,,,,,,,,,,,,,,,,0.0,0.0,0.84375,0.034129491645835,0.0,0.0,0.02953125,0.1194532207604225,0.1489844707604225,715743,,,9.701718719634363e-10,Information
142297,1560.0,11088.53806,NGA,Nigeria,Gombe,1.298944299,0.0,0.39,0.85,,,,,,,,,,,,,,,,,,,,,,,,,,0.2246539214039102,25.97888598,0.0,,,,,,,,,,,,,,,,,0.0,0.0,3.375,0.0304368346868315,0.0,0.0,0.118125,0.1065289214039102,0.2246539214039102,1525323,,,3.3646450982892433e-09,Information
142299,1562.0,4492.621114,NGA,Nigeria,Bauchi,0.136298292,0.0,0.39,0.85,,,,,,,,,,,,,,,,,,,,,,,,,,0.158773392483805,2.72596584,0.0,,,,,,,,,,,,,,,,,0.0,0.0,1.40625,0.0313013264239443,0.0,0.0,0.04921875,0.109554642483805,0.158773392483805,953588,,,6.912459999120319e-11,Information
142320,1564.0,15320.62093,NGA,Nigeria,Federal Capital Territory,1.878610101,0.0,0.39,0.85,,,,,,,,,,,,,,,,,,,,,,,,,,0.3009749064795606,37.57220202,0.0,,,,,,,,,,,,,,,,,0.0,0.0,5.203125,0.0339615804227316,0.0,0.0,0.182109375,0.1188655314795606,0.3009749064795606,6308647,,,4.784103145495084e-08,Information
142349,1574.0,6739.968249,NGA,Nigeria,Kaduna,0.16452656,0.0,0.39,0.85,,,,,,,,,,,,,,,,,,,,,,,,,,0.4523025988887871,3.2905312,0.0,,,,,,,,,,,,,,,,,0.0,0.0,5.203125,0.0771980639682249,0.0,0.0,0.182109375,0.2701932238887871,0.4523025988887871,2611136,,,4.0448791147855474e-08,Information
142397,1585.0,3395.586366,NGA,Nigeria,Kebbi,1.818284271,0.0,0.39,0.85,,,,,,,,,,,,,,,,,,,,,,,,,,0.582503825861244,36.36568542,0.0,,,,,,,,,,,,,,,,,0.0,0.0,4.21875,0.124242164531784,0.0,0.0,0.14765625,0.434847575861244,0.582503825861244,330737,,,1.3423746422066989e-06,Information
142461,1593.0,1980.426208,NGA,Nigeria,Sokoto,2.967809034,0.0,0.39,0.85,,,,,,,,,,,,,,,,,,,,,,,,,,0.2977447985795552,59.35618068,0.0,,,,,,,,,,,,,,,,,0.0,0.0,1.40625,0.0710074424513015,0.0,0.0,0.04921875,0.2485260485795552,0.2977447985795552,271426,,,4.408290197299215e-07,Information
142621,1639.0,10304.36445,NER,Niger,Tillabéry,4.023864689,0.0,0.35,0.9,,,,,,,,,,,,,,,,,,,,,,,,,,0.1454755568697574,80.47729378,0.0,,,,,,,,,,,,,,,,,0.0,0.0,2.109375,0.0204706948199307,0.0,0.0,0.073828125,0.0716474318697574,0.1454755568697574,157851,,,4.808312967621342e-07,Information
142778,1757.0,21048.6842,MLI,Mali,Mopti,4.105463601,0.0,0.38,0.86,,,,,,,,,,,,,,,,,,,,,,,,,,0.2686275503220221,82.10927202,0.0,,,,,,,,,,,,,,,,,0.0,0.0,5.203125,0.0247194786634349,0.0,0.0,0.182109375,0.0865181753220221,0.2686275503220221,446241,,,1.34218722688752e-05,Information
142789,1767.0,5898.022024,MLI,Mali,Ségou,4.258357347,0.0,0.38,0.86,,,,,,,,,,,,,,,,,,,,,,,,,,0.1194015029862032,85.16714694,0.0,,,,,,,,,,,,,,,,,0.0,0.0,1.265625,0.0214584651389152,0.0,0.0,0.044296875,0.0751046279862032,0.1194015029862032,421077,,,7.102449325336075e-07,Information
144496,1883.0,4466.340635,CMR,Cameroon,Centre,0.152745543,0.0,0.42,0.81,,,,,,,,,,,,,,,,,,,,,,,,,,0.1275344200183287,3.05491086,0.0,,,,,,,,,,,,,,,,,0.0,0.0,1.125,0.0251884057195225,0.0,0.0,0.039375,0.0881594200183287,0.1275344200183287,4360298,,,1.6389424954291113e-11,Information
144498,1885.0,4973.398423,BFA,Burkina Faso,Centre-Nord,2.541692243,0.0,0.44,0.78,,,,,,,,,,,,,,,,,,,,,,,,,,0.4445483093658929,50.83384486,0.0,,,,,,,,,,,,,,,,,0.0,0.0,4.21875,0.0848263026759694,0.0,0.0,0.14765625,0.2968920593658929,0.4445483093658929,428992,,,1.2637294092921128e-06,Information
144499,1886.0,12354.98912,BFA,Burkina Faso,Nord,2.153914238,0.0,0.44,0.78,,,,,,,,,,,,,,,,,,,,,,,,,,1.5228558138643904,43.07828476,0.0,,,,,,,,,,,,,,,,,0.0,0.0,24.046875,0.1946329111041115,0.0,0.0,0.841640625,0.6812151888643903,1.5228558138643904,1384870,,,0.0001466824935162,Information
144502,1888.0,3028.775412,GHA,Ghana,Northern,2.791150642,0.0,0.53,0.65,,,,,,,,,,,,,,,,,,,,,,,,,,0.2117225454271312,55.82301284,0.0,,,,,,,,,,,,,,,,,0.0,0.0,1.40625,0.0464296558363232,0.0,0.0,0.04921875,0.1625037954271312,0.2117225454271312,46211,,,4.629862497778855e-08,Information
144706,1902.0,5787.337794,BFA,Burkina Faso,Centre-Ouest,2.046463558,0.0,0.44,0.78,,,,,,,,,,,,,,,,,,,,,,,,,,1.960259219558126,40.92927116,0.0,,,,,,,,,,,,,,,,,0.0,0.0,20.53125,0.3547615627308932,0.0,0.0,0.71859375,1.2416654695581262,1.960259219558126,646805,,,0.0003300230706917,Information
144801,1906.0,5763.370174,BFA,Burkina Faso,Boucle du Mouhoun,4.062245167,0.0,0.44,0.78,,,,,,,,,,,,,,,,,,,,,,,,,,0.3634686045128359,81.24490334000001,0.0,,,,,,,,,,,,,,,,,0.0,0.0,3.796875,0.0658794227179531,0.0,0.0,0.132890625,0.2305779795128358,0.3634686045128359,277288,,,4.01458239077136e-05,Information
145105,1920.0,1538.44386,GHA,Ghana,Western,1.814574692,0.0,0.53,0.65,,,,,,,,,,,,,,,,,,,,,,,,,,1.9933792268957289,36.29149384,0.0,,,,,,,,,,,,,,,,,0.0,0.0,7.59375,0.4935994219702082,0.0,0.0,0.26578125,1.7275979768957286,1.9933792268957289,1218521,,,0.0002656221193709,Information
145772,1968.0,18580.32612,SLE,Sierra Leone,Eastern,4.000077686,0.0,0.39,0.85,,,,,,,,,,,,,,,,,,,,,,,,,,0.2574087730502628,80.00155372,0.0,,,,,,,,,,,,,,,,,0.0,0.0,4.78125,0.0257328637286465,0.0,0.0,0.16734375,0.0900650230502627,0.2574087730502628,1542563,,,6.722190529887014e-06,Information
145794,1980.0,1839.348289,GNB,Guinea-Bissau,Oio,4.003486475,0.0,0.42,0.81,,,,,,,,,,,,,,,,,,,,,,,,,,9.88437009049296,80.0697295,0.0,,,,,,,,,,,,,,,,,0.0,0.0,43.875,2.3853557401408456,0.0,0.0,1.535625,8.34874509049296,9.88437009049296,101234,,,0.2415625939795019,Information
145796,1982.0,5959.508694,GNB,Guinea-Bissau,Oio,3.538571823,0.0,0.42,0.81,,,,,,,,,,,,,,,,,,,,,,,,,,21.86683992857702,70.77143645999999,0.0,,,,,,,,,,,,,,,,,0.0,0.0,233.296875,3.914699801022005,0.0,0.0,8.165390625,13.701449303577018,21.86683992857702,284555,,,0.3858411407639349,Advisory
145801,1986.0,14889.13368,GMB,Gambia,Maccarthy Island,3.272924809,0.055406188,0.47,0.74,,,,,,,,,,,,,,,,,,,,,,,,,,3.3403883815388413,65.45849618,1.10812376,,,,,,,,,,,,,,,,,0.0,0.0,57.09375,0.3834591804396689,0.0,0.0,1.99828125,1.342107131538841,3.3403883815388413,1211058,,,0.0097436787968114,Information
145902,1995.0,32995.46429,SEN,Senegal,Fatick,2.378142077,1.775921829,0.48,0.72,,,,,,,,,,,,,,,,,,,,,,,,,,3.623659873413251,47.56284154,35.51843658,,,,,,,,,,,,,,,,,0.0,0.0,79.453125,0.2408001424037861,0.0,0.0,2.780859375,0.8428004984132513,3.623659873413251,4933600,,,0.0037685615700771,Information
145903,1996.0,68.21032305,SEN,Senegal,Fatick,2.10382147,4.061734645,0.48,0.72,,,,,,,,,,,,,,,,,,,,,,,,,,8.717942469598484,42.0764294,81.2346929,,,,,,,,,,,,,,,,,0.0,0.0,1.6875,2.473965705599567,0.0,0.0,0.0590625,8.658879969598484,8.717942469598484,2577,,,0.2216517946341916,Information
145904,1997.0,630.2618033,SEN,Senegal,Fatick,1.048126727,3.052032803,0.48,0.72,,,,,,,,,,,,,,,,,,,,,,,,,,7.637326897654571,20.96253454,61.04065606,,,,,,,,,,,,,,,,,0.0,0.0,12.9375,2.052718399329877,0.0,0.0,0.4528125,7.184514397654571,7.637326897654571,95561,,,0.0516066767112673,Information
145906,1999.0,468.3713261,SEN,Senegal,Thiès,1.924937227,0.0,0.48,0.72,,,,,,,,,,,,,,,,,,,,,,,,,,0.3300202996059515,38.49874454,0.0,,,,,,,,,,,,,,,,,0.0,0.0,0.421875,0.090072764173129,0.0,0.0,0.014765625,0.3152546746059514,0.3300202996059515,135862,,,8.583501412879456e-08,Information
145907,2000.0,827.0324911,SEN,Senegal,Dakar,4.091588866,0.495264503,0.48,0.72,,,,,,,,,,,,,,,,,,,,,,,,,,4.317101413399494,81.83177732000001,9.90529006,,,,,,,,,,,,,,,,,0.0,0.0,9.421875,1.1392387966855697,0.0,0.0,0.329765625,3.987335788399494,4.317101413399494,3987134,,,0.0753462319518937,Information
145909,2002.0,2505.004449,SEN,Senegal,Louga,3.206263478,0.0,0.48,0.72,,,,,,,,,,,,,,,,,,,,,,,,,,0.3931206990936445,64.12526955999999,0.0,,,,,,,,,,,,,,,,,0.0,0.0,2.25,0.0898201997410413,0.0,0.0,0.07875,0.3143706990936445,0.3931206990936445,471175,,,3.185740285972936e-06,Information
146100,2003.0,5187.907615,SEN,Senegal,Saint-Louis,4.085630141,0.0,0.48,0.72,,,,,,,,,,,,,,,,,,,,,,,,,,4.092179099492897,81.71260282,0.0,,,,,,,,,,,,,,,,,0.0,0.0,39.9375,0.7698190284265422,0.0,0.0,1.3978125,2.6943665994928976,4.092179099492897,370223,,,0.0671791284673577,Information
146201,2004.0,9081.925088,SEN,Senegal,Louga,2.59635652,0.0,0.48,0.72,,,,,,,,,,,,,,,,,,,,,,,,,,2.306108380809449,51.9271304,0.0,,,,,,,,,,,,,,,,,0.0,0.0,31.359375,0.3452943588026997,0.0,0.0,1.097578125,1.208530255809449,2.306108380809449,457515,,,0.0011941069129747,Information
147000,2062.0,123.1898801,MRT,Mauritania,Trarza,0.014648652,0.0,0.4,0.83,,,,,,,,,,,,,,,,,,,,,,,,,,21.84070685973057,0.29297304,0.0,,,,,,,,,,,,,,,,,0.0,0.0,7.59375,6.16426445992302,0.0,0.0,0.26578125,21.57492560973057,21.84070685973057,27849,,,0.0644491573709741,Information
151121,2071.0,75.27204571,MRT,Mauritania,Trarza,4.458659272,0.0,0.4,0.83,,,,,,,,,,,,,,,,,,,,,,,,,,5.929200703732304,89.17318544,0.0,,,,,,,,,,,,,,,,,0.0,0.0,1.265625,1.6814010939235156,0.0,0.0,0.044296875,5.8849038287323046,5.929200703732304,327,,,0.2735416496031746,Information
151122,2072.0,2788.529556,MRT,Mauritania,Trarza,3.584060938,0.0,0.4,0.83,,,,,,,,,,,,,,,,,,,,,,,,,,1.4671999243299778,71.68121876,0.0,,,,,,,,,,,,,,,,,0.0,0.0,9.140625,0.3277937283799937,0.0,0.0,0.319921875,1.147278049329978,1.4671999243299778,13894,,,0.0015373493190078,Information
151137,2087.0,350.1883427,MRT,Mauritania,Trarza,4.396176139,0.0,0.4,0.83,,,,,,,,,,,,,,,,,,,,,,,,,,3.3458385729691345,87.92352277999998,0.0,,,,,,,,,,,,,,,,,0.0,0.0,3.234375,0.9236101279911813,0.0,0.0,0.113203125,3.2326354479691344,3.3458385729691345,664,,,0.0996510972574331,Information
151153,2094.0,184.2492756,MRT,Mauritania,Nouakchott,4.491539514,1.081554325,0.4,0.83,,,,,,,,,,,,,,,,,,,,,,,,,,1.6323190983555893,89.83079028,21.6310865,,,,,,,,,,,,,,,,,0.0,0.0,0.84375,0.4579393852444541,0.0,0.0,0.02953125,1.6027878483555893,1.6323190983555893,261908,,,0.0336726430060671,Information
151159,2100.0,587.8002939,MRT,Mauritania,Inchiri,4.019345569,0.0,0.4,0.83,,,,,,,,,,,,,,,,,,,,,,,,,,2.03908043708308,80.38691138000002,0.0,,,,,,,,,,,,,,,,,0.0,0.0,3.234375,0.5502506605951656,0.0,0.0,0.113203125,1.92587731208308,2.03908043708308,351,,,0.0117963419487198,Information
151170,2111.0,1755.799462,MRT,Mauritania,Dakhlet Nouadhibou,4.18766566,4.112105106,0.4,0.83,,,,,,,,,,,,,,,,,,,,,,,,,,4.811280673982732,83.75331320000001,82.24210212,,,,,,,,,,,,,,,,,0.0,0.0,20.53125,1.1693391211379234,0.0,0.0,0.71859375,4.092686923982732,4.811280673982732,254,,,0.1118162436393245,Information
151191,2114.0,875.0704605,MRT,Mauritania,Dakhlet Nouadhibou,4.503519418,4.146616754,0.4,0.83,,,,,,,,,,,,,,,,,,,,,,,,,,2.44669383048719,90.07038836,82.93233508,,,,,,,,,,,,,,,,,0.0,0.0,5.625,0.6428053801391972,0.0,0.0,0.196875,2.24981883048719,2.44669383048719,3,,,0.0806393804974196,Information
151193,2116.0,3692.634765,MRT,Mauritania,Dakhlet Nouadhibou,4.49485369,4.810594569,0.4,0.83,,,,,,,,,,,,,,,,,,,,,,,,,,0.1095046345263755,89.8970738,96.21189138,,,,,,,,,,,,,,,,,0.0,0.0,0.84375,0.0228495384361073,0.0,0.0,0.02953125,0.0799733845263755,0.1095046345263755,580,,,0.0001973104428714,Information
151195,2118.0,2271.608416,MRT,Mauritania,Dakhlet Nouadhibou,4.154431005,4.426526621,0.4,0.83,,,,,,,,,,,,,,,,,,,,,,,,,,1.5953274931831354,83.0886201,88.53053242,,,,,,,,,,,,,,,,,0.0,0.0,8.4375,0.3714328551951816,0.0,0.0,0.2953125,1.3000149931831355,1.5953274931831354,1177,,,0.0242700365332253,Information
151196,2119.0,2171.361498,ESH,Western Sahara,Oued el Dahab,4.477332344,4.314036384,-9999.0,0.6,,,,,,,,,,,,,,,,,,,,,,,,,,0.2758910477678344,89.54664688,86.28072767999998,,,,,,,,,,,,,,,,,0.0,0.0,1.40625,0.0647635136479527,0.0,0.0,0.04921875,0.2266722977678344,0.2758910477678344,716,,,0.0001391672339726,Information
151205,2127.0,8017.492503,MRT,Mauritania,Tiris Zemmour,0.09439507,0.0,0.4,0.83,,,,,,,,,,,,,,,,,,,,,,,,,,2.8315636771567547,1.8879014,0.0,,,,,,,,,,,,,,,,,0.0,0.0,36.0,0.4490181934733585,0.0,0.0,1.26,1.5715636771567547,2.8315636771567547,46728,,,0.0001960969289864,Information
151402,2150.0,9970.926132,MAR,Morocco,Guelmim - Es-Semara,3.821530636,0.0,0.55,0.63,,,,,,,,,,,,,,,,,,,,,,,,,,0.5914860911975529,76.43061272,0.0,,,,,,,,,,,,,,,,,0.0,0.0,8.4375,0.0846210260564437,0.0,0.0,0.2953125,0.2961735911975529,0.5914860911975529,979,,,0.0001143217674612,Information
151408,2156.0,7510.134406,MAR,Morocco,Souss - Massa - Draâ,2.367443006,0.0,0.55,0.63,,,,,,,,,,,,,,,,,,,,,,,,,,0.3786921389223385,47.34886012,0.0,,,,,,,,,,,,,,,,,0.0,0.0,4.640625,0.061791503977811,0.0,0.0,0.162421875,0.2162702639223385,0.3786921389223385,218314,,,4.013299682517224e-07,Information
151409,2157.0,7476.089403,MAR,Morocco,Souss - Massa - Draâ,4.008379562,0.0,0.55,0.63,,,,,,,,,,,,,,,,,,,,,,,,,,1.0584934591365818,80.16759124000001,0.0,,,,,,,,,,,,,,,,,0.0,0.0,12.9375,0.1730517026104519,0.0,0.0,0.4528125,0.6056809591365817,1.0584934591365818,226441,,,0.0016922441461846,Information
151503,2160.0,2898.49446,MAR,Morocco,Souss - Massa - Draâ,1.597030415,0.0,0.55,0.63,,,,,,,,,,,,,,,,,,,,,,,,,,0.3723454472912646,31.9406083,0.0,,,,,,,,,,,,,,,,,0.0,0.0,2.390625,0.0824781635117899,0.0,0.0,0.083671875,0.2886735722912646,0.3723454472912646,190326,,,9.528214023825149e-08,Information
151504,2161.0,5282.891759,MAR,Morocco,Souss - Massa - Draâ,3.295592746,0.0,0.55,0.63,,,,,,,,,,,,,,,,,,,,,,,,,,0.1423850540763479,65.91185492,0.0,,,,,,,,,,,,,,,,,0.0,0.0,1.40625,0.0266189440218137,0.0,0.0,0.04921875,0.0931663040763479,0.1423850540763479,246886,,,2.148736806491538e-08,Information
151509,2166.0,10278.29857,MAR,Morocco,Doukkala - Abda,4.006752117,1.920861206,0.55,0.63,,,,,,,,,,,,,,,,,,,,,,,,,,0.9322064358176934,80.13504233999998,38.41722412,,,,,,,,,,,,,,,,,0.0,0.0,13.5,0.1313446959479124,0.0,0.0,0.4725,0.4597064358176934,0.9322064358176934,1877005,,,0.0011097993486337,Information
151600,2167.0,2652.75354,MAR,Morocco,Marrakech - Tensift - Al Haouz,0.319435207,0.0,0.55,0.63,,,,,,,,,,,,,,,,,,,,,,,,,,0.7277469926507915,6.38870414,0.0,,,,,,,,,,,,,,,,,0.0,0.0,4.359375,0.1643339621859404,0.0,0.0,0.152578125,0.5751688676507914,0.7277469926507915,175979,,,5.960297126527297e-07,Information
151601,2168.0,546.8009464,MAR,Morocco,Doukkala - Abda,3.252958597,0.0,0.55,0.63,,,,,,,,,,,,,,,,,,,,,,,,,,0.18986812752339,65.05917194,0.0,,,,,,,,,,,,,,,,,0.0,0.0,0.28125,0.0514355364352543,0.0,0.0,0.00984375,0.18002437752339,0.18986812752339,116624,,,9.186820815988104e-08,Information
151604,2171.0,6396.800197,MAR,Morocco,Tadla - Azilal,4.021007205,0.0,0.55,0.63,,,,,,,,,,,,,,,,,,,,,,,,,,0.2523230317769353,80.4201441,0.0,,,,,,,,,,,,,,,,,0.0,0.0,2.8125,0.0439672947934101,0.0,0.0,0.0984375,0.1538855317769353,0.2523230317769353,645498,,,6.7590347297804274e-06,Information
151802,2179.0,10591.37033,MAR,Morocco,Rabat-Sal1-Zemmour-Zaer,2.604199582,0.0,0.55,0.63,,,,,,,,,,,,,,,,,,,,,,,,,,0.2487923507121346,52.08399164,0.0,,,,,,,,,,,,,,,,,0.0,0.0,3.65625,0.0345210287748956,0.0,0.0,0.12796875,0.1208236007121346,0.2487923507121346,1870126,,,7.17983876309387e-08,Information
151806,2183.0,1929.275934,MAR,Morocco,Meknès - Tafilalet,0.952863887,0.0,0.55,0.63,,,,,,,,,,,,,,,,,,,,,,,,,,0.2739005009935638,19.05727774,0.0,,,,,,,,,,,,,,,,,0.0,0.0,1.265625,0.0656010359981611,0.0,0.0,0.044296875,0.2296036259935638,0.2739005009935638,267391,,,6.399301810418561e-09,Information
153039,2207.0,256.7652539,DZA,Algeria,Mostaganem,0.536065608,1.176742868,0.53,0.65,,,,,,,,,,,,,,,,,,,,,,,,,,0.9830480510510734,10.72131216,23.53485736,,,,,,,,,,,,,,,,,0.0,0.0,0.703125,0.2738396217288781,0.0,0.0,0.024609375,0.9584386760510734,0.9830480510510734,331341,,,6.685851964536015e-06,Information
153052,2219.0,4142.260133,DZA,Algeria,Médéa,2.113467231,0.050203466,0.53,0.65,,,,,,,,,,,,,,,,,,,,,,,,,,0.1344318016790892,42.26934462,1.0040693200000002,,,,,,,,,,,,,,,,,0.0,0.0,1.125,0.0271590861940255,0.0,0.0,0.039375,0.0950568016790892,0.1344318016790892,828497,,,6.701649718756697e-10,Information
153053,2220.0,3945.657238,DZA,Algeria,Tizi Ouzou,0.784197049,0.108364492,0.53,0.65,,,,,,,,,,,,,,,,,,,,,,,,,,3.3922263457871,15.68394098,2.16728984,,,,,,,,,,,,,,,,,0.0,0.0,27.421875,0.6949887773677426,0.0,0.0,0.959765625,2.432460720787099,3.3922263457871,1528785,,,0.0006565850422822,Information
153054,2221.0,9144.851664,DZA,Algeria,Bordj Bou Arr_ridj,0.793972673,0.0,0.53,0.65,,,,,,,,,,,,,,,,,,,,,,,,,,0.2472960399846737,15.87945346,0.0,,,,,,,,,,,,,,,,,0.0,0.0,3.375,0.0369060114241925,0.0,0.0,0.118125,0.1291710399846737,0.2472960399846737,2234840,,,2.781018242488366e-09,Information
153055,2222.0,2802.873885,DZA,Algeria,Jijel,0.594597547,0.0,0.53,0.65,,,,,,,,,,,,,,,,,,,,,,,,,,4.15916565875218,11.89195094,0.0,,,,,,,,,,,,,,,,,0.0,0.0,26.015625,0.9281767953577656,0.0,0.0,0.910546875,3.24861878375218,4.15916565875218,818274,,,0.001131888553127,Information
153056,2223.0,8828.867797,DZA,Algeria,Mila,3.038566084,0.0,0.53,0.65,,,,,,,,,,,,,,,,,,,,,,,,,,3.274947680184145,60.77132168,0.0,,,,,,,,,,,,,,,,,0.0,0.0,43.875,0.4969493371954701,0.0,0.0,1.535625,1.7393226801841453,3.274947680184145,2890298,,,0.0065121130380248,Information
153057,2224.0,5769.042421,DZA,Algeria,Skikda,4.006157628,0.0,0.53,0.65,,,,,,,,,,,,,,,,,,,,,,,,,,6.63252793999869,80.12315256000001,0.0,,,,,,,,,,,,,,,,,0.0,0.0,69.328125,1.2017267328567685,0.0,0.0,2.426484375,4.20604356499869,6.63252793999869,1739565,,,0.136196239015735,Information
153058,2225.0,6347.952392,DZA,Algeria,Guelma,2.453642342,0.0,0.53,0.65,,,,,,,,,,,,,,,,,,,,,,,,,,0.5450404552592598,49.07284684,0.0,,,,,,,,,,,,,,,,,0.0,0.0,6.046875,0.0952570943597885,0.0,0.0,0.211640625,0.3333998302592598,0.5450404552592598,986941,,,2.849066005419274e-06,Information
153059,2226.0,8114.9586,TUN,Tunisia,Jendouba,3.834534237,1.516254889,0.58,0.58,,,,,,,,,,,,,,,,,,,,,,,,,,9.536770735017445,76.69068474000001,30.32509778,,,,,,,,,,,,,,,,,0.0,0.0,122.0625,1.5041666385764123,0.0,0.0,4.2721875,5.264583235017443,9.536770735017445,1164427,,,0.1857417086895984,Information
153090,2230.0,21730.80162,TUN,Tunisia,Sfax,3.651167776,2.15796947,0.58,0.58,,,,,,,,,,,,,,,,,,,,,,,,,,22.96184278163944,73.02335552,43.1593894,,,,,,,,,,,,,,,,,0.0,0.0,449.296875,2.0675577590398384,0.0,0.0,15.725390625,7.236452156639435,22.96184278163944,3101015,,,0.4359924961448289,Advisory
154102,2232.0,9282.846423,MRT,Mauritania,Tiris Zemmour,4.02560991,0.0,0.4,0.83,,,,,,,,,,,,,,,,,,,,,,,,,,0.1738078862921915,80.5121982,0.0,,,,,,,,,,,,,,,,,0.0,0.0,2.390625,0.0257531460834833,0.0,0.0,0.083671875,0.0901360112921915,0.1738078862921915,404,,,1.181582540851682e-06,Information
154309,2259.0,5745.275559,MAR,Morocco,Meknès - Tafilalet,3.454982954,0.0,0.55,0.63,,,,,,,,,,,,,,,,,,,,,,,,,,0.5935026446028117,69.09965908000001,0.0,,,,,,,,,,,,,,,,,0.0,0.0,6.1875,0.1076971841722319,0.0,0.0,0.2165625,0.3769401446028116,0.5935026446028117,215770,,,3.8672564228058594e-05,Information
154780,2288.0,14848.86048,DZA,Algeria,Ghardaïa,0.021933144,0.0,0.53,0.65,,,,,,,,,,,,,,,,,,,,,,,,,,0.1812035123802865,0.43866288,0.0,,,,,,,,,,,,,,,,,0.0,0.0,3.09375,0.0208349321086533,0.0,0.0,0.10828125,0.0729222623802865,0.1812035123802865,264773,,,1.4050517267534152e-10,Information
154814,2293.0,16325.86263,DZA,Algeria,El Oued,2.589845521,0.0,0.53,0.65,,,,,,,,,,,,,,,,,,,,,,,,,,0.3650857520842371,51.79691042,0.0,,,,,,,,,,,,,,,,,0.0,0.0,6.46875,0.0396227148812106,0.0,0.0,0.22640625,0.1386795020842371,0.3650857520842371,595608,,,5.222970935399139e-07,Information
154817,2296.0,17797.15896,DZA,Algeria,Biskra,2.114888864,0.0,0.53,0.65,,,,,,,,,,,,,,,,,,,,,,,,,,0.1691231238227583,42.297777280000005,0.0,,,,,,,,,,,,,,,,,0.0,0.0,3.09375,0.0173833925207881,0.0,0.0,0.10828125,0.0608418738227583,0.1691231238227583,1312854,,,2.731394768608541e-09,Information
154819,2298.0,11384.69866,DZA,Algeria,Laghouat,2.294398766,0.0,0.53,0.65,,,,,,,,,,,,,,,,,,,,,,,,,,0.2126375750593059,45.88797532,0.0,,,,,,,,,,,,,,,,,0.0,0.0,3.234375,0.0284098428740874,0.0,0.0,0.113203125,0.0994344500593059,0.2126375750593059,381025,,,1.5190870764198487e-08,Information
154850,2302.0,16921.34645,TUN,Tunisia,Gafsa,2.629386504,0.0,0.58,0.58,,,,,,,,,,,,,,,,,,,,,,,,,,0.1879332746118345,52.58773008,0.0,,,,,,,,,,,,,,,,,0.0,0.0,3.375,0.019945221317667,0.0,0.0,0.118125,0.0698082746118345,0.1879332746118345,549617,,,1.5961473017609797e-08,Information
154901,2303.0,4620.559678,DZA,Algeria,Djelfa,0.315201387,0.0,0.53,0.65,,,,,,,,,,,,,,,,,,,,,,,,,,9.967355946476754,6.30402774,0.0,,,,,,,,,,,,,,,,,0.0,0.0,90.0,1.947815984707644,0.0,0.0,3.15,6.817355946476754,9.967355946476754,778977,,,0.0125214654381559,Information
154902,2304.0,3566.313199,DZA,Algeria,Djelfa,1.409530884,0.0,0.53,0.65,,,,,,,,,,,,,,,,,,,,,,,,,,13.162193257197032,28.190617680000003,0.0,,,,,,,,,,,,,,,,,0.0,0.0,98.859375,2.772032894913438,0.0,0.0,3.460078125,9.702115132197031,13.162193257197032,122287,,,0.0448798583910522,Information
154903,2305.0,25940.47369,DZA,Algeria,M'Sila,0.320109623,0.0,0.53,0.65,,,,,,,,,,,,,,,,,,,,,,,,,,3.81877878526536,6.40219246,0.0,,,,,,,,,,,,,,,,,0.0,0.0,78.75,0.3035796529329599,0.0,0.0,2.75625,1.0625287852653598,3.81877878526536,2530508,,,0.0006893434310413,Information
155618,2489.0,4143.348793,DZA,Algeria,Tamanghasset,2.480686526,0.0,0.53,0.65,,,,,,,,,,,,,,,,,,,,,,,,,,0.1848093852435435,49.61373052,0.0,,,,,,,,,,,,,,,,,0.0,0.0,1.546875,0.0373339314981553,0.0,0.0,0.054140625,0.1306687602435435,0.1848093852435435,134,,,1.0225094324822869e-08,Information
155911,2596.0,991.2220916,TUN,Tunisia,Tozeur,0.013046182,0.0,0.58,0.58,,,,,,,,,,,,,,,,,,,,,,,,,,0.2728824432585605,0.26092364,0.0,,,,,,,,,,,,,,,,,0.0,0.0,0.703125,0.0709351623595887,0.0,0.0,0.024609375,0.2482730682585604,0.2728824432585605,64962,,,1.8035512488766842e-09,Information
156002,2613.0,30772.11359,LBY,Libya,Al Jabal al Gharbi,2.307530554,3.073350597,0.52,0.67,,,,,,,,,,,,,,,,,,,,,,,,,,1.062977526595331,46.15061108,61.467011940000006,,,,,,,,,,,,,,,,,0.0,0.0,22.921875,0.0744891147415231,0.0,0.0,0.802265625,0.2607119015953308,1.062977526595331,11084,,,0.0001650596343818,Information
156003,2614.0,31363.23067,LBY,Libya,Misratah,1.950941941,2.097309878,0.52,0.67,,,,,,,,,,,,,,,,,,,,,,,,,,0.3440330052207436,39.01883882,41.94619756,,,,,,,,,,,,,,,,,0.0,0.0,7.453125,0.0237638943487839,0.0,0.0,0.260859375,0.0831736302207436,0.3440330052207436,312961,,,1.4611692133377136e-07,Information
156007,2618.0,367.2281311,LBY,Libya,Misratah,4.0963248,4.380755095,0.52,0.67,,,,,,,,,,,,,,,,,,,,,,,,,,2.640042350055128,81.92649599999999,87.61510189999998,,,,,,,,,,,,,,,,,0.0,0.0,2.671875,0.727579064301465,0.0,0.0,0.093515625,2.546526725055128,2.640042350055128,0,,,0.0610905873578378,Information
156010,2619.0,7419.355981,TUN,Tunisia,Médenine,4.056264686,2.169138925,0.58,0.58,,,,,,,,,,,,,,,,,,,,,,,,,,11.266812862809356,81.12529371999999,43.3827785,,,,,,,,,,,,,,,,,0.0,0.0,137.109375,1.8479956393741013,0.0,0.0,4.798828125,6.467984737809355,11.266812862809356,734551,,,0.3029407389470644,Information
156030,2621.0,190.2936644,TUN,Tunisia,Médenine,0.686101202,1.540308161,0.58,0.58,,,,,,,,,,,,,,,,,,,,,,,,,,35.31813388741006,13.72202404,30.80616322,,,,,,,,,,,,,,,,,0.0,0.0,18.84375,9.902457896402876,0.0,0.0,0.65953125,34.65860263741006,35.31813388741006,34056,,,0.2506278659394323,Advisory
156040,2622.0,16951.14294,LBY,Libya,Nalut,2.072305548,1.153590973,0.52,0.67,,,,,,,,,,,,,,,,,,,,,,,,,,1.59638981587696,41.44611096,23.07181946,,,,,,,,,,,,,,,,,0.0,0.0,28.6875,0.1692363759648457,0.0,0.0,1.0040625,0.59232731587696,1.59638981587696,274418,,,0.0001577660266839,Information
156050,2623.0,17666.46545,LBY,Libya,Tripoli,4.017302217,1.133590952,0.52,0.67,,,,,,,,,,,,,,,,,,,,,,,,,,10.760191703392508,80.34604434,22.671819040000003,,,,,,,,,,,,,,,,,0.0,0.0,196.3125,1.1112154866835733,0.0,0.0,6.8709375,3.8892542033925066,10.760191703392508,3667183,,,0.2734455522708678,Information
156070,2625.0,3185.187227,LBY,Libya,Surt,3.456622688,0.0,0.52,0.67,,,,,,,,,,,,,,,,,,,,,,,,,,1.7114381214491452,69.13245376,0.0,,,,,,,,,,,,,,,,,0.0,0.0,11.8125,0.3708573204140415,0.0,0.0,0.4134375,1.2980006214491453,1.7114381214491452,13515,,,0.0019117288199195,Information
156091,2627.0,12338.85238,LBY,Libya,Surt,3.260620592,2.476314661,0.52,0.67,,,,,,,,,,,,,,,,,,,,,,,,,,4.250451339586593,65.21241184,49.52629322,,,,,,,,,,,,,,,,,0.0,0.0,67.078125,0.5436334184533121,0.0,0.0,2.347734375,1.9027169645865925,4.250451339586593,61843,,,0.0177663263536233,Information
156093,16050.0,12591.1711,LBY,Libya,Al Wahat,4.036413667,1.125603481,0.52,0.67,,,,,,,,,,,,,,,,,,,,,,,,,,2.47264193526989,80.72827333999999,22.51206962,,,,,,,,,,,,,,,,,0.0,0.0,39.375,0.3127191243628257,0.0,0.0,1.378125,1.0945169352698898,2.47264193526989,163815,,,0.0200192306677302,Information
157402,2679.0,11214.91711,LBY,Libya,Wadi ash Shati',1.227098104,0.0,0.52,0.67,,,,,,,,,,,,,,,,,,,,,,,,,,7.960529676200845,24.54196208,0.0,,,,,,,,,,,,,,,,,0.0,0.0,120.234375,1.0720933003430986,0.0,0.0,4.208203125,3.752326551200845,7.960529676200845,741,,,0.01225366607489,Information
157407,2684.0,12711.4561,LBY,Libya,Al Jufrah,0.737343545,0.0,0.52,0.67,,,,,,,,,,,,,,,,,,,,,,,,,,0.7826548188314163,14.7468709,0.0,,,,,,,,,,,,,,,,,0.0,0.0,12.515625,0.0984594125232618,0.0,0.0,0.438046875,0.3446079438314163,0.7826548188314163,5641,,,1.3614372491838882e-06,Information
157408,2685.0,2421.975042,LBY,Libya,Al Jufrah,4.107983918,0.0,0.52,0.67,,,,,,,,,,,,,,,,,,,,,,,,,,3.2564264897328705,82.15967836000002,0.0,,,,,,,,,,,,,,,,,0.0,0.0,18.140625,0.7490013184951059,0.0,0.0,0.634921875,2.6215046147328707,3.2564264897328705,19,,,0.0444873884465747,Information
157510,2686.0,20357.66484,LBY,Libya,Al Jufrah,4.009092942,0.0,0.52,0.67,,,,,,,,,,,,,,,,,,,,,,,,,,3.640429777796189,80.18185883999999,0.0,,,,,,,,,,,,,,,,,0.0,0.0,69.75,0.342622793656054,0.0,0.0,2.44125,1.199179777796189,3.640429777796189,0,,,0.0450855362464944,Information
157590,2694.0,16879.82903,LBY,Libya,Al Wahat,1.334308207,0.0,0.52,0.67,,,,,,,,,,,,,,,,,,,,,,,,,,0.1332410234049307,26.68616414,0.0,,,,,,,,,,,,,,,,,0.0,0.0,2.390625,0.0141626138299802,0.0,0.0,0.083671875,0.0495691484049307,0.1332410234049307,39839,,,1.3920712411428818e-10,Information
157660,2709.0,10157.00869,LBY,Libya,Murzuq,2.033359912,0.0,0.52,0.67,,,,,,,,,,,,,,,,,,,,,,,,,,9.34765718200953,40.66719824,0.0,,,,,,,,,,,,,,,,,0.0,0.0,134.578125,1.324977944859866,0.0,0.0,4.710234375,4.637422807009531,9.34765718200953,21,,,0.0322985271006294,Information
157670,2710.0,17958.67496,LBY,Libya,Murzuq,4.004326437,0.0,0.52,0.67,,,,,,,,,,,,,,,,,,,,,,,,,,4.551550019696932,80.08652873999999,0.0,,,,,,,,,,,,,,,,,0.0,0.0,83.53125,0.4651303627705518,0.0,0.0,2.92359375,1.6279562696969314,4.551550019696932,134,,,0.0699815288063507,Information
159012,2832.0,35289.28873,SDN,Sudan,North Darfur,2.008598261,0.0,0.28,1.0,,,,,,,,,,,,,,,,,,,,,,,,,,1.3012189974337731,40.17196522,0.0,,,,,,,,,,,,,,,,,0.0,0.0,28.96875,0.0820893564096495,0.0,0.0,1.01390625,0.2873127474337732,1.3012189974337731,221055,,,6.45490428947685e-05,Information
159019,2839.0,31367.61449,SDN,Sudan,North Darfur,2.832873013,0.0,0.28,1.0,,,,,,,,,,,,,,,,,,,,,,,,,,1.0385551130199766,56.65746026,0.0,,,,,,,,,,,,,,,,,0.0,0.0,22.5,0.0717300322914219,0.0,0.0,0.7875,0.2510551130199766,1.0385551130199766,455704,,,9.5245531616427e-05,Information
162011,2989.0,529.5209793,TCD,Chad,Batha,4.304836718,0.0,0.32,0.94,,,,,,,,,,,,,,,,,,,,,,,,,,7.633973103550919,86.09673436,0.0,,,,,,,,,,,,,,,,,0.0,0.0,10.96875,2.07144767244312,0.0,0.0,0.38390625,7.250066853550919,7.633973103550919,7945,,,0.2744146486636094,Information
162012,2990.0,18193.64528,TCD,Chad,Batha,4.052720784,0.0,0.32,0.94,,,,,,,,,,,,,,,,,,,,,,,,,,1.090681949110788,81.05441568,0.0,,,,,,,,,,,,,,,,,0.0,0.0,20.109375,0.1105296640316537,0.0,0.0,0.703828125,0.3868538241107879,1.090681949110788,327030,,,0.0021534155983389,Information
162013,2991.0,416.3906578,TCD,Chad,Batha,1.099853013,0.0,0.32,0.94,,,,,,,,,,,,,,,,,,,,,,,,,,13.297518941390162,21.99706026,0.0,,,,,,,,,,,,,,,,,0.0,0.0,15.1875,3.647416126111475,0.0,0.0,0.5315625,12.765956441390164,13.297518941390162,6535,,,0.0384328343442789,Information
162014,2992.0,6641.647734,TCD,Chad,Batha,3.842038952,0.0,0.32,0.94,,,,,,,,,,,,,,,,,,,,,,,,,,0.4932999353317823,76.84077904,0.0,,,,,,,,,,,,,,,,,0.0,0.0,5.625,0.0846928386662235,0.0,0.0,0.196875,0.2964249353317822,0.4932999353317823,85330,,,5.929302058570184e-05,Information
162015,2993.0,414.7635361,TCD,Chad,Batha,4.185480006,0.0,0.32,0.94,,,,,,,,,,,,,,,,,,,,,,,,,,0.6179444408401814,83.70960011999999,0.0,,,,,,,,,,,,,,,,,0.0,0.0,0.703125,0.1695243045257661,0.0,0.0,0.024609375,0.5933350658401814,0.6179444408401814,10969,,,0.0005340750013242,Information
162102,3009.0,31597.07067,TCD,Chad,Hadjer-Lamis,4.052586764,0.0,0.32,0.94,,,,,,,,,,,,,,,,,,,,,,,,,,32.0609360064648,81.05173528,0.0,3.0,,,,,,,,,,,,,,,,0.0,0.0,695.8125,2.2021424304185144,0.0,0.0,24.3534375,7.7074985064648,32.0609360064648,1021101,11171.0,1.09,0.700530183633786,Watch
162201,3010.0,2007.783892,CMR,Cameroon,Extrême-Nord,4.046923205,0.0,0.42,0.81,,,,,,,,,,,,,,,,,,,,,,,,,,42.387734375,80.93846409999999,0.0,3.0,,,,,,,,,,,,,,,,0.0,0.0,211.078125,10.512990261443708,0.0,0.0,7.387734375,35.0,42.387734375,68132,524.0,0.77,0.7879088778896755,Watch
162202,3011.0,6342.080879,NGA,Nigeria,Borno,4.038231871,0.0,0.39,0.85,,,,,,,,,,,,,,,,,,,,,,,,,,0.4058412038022069,80.76463742,0.0,,,,,,,,,,,,,,,,,0.0,0.0,4.5,0.0709546296577734,0.0,0.0,0.1575,0.2483412038022069,0.4058412038022069,286080,,,5.7032335851795e-05,Information
162203,3012.0,941.1090683,CMR,Cameroon,Extrême-Nord,2.249412388,0.0,0.42,0.81,,,,,,,,,,,,,,,,,,,,,,,,,,7.43867049116574,44.98824776,0.0,,,,,,,,,,,,,,,,,0.0,0.0,18.28125,1.9425219260473543,0.0,0.0,0.63984375,6.79882674116574,7.43867049116574,64191,,,0.0227040250752849,Information
162205,3014.0,2309.104539,NGA,Nigeria,Borno,4.111180222,0.0,0.39,0.85,,,,,,,,,,,,,,,,,,,,,,,,,,1.1019521468903122,82.22360444,0.0,,,,,,,,,,,,,,,,,0.0,0.0,5.90625,0.2557809705400892,0.0,0.0,0.20671875,0.8952333968903121,1.1019521468903122,196651,,,0.0027113551633479,Information
162300,3019.0,5879.889051,TCD,Chad,Hadjer-Lamis,4.009065845,0.0,0.32,0.94,,,,,,,,,,,,,,,,,,,,,,,,,,1.847667043661893,80.18131690000001,0.0,,,,,,,,,,,,,,,,,0.0,0.0,19.546875,0.3324361196176837,0.0,0.0,0.684140625,1.163526418661893,1.847667043661893,1014706,,,0.0088292690012284,Information
162410,3020.0,18040.06739,TCD,Chad,Lac,4.214770426,0.0,0.32,0.94,,,,,,,,,,,,,,,,,,,,,,,,,,28.7799654678477,84.29540852000001,0.0,3.0,,,,,,,,,,,,,,,,0.0,0.0,529.03125,2.932534776527914,0.0,0.0,18.51609375,10.2638717178477,28.7799654678477,410317,2174.0,0.53,0.7276517685723114,Watch
162420,3021.0,18314.63866,TCD,Chad,Kanem,4.172812392,0.0,0.32,0.94,,,,,,,,,,,,,,,,,,,,,,,,,,21.716869303254686,83.45624784,0.0,3.0,,,,,,,,,,,,,,,,0.0,0.0,401.34375,2.1913823009299107,0.0,0.0,14.04703125,7.669838053254687,21.716869303254686,174801,936.0,0.54,0.6072200647401111,Watch
162430,3022.0,95.70585042,NGA,Nigeria,Borno,4.358996285,0.0,0.39,0.85,,,,,,,,,,,,,,,,,,,,,,,,,,35.62015625,87.1799257,0.0,3.0,,,,,,,,,,,,,,,,0.0,0.0,17.71875,18.513758482062684,0.0,0.0,0.62015625,35.0,35.62015625,28973,20.0,0.07,0.8465857458605168,Warning
162442,3024.0,23453.72159,NER,Niger,Diffa,4.041624161,0.0,0.35,0.9,,,,,,,,,,,,,,,,,,,,,,,,,,0.2457147892679046,80.83248322,0.0,,,,,,,,,,,,,,,,,0.0,0.0,4.921875,0.0209854755051156,0.0,0.0,0.172265625,0.0734491642679046,0.2457147892679046,246889,,,6.598863228341298e-06,Information
162443,3025.0,1410.237557,NER,Niger,Diffa,4.400948966,0.0,0.35,0.9,,,,,,,,,,,,,,,,,,,,,,,,,,40.842265625,88.01897932,0.0,3.0,,,,,,,,,,,,,,,,0.0,0.0,166.921875,11.836436650231713,0.0,0.0,5.842265625,35.0,40.842265625,30085,217.0,0.72,0.8899747183455062,Warning
162465,3037.0,9243.742466,NGA,Nigeria,Jigawa,1.571716478,0.0,0.39,0.85,,,,,,,,,,,,,,,,,,,,,,,,,,0.2766534196502787,31.43432956,0.0,,,,,,,,,,,,,,,,,0.0,0.0,3.796875,0.0410750841857939,0.0,0.0,0.132890625,0.1437627946502786,0.2766534196502787,4111030,,,1.7660308265509392e-08,Information
162468,3040.0,6045.190908,NER,Niger,Zinder,3.118876624,0.0,0.35,0.9,,,,,,,,,,,,,,,,,,,,,,,,,,0.130636774259628,62.37753248,0.0,,,,,,,,,,,,,,,,,0.0,0.0,1.40625,0.023262292645608,0.0,0.0,0.04921875,0.081418024259628,0.130636774259628,1720870,,,7.440236371834441e-09,Information
162887,3093.0,7062.049607,CAF,Central African Republic,Vakaga,3.938104022,0.0,0.36,0.89,,,,,,,,,,,,,,,,,,,,,,,,,,0.1189134600891583,78.76208044,0.0,,,,,,,,,,,,,,,,,0.0,0.0,1.40625,0.0199127743111881,0.0,0.0,0.04921875,0.0696947100891583,0.1189134600891583,70630,,,1.0792197388646117e-07,Information
162950,3117.0,4612.908684,TCD,Chad,Sila,4.149359253,0.0,0.32,0.94,,,,,,,,,,,,,,,,,,,,,,,,,,0.1403249519326403,82.98718506,0.0,,,,,,,,,,,,,,,,,0.0,0.0,1.265625,0.0274365934093258,0.0,0.0,0.044296875,0.0960280769326403,0.1403249519326403,137234,,,8.022439602122267e-07,Information
172150,3169.0,2494.839657,SDN,Sudan,Northern,4.069628235,0.0,0.28,1.0,,,,,,,,,,,,,,,,,,,,,,,,,,1.0353040636931377,81.3925647,0.0,,,,,,,,,,,,,,,,,0.0,0.0,5.90625,0.2367386610551822,0.0,0.0,0.20671875,0.8285853136931377,1.0353040636931377,52625,,,0.0019331684627868,Information
172170,3180.0,4682.198393,SDN,Sudan,Northern,4.127484219,0.0,0.28,1.0,,,,,,,,,,,,,,,,,,,,,,,,,,0.8025557303739643,82.54968438,0.0,,,,,,,,,,,,,,,,,0.0,0.0,7.3125,0.1561766372497041,0.0,0.0,0.2559375,0.5466182303739644,0.8025557303739643,100914,,,0.0010373973517038,Information
172191,3190.0,89.36279634,SDN,Sudan,Northern,4.064591666,0.0,0.28,1.0,,,,,,,,,,,,,,,,,,,,,,,,,,5.556963808808285,81.29183332,0.0,,,,,,,,,,,,,,,,,0.0,0.0,1.40625,1.5736414453737957,0.0,0.0,0.04921875,5.507745058808285,5.556963808808285,7567,,,0.1123913776850959,Information
172197,3196.0,11238.20424,SDN,Sudan,River Nile,4.025394938,0.0,0.28,1.0,,,,,,,,,,,,,,,,,,,,,,,,,,1.785881674765756,80.50789875999999,0.0,,,,,,,,,,,,,,,,,0.0,0.0,27.0,0.2402519070759303,0.0,0.0,0.945,0.840881674765756,1.785881674765756,86509,,,0.0084219596662632,Information
172199,3198.0,3996.836505,SDN,Sudan,River Nile,4.043856567,0.0,0.28,1.0,,,,,,,,,,,,,,,,,,,,,,,,,,1.4478493392608716,80.87713133999999,0.0,,,,,,,,,,,,,,,,,0.0,0.0,11.8125,0.2955462397888205,0.0,0.0,0.4134375,1.0344118392608717,1.4478493392608716,223329,,,0.0049285022490694,Information
172210,3199.0,1990.510141,SDN,Sudan,River Nile,4.074815782,0.0,0.28,1.0,,,,,,,,,,,,,,,,,,,,,,,,,,2.3422375396642066,81.49631564,0.0,,,,,,,,,,,,,,,,,0.0,0.0,11.109375,0.5581169756183447,0.0,0.0,0.388828125,1.9534094146642065,2.3422375396642066,71706,,,0.0193735240019062,Information
172230,3201.0,4798.559865,SDN,Sudan,River Nile,4.017210883,0.0,0.28,1.0,,,,,,,,,,,,,,,,,,,,,,,,,,0.971446952559279,80.34421766,0.0,,,,,,,,,,,,,,,,,0.0,0.0,9.0,0.187556272159794,0.0,0.0,0.315,0.656446952559279,0.971446952559279,48442,,,0.0013177233225955,Information
172303,3234.0,898.3935038,SDN,Sudan,River Nile,4.123623808,0.0,0.28,1.0,,,,,,,,,,,,,,,,,,,,,,,,,,4.895987654076016,82.47247615999999,0.0,,,,,,,,,,,,,,,,,0.0,0.0,11.53125,1.2835411154502905,0.0,0.0,0.40359375,4.492393904076017,4.895987654076016,46641,,,0.1010915594604243,Information
172305,3236.0,1229.769867,SDN,Sudan,River Nile,4.150480495,0.0,0.28,1.0,,,,,,,,,,,,,,,,,,,,,,,,,,5.707965110665692,83.0096099,0.0,,,,,,,,,,,,,,,,,0.0,0.0,17.859375,1.4522534244759118,0.0,0.0,0.625078125,5.082886985665692,5.707965110665692,49499,,,0.1376836812029829,Information
172306,3237.0,7682.985963,SDN,Sudan,River Nile,3.384654641,0.0,0.28,1.0,,,,,,,,,,,,,,,,,,,,,,,,,,0.385154573561577,67.69309282,0.0,,,,,,,,,,,,,,,,,0.0,0.0,4.78125,0.0622316638747363,0.0,0.0,0.16734375,0.217810823561577,0.385154573561577,133019,,,4.724965106410031e-06,Information
172307,3238.0,2541.555435,SDN,Sudan,River Nile,4.049466183,0.0,0.28,1.0,,,,,,,,,,,,,,,,,,,,,,,,,,1.942998127967194,80.98932366,0.0,,,,,,,,,,,,,,,,,0.0,0.0,11.25,0.4426423222763411,0.0,0.0,0.39375,1.549248127967194,1.942998127967194,164425,,,0.0112810738451858,Information
172425,3246.0,1533.091677,SDN,Sudan,Sennar,3.586566781,0.0,0.28,1.0,,,,,,,,,,,,,,,,,,,,,,,,,,0.1481044778907007,71.73133562000001,0.0,,,,,,,,,,,,,,,,,0.0,0.0,0.5625,0.0366905651116288,0.0,0.0,0.0196875,0.1284169778907007,0.1481044778907007,52068,,,7.539539974667803e-08,Information
172430,3251.0,758.1771941,SDN,Sudan,Al Jazirah,3.083216484,0.0,0.28,1.0,,,,,,,,,,,,,,,,,,,,,,,,,,0.2095172624096947,61.66432968,0.0,,,,,,,,,,,,,,,,,0.0,0.0,0.421875,0.0556433249741985,0.0,0.0,0.014765625,0.1947516374096947,0.2095172624096947,515862,,,9.476191006229667e-08,Information
172541,3301.0,1328.873975,SDN,Sudan,White Nile,3.61952435,0.0,0.28,1.0,,,,,,,,,,,,,,,,,,,,,,,,,,0.335678492548741,72.390487,0.0,,,,,,,,,,,,,,,,,0.0,0.0,1.125,0.0846581407282117,0.0,0.0,0.039375,0.296303492548741,0.335678492548741,79919,,,5.174218448232504e-06,Information
172543,3303.0,7935.024995,SDN,Sudan,North Kurdufan,4.00608373,0.0,0.28,1.0,,,,,,,,,,,,,,,,,,,,,,,,,,6.129652661914975,80.1216746,0.0,,,,,,,,,,,,,,,,,0.0,0.0,77.484375,0.976485581975707,0.0,0.0,2.711953125,3.4176995369149745,6.129652661914975,382074,,,0.1196991884735065,Information
172544,3304.0,3711.607615,SDN,Sudan,North Kurdufan,2.44873043,0.0,0.28,1.0,,,,,,,,,,,,,,,,,,,,,,,,,,1.563706892892692,48.9746086,0.0,,,,,,,,,,,,,,,,,0.0,0.0,12.09375,0.3258358979693406,0.0,0.0,0.42328125,1.140425642892692,1.563706892892692,246289,,,0.0002458257027615,Information
172545,3305.0,1057.295633,SDN,Sudan,North Kurdufan,0.402187535,0.0,0.28,1.0,,,,,,,,,,,,,,,,,,,,,,,,,,1.3383090367042587,8.0437507,0.0,,,,,,,,,,,,,,,,,0.0,0.0,3.65625,0.3458115104869311,0.0,0.0,0.12796875,1.2103402867042587,1.3383090367042587,28758,,,1.1689448634785542e-05,Information
172557,3316.0,1437.474986,SSD,South Sudan,Upper Nile,4.143196236,0.0,-9999.0,1.0,,,,,,,,,,,,,,,,,,,,,,,,,,1.7231104544168043,82.86392472,0.0,,,,,,,,,,,,,,,,,0.0,0.0,6.1875,0.4304422726905156,0.0,0.0,0.2165625,1.5065479544168046,1.7231104544168043,25899,,,0.0108078206073225,Information
172559,3318.0,573.1651593,SSD,South Sudan,Upper Nile,3.210398728,0.0,-9999.0,1.0,,,,,,,,,,,,,,,,,,,,,,,,,,7.2634976391874115,64.20797456,0.0,,,,,,,,,,,,,,,,,0.0,0.0,11.25,1.962785039767832,0.0,0.0,0.39375,6.869747639187412,7.2634976391874115,8932,,,0.0553713666587098,Information
172570,3320.0,417.6283836,SSD,South Sudan,Upper Nile,2.430181851,0.0,-9999.0,1.0,,,,,,,,,,,,,,,,,,,,,,,,,,0.6138742804626044,48.60363702,0.0,,,,,,,,,,,,,,,,,0.0,0.0,0.703125,0.1683614015607441,0.0,0.0,0.024609375,0.5892649054626043,0.6138742804626044,22977,,,4.765859874267269e-06,Information
172581,3321.0,1534.712682,SSD,South Sudan,Upper Nile,4.632796865,0.0,-9999.0,1.0,,,,,,,,,,,,,,,,,,,,,,,,,,2.774415758547461,92.6559373,0.0,,,,,,,,,,,,,,,,,0.0,0.0,10.546875,0.687221466727846,0.0,0.0,0.369140625,2.405275133547461,2.774415758547461,19254,,,0.1651643518757498,Information
172644,3337.0,2420.612075,ETH,Ethiopia,Oromia,4.018581914,0.0,0.37,0.88,,,,,,,,,,,,,,,,,,,,,,,,,,0.1262752935335591,80.37163828000001,0.0,,,,,,,,,,,,,,,,,0.0,0.0,0.703125,0.0290474052953026,0.0,0.0,0.024609375,0.1016659185335591,0.1262752935335591,38995,,,2.2526352311815587e-07,Information
172686,3351.0,5059.656358,SSD,South Sudan,Eastern Equatoria,3.458758735,0.0,-9999.0,1.0,,,,,,,,,,,,,,,,,,,,,,,,,,0.2050938586588017,69.1751747,0.0,,,,,,,,,,,,,,,,,0.0,0.0,1.96875,0.0389107453310862,0.0,0.0,0.06890625,0.1361876086588017,0.2050938586588017,497584,,,2.684861774588955e-07,Information
172687,3352.0,6751.116947,SSD,South Sudan,Eastern Equatoria,4.027398943,0.0,-9999.0,1.0,,,,,,,,,,,,,,,,,,,,,,,,,,0.7693771230977597,80.54797886,0.0,,,,,,,,,,,,,,,,,0.0,0.0,8.859375,0.1312282851707885,0.0,0.0,0.310078125,0.4592989980977597,0.7693771230977597,274139,,,0.0006186805305021,Information
172694,3358.0,8598.78814,SSD,South Sudan,Eastern Equatoria,3.890004466,0.0,-9999.0,1.0,,,,,,,,,,,,,,,,,,,,,,,,,,0.149041088628551,77.80008932,0.0,,,,,,,,,,,,,,,,,0.0,0.0,1.96875,0.022895668179586,0.0,0.0,0.06890625,0.080134838628551,0.149041088628551,1047832,,,2.8131586237584626e-07,Information
172696,3360.0,2229.424944,SSD,South Sudan,Eastern Equatoria,1.52350739,0.0,-9999.0,1.0,,,,,,,,,,,,,,,,,,,,,,,,,,0.1079950254612299,30.4701478,0.0,,,,,,,,,,,,,,,,,0.0,0.0,0.5625,0.0252307215603514,0.0,0.0,0.0196875,0.0883075254612299,0.1079950254612299,960043,,,4.984306535625005e-11,Information
172703,3366.0,496.864456,SSD,South Sudan,Upper Nile,4.285938989,0.0,-9999.0,1.0,,,,,,,,,,,,,,,,,,,,,,,,,,3.119417425645376,85.71877978,0.0,,,,,,,,,,,,,,,,,0.0,0.0,4.21875,0.8490746216129645,0.0,0.0,0.14765625,2.971761175645376,3.119417425645376,39953,,,0.0640923928668101,Information
172846,3389.0,19573.65559,SSD,South Sudan,West Equatoria,3.231887744,0.0,-9999.0,1.0,,,,,,,,,,,,,,,,,,,,,,,,,,0.1710375568359388,64.63775487999999,0.0,,,,,,,,,,,,,,,,,0.0,0.0,3.234375,0.0165241233816968,0.0,0.0,0.113203125,0.0578344318359388,0.1710375568359388,67483,,,4.869789239177656e-08,Information
172847,3390.0,15219.89542,SSD,South Sudan,West Equatoria,2.347012711,0.0,-9999.0,1.0,,,,,,,,,,,,,,,,,,,,,,,,,,1.052087602766608,46.94025422,0.0,,,,,,,,,,,,,,,,,0.0,0.0,18.140625,0.1191902079333166,0.0,0.0,0.634921875,0.4171657277666081,1.052087602766608,125904,,,4.4156657282694616e-05,Information
172848,3391.0,5243.157189,SSD,South Sudan,West Equatoria,1.369075345,0.0,-9999.0,1.0,,,,,,,,,,,,,,,,,,,,,,,,,,0.6009826305770798,27.3815069,0.0,,,,,,,,,,,,,,,,,0.0,0.0,5.90625,0.1126468230220228,0.0,0.0,0.20671875,0.3942638805770798,0.6009826305770798,90137,,,8.157760850570837e-07,Information
172849,3392.0,12949.35931,SSD,South Sudan,West Equatoria,3.487909768,0.0,-9999.0,1.0,,,,,,,,,,,,,,,,,,,,,,,,,,0.4884733682782863,69.75819536,0.0,,,,,,,,,,,,,,,,,0.0,0.0,7.875,0.0608138195080818,0.0,0.0,0.275625,0.2128483682782863,0.4884733682782863,383849,,,1.8480797979966585e-05,Information
172861,3394.0,6226.835264,SSD,South Sudan,Warap,4.078838162,0.0,-9999.0,1.0,,,,,,,,,,,,,,,,,,,,,,,,,,2.6678435991614875,81.57676324,0.0,,,,,,,,,,,,,,,,,0.0,0.0,29.25,0.4697410283318536,0.0,0.0,1.02375,1.6440935991614876,2.6678435991614875,286711,,,0.0266586396704777,Information
172862,3395.0,11115.57797,SSD,South Sudan,West Bahr-al-Ghazal,4.106826878,0.0,-9999.0,1.0,,,,,,,,,,,,,,,,,,,,,,,,,,0.1121973888425396,82.13653756,0.0,,,,,,,,,,,,,,,,,0.0,0.0,1.6875,0.0151813968121542,0.0,0.0,0.0590625,0.0531348888425396,0.1121973888425396,57715,,,1.9864362786567015e-07,Information
172866,3399.0,9564.67774,SSD,South Sudan,West Bahr-al-Ghazal,4.005263499,0.0,-9999.0,1.0,,,,,,,,,,,,,,,,,,,,,,,,,,0.2315585239765679,80.10526998,0.0,,,,,,,,,,,,,,,,,0.0,0.0,3.234375,0.0338158282790194,0.0,0.0,0.113203125,0.1183553989765678,0.2315585239765679,3391,,,4.226497047140904e-06,Information
172870,3403.0,7377.974995,SSD,South Sudan,North Bahr-al-Ghazal,4.153660508,0.0,-9999.0,1.0,,,,,,,,,,,,,,,,,,,,,,,,,,0.8578755464213605,83.07321016,0.0,,,,,,,,,,,,,,,,,0.0,0.0,10.40625,0.1410447989775316,0.0,0.0,0.36421875,0.4936567964213606,0.8578755464213605,374929,,,0.0014309538310232,Information
172894,3416.0,38325.73108,SDN,Sudan,West Kurdufan,2.476625335,0.0,0.28,1.0,,,,,,,,,,,,,,,,,,,,,,,,,,0.1613585240211504,49.5325067,0.0,,,,,,,,,,,,,,,,,0.0,0.0,3.65625,0.0095399354346144,0.0,0.0,0.12796875,0.0333897740211504,0.1613585240211504,840101,,,4.583680670171987e-09,Information
172917,3428.0,1370.580074,SSD,South Sudan,Central Equatoria,1.192339944,0.0,-9999.0,1.0,,,,,,,,,,,,,,,,,,,,,,,,,,1.1433174147332208,23.84679888,0.0,,,,,,,,,,,,,,,,,0.0,0.0,3.9375,0.287287118495206,0.0,0.0,0.1378125,1.005504914733221,1.1433174147332208,11895,,,1.3415885201137349e-05,Information
172918,3429.0,5582.77868,SSD,South Sudan,Central Equatoria,2.295993204,0.0,-9999.0,1.0,,,,,,,,,,,,,,,,,,,,,,,,,,0.1099043945131656,45.91986408,0.0,,,,,,,,,,,,,,,,,0.0,0.0,1.125,0.0201512555751902,0.0,0.0,0.039375,0.0705293945131657,0.1099043945131656,479939,,,2.8481744603641486e-10,Information
172919,3430.0,2354.275706,SSD,South Sudan,Central Equatoria,3.198720389,0.0,-9999.0,1.0,,,,,,,,,,,,,,,,,,,,,,,,,,0.9298075076615436,63.97440778,0.0,,,,,,,,,,,,,,,,,0.0,0.0,5.0625,0.2150342879032982,0.0,0.0,0.1771875,0.7526200076615437,0.9298075076615436,112811,,,0.0001275885698669,Information
172925,3435.0,1690.368474,UGA,Uganda,Kitgum,3.698345086,0.0,0.44,0.78,,,,,,,,,,,,,,,,,,,,,,,,,,0.4084685668130154,73.96690172,0.0,,,,,,,,,,,,,,,,,0.0,0.0,1.6875,0.0998303048037187,0.0,0.0,0.0590625,0.3494060668130154,0.4084685668130154,66601,,,1.6285085611614258e-05,Information
172945,3445.0,477.2641025,COD,Democratic Republic of the Congo,Nord-Kivu,0.090845636,0.0,0.32,0.94,,,,,,,,,,,,,,,,,,,,,,,,,,4.538047020827621,1.81691272,0.0,,,,,,,,,,,,,,,,,0.0,0.0,5.90625,1.237522363093606,0.0,0.0,0.20671875,4.331328270827621,4.538047020827621,46387,,,0.0010548540608345,Information
172952,3451.0,2322.702691,UGA,Uganda,Gulu,2.199640106,0.0,0.44,0.78,,,,,,,,,,,,,,,,,,,,,,,,,,1.2533840521824384,43.99280212,0.0,,,,,,,,,,,,,,,,,0.0,0.0,6.75,0.2906097291949824,0.0,0.0,0.23625,1.0171340521824384,1.2533840521824384,538000,,,7.245523952060491e-05,Information
172974,3471.0,21827.41536,UGA,Uganda,Mpigi,3.028912862,0.0,0.44,0.78,,,,,,,,,,,,,,,,,,,,,,,,,,11.210130500033864,60.57825724,0.0,,,,,,,,,,,,,,,,,0.0,0.0,219.65625,1.0063319285811037,0.0,0.0,7.68796875,3.5221617500338627,11.210130500033864,5107535,,,0.1042863860329876,Information
172993,3486.0,6322.206542,TZA,Tanzania,Kagera,3.862419704,0.0,0.44,0.78,,,,,,,,,,,,,,,,,,,,,,,,,,0.3685010816758652,77.24839408,0.0,,,,,,,,,,,,,,,,,0.0,0.0,4.078125,0.0645047733359615,0.0,0.0,0.142734375,0.2257667066758652,0.3685010816758652,1010512,,,1.8702759761120016e-05,Information
172996,3489.0,12257.96048,BDI,Burundi,Karuzi,3.142991399,0.0,0.35,0.9,,,,,,,,,,,,,,,,,,,,,,,,,,1.0992661159454062,62.85982798,0.0,,,,,,,,,,,,,,,,,0.0,0.0,17.296875,0.1411072831272589,0.0,0.0,0.605390625,0.4938754909454061,1.0992661159454062,4672978,,,0.0002157275230807,Information
181936,3548.0,5908.876423,MDG,Madagascar,Mahajanga,4.032627001,1.101305119,0.4,0.83,,,,,,,,,,,,,,,,,,,,,,,,,,2.080486170239424,80.65254002,22.02610238,,,,,,,,,,,,,,,,,0.0,0.0,22.078125,0.3736433700684068,0.0,0.0,0.772734375,1.3077517952394238,2.080486170239424,191951,,,0.012875064472679,Information
181938,3550.0,4036.503858,MDG,Madagascar,Toamasina,4.137196959,0.0,0.4,0.83,,,,,,,,,,,,,,,,,,,,,,,,,,0.325190431440876,82.74393918,0.0,,,,,,,,,,,,,,,,,0.0,0.0,2.671875,0.0661928018402503,0.0,0.0,0.093515625,0.231674806440876,0.325190431440876,104082,,,3.570958708129723e-05,Information
181972,3556.0,7008.039276,MDG,Madagascar,Fianarantsoa,3.316011371,0.476216496,0.4,0.83,,,,,,,,,,,,,,,,,,,,,,,,,,0.7644837822313348,66.32022742000001,9.52432992,,,,,,,,,,,,,,,,,0.0,0.0,9.0,0.1284239377803814,0.0,0.0,0.315,0.4494837822313348,0.7644837822313348,405822,,,7.671475365311294e-05,Information
181973,3557.0,3098.973106,MDG,Madagascar,Fianarantsoa,4.107919009,3.091086577,0.4,0.83,,,,,,,,,,,,,,,,,,,,,,,,,,6.345266430631647,82.15838018,61.82173154,,,,,,,,,,,,,,,,,0.0,0.0,42.890625,1.3840270158947563,0.0,0.0,1.501171875,4.844094555631648,6.345266430631647,171863,,,0.150609030952789,Information
181974,3558.0,2781.674406,MDG,Madagascar,Fianarantsoa,4.013909768,0.622708619,0.4,0.83,,,,,,,,,,,,,,,,,,,,,,,,,,0.2940054545848952,80.27819536000001,12.45417238,,,,,,,,,,,,,,,,,0.0,0.0,1.828125,0.0657203084528272,0.0,0.0,0.063984375,0.2300210795848952,0.2940054545848952,331853,,,1.3003305875505606e-05,Information
181976,3560.0,4434.45292,MDG,Madagascar,Fianarantsoa,4.002317621,3.304978685,0.4,0.83,,,,,,,,,,,,,,,,,,,,,,,,,,0.5927786915992256,80.04635242,66.09957370000001,,,,,,,,,,,,,,,,,0.0,0.0,5.203125,0.1173340904569216,0.0,0.0,0.182109375,0.4106693165992256,0.5927786915992256,565715,,,0.0002187651046728,Information
181977,3561.0,306.9052473,MDG,Madagascar,Fianarantsoa,0.630065927,4.00177379,0.4,0.83,,,,,,,,,,,,,,,,,,,,,,,,,,12.727563566651472,12.60131854,80.0354758,,,,,,,,,,,,,,,,,0.0,0.0,10.828125,3.528165483328992,0.0,0.0,0.378984375,12.348579191651472,12.727563566651472,32747,,,0.326287837997173,Information
181978,3562.0,4103.580545,MDG,Madagascar,Fianarantsoa,3.881881001,0.0,0.4,0.83,,,,,,,,,,,,,,,,,,,,,,,,,,3.823010051509508,77.63762002,0.0,,,,,,,,,,,,,,,,,0.0,0.0,31.78125,0.7744760861455736,0.0,0.0,1.11234375,2.710666301509508,3.823010051509508,287912,,,0.0386692448362637,Information
181979,3563.0,2020.313645,MDG,Madagascar,Fianarantsoa,4.181350743,0.0,0.4,0.83,,,,,,,,,,,,,,,,,,,,,,,,,,8.375169702354214,83.62701486,0.0,,,,,,,,,,,,,,,,,0.0,0.0,40.21875,1.990718129244061,0.0,0.0,1.40765625,6.967513452354213,8.375169702354214,388677,,,0.2513137210763566,Information
181980,3564.0,16985.02205,MDG,Madagascar,Fianarantsoa,4.043791743,2.07728238,0.4,0.83,,,,,,,,,,,,,,,,,,,,,,,,,,0.8445220584500736,80.87583486,41.5456476,,,,,,,,,,,,,,,,,0.0,0.0,15.1875,0.089417016700021,0.0,0.0,0.5315625,0.3129595584500735,0.8445220584500736,595603,,,0.0009044481599008,Information
181992,3566.0,1539.832308,MDG,Madagascar,Fianarantsoa,3.516190978,0.0,0.4,0.83,,,,,,,,,,,,,,,,,,,,,,,,,,0.1106567485115879,70.32381956,0.0,,,,,,,,,,,,,,,,,0.0,0.0,0.421875,0.0273974638604537,0.0,0.0,0.014765625,0.0958911235115879,0.1106567485115879,121593,,,1.1244995508989934e-08,Information
181994,3568.0,2184.300283,MDG,Madagascar,Toliary,1.159000703,0.0,0.4,0.83,,,,,,,,,,,,,,,,,,,,,,,,,,0.3294580150253889,23.18001406,0.0,,,,,,,,,,,,,,,,,0.0,0.0,1.6875,0.0772558614358254,0.0,0.0,0.0590625,0.2703955150253889,0.3294580150253889,61658,,,2.4935298065670276e-08,Information
211014,3577.0,23910.33141,EGY,Egypt,Shamal Sina'',4.0810687,0.0,0.55,0.63,,,,,,,,,,,,,,,,,,,,,,,,,,0.1884693715752508,81.621374,0.0,,,,,,,,,,,,,,,,,0.0,0.0,3.796875,0.0158796418786431,0.0,0.0,0.132890625,0.0555787465752508,0.1884693715752508,100655,,,2.3247892878400703e-06,Information
213076,3623.0,6823.41759,ALB,Albania,Gjirokastër,3.166283387,3.129174401,0.63,0.51,,,,,,,,,,,,,,,,,,,,,,,,,,0.8737261833815095,63.32566774,62.58348802,,,,,,,,,,,,,,,,,0.0,0.0,10.125,0.148386052394717,0.0,0.0,0.354375,0.5193511833815095,0.8737261833815095,112275,,,9.309026964109364e-05,Information
213077,3624.0,154.5709376,ALB,Albania,Fier,4.042676225,4.038516065,0.63,0.51,,,,,,,,,,,,,,,,,,,,,,,,,,17.137212660930086,80.8535245,80.77032129999999,,,,,,,,,,,,,,,,,0.0,0.0,7.453125,4.821815224551453,0.0,0.0,0.260859375,16.876353285930087,17.137212660930086,8968,,,0.4558611555668672,Advisory
213078,3625.0,6137.263474,ALB,Albania,Berat,2.655072628,1.103975436,0.63,0.51,,,,,,,,,,,,,,,,,,,,,,,,,,1.980054446307264,53.10145256,22.07950872,,,,,,,,,,,,,,,,,0.0,0.0,21.515625,0.3505735918020753,0.0,0.0,0.753046875,1.2270075713072637,1.980054446307264,404420,,,0.0007757816432928,Information
213098,3633.0,3843.916045,SVN,Slovenia,Goriška,0.942842505,1.329174473,0.81,0.26,,,,,,,,,,,,,,,,,,,,,,,,,,0.1418095993591931,18.8568501,26.58348946,,,,,,,,,,,,,,,,,0.0,0.0,1.125,0.0292670283883409,0.0,0.0,0.039375,0.1024345993591931,0.1418095993591931,329255,,,2.0599140235143363e-10,Information
214020,3636.0,4821.518851,ITA,Italy,Veneto,2.271638455,1.069384704,0.73,0.38,,,,,,,,,,,,,,,,,,,,,,,,,,0.6354607219229391,45.4327691,21.38769408,,,,,,,,,,,,,,,,,0.0,0.0,5.90625,0.1224977062636969,0.0,0.0,0.20671875,0.4287419719229391,0.6354607219229391,1601552,,,4.237124072897546e-06,Information
214096,3656.0,2927.703857,ITA,Italy,Basilicata,0.225629467,0.0,0.73,0.38,,,,,,,,,,,,,,,,,,,,,,,,,,1.7169273592064038,4.51258934,0.0,,,,,,,,,,,,,,,,,0.0,0.0,11.109375,0.3794569240589725,0.0,0.0,0.388828125,1.3280992342064035,1.7169273592064038,160129,,,2.9290106823016852e-05,Information
214098,3658.0,3078.41141,ITA,Italy,Basilicata,0.249229699,0.0,0.73,0.38,,,,,,,,,,,,,,,,,,,,,,,,,,0.6063968163988661,4.98459398,0.0,,,,,,,,,,,,,,,,,0.0,0.0,4.078125,0.1324749832568189,0.0,0.0,0.142734375,0.4636624413988661,0.6063968163988661,262144,,,2.160316364509924e-07,Information
214099,3659.0,2226.484268,ITA,Italy,Basilicata,0.852711238,0.0,0.73,0.38,,,,,,,,,,,,,,,,,,,,,,,,,,2.513596082951814,17.05422476,0.0,,,,,,,,,,,,,,,,,0.0,0.0,13.078125,0.587389059414804,0.0,0.0,0.457734375,2.055861707951814,2.513596082951814,141528,,,0.0002357264066735,Information
215002,3661.0,5937.425166,ITA,Italy,Campania,0.631106813,0.0,0.73,0.38,,,,,,,,,,,,,,,,,,,,,,,,,,0.7794757366472507,12.62213626,0.0,,,,,,,,,,,,,,,,,0.0,0.0,8.296875,0.1397386033277859,0.0,0.0,0.290390625,0.4890851116472506,0.7794757366472507,831481,,,1.1828477751078609e-06,Information
215003,3662.0,337.1947892,ITA,Italy,Campania,0.422552961,0.0,0.73,0.38,,,,,,,,,,,,,,,,,,,,,,,,,,0.1508872089029501,8.45105922,0.0,,,,,,,,,,,,,,,,,0.0,0.0,0.140625,0.0417043811151286,0.0,0.0,0.004921875,0.1459653339029501,0.1508872089029501,65391,,,7.367387695803693e-11,Information
215004,3663.0,4128.052675,ITA,Italy,Lazio,0.355320517,0.0,0.73,0.38,,,,,,,,,,,,,,,,,,,,,,,,,,0.3705871325073701,7.10641034,0.0,,,,,,,,,,,,,,,,,0.0,0.0,3.09375,0.0749445378592486,0.0,0.0,0.10828125,0.2623058825073701,0.3705871325073701,659676,,,1.6556929351569956e-08,Information
215005,3664.0,3003.86876,ITA,Italy,Lazio,1.186759285,0.0,0.73,0.38,,,,,,,,,,,,,,,,,,,,,,,,,,8.842402911347863,23.7351857,0.0,,,,,,,,,,,,,,,,,0.0,0.0,58.359375,1.9428070818136751,0.0,0.0,2.042578125,6.799824786347863,8.842402911347863,1102967,,,0.0155944983468524,Information
215006,3665.0,17772.81062,ITA,Italy,Umbria,0.54607791,0.138227555,0.73,0.38,,,,,,,,,,,,,,,,,,,,,,,,,,2.207375388928743,10.921558200000002,2.7645511000000003,,,,,,,,,,,,,,,,,0.0,0.0,40.359375,0.2270849325510694,0.0,0.0,1.412578125,0.794797263928743,2.207375388928743,4741549,,,0.0001087752639369,Information
216036,16068.0,3177.972275,ESP,Spain,Cataluña,0.590788974,0.0,0.76,0.33,,,,,,,,,,,,,,,,,,,,,,,,,,0.3265495186520913,11.81577948,0.0,,,,,,,,,,,,,,,,,0.0,0.0,2.25,0.0707998624720261,0.0,0.0,0.07875,0.2477995186520913,0.3265495186520913,524719,,,1.0804380053888705e-08,Information
216037,3682.0,2788.683745,ESP,Spain,Cataluña,0.111771124,0.0,0.76,0.33,,,,,,,,,,,,,,,,,,,,,,,,,,5.687975316606351,2.23542248,0.0,,,,,,,,,,,,,,,,,0.0,0.0,35.4375,1.2707608047446717,0.0,0.0,1.2403125,4.447662816606351,5.687975316606351,3638596,,,0.0022260989025394,Information
216038,3683.0,5011.305627,ESP,Spain,Cataluña,0.915502167,0.0,0.76,0.33,,,,,,,,,,,,,,,,,,,,,,,,,,0.162177589882344,18.31004334,0.0,,,,,,,,,,,,,,,,,0.0,0.0,1.546875,0.0308677042520983,0.0,0.0,0.054140625,0.108036964882344,0.162177589882344,2330870,,,2.45437319800951e-10,Information
216039,3684.0,3382.814092,ESP,Spain,Cataluña,1.997932888,0.568840257,0.76,0.33,,,,,,,,,,,,,,,,,,,,,,,,,,8.13909608367768,39.95865776,11.376805139999998,,,,,,,,,,,,,,,,,0.0,0.0,58.78125,1.7376435239079089,0.0,0.0,2.05734375,6.081752333677681,8.13909608367768,1275520,,,0.0228391347667341,Information
216046,3690.0,10211.59099,ESP,Spain,Aragón,1.829321495,0.0,0.76,0.33,,,,,,,,,,,,,,,,,,,,,,,,,,0.5455388656838578,36.5864299,0.0,,,,,,,,,,,,,,,,,0.0,0.0,7.875,0.0771182473382451,0.0,0.0,0.275625,0.2699138656838578,0.5455388656838578,129800,,,9.890000167311275e-07,Information
217000,3699.0,5276.787957,ESP,Spain,Islas Baleares,0.578524687,1.302225357,0.76,0.33,,,,,,,,,,,,,,,,,,,,,,,,,,15.01874344132096,11.57049374,26.04450714,,,,,,,,,,,,,,,,,0.0,0.0,148.21875,2.808882054663131,0.0,0.0,5.18765625,9.83108719132096,15.01874344132096,1400578,,,0.0554495998821612,Information
221608,3739.0,1412.953757,TUR,Turkey,Erzincan,1.329495369,0.0,0.57,0.6,,,,,,,,,,,,,,,,,,,,,,,,,,0.556581445579879,26.58990738,0.0,,,,,,,,,,,,,,,,,0.0,0.0,1.96875,0.1393357701656797,0.0,0.0,0.06890625,0.4876751955798789,0.556581445579879,8247,,,5.250677757039536e-07,Information
221609,3740.0,3052.921427,TUR,Turkey,Gümüshane,2.192451584,0.0,0.57,0.6,,,,,,,,,,,,,,,,,,,,,,,,,,0.2314810063128223,43.84903168,0.0,,,,,,,,,,,,,,,,,0.0,0.0,1.546875,0.0506686803750921,0.0,0.0,0.054140625,0.1773403813128223,0.2314810063128223,38661,,,1.994914215027532e-08,Information
221904,3745.0,4060.840418,GEO,Georgia,Samegrelo-Zemo Svaneti,3.120822832,0.0,0.67,0.46,,,,,,,,,,,,,,,,,,,,,,,,,,0.988448233636469,62.41645664,0.0,,,,,,,,,,,,,,,,,0.0,0.0,8.15625,0.2008512810389912,0.0,0.0,0.28546875,0.7029794836364691,0.988448233636469,110630,,,0.0001372829371375,Information
221905,3746.0,2220.312798,GEO,Georgia,Abkhazia,4.333819963,0.0,0.67,0.46,,,,,,,,,,,,,,,,,,,,,,,,,,2.058791337831899,86.67639926,0.0,,,,,,,,,,,,,,,,,0.0,0.0,10.6875,0.4813510965233998,0.0,0.0,0.3740625,1.6847288378318992,2.058791337831899,62362,,,0.0309216279023365,Information
221906,3747.0,2091.549231,GEO,Georgia,Abkhazia,4.029736475,0.0,0.67,0.46,,,,,,,,,,,,,,,,,,,,,,,,,,1.394249562032662,80.5947295,0.0,,,,,,,,,,,,,,,,,0.0,0.0,6.890625,0.3294507677236177,0.0,0.0,0.241171875,1.153077687032662,1.394249562032662,5825,,,0.0042293708269271,Information
222028,3758.0,3195.645202,RUS,Russia,Krasnodar,1.128970541,0.0,0.65,0.49,,,,,,,,,,,,,,,,,,,,,,,,,,0.1219421658835344,22.57941082,0.0,,,,,,,,,,,,,,,,,0.0,0.0,0.84375,0.026403118823867,0.0,0.0,0.02953125,0.0924109158835344,0.1219421658835344,110875,,,5.466201825380791e-11,Information
222029,3759.0,13650.81666,RUS,Russia,Karachay-Cherkess,2.254375729,0.0,0.65,0.49,,,,,,,,,,,,,,,,,,,,,,,,,,1.5775742756401558,45.08751458,0.0,,,,,,,,,,,,,,,,,0.0,0.0,26.015625,0.1905792573257588,0.0,0.0,0.910546875,0.6670274006401559,1.5775742756401558,690448,,,0.0001927236378237,Information
223203,3770.0,533.9169996,RUS,Russia,Rostov,0.1708434,0.0,0.65,0.49,,,,,,,,,,,,,,,,,,,,,,,,,,4.661095063286788,3.416868,0.0,,,,,,,,,,,,,,,,,0.0,0.0,6.75,1.264241446653368,0.0,0.0,0.23625,4.424845063286788,4.661095063286788,1556,,,0.0012181060145682,Information
223204,3771.0,15159.79899,RUS,Russia,Stavropol',0.903184064,0.0,0.65,0.49,,,,,,,,,,,,,,,,,,,,,,,,,,3.9045608970708856,18.06368128,0.0,,,,,,,,,,,,,,,,,0.0,0.0,67.21875,0.4434013277345388,0.0,0.0,2.35265625,1.5519046470708855,3.9045608970708856,539062,,,0.0011680635421946,Information
223205,3772.0,2994.805424,RUS,Russia,Rostov,1.153363074,0.0,0.65,0.49,,,,,,,,,,,,,,,,,,,,,,,,,,3.139417570784361,23.06726148,0.0,,,,,,,,,,,,,,,,,0.0,0.0,20.671875,0.6902576987955316,0.0,0.0,0.723515625,2.4159019457843605,3.139417570784361,19414,,,0.0006897788872981,Information
223206,3773.0,3802.04878,RUS,Russia,Kalmyk,0.613939471,0.0,0.65,0.49,,,,,,,,,,,,,,,,,,,,,,,,,,2.8766188982427665,12.27878942,0.0,,,,,,,,,,,,,,,,,0.0,0.0,22.640625,0.5954848637836476,0.0,0.0,0.792421875,2.0841970232427665,2.8766188982427665,22642,,,0.0003159396222705,Information
223208,3775.0,2300.800165,RUS,Russia,Stavropol',0.001719735,0.0,0.65,0.49,,,,,,,,,,,,,,,,,,,,,,,,,,0.3157666714454889,0.0343947,0.0,,,,,,,,,,,,,,,,,0.0,0.0,1.6875,0.0733440489844254,0.0,0.0,0.0590625,0.2567041714454889,0.3157666714454889,20539,,,4.2664697818110204e-09,Information
223209,3776.0,6332.992332,RUS,Russia,Stavropol',0.270723703,0.0,0.65,0.49,,,,,,,,,,,,,,,,,,,,,,,,,,0.3173418757744484,5.41447406,0.0,,,,,,,,,,,,,,,,,0.0,0.0,3.515625,0.0555128573641281,0.0,0.0,0.123046875,0.1942950007744483,0.3173418757744484,487511,,,6.086692947590307e-09,Information
223607,3802.0,156.3834545,RUS,Russia,Saratov,2.118001699,0.0,0.65,0.49,,,,,,,,,,,,,,,,,,,,,,,,,,5.114448966036899,42.36003398,0.0,,,,,,,,,,,,,,,,,0.0,0.0,2.25,1.4387711331533994,0.0,0.0,0.07875,5.0356989660368985,5.114448966036899,969,,,0.0077145641487857,Information
223809,3814.0,4007.499366,RUS,Russia,Saratov,2.171179555,0.0,0.65,0.49,,,,,,,,,,,,,,,,,,,,,,,,,,0.1376282906629785,43.4235911,0.0,,,,,,,,,,,,,,,,,0.0,0.0,1.125,0.028072368760851,0.0,0.0,0.039375,0.0982532906629785,0.1376282906629785,59370,,,8.786236151376285e-10,Information
225206,3855.0,6063.269596,RUS,Russia,Bryansk,0.638966293,0.0,0.65,0.49,,,,,,,,,,,,,,,,,,,,,,,,,,4.2638842029002095,12.77932586,0.0,,,,,,,,,,,,,,,,,0.0,0.0,45.984375,0.7584088794000599,0.0,0.0,1.609453125,2.6544310779002096,4.2638842029002095,107973,,,0.0012711498047023,Information
225207,3856.0,566.1795537,RUS,Russia,Bryansk,1.559940339,0.0,0.65,0.49,,,,,,,,,,,,,,,,,,,,,,,,,,13.77798297038784,31.19880678,0.0,,,,,,,,,,,,,,,,,0.0,0.0,21.09375,3.725629062967954,0.0,0.0,0.73828125,13.03970172038784,13.77798297038784,25626,,,0.0539012522072265,Information
225208,3857.0,5384.55366,RUS,Russia,Bryansk,0.614269875,0.0,0.65,0.49,,,,,,,,,,,,,,,,,,,,,,,,,,3.1781486806438903,12.285397499999998,0.0,,,,,,,,,,,,,,,,,0.0,0.0,31.78125,0.5902299801839687,0.0,0.0,1.11234375,2.0658049306438904,3.1781486806438903,85509,,,0.0004536641119675,Information
225209,3858.0,19199.11834,RUS,Russia,Bryansk,1.30856601,0.0,0.65,0.49,,,,,,,,,,,,,,,,,,,,,,,,,,13.608583154727668,26.1713202,0.0,,,,,,,,,,,,,,,,,0.0,0.0,255.65625,1.3316041156364764,0.0,0.0,8.94796875,4.660614404727667,13.608583154727668,832673,,,0.0454139549280404,Information
225461,3865.0,1544.842179,BLR,Belarus,Brest,2.218183707,0.0,0.67,0.46,,,,,,,,,,,,,,,,,,,,,,,,,,2.427607089657895,44.36367414,0.0,,,,,,,,,,,,,,,,,0.0,0.0,9.28125,0.6007895256165414,0.0,0.0,0.32484375,2.102763339657895,2.427607089657895,9214,,,0.0008683055011408,Information
225462,3866.0,1468.807725,BLR,Belarus,Brest,3.499423214,0.0,0.67,0.46,,,,,,,,,,,,,,,,,,,,,,,,,,2.0752846006302192,69.98846428,0.0,,,,,,,,,,,,,,,,,0.0,0.0,7.59375,0.5170009573229198,0.0,0.0,0.26578125,1.80950335063022,2.0752846006302192,28284,,,0.003775838908666,Information
225463,3867.0,421.3397382,BLR,Belarus,Brest,2.078371887,0.0,0.67,0.46,,,,,,,,,,,,,,,,,,,,,,,,,,0.2434735054670226,41.56743774,0.0,,,,,,,,,,,,,,,,,0.0,0.0,0.28125,0.0667513587048636,0.0,0.0,0.00984375,0.2336297554670225,0.2434735054670226,24603,,,2.1191841741609004e-08,Information
225464,3868.0,2048.340665,BLR,Belarus,Brest,2.343829013,0.0,0.67,0.46,,,,,,,,,,,,,,,,,,,,,,,,,,2.6344928477555443,46.87658026,0.0,,,,,,,,,,,,,,,,,0.0,0.0,12.796875,0.6247434922158698,0.0,0.0,0.447890625,2.1866022227555444,2.6344928477555443,19190,,,0.0013325955134623,Information
225465,3869.0,607.9709196,BLR,Belarus,Brest,1.785221287,0.0,0.67,0.46,,,,,,,,,,,,,,,,,,,,,,,,,,3.520983179669179,35.70442574,0.0,,,,,,,,,,,,,,,,,0.0,0.0,5.765625,0.948338944191194,0.0,0.0,0.201796875,3.319186304669179,3.520983179669179,5755,,,0.001837729577634,Information
225467,3871.0,6815.075535,UKR,Ukraine,Volyn,3.180552528,0.0,0.61,0.54,,,,,,,,,,,,,,,,,,,,,,,,,,4.274658177171112,63.61105056,0.0,,,,,,,,,,,,,,,,,0.0,0.0,49.5,0.7263309077631748,0.0,0.0,1.7325,2.542158177171112,4.274658177171112,503754,,,0.0161144123987074,Information
225468,3872.0,3992.651847,UKR,Ukraine,L'viv,2.188128245,0.0,0.61,0.54,,,,,,,,,,,,,,,,,,,,,,,,,,0.8107127893608688,43.7625649,0.0,,,,,,,,,,,,,,,,,0.0,0.0,6.609375,0.1655384755316768,0.0,0.0,0.231328125,0.5793846643608688,0.8107127893608688,183232,,,1.1204698638994251e-05,Information
225469,3873.0,2220.995012,UKR,Ukraine,Rivne,3.259390076,0.0,0.61,0.54,,,,,,,,,,,,,,,,,,,,,,,,,,3.2499060734810774,65.18780152,0.0,,,,,,,,,,,,,,,,,0.0,0.0,16.875,0.759794592423165,0.0,0.0,0.590625,2.6592810734810777,3.2499060734810774,159029,,,0.0088618170755847,Information
225470,3874.0,1400.981466,UKR,Ukraine,Rivne,4.000101962,0.0,0.61,0.54,,,,,,,,,,,,,,,,,,,,,,,,,,2.363156268937641,80.00203923999999,0.0,,,,,,,,,,,,,,,,,0.0,0.0,8.296875,0.5922187554107547,0.0,0.0,0.290390625,2.0727656439376414,2.363156268937641,62576,,,0.016354703207721,Information
225490,3876.0,12018.97502,UKR,Ukraine,Rivne,2.255900905,0.0,0.61,0.54,,,,,,,,,,,,,,,,,,,,,,,,,,3.68793751451287,45.1180181,0.0,,,,,,,,,,,,,,,,,0.0,0.0,57.515625,0.4785401827179628,0.0,0.0,2.013046875,1.6748906395128698,3.68793751451287,944636,,,0.0034657471051836,Information
225603,3880.0,491.9603937,BLR,Belarus,Homyel'',0.45181142,0.0,0.67,0.46,,,,,,,,,,,,,,,,,,,,,,,,,,5.6682740812685575,9.0362284,0.0,,,,,,,,,,,,,,,,,0.0,0.0,7.59375,1.543569380362445,0.0,0.0,0.26578125,5.402492831268558,5.6682740812685575,56076,,,0.0027551955450954,Information
225608,3885.0,6498.000231,RUS,Russia,Smolensk,0.608444251,0.0,0.65,0.49,,,,,,,,,,,,,,,,,,,,,,,,,,1.5245511270975496,12.16888502,0.0,,,,,,,,,,,,,,,,,0.0,0.0,17.15625,0.2640235363135856,0.0,0.0,0.60046875,0.9240823770975496,1.5245511270975496,72761,,,2.5205226947090457e-05,Information
225609,3886.0,3389.639868,RUS,Russia,Smolensk,0.91417695,0.0,0.65,0.49,,,,,,,,,,,,,,,,,,,,,,,,,,0.9137844743495376,18.283539,0.0,,,,,,,,,,,,,,,,,0.0,0.0,6.609375,0.1949875283855822,0.0,0.0,0.231328125,0.6824563493495377,0.9137844743495376,75778,,,3.504483744023797e-06,Information
225904,3892.0,3293.297309,RUS,Russia,Smolensk,0.401831269,0.0,0.65,0.49,,,,,,,,,,,,,,,,,,,,,,,,,,2.244971344976902,8.03662538,0.0,,,,,,,,,,,,,,,,,0.0,0.0,15.890625,0.482514134279115,0.0,0.0,0.556171875,1.6887994699769024,2.244971344976902,60852,,,0.0001025309074769,Information
225905,3893.0,1286.581931,RUS,Russia,Smolensk,1.482088567,0.0,0.65,0.49,,,,,,,,,,,,,,,,,,,,,,,,,,4.145021654061771,29.64177134,0.0,,,,,,,,,,,,,,,,,0.0,0.0,13.5,1.049291901160506,0.0,0.0,0.4725,3.67252165406177,4.145021654061771,19467,,,0.0023151232268032,Information
225906,3894.0,1440.873603,RUS,Russia,Smolensk,0.220842124,0.0,0.65,0.49,,,,,,,,,,,,,,,,,,,,,,,,,,5.51039834358788,4.41684248,0.0,,,,,,,,,,,,,,,,,0.0,0.0,19.828125,1.3761182767393942,0.0,0.0,0.693984375,4.81641396858788,5.51039834358788,2662,,,0.00216298117211,Information
225908,3896.0,1308.117092,RUS,Russia,Smolensk,0.484235219,0.0,0.65,0.49,,,,,,,,,,,,,,,,,,,,,,,,,,0.5105702461434684,9.68470438,0.0,,,,,,,,,,,,,,,,,0.0,0.0,1.6875,0.1290022131838481,0.0,0.0,0.0590625,0.4515077461434684,0.5105702461434684,3886,,,1.1363009173035019e-07,Information
226064,3914.0,3372.838209,UKR,Ukraine,Ternopil',2.752247655,0.0,0.61,0.54,,,,,,,,,,,,,,,,,,,,,,,,,,0.9562132142220904,55.0449531,0.0,,,,,,,,,,,,,,,,,0.0,0.0,6.890625,0.2042975254920258,0.0,0.0,0.241171875,0.7150413392220902,0.9562132142220904,157274,,,5.895353335638058e-05,Information
226065,3915.0,1665.779646,UKR,Ukraine,Ternopil',3.060975192,0.0,0.61,0.54,,,,,,,,,,,,,,,,,,,,,,,,,,0.896190106955163,61.21950384,0.0,,,,,,,,,,,,,,,,,0.0,0.0,3.65625,0.2194918162729037,0.0,0.0,0.12796875,0.768221356955163,0.896190106955163,104212,,,8.243861500303149e-05,Information
226066,3916.0,3923.048982,UKR,Ukraine,Ternopil',2.638496523,0.0,0.61,0.54,,,,,,,,,,,,,,,,,,,,,,,,,,1.0830110546974634,52.769930460000005,0.0,,,,,,,,,,,,,,,,,0.0,0.0,8.71875,0.222244229913561,0.0,0.0,0.30515625,0.7778548046974635,1.0830110546974634,485937,,,7.991222633827686e-05,Information
226067,3917.0,15759.02908,UKR,Ukraine,Ivano-Frankivs'k,2.732919754,0.0,0.61,0.54,,,,,,,,,,,,,,,,,,,,,,,,,,1.25503318857677,54.658395080000005,0.0,,,,,,,,,,,,,,,,,0.0,0.0,21.9375,0.1392059110219343,0.0,0.0,0.7678125,0.48722068857677,1.25503318857677,1312398,,,0.0001672117572231,Information
226068,3918.0,5942.878864,UKR,Ukraine,L'viv,1.541412153,0.0,0.61,0.54,,,,,,,,,,,,,,,,,,,,,,,,,,0.9902884448949376,30.82824306,0.0,,,,,,,,,,,,,,,,,0.0,0.0,10.546875,0.1774708056842679,0.0,0.0,0.369140625,0.6211478198949376,0.9902884448949376,1031489,,,1.0863975781472824e-05,Information
227202,3933.0,5549.710687,ROU,Romania,Buzau,1.583464788,0.0,0.72,0.39,,,,,,,,,,,,,,,,,,,,,,,,,,0.317183352779552,31.66929576,0.0,,,,,,,,,,,,,,,,,0.0,0.0,3.234375,0.058280065079872,0.0,0.0,0.113203125,0.203980227779552,0.317183352779552,324917,,,3.8797258043321675e-08,Information
227205,3936.0,1093.950928,ROU,Romania,Vrancea,3.322994441,0.0,0.72,0.39,,,,,,,,,,,,,,,,,,,,,,,,,,2.745248536155042,66.45988882,0.0,,,,,,,,,,,,,,,,,0.0,0.0,7.734375,0.7070129746157263,0.0,0.0,0.270703125,2.474545411155042,2.745248536155042,61250,,,0.0061595312273485,Information
227206,3937.0,4442.859953,ROU,Romania,Bacau,2.3840503,0.0,0.72,0.39,,,,,,,,,,,,,,,,,,,,,,,,,,0.2080005620361966,47.681006,0.0,,,,,,,,,,,,,,,,,0.0,0.0,1.828125,0.0411474820103419,0.0,0.0,0.063984375,0.1440161870361966,0.2080005620361966,250177,,,1.6234466606802894e-08,Information
227372,3948.0,8679.449848,BGR,Bulgaria,Sofia,0.924550934,0.0,0.7,0.42,,,,,,,,,,,,,,,,,,,,,,,,,,1.843111934159013,18.49101868,0.0,,,,,,,,,,,,,,,,,0.0,0.0,24.46875,0.281915909759718,0.0,0.0,0.85640625,0.9867056841590128,1.843111934159013,1661833,,,7.554902249833974e-05,Information
227383,3958.0,4217.59928,SRB,Serbia,Pomoravski,3.353051063,0.0,0.65,0.49,,,,,,,,,,,,,,,,,,,,,,,,,,0.2156924220394023,67.06102126,0.0,,,,,,,,,,,,,,,,,0.0,0.0,1.828125,0.0433451562969721,0.0,0.0,0.063984375,0.1517080470394023,0.2156924220394023,445951,,,2.470902751348154e-07,Information
227407,3972.0,6661.997385,HRV,Croatia,Bjelovarska-Bilogorska,1.280873736,0.0,0.75,0.35,,,,,,,,,,,,,,,,,,,,,,,,,,3.729888182702878,25.61747472,0.0,,,,,,,,,,,,,,,,,0.0,0.0,42.609375,0.6395885879151081,0.0,0.0,1.491328125,2.238560057702878,3.729888182702878,322843,,,0.0013819604420937,Information
227500,3975.0,663.8969201,SRB,Serbia,Grad Beograd,1.097641723,0.0,0.65,0.49,,,,,,,,,,,,,,,,,,,,,,,,,,10.672831005966026,21.95283446,0.0,,,,,,,,,,,,,,,,,0.0,0.0,18.984375,2.859536537418865,0.0,0.0,0.664453125,10.008377880966028,10.672831005966026,231173,,,0.0233168479207855,Information
227626,3982.0,6249.392586,ROU,Romania,Sibiu,3.279191804,0.0,0.72,0.39,,,,,,,,,,,,,,,,,,,,,,,,,,1.0238112332408962,65.58383608,0.0,,,,,,,,,,,,,,,,,0.0,0.0,11.25,0.1800174952116846,0.0,0.0,0.39375,0.6300612332408961,1.0238112332408962,375164,,,0.0002198818225489,Information
227627,3983.0,1137.57015,ROU,Romania,Alba,2.327586707,0.0,0.72,0.39,,,,,,,,,,,,,,,,,,,,,,,,,,0.3855075001184413,46.55173414,0.0,,,,,,,,,,,,,,,,,0.0,0.0,1.125,0.0988950000338404,0.0,0.0,0.039375,0.3461325001184414,0.3855075001184413,60078,,,4.0714963342819843e-07,Information
227628,3984.0,2944.358754,ROU,Romania,Alba,3.158064038,0.0,0.72,0.39,,,,,,,,,,,,,,,,,,,,,,,,,,0.1081908168654288,63.16128076,0.0,,,,,,,,,,,,,,,,,0.0,0.0,0.703125,0.0238804119615511,0.0,0.0,0.024609375,0.0835814418654288,0.1081908168654288,158419,,,2.7645969655538307e-09,Information
227660,3989.0,12898.21833,SVK,Slovakia,Kooicki,1.949281929,0.0,0.79,0.29,,,,,,,,,,,,,,,,,,,,,,,,,,1.2495066883627763,38.98563858,0.0,,,,,,,,,,,,,,,,,0.0,0.0,20.109375,0.1559081609607932,0.0,0.0,0.703828125,0.5456785633627762,1.2495066883627763,1470427,,,5.046183610343456e-05,Information
227670,3990.0,480.6506006,HUN,Hungary,Szabolcs-Szatmár-Bereg,4.055120579,0.0,0.78,0.31,,,,,,,,,,,,,,,,,,,,,,,,,,4.614852120967654,81.10241158,0.0,,,,,,,,,,,,,,,,,0.0,0.0,6.046875,1.2580604274193294,0.0,0.0,0.211640625,4.403211495967653,4.614852120967654,26602,,,0.0793060940453357,Information
227691,3992.0,4020.739641,HUN,Hungary,Szabolcs-Szatmár-Bereg,4.011783056,0.0,0.78,0.31,,,,,,,,,,,,,,,,,,,,,,,,,,5.166090958243554,80.23566111999999,0.0,,,,,,,,,,,,,,,,,0.0,0.0,42.328125,1.052744738069587,0.0,0.0,1.481484375,3.6846065832435535,5.166090958243554,450400,,,0.0898364351304346,Information
227692,3993.0,11715.64674,UKR,Ukraine,Transcarpathia,4.009349686,0.0,0.61,0.54,,,,,,,,,,,,,,,,,,,,,,,,,,2.1165331005683354,80.18699372,0.0,,,,,,,,,,,,,,,,,0.0,0.0,32.625,0.2784737430195244,0.0,0.0,1.141875,0.9746581005683354,2.1165331005683354,840553,,,0.0126575825204816,Information
227693,3994.0,445.4357108,HUN,Hungary,Szabolcs-Szatmár-Bereg,3.146073663,0.0,0.78,0.31,,,,,,,,,,,,,,,,,,,,,,,,,,0.4616704735961612,62.92147326,0.0,,,,,,,,,,,,,,,,,0.0,0.0,0.5625,0.1262808495989032,0.0,0.0,0.0196875,0.4419829735961612,0.4616704735961612,56563,,,5.774247022155728e-06,Information
227698,3999.0,5017.329596,ROU,Romania,Bistri?a-N?s?ud,2.086252082,0.0,0.72,0.39,,,,,,,,,,,,,,,,,,,,,,,,,,0.9428240127214338,41.72504164,0.0,,,,,,,,,,,,,,,,,0.0,0.0,9.0,0.1793782893489811,0.0,0.0,0.315,0.6278240127214338,0.9428240127214338,262916,,,1.8613554272471697e-05,Information
227802,4003.0,1570.376023,HUN,Hungary,Baranya,1.678391473,0.0,0.78,0.31,,,,,,,,,,,,,,,,,,,,,,,,,,2.103305662021909,33.56782946,0.0,,,,,,,,,,,,,,,,,0.0,0.0,8.15625,0.5193819748634027,0.0,0.0,0.28546875,1.817836912021909,2.103305662021909,172874,,,0.0002775325600509,Information
227807,4008.0,823.7103041,AUT,Austria,Kärnten,1.513649083,0.0,0.83,0.24,,,,,,,,,,,,,,,,,,,,,,,,,,2.3929518774401863,30.27298166,0.0,,,,,,,,,,,,,,,,,0.0,0.0,5.203125,0.6316692864114818,0.0,0.0,0.182109375,2.2108425024401863,2.3929518774401863,41395,,,0.0003730407190749,Information
227912,4012.0,4185.756941,HUN,Hungary,Bács-Kiskun,1.430583531,0.0,0.78,0.31,,,,,,,,,,,,,,,,,,,,,,,,,,5.738092311338935,28.61167062,0.0,,,,,,,,,,,,,,,,,0.0,0.0,48.375,1.1557049460968385,0.0,0.0,1.693125,4.044967311338935,5.738092311338935,179807,,,0.0058509662849787,Information
227913,4013.0,73.35727234,HUN,Hungary,Bács-Kiskun,4.04064475,0.0,0.78,0.31,,,,,,,,,,,,,,,,,,,,,,,,,,35.300234375,80.812895,0.0,3.0,,,,,,,,,,,,,,,,0.0,0.0,8.578125,11.693625902805117,0.0,0.0,0.300234375,35.0,35.300234375,173,0.0,0.0,0.7289535445266266,Watch
227916,4016.0,5159.663853,SVK,Slovakia,Banskobystrický,0.931066991,0.0,0.79,0.29,,,,,,,,,,,,,,,,,,,,,,,,,,0.737511707197706,18.62133982,0.0,,,,,,,,,,,,,,,,,0.0,0.0,7.171875,0.138998880627916,0.0,0.0,0.251015625,0.4864960821977059,0.737511707197706,328145,,,1.2781542490991315e-06,Information
227917,4017.0,46.6336842,HUN,Hungary,Komárom-Esztergom,2.050266528,0.0,0.78,0.31,,,,,,,,,,,,,,,,,,,,,,,,,,35.22640625,41.00533056,0.0,,,,,,,,,,,,,,,,,0.0,0.0,6.46875,13.871410999336184,0.0,0.0,0.22640625,35.0,35.22640625,4959,,,0.3030490524647889,Advisory
227930,4021.0,1431.732691,HUN,Hungary,Komárom-Esztergom,2.246892724,0.0,0.78,0.31,,,,,,,,,,,,,,,,,,,,,,,,,,4.283583106844834,44.93785448,0.0,,,,,,,,,,,,,,,,,0.0,0.0,15.328125,1.0705996376699525,0.0,0.0,0.536484375,3.747098731844834,4.283583106844834,106131,,,0.0053296711758522,Information
227996,4032.0,3181.519737,DEU,Germany,Bayern,0.628460001,0.0,0.81,0.26,,,,,,,,,,,,,,,,,,,,,,,,,,2.9364589523943305,12.56920002,0.0,,,,,,,,,,,,,,,,,0.0,0.0,20.25,0.6364882721126659,0.0,0.0,0.70875,2.2277089523943308,2.9364589523943305,242506,,,0.0003448474363948,Information
231206,4043.0,2571.705377,ESP,Spain,Castilla-La Mancha,0.00622404,0.0,0.76,0.33,,,,,,,,,,,,,,,,,,,,,,,,,,0.7699340735379279,0.1244808,0.0,,,,,,,,,,,,,,,,,0.0,0.0,4.5,0.1749811638679794,0.0,0.0,0.1575,0.6124340735379279,0.7699340735379279,54586,,,5.712000025456775e-07,Information
231207,4044.0,2622.564935,ESP,Spain,Andalucía,1.100562991,0.0,0.76,0.33,,,,,,,,,,,,,,,,,,,,,,,,,,0.3316499825810048,22.011259820000003,0.0,,,,,,,,,,,,,,,,,0.0,0.0,1.96875,0.0750696378802871,0.0,0.0,0.06890625,0.2627437325810048,0.3316499825810048,315494,,,2.3774622339947225e-08,Information
231408,4055.0,3667.347853,ESP,Spain,Castilla-La Mancha,0.053814915,0.0,0.76,0.33,,,,,,,,,,,,,,,,,,,,,,,,,,0.1650840944616591,1.0762983,0.0,,,,,,,,,,,,,,,,,0.0,0.0,1.265625,0.0345106341319026,0.0,0.0,0.044296875,0.1207872194616591,0.1650840944616591,141398,,,7.993336008275936e-11,Information
231602,4059.0,5055.654341,PRT,Portugal,Castelo Branco,1.023561746,0.0,0.76,0.33,,,,,,,,,,,,,,,,,,,,,,,,,,1.1725809355021697,20.47123492,0.0,,,,,,,,,,,,,,,,,0.0,0.0,11.25,0.2225231244291913,0.0,0.0,0.39375,0.7788309355021696,1.1725809355021697,226624,,,1.2383554087326456e-05,Information
231806,4073.0,5411.677545,ESP,Spain,Castilla y León,0.618120126,0.0,0.76,0.33,,,,,,,,,,,,,,,,,,,,,,,,,,0.1401679050296927,12.36240252,0.0,,,,,,,,,,,,,,,,,0.0,0.0,1.40625,0.0259854728656265,0.0,0.0,0.04921875,0.0909491550296927,0.1401679050296927,221911,,,6.047944249379778e-11,Information
232142,4089.0,11564.04855,FRA,France,Occitanie,2.020588015,0.0,0.75,0.35,,,,,,,,,,,,,,,,,,,,,,,,,,0.98205260540759,40.4117603,0.0,,,,,,,,,,,,,,,,,0.0,0.0,15.046875,0.1301177086878829,0.0,0.0,0.526640625,0.4554119804075901,0.98205260540759,394088,,,2.0166075129322837e-05,Information
232143,4090.0,7250.05099,FRA,France,Occitanie,1.293610877,0.0,0.75,0.35,,,,,,,,,,,,,,,,,,,,,,,,,,1.2413257578989585,25.87221754,0.0,,,,,,,,,,,,,,,,,0.0,0.0,14.90625,0.2056020022568453,0.0,0.0,0.52171875,0.7196070078989586,1.2413257578989585,337045,,,2.16049159046209e-05,Information
232145,4092.0,662.7532714,FRA,France,Occitanie,1.672214721,0.0,0.75,0.35,,,,,,,,,,,,,,,,,,,,,,,,,,0.2375578108362732,33.44429442,0.0,,,,,,,,,,,,,,,,,0.0,0.0,0.421875,0.0636549102389352,0.0,0.0,0.014765625,0.2227921858362732,0.2375578108362732,39296,,,8.733457296422263e-09,Information
232146,4093.0,5187.615313,FRA,France,Occitanie,0.430988268,0.0,0.75,0.35,,,,,,,,,,,,,,,,,,,,,,,,,,0.9366250338131076,8.61976536,0.0,,,,,,,,,,,,,,,,,0.0,0.0,9.140625,0.1762009025180307,0.0,0.0,0.319921875,0.6167031588131074,0.9366250338131076,245933,,,2.3193119135640573e-06,Information
232148,4095.0,3508.708841,FRA,France,Occitanie,1.104066695,0.0,0.75,0.35,,,,,,,,,,,,,,,,,,,,,,,,,,0.4926862452479236,22.0813339,0.0,,,,,,,,,,,,,,,,,0.0,0.0,3.65625,0.1042049986422639,0.0,0.0,0.12796875,0.3647174952479236,0.4926862452479236,233211,,,2.0576206404002798e-07,Information
232149,4096.0,5303.742313,FRA,France,Occitanie,1.96250748,0.0,0.75,0.35,,,,,,,,,,,,,,,,,,,,,,,,,,0.3550469755722918,39.2501496,0.0,,,,,,,,,,,,,,,,,0.0,0.0,3.515625,0.0662857430206548,0.0,0.0,0.123046875,0.2320001005722918,0.3550469755722918,225667,,,1.3571947103893928e-07,Information
232220,4103.0,22290.23975,FRA,France,Pays de la Loire,1.514585628,0.0,0.75,0.35,,,,,,,,,,,,,,,,,,,,,,,,,,2.8234642660884424,30.29171256,0.0,,,,,,,,,,,,,,,,,0.0,0.0,55.6875,0.2498290760252693,0.0,0.0,1.9490625,0.8744017660884426,2.8234642660884424,1607310,,,0.000672141065087,Information
232302,4112.0,10482.54704,FRA,France,Bretagne,0.818723508,0.0,0.75,0.35,,,,,,,,,,,,,,,,,,,,,,,,,,3.1640520467145032,16.37447016,0.0,,,,,,,,,,,,,,,,,0.0,0.0,46.265625,0.4413586204898581,0.0,0.0,1.619296875,1.5447551717145034,3.1640520467145032,1220121,,,0.0005292543968219,Information
232304,4114.0,2058.725032,FRA,France,Bretagne,0.584420439,0.0,0.75,0.35,,,,,,,,,,,,,,,,,,,,,,,,,,1.9027317388699443,11.68840878,0.0,,,,,,,,,,,,,,,,,0.0,0.0,9.28125,0.450825139677127,0.0,0.0,0.32484375,1.5778879888699446,1.9027317388699443,136557,,,6.212618878418679e-05,Information
232306,4115.0,2942.184088,FRA,France,Normandie,1.232859839,1.077722867,0.75,0.35,,,,,,,,,,,,,,,,,,,,,,,,,,0.5196124544560173,24.65719678,21.554457340000003,,,,,,,,,,,,,,,,,0.0,0.0,3.375,0.1147107012731478,0.0,0.0,0.118125,0.4014874544560173,0.5196124544560173,411076,,,3.233531003808312e-07,Information
232307,4116.0,3324.682186,FRA,France,Normandie,0.36467522,3.056008623,0.75,0.35,,,,,,,,,,,,,,,,,,,,,,,,,,0.6312294910400402,7.293504400000001,61.12017246,,,,,,,,,,,,,,,,,0.0,0.0,4.5,0.1353512831542972,0.0,0.0,0.1575,0.4737294910400402,0.6312294910400402,266920,,,1.889752176738891e-05,Information
232308,4117.0,2306.959851,FRA,France,Normandie,1.012420075,0.274961499,0.75,0.35,,,,,,,,,,,,,,,,,,,,,,,,,,0.8139599211645409,20.2484015,5.49922998,,,,,,,,,,,,,,,,,0.0,0.0,4.359375,0.1889662274755831,0.0,0.0,0.152578125,0.6613817961645408,0.8139599211645409,162058,,,2.272530802826837e-06,Information
232402,4120.0,5921.037737,FRA,France,Centre-Val de Loire,1.404627754,0.0,0.75,0.35,,,,,,,,,,,,,,,,,,,,,,,,,,1.1249236524258106,28.09255508,0.0,,,,,,,,,,,,,,,,,0.0,0.0,11.953125,0.2018755078359459,0.0,0.0,0.418359375,0.7065642774258106,1.1249236524258106,668990,,,1.607587765559425e-05,Information
232705,4148.0,3104.907476,DEU,Germany,Niedersachsen,3.238057129,4.002159688,0.81,0.26,,,,,,,,,,,,,,,,,,,,,,,,,,2.596724579395074,64.76114258,80.04319376,,,,,,,,,,,,,,,,,0.0,0.0,17.578125,0.5661400583985926,0.0,0.0,0.615234375,1.9814902043950744,2.596724579395074,479308,,,0.0207090815215856,Information
232707,4150.0,1929.438886,DEU,Germany,Niedersachsen,2.975864339,3.831584495,0.81,0.26,,,,,,,,,,,,,,,,,,,,,,,,,,0.4868997505489827,59.517286780000006,76.6316899,,,,,,,,,,,,,,,,,0.0,0.0,2.25,0.1166142144425665,0.0,0.0,0.07875,0.4081497505489828,0.4868997505489827,298788,,,5.417758572471389e-05,Information
232709,4152.0,1173.872895,DEU,Germany,Niedersachsen,3.067265897,3.701857943,0.81,0.26,,,,,,,,,,,,,,,,,,,,,,,,,,5.3877951139812,61.34531794,74.03715885999999,,,,,,,,,,,,,,,,,0.0,0.0,16.171875,1.377651282566057,0.0,0.0,0.566015625,4.8217794889812,5.3877951139812,302386,,,0.0579138323880829,Information
232860,4158.0,13730.18339,CZE,Czech Republic,Královéhradecký,1.420957016,0.0,0.8,0.28,,,,,,,,,,,,,,,,,,,,,,,,,,9.5528969437165,28.41914032,0.0,,,,,,,,,,,,,,,,,0.0,0.0,157.921875,1.150180376776143,0.0,0.0,5.527265625,4.0256313187165,9.5528969437165,1837741,,,0.0220056454248691,Information
232870,4159.0,1511.202584,CZE,Czech Republic,Stredoceský,0.261848121,0.0,0.8,0.28,,,,,,,,,,,,,,,,,,,,,,,,,,1.1247340527619452,5.236962419999999,0.0,,,,,,,,,,,,,,,,,0.0,0.0,4.21875,0.2791650865034129,0.0,0.0,0.14765625,0.9770778027619452,1.1247340527619452,1575384,,,4.628620940737637e-06,Information
232890,4161.0,17757.24124,CZE,Czech Republic,Jihoceský,1.204939961,0.0,0.8,0.28,,,,,,,,,,,,,,,,,,,,,,,,,,16.841359499181326,24.09879922,0.0,,,,,,,,,,,,,,,,,0.0,0.0,307.828125,1.7335357497660933,0.0,0.0,10.773984375,6.067375124181327,16.841359499181326,1199184,,,0.0660856160842676,Information
233015,4165.0,118.9420697,GBR,United Kingdom,England,0.348676559,0.587243594,0.8,0.28,,,,,,,,,,,,,,,,,,,,,,,,,,0.4187262601188002,6.97353118,11.744871880000002,,,,,,,,,,,,,,,,,0.0,0.0,0.140625,0.1182298243196572,0.0,0.0,0.004921875,0.4138043851188002,0.4187262601188002,23185,,,4.37904622030155e-08,Information
233016,4166.0,4126.396268,GBR,United Kingdom,England,1.085743161,0.0,0.8,0.28,,,,,,,,,,,,,,,,,,,,,,,,,,0.1179475903040344,21.71486322,0.0,,,,,,,,,,,,,,,,,0.0,0.0,0.984375,0.0238555615154384,0.0,0.0,0.034453125,0.0834944653040344,0.1179475903040344,253531,,,4.0731854325674205e-11,Information
233018,4168.0,2385.992147,GBR,United Kingdom,England,0.238087906,0.0,0.8,0.28,,,,,,,,,,,,,,,,,,,,,,,,,,0.5621018969573532,4.76175812,0.0,,,,,,,,,,,,,,,,,0.0,0.0,3.09375,0.1296630419878152,0.0,0.0,0.10828125,0.4538206469573532,0.5621018969573532,3630296,,,1.42994550041807e-07,Information
233022,4171.0,2978.060988,GBR,United Kingdom,Scotland,1.059326314,0.0,0.8,0.28,,,,,,,,,,,,,,,,,,,,,,,,,,0.8794085014670385,21.18652628,0.0,,,,,,,,,,,,,,,,,0.0,0.0,5.765625,0.1936033218477253,0.0,0.0,0.201796875,0.6776116264670385,0.8794085014670385,1683794,,,3.468869769416109e-06,Information
233024,4172.0,2950.387309,GBR,United Kingdom,Scotland,0.0,0.11576669,0.8,0.28,,,,,,,,,,,,,,,,,,,,,,,,,,0.1728320545510846,0.0,2.3153338000000003,,,,,,,,,,,,,,,,,0.0,0.0,1.125,0.0381305870145956,0.0,0.0,0.039375,0.1334570545510846,0.1728320545510846,27847,,,1.1700462755682712e-10,Information
233025,4173.0,8983.750004,GBR,United Kingdom,Scotland,1.217883515,0.219157721,0.8,0.28,,,,,,,,,,,,,,,,,,,,,,,,,,3.2241602668257405,24.3576703,4.38315442,,,,,,,,,,,,,,,,,0.0,0.0,43.59375,0.4852511476644973,0.0,0.0,1.52578125,1.6983790168257404,3.2241602668257405,781059,,,0.0008015461962971,Information
233026,4174.0,5072.680317,GBR,United Kingdom,Scotland,1.356864956,0.0,0.8,0.28,,,,,,,,,,,,,,,,,,,,,,,,,,0.7897276321323514,27.13729912,0.0,,,,,,,,,,,,,,,,,0.0,0.0,7.59375,0.149698966323529,0.0,0.0,0.26578125,0.5239463821323515,0.7897276321323514,132125,,,3.0248622253937485e-06,Information
233027,4175.0,6529.940546,GBR,United Kingdom,Scotland,1.238291769,0.202393387,0.8,0.28,,,,,,,,,,,,,,,,,,,,,,,,,,4.572552583570354,24.76583538,4.04786774,,,,,,,,,,,,,,,,,0.0,0.0,51.609375,0.7903498453058153,0.0,0.0,1.806328125,2.766224458570353,4.572552583570354,1642408,,,0.0025509078759028,Information
233028,4176.0,4998.600572,GBR,United Kingdom,Scotland,1.282374909,0.0,0.8,0.28,,,,,,,,,,,,,,,,,,,,,,,,,,0.8565660919290572,25.64749818,0.0,,,,,,,,,,,,,,,,,0.0,0.0,8.15625,0.1631706691225878,0.0,0.0,0.28546875,0.5710973419290573,0.8565660919290572,126042,,,4.028924240315373e-06,Information
233032,4179.0,9330.62105,GBR,United Kingdom,England,0.656650922,1.119266263,0.8,0.28,,,,,,,,,,,,,,,,,,,,,,,,,,1.1420466865461516,13.13301844,22.38532526,,,,,,,,,,,,,,,,,0.0,0.0,15.75,0.1687990532989004,0.0,0.0,0.55125,0.5907966865461515,1.1420466865461516,3115381,,,1.2272976807143129e-05,Information
233033,4180.0,5.120871811,GBR,United Kingdom,England,2.391766123,4.004874439,0.8,0.28,,,,,,,,,,,,,,,,,,,,,,,,,,9.616322397819657,47.83532246,80.09748877999999,,,,,,,,,,,,,,,,,0.0,0.0,0.140625,2.7461144350913296,0.0,0.0,0.004921875,9.611400522819654,9.616322397819657,10,,,0.2334953731423195,Information
233036,4183.0,8190.867041,GBR,United Kingdom,England,1.486009935,1.699118849,0.8,0.28,,,,,,,,,,,,,,,,,,,,,,,,,,0.6011969831717636,29.7201987,33.98237698,,,,,,,,,,,,,,,,,0.0,0.0,7.734375,0.0944268166205039,0.0,0.0,0.270703125,0.3304938581717636,0.6011969831717636,1951657,,,1.3087652264210886e-06,Information
233070,4190.0,1252.080156,GBR,United Kingdom,Scotland,0.0,2.293202643,0.8,0.28,,,,,,,,,,,,,,,,,,,,,,,,,,7.828968233470856,0.0,45.86405286,,,,,,,,,,,,,,,,,0.0,0.0,24.890625,1.9879418167059588,0.0,0.0,0.871171875,6.957796358470856,7.828968233470856,22257,,,0.0265769992829351,Information
234002,4192.0,5506.641615,IRL,Ireland,Kilkenny,1.314423153,0.0,0.79,0.29,,,,,,,,,,,,,,,,,,,,,,,,,,0.1247395079095686,26.28846306,0.0,,,,,,,,,,,,,,,,,0.0,0.0,1.265625,0.0229836094027339,0.0,0.0,0.044296875,0.0804426329095686,0.1247395079095686,369234,,,8.757384759132706e-11,Information
237000,16080.0,1670.890214,GBR,United Kingdom,Scotland,0.0,2.610127745,0.8,0.28,,,,,,,,,,,,,,,,,,,,,,,,,,4.950500857769384,0.0,52.2025549,,,,,,,,,,,,,,,,,0.0,0.0,20.25,1.2119288165055384,0.0,0.0,0.70875,4.241750857769384,4.950500857769384,23673,,,0.0116803548986807,Information
241006,4207.0,3070.919344,DEU,Germany,Mecklenburg-Vorpommern,0.63007634,0.0,0.81,0.26,,,,,,,,,,,,,,,,,,,,,,,,,,3.9594066549140727,12.6015268,0.0,,,,,,,,,,,,,,,,,0.0,0.0,26.578125,0.8654777942611637,0.0,0.0,0.930234375,3.029172279914073,3.9594066549140727,209084,,,0.0009861114210966,Information
241008,4208.0,5315.12647,DEU,Germany,Mecklenburg-Vorpommern,0.726221159,0.0,0.81,0.26,,,,,,,,,,,,,,,,,,,,,,,,,,1.38983626727592,14.52442318,0.0,,,,,,,,,,,,,,,,,0.0,0.0,13.78125,0.2592835763645486,0.0,0.0,0.48234375,0.90749251727592,1.38983626727592,227941,,,1.9022314330646085e-05,Information
241009,4209.0,3712.290006,DEU,Germany,Brandenburg,1.295401478,0.0,0.81,0.26,,,,,,,,,,,,,,,,,,,,,,,,,,4.1632659606786735,25.908029560000003,0.0,,,,,,,,,,,,,,,,,0.0,0.0,32.203125,0.8674733101939067,0.0,0.0,1.127109375,3.0361565856786736,4.1632659606786735,122587,,,0.0019946454212122,Information
242100,4210.0,425.8912608,POL,Poland,Zachodniopomorskie,0.795274382,0.0,0.78,0.31,,,,,,,,,,,,,,,,,,,,,,,,,,1.4458601509920248,15.90548764,0.0,,,,,,,,,,,,,,,,,0.0,0.0,1.6875,0.3962279002834357,0.0,0.0,0.0590625,1.3867976509920248,1.4458601509920248,61254,,,2.4198432499228415e-05,Information
242226,4217.0,5433.064892,POL,Poland,Wielkopolskie,0.671791017,0.0,0.78,0.31,,,,,,,,,,,,,,,,,,,,,,,,,,7.270113875855504,13.43582034,0.0,,,,,,,,,,,,,,,,,0.0,0.0,73.125,1.3459253931015724,0.0,0.0,2.559375,4.710738875855504,7.270113875855504,508436,,,0.0066224767755514,Information
242227,4218.0,12427.19246,POL,Poland,Dolnoslaskie,1.231001842,0.0,0.78,0.31,,,,,,,,,,,,,,,,,,,,,,,,,,5.684763994534645,24.62003684,0.0,,,,,,,,,,,,,,,,,0.0,0.0,90.0,0.7242182841527559,0.0,0.0,3.15,2.5347639945346456,5.684763994534645,2350721,,,0.0048724547493794,Information
242228,4219.0,4584.762154,POL,Poland,Opolskie,0.676515317,0.0,0.78,0.31,,,,,,,,,,,,,,,,,,,,,,,,,,3.38194757861071,13.53030634,0.0,,,,,,,,,,,,,,,,,0.0,0.0,30.375,0.6625207367459169,0.0,0.0,1.063125,2.318822578610709,3.38194757861071,433514,,,0.0005948413116477,Information
242229,4220.0,13496.30775,POL,Poland,Slaskie,0.456847164,0.0,0.78,0.31,,,,,,,,,,,,,,,,,,,,,,,,,,6.555059892837093,9.13694328,0.0,,,,,,,,,,,,,,,,,0.0,0.0,107.578125,0.7970930050963125,0.0,0.0,3.765234375,2.7898255178370936,6.555059892837093,3388739,,,0.0042803545746176,Information
242280,4226.0,4847.917075,POL,Poland,Wielkopolskie,0.793998229,0.0,0.78,0.31,,,,,,,,,,,,,,,,,,,,,,,,,,2.426983404776839,15.87996458,0.0,,,,,,,,,,,,,,,,,0.0,0.0,22.640625,0.4670175799362397,0.0,0.0,0.792421875,1.634561529776839,2.426983404776839,528627,,,0.0001958633714687,Information
242290,4227.0,16305.47811,POL,Poland,Lódzkie,0.423458854,0.0,0.78,0.31,,,,,,,,,,,,,,,,,,,,,,,,,,7.122552921334084,8.46917708,0.0,,,,,,,,,,,,,,,,,0.0,0.0,126.140625,0.7736088703811667,0.0,0.0,4.414921875,2.707631046334084,7.122552921334084,2601404,,,0.0053336988991532,Information
242420,4230.0,7163.480896,POL,Poland,Lódzkie,0.507344278,0.0,0.78,0.31,,,,,,,,,,,,,,,,,,,,,,,,,,4.68168673547112,10.14688556,0.0,,,,,,,,,,,,,,,,,0.0,0.0,55.828125,0.7793435315631768,0.0,0.0,1.953984375,2.727702360471119,4.68168673547112,1170450,,,0.0015657903538811,Information
242430,4231.0,460.8493916,POL,Poland,Mazowieckie,1.920396967,0.0,0.78,0.31,,,,,,,,,,,,,,,,,,,,,,,,,,10.0549755807783,38.40793934,0.0,,,,,,,,,,,,,,,,,0.0,0.0,12.65625,2.746287665936657,0.0,0.0,0.44296875,9.6120068307783,10.0549755807783,28937,,,0.0349571591174426,Information
242442,4233.0,9158.149407,POL,Poland,Lódzkie,0.748337086,0.0,0.78,0.31,,,,,,,,,,,,,,,,,,,,,,,,,,9.482788000274638,14.966741720000002,0.0,,,,,,,,,,,,,,,,,0.0,0.0,129.515625,1.414211750078468,0.0,0.0,4.533046875,4.949741125274638,9.482788000274638,732074,,,0.0141333812664165,Information
242443,4234.0,4372.255064,POL,Poland,Mazowieckie,0.214610559,0.0,0.78,0.31,,,,,,,,,,,,,,,,,,,,,,,,,,5.274333734894253,4.29221118,0.0,,,,,,,,,,,,,,,,,0.0,0.0,45.84375,1.0485149956840725,0.0,0.0,1.60453125,3.669802484894253,5.274333734894253,586483,,,0.0018750765271442,Information
242444,4235.0,10278.8714,POL,Poland,Lubelskie,0.328221001,0.0,0.78,0.31,,,,,,,,,,,,,,,,,,,,,,,,,,6.64178831809656,6.56442002,0.0,,,,,,,,,,,,,,,,,0.0,0.0,96.1875,0.9357788051704456,0.0,0.0,3.3665625,3.27522581809656,6.64178831809656,1147956,,,0.0040979526739316,Information
242445,4236.0,7528.730147,POL,Poland,Mazowieckie,0.622764918,0.0,0.78,0.31,,,,,,,,,,,,,,,,,,,,,,,,,,3.254450302996572,12.45529836,0.0,,,,,,,,,,,,,,,,,0.0,0.0,39.9375,0.5304679437133064,0.0,0.0,1.3978125,1.8566378029965724,3.254450302996572,769746,,,0.0004971649877708,Information
242446,4237.0,33310.80692,POL,Poland,Malopolskie,0.789866877,0.0,0.78,0.31,,,,,,,,,,,,,,,,,,,,,,,,,,7.903303490194269,15.79733754,0.0,,,,,,,,,,,,,,,,,0.0,0.0,173.671875,0.521367961484077,0.0,0.0,6.078515625,1.8247878651942693,7.903303490194269,7335332,,,0.0089920407943317,Information
242447,4238.0,4847.742784,POL,Poland,Lubelskie,0.631347102,0.0,0.78,0.31,,,,,,,,,,,,,,,,,,,,,,,,,,1.9898730853310205,12.62694204,0.0,,,,,,,,,,,,,,,,,0.0,0.0,18.5625,0.3829101672374344,0.0,0.0,0.6496875,1.3401855853310205,1.9898730853310205,411337,,,7.775039620329286e-05,Information
242448,4239.0,3495.847816,POL,Poland,Podkarpackie,1.104535381,0.0,0.78,0.31,,,,,,,,,,,,,,,,,,,,,,,,,,1.026058195663592,22.09070762,0.0,,,,,,,,,,,,,,,,,0.0,0.0,7.59375,0.217221984475312,0.0,0.0,0.26578125,0.7602769456635919,1.026058195663592,728065,,,7.461537637870446e-06,Information
242449,4240.0,8462.947933,POL,Poland,Podkarpackie,1.520695176,0.0,0.78,0.31,,,,,,,,,,,,,,,,,,,,,,,,,,2.5018765517918724,30.41390352,0.0,,,,,,,,,,,,,,,,,0.0,0.0,32.765625,0.387165621940535,0.0,0.0,1.146796875,1.3550796767918725,2.5018765517918724,631538,,,0.0004412629638913,Information
242450,4241.0,101.8833909,POL,Poland,Mazowieckie,1.154642646,0.0,0.78,0.31,,,,,,,,,,,,,,,,,,,,,,,,,,2.440054598405108,23.09285292,0.0,,,,,,,,,,,,,,,,,0.0,0.0,0.703125,0.6901272066871736,0.0,0.0,0.024609375,2.415445223405108,2.440054598405108,24741,,,0.0002796933371906,Information
242460,4242.0,5931.737299,POL,Poland,Mazowieckie,0.425459618,0.0,0.78,0.31,,,,,,,,,,,,,,,,,,,,,,,,,,0.9121387334299978,8.50919236,0.0,,,,,,,,,,,,,,,,,0.0,0.0,9.703125,0.1635798166942851,0.0,0.0,0.339609375,0.5725293584299979,0.9121387334299978,421817,,,2.030832938328155e-06,Information
242470,4243.0,1376.933583,POL,Poland,Mazowieckie,1.411136354,0.0,0.78,0.31,,,,,,,,,,,,,,,,,,,,,,,,,,4.839380516725114,28.22272708,0.0,,,,,,,,,,,,,,,,,0.0,0.0,16.734375,1.2153363976357467,0.0,0.0,0.585703125,4.253677391725113,4.839380516725114,527759,,,0.0035006631167933,Information
242491,4245.0,525.0669082,POL,Poland,Mazowieckie,0.819907037,0.0,0.78,0.31,,,,,,,,,,,,,,,,,,,,,,,,,,2.861137930461425,16.39814074,0.0,,,,,,,,,,,,,,,,,0.0,0.0,4.078125,0.7766867301318358,0.0,0.0,0.142734375,2.718403555461425,2.861137930461425,67989,,,0.0003692845889935,Information
242492,4246.0,2754.27262,POL,Poland,Mazowieckie,0.223147195,0.0,0.78,0.31,,,,,,,,,,,,,,,,,,,,,,,,,,2.735020568602339,4.4629439,0.0,,,,,,,,,,,,,,,,,0.0,0.0,16.875,0.6126844481720969,0.0,0.0,0.590625,2.14439556860234,2.735020568602339,223093,,,0.0001901607749138,Information
242493,4247.0,7268.758003,POL,Poland,Podlaskie,0.644732003,0.0,0.78,0.31,,,,,,,,,,,,,,,,,,,,,,,,,,4.981281352388953,12.89464006,0.0,,,,,,,,,,,,,,,,,0.0,0.0,59.90625,0.8241607435397008,0.0,0.0,2.09671875,2.884562602388953,4.981281352388953,310948,,,0.0021086647201471,Information
242494,4248.0,2605.494373,BLR,Belarus,Brest,1.98568248,0.0,0.67,0.46,,,,,,,,,,,,,,,,,,,,,,,,,,3.190840688857852,39.7136496,0.0,,,,,,,,,,,,,,,,,0.0,0.0,18.84375,0.7232312682451005,0.0,0.0,0.65953125,2.531309438857852,3.190840688857852,90164,,,0.0016473148855166,Information
242496,4250.0,3150.11423,POL,Poland,Lubelskie,0.349240543,0.0,0.78,0.31,,,,,,,,,,,,,,,,,,,,,,,,,,5.239308642584686,6.9848108600000005,0.0,,,,,,,,,,,,,,,,,0.0,0.0,35.859375,1.1383515764527674,0.0,0.0,1.255078125,3.984230517584686,5.239308642584686,216863,,,0.0020100943641174,Information
242497,4251.0,147.0049909,POL,Poland,Lubelskie,3.171050401,0.0,0.78,0.31,,,,,,,,,,,,,,,,,,,,,,,,,,2.3781235533074656,63.42100802,0.0,,,,,,,,,,,,,,,,,0.0,0.0,0.984375,0.6696201223735615,0.0,0.0,0.034453125,2.3436704283074654,2.3781235533074656,48129,,,0.0031364703537989,Information
242498,4252.0,5918.459492,BLR,Belarus,Brest,2.877034134,0.0,0.67,0.46,,,,,,,,,,,,,,,,,,,,,,,,,,5.7717754445084495,57.54068268,0.0,,,,,,,,,,,,,,,,,0.0,0.0,61.3125,1.0359536984309854,0.0,0.0,2.1459375,3.625837944508449,5.7717754445084495,465770,,,0.0229905567555485,Information
242499,4253.0,16372.26235,POL,Poland,Lubelskie,2.003774723,0.0,0.78,0.31,,,,,,,,,,,,,,,,,,,,,,,,,,5.898508473459796,40.07549446,0.0,,,,,,,,,,,,,,,,,0.0,0.0,104.625,0.6390381352742275,0.0,0.0,3.661875,2.236633473459796,5.898508473459796,1444646,,,0.0102141758161767,Information
242601,4255.0,5678.526056,LTU,Lithuania,Taurages,1.264378982,0.062448707,0.77,0.32,,,,,,,,,,,,,,,,,,,,,,,,,,5.394990642695039,25.28757964,1.24897414,,,,,,,,,,,,,,,,,0.0,0.0,55.828125,0.9831446479128684,0.0,0.0,1.953984375,3.44100626769504,5.394990642695039,188971,,,0.0042922109320723,Information
242602,4256.0,6208.067188,LTU,Lithuania,Marijampoles,1.468589783,0.0,0.77,0.32,,,,,,,,,,,,,,,,,,,,,,,,,,1.9275100834729648,29.371795660000004,0.0,,,,,,,,,,,,,,,,,0.0,0.0,21.09375,0.3397796667065614,0.0,0.0,0.73828125,1.1892288334729648,1.9275100834729648,177304,,,0.0001583755860523,Information
242604,4258.0,5960.191074,LTU,Lithuania,Kauno,2.216329854,0.0,0.77,0.32,,,,,,,,,,,,,,,,,,,,,,,,,,4.744724322894411,44.32659708,0.0,,,,,,,,,,,,,,,,,0.0,0.0,50.625,0.8493855208269748,0.0,0.0,1.771875,2.972849322894412,4.744724322894411,189427,,,0.0068992012780427,Information
242605,4259.0,55.76933513,LTU,Lithuania,Kauno,1.801352958,0.0,0.77,0.32,,,,,,,,,,,,,,,,,,,,,,,,,,8.874633268834533,36.02705916,0.0,,,,,,,,,,,,,,,,,0.0,0.0,1.40625,2.521547005381295,0.0,0.0,0.04921875,8.825414518834533,8.874633268834533,40951,,,0.0241191445740472,Information
242608,4262.0,6738.382152,BLR,Belarus,Brest,1.261244875,0.0,0.67,0.46,,,,,,,,,,,,,,,,,,,,,,,,,,4.584792543512732,25.2248975,0.0,,,,,,,,,,,,,,,,,0.0,0.0,52.734375,0.7825969767179235,0.0,0.0,1.845703125,2.7390894185127324,4.584792543512732,323801,,,0.0026212721889725,Information
242609,4263.0,18305.71846,BLR,Belarus,Hrodna,1.025543513,0.0,0.67,0.46,,,,,,,,,,,,,,,,,,,,,,,,,,5.586168656975364,20.51087026,0.0,,,,,,,,,,,,,,,,,0.0,0.0,103.21875,0.5638606877072467,0.0,0.0,3.61265625,1.973512406975364,5.586168656975364,462325,,,0.003961582579104,Information
242702,4265.0,3097.902095,LTU,Lithuania,Klaipedos,0.636651722,0.151013856,0.77,0.32,,,,,,,,,,,,,,,,,,,,,,,,,,13.006026921112165,12.73303444,3.0202771200000003,,,,,,,,,,,,,,,,,0.0,0.0,87.890625,2.837101441746333,0.0,0.0,3.076171875,9.929855046112165,13.006026921112165,79465,,,0.0284838129043435,Information
242801,4272.0,5567.88066,LVA,Latvia,Riga,1.830690045,0.0,0.76,0.33,,,,,,,,,,,,,,,,,,,,,,,,,,6.770726298638097,36.6138009,0.0,,,,,,,,,,,,,,,,,0.0,0.0,69.1875,1.2426182281823133,0.0,0.0,2.4215625,4.349163798638097,6.770726298638097,843519,,,0.0126550113133927,Information
242910,4282.0,29.87505431,LVA,Latvia,Riga,3.666222208,0.0,0.76,0.33,,,,,,,,,,,,,,,,,,,,,,,,,,35.12796875,73.32444416,0.0,3.0,,,,,,,,,,,,,,,,0.0,0.0,3.65625,12.23847147629506,0.0,0.0,0.12796875,35.0,35.12796875,14333,760.0,5.3,0.6084379158055093,Watch
243243,4313.0,72.60101985,RUS,Russia,Leningrad,3.813706312,0.0,0.65,0.49,,,,,,,,,,,,,,,,,,,,,,,,,,35.40359375,76.27412624,0.0,3.0,,,,,,,,,,,,,,,,0.0,0.0,11.53125,15.88304134550221,0.0,0.0,0.40359375,35.0,35.40359375,7,0.0,0.0,0.6555127590780687,Watch
243550,4338.0,866.8853783,FIN,Finland,Western Finland,2.939056163,0.494796139,0.86,0.19,,,,,,,,,,,,,,,,,,,,,,,,,,3.455111087866211,58.78112326,9.89592278,,,,,,,,,,,,,,,,,0.0,0.0,7.875,0.9084245965332032,0.0,0.0,0.275625,3.179486087866211,3.455111087866211,5407,,,0.0065867949059676,Information
244205,4360.0,1259.047146,SWE,Sweden,Norrbotten,3.888413434,0.0,0.84,0.22,,,,,,,,,,,,,,,,,,,,,,,,,,6.73413247296011,77.76826867999999,0.0,,,,,,,,,,,,,,,,,0.0,0.0,21.515625,1.7088815994171744,0.0,0.0,0.753046875,5.98108559796011,6.73413247296011,2341,,,0.1161741378479925,Information
244403,4376.0,535.2983212,SWE,Sweden,Västerbotten,4.001293178,0.0,0.84,0.22,,,,,,,,,,,,,,,,,,,,,,,,,,2.8091797819454327,80.02586356,0.0,,,,,,,,,,,,,,,,,0.0,0.0,4.078125,0.7618415448415522,0.0,0.0,0.142734375,2.666445406945433,2.8091797819454327,2134,,,0.0249076991012542,Information
244501,4383.0,1658.277481,SWE,Sweden,Västerbotten,3.396995985,0.0,0.84,0.22,,,,,,,,,,,,,,,,,,,,,,,,,,36.95549443564629,67.9399197,0.0,,,,,,,,,,,,,,,,,0.0,0.0,150.1875,9.05683769589894,0.0,0.0,5.2565625,31.69893193564629,36.95549443564629,36595,,,0.5565005507930003,Advisory
244503,4385.0,705.4670449,SWE,Sweden,Västerbotten,3.088794481,0.0,0.84,0.22,,,,,,,,,,,,,,,,,,,,,,,,,,17.477339603079237,61.77588962,0.0,,,,,,,,,,,,,,,,,0.0,0.0,32.90625,4.664463100879782,0.0,0.0,1.15171875,16.325620853079236,17.477339603079237,79134,,,0.2169423826355937,Information
244760,4398.0,4588.870202,SWE,Sweden,Skåne,1.213287241,0.0,0.84,0.22,,,,,,,,,,,,,,,,,,,,,,,,,,1.815116295400625,24.26574482,0.0,,,,,,,,,,,,,,,,,0.0,0.0,16.3125,0.3554796558287501,0.0,0.0,0.5709375,1.2441787954006251,1.815116295400625,168259,,,9.532994118100892e-05,Information
251024,4416.0,4163.869293,NOR,Norway,Hedmark,3.285846137,0.0,0.84,0.22,,,,,,,,,,,,,,,,,,,,,,,,,,2.662027430215469,65.71692274,0.0,,,,,,,,,,,,,,,,,0.0,0.0,22.359375,0.5369855157758483,0.0,0.0,0.782578125,1.879449305215469,2.662027430215469,3253,,,0.0053007956931712,Information
251025,4417.0,1792.458912,NOR,Norway,Hedmark,2.635592962,0.0,0.84,0.22,,,,,,,,,,,,,,,,,,,,,,,,,,1.262845873183916,52.71185924,0.0,,,,,,,,,,,,,,,,,0.0,0.0,5.484375,0.305969356623976,0.0,0.0,0.191953125,1.070892748183916,1.262845873183916,3121,,,0.0001456638893489,Information
251026,4418.0,1753.225442,NOR,Norway,Hedmark,2.624901023,0.0,0.84,0.22,,,,,,,,,,,,,,,,,,,,,,,,,,1.5507712461964314,52.49802046,0.0,,,,,,,,,,,,,,,,,0.0,0.0,6.609375,0.3769837489132661,0.0,0.0,0.231328125,1.3194431211964313,1.5507712461964314,23,,,0.0003107898499318,Information
251027,4419.0,733.1857484,NOR,Norway,Hedmark,1.561008608,0.0,0.84,0.22,,,,,,,,,,,,,,,,,,,,,,,,,,0.8646223479266394,31.22017216,0.0,,,,,,,,,,,,,,,,,0.0,0.0,1.6875,0.2301599565504684,0.0,0.0,0.0590625,0.8055598479266394,0.8646223479266394,2303,,,6.033523414614394e-06,Information
251029,4421.0,3298.144361,NOR,Norway,Hedmark,3.12047815,0.0,0.84,0.22,,,,,,,,,,,,,,,,,,,,,,,,,,1.6272932181212,62.409563,0.0,,,,,,,,,,,,,,,,,0.0,0.0,11.53125,0.3496284194632,0.0,0.0,0.40359375,1.2236994681212,1.6272932181212,14397,,,0.0008452247423983,Information
251076,4429.0,5088.319264,NOR,Norway,Sør-Trøndelag,3.228815132,2.911872401,0.84,0.22,,,,,,,,,,,,,,,,,,,,,,,,,,2.3497570849693714,64.57630264,58.23744802,,,,,,,,,,,,,,,,,0.0,0.0,22.640625,0.4449529171341062,0.0,0.0,0.792421875,1.5573352099693716,2.3497570849693714,23637,,,0.0033331606208186,Information
251077,4430.0,358.8741457,NOR,Norway,Sør-Trøndelag,1.857412709,2.212093418,0.84,0.22,,,,,,,,,,,,,,,,,,,,,,,,,,23.157334514541365,37.14825418,44.24186836,,,,,,,,,,,,,,,,,0.0,0.0,22.921875,6.387162539868961,0.0,0.0,0.802265625,22.355068889541364,23.157334514541365,11927,,,0.1897788058878816,Information
251078,4431.0,3597.004665,NOR,Norway,Sør-Trøndelag,2.757476117,0.0,0.84,0.22,,,,,,,,,,,,,,,,,,,,,,,,,,1.2651491790661578,55.14952234,0.0,,,,,,,,,,,,,,,,,0.0,0.0,9.5625,0.2658461940189022,0.0,0.0,0.3346875,0.9304616790661576,1.2651491790661578,40539,,,0.0001797593218646,Information
251079,4432.0,16550.79808,NOR,Norway,Nord-Trøndelag,1.966737073,2.655660785,0.84,0.22,,,,,,,,,,,,,,,,,,,,,,,,,,33.01181380454412,39.33474146,53.1132157,,,,,,,,,,,,,,,,,0.0,0.0,587.953125,3.552415551298318,0.0,0.0,20.578359375,12.433454429544112,33.01181380454412,330751,,,0.3628428045606854,Advisory
251091,16090.0,6543.656385,NOR,Norway,Nordland,3.072552421,4.001562734,0.84,0.22,,,,,,,,,,,,,,,,,,,,,,,,,,44.83383169113053,61.451048420000006,80.03125468,3.0,,,,,,,,,,,,,,,,0.0,0.0,506.671875,7.742947447465866,0.0,0.0,17.733515625,27.10031606613053,44.83383169113053,33860,2545.0,7.52,0.7906833799050674,Watch
251092,4434.0,4132.272634,NOR,Norway,Nordland,3.142649845,0.0,0.84,0.22,,,,,,,,,,,,,,,,,,,,,,,,,,10.251110439941444,62.85299690000001,0.0,,,,,,,,,,,,,,,,,0.0,0.0,85.640625,2.0724824471261267,0.0,0.0,2.997421875,7.253688564941443,10.251110439941444,3761,,,0.0989605464333304,Information
251093,4435.0,1536.996684,NOR,Norway,Nordland,3.471640094,2.000099418,0.84,0.22,,,,,,,,,,,,,,,,,,,,,,,,,,13.484761868880549,69.43280188,40.00198836,,,,,,,,,,,,,,,,,0.0,0.0,51.328125,3.3395078553944426,0.0,0.0,1.796484375,11.688277493880548,13.484761868880549,13248,,,0.2065737782536517,Information
251094,4436.0,1819.254387,NOR,Norway,Nordland,3.451803217,0.0,0.84,0.22,,,,,,,,,,,,,,,,,,,,,,,,,,12.15096655893336,69.03606434,0.0,,,,,,,,,,,,,,,,,0.0,0.0,53.4375,2.9373297311238167,0.0,0.0,1.8703125,10.280654058933358,12.15096655893336,1915,,,0.1747873783467026,Information
251095,4437.0,540.1469223,NOR,Norway,Nordland,2.692184338,0.0,0.84,0.22,,,,,,,,,,,,,,,,,,,,,,,,,,11.23702120360162,53.84368676,0.0,,,,,,,,,,,,,,,,,0.0,0.0,16.453125,3.04604623674332,0.0,0.0,0.575859375,10.66116182860162,11.23702120360162,12283,,,0.0788543342304524,Information
251096,4438.0,3681.642164,NOR,Norway,Nordland,4.00104221,0.0,0.84,0.22,,,,,,,,,,,,,,,,,,,,,,,,,,4.334865013159567,80.0208442,0.0,,,,,,,,,,,,,,,,,0.0,0.0,33.328125,0.9052516109027332,0.0,0.0,1.166484375,3.168380638159566,4.334865013159567,9742,,,0.0632563870173696,Information
251098,4440.0,1494.972068,NOR,Norway,Nordland,4.010508224,0.0,0.84,0.22,,,,,,,,,,,,,,,,,,,,,,,,,,4.049386208827981,80.21016447999999,0.0,,,,,,,,,,,,,,,,,0.0,0.0,15.046875,1.006498738236566,0.0,0.0,0.526640625,3.522745583827981,4.049386208827981,3494,,,0.0563012788175008,Information
261202,4499.0,6003.173291,RUS,Russia,Arkhangel'sk,3.146606209,0.0,0.65,0.49,,,,,,,,,,,,,,,,,,,,,,,,,,14.66890213943586,62.93212418,0.0,,,,,,,,,,,,,,,,,0.0,0.0,157.21875,2.618927396981675,0.0,0.0,5.50265625,9.166245889435862,14.66890213943586,134,,,0.1769578255522693,Information
261203,4500.0,7274.784634,RUS,Russia,Arkhangel'sk,2.535427529,0.0,0.65,0.49,,,,,,,,,,,,,,,,,,,,,,,,,,12.318666322367484,50.70855058,0.0,,,,,,,,,,,,,,,,,0.0,0.0,148.21875,2.037431449247853,0.0,0.0,5.18765625,7.131010072367485,12.318666322367484,49009,,,0.0827765561991945,Information
261205,4502.0,1168.547562,RUS,Russia,Arkhangel'sk,3.38702436,0.0,0.65,0.49,,,,,,,,,,,,,,,,,,,,,,,,,,3.575151717508713,67.74048719999999,0.0,,,,,,,,,,,,,,,,,0.0,0.0,10.6875,0.9145969192882036,0.0,0.0,0.3740625,3.201089217508713,3.575151717508713,4417,,,0.0139103538881432,Information
261207,4504.0,1220.468091,RUS,Russia,Arkhangel'sk,2.34569023,0.0,0.65,0.49,,,,,,,,,,,,,,,,,,,,,,,,,,3.800969735707288,46.913804600000006,0.0,,,,,,,,,,,,,,,,,0.0,0.0,11.8125,0.9678663530592246,0.0,0.0,0.4134375,3.3875322357072863,3.800969735707288,3144,,,0.0041863266753205,Information
261429,4517.0,7061.756172,RUS,Russia,Arkhangel'sk,3.217259215,0.0,0.65,0.49,,,,,,,,,,,,,,,,,,,,,,,,,,1.2605133745876365,64.3451843,0.0,,,,,,,,,,,,,,,,,0.0,0.0,14.90625,0.2110841784536104,0.0,0.0,0.52171875,0.7387946245876365,1.2605133745876365,2146,,,0.0004153385425257,Information
261445,4523.0,420.4480595,RUS,Russia,Arkhangel'sk,3.080093822,0.0,0.65,0.49,,,,,,,,,,,,,,,,,,,,,,,,,,2.805643307382843,61.60187644,0.0,,,,,,,,,,,,,,,,,0.0,0.0,3.234375,0.7692686235379551,0.0,0.0,0.113203125,2.692440182382843,2.805643307382843,945,,,0.0044434352422247,Information
261494,4543.0,6539.73552,RUS,Russia,Komi,2.047516549,0.0,0.65,0.49,,,,,,,,,,,,,,,,,,,,,,,,,,1.85474933451151,40.95033098,0.0,,,,,,,,,,,,,,,,,0.0,0.0,20.953125,0.3203971312890029,0.0,0.0,0.733359375,1.12138995951151,1.85474933451151,1962,,,0.0002694570990545,Information
261495,4544.0,2073.397217,RUS,Russia,Komi,2.160078453,0.0,0.65,0.49,,,,,,,,,,,,,,,,,,,,,,,,,,6.3625400946280495,43.20156906,0.0,,,,,,,,,,,,,,,,,0.0,0.0,31.21875,1.505681098465157,0.0,0.0,1.09265625,5.269883844628049,6.3625400946280495,2926,,,0.0142954759855197,Information
261496,4545.0,7953.258571,RUS,Russia,Komi,3.679047227,0.0,0.65,0.49,,,,,,,,,,,,,,,,,,,,,,,,,,3.744196770570497,73.58094453999999,0.0,,,,,,,,,,,,,,,,,0.0,0.0,47.390625,0.5958642558772848,0.0,0.0,1.658671875,2.085524895570497,3.744196770570497,1658,,,0.0253577977899437,Information
261497,4546.0,4328.355097,RUS,Russia,Komi,2.725734038,0.0,0.65,0.49,,,,,,,,,,,,,,,,,,,,,,,,,,3.2586223249102853,54.514680760000005,0.0,,,,,,,,,,,,,,,,,0.0,0.0,28.125,0.6497849499743672,0.0,0.0,0.984375,2.2742473249102853,3.2586223249102853,11150,,,0.0041934345831137,Information
261498,4547.0,8179.793781,RUS,Russia,Komi,2.155412233,0.0,0.65,0.49,,,,,,,,,,,,,,,,,,,,,,,,,,0.8860580924006549,43.10824466,0.0,,,,,,,,,,,,,,,,,0.0,0.0,11.390625,0.1392532049716157,0.0,0.0,0.398671875,0.4873862174006549,0.8860580924006549,3152,,,1.5765107731688373e-05,Information
261606,4563.0,3801.94824,RUS,Russia,Arkhangel'sk,1.851160012,0.0,0.65,0.49,,,,,,,,,,,,,,,,,,,,,,,,,,1.5723435601710676,37.02320024,0.0,,,,,,,,,,,,,,,,,0.0,0.0,12.375,0.3254910171917336,0.0,0.0,0.433125,1.1392185601710676,1.5723435601710676,49,,,0.0001120392653602,Information
261608,4565.0,4526.312444,RUS,Russia,Komi,3.379581304,0.0,0.65,0.49,,,,,,,,,,,,,,,,,,,,,,,,,,2.732672175412463,67.59162608,0.0,,,,,,,,,,,,,,,,,0.0,0.0,24.328125,0.5374822286892752,0.0,0.0,0.851484375,1.8811878004124631,2.732672175412463,735,,,0.0066966414328754,Information
261882,4584.0,20627.67993,RUS,Russia,Nenets,1.985748558,0.0,0.65,0.49,,,,,,,,,,,,,,,,,,,,,,,,,,11.1445911177834,39.714971160000005,0.0,,,,,,,,,,,,,,,,,0.0,0.0,214.453125,1.039637640795257,0.0,0.0,7.505859375,3.6387317427834,11.1445911177834,17072,,,0.045693184793737,Information
261883,4585.0,15771.62137,RUS,Russia,Komi,0.278794526,0.0,0.65,0.49,,,,,,,,,,,,,,,,,,,,,,,,,,18.682938721962547,5.57589052,0.0,,,,,,,,,,,,,,,,,0.0,0.0,326.671875,2.071263741989299,0.0,0.0,11.433515625,7.249423096962547,18.682938721962547,27883,,,0.0525961963621879,Information
261884,4586.0,15432.28839,RUS,Russia,Komi,1.405720275,0.0,0.65,0.49,,,,,,,,,,,,,,,,,,,,,,,,,,29.395027974810617,28.1144055,0.0,,,,,,,,,,,,,,,,,0.0,0.0,509.625,3.3023294213744627,0.0,0.0,17.836875,11.55815297481062,29.395027974810617,27287,,,0.1855939800943833,Information
261885,4587.0,2493.276467,RUS,Russia,Komi,2.946402791,0.0,0.65,0.49,,,,,,,,,,,,,,,,,,,,,,,,,,11.616021301086898,58.92805582,0.0,,,,,,,,,,,,,,,,,0.0,0.0,66.234375,2.656519478881971,0.0,0.0,2.318203125,9.297818176086896,11.616021301086898,0,,,0.1033053764731363,Information
261888,4590.0,7596.661261,RUS,Russia,Komi,1.159781184,0.0,0.65,0.49,,,,,,,,,,,,,,,,,,,,,,,,,,1.3681047108072888,23.19562368,0.0,,,,,,,,,,,,,,,,,0.0,0.0,16.875,0.222137060230654,0.0,0.0,0.590625,0.777479710807289,1.3681047108072888,0,,,2.814638150932325e-05,Information
261889,4591.0,17556.68319,RUS,Russia,Komi,1.887345995,0.0,0.65,0.49,,,,,,,,,,,,,,,,,,,,,,,,,,0.7879800505050555,37.7469199,0.0,,,,,,,,,,,,,,,,,0.0,0.0,14.34375,0.0816996572871587,0.0,0.0,0.50203125,0.2859488005050554,0.7879800505050555,82064,,,6.226837309224935e-06,Information
261909,16095.0,3012.537525,RUS,Russia,Yamal-Nenets,3.09924605,0.0,0.65,0.49,,,,,,,,,,,,,,,,,,,,,,,,,,0.1488189203443964,61.984921,0.0,,,,,,,,,,,,,,,,,0.0,0.0,0.984375,0.0326759415269704,0.0,0.0,0.034453125,0.1143657953443963,0.1488189203443964,0,,,1.486597138815446e-08,Information
281002,4635.0,14521.57079,TKM,Turkmenistan,Tashauz,4.1304286,0.0,0.51,0.68,,,,,,,,,,,,,,,,,,,,,,,,,,1.6206897348736322,82.60857200000001,0.0,,,,,,,,,,,,,,,,,0.0,0.0,27.421875,0.1888354599638949,0.0,0.0,0.959765625,0.6609241098736321,1.6206897348736322,252,,,0.0088191319637587,Information
281007,4640.0,15370.33777,KAZ,Kazakhstan,Mangghystau,0.892923802,0.0,0.63,0.51,,,,,,,,,,,,,,,,,,,,,,,,,,0.1137369173709618,17.85847604,0.0,,,,,,,,,,,,,,,,,0.0,0.0,1.96875,0.0128087621059891,0.0,0.0,0.06890625,0.0448306673709618,0.1137369173709618,144,,,2.3159586439398475e-11,Information
281019,4651.0,2867.887956,TKM,Turkmenistan,Ahal,0.016814483,0.0,0.51,0.68,,,,,,,,,,,,,,,,,,,,,,,,,,3.3567520154648407,0.33628966,0.0,,,,,,,,,,,,,,,,,0.0,0.0,21.375,0.7453220044185259,0.0,0.0,0.748125,2.6086270154648408,3.3567520154648407,196820,,,0.0003484093703739,Information
281061,4657.0,4567.909612,TKM,Turkmenistan,Ahal,4.038816964,0.0,0.51,0.68,,,,,,,,,,,,,,,,,,,,,,,,,,5.227024669454581,80.77633927999999,0.0,,,,,,,,,,,,,,,,,0.0,0.0,46.828125,1.025154369844166,0.0,0.0,1.638984375,3.588040294454581,5.227024669454581,31,,,0.0964069890232046,Information
281080,4667.0,16878.67811,IRN,Iran,Razavi Khorasan,0.133017412,0.0,0.54,0.64,,,,,,,,,,,,,,,,,,,,,,,,,,0.3370299615260053,2.6603482400000003,0.0,,,,,,,,,,,,,,,,,0.0,0.0,6.046875,0.0358255247217158,0.0,0.0,0.211640625,0.1253893365260053,0.3370299615260053,3721494,,,7.317439186704659e-09,Information
281091,4668.0,5255.438224,IRN,Iran,Razavi Khorasan,1.394570765,0.0,0.54,0.64,,,,,,,,,,,,,,,,,,,,,,,,,,1.6858865242388734,27.8914153,0.0,,,,,,,,,,,,,,,,,0.0,0.0,16.59375,0.3157443640682495,0.0,0.0,0.58078125,1.1051052742388734,1.6858865242388734,49555,,,8.636618997555264e-05,Information
281092,4669.0,6204.907487,IRN,Iran,Razavi Khorasan,1.334179728,0.0,0.54,0.64,,,,,,,,,,,,,,,,,,,,,,,,,,0.1413951491232504,26.683594560000003,0.0,,,,,,,,,,,,,,,,,0.0,0.0,1.546875,0.0249298640352144,0.0,0.0,0.054140625,0.0872545241232504,0.1413951491232504,336677,,,2.0394095243329784e-10,Information
281095,4672.0,13830.73274,AFG,Afghanistan,Hirat,3.431323147,0.0,0.3,0.97,,,,,,,,,,,,,,,,,,,,,,,,,,0.1272078890456905,68.62646294,0.0,,,,,,,,,,,,,,,,,0.0,0.0,2.109375,0.0152513611559116,0.0,0.0,0.073828125,0.0533797640456906,0.1272078890456905,1565563,,,1.815724940394545e-08,Information
281097,4674.0,9298.835709,AFG,Afghanistan,Ghor,4.086348316,0.0,0.3,0.97,,,,,,,,,,,,,,,,,,,,,,,,,,2.0327603944924126,81.72696631999999,0.0,,,,,,,,,,,,,,,,,0.0,0.0,27.984375,0.3009449341406893,0.0,0.0,0.979453125,1.0533072694924126,2.0327603944924126,205187,,,0.0140448360373096,Information
281404,4683.0,8445.733661,TKM,Turkmenistan,Balkan,4.050612875,0.0,0.51,0.68,,,,,,,,,,,,,,,,,,,,,,,,,,0.1397437791740942,81.01225749999999,0.0,,,,,,,,,,,,,,,,,0.0,0.0,1.828125,0.0216455440497412,0.0,0.0,0.063984375,0.0757594041740942,0.1397437791740942,55347,,,4.513623871092134e-07,Information
281408,4687.0,1756.462741,IRN,Iran,North Khorasan,1.63066081,0.0,0.54,0.64,,,,,,,,,,,,,,,,,,,,,,,,,,0.856528183608685,32.6132162,0.0,,,,,,,,,,,,,,,,,0.0,0.0,3.65625,0.20815983817391,0.0,0.0,0.12796875,0.728559433608685,0.856528183608685,4710,,,6.346927687133034e-06,Information
281607,4695.0,7788.949405,TKM,Turkmenistan,Balkan,4.256714164,0.0,0.51,0.68,,,,,,,,,,,,,,,,,,,,,,,,,,0.1910957015582632,85.13428328,0.0,,,,,,,,,,,,,,,,,0.0,0.0,2.390625,0.0306925218737895,0.0,0.0,0.083671875,0.1074238265582632,0.1910957015582632,2942,,,6.682608132125197e-06,Information
281808,4707.0,6142.294151,TKM,Turkmenistan,Balkan,4.154634001,0.0,0.51,0.68,,,,,,,,,,,,,,,,,,,,,,,,,,0.3621789933683491,83.09268001999999,0.0,,,,,,,,,,,,,,,,,0.0,0.0,3.9375,0.0641047123909569,0.0,0.0,0.1378125,0.2243664933683491,0.3621789933683491,84,,,6.0679781491251865e-05,Information
281903,4712.0,458.9075106,KAZ,Kazakhstan,Mangghystau,3.524661784,0.0,0.63,0.51,,,,,,,,,,,,,,,,,,,,,,,,,,1.7947820582445817,70.49323568,0.0,,,,,,,,,,,,,,,,,0.0,0.0,2.25,0.4902948737841662,0.0,0.0,0.07875,1.7160320582445816,1.7947820582445817,1371,,,0.0025572212772797,Information
281909,4718.0,511.6047765,KAZ,Kazakhstan,Mangghystau,4.06027732,0.0,0.63,0.51,,,,,,,,,,,,,,,,,,,,,,,,,,0.7078855592048534,81.2055464,0.0,,,,,,,,,,,,,,,,,0.0,0.0,0.984375,0.1924092669156724,0.0,0.0,0.034453125,0.6734324342048534,0.7078855592048534,6337,,,0.0005208142403082,Information
282020,4720.0,15299.07917,KAZ,Kazakhstan,Mangghystau,0.315079617,0.0,0.63,0.51,,,,,,,,,,,,,,,,,,,,,,,,,,0.1139457253928731,6.301592339999999,0.0,,,,,,,,,,,,,,,,,0.0,0.0,1.96875,0.0128684215408209,0.0,0.0,0.06890625,0.0450394753928731,0.1139457253928731,12,,,9.591221234388073e-12,Information
282080,4726.0,24989.82819,KAZ,Kazakhstan,Aqtöbe,0.633660967,0.0,0.63,0.51,,,,,,,,,,,,,,,,,,,,,,,,,,25.29842615377467,12.67321934,0.0,,,,,,,,,,,,,,,,,0.0,0.0,516.234375,2.0657780082213346,0.0,0.0,18.068203125,7.230223028774671,25.29842615377467,208,,,0.1076884899109328,Information
283111,4809.0,1700.114995,RUS,Russia,Astrakhan',2.634893362,0.0,0.65,0.49,,,,,,,,,,,,,,,,,,,,,,,,,,32.38174918076301,52.69786724,0.0,,,,,,,,,,,,,,,,,0.0,0.0,134.4375,7.90755333736086,0.0,0.0,4.7053125,27.67643668076301,32.38174918076301,33207,,,0.3523586288630244,Advisory
283282,4890.0,13340.42852,RUS,Russia,Perm',2.142751361,0.0,0.65,0.49,,,,,,,,,,,,,,,,,,,,,,,,,,1.997825765093841,42.85502722,0.0,,,,,,,,,,,,,,,,,0.0,0.0,32.625,0.2445573614553831,0.0,0.0,1.141875,0.8559507650938408,1.997825765093841,13137,,,0.0003989360097228,Information
283283,4891.0,279.019627,RUS,Russia,Perm',2.826147149,0.0,0.65,0.49,,,,,,,,,,,,,,,,,,,,,,,,,,38.45515625,56.52294298,0.0,,,,,,,,,,,,,,,,,0.0,0.0,98.71875,35.38057557874249,0.0,0.0,3.45515625,35.0,38.45515625,1744,,,0.4511562625464608,Advisory
283284,4892.0,5868.021411,RUS,Russia,Perm',2.06148314,0.0,0.65,0.49,,,,,,,,,,,,,,,,,,,,,,,,,,0.7054033818146381,41.2296628,0.0,,,,,,,,,,,,,,,,,0.0,0.0,7.453125,0.1270125733756109,0.0,0.0,0.260859375,0.4445440068146381,0.7054033818146381,4634,,,4.875496378104941e-06,Information
283285,4893.0,4292.199656,RUS,Russia,Perm',2.391173984,0.0,0.65,0.49,,,,,,,,,,,,,,,,,,,,,,,,,,4.752780272937104,47.82347968,0.0,,,,,,,,,,,,,,,,,0.0,0.0,40.78125,0.9501247208391724,0.0,0.0,1.42734375,3.325436522937104,4.752780272937104,14338,,,0.0082897426014666,Information
283287,4895.0,510.2369033,RUS,Russia,Perm',0.164208537,0.0,0.65,0.49,,,,,,,,,,,,,,,,,,,,,,,,,,2.2304572294510203,3.2841707399999995,0.0,,,,,,,,,,,,,,,,,0.0,0.0,3.09375,0.606335994128863,0.0,0.0,0.10828125,2.12217597945102,2.2304572294510203,13,,,8.176436212395865e-05,Information
283288,4896.0,1481.055618,RUS,Russia,Perm',1.030958402,0.0,0.65,0.49,,,,,,,,,,,,,,,,,,,,,,,,,,0.2289245046832135,20.61916804,0.0,,,,,,,,,,,,,,,,,0.0,0.0,0.84375,0.056969501338061,0.0,0.0,0.02953125,0.1993932546832135,0.2289245046832135,30,,,2.478340978628248e-09,Information
283289,4897.0,2784.132323,RUS,Russia,Perm',0.84724214,0.0,0.65,0.49,,,,,,,,,,,,,,,,,,,,,,,,,,1.0622086225457172,16.9448428,0.0,,,,,,,,,,,,,,,,,0.0,0.0,6.609375,0.2373944278702049,0.0,0.0,0.231328125,0.8308804975457171,1.0622086225457172,76,,,6.528293080637244e-06,Information
283291,4898.0,6113.228147,RUS,Russia,Perm',2.072110072,0.0,0.65,0.49,,,,,,,,,,,,,,,,,,,,,,,,,,2.918939208249387,41.442201440000005,0.0,,,,,,,,,,,,,,,,,0.0,0.0,31.640625,0.5175763809283963,0.0,0.0,1.107421875,1.811517333249387,2.918939208249387,7504,,,0.0013552524727094,Information
283292,4899.0,5447.313843,RUS,Russia,Perm',2.935035205,0.0,0.65,0.49,,,,,,,,,,,,,,,,,,,,,,,,,,2.498355198909647,58.7007041,0.0,,,,,,,,,,,,,,,,,0.0,0.0,25.171875,0.4620970211170421,0.0,0.0,0.881015625,1.6173395739096472,2.498355198909647,160,,,0.0025141680732672,Information
283293,4900.0,621.9081683,RUS,Russia,Perm',3.210312188,0.0,0.65,0.49,,,,,,,,,,,,,,,,,,,,,,,,,,22.108669612587928,64.20624376,0.0,,,,,,,,,,,,,,,,,0.0,0.0,36.984375,5.946918996453694,0.0,0.0,1.294453125,20.814216487587927,22.108669612587928,904,,,0.3149727182182836,Information
283295,4902.0,3337.981611,RUS,Russia,Perm',3.019071524,0.0,0.65,0.49,,,,,,,,,,,,,,,,,,,,,,,,,,4.071056218611811,60.381430480000006,0.0,,,,,,,,,,,,,,,,,0.0,0.0,29.109375,0.8720651696033744,0.0,0.0,1.018828125,3.0522280936118107,4.071056218611811,6355,,,0.0114411088416927,Information
283298,4905.0,2183.848028,RUS,Russia,Kirov,0.831785443,0.0,0.65,0.49,,,,,,,,,,,,,,,,,,,,,,,,,,1.070920537247105,16.63570886,0.0,,,,,,,,,,,,,,,,,0.0,0.0,5.484375,0.2511335463563157,0.0,0.0,0.191953125,0.878967412247105,1.070920537247105,88,,,6.662419405262352e-06,Information
283402,4917.0,8008.569754,RUS,Russia,Nizhegorod,0.871465122,0.0,0.65,0.49,,,,,,,,,,,,,,,,,,,,,,,,,,2.423812129168544,17.42930244,0.0,,,,,,,,,,,,,,,,,0.0,0.0,30.796875,0.3845490011910125,0.0,0.0,1.077890625,1.3459215041685435,2.423812129168544,126976,,,0.0002091084195934,Information
283960,4974.0,17657.65713,RUS,Russia,Moskva,0.280476628,0.0,0.65,0.49,,,,,,,,,,,,,,,,,,,,,,,,,,16.120069929986542,5.60953256,0.0,,,,,,,,,,,,,,,,,0.0,0.0,294.046875,1.6652655157104406,0.0,0.0,10.291640625,5.828429304986542,16.120069929986542,17190244,,,0.0385827224141287,Information
283981,4976.0,918.5717988,RUS,Russia,Kaluga,0.163901347,0.0,0.65,0.49,,,,,,,,,,,,,,,,,,,,,,,,,,2.632666334648439,3.27802694,0.0,,,,,,,,,,,,,,,,,0.0,0.0,6.328125,0.6889091313281254,0.0,0.0,0.221484375,2.411181959648439,2.632666334648439,17167,,,0.0001567729723154,Information
283982,4977.0,9282.091275,RUS,Russia,Kaluga,0.523610646,0.0,0.65,0.49,,,,,,,,,,,,,,,,,,,,,,,,,,4.232911812227685,10.47221292,0.0,,,,,,,,,,,,,,,,,0.0,0.0,58.21875,0.6272158749221957,0.0,0.0,2.03765625,2.195255562227685,4.232911812227685,133432,,,0.001137902707846,Information
283983,4978.0,1132.730052,RUS,Russia,Tula,0.249505665,0.0,0.65,0.49,,,,,,,,,,,,,,,,,,,,,,,,,,1.3060794594570315,4.9901133,0.0,,,,,,,,,,,,,,,,,0.0,0.0,3.796875,0.3351968098448662,0.0,0.0,0.132890625,1.1731888344570318,1.3060794594570315,35062,,,9.057107988303283e-06,Information
283985,4980.0,1415.995332,RUS,Russia,Tula,0.909504488,0.0,0.65,0.49,,,,,,,,,,,,,,,,,,,,,,,,,,0.555533913653711,18.19008976,0.0,,,,,,,,,,,,,,,,,0.0,0.0,1.96875,0.1390364753296317,0.0,0.0,0.06890625,0.4866276636537109,0.555533913653711,18221,,,2.984398500714003e-07,Information
283986,4981.0,1544.993422,RUS,Russia,Orel,0.242946433,0.0,0.65,0.49,,,,,,,,,,,,,,,,,,,,,,,,,,0.7355761351715563,4.85892866,0.0,,,,,,,,,,,,,,,,,0.0,0.0,2.8125,0.1820396100490161,0.0,0.0,0.0984375,0.6371386351715563,0.7355761351715563,19732,,,5.796732579301898e-07,Information
283988,4983.0,7164.828086,RUS,Russia,Orel,1.69728016,0.0,0.65,0.49,,,,,,,,,,,,,,,,,,,,,,,,,,0.8489786328276061,33.9456032,0.0,,,,,,,,,,,,,,,,,0.0,0.0,10.125,0.1413153236650303,0.0,0.0,0.354375,0.494603632827606,0.8489786328276061,416308,,,6.677691173491981e-06,Information
283990,4985.0,15734.25261,RUS,Russia,Smolensk,0.977608591,0.0,0.65,0.49,,,,,,,,,,,,,,,,,,,,,,,,,,5.659151833816166,19.55217182,0.0,,,,,,,,,,,,,,,,,0.0,0.0,98.859375,0.6283067739474761,0.0,0.0,3.460078125,2.1990737088161665,5.659151833816166,168105,,,0.0039732463854827,Information
284006,4990.0,11189.57335,IRN,Iran,West Azarbajjan,2.430175891,0.0,0.54,0.64,,,,,,,,,,,,,,,,,,,,,,,,,,6.943773361196422,48.60351782000001,0.0,,,,,,,,,,,,,,,,,0.0,0.0,104.765625,0.9362789960561207,0.0,0.0,3.666796875,3.2769764861964226,6.943773361196422,1301501,,,0.022657190800787,Information
284100,4993.0,114.192942,RUS,Russia,Astrakhan',3.524773902,0.0,0.65,0.49,,,,,,,,,,,,,,,,,,,,,,,,,,18.309304277760454,70.49547804000001,0.0,,,,,,,,,,,,,,,,,0.0,0.0,5.90625,5.172167293645844,0.0,0.0,0.20671875,18.102585527760453,18.309304277760454,102,,,0.3166332894390204,Information
284201,4994.0,1377.175972,RUS,Russia,Astrakhan',3.064249289,0.0,0.65,0.49,,,,,,,,,,,,,,,,,,,,,,,,,,8.904709031780778,61.28498578,0.0,,,,,,,,,,,,,,,,,0.0,0.0,30.796875,2.2362338305087937,0.0,0.0,1.077890625,7.826818406780777,8.904709031780778,12985,,,0.0708286584199364,Information
284202,4995.0,32010.69906,RUS,Russia,Kalmyk,0.772228076,0.0,0.65,0.49,,,,,,,,,,,,,,,,,,,,,,,,,,5.374259785211504,15.44456152,0.0,,,,,,,,,,,,,,,,,0.0,0.0,117.0,0.3655027957747155,0.0,0.0,4.095,1.2792597852115042,5.374259785211504,203646,,,0.0029275596711481,Information
284301,5003.0,2066.802652,RUS,Russia,Kalmyk,3.643185602,0.0,0.65,0.49,,,,,,,,,,,,,,,,,,,,,,,,,,9.252937986264453,72.86371204,0.0,,,,,,,,,,,,,,,,,0.0,0.0,45.28125,2.190884067504129,0.0,0.0,1.58484375,7.6680942362644515,9.252937986264453,15973,,,0.1409791141488557,Information
284302,5004.0,2702.717398,RUS,Russia,Kalmyk,3.026143393,0.0,0.65,0.49,,,,,,,,,,,,,,,,,,,,,,,,,,0.1850617078726542,60.52286786,0.0,,,,,,,,,,,,,,,,,0.0,0.0,1.125,0.0416247736779012,0.0,0.0,0.039375,0.1456867078726542,0.1850617078726542,6928,,,4.0973689848876366e-08,Information
284303,5005.0,1118.989887,RUS,Russia,Kalmyk,3.368389463,0.0,0.65,0.49,,,,,,,,,,,,,,,,,,,,,,,,,,0.6357891404730887,67.36778926000001,0.0,,,,,,,,,,,,,,,,,0.0,0.0,1.828125,0.1633727901351682,0.0,0.0,0.063984375,0.5718047654730887,0.6357891404730887,41,,,4.104960024017432e-05,Information
284304,5006.0,6026.358365,RUS,Russia,Kalmyk,0.753208374,0.0,0.65,0.49,,,,,,,,,,,,,,,,,,,,,,,,,,4.083805687391596,15.064167479999998,0.0,,,,,,,,,,,,,,,,,0.0,0.0,43.875,0.7280516249690273,0.0,0.0,1.535625,2.5481806873915955,4.083805687391596,13706,,,0.0012032099386709,Information
284305,5007.0,2629.40532,RUS,Russia,Dagestan,4.022837946,0.0,0.65,0.49,,,,,,,,,,,,,,,,,,,,,,,,,,1.4184276686822588,80.45675892,0.0,,,,,,,,,,,,,,,,,0.0,0.0,8.4375,0.3208900481949311,0.0,0.0,0.2953125,1.123115168682259,1.4184276686822588,2789,,,0.0043569338039183,Information
284306,5008.0,1504.882016,RUS,Russia,Dagestan,4.01996032,0.0,0.65,0.49,,,,,,,,,,,,,,,,,,,,,,,,,,0.1505117094135865,80.3992064,0.0,,,,,,,,,,,,,,,,,0.0,0.0,0.5625,0.037378345546739,0.0,0.0,0.0196875,0.1308242094135865,0.1505117094135865,22,,,5.600154168542587e-07,Information
284307,5009.0,716.6144031,RUS,Russia,Dagestan,4.00885362,0.0,0.65,0.49,,,,,,,,,,,,,,,,,,,,,,,,,,1.2512715582245495,80.1770724,0.0,,,,,,,,,,,,,,,,,0.0,0.0,2.390625,0.3335999094927284,0.0,0.0,0.083671875,1.1675996832245494,1.2512715582245495,45,,,0.0028664563251591,Information
284408,5019.0,1648.774382,RUS,Russia,Kabardin-Balkar,2.235937451,0.0,0.65,0.49,,,,,,,,,,,,,,,,,,,,,,,,,,0.2086415656613263,44.71874902,0.0,,,,,,,,,,,,,,,,,0.0,0.0,0.84375,0.0511743759032361,0.0,0.0,0.02953125,0.1791103156613263,0.2086415656613263,25441,,,1.2055604483024371e-08,Information
284504,5025.0,6792.251404,RUS,Russia,Dagestan,1.801662547,0.0,0.65,0.49,,,,,,,,,,,,,,,,,,,,,,,,,,1.9225730142616213,36.03325094,0.0,,,,,,,,,,,,,,,,,0.0,0.0,22.21875,0.3271190755033204,0.0,0.0,0.77765625,1.1449167642616214,1.9225730142616213,294093,,,0.0002285618935735,Information
284508,5029.0,2266.981286,AZE,Azerbaijan,Daglig-Shirvan,3.135931532,0.0,0.61,0.54,,,,,,,,,,,,,,,,,,,,,,,,,,0.2396971426685622,62.71863064,0.0,,,,,,,,,,,,,,,,,0.0,0.0,1.265625,0.0558286479053035,0.0,0.0,0.044296875,0.1954002676685622,0.2396971426685622,128040,,,2.245500884401578e-07,Information
284642,5034.0,14314.0329,IRN,Iran,Ardebil,0.441869289,0.0,0.54,0.64,,,,,,,,,,,,,,,,,,,,,,,,,,1.2038934754991075,8.83738578,0.0,,,,,,,,,,,,,,,,,0.0,0.0,20.25,0.1414695644283164,0.0,0.0,0.70875,0.4951434754991074,1.2038934754991075,1066824,,,7.554817039788678e-06,Information
284646,5038.0,7279.722524,ARM,Armenia,Gegharkunik,2.531392689,0.0,0.67,0.46,,,,,,,,,,,,,,,,,,,,,,,,,,5.093766202033393,50.62785378,0.0,,,,,,,,,,,,,,,,,0.0,0.0,61.3125,0.8422367720095407,0.0,0.0,2.1459375,2.9478287020333926,5.093766202033393,1624039,,,0.0115623263750715,Information
284680,5045.0,8335.707422,GEO,Georgia,Kvemo Kartli,3.166521624,0.0,0.67,0.46,,,,,,,,,,,,,,,,,,,,,,,,,,1.028512070147829,63.33043248,0.0,,,,,,,,,,,,,,,,,0.0,0.0,13.359375,0.1602668414708083,0.0,0.0,0.467578125,0.560933945147829,1.028512070147829,360887,,,0.0001758959866116,Information
284801,5048.0,2128.523805,IRN,Iran,Gilan,2.627322852,0.0,0.54,0.64,,,,,,,,,,,,,,,,,,,,,,,,,,32.139908105349505,52.54645703999999,0.0,,,,,,,,,,,,,,,,,0.0,0.0,161.15625,7.571268387242715,0.0,0.0,5.64046875,26.4994393553495,32.139908105349505,185825,,,0.348396692875516,Information
284804,5051.0,7743.398193,IRN,Iran,East Azarbaijan,1.719635197,0.0,0.54,0.64,,,,,,,,,,,,,,,,,,,,,,,,,,4.951084132341269,34.39270394,0.0,,,,,,,,,,,,,,,,,0.0,0.0,61.734375,0.7972517163832198,0.0,0.0,2.160703125,2.7903810073412694,4.951084132341269,240837,,,0.0048819523582325,Information
284805,5052.0,1555.583954,IRN,Iran,East Azarbaijan,1.730934157,0.0,0.54,0.64,,,,,,,,,,,,,,,,,,,,,,,,,,0.6215526803469729,34.61868314,0.0,,,,,,,,,,,,,,,,,0.0,0.0,2.390625,0.1536802300991351,0.0,0.0,0.083671875,0.5378808053469728,0.6215526803469729,14760,,,1.613851502643093e-06,Information
284807,5054.0,14504.63186,IRN,Iran,Zanjan,1.069424369,0.0,0.54,0.64,,,,,,,,,,,,,,,,,,,,,,,,,,0.3575530666057412,21.38848738,0.0,,,,,,,,,,,,,,,,,0.0,0.0,6.046875,0.0416892690302118,0.0,0.0,0.211640625,0.1459124416057413,0.3575530666057412,289348,,,3.464747284473906e-08,Information
291180,5082.0,7663.328491,IRN,Iran,Sistan and Baluchestan,1.97600918,0.0,0.54,0.64,,,,,,,,,,,,,,,,,,,,,,,,,,0.2722682031012797,39.5201836,0.0,,,,,,,,,,,,,,,,,0.0,0.0,3.375,0.0440409151717942,0.0,0.0,0.118125,0.1541432031012796,0.2722682031012797,121845,,,3.2717081230087934e-08,Information
291444,5097.0,10193.07614,AFG,Afghanistan,Nimroz,2.889799092,0.0,0.3,0.97,,,,,,,,,,,,,,,,,,,,,,,,,,0.2340124890772431,57.79598184,0.0,,,,,,,,,,,,,,,,,0.0,0.0,3.375,0.0331107111649266,0.0,0.0,0.118125,0.1158874890772431,0.2340124890772431,14858,,,1.0241703361880456e-07,Information
291496,5120.0,8839.041482,AFG,Afghanistan,Zabul,4.032267962,0.0,0.3,0.97,,,,,,,,,,,,,,,,,,,,,,,,,,0.2622552668249556,80.64535923999999,0.0,,,,,,,,,,,,,,,,,0.0,0.0,3.515625,0.0397738262357016,0.0,0.0,0.123046875,0.1392083918249556,0.2622552668249556,73955,,,8.487299186549967e-06,Information
291497,5121.0,4332.418945,AFG,Afghanistan,Zabul,3.47881982,0.0,0.3,0.97,,,,,,,,,,,,,,,,,,,,,,,,,,1.2863131787854327,69.5763964,0.0,,,,,,,,,,,,,,,,,0.0,0.0,11.109375,0.2564243010815522,0.0,0.0,0.388828125,0.8974850537854326,1.2863131787854327,86807,,,0.0007795861421189,Information
291701,5131.0,439.1686982,AFG,Afghanistan,Farah,4.408198769,0.0,0.3,0.97,,,,,,,,,,,,,,,,,,,,,,,,,,9.35955292760916,88.16397538000001,0.0,,,,,,,,,,,,,,,,,0.0,0.0,11.25,2.5616579793169025,0.0,0.0,0.39375,8.96580292760916,9.35955292760916,3764,,,0.4072012764289558,Advisory
291702,5132.0,28909.67812,AFG,Afghanistan,Farah,4.051338219,0.0,0.3,0.97,,,,,,,,,,,,,,,,,,,,,,,,,,0.2980969108147044,81.02676438,0.0,,,,,,,,,,,,,,,,,0.0,0.0,6.328125,0.0218892959470584,0.0,0.0,0.221484375,0.0766125358147044,0.2980969108147044,486367,,,1.6381006528452625e-05,Information
291706,5136.0,2625.442991,IRN,Iran,Sistan and Baluchestan,0.333981401,0.0,0.54,0.64,,,,,,,,,,,,,,,,,,,,,,,,,,2.295864997067222,6.67962802,0.0,,,,,,,,,,,,,,,,,0.0,0.0,13.640625,0.519555177733492,0.0,0.0,0.477421875,1.818443122067222,2.295864997067222,234591,,,0.0001057250783596,Information
291707,5137.0,12324.99038,AFG,Afghanistan,Farah,4.036448542,0.0,0.3,0.97,,,,,,,,,,,,,,,,,,,,,,,,,,0.1426445732063306,80.72897083999999,0.0,,,,,,,,,,,,,,,,,0.0,0.0,2.25,0.0182555923446659,0.0,0.0,0.07875,0.0638945732063306,0.1426445732063306,238010,,,4.647575698257925e-07,Information
291800,5140.0,13340.53017,IRN,Iran,South Khorasan,2.987405815,0.0,0.54,0.64,,,,,,,,,,,,,,,,,,,,,,,,,,0.1377806374802592,59.74811629999999,0.0,,,,,,,,,,,,,,,,,0.0,0.0,2.25,0.0168658964229312,0.0,0.0,0.07875,0.0590306374802592,0.1377806374802592,81135,,,6.843898100454534e-09,Information
291901,5141.0,27858.3821,IRN,Iran,Razavi Khorasan,1.13573149,0.0,0.54,0.64,,,,,,,,,,,,,,,,,,,,,,,,,,2.541676864591479,22.7146298,0.0,,,,,,,,,,,,,,,,,0.0,0.0,53.4375,0.1918183898832797,0.0,0.0,1.8703125,0.671364364591479,2.541676864591479,312252,,,0.0003192841846394,Information
292212,5155.0,7369.603622,IRN,Iran,Kerman,2.834097775,0.0,0.54,0.64,,,,,,,,,,,,,,,,,,,,,,,,,,3.909365345151452,56.6819555,0.0,,,,,,,,,,,,,,,,,0.0,0.0,47.390625,0.6430552771861292,0.0,0.0,1.658671875,2.250693470151452,3.909365345151452,36272,,,0.0080819360270647,Information
292214,5157.0,4259.154019,IRN,Iran,Kerman,0.730101223,0.0,0.54,0.64,,,,,,,,,,,,,,,,,,,,,,,,,,0.6426368150776175,14.60202446,0.0,,,,,,,,,,,,,,,,,0.0,0.0,5.484375,0.128766768593605,0.0,0.0,0.191953125,0.4506836900776175,0.6426368150776175,216050,,,5.054674085997964e-07,Information
292219,5162.0,19141.27644,IRN,Iran,Sistan and Baluchestan,0.272219465,0.0,0.54,0.64,,,,,,,,,,,,,,,,,,,,,,,,,,1.5211228595765902,5.4443893,0.0,,,,,,,,,,,,,,,,,0.0,0.0,28.546875,0.1491377813075972,0.0,0.0,0.999140625,0.5219822345765902,1.5211228595765902,116212,,,1.8158736945399867e-05,Information
292220,5163.0,17465.79962,IRN,Iran,Kerman,0.033291002,0.0,0.54,0.64,,,,,,,,,,,,,,,,,,,,,,,,,,1.0061846928930738,0.6658200400000001,0.0,,,,,,,,,,,,,,,,,0.0,0.0,18.28125,0.1046688408265925,0.0,0.0,0.63984375,0.3663409428930737,1.0061846928930738,89698,,,2.191684902372233e-06,Information
292234,5167.0,16469.41329,IRN,Iran,South Khorasan,3.344402217,0.0,0.54,0.64,,,,,,,,,,,,,,,,,,,,,,,,,,0.1661177581790188,66.88804434,0.0,,,,,,,,,,,,,,,,,0.0,0.0,2.953125,0.0179309666225768,0.0,0.0,0.103359375,0.0627583831790188,0.1661177581790188,6283,,,5.95235872484917e-08,Information
292235,5168.0,16106.86206,IRN,Iran,Kerman,0.001814125,0.0,0.54,0.64,,,,,,,,,,,,,,,,,,,,,,,,,,0.1675303939307253,0.0362825,0.0,,,,,,,,,,,,,,,,,0.0,0.0,2.953125,0.0183345768373501,0.0,0.0,0.103359375,0.0641710189307253,0.1675303939307253,40291,,,8.218807417798867e-11,Information
292250,5174.0,11868.95603,IRN,Iran,Razavi Khorasan,0.391614987,0.0,0.54,0.64,,,,,,,,,,,,,,,,,,,,,,,,,,0.616673126322638,7.832299740000001,0.0,,,,,,,,,,,,,,,,,0.0,0.0,9.5625,0.080567321806468,0.0,0.0,0.3346875,0.281985626322638,0.616673126322638,48890,,,2.763874262400129e-07,Information
292303,5179.0,2563.680327,IRN,Iran,Razavi Khorasan,1.408875911,0.0,0.54,0.64,,,,,,,,,,,,,,,,,,,,,,,,,,0.7477308177825164,28.17751822,0.0,,,,,,,,,,,,,,,,,0.0,0.0,4.359375,0.1700436265092904,0.0,0.0,0.152578125,0.5951526927825164,0.7477308177825164,34540,,,2.49854600723164e-06,Information
292309,5185.0,4329.688634,IRN,Iran,Razavi Khorasan,2.372216148,0.0,0.54,0.64,,,,,,,,,,,,,,,,,,,,,,,,,,0.3909506232436101,47.44432296,0.0,,,,,,,,,,,,,,,,,0.0,0.0,3.375,0.0779501780696029,0.0,0.0,0.118125,0.2728256232436101,0.3909506232436101,77705,,,4.766359017564585e-07,Information
292510,5195.0,10432.07965,IRN,Iran,Yazd,0.345942156,0.0,0.54,0.64,,,,,,,,,,,,,,,,,,,,,,,,,,1.5423830401214724,6.91884312,0.0,,,,,,,,,,,,,,,,,0.0,0.0,22.5,0.215680868606135,0.0,0.0,0.7875,0.7548830401214726,1.5423830401214724,18971,,,2.064473569281787e-05,Information
292566,5205.0,3772.397452,IRN,Iran,Tehran,3.963703837,0.0,0.54,0.64,,,,,,,,,,,,,,,,,,,,,,,,,,0.3234410881097805,79.27407674,0.0,,,,,,,,,,,,,,,,,0.0,0.0,2.53125,0.0670992394599373,0.0,0.0,0.08859375,0.2348473381097805,0.3234410881097805,43002,,,1.5903775044128557e-05,Information
292568,5207.0,3134.63445,IRN,Iran,Semnan,1.229120795,0.0,0.54,0.64,,,,,,,,,,,,,,,,,,,,,,,,,,1.1136671972671728,24.5824159,0.0,,,,,,,,,,,,,,,,,0.0,0.0,7.59375,0.2422531277906208,0.0,0.0,0.26578125,0.8478859472671728,1.1136671972671728,200156,,,1.2467781418135762e-05,Information
292606,5216.0,23628.31629,IRN,Iran,Qazvin,0.531848053,0.0,0.54,0.64,,,,,,,,,,,,,,,,,,,,,,,,,,0.8756144915305357,10.63696106,0.0,,,,,,,,,,,,,,,,,0.0,0.0,17.578125,0.0743943190087245,0.0,0.0,0.615234375,0.2603801165305357,0.8756144915305357,3955379,,,1.8681497673165603e-06,Information
292607,5217.0,2733.342153,IRN,Iran,Qom,3.666013427,0.0,0.54,0.64,,,,,,,,,,,,,,,,,,,,,,,,,,14.03235011374698,73.32026854,0.0,,,,,,,,,,,,,,,,,0.0,0.0,86.0625,3.148617889641994,0.0,0.0,3.0121875,11.02016261374698,14.03235011374698,15742,,,0.2602617125416756,Information
292609,5219.0,24085.78118,IRN,Iran,Markazi,1.045273381,0.0,0.54,0.64,,,,,,,,,,,,,,,,,,,,,,,,,,2.403046585038697,20.90546762,0.0,,,,,,,,,,,,,,,,,0.0,0.0,48.515625,0.2014284885824848,0.0,0.0,1.698046875,0.7049997100386968,2.403046585038697,1860342,,,0.0002380039319006,Information
292704,5223.0,1351.102066,IRN,Iran,Esfahan,4.042837137,0.0,0.54,0.64,,,,,,,,,,,,,,,,,,,,,,,,,,0.1654018800974903,80.85674274,0.0,,,,,,,,,,,,,,,,,0.0,0.0,0.5625,0.0416326800278544,0.0,0.0,0.0196875,0.1457143800974903,0.1654018800974903,1328,,,1.010426671084456e-06,Information
293209,5242.0,10837.78899,PAK,Pakistan,Baluchistan,3.892340565,0.0,0.39,0.85,,,,,,,,,,,,,,,,,,,,,,,,,,0.2365819098294739,77.8468113,0.0,,,,,,,,,,,,,,,,,0.0,0.0,3.515625,0.0324385813798497,0.0,0.0,0.123046875,0.1135350348294739,0.2365819098294739,173994,,,2.820161465768883e-06,Information
293800,5273.0,7372.893694,IRN,Iran,Fars,3.508849257,0.0,0.54,0.64,,,,,,,,,,,,,,,,,,,,,,,,,,0.8466182578049417,70.17698514,0.0,,,,,,,,,,,,,,,,,0.0,0.0,10.265625,0.1392346808014119,0.0,0.0,0.359296875,0.4873213828049417,0.8466182578049417,162286,,,0.0001841704310434,Information
293802,5275.0,7836.230277,IRN,Iran,Fars,0.406274539,0.0,0.54,0.64,,,,,,,,,,,,,,,,,,,,,,,,,,0.3248811087593544,8.12549078,0.0,,,,,,,,,,,,,,,,,0.0,0.0,4.078125,0.0520419239312441,0.0,0.0,0.142734375,0.1821467337593543,0.3248811087593544,124170,,,8.272533907397757e-09,Information
294207,5300.0,1564.753345,IRN,Iran,Chahar Mahall and Bakhtiari,2.991817427,0.0,0.54,0.64,,,,,,,,,,,,,,,,,,,,,,,,,,0.7639067725715333,59.83634854,0.0,,,,,,,,,,,,,,,,,0.0,0.0,2.953125,0.1887278278775809,0.0,0.0,0.103359375,0.6605473975715332,0.7639067725715333,3587,,,3.711995899705569e-05,Information
294402,5305.0,9547.061821,IRN,Iran,Lorestan,3.056344976,0.0,0.54,0.64,,,,,,,,,,,,,,,,,,,,,,,,,,0.4232447910721131,61.12689952,0.0,,,,,,,,,,,,,,,,,0.0,0.0,5.90625,0.0618645831634609,0.0,0.0,0.20671875,0.2165260410721131,0.4232447910721131,756253,,,3.090418146989969e-06,Information
294404,5307.0,3598.595333,IRN,Iran,Kermanshah,0.421971959,0.0,0.54,0.64,,,,,,,,,,,,,,,,,,,,,,,,,,0.1673917798032109,8.43943918,0.0,,,,,,,,,,,,,,,,,0.0,0.0,1.265625,0.0351699728009174,0.0,0.0,0.044296875,0.1230949048032109,0.1673917798032109,220667,,,1.4463862059492663e-10,Information
294408,5311.0,2196.753261,IRN,Iran,Kermanshah,0.567857333,0.0,0.54,0.64,,,,,,,,,,,,,,,,,,,,,,,,,,0.9564484828078916,11.35714666,0.0,,,,,,,,,,,,,,,,,0.0,0.0,4.921875,0.2240522450879691,0.0,0.0,0.172265625,0.7841828578078918,0.9564484828078916,95844,,,2.961159695486975e-06,Information
294500,5313.0,16.27132768,IRQ,Iraq,Al-Basrah,0.149154429,0.0,0.43,0.79,,,,,,,,,,,,,,,,,,,,,,,,,,30.29797961203797,2.98308858,0.0,,,,,,,,,,,,,,,,,0.0,0.0,1.40625,8.64250310343942,0.0,0.0,0.04921875,30.24876086203797,30.29797961203797,16935,,,0.1222516692387912,Information
294670,5328.0,4674.189019,IRQ,Iraq,Ninawa,1.333473334,0.0,0.43,0.79,,,,,,,,,,,,,,,,,,,,,,,,,,4.712791834743976,26.66946668,0.0,,,,,,,,,,,,,,,,,0.0,0.0,42.890625,0.9176057027839932,0.0,0.0,1.501171875,3.2116199597439765,4.712791834743976,1434147,,,0.0030283432341726,Information
294680,5329.0,26387.28652,IRQ,Iraq,Arbil,2.725626872,0.0,0.43,0.79,,,,,,,,,,,,,,,,,,,,,,,,,,2.1583041089435944,54.51253744,0.0,,,,,,,,,,,,,,,,,0.0,0.0,44.71875,0.1694708168410269,0.0,0.0,1.56515625,0.5931478589435942,2.1583041089435944,3100133,,,0.0011514128918289,Information
294730,5349.0,50.19329123,IRQ,Iraq,Dhi-Qar,4.136681523,0.0,0.43,0.79,,,,,,,,,,,,,,,,,,,,,,,,,,2.956518325144684,82.73363046,0.0,,,,,,,,,,,,,,,,,0.0,0.0,0.421875,0.8405007714699098,0.0,0.0,0.014765625,2.941752700144684,2.956518325144684,18378,,,0.0388030370499244,Information
294760,5352.0,13245.24794,IRQ,Iraq,Al-Muthannia,4.025243181,0.0,0.43,0.79,,,,,,,,,,,,,,,,,,,,,,,,,,0.2332214195748069,80.50486362,0.0,,,,,,,,,,,,,,,,,0.0,0.0,3.796875,0.0286659413070877,0.0,0.0,0.132890625,0.1003307945748069,0.2332214195748069,8584,,,4.801338722952172e-06,Information
294780,5354.0,19625.07269,IRQ,Iraq,An-Najaf,4.084542379,0.0,0.43,0.79,,,,,,,,,,,,,,,,,,,,,,,,,,0.1634562048786005,81.69084758,0.0,,,,,,,,,,,,,,,,,0.0,0.0,3.09375,0.0157642728224573,0.0,0.0,0.10828125,0.0551749548786005,0.1634562048786005,111101,,,1.1873004854057085e-06,Information
294803,5358.0,8754.109643,IRQ,Iraq,Al-Anbar,2.250962321,0.0,0.43,0.79,,,,,,,,,,,,,,,,,,,,,,,,,,0.147619280572961,45.01924642,0.0,,,,,,,,,,,,,,,,,0.0,0.0,1.96875,0.0224894373065603,0.0,0.0,0.06890625,0.078713030572961,0.147619280572961,17942,,,1.6087106624894623e-09,Information
294955,5384.0,964.2767209,SYR,Syria,Dayr Az Zawr,4.026256421,0.0,0.39,0.85,,,,,,,,,,,,,,,,,,,,,,,,,,0.1119280354170219,80.52512842,0.0,,,,,,,,,,,,,,,,,0.0,0.0,0.28125,0.0291669386905777,0.0,0.0,0.00984375,0.1020842854170219,0.1119280354170219,108260,,,1.241201446674621e-07,Information
294964,5392.0,12880.54742,SYR,Syria,Al ?asakah,1.786119077,0.0,0.39,0.85,,,,,,,,,,,,,,,,,,,,,,,,,,0.271034367644727,35.72238154,0.0,,,,,,,,,,,,,,,,,0.0,0.0,4.359375,0.0338446407556363,0.0,0.0,0.152578125,0.118456242644727,0.271034367644727,1491887,,,2.2664713176227963e-08,Information
294974,5401.0,7145.357507,SYR,Syria,Hims,4.023731439,0.0,0.39,0.85,,,,,,,,,,,,,,,,,,,,,,,,,,1.7833234049465827,80.47462877999999,0.0,,,,,,,,,,,,,,,,,0.0,0.0,21.234375,0.2971772228418808,0.0,0.0,0.743203125,1.0401202799465827,1.7833234049465827,44358,,,0.0083502474712207,Information
294995,5412.0,2430.788816,TUR,Turkey,Bingöl,2.030405404,0.0,0.57,0.6,,,,,,,,,,,,,,,,,,,,,,,,,,6.393162675847293,40.60810808,0.0,,,,,,,,,,,,,,,,,0.0,0.0,35.71875,1.469430407384941,0.0,0.0,1.25015625,5.143006425847293,6.393162675847293,55558,,,0.0129093269192871,Information
295304,5430.0,2666.644339,ARE,United Arab Emirates,Abu Dhabi,0.564887954,0.0,0.77,0.32,,,,,,,,,,,,,,,,,,,,,,,,,,0.1168953039561608,11.29775908,0.0,,,,,,,,,,,,,,,,,0.0,0.0,0.703125,0.0263674082731888,0.0,0.0,0.024609375,0.0922859289561608,0.1168953039561608,4711,,,1.658518577272746e-11,Information
295306,5432.0,5091.986775,ARE,United Arab Emirates,Abu Dhabi,0.030247713,0.0,0.77,0.32,,,,,,,,,,,,,,,,,,,,,,,,,,0.8898556530127975,0.60495426,0.0,,,,,,,,,,,,,,,,,0.0,0.0,8.578125,0.1684632222893707,0.0,0.0,0.300234375,0.5896212780127974,0.8898556530127975,775550,,,1.2038243767019228e-06,Information
296100,5454.0,44.08401024,YEM,Yemen,Al Mahrah,4.170731007,0.0,0.31,0.96,,,,,,,,,,,,,,,,,,,,,,,,,,4.485592460597439,83.41462014,0.0,,,,,,,,,,,,,,,,,0.0,0.0,0.5625,1.2759728458849826,0.0,0.0,0.0196875,4.465904960597439,4.485592460597439,0,,,0.0954958566583239,Information
296732,5479.0,5181.004348,SAU,Saudi Arabia,`Asir,0.804289704,0.0,0.62,0.53,,,,,,,,,,,,,,,,,,,,,,,,,,0.461495112580762,16.08579408,0.0,,,,,,,,,,,,,,,,,0.0,0.0,4.5,0.0868557464516463,0.0,0.0,0.1575,0.303995112580762,0.461495112580762,412195,,,9.800688717384116e-08,Information
298108,5673.0,5992.14416,EGY,Egypt,Ash Sharqiyah,4.014115042,0.0,0.55,0.63,,,,,,,,,,,,,,,,,,,,,,,,,,0.2233078262725982,80.28230084,0.0,,,,,,,,,,,,,,,,,0.0,0.0,2.390625,0.0398959860778852,0.0,0.0,0.083671875,0.1396359512725982,0.2233078262725982,15621,,,3.7195697960493313e-06,Information
298418,5692.0,9525.258459,SAU,Saudi Arabia,Ha'il,0.082460235,0.0,0.62,0.53,,,,,,,,,,,,,,,,,,,,,,,,,,0.1513358643617023,1.6492047,0.0,,,,,,,,,,,,,,,,,0.0,0.0,2.109375,0.0221450683890578,0.0,0.0,0.073828125,0.0775077393617023,0.1513358643617023,48019,,,4.684589720752456e-11,Information
299042,5742.0,21580.75858,SAU,Saudi Arabia,Al Jawf,1.200487155,0.0,0.62,0.53,,,,,,,,,,,,,,,,,,,,,,,,,,0.3025072039752084,24.0097431,0.0,,,,,,,,,,,,,,,,,0.0,0.0,5.90625,0.0273681297072024,0.0,0.0,0.20671875,0.0957884539752084,0.3025072039752084,72467,,,1.6356897859312936e-08,Information
312011,5782.0,3248.063244,RUS,Russia,Omsk,0.473002401,0.0,0.65,0.49,,,,,,,,,,,,,,,,,,,,,,,,,,3.3726228441793067,9.46004802,0.0,,,,,,,,,,,,,,,,,0.0,0.0,23.625,0.7273565269083733,0.0,0.0,0.826875,2.5457478441793064,3.3726228441793067,13027,,,0.0005007580651794,Information
312541,5917.0,4905.72443,RUS,Russia,Tyumen',2.814543265,0.0,0.65,0.49,,,,,,,,,,,,,,,,,,,,,,,,,,23.748217455542694,56.29086530000001,0.0,,,,,,,,,,,,,,,,,0.0,0.0,223.3125,4.552079987297913,0.0,0.0,7.8159375,15.932279955542697,23.748217455542694,1767,,,0.2709144628221847,Information
312542,5918.0,3053.191109,RUS,Russia,Tyumen',3.5303007,0.0,0.65,0.49,,,,,,,,,,,,,,,,,,,,,,,,,,16.26570086477466,70.606014,0.0,,,,,,,,,,,,,,,,,0.0,0.0,108.703125,3.560311854221332,0.0,0.0,3.804609375,12.46109148977466,16.26570086477466,39,,,0.2770152177665968,Information
312543,5919.0,708.5453583,RUS,Russia,Tyumen',3.220859638,0.0,0.65,0.49,,,,,,,,,,,,,,,,,,,,,,,,,,37.741484375,64.41719275999999,0.0,,,,,,,,,,,,,,,,,0.0,0.0,78.328125,11.054779215925542,0.0,0.0,2.741484375,35.0,37.741484375,0,,,0.5234830426178272,Advisory
312544,5920.0,2062.413751,RUS,Russia,Tyumen',0.696825377,0.0,0.65,0.49,,,,,,,,,,,,,,,,,,,,,,,,,,14.393254664767184,13.93650754,0.0,,,,,,,,,,,,,,,,,0.0,0.0,70.3125,3.409233475647767,0.0,0.0,2.4609375,11.932317164767184,14.393254664767184,0,,,0.0368617429616314,Information
312545,5921.0,4124.831883,RUS,Russia,Tyumen',4.004684852,0.0,0.65,0.49,,,,,,,,,,,,,,,,,,,,,,,,,,23.427309490602468,80.09369704,0.0,,,,,,,,,,,,,,,,,0.0,0.0,195.46875,4.738829497314991,0.0,0.0,6.84140625,16.58590324060247,23.427309490602468,151,,,0.5646880296364685,Advisory
312548,5924.0,3937.683865,RUS,Russia,Tyumen',2.012126324,0.0,0.65,0.49,,,,,,,,,,,,,,,,,,,,,,,,,,11.881320687093128,40.24252648,0.0,,,,,,,,,,,,,,,,,0.0,0.0,95.90625,2.435600553455179,0.0,0.0,3.35671875,8.524601937093127,11.881320687093128,1218,,,0.0531199729448608,Information
312677,5969.0,2240.698121,RUS,Russia,Kurgan,1.515077271,0.0,0.65,0.49,,,,,,,,,,,,,,,,,,,,,,,,,,5.511975498488125,30.30154542,0.0,,,,,,,,,,,,,,,,,0.0,0.0,28.828125,1.2865688924251786,0.0,0.0,1.008984375,4.502991123488125,5.511975498488125,11251,,,0.005586276097327,Information
312681,5972.0,335.4370389,KAZ,Kazakhstan,Qostanay,1.492877638,0.0,0.63,0.51,,,,,,,,,,,,,,,,,,,,,,,,,,13.49703631692416,29.85755276,0.0,,,,,,,,,,,,,,,,,0.0,0.0,12.515625,3.73113984054976,0.0,0.0,0.438046875,13.05898944192416,13.49703631692416,314,,,0.0496703843391879,Information
312704,5994.0,777.7058954,RUS,Russia,Tyumen',0.487723154,0.0,0.65,0.49,,,,,,,,,,,,,,,,,,,,,,,,,,9.89030123056641,9.75446308,0.0,,,,,,,,,,,,,,,,,0.0,0.0,20.390625,2.621894101590403,0.0,0.0,0.713671875,9.17662935556641,9.89030123056641,238,,,0.013518626948237,Information
312708,5998.0,2005.723325,RUS,Russia,Omsk,0.941369464,0.0,0.65,0.49,,,,,,,,,,,,,,,,,,,,,,,,,,2.9166416953096723,18.82738928,0.0,,,,,,,,,,,,,,,,,0.0,0.0,13.921875,0.6941074486599064,0.0,0.0,0.487265625,2.4293760703096723,2.9166416953096723,115,,,0.0004402804867571,Information
312812,6006.0,4109.752662,RUS,Russia,Omsk,2.173972504,0.0,0.65,0.49,,,,,,,,,,,,,,,,,,,,,,,,,,1.8418777140880376,43.47945008,0.0,,,,,,,,,,,,,,,,,0.0,0.0,15.328125,0.3729695254537251,0.0,0.0,0.536484375,1.3053933390880377,1.8418777140880376,513,,,0.0003087389603706,Information
312813,6007.0,5047.635914,RUS,Russia,Tyumen',2.884641394,0.0,0.65,0.49,,,,,,,,,,,,,,,,,,,,,,,,,,26.542962874934283,57.69282788,0.0,,,,,,,,,,,,,,,,,0.0,0.0,254.390625,5.039797428552652,0.0,0.0,8.903671875,17.639290999934282,26.542962874934283,2270,,,0.3205390502488762,Information
312814,6008.0,2479.814278,RUS,Russia,Tyumen',3.054204548,0.0,0.65,0.49,,,,,,,,,,,,,,,,,,,,,,,,,,3.7154447282522014,61.08409096,0.0,,,,,,,,,,,,,,,,,0.0,0.0,21.09375,0.8506181366434862,0.0,0.0,0.73828125,2.9771634782522014,3.7154447282522014,11105,,,0.0094143611767626,Information
312910,6031.0,19865.46239,RUS,Russia,Omsk,1.949625112,0.0,0.65,0.49,,,,,,,,,,,,,,,,,,,,,,,,,,51.98873978225643,38.99250224,0.0,,,,,,,,,,,,,,,,,0.0,0.0,988.03125,4.973613152073267,0.0,0.0,34.58109375,17.407646032256434,51.98873978225643,17988,,,0.4364525035538157,Advisory
312920,6032.0,1457.184517,RUS,Russia,Tyumen',2.712146716,0.0,0.65,0.49,,,,,,,,,,,,,,,,,,,,,,,,,,3.3667680087855336,54.24293432,0.0,,,,,,,,,,,,,,,,,0.0,0.0,12.234375,0.8395899667958667,0.0,0.0,0.428203125,2.9385648837855336,3.3667680087855336,719,,,0.0045351505608244,Information
312921,6033.0,24.65983794,RUS,Russia,Omsk,3.463722904,0.0,0.65,0.49,,,,,,,,,,,,,,,,,,,,,,,,,,35.743203125,69.27445808,0.0,,,,,,,,,,,,,,,,,0.0,0.0,21.234375,86.10914254875728,0.0,0.0,0.743203125,35.0,35.743203125,22,,,0.560116990827897,Advisory
312922,6034.0,6450.935153,RUS,Russia,Omsk,2.44562812,0.0,0.65,0.49,,,,,,,,,,,,,,,,,,,,,,,,,,2.886864034849249,48.9125624,0.0,,,,,,,,,,,,,,,,,0.0,0.0,32.34375,0.501380795671214,0.0,0.0,1.13203125,1.7548327848492489,2.886864034849249,8957,,,0.0020306048866413,Information
312923,6035.0,4621.425282,RUS,Russia,Omsk,2.887545866,0.0,0.65,0.49,,,,,,,,,,,,,,,,,,,,,,,,,,11.460990895989196,57.75091732,0.0,,,,,,,,,,,,,,,,,0.0,0.0,103.5,2.2395688274254844,0.0,0.0,3.6225,7.838490895989195,11.460990895989196,14525,,,0.0960088430414549,Information
312927,6039.0,3137.613015,RUS,Russia,Omsk,2.588051896,0.0,0.65,0.49,,,,,,,,,,,,,,,,,,,,,,,,,,24.85392450858042,51.76103792,0.0,,,,,,,,,,,,,,,,,0.0,0.0,169.59375,5.405183788165834,0.0,0.0,5.93578125,18.91814325858041,24.85392450858042,20953,,,0.2536168071036421,Information
312928,6040.0,3342.0627,RUS,Russia,Omsk,1.091105149,0.0,0.65,0.49,,,,,,,,,,,,,,,,,,,,,,,,,,5.344509676669383,21.822102980000004,0.0,,,,,,,,,,,,,,,,,0.0,0.0,38.25,1.1445027647626809,0.0,0.0,1.33875,4.005759676669383,5.344509676669383,20397,,,0.0036491533537526,Information
312929,6041.0,5001.400369,RUS,Russia,Tyumen',0.885440001,0.0,0.65,0.49,,,,,,,,,,,,,,,,,,,,,,,,,,2.672079252062332,17.708800019999998,0.0,,,,,,,,,,,,,,,,,0.0,0.0,25.453125,0.508919964874952,0.0,0.0,0.890859375,1.7812198770623318,2.672079252062332,13909,,,0.0003046872040624,Information
312931,6042.0,494.1622062,RUS,Russia,Omsk,1.37834342,0.0,0.65,0.49,,,,,,,,,,,,,,,,,,,,,,,,,,39.680703125,27.5668684,0.0,,,,,,,,,,,,,,,,,0.0,0.0,133.734375,27.062849671175428,0.0,0.0,4.680703125,35.0,39.680703125,9157,,,0.2736540332233254,Advisory
312932,6043.0,6942.175872,RUS,Russia,Omsk,1.655313739,0.0,0.65,0.49,,,,,,,,,,,,,,,,,,,,,,,,,,0.8408183743180186,33.10627478,0.0,,,,,,,,,,,,,,,,,0.0,0.0,9.84375,0.1417963212337196,0.0,0.0,0.34453125,0.4962871243180186,0.8408183743180186,15072,,,6.030430570378284e-06,Information
312933,6044.0,1974.367133,RUS,Russia,Omsk,0.885973439,0.0,0.65,0.49,,,,,,,,,,,,,,,,,,,,,,,,,,42.308984375,17.71946878,0.0,,,,,,,,,,,,,,,,,0.0,0.0,208.828125,10.576965222677496,0.0,0.0,7.308984375,35.0,42.308984375,36111,,,0.2529820556240755,Advisory
312935,6046.0,7112.675485,RUS,Russia,Omsk,0.904600251,0.0,0.65,0.49,,,,,,,,,,,,,,,,,,,,,,,,,,60.1015625,18.09200502,0.0,3.0,,,,,,,,,,,,,,,,0.0,0.0,717.1875,10.083231007618393,0.0,0.0,25.1015625,35.0,60.1015625,34462,739.0,2.14,0.3784474981298339,Watch
312936,6047.0,6354.620011,RUS,Russia,Omsk,1.872593428,0.0,0.65,0.49,,,,,,,,,,,,,,,,,,,,,,,,,,10.868478225715853,37.45186856,0.0,,,,,,,,,,,,,,,,,0.0,0.0,120.65625,1.898716993061672,0.0,0.0,4.22296875,6.645509475715852,10.868478225715853,20675,,,0.0400531463147269,Information
312937,6048.0,3112.062909,RUS,Russia,Omsk,1.189944432,0.0,0.65,0.49,,,,,,,,,,,,,,,,,,,,,,,,,,2.1774216440365075,23.79888864,0.0,,,,,,,,,,,,,,,,,0.0,0.0,14.765625,0.4744642197247164,0.0,0.0,0.516796875,1.6606247690365077,2.1774216440365075,84711,,,0.0001888209866346,Information
322424,6227.0,8688.921342,RUS,Russia,Krasnoyarsk,2.244821252,0.0,0.65,0.49,,,,,,,,,,,,,,,,,,,,,,,,,,0.3599381393555833,44.89642504,0.0,,,,,,,,,,,,,,,,,0.0,0.0,4.78125,0.0550269683873095,0.0,0.0,0.16734375,0.1925943893555832,0.3599381393555833,7482,,,2.4391610937579416e-07,Information
322450,6243.0,8359.149083,RUS,Russia,Krasnoyarsk,3.64505937,0.0,0.65,0.49,,,,,,,,,,,,,,,,,,,,,,,,,,1.8052507271809533,72.9011874,0.0,,,,,,,,,,,,,,,,,0.0,0.0,23.484375,0.2809421720517009,0.0,0.0,0.821953125,0.9832976021809532,1.8052507271809533,76,,,0.0033764490711127,Information
322460,6244.0,14617.46465,RUS,Russia,Krasnoyarsk,1.265756213,0.0,0.65,0.49,,,,,,,,,,,,,,,,,,,,,,,,,,0.3066927958430595,25.31512426,0.0,,,,,,,,,,,,,,,,,0.0,0.0,5.203125,0.035595263098017,0.0,0.0,0.182109375,0.1245834208430595,0.3066927958430595,1203,,,1.9514907795246428e-08,Information
322610,6273.0,15053.12473,RUS,Russia,Krasnoyarsk,1.455628566,0.0,0.65,0.49,,,,,,,,,,,,,,,,,,,,,,,,,,4.63641445778663,29.11257132,0.0,,,,,,,,,,,,,,,,,0.0,0.0,79.59375,0.5287523450818944,0.0,0.0,2.78578125,1.8506332077866303,4.63641445778663,48461,,,0.0031941822503456,Information
322621,6274.0,1821.303863,RUS,Russia,Krasnoyarsk,0.066522134,0.0,0.65,0.49,,,,,,,,,,,,,,,,,,,,,,,,,,2.8751205677097182,1.33044268,0.0,,,,,,,,,,,,,,,,,0.0,0.0,12.65625,0.6949005193456338,0.0,0.0,0.44296875,2.4321518177097183,2.8751205677097182,0,,,0.000203362099039,Information
322624,6277.0,9014.252805,RUS,Russia,Krasnoyarsk,3.127303143,0.0,0.65,0.49,,,,,,,,,,,,,,,,,,,,,,,,,,0.4048971472574836,62.54606285999999,0.0,,,,,,,,,,,,,,,,,0.0,0.0,5.484375,0.0608411492164239,0.0,0.0,0.191953125,0.2129440222574836,0.4048971472574836,22688,,,2.9880371646579178e-06,Information
322625,6278.0,53.59493439,RUS,Russia,Krasnoyarsk,1.164416357,0.0,0.65,0.49,,,,,,,,,,,,,,,,,,,,,,,,,,2.769806780798601,23.28832714,0.0,,,,,,,,,,,,,,,,,0.0,0.0,0.421875,0.7871546159424574,0.0,0.0,0.014765625,2.755041155798601,2.769806780798601,0,,,0.0004480338736448,Information
322627,6280.0,5271.286182,RUS,Russia,Krasnoyarsk,3.669876994,0.0,0.65,0.49,,,,,,,,,,,,,,,,,,,,,,,,,,0.2566623141929399,73.39753988,0.0,,,,,,,,,,,,,,,,,0.0,0.0,2.53125,0.0480195897694114,0.0,0.0,0.08859375,0.1680685641929399,0.2566623141929399,129,,,1.7336548601583606e-06,Information
322674,6316.0,6676.791585,RUS,Russia,Krasnoyarsk,4.009801926,0.0,0.65,0.49,,,,,,,,,,,,,,,,,,,,,,,,,,0.2950438067170807,80.19603852,0.0,,,,,,,,,,,,,,,,,0.0,0.0,3.375,0.0505482304905945,0.0,0.0,0.118125,0.1769188067170807,0.2950438067170807,1875,,,1.2967033997391495e-05,Information
322675,6317.0,3336.079711,RUS,Russia,Krasnoyarsk,0.901531707,0.0,0.65,0.49,,,,,,,,,,,,,,,,,,,,,,,,,,1.042793254321677,18.03063414,0.0,,,,,,,,,,,,,,,,,0.0,0.0,7.453125,0.2234096798061933,0.0,0.0,0.260859375,0.7819338793216766,1.042793254321677,0,,,6.372363738607088e-06,Information
322697,6337.0,9677.567938,MNG,Mongolia,Hövsgöl,4.026130015,0.0,0.62,0.53,,,,,,,,,,,,,,,,,,,,,,,,,,0.4903789862673747,80.5226003,0.0,,,,,,,,,,,,,,,,,0.0,0.0,6.890625,0.0712020317906785,0.0,0.0,0.241171875,0.2492071112673747,0.4903789862673747,1450,,,0.0001157821991292,Information
322698,6338.0,2852.243046,MNG,Mongolia,Hövsgöl,4.054446092,0.0,0.62,0.53,,,,,,,,,,,,,,,,,,,,,,,,,,0.3548484906797659,81.08892184,0.0,,,,,,,,,,,,,,,,,0.0,0.0,2.25,0.0788852830513617,0.0,0.0,0.07875,0.2760984906797659,0.3548484906797659,0,,,3.5069721195050815e-05,Information
322699,6339.0,7961.035071,MNG,Mongolia,Hövsgöl,4.088653193,0.0,0.62,0.53,,,,,,,,,,,,,,,,,,,,,,,,,,2.2763878796745702,81.77306386,0.0,,,,,,,,,,,,,,,,,0.0,0.0,28.828125,0.3621152870498771,0.0,0.0,1.008984375,1.26740350467457,2.2763878796745702,8187,,,0.0187485273070543,Information
322722,6342.0,10808.52621,RUS,Russia,Krasnoyarsk,2.508378906,0.0,0.65,0.49,,,,,,,,,,,,,,,,,,,,,,,,,,0.4737785843111345,50.16757812,0.0,,,,,,,,,,,,,,,,,0.0,0.0,7.03125,0.0650528098031813,0.0,0.0,0.24609375,0.2276848343111345,0.4737785843111345,45790,,,1.6145578757476658e-06,Information
322725,6345.0,17720.15539,RUS,Russia,Krasnoyarsk,1.969988432,0.0,0.65,0.49,,,,,,,,,,,,,,,,,,,,,,,,,,0.877735301680082,39.399768640000005,0.0,,,,,,,,,,,,,,,,,0.0,0.0,16.03125,0.0904690147657377,0.0,0.0,0.56109375,0.3166415516800819,0.877735301680082,12665,,,1.1442396993507056e-05,Information
322728,6348.0,3913.679969,RUS,Russia,Irkutsk,2.193038679,0.0,0.65,0.49,,,,,,,,,,,,,,,,,,,,,,,,,,0.2274734070947677,43.86077358,0.0,,,,,,,,,,,,,,,,,0.0,0.0,1.828125,0.0467111520270765,0.0,0.0,0.063984375,0.1634890320947677,0.2274734070947677,9492,,,1.808938250090633e-08,Information
322732,6351.0,13653.99458,RUS,Russia,Krasnoyarsk,2.498410392,0.0,0.65,0.49,,,,,,,,,,,,,,,,,,,,,,,,,,0.35811675207632,49.96820784,0.0,,,,,,,,,,,,,,,,,0.0,0.0,5.90625,0.0432565720218057,0.0,0.0,0.20671875,0.1513980020763199,0.35811675207632,506,,,3.915055447398616e-07,Information
322738,6357.0,30173.17454,RUS,Russia,Irkutsk,1.49884066,0.0,0.65,0.49,,,,,,,,,,,,,,,,,,,,,,,,,,9.449546942815124,29.9768132,0.0,,,,,,,,,,,,,,,,,0.0,0.0,202.78125,0.6720580550900351,0.0,0.0,7.09734375,2.352203192815123,9.449546942815124,49530,,,0.0225961786718577,Information
322752,6369.0,18183.57988,RUS,Russia,Irkutsk,2.279669784,0.0,0.65,0.49,,,,,,,,,,,,,,,,,,,,,,,,,,3.814321991228221,45.59339568,0.0,,,,,,,,,,,,,,,,,0.0,0.0,70.3125,0.386681283208063,0.0,0.0,2.4609375,1.3533844912282205,3.814321991228221,60136,,,0.0039335306199994,Information
322753,6370.0,620.6055115,RUS,Russia,Irkutsk,3.239194484,0.0,0.65,0.49,,,,,,,,,,,,,,,,,,,,,,,,,,22.82619485768601,64.78388968,0.0,,,,,,,,,,,,,,,,,0.0,0.0,38.109375,6.140676209338859,0.0,0.0,1.333828125,21.49236673268601,22.82619485768601,68357,,,0.3322913253687839,Information
322762,6378.0,3746.45693,RUS,Russia,Irkutsk,3.55608623,0.0,0.65,0.49,,,,,,,,,,,,,,,,,,,,,,,,,,3.413205332408669,71.1217246,0.0,,,,,,,,,,,,,,,,,0.0,0.0,26.578125,0.7094202735453342,0.0,0.0,0.930234375,2.4829709574086696,3.413205332408669,3237,,,0.0163626342866856,Information
322772,6387.0,2638.228585,RUS,Russia,Buryat,3.924065304,0.0,0.65,0.49,,,,,,,,,,,,,,,,,,,,,,,,,,0.1414671533797781,78.48130608,0.0,,,,,,,,,,,,,,,,,0.0,0.0,0.84375,0.0319816866799366,0.0,0.0,0.02953125,0.1119359033797781,0.1414671533797781,9693,,,2.522286119546489e-07,Information
322788,6402.0,2123.580821,RUS,Russia,Zabaykal'ye,4.012935666,0.0,0.65,0.49,,,,,,,,,,,,,,,,,,,,,,,,,,0.1123964744060707,80.25871332,0.0,,,,,,,,,,,,,,,,,0.0,0.0,0.5625,0.0264882784017345,0.0,0.0,0.0196875,0.0927089744060707,0.1123964744060707,15,,,1.1803122891278853e-07,Information
322861,6419.0,6807.179412,MNG,Mongolia,Bulgan,1.569863962,0.0,0.62,0.53,,,,,,,,,,,,,,,,,,,,,,,,,,0.6805283870003773,31.39727924,0.0,,,,,,,,,,,,,,,,,0.0,0.0,7.875,0.1156866820001078,0.0,0.0,0.275625,0.4049033870003773,0.6805283870003773,119820,,,1.982410947261563e-06,Information
331210,6460.0,8120.984769,RUS,Russia,Krasnoyarsk,4.029384992,0.0,0.65,0.49,,,,,,,,,,,,,,,,,,,,,,,,,,1.7901576699061108,80.58769984,0.0,,,,,,,,,,,,,,,,,0.0,0.0,22.921875,0.2822548699731745,0.0,0.0,0.802265625,0.9878920449061108,1.7901576699061108,0,,,0.0085720385182071,Information
331768,6571.0,3306.87807,RUS,Russia,Sakha,3.326503336,0.0,0.65,0.49,,,,,,,,,,,,,,,,,,,,,,,,,,1.128920685857939,66.53006672000001,0.0,,,,,,,,,,,,,,,,,0.0,0.0,8.015625,0.2423925173879826,0.0,0.0,0.280546875,0.8483738108579391,1.128920685857939,0,,,0.0003502472934913,Information
342467,6756.0,7722.418078,RUS,Russia,Sakha,0.33818852,0.0,0.65,0.49,,,,,,,,,,,,,,,,,,,,,,,,,,2.575343090247765,6.7637704,0.0,,,,,,,,,,,,,,,,,0.0,0.0,32.0625,0.4151873114993614,0.0,0.0,1.1221875,1.4531555902477649,2.575343090247765,16,,,0.0001658766612839,Information
342487,6766.0,5171.705563,RUS,Russia,Sakha,3.101981812,0.0,0.65,0.49,,,,,,,,,,,,,,,,,,,,,,,,,,0.2454596527184221,62.03963624,0.0,,,,,,,,,,,,,,,,,0.0,0.0,2.390625,0.0462250793481206,0.0,0.0,0.083671875,0.1617877777184221,0.2454596527184221,0,,,2.3135284315025277e-07,Information
342497,6775.0,1257.826486,RUS,Russia,Sakha,4.012460798,0.0,0.65,0.49,,,,,,,,,,,,,,,,,,,,,,,,,,2.2025937336205788,80.24921596,0.0,,,,,,,,,,,,,,,,,0.0,0.0,7.03125,0.5589999953201653,0.0,0.0,0.24609375,1.9564999836205783,2.2025937336205788,0,,,0.0141336163927619,Information
342636,6818.0,3561.43073,RUS,Russia,Sakha,0.618414234,0.0,0.65,0.49,,,,,,,,,,,,,,,,,,,,,,,,,,0.7871561238548233,12.36828468,0.0,,,,,,,,,,,,,,,,,0.0,0.0,5.90625,0.1658392496728066,0.0,0.0,0.20671875,0.5804373738548232,0.7871561238548233,0,,,1.2236506762103744e-06,Information
342637,6819.0,5755.942149,RUS,Russia,Sakha,1.008724151,0.0,0.65,0.49,,,,,,,,,,,,,,,,,,,,,,,,,,4.338248334439652,20.17448302,0.0,,,,,,,,,,,,,,,,,0.0,0.0,45.28125,0.7866870241256149,0.0,0.0,1.58484375,2.753404584439652,4.338248334439652,171,,,0.0017934726770102,Information
342639,6821.0,3049.729476,RUS,Russia,Sakha,1.570277268,0.0,0.65,0.49,,,,,,,,,,,,,,,,,,,,,,,,,,1.4321209038292009,31.40554536,0.0,,,,,,,,,,,,,,,,,0.0,0.0,9.5625,0.3135524010940573,0.0,0.0,0.3346875,1.0974334038292006,1.4321209038292009,155,,,5.462895325984756e-05,Information
342661,6824.0,7138.184611,RUS,Russia,Amur,3.381074514,0.0,0.65,0.49,,,,,,,,,,,,,,,,,,,,,,,,,,1.9143556982759025,67.62149027999999,0.0,,,,,,,,,,,,,,,,,0.0,0.0,22.78125,0.3191462709359721,0.0,0.0,0.79734375,1.1170119482759022,1.9143556982759025,1989,,,0.0023411578852631,Information
342663,6826.0,84.94301438,RUS,Russia,Amur,3.803839769,0.0,0.65,0.49,,,,,,,,,,,,,,,,,,,,,,,,,,9.34967128442401,76.07679538000001,0.0,,,,,,,,,,,,,,,,,0.0,0.0,2.25,2.6488346526925746,0.0,0.0,0.07875,9.270921284424013,9.34967128442401,269,,,0.1737350686821476,Information
342664,6827.0,3992.999671,RUS,Russia,Zabaykal'ye,2.498898013,0.0,0.65,0.49,,,,,,,,,,,,,,,,,,,,,,,,,,0.5346921684772619,49.97796026,0.0,,,,,,,,,,,,,,,,,0.0,0.0,4.359375,0.1091754409935034,0.0,0.0,0.152578125,0.3821140434772619,0.5346921684772619,20,,,2.8324166063008107e-06,Information
342665,6828.0,1583.668561,RUS,Russia,Amur,2.654388384,0.0,0.65,0.49,,,,,,,,,,,,,,,,,,,,,,,,,,0.7560172452735788,53.087767680000006,0.0,,,,,,,,,,,,,,,,,0.0,0.0,2.953125,0.1864736772210225,0.0,0.0,0.103359375,0.6526578702735788,0.7560172452735788,231,,,1.8299028151158934e-05,Information
342666,6829.0,2886.295124,RUS,Russia,Amur,2.033770101,0.0,0.65,0.49,,,,,,,,,,,,,,,,,,,,,,,,,,0.1757955609757697,40.67540202,0.0,,,,,,,,,,,,,,,,,0.0,0.0,1.125,0.0389773031359342,0.0,0.0,0.039375,0.1364205609757697,0.1757955609757697,16,,,2.916830811327495e-09,Information
342667,6830.0,100.4749723,RUS,Russia,Amur,3.211524528,0.0,0.65,0.49,,,,,,,,,,,,,,,,,,,,,,,,,,1.4843480156306514,64.23049055999999,0.0,,,,,,,,,,,,,,,,,0.0,0.0,0.421875,0.419880683037329,0.0,0.0,0.014765625,1.4695823906306515,1.4843480156306514,0,,,0.0007310056166246,Information
342862,6859.0,2746.652266,RUS,Russia,Irkutsk,2.65739135,0.0,0.65,0.49,,,,,,,,,,,,,,,,,,,,,,,,,,0.205572750906483,53.14782700000001,0.0,,,,,,,,,,,,,,,,,0.0,0.0,1.265625,0.0460788216875666,0.0,0.0,0.044296875,0.1612758759064831,0.205572750906483,19,,,2.834285512373033e-08,Information
342863,6860.0,3176.583763,RUS,Russia,Irkutsk,3.734332262,0.0,0.65,0.49,,,,,,,,,,,,,,,,,,,,,,,,,,5.001948082507754,74.68664524,0.0,,,,,,,,,,,,,,,,,0.0,0.0,34.453125,1.084596773573644,0.0,0.0,1.205859375,3.796088707507754,5.001948082507754,93,,,0.0524547257454004,Information
342864,6861.0,4773.034844,RUS,Russia,Buryat,2.105345663,0.0,0.65,0.49,,,,,,,,,,,,,,,,,,,,,,,,,,1.1425282851173433,42.10691326,0.0,,,,,,,,,,,,,,,,,0.0,0.0,10.546875,0.2209679028906695,0.0,0.0,0.369140625,0.7733876601173433,1.1425282851173433,47,,,4.33010743215911e-05,Information
342867,6864.0,3702.89913,RUS,Russia,Irkutsk,3.405050546,0.0,0.65,0.49,,,,,,,,,,,,,,,,,,,,,,,,,,0.6010562242233349,68.10101092,0.0,,,,,,,,,,,,,,,,,0.0,0.0,4.640625,0.1253240997780957,0.0,0.0,0.162421875,0.4386343492233349,0.6010562242233349,40,,,3.568959872326223e-05,Information
342869,6866.0,6612.164907,RUS,Russia,Irkutsk,3.114759095,0.0,0.65,0.49,,,,,,,,,,,,,,,,,,,,,,,,,,0.9026845249976894,62.2951819,0.0,,,,,,,,,,,,,,,,,0.0,0.0,10.265625,0.1552536142850541,0.0,0.0,0.359296875,0.5433876499976894,0.9026845249976894,9638,,,9.49186405340968e-05,Information
342870,6867.0,20161.04975,RUS,Russia,Irkutsk,3.572747594,0.0,0.65,0.49,,,,,,,,,,,,,,,,,,,,,,,,,,1.9438726902699768,71.45495188,0.0,,,,,,,,,,,,,,,,,0.0,0.0,37.125,0.1841421972199936,0.0,0.0,1.299375,0.6444976902699775,1.9438726902699768,49560,,,0.0036069930722628,Information
342893,6871.0,6281.304993,RUS,Russia,Irkutsk,3.279607474,0.0,0.65,0.49,,,,,,,,,,,,,,,,,,,,,,,,,,0.3061830550207254,65.59214948,0.0,,,,,,,,,,,,,,,,,0.0,0.0,3.375,0.0537308728630644,0.0,0.0,0.118125,0.1880580550207254,0.3061830550207254,342,,,1.168505540247925e-06,Information
342895,6873.0,474.457601,RUS,Russia,Irkutsk,4.030130293,0.0,0.65,0.49,,,,,,,,,,,,,,,,,,,,,,,,,,0.4346350096924969,80.60260586,0.0,,,,,,,,,,,,,,,,,0.0,0.0,0.5625,0.1185564313407134,0.0,0.0,0.0196875,0.4149475096924969,0.4346350096924969,6043,,,7.282028492756228e-05,Information
342899,6877.0,9123.558036,RUS,Russia,Irkutsk,3.176476191,0.0,0.65,0.49,,,,,,,,,,,,,,,,,,,,,,,,,,0.3301300193089042,63.52952382,0.0,,,,,,,,,,,,,,,,,0.0,0.0,4.5,0.0493228626596869,0.0,0.0,0.1575,0.1726300193089041,0.3301300193089042,521,,,1.2707505625473036e-06,Information
342992,6903.0,10611.00198,RUS,Russia,Zabaykal'ye,2.468207105,0.0,0.65,0.49,,,,,,,,,,,,,,,,,,,,,,,,,,0.1434050840075287,49.3641421,0.0,,,,,,,,,,,,,,,,,0.0,0.0,2.109375,0.0198791311450082,0.0,0.0,0.073828125,0.0695769590075287,0.1434050840075287,0,,,2.2222087111797744e-09,Information
342996,6907.0,10124.56712,RUS,Russia,Buryat,3.379650999,0.0,0.65,0.49,,,,,,,,,,,,,,,,,,,,,,,,,,0.1663142971115843,67.59301998,0.0,,,,,,,,,,,,,,,,,0.0,0.0,2.390625,0.0236121206033098,0.0,0.0,0.083671875,0.0826424221115842,0.1663142971115843,2331,,,6.738075756324985e-08,Information
342998,6909.0,6625.242944,RUS,Russia,Buryat,2.410024621,0.0,0.65,0.49,,,,,,,,,,,,,,,,,,,,,,,,,,1.9143814177671945,48.20049242,0.0,,,,,,,,,,,,,,,,,0.0,0.0,21.796875,0.3289973693620555,0.0,0.0,0.762890625,1.1514907927671942,1.9143814177671945,8055,,,0.0004869047885374,Information
342999,6910.0,18440.76508,RUS,Russia,Buryat,3.813860052,0.0,0.65,0.49,,,,,,,,,,,,,,,,,,,,,,,,,,0.3719537997135657,76.27720104,0.0,,,,,,,,,,,,,,,,,0.0,0.0,6.890625,0.0373662642038759,0.0,0.0,0.241171875,0.1307819247135656,0.3719537997135657,1930,,,1.6234371276832172e-05,Information
351464,7002.0,1487.33912,RUS,Russia,Sakha,1.932102926,0.0,0.65,0.49,,,,,,,,,,,,,,,,,,,,,,,,,,3.383218350717289,38.64205852,0.0,,,,,,,,,,,,,,,,,0.0,0.0,12.515625,0.841477564490654,0.0,0.0,0.438046875,2.945171475717289,3.383218350717289,17,,,0.0018783686566277,Information
351465,7003.0,423.0890221,RUS,Russia,Sakha,2.320511667,0.0,0.65,0.49,,,,,,,,,,,,,,,,,,,,,,,,,,6.183942548389566,46.41023334,0.0,,,,,,,,,,,,,,,,,0.0,0.0,7.171875,1.6951219781113045,0.0,0.0,0.251015625,5.932926923389566,6.183942548389566,0,,,0.0154094922348924,Information
351467,7005.0,446.9644708,RUS,Russia,Sakha,1.773421457,0.0,0.65,0.49,,,,,,,,,,,,,,,,,,,,,,,,,,0.8052778157795011,35.46842914,0.0,,,,,,,,,,,,,,,,,0.0,0.0,0.984375,0.2202356259370003,0.0,0.0,0.034453125,0.7708246907795011,0.8052778157795011,0,,,5.833417954806193e-06,Information
351826,7043.0,3053.999577,RUS,Russia,Chukot,3.266970476,0.0,0.65,0.49,,,,,,,,,,,,,,,,,,,,,,,,,,1.6620048729279016,65.33940952,0.0,,,,,,,,,,,,,,,,,0.0,0.0,11.109375,0.3637647851222576,0.0,0.0,0.388828125,1.2731767479279017,1.6620048729279016,0,,,0.0011924356362375,Information
351827,7044.0,265.0200479,RUS,Russia,Chukot,3.677732885,0.0,0.65,0.49,,,,,,,,,,,,,,,,,,,,,,,,,,36.063125,73.5546577,0.0,3.0,,,,,,,,,,,,,,,,0.0,0.0,30.375,11.461397067450374,0.0,0.0,1.063125,35.0,36.063125,134,0.0,0.0,0.621792077077169,Watch
351842,7049.0,6068.06394,RUS,Russia,Chukot,4.036179633,0.0,0.65,0.49,,,,,,,,,,,,,,,,,,,,,,,,,,0.8992761457751124,80.72359266,0.0,,,,,,,,,,,,,,,,,0.0,0.0,9.703125,0.1599047916500321,0.0,0.0,0.339609375,0.5596667707751124,0.8992761457751124,0,,,0.0010881787755826,Information
351843,7050.0,1643.880721,RUS,Russia,Chukot,4.013081703,0.0,0.65,0.49,,,,,,,,,,,,,,,,,,,,,,,,,,21.40555027290041,80.26163406,0.0,,,,,,,,,,,,,,,,,0.0,0.0,86.34375,5.252434006542972,0.0,0.0,3.02203125,18.383519022900405,21.40555027290041,1308,,,0.5323132185068467,Advisory
354196,7160.0,10956.8874,RUS,Russia,Kamchatka,3.496898398,0.0,0.65,0.49,,,,,,,,,,,,,,,,,,,,,,,,,,16.822661786221886,69.93796796,0.0,,,,,,,,,,,,,,,,,0.0,0.0,251.296875,2.293506046063396,0.0,0.0,8.795390625,8.027271161221886,16.822661786221886,250,,,0.2807765788095028,Information
354220,7164.0,7231.915353,RUS,Russia,Kamchatka,0.156674319,0.0,0.65,0.49,,,,,,,,,,,,,,,,,,,,,,,,,,10.296872000280167,3.13348638,0.0,,,,,,,,,,,,,,,,,0.0,0.0,123.46875,1.7072759286514767,0.0,0.0,4.32140625,5.9754657502801685,10.296872000280167,159,,,0.0124970558453686,Information
354242,7167.0,2949.23459,RUS,Russia,Kamchatka,0.964335072,0.0,0.65,0.49,,,,,,,,,,,,,,,,,,,,,,,,,,15.34347423113632,19.28670144,0.0,,,,,,,,,,,,,,,,,0.0,0.0,99.84375,3.385412280324663,0.0,0.0,3.49453125,11.848942981136322,15.34347423113632,0,,,0.0484357951358597,Information
354243,7168.0,1075.941345,RUS,Russia,Kamchatka,1.534853292,0.0,0.65,0.49,,,,,,,,,,,,,,,,,,,,,,,,,,38.98671875,30.69706584,0.0,,,,,,,,,,,,,,,,,0.0,0.0,113.90625,10.586659817276932,0.0,0.0,3.98671875,35.0,38.98671875,2963,,,0.2825556378572679,Advisory
354244,7169.0,6213.837814,RUS,Russia,Kamchatka,1.628978572,0.0,0.65,0.49,,,,,,,,,,,,,,,,,,,,,,,,,,4.405047650740399,32.57957144,0.0,,,,,,,,,,,,,,,,,0.0,0.0,48.234375,0.7762412930686855,0.0,0.0,1.688203125,2.7168445257404,4.405047650740399,53,,,0.0031840783141875,Information
354245,7170.0,8463.298835,RUS,Russia,Kamchatka,2.332883941,0.0,0.65,0.49,,,,,,,,,,,,,,,,,,,,,,,,,,12.83122463432572,46.65767882,0.0,,,,,,,,,,,,,,,,,0.0,0.0,168.046875,1.9855954312359207,0.0,0.0,5.881640625,6.949584009325722,12.83122463432572,597,,,0.0771005126582205,Information
354246,7171.0,8476.184941,RUS,Russia,Kamchatka,2.07667752,0.0,0.65,0.49,,,,,,,,,,,,,,,,,,,,,,,,,,1.1265014515508969,41.5335504,0.0,,,,,,,,,,,,,,,,,0.0,0.0,14.765625,0.1742013075859705,0.0,0.0,0.516796875,0.6097045765508967,1.1265014515508969,1927,,,3.9184090522210383e-05,Information
354247,7172.0,153.6418667,RUS,Russia,Kamchatka,2.814796219,0.0,0.65,0.49,,,,,,,,,,,,,,,,,,,,,,,,,,9.107535593195182,56.29592438,0.0,,,,,,,,,,,,,,,,,0.0,0.0,3.9375,2.5627780266271944,0.0,0.0,0.1378125,8.969723093195181,9.107535593195182,0,,,0.0584009956967185,Information
354248,7173.0,2851.729334,RUS,Russia,Kamchatka,3.115314729,0.0,0.65,0.49,,,,,,,,,,,,,,,,,,,,,,,,,,2.3955630335680853,62.30629458,0.0,,,,,,,,,,,,,,,,,0.0,0.0,15.1875,0.5325715810194529,0.0,0.0,0.5315625,1.8640005335680847,2.3955630335680853,41,,,0.0029267696793759,Information
354249,7174.0,18843.03355,RUS,Russia,Kamchatka,3.009822698,0.0,0.65,0.49,,,,,,,,,,,,,,,,,,,,,,,,,,2.0944282615925225,60.19645396,0.0,,,,,,,,,,,,,,,,,0.0,0.0,39.09375,0.2074705747407207,0.0,0.0,1.36828125,0.7261470115925225,2.0944282615925225,9322,,,0.0016164682360288,Information
354260,7176.0,6559.769095,RUS,Russia,Kamchatka,3.426733013,3.328562889,0.65,0.49,,,,,,,,,,,,,,,,,,,,,,,,,,4.535124026557838,68.53466026000001,66.57125778,,,,,,,,,,,,,,,,,0.0,0.0,51.328125,0.7824684718736683,0.0,0.0,1.796484375,2.738639651557839,4.535124026557838,31,,,0.0263705825399537,Information
354280,7178.0,5041.253827,RUS,Russia,Kamchatka,2.069678995,0.0,0.65,0.49,,,,,,,,,,,,,,,,,,,,,,,,,,0.4992924193927121,41.3935799,0.0,,,,,,,,,,,,,,,,,0.0,0.0,4.78125,0.0948424769693463,0.0,0.0,0.16734375,0.331948669392712,0.4992924193927121,47753,,,9.423613044291156e-07,Information
354420,7181.0,10751.84149,RUS,Russia,Kamchatka,1.792725199,0.0,0.65,0.49,,,,,,,,,,,,,,,,,,,,,,,,,,2.735878810812149,35.85450398,0.0,,,,,,,,,,,,,,,,,0.0,0.0,40.5,0.3766796602320424,0.0,0.0,1.4175,1.3183788108121484,2.735878810812149,2323,,,0.0008033128530903,Information
354431,7182.0,26367.98866,RUS,Russia,Kamchatka,2.193116341,4.002289842,0.65,0.49,,,,,,,,,,,,,,,,,,,,,,,,,,1.663178812725443,43.86232682,80.04579684,,,,,,,,,,,,,,,,,0.0,0.0,34.453125,0.1306626964929837,0.0,0.0,1.205859375,0.457319437725443,1.663178812725443,2333,,,0.0064828671072465,Information
354432,7183.0,4618.04845,RUS,Russia,Kamchatka,2.633540063,3.630186343,0.65,0.49,,,,,,,,,,,,,,,,,,,,,,,,,,2.4771859955495525,52.67080126,72.60372686,,,,,,,,,,,,,,,,,0.0,0.0,22.359375,0.4841736772998721,0.0,0.0,0.782578125,1.6946078705495524,2.4771859955495525,296,,,0.0081242870200777,Information
354433,7184.0,1674.683432,RUS,Russia,Kamchatka,1.015946628,4.009459501,0.65,0.49,,,,,,,,,,,,,,,,,,,,,,,,,,1.5440291062781049,20.31893256,80.18919002000001,,,,,,,,,,,,,,,,,0.0,0.0,6.328125,0.3778699232223157,0.0,0.0,0.221484375,1.322544731278105,1.5440291062781049,49,,,0.005357901935956,Information
354434,7185.0,4015.547553,RUS,Russia,Kamchatka,1.462238995,0.0,0.65,0.49,,,,,,,,,,,,,,,,,,,,,,,,,,0.4466519390728541,29.2447799,0.0,,,,,,,,,,,,,,,,,0.0,0.0,3.65625,0.0910523397351012,0.0,0.0,0.12796875,0.3186831890728542,0.4466519390728541,9,,,2.039837954845653e-07,Information
354435,7186.0,541.6302757,RUS,Russia,Kamchatka,0.762512345,4.007571912,0.65,0.49,,,,,,,,,,,,,,,,,,,,,,,,,,7.471882443755327,15.2502469,80.15143824,,,,,,,,,,,,,,,,,0.0,0.0,10.96875,2.025136055358665,0.0,0.0,0.38390625,7.087976193755328,7.471882443755327,33,,,0.1642883929079991,Information
354436,7187.0,4187.498367,RUS,Russia,Kamchatka,2.562840519,0.0,0.65,0.49,,,,,,,,,,,,,,,,,,,,,,,,,,3.9354441789712,51.25681038,0.0,,,,,,,,,,,,,,,,,0.0,0.0,33.1875,0.7925376225632,0.0,0.0,1.1615625,2.7738816789712,3.9354441789712,0,,,0.0059256431932316,Information
354438,7189.0,3978.28761,RUS,Russia,Kamchatka,3.011272577,2.152697845,0.65,0.49,,,,,,,,,,,,,,,,,,,,,,,,,,0.3458743614368094,60.22545154,43.0539569,,,,,,,,,,,,,,,,,0.0,0.0,2.8125,0.0706962461248027,0.0,0.0,0.0984375,0.2474368614368094,0.3458743614368094,28,,,1.043011232736538e-06,Information
354440,7191.0,11560.16567,RUS,Russia,Kamchatka,2.21017858,3.035824438,0.65,0.49,,,,,,,,,,,,,,,,,,,,,,,,,,0.982205570911172,44.2035716,60.71648876,,,,,,,,,,,,,,,,,0.0,0.0,15.046875,0.1301614131174777,0.0,0.0,0.526640625,0.4555649459111719,0.982205570911172,695,,,0.0001126750435128,Information
354496,7201.0,3145.393936,RUS,Russia,Kamchatka,3.099329996,0.0,0.65,0.49,,,,,,,,,,,,,,,,,,,,,,,,,,15.57130528939107,61.98659992,0.0,,,,,,,,,,,,,,,,,0.0,0.0,106.453125,3.384413118397448,0.0,0.0,3.725859375,11.84544591439107,15.57130528939107,22,,,0.1860601081594001,Information
354497,7202.0,1837.947127,RUS,Russia,Kamchatka,3.447981073,0.0,0.65,0.49,,,,,,,,,,,,,,,,,,,,,,,,,,15.026308594433656,68.95962146,0.0,,,,,,,,,,,,,,,,,0.0,0.0,66.65625,3.6266685269810446,0.0,0.0,2.33296875,12.693339844433655,15.026308594433656,63,,,0.2340768673479502,Information
411001,7254.0,29945.84097,RUS,Russia,Sakhalin,2.916329297,1.093215418,0.65,0.49,,,,,,,,,,,,,,,,,,,,,,,,,,0.9716891424577055,58.32658594,21.86430836,,,,,,,,,,,,,,,,,0.0,0.0,20.8125,0.0695004692736302,0.0,0.0,0.7284375,0.2432516424577057,0.9716891424577055,115068,,,8.543927616685203e-05,Information
411006,7259.0,7163.198536,RUS,Russia,Sakhalin,0.227214647,0.0,0.65,0.49,,,,,,,,,,,,,,,,,,,,,,,,,,2.051970278610652,4.54429294,0.0,,,,,,,,,,,,,,,,,0.0,0.0,24.46875,0.3415897224601863,0.0,0.0,0.85640625,1.195564028610652,2.051970278610652,11484,,,6.155177015028441e-05,Information
412003,7263.0,3322.072736,RUS,Russia,Sakhalin,1.008937112,0.0,0.65,0.49,,,,,,,,,,,,,,,,,,,,,,,,,,5.388351151730943,20.17874224,0.0,,,,,,,,,,,,,,,,,0.0,0.0,38.390625,1.155622650494555,0.0,0.0,1.343671875,4.044679276730943,5.388351151730943,6525,,,0.0035136220045886,Information
413055,7280.0,4324.667028,JPN,Japan,Kumamoto,1.420803016,3.2007303,0.78,0.31,,,,,,,,,,,,,,,,,,,,,,,,,,0.5542955058594943,28.41606032,64.014606,,,,,,,,,,,,,,,,,0.0,0.0,4.78125,0.1105576445312841,0.0,0.0,0.16734375,0.3869517558594943,0.5542955058594943,1763871,,,1.501950097589196e-05,Information
413056,7281.0,2802.498179,JPN,Japan,Fukuoka,1.960033853,0.468848006,0.78,0.31,,,,,,,,,,,,,,,,,,,,,,,,,,0.1124216532803542,39.20067706,9.37696012,,,,,,,,,,,,,,,,,0.0,0.0,0.703125,0.0250892223658155,0.0,0.0,0.024609375,0.0878122782803542,0.1124216532803542,1066437,,,1.5561655655795907e-10,Information
414000,16139.0,275.7419416,JPN,Japan,Shizuoka,0.001284847,1.077965923,0.78,0.31,,,,,,,,,,,,,,,,,,,,,,,,,,6.969867727929739,0.02569694,21.55931846,,,,,,,,,,,,,,,,,0.0,0.0,5.34375,1.9379532794084968,0.0,0.0,0.18703125,6.782836477929739,6.969867727929739,12228,,,0.0077443383096861,Information
421030,7288.0,691.5306402,RUS,Russia,Khabarovsk,0.470519597,0.0,0.65,0.49,,,,,,,,,,,,,,,,,,,,,,,,,,15.371293202984914,9.41039194,0.0,,,,,,,,,,,,,,,,,0.0,0.0,28.40625,4.10773555799569,0.0,0.0,0.99421875,14.377074452984914,15.371293202984914,203,,,0.038044990742624,Information
421044,7292.0,38106.13466,RUS,Russia,Khabarovsk,2.11226282,0.0,0.65,0.49,,,,,,,,,,,,,,,,,,,,,,,,,,1.5906554210631438,42.2452564,0.0,,,,,,,,,,,,,,,,,0.0,0.0,36.0,0.0944729774466125,0.0,0.0,1.26,0.3306554210631437,1.5906554210631438,18,,,0.0001640375586305,Information
421050,7298.0,1978.059207,RUS,Russia,Khabarovsk,0.0,4.020334706,0.65,0.49,,,,,,,,,,,,,,,,,,,,,,,,,,2.8015966031811947,0.0,80.40669412,,,,,,,,,,,,,,,,,0.0,0.0,13.21875,0.6682686723374842,0.0,0.0,0.46265625,2.3389403531811945,2.8015966031811947,1161,,,0.0258875793571609,Information
421070,7300.0,4583.854964,RUS,Russia,Khabarovsk,1.097704939,0.0,0.65,0.49,,,,,,,,,,,,,,,,,,,,,,,,,,9.912330149008516,21.95409878,0.0,,,,,,,,,,,,,,,,,0.0,0.0,89.015625,1.9419380782881468,0.0,0.0,3.115546875,6.796783274008514,9.912330149008516,0,,,0.0195317349438919,Information
421080,7301.0,12076.281,RUS,Russia,Khabarovsk,1.010686355,0.0,0.65,0.49,,,,,,,,,,,,,,,,,,,,,,,,,,0.4858665974565512,20.2137271,0.0,,,,,,,,,,,,,,,,,0.0,0.0,7.59375,0.0628815278447289,0.0,0.0,0.26578125,0.2200853474565511,0.4858665974565512,524,,,1.6877772431840374e-07,Information
421090,7302.0,14705.86429,RUS,Russia,Khabarovsk,3.849425215,2.210480181,0.65,0.49,,,,,,,,,,,,,,,,,,,,,,,,,,9.633098539681198,76.9885043,44.20960362,,,,,,,,,,,,,,,,,0.0,0.0,163.828125,1.1140326184803422,0.0,0.0,5.733984375,3.8991141646811975,9.633098539681198,22282,,,0.1919346941660566,Information
422064,7321.0,4098.312234,CHN,China,Nei Mongol,3.758255382,0.0,0.59,0.57,,,,,,,,,,,,,,,,,,,,,,,,,,0.1354511351293754,75.16510764,0.0,,,,,,,,,,,,,,,,,0.0,0.0,1.125,0.0274503243226787,0.0,0.0,0.039375,0.0960761351293754,0.1354511351293754,4232,,,9.371348912114007e-08,Information
422066,7323.0,7545.136855,CHN,China,Nei Mongol,1.625888289,0.0,0.59,0.57,,,,,,,,,,,,,,,,,,,,,,,,,,0.5722558259583039,32.51776578,0.0,,,,,,,,,,,,,,,,,0.0,0.0,7.03125,0.0931891645595154,0.0,0.0,0.24609375,0.3261620759583039,0.5722558259583039,2265,,,9.209763931743342e-07,Information
422067,7324.0,396.4588902,CHN,China,Nei Mongol,1.999960085,0.0,0.59,0.57,,,,,,,,,,,,,,,,,,,,,,,,,,1.4197456431899256,39.9992017,0.0,,,,,,,,,,,,,,,,,0.0,0.0,1.546875,0.3901728623399787,0.0,0.0,0.054140625,1.3656050181899255,1.4197456431899256,5,,,9.060006023477674e-05,Information
422069,7326.0,11981.75878,CHN,China,Nei Mongol,3.041287777,0.0,0.59,0.57,,,,,,,,,,,,,,,,,,,,,,,,,,0.1805936356917997,60.82575554,0.0,,,,,,,,,,,,,,,,,0.0,0.0,2.8125,0.0234731816262285,0.0,0.0,0.0984375,0.0821561356917997,0.1805936356917997,220297,,,3.7341233025930367e-08,Information
422080,7328.0,7718.961399,CHN,China,Nei Mongol,0.461808209,0.0,0.59,0.57,,,,,,,,,,,,,,,,,,,,,,,,,,0.1581750601946004,9.23616418,0.0,,,,,,,,,,,,,,,,,0.0,0.0,1.96875,0.0255053743413144,0.0,0.0,0.06890625,0.0892688101946004,0.1581750601946004,67905,,,1.0605004008400891e-10,Information
422110,7330.0,8421.97221,RUS,Russia,Khabarovsk,3.357952855,0.0,0.65,0.49,,,,,,,,,,,,,,,,,,,,,,,,,,0.1399575240512662,67.1590571,0.0,,,,,,,,,,,,,,,,,0.0,0.0,1.828125,0.0217066140146475,0.0,0.0,0.063984375,0.0759731490512662,0.1399575240512662,6930,,,2.4063873754264743e-08,Information
422122,7332.0,3162.278363,RUS,Russia,Khabarovsk,1.24841117,0.0,0.65,0.49,,,,,,,,,,,,,,,,,,,,,,,,,,0.5531275862809432,24.9682234,0.0,,,,,,,,,,,,,,,,,0.0,0.0,3.796875,0.1200677032231266,0.0,0.0,0.132890625,0.4202369612809431,0.5531275862809432,0,,,4.552001719376725e-07,Information
422125,7335.0,6069.959368,RUS,Russia,Khabarovsk,1.932711994,0.0,0.65,0.49,,,,,,,,,,,,,,,,,,,,,,,,,,0.6254618310290179,38.65423988,0.0,,,,,,,,,,,,,,,,,0.0,0.0,6.75,0.1112033802940051,0.0,0.0,0.23625,0.3892118310290178,0.6254618310290179,84,,,2.261353936725226e-06,Information
422128,7338.0,3291.351289,RUS,Russia,Khabarovsk,2.076345996,0.0,0.65,0.49,,,,,,,,,,,,,,,,,,,,,,,,,,0.1987583939695252,41.526919920000005,0.0,,,,,,,,,,,,,,,,,0.0,0.0,1.40625,0.0427256125627215,0.0,0.0,0.04921875,0.1495396439695252,0.1987583939695252,1856,,,6.5700988209980364e-09,Information
422129,7339.0,13289.03848,RUS,Russia,Khabarovsk,3.307391,0.0,0.65,0.49,,,,,,,,,,,,,,,,,,,,,,,,,,0.3450234158965275,66.14782,0.0,,,,,,,,,,,,,,,,,0.0,0.0,5.625,0.0423281188275793,0.0,0.0,0.196875,0.1481484158965275,0.3450234158965275,8116,,,2.2575104014602293e-06,Information
422137,7346.0,6733.268925,RUS,Russia,Khabarovsk,0.86155118,0.0,0.65,0.49,,,,,,,,,,,,,,,,,,,,,,,,,,0.9785328214952748,17.2310236,0.0,,,,,,,,,,,,,,,,,0.0,0.0,11.25,0.1670808061415071,0.0,0.0,0.39375,0.5847828214952748,0.9785328214952748,1915,,,4.545115672965264e-06,Information
422138,7347.0,1480.387587,RUS,Russia,Khabarovsk,1.253223019,0.0,0.65,0.49,,,,,,,,,,,,,,,,,,,,,,,,,,0.1526763211407959,25.06446038,0.0,,,,,,,,,,,,,,,,,0.0,0.0,0.5625,0.0379968060402274,0.0,0.0,0.0196875,0.1329888211407959,0.1526763211407959,51,,,2.8946403918868105e-10,Information
422140,7349.0,22002.06037,RUS,Russia,Khabarovsk,2.382262458,0.0,0.65,0.49,,,,,,,,,,,,,,,,,,,,,,,,,,1.5391595023223286,47.64524916,0.0,,,,,,,,,,,,,,,,,0.0,0.0,30.234375,0.1374161078063796,0.0,0.0,1.058203125,0.4809563773223286,1.5391595023223286,10673,,,0.0002103022576527,Information
422152,7351.0,1530.318899,RUS,Russia,Khabarovsk,0.735349741,0.0,0.65,0.49,,,,,,,,,,,,,,,,,,,,,,,,,,0.5933486241850023,14.706994819999998,0.0,,,,,,,,,,,,,,,,,0.0,0.0,2.25,0.1470281783385721,0.0,0.0,0.07875,0.5145986241850024,0.5933486241850023,7959,,,3.381204362150058e-07,Information
422158,7357.0,1330.86779,RUS,Russia,Khabarovsk,0.044626601,0.0,0.65,0.49,,,,,,,,,,,,,,,,,,,,,,,,,,0.9637994492702604,0.89253202,0.0,,,,,,,,,,,,,,,,,0.0,0.0,3.234375,0.2430275212200744,0.0,0.0,0.113203125,0.8505963242702604,0.9637994492702604,343,,,1.8013536774573963e-06,Information
422159,7358.0,1675.9353,RUS,Russia,Khabarovsk,0.293062128,0.0,0.65,0.49,,,,,,,,,,,,,,,,,,,,,,,,,,4.937731870853187,5.861242559999999,0.0,,,,,,,,,,,,,,,,,0.0,0.0,20.25,1.208280534529482,0.0,0.0,0.70875,4.228981870853187,4.937731870853187,9835,,,0.0015998903129686,Information
422160,7359.0,22677.05125,RUS,Russia,Khabarovsk,2.971500083,0.0,0.65,0.49,,,,,,,,,,,,,,,,,,,,,,,,,,0.3900762842265026,59.43000166,0.0,,,,,,,,,,,,,,,,,0.0,0.0,7.734375,0.0341066169218579,0.0,0.0,0.270703125,0.1193731592265026,0.3900762842265026,11941,,,1.7049858245469652e-06,Information
422187,7367.0,2379.83597,RUS,Russia,Khabarovsk,4.009321064,0.0,0.65,0.49,,,,,,,,,,,,,,,,,,,,,,,,,,0.1792241320399106,80.18642127999999,0.0,,,,,,,,,,,,,,,,,0.0,0.0,0.984375,0.0413631448685459,0.0,0.0,0.034453125,0.1447710070399106,0.1792241320399106,64,,,1.2663117973248458e-06,Information
422435,7419.0,33.7262688,CHN,China,Heilongjiang,2.157512471,0.0,0.59,0.57,,,,,,,,,,,,,,,,,,,,,,,,,,35.319921875,43.15024942,0.0,,,,,,,,,,,,,,,,,0.0,0.0,9.140625,27.102390290170025,0.0,0.0,0.319921875,35.0,35.319921875,18255,,,0.3170497744037633,Advisory
422446,7429.0,1916.556949,CHN,China,Heilongjiang,0.09656393,0.0,0.59,0.57,,,,,,,,,,,,,,,,,,,,,,,,,,8.997191713042955,1.9312786,0.0,,,,,,,,,,,,,,,,,0.0,0.0,41.34375,2.1571887037265585,0.0,0.0,1.44703125,7.550160463042955,8.997191713042955,92740,,,0.0084527634968469,Information
422447,7430.0,3960.578579,CHN,China,Heilongjiang,0.273265057,0.0,0.59,0.57,,,,,,,,,,,,,,,,,,,,,,,,,,50.626953125,5.465301139999999,0.0,,,,,,,,,,,,,,,,,0.0,0.0,446.484375,11.273210871964972,0.0,0.0,15.626953125,35.0,50.626953125,509153,,,0.2661552662683888,Advisory
422496,7466.0,25798.36521,CHN,China,Nei Mongol,2.722830747,0.0,0.59,0.57,,,,,,,,,,,,,,,,,,,,,,,,,,4.739811366677039,54.45661494,0.0,,,,,,,,,,,,,,,,,0.0,0.0,97.59375,0.3782943190505827,0.0,0.0,3.41578125,1.3240301166770394,4.739811366677039,138273,,,0.0118280798678864,Information
422642,7491.0,11316.74486,RUS,Russia,Amur,0.386267128,0.0,0.65,0.49,,,,,,,,,,,,,,,,,,,,,,,,,,0.7046014531048136,7.72534256,0.0,,,,,,,,,,,,,,,,,0.0,0.0,10.6875,0.0944397008870896,0.0,0.0,0.3740625,0.3305389531048135,0.7046014531048136,501,,,5.443386520852511e-07,Information
422645,7494.0,1146.718296,RUS,Russia,Amur,1.98647305,0.0,0.65,0.49,,,,,,,,,,,,,,,,,,,,,,,,,,1.0047086896911157,39.729461,0.0,,,,,,,,,,,,,,,,,0.0,0.0,2.953125,0.2575283756260331,0.0,0.0,0.103359375,0.9013493146911158,1.0047086896911157,43,,,2.1186383746218416e-05,Information
422648,7497.0,8009.785017,RUS,Russia,Amur,2.938139374,0.0,0.65,0.49,,,,,,,,,,,,,,,,,,,,,,,,,,1.2173373128519789,58.76278748,0.0,,,,,,,,,,,,,,,,,0.0,0.0,15.46875,0.193123160814851,0.0,0.0,0.54140625,0.6759310628519786,1.2173373128519789,474,,,0.0002136073475022,Information
422649,7498.0,2923.212291,RUS,Russia,Amur,3.019524168,0.0,0.65,0.49,,,,,,,,,,,,,,,,,,,,,,,,,,0.1087954434492751,60.39048336,0.0,,,,,,,,,,,,,,,,,0.0,0.0,0.703125,0.0240531624140786,0.0,0.0,0.024609375,0.0841860684492751,0.1087954434492751,0,,,1.8468704379964366e-09,Information
422660,7500.0,16051.40562,RUS,Russia,Amur,1.208546914,0.0,0.65,0.49,,,,,,,,,,,,,,,,,,,,,,,,,,3.19527809787456,24.17093828,0.0,,,,,,,,,,,,,,,,,0.0,0.0,56.25,0.3504365993927315,0.0,0.0,1.96875,1.22652809787456,3.19527809787456,9889,,,0.0007706115390486,Information
422684,7505.0,7057.069506,RUS,Russia,Amur,2.079851683,0.0,0.65,0.49,,,,,,,,,,,,,,,,,,,,,,,,,,1.475136772239691,41.59703366,0.0,,,,,,,,,,,,,,,,,0.0,0.0,17.4375,0.2470926492113403,0.0,0.0,0.6103125,0.864824272239691,1.475136772239691,63,,,0.0001172515288054,Information
422790,7528.0,1286.163684,CHN,China,Heilongjiang,1.987307982,0.0,0.59,0.57,,,,,,,,,,,,,,,,,,,,,,,,,,4.8804416534949535,39.74615964,0.0,,,,,,,,,,,,,,,,,0.0,0.0,15.890625,1.235505650998558,0.0,0.0,0.556171875,4.324269778494953,4.8804416534949535,28,,,0.0059798601306175,Information
422862,7544.0,2084.182896,RUS,Russia,Zabaykal'ye,0.16892225,0.0,0.65,0.49,,,,,,,,,,,,,,,,,,,,,,,,,,0.1712234692954338,3.378445,0.0,,,,,,,,,,,,,,,,,0.0,0.0,0.84375,0.0404834912272668,0.0,0.0,0.02953125,0.1416922192954338,0.1712234692954338,5599,,,1.1821922298996217e-10,Information
422864,7546.0,4109.651202,RUS,Russia,Zabaykal'ye,1.016084137,0.0,0.65,0.49,,,,,,,,,,,,,,,,,,,,,,,,,,0.1689825634869372,20.32168274,0.0,,,,,,,,,,,,,,,,,0.0,0.0,1.40625,0.0342182324248392,0.0,0.0,0.04921875,0.1197638134869372,0.1689825634869372,1323,,,3.7312679400636756e-10,Information
422865,7547.0,2907.777724,RUS,Russia,Zabaykal'ye,1.418504294,0.0,0.65,0.49,,,,,,,,,,,,,,,,,,,,,,,,,,0.4369692219182332,28.37008588,0.0,,,,,,,,,,,,,,,,,0.0,0.0,2.8125,0.0967233491194952,0.0,0.0,0.0984375,0.3385317219182332,0.4369692219182332,58946,,,1.7036114280137873e-07,Information
422867,7549.0,8400.330236,RUS,Russia,Zabaykal'ye,1.201166156,0.0,0.65,0.49,,,,,,,,,,,,,,,,,,,,,,,,,,1.4015325551204667,24.02332312,0.0,,,,,,,,,,,,,,,,,0.0,0.0,18.28125,0.2176253728915619,0.0,0.0,0.63984375,0.7616888051204667,1.4015325551204667,138609,,,3.264054502777711e-05,Information
422869,7551.0,6561.679321,RUS,Russia,Zabaykal'ye,2.298914685,0.0,0.65,0.49,,,,,,,,,,,,,,,,,,,,,,,,,,0.3478387650154739,45.9782937,0.0,,,,,,,,,,,,,,,,,0.0,0.0,3.9375,0.0600075042901354,0.0,0.0,0.1378125,0.2100262650154739,0.3478387650154739,1546,,,2.2628421880103195e-07,Information
422891,7554.0,7305.128238,RUS,Russia,Zabaykal'ye,0.823010757,0.0,0.65,0.49,,,,,,,,,,,,,,,,,,,,,,,,,,0.1282538003460342,16.460215140000003,0.0,,,,,,,,,,,,,,,,,0.0,0.0,1.546875,0.0211751929560098,0.0,0.0,0.054140625,0.0741131753460343,0.1282538003460342,45361,,,4.6145714084917015e-11,Information
422892,7555.0,6923.137727,RUS,Russia,Zabaykal'ye,0.185081555,0.0,0.65,0.49,,,,,,,,,,,,,,,,,,,,,,,,,,0.1203118756039833,3.7016311,0.0,,,,,,,,,,,,,,,,,0.0,0.0,1.40625,0.0203123216011381,0.0,0.0,0.04921875,0.0710931256039833,0.1203118756039833,51386,,,1.1536827884826406e-11,Information
422895,7558.0,3610.972205,RUS,Russia,Zabaykal'ye,3.617859005,0.0,0.65,0.49,,,,,,,,,,,,,,,,,,,,,,,,,,0.2040742769919371,72.35718010000001,0.0,,,,,,,,,,,,,,,,,0.0,0.0,1.546875,0.0428381862834106,0.0,0.0,0.054140625,0.1499336519919371,0.2040742769919371,812,,,4.585571408758608e-07,Information
422936,7579.0,8830.13012,RUS,Russia,Zabaykal'ye,0.285666356,0.0,0.65,0.49,,,,,,,,,,,,,,,,,,,,,,,,,,0.6507414745158295,5.713327120000001,0.0,,,,,,,,,,,,,,,,,0.0,0.0,8.71875,0.0987386355759513,0.0,0.0,0.30515625,0.3455852245158295,0.6507414745158295,70922,,,3.2458724545892365e-07,Information
422937,7580.0,216.3247551,CHN,China,Nei Mongol,3.110968932,0.0,0.59,0.57,,,,,,,,,,,,,,,,,,,,,,,,,,0.232444379233096,62.21937864,0.0,,,,,,,,,,,,,,,,,0.0,0.0,0.140625,0.0650064297808846,0.0,0.0,0.004921875,0.227522504233096,0.232444379233096,187,,,1.7818338920047969e-07,Information
422939,7582.0,252.6797506,RUS,Russia,Zabaykal'ye,1.009660479,0.0,0.65,0.49,,,,,,,,,,,,,,,,,,,,,,,,,,2.196798470692474,20.19320958,0.0,,,,,,,,,,,,,,,,,0.0,0.0,1.546875,0.6121879559121355,0.0,0.0,0.054140625,2.142657845692474,2.196798470692474,0,,,0.0001636927411034,Information
422961,7585.0,6203.100026,CHN,China,Nei Mongol,2.149706233,0.0,0.59,0.57,,,,,,,,,,,,,,,,,,,,,,,,,,0.7585285298825455,42.99412466,0.0,,,,,,,,,,,,,,,,,0.0,0.0,8.296875,0.1337536871092987,0.0,0.0,0.290390625,0.4681379048825454,0.7585285298825455,8937,,,7.818120767404305e-06,Information
422963,7587.0,464.4842492,CHN,China,Nei Mongol,2.813479149,0.0,0.59,0.57,,,,,,,,,,,,,,,,,,,,,,,,,,2.217723572161211,56.26958298,0.0,,,,,,,,,,,,,,,,,0.0,0.0,2.8125,0.6055103063317746,0.0,0.0,0.0984375,2.119286072161211,2.217723572161211,8514,,,0.0014339068113899,Information
422964,7588.0,20484.17682,CHN,China,Nei Mongol,2.119256372,0.0,0.59,0.57,,,,,,,,,,,,,,,,,,,,,,,,,,1.560149223431352,42.385127440000005,0.0,,,,,,,,,,,,,,,,,0.0,0.0,29.953125,0.1462256709803863,0.0,0.0,1.048359375,0.5117898484313521,1.560149223431352,531727,,,0.0001536902397931,Information
422965,7589.0,446.4810175,CHN,China,Nei Mongol,3.739950578,0.0,0.59,0.57,,,,,,,,,,,,,,,,,,,,,,,,,,1.0364303200232567,74.79901156,0.0,,,,,,,,,,,,,,,,,0.0,0.0,1.265625,0.2834666985780734,0.0,0.0,0.044296875,0.9921334450232568,1.0364303200232567,141777,,,0.000708659130021,Information
422970,7594.0,2533.007061,RUS,Russia,Zabaykal'ye,1.376678132,0.0,0.65,0.49,,,,,,,,,,,,,,,,,,,,,,,,,,6.356089020382136,27.533562640000003,0.0,,,,,,,,,,,,,,,,,0.0,0.0,36.703125,1.448994184394896,0.0,0.0,1.284609375,5.071479645382135,6.356089020382136,253867,,,0.0074724761923631,Information
423040,7618.0,7683.736915,RUS,Russia,Primor'ye,3.050237018,0.0,0.65,0.49,,,,,,,,,,,,,,,,,,,,,,,,,,0.181239193573355,61.00474036,0.0,,,,,,,,,,,,,,,,,0.0,0.0,2.25,0.0292826267352443,0.0,0.0,0.07875,0.102489193573355,0.181239193573355,6,,,3.9068676982678855e-08,Information
423051,7619.0,11211.70598,RUS,Russia,Primor'ye,3.064900219,3.018276693,0.65,0.49,,,,,,,,,,,,,,,,,,,,,,,,,,0.4097199912448453,61.29800438,60.36553386,,,,,,,,,,,,,,,,,0.0,0.0,6.1875,0.0551878546413844,0.0,0.0,0.2165625,0.1931574912448453,0.4097199912448453,1418,,,2.7056890774157757e-06,Information
423054,7621.0,3144.459642,RUS,Russia,Primor'ye,2.376768147,0.0,0.65,0.49,,,,,,,,,,,,,,,,,,,,,,,,,,0.1234464321307479,47.53536294,0.0,,,,,,,,,,,,,,,,,0.0,0.0,0.84375,0.0268329091802137,0.0,0.0,0.02953125,0.0939151821307479,0.1234464321307479,446,,,7.149045923509672e-10,Information
424905,7699.0,1111.619781,CHN,China,Liaoning,1.239675026,3.278701241,0.59,0.57,,,,,,,,,,,,,,,,,,,,,,,,,,7.3797720071079,24.79350052,65.57402481999999,,,,,,,,,,,,,,,,,0.0,0.0,21.09375,1.8975687877451144,0.0,0.0,0.73828125,6.6414907571079,7.3797720071079,1033241,,,0.0617718130527193,Information
424906,7700.0,696.4790584,CHN,China,Liaoning,0.181267287,0.0,0.59,0.57,,,,,,,,,,,,,,,,,,,,,,,,,,1.814155893901312,3.62534574,0.0,,,,,,,,,,,,,,,,,0.0,0.0,3.375,0.4845802554003748,0.0,0.0,0.118125,1.6960308939013118,1.814155893901312,233271,,,3.554276076309968e-05,Information
431205,7710.0,697.1259466,CHN,China,Hebei,3.319245286,0.0,0.59,0.57,,,,,,,,,,,,,,,,,,,,,,,,,,0.3776212679014769,66.38490572,0.0,,,,,,,,,,,,,,,,,0.0,0.0,0.703125,0.1008605408289934,0.0,0.0,0.024609375,0.3530118929014769,0.3776212679014769,296685,,,3.580624307557092e-06,Information
431207,7712.0,3793.836465,CHN,China,Hebei,3.055797401,0.0,0.59,0.57,,,,,,,,,,,,,,,,,,,,,,,,,,0.196847421921549,61.11594802,0.0,,,,,,,,,,,,,,,,,0.0,0.0,1.546875,0.040773370549014,0.0,0.0,0.054140625,0.142706796921549,0.196847421921549,304009,,,6.254050347366008e-08,Information
431208,7713.0,2057.383636,CHN,China,Hebei,3.260313599,0.0,0.59,0.57,,,,,,,,,,,,,,,,,,,,,,,,,,0.3749831302432491,65.20627198,0.0,,,,,,,,,,,,,,,,,0.0,0.0,1.828125,0.0888567872123569,0.0,0.0,0.063984375,0.3109987552432491,0.3749831302432491,35115,,,2.944840826521984e-06,Information
431626,7725.0,4391.904563,CHN,China,Hebei,0.805631851,0.0,0.59,0.57,,,,,,,,,,,,,,,,,,,,,,,,,,0.1451571609289802,16.11263702,0.0,,,,,,,,,,,,,,,,,0.0,0.0,1.265625,0.0288172245511372,0.0,0.0,0.044296875,0.1008602859289802,0.1451571609289802,693503,,,1.0126294302828568e-10,Information
431645,7734.0,105.8687227,CHN,China,Hebei,4.035313036,0.0,0.59,0.57,,,,,,,,,,,,,,,,,,,,,,,,,,35.782578125,80.70626071999999,0.0,3.0,,,,,,,,,,,,,,,,0.0,0.0,22.359375,21.1199062698989,0.0,0.0,0.782578125,35.0,35.782578125,38424,4965.0,12.92,0.7316070080723358,Watch
431646,7735.0,9508.882902,CHN,China,Hebei,2.693332789,0.0,0.59,0.57,,,,,,,,,,,,,,,,,,,,,,,,,,0.4140162041027211,53.86665578,0.0,,,,,,,,,,,,,,,,,0.0,0.0,5.765625,0.0606340940293489,0.0,0.0,0.201796875,0.2122193291027211,0.4140162041027211,4405514,,,1.2181693294182971e-06,Information
431649,7738.0,5171.643827,CHN,China,Hebei,1.816373613,0.0,0.59,0.57,,,,,,,,,,,,,,,,,,,,,,,,,,1.588280837863723,36.32747226,0.0,,,,,,,,,,,,,,,,,0.0,0.0,15.46875,0.2991070251039209,0.0,0.0,0.54140625,1.0468745878637231,1.588280837863723,1092801,,,0.0001116427247991,Information
431669,7748.0,16794.79383,CHN,China,Shanxi,1.246557704,0.0,0.59,0.57,,,,,,,,,,,,,,,,,,,,,,,,,,0.5889352998484095,24.93115408,0.0,,,,,,,,,,,,,,,,,0.0,0.0,10.546875,0.062798478528117,0.0,0.0,0.369140625,0.2197946748484095,0.5889352998484095,2502429,,,6.240505752917563e-07,Information
432040,7758.0,7408.037875,CHN,China,Nei Mongol,0.043276723,0.0,0.59,0.57,,,,,,,,,,,,,,,,,,,,,,,,,,1.017793986977274,0.8655344600000001,0.0,,,,,,,,,,,,,,,,,0.0,0.0,12.375,0.1670482819935068,0.0,0.0,0.433125,0.5846689869772738,1.017793986977274,68519,,,2.337812380154811e-06,Information
432290,7789.0,10737.6412,CHN,China,Gansu,2.057489851,0.0,0.59,0.57,,,,,,,,,,,,,,,,,,,,,,,,,,0.1901126623141235,41.14979702,0.0,,,,,,,,,,,,,,,,,0.0,0.0,2.8125,0.026192903518321,0.0,0.0,0.0984375,0.0916751623141235,0.1901126623141235,2009401,,,4.8717725190990015e-09,Information
432402,7792.0,2057.136637,CHN,China,Shanxi,0.218107588,0.0,0.59,0.57,,,,,,,,,,,,,,,,,,,,,,,,,,0.1153909143546872,4.36215176,0.0,,,,,,,,,,,,,,,,,0.0,0.0,0.5625,0.0273438326727678,0.0,0.0,0.0196875,0.0957034143546873,0.1153909143546872,786114,,,9.086333866137896e-12,Information
432757,7832.0,337.8569109,CHN,China,Ningxia Hui,3.277821206,0.0,0.59,0.57,,,,,,,,,,,,,,,,,,,,,,,,,,6.6264506212466046,65.55642412,0.0,,,,,,,,,,,,,,,,,0.0,0.0,6.1875,1.8313966060704585,0.0,0.0,0.2165625,6.409888121246604,6.6264506212466046,204780,,,0.0496503626271109,Information
432805,7844.0,13043.36283,CHN,China,Qinghai,3.016616942,0.0,0.59,0.57,,,,,,,,,,,,,,,,,,,,,,,,,,0.4695486782634253,60.332338840000006,0.0,,,,,,,,,,,,,,,,,0.0,0.0,7.59375,0.0582192652181215,0.0,0.0,0.26578125,0.2037674282634252,0.4695486782634253,319986,,,4.571251133909325e-06,Information
432920,7851.0,25485.99227,CHN,China,Gansu,2.62142272,0.0,0.59,0.57,,,,,,,,,,,,,,,,,,,,,,,,,,2.412285186279785,52.4284544,0.0,,,,,,,,,,,,,,,,,0.0,0.0,49.5,0.1942243389370815,0.0,0.0,1.7325,0.6797851862797852,2.412285186279785,2190311,,,0.0014334496072133,Information
432957,7861.0,2120.692512,CHN,China,Qinghai,0.820869755,0.0,0.59,0.57,,,,,,,,,,,,,,,,,,,,,,,,,,1.125227407849504,16.4173951,0.0,,,,,,,,,,,,,,,,,0.0,0.0,5.625,0.2652435450998583,0.0,0.0,0.196875,0.928352407849504,1.125227407849504,45262,,,8.242445740601642e-06,Information
432959,7863.0,422.8215853,CHN,China,Qinghai,0.618818488,0.0,0.59,0.57,,,,,,,,,,,,,,,,,,,,,,,,,,2.0625650515435923,12.37636976,0.0,,,,,,,,,,,,,,,,,0.0,0.0,2.390625,0.5653980504410264,0.0,0.0,0.083671875,1.9788931765435924,2.0625650515435923,4211,,,8.87350391112001e-05,Information
432980,7866.0,7687.586557,CHN,China,Sichuan,1.489048017,0.0,0.59,0.57,,,,,,,,,,,,,,,,,,,,,,,,,,26.88375035980985,29.78096034,0.0,,,,,,,,,,,,,,,,,0.0,0.0,333.84375,4.342634031374244,0.0,0.0,11.68453125,15.199219109809851,26.88375035980985,73838,,,0.1685030817842505,Information
432991,7867.0,2633.15126,CHN,China,Gansu,0.364799944,0.0,0.59,0.57,,,,,,,,,,,,,,,,,,,,,,,,,,16.36438554179485,7.29599888,0.0,,,,,,,,,,,,,,,,,0.0,0.0,97.453125,3.7010074762271,0.0,0.0,3.410859375,12.95352616679485,16.36438554179485,8405,,,0.0414320548160689,Information
432999,7875.0,3087.476002,CHN,China,Qinghai,1.406590985,0.0,0.59,0.57,,,,,,,,,,,,,,,,,,,,,,,,,,0.3129494167629087,28.1318197,0.0,,,,,,,,,,,,,,,,,0.0,0.0,2.109375,0.0683203690751168,0.0,0.0,0.073828125,0.2391212917629087,0.3129494167629087,33,,,2.7161458437647486e-08,Information
434292,7919.0,4077.099901,CHN,China,Henan,2.631778299,0.0,0.59,0.57,,,,,,,,,,,,,,,,,,,,,,,,,,0.8157059998928977,52.63556598,0.0,,,,,,,,,,,,,,,,,0.0,0.0,6.75,0.1655588571122565,0.0,0.0,0.23625,0.5794559998928978,0.8157059998928977,3005910,,,2.4371596789752715e-05,Information
434428,7944.0,2756.138539,CHN,China,Jiangxi,2.622620758,0.0,0.59,0.57,,,,,,,,,,,,,,,,,,,,,,,,,,0.1822379201247846,52.45241516,0.0,,,,,,,,,,,,,,,,,0.0,0.0,1.125,0.0408179771785099,0.0,0.0,0.039375,0.1428629201247846,0.1822379201247846,1172200,,,1.3169912856280768e-08,Information
434501,7961.0,2328.106752,CHN,China,Jiangxi,3.457843694,0.0,0.59,0.57,,,,,,,,,,,,,,,,,,,,,,,,,,12.48416756639367,69.15687388,0.0,,,,,,,,,,,,,,,,,0.0,0.0,67.359375,2.89331126896962,0.0,0.0,2.357578125,10.126589441393673,12.48416756639367,1789650,,,0.1828777122235274,Information
434502,7962.0,5270.171772,CHN,China,Hubei,0.558857522,0.0,0.59,0.57,,,,,,,,,,,,,,,,,,,,,,,,,,1.2977502583877696,11.177150440000002,0.0,,,,,,,,,,,,,,,,,0.0,0.0,12.796875,0.2428170381107913,0.0,0.0,0.447890625,0.8498596333877696,1.2977502583877696,1033333,,,1.1893479496096614e-05,Information
434505,7965.0,216.216568,CHN,China,Hubei,0.164323121,0.0,0.59,0.57,,,,,,,,,,,,,,,,,,,,,,,,,,5.581397361129531,3.28646242,0.0,,,,,,,,,,,,,,,,,0.0,0.0,3.375,1.560934960322723,0.0,0.0,0.118125,5.463272361129531,5.581397361129531,413453,,,0.002170108710113,Information
434507,7967.0,130.6238542,CHN,China,Hubei,1.139952902,0.0,0.59,0.57,,,,,,,,,,,,,,,,,,,,,,,,,,11.451583153574784,22.79905804,0.0,,,,,,,,,,,,,,,,,0.0,0.0,4.21875,3.2296934010213665,0.0,0.0,0.14765625,11.303926903574784,11.451583153574784,70599,,,0.0281772811399602,Information
434660,7975.0,16185.15035,CHN,China,Shaanxi,2.405394131,0.0,0.59,0.57,,,,,,,,,,,,,,,,,,,,,,,,,,5.359002723922808,48.10788262,0.0,,,,,,,,,,,,,,,,,0.0,0.0,94.640625,0.5847373854065167,0.0,0.0,3.312421875,2.046580848922808,5.359002723922808,2379238,,,0.0115919956869193,Information
434691,7978.0,4217.261738,CHN,China,Hubei,1.170358366,0.0,0.59,0.57,,,,,,,,,,,,,,,,,,,,,,,,,,2.074082350854823,23.407167320000003,0.0,,,,,,,,,,,,,,,,,0.0,0.0,17.578125,0.4168137073870924,0.0,0.0,0.615234375,1.4588479758548234,2.074082350854823,542039,,,0.000153698874961,Information
434692,7979.0,5663.936201,CHN,China,Shaanxi,1.422697168,0.0,0.59,0.57,,,,,,,,,,,,,,,,,,,,,,,,,,0.1088937915248421,28.45394336,0.0,,,,,,,,,,,,,,,,,0.0,0.0,1.125,0.0198625118642406,0.0,0.0,0.039375,0.0695187915248421,0.1088937915248421,349023,,,4.357146308306492e-11,Information
434697,7984.0,18353.47591,CHN,China,Shaanxi,3.277593828,0.0,0.59,0.57,,,,,,,,,,,,,,,,,,,,,,,,,,2.2734727314065544,65.55187656,0.0,,,,,,,,,,,,,,,,,0.0,0.0,42.046875,0.2290948875447298,0.0,0.0,1.471640625,0.8018321064065543,2.2734727314065544,2630781,,,0.0032824429104305,Information
434698,7985.0,4623.136506,CHN,China,Shaanxi,2.389423973,0.0,0.59,0.57,,,,,,,,,,,,,,,,,,,,,,,,,,0.2646569592461599,47.78847946,0.0,,,,,,,,,,,,,,,,,0.0,0.0,2.390625,0.0517100240703314,0.0,0.0,0.083671875,0.1809850842461599,0.2646569592461599,569518,,,6.298161734603645e-08,Information
434825,7993.0,1298.78483,CHN,China,Hunan,1.234223538,0.0,0.59,0.57,,,,,,,,,,,,,,,,,,,,,,,,,,2.354983129272376,24.68447076,0.0,,,,,,,,,,,,,,,,,0.0,0.0,7.734375,0.5955085726492503,0.0,0.0,0.270703125,2.084280004272376,2.354983129272376,706109,,,0.000264965166625,Information
434827,7995.0,20344.59202,CHN,China,Hunan,1.454833234,0.0,0.59,0.57,,,,,,,,,,,,,,,,,,,,,,,,,,0.3964210041366656,29.096664680000004,0.0,,,,,,,,,,,,,,,,,0.0,0.0,7.59375,0.0373256440390473,0.0,0.0,0.26578125,0.1306397541366655,0.3964210041366656,7796252,,,1.0708634176550493e-07,Information
434828,7996.0,9247.355234,CHN,China,Guangxi,1.137228123,0.0,0.59,0.57,,,,,,,,,,,,,,,,,,,,,,,,,,0.3073302824870159,22.74456246,0.0,,,,,,,,,,,,,,,,,0.0,0.0,4.21875,0.0456211521391474,0.0,0.0,0.14765625,0.1596740324870159,0.3073302824870159,1584634,,,1.62923284076371e-08,Information
434829,7997.0,12160.42646,CHN,China,Hunan,1.543140286,0.0,0.59,0.57,,,,,,,,,,,,,,,,,,,,,,,,,,1.11219662561674,30.86280572,0.0,,,,,,,,,,,,,,,,,0.0,0.0,17.4375,0.1433954644619257,0.0,0.0,0.6103125,0.5018841256167399,1.11219662561674,2246066,,,1.815743360064609e-05,Information
434894,8007.0,4227.084441,CHN,China,Hunan,2.632583061,0.0,0.59,0.57,,,,,,,,,,,,,,,,,,,,,,,,,,0.1822209265864288,52.65166122,0.0,,,,,,,,,,,,,,,,,0.0,0.0,1.546875,0.0365943718818368,0.0,0.0,0.054140625,0.1280803015864288,0.1822209265864288,379958,,,1.3483541267076954e-08,Information
434916,8018.0,4418.161663,CHN,China,Chongqing,2.017947707,0.0,0.59,0.57,,,,,,,,,,,,,,,,,,,,,,,,,,0.1766816932718194,40.35895414,0.0,,,,,,,,,,,,,,,,,0.0,0.0,1.546875,0.0350117337919484,0.0,0.0,0.054140625,0.1225410682718194,0.1766816932718194,547195,,,2.911738817557869e-09,Information
434917,8019.0,11604.46056,CHN,China,Chongqing,0.86693408,0.0,0.59,0.57,,,,,,,,,,,,,,,,,,,,,,,,,,1.0537725715472217,17.3386816,0.0,,,,,,,,,,,,,,,,,0.0,0.0,16.171875,0.1393591275849204,0.0,0.0,0.566015625,0.4877569465472213,1.0537725715472217,1799571,,,6.432901660944141e-06,Information
434918,8020.0,5177.337887,CHN,China,Chongqing,1.84145695,0.0,0.59,0.57,,,,,,,,,,,,,,,,,,,,,,,,,,0.9522776881899412,36.829139,0.0,,,,,,,,,,,,,,,,,0.0,0.0,9.28125,0.1792668394828403,0.0,0.0,0.32484375,0.6274339381899411,0.9522776881899412,1541877,,,1.365913378864541e-05,Information
434944,8035.0,39003.11136,CHN,China,Sichuan,1.85429834,0.0,0.59,0.57,,,,,,,,,,,,,,,,,,,,,,,,,,0.5132548652315571,37.0859668,0.0,,,,,,,,,,,,,,,,,0.0,0.0,11.671875,0.0299254972090163,0.0,0.0,0.408515625,0.104739240231557,0.5132548652315571,11261266,,,7.593774745510751e-07,Information
434946,8037.0,28312.84807,CHN,China,Gansu,2.490188341,0.0,0.59,0.57,,,,,,,,,,,,,,,,,,,,,,,,,,0.286391361648533,49.80376682,0.0,,,,,,,,,,,,,,,,,0.0,0.0,6.046875,0.0213573533281523,0.0,0.0,0.211640625,0.074750736648533,0.286391361648533,2564515,,,1.1936374268384586e-07,Information
434949,8040.0,16981.20054,CHN,China,Gansu,3.928462596,0.0,0.59,0.57,,,,,,,,,,,,,,,,,,,,,,,,,,0.1016639105832045,78.56925192,0.0,,,,,,,,,,,,,,,,,0.0,0.0,1.828125,0.0107655815952013,0.0,0.0,0.063984375,0.0376795355832045,0.1016639105832045,868249,,,4.375661241233202e-08,Information
434972,8060.0,15078.12877,CHN,China,Yunnan,1.637085452,0.0,0.59,0.57,,,,,,,,,,,,,,,,,,,,,,,,,,1.2197323104477524,32.74170904,0.0,,,,,,,,,,,,,,,,,0.0,0.0,20.953125,0.138963695842215,0.0,0.0,0.733359375,0.4863729354477524,1.2197323104477524,3216167,,,3.0371091994658264e-05,Information
434981,8068.0,216.0500346,CHN,China,Sichuan,2.580835259,0.0,0.59,0.57,,,,,,,,,,,,,,,,,,,,,,,,,,5.58560850235092,51.61670518,0.0,,,,,,,,,,,,,,,,,0.0,0.0,3.375,1.5621381435288342,0.0,0.0,0.118125,5.46748350235092,5.58560850235092,55258,,,0.0154265875849601,Information
434993,8080.0,16465.86829,CHN,China,Yunnan,4.017156261,0.0,0.59,0.57,,,,,,,,,,,,,,,,,,,,,,,,,,0.1265762054750473,80.34312522,0.0,,,,,,,,,,,,,,,,,0.0,0.0,2.25,0.0136646301357278,0.0,0.0,0.07875,0.0478262054750473,0.1265762054750473,297874,,,2.2636031507691655e-07,Information
435030,8089.0,4653.225086,CHN,China,Zhejiang,4.013004591,2.741384111,0.59,0.57,,,,,,,,,,,,,,,,,,,,,,,,,,4.556769599519527,80.26009181999999,54.82768222,,,,,,,,,,,,,,,,,0.0,0.0,41.34375,0.8884966712912932,0.0,0.0,1.44703125,3.1097383495195263,4.556769599519527,9615994,,,0.0713202707370925,Information
435041,8090.0,1685.067473,CHN,China,Zhejiang,1.240425797,1.807865779,0.59,0.57,,,,,,,,,,,,,,,,,,,,,,,,,,1.1604419650601037,24.808515940000003,36.15731558,,,,,,,,,,,,,,,,,0.0,0.0,4.78125,0.2837423471600296,0.0,0.0,0.16734375,0.9930982150601037,1.1604419650601037,4131376,,,3.066671181143048e-05,Information
435042,8091.0,3551.171765,CHN,China,Zhejiang,3.105946251,0.0,0.59,0.57,,,,,,,,,,,,,,,,,,,,,,,,,,1.089340736142394,62.118925020000006,0.0,,,,,,,,,,,,,,,,,0.0,0.0,8.15625,0.2296777103263983,0.0,0.0,0.28546875,0.8038719861423941,1.089340736142394,2382843,,,0.0001934374330832,Information
435044,8093.0,3437.283062,CHN,China,Zhejiang,3.526927487,0.0,0.59,0.57,,,,,,,,,,,,,,,,,,,,,,,,,,0.1346867233797113,70.53854974000001,0.0,,,,,,,,,,,,,,,,,0.0,0.0,0.984375,0.0286381709656318,0.0,0.0,0.034453125,0.1002335983797113,0.1346867233797113,352731,,,3.5645543084523244e-08,Information
435050,8099.0,29403.35096,CHN,China,Zhejiang,3.277542138,4.001210681,0.59,0.57,,,,,,,,,,,,,,,,,,,,,,,,,,4.907268766553536,65.55084276,80.02421362,,,,,,,,,,,,,,,,,0.0,0.0,104.625,0.3558267904438675,0.0,0.0,3.661875,1.2453937665535362,4.907268766553536,24188936,,,0.0801887108411124,Information
435070,8101.0,22561.41766,CHN,China,Fujian,2.660691337,3.725404679,0.59,0.57,,,,,,,,,,,,,,,,,,,,,,,,,,2.2588875898022507,53.21382674,74.50809358,,,,,,,,,,,,,,,,,0.0,0.0,44.71875,0.1982089542292145,0.0,0.0,1.56515625,0.6937313398022508,2.2588875898022507,11020775,,,0.0076861193196513,Information
435081,8102.0,842.8905866,CHN,China,Fujian,1.87243547,0.0,0.59,0.57,,,,,,,,,,,,,,,,,,,,,,,,,,0.1899440554573737,37.4487094,0.0,,,,,,,,,,,,,,,,,0.0,0.0,0.421875,0.0500509801306782,0.0,0.0,0.014765625,0.1751784304573737,0.1899440554573737,3065705,,,3.375331764754509e-09,Information
435084,8105.0,5458.049128,CHN,China,Fujian,1.717778394,0.0,0.59,0.57,,,,,,,,,,,,,,,,,,,,,,,,,,0.1533347211585035,34.35556788,0.0,,,,,,,,,,,,,,,,,0.0,0.0,1.546875,0.028341170331001,0.0,0.0,0.054140625,0.0991940961585035,0.1533347211585035,602666,,,6.832156897664908e-10,Information
435090,8111.0,3408.858735,CHN,China,Fujian,2.72615682,3.238619229,0.59,0.57,,,,,,,,,,,,,,,,,,,,,,,,,,2.536206940348308,54.5231364,64.77238458000001,,,,,,,,,,,,,,,,,0.0,0.0,18.421875,0.5404118043852307,0.0,0.0,0.644765625,1.891441315348308,2.536206940348308,2597946,,,0.0042546898180619,Information
436647,8158.0,1682.717988,CHN,China,Yunnan,1.626955508,0.0,0.59,0.57,,,,,,,,,,,,,,,,,,,,,,,,,,0.1025142858436788,32.53911016,0.0,,,,,,,,,,,,,,,,,0.0,0.0,0.421875,0.0250710459553368,0.0,0.0,0.014765625,0.0877486608436788,0.1025142858436788,75029,,,4.311772449935916e-11,Information
436696,8188.0,4890.369671,CHN,China,Yunnan,3.674826568,0.0,0.59,0.57,,,,,,,,,,,,,,,,,,,,,,,,,,0.269753367684612,73.49653135999999,0.0,,,,,,,,,,,,,,,,,0.0,0.0,2.53125,0.051759890767032,0.0,0.0,0.08859375,0.181159617684612,0.269753367684612,1708141,,,2.2426822030033946e-06,Information
436701,8192.0,1556.986521,CHN,China,Guangdong,2.216367667,4.017069776,0.59,0.57,,,,,,,,,,,,,,,,,,,,,,,,,,0.3653342034234157,44.32735334,80.34139551999999,,,,,,,,,,,,,,,,,0.0,0.0,1.40625,0.0903187009781188,0.0,0.0,0.04921875,0.3161154534234158,0.3653342034234157,1416051,,,3.367506659687223e-05,Information
436846,8215.0,9548.344386,CHN,China,Yunnan,0.860282173,0.0,0.59,0.57,,,,,,,,,,,,,,,,,,,,,,,,,,0.1108422088677701,17.20564346,0.0,,,,,,,,,,,,,,,,,0.0,0.0,1.546875,0.0162004525336486,0.0,0.0,0.054140625,0.0567015838677701,0.1108422088677701,900392,,,1.8451478693181475e-11,Information
442202,8249.0,22084.03827,KHM,Cambodia,Preah Vihéar,4.095361269,0.0,0.48,0.72,,,,,,,,,,,,,,,,,,,,,,,,,,0.271721942764636,81.90722538,0.0,,,,,,,,,,,,,,,,,0.0,0.0,5.34375,0.024197340789896,0.0,0.0,0.18703125,0.084690692764636,0.271721942764636,1484793,,,1.3435114670601635e-05,Information
442205,8252.0,12262.54006,KHM,Cambodia,Batdombang,4.237144772,0.0,0.48,0.72,,,,,,,,,,,,,,,,,,,,,,,,,,0.1161631036052476,84.74289544,0.0,,,,,,,,,,,,,,,,,0.0,0.0,1.828125,0.0149082081729279,0.0,0.0,0.063984375,0.0521787286052476,0.1161631036052476,1387465,,,5.363637271385505e-07,Information
442206,8253.0,9800.679135,KHM,Cambodia,Otdar Mean Chey,4.154510002,0.0,0.48,0.72,,,,,,,,,,,,,,,,,,,,,,,,,,0.1491577261291053,83.09020004000001,0.0,,,,,,,,,,,,,,,,,0.0,0.0,2.109375,0.0215227431797444,0.0,0.0,0.073828125,0.0753296011291054,0.1491577261291053,1163179,,,1.1190418563817785e-06,Information
442207,8254.0,8236.500259,KHM,Cambodia,Batdombang,4.101909439,0.0,0.48,0.72,,,,,,,,,,,,,,,,,,,,,,,,,,0.3051317444263774,82.03818878,0.0,,,,,,,,,,,,,,,,,0.0,0.0,3.9375,0.0478054984075364,0.0,0.0,0.1378125,0.1673192444263774,0.3051317444263774,981902,,,2.2981526384259666e-05,Information
442208,8255.0,6502.304525,KHM,Cambodia,Bântéay Méanchey,4.025322016,0.0,0.48,0.72,,,,,,,,,,,,,,,,,,,,,,,,,,0.4621783479488837,80.50644032,0.0,,,,,,,,,,,,,,,,,0.0,0.0,5.203125,0.0800197065568239,0.0,0.0,0.182109375,0.2800689729488836,0.4621783479488837,1169407,,,9.132125253857592e-05,Information
442406,8263.0,5133.969289,VNM,Vietnam,??k L?k,1.037545073,0.0,0.56,0.61,,,,,,,,,,,,,,,,,,,,,,,,,,0.2176313322983705,20.75090146,0.0,,,,,,,,,,,,,,,,,0.0,0.0,2.109375,0.0410866306566773,0.0,0.0,0.073828125,0.1438032072983705,0.2176313322983705,388589,,,1.8447056276592421e-09,Information
442642,8272.0,4147.865265,THA,Thailand,Roi Et,1.475658734,0.0,0.61,0.54,,,,,,,,,,,,,,,,,,,,,,,,,,2.61891529870757,29.51317468,0.0,,,,,,,,,,,,,,,,,0.0,0.0,21.9375,0.5288865139164487,0.0,0.0,0.7678125,1.8511027987075703,2.61891529870757,477705,,,0.0004962121828385,Information
442644,8274.0,5004.150319,THA,Thailand,Surin,1.015769176,0.0,0.61,0.54,,,,,,,,,,,,,,,,,,,,,,,,,,0.1033022258550943,20.31538352,0.0,,,,,,,,,,,,,,,,,0.0,0.0,0.984375,0.0196711716728841,0.0,0.0,0.034453125,0.0688491008550943,0.1033022258550943,581076,,,1.4837679237087543e-11,Information
442646,8276.0,5933.059754,THA,Thailand,Buri Ram,1.174473136,0.0,0.61,0.54,,,,,,,,,,,,,,,,,,,,,,,,,,1.2821025874293213,23.48946272,0.0,,,,,,,,,,,,,,,,,0.0,0.0,13.640625,0.2299087749798061,0.0,0.0,0.477421875,0.8046807124293214,1.2821025874293213,515831,,,2.1668650919533643e-05,Information
442647,8277.0,6366.464255,THA,Thailand,Nakhon Ratchasima,2.990025285,0.0,0.61,0.54,,,,,,,,,,,,,,,,,,,,,,,,,,0.2910147335655927,59.8005057,0.0,,,,,,,,,,,,,,,,,0.0,0.0,3.234375,0.0508033167330265,0.0,0.0,0.113203125,0.1778116085655927,0.2910147335655927,768832,,,4.148772018614558e-07,Information
442648,8278.0,4831.222132,THA,Thailand,Nakhon Ratchasima,2.011070171,0.0,0.61,0.54,,,,,,,,,,,,,,,,,,,,,,,,,,2.009565444404125,40.22140342,0.0,,,,,,,,,,,,,,,,,0.0,0.0,18.703125,0.3871303055440357,0.0,0.0,0.654609375,1.354956069404125,2.009565444404125,356198,,,0.0003460000891792,Information
442660,8281.0,8200.673352,THA,Thailand,Kalasin,1.611043737,0.0,0.61,0.54,,,,,,,,,,,,,,,,,,,,,,,,,,0.6117254495051512,32.22087474,0.0,,,,,,,,,,,,,,,,,0.0,0.0,7.875,0.0960286998586146,0.0,0.0,0.275625,0.3361004495051511,0.6117254495051512,788431,,,1.252477651260024e-06,Information
442680,8283.0,15151.49641,THA,Thailand,Khon Kaen,3.185250534,0.0,0.61,0.54,,,,,,,,,,,,,,,,,,,,,,,,,,2.2304964095365354,63.70501068,0.0,,,,,,,,,,,,,,,,,0.0,0.0,38.390625,0.2533784384390101,0.0,0.0,1.343671875,0.8868245345365353,2.2304964095365354,1647550,,,0.0026398373225407,Information
442792,8295.0,4066.775917,THA,Thailand,Udon Thani,0.484613526,0.0,0.61,0.54,,,,,,,,,,,,,,,,,,,,,,,,,,0.3234659023240001,9.69227052,0.0,,,,,,,,,,,,,,,,,0.0,0.0,2.671875,0.0657000792354286,0.0,0.0,0.093515625,0.2299502773240001,0.3234659023240001,554304,,,8.912545846216152e-09,Information
442794,8297.0,4825.778779,LAO,Laos,Xaignabouri,3.741141784,0.0,0.52,0.67,,,,,,,,,,,,,,,,,,,,,,,,,,0.1209680480903993,74.82283568,0.0,,,,,,,,,,,,,,,,,0.0,0.0,1.125,0.0233122994543998,0.0,0.0,0.039375,0.0815930480903993,0.1209680480903993,117903,,,4.694567636873253e-08,Information
442797,8300.0,135.2822516,LAO,Laos,Louangphrabang,4.13012152,0.0,0.52,0.67,,,,,,,,,,,,,,,,,,,,,,,,,,0.7374890903226291,82.6024304,0.0,,,,,,,,,,,,,,,,,0.0,0.0,0.28125,0.2078986686636083,0.0,0.0,0.00984375,0.7276453403226291,0.7374890903226291,10369,,,0.0007865892772239,Information
442915,8308.0,3098.512612,LAO,Laos,Bokeo,4.035995711,0.0,0.52,0.67,,,,,,,,,,,,,,,,,,,,,,,,,,0.5617758407503924,80.71991421999999,0.0,,,,,,,,,,,,,,,,,0.0,0.0,3.796875,0.1225386330715407,0.0,0.0,0.132890625,0.4288852157503924,0.5617758407503924,106231,,,0.0002033288070348,Information
442937,8320.0,2342.992316,CHN,China,Yunnan,0.351436617,0.0,0.59,0.57,,,,,,,,,,,,,,,,,,,,,,,,,,2.126150615625867,7.02873234,0.0,,,,,,,,,,,,,,,,,0.0,0.0,11.53125,0.4921591044645335,0.0,0.0,0.40359375,1.7225568656258672,2.126150615625867,56056,,,7.905361980310473e-05,Information
442953,8326.0,1883.55195,CHN,China,Yunnan,1.420809817,0.0,0.59,0.57,,,,,,,,,,,,,,,,,,,,,,,,,,0.1552634565101592,28.416196340000003,0.0,,,,,,,,,,,,,,,,,0.0,0.0,0.703125,0.0373297375743312,0.0,0.0,0.024609375,0.1306540815101592,0.1552634565101592,70167,,,4.2983012477570754e-10,Information
442955,8328.0,19508.48515,CHN,China,Xizang,3.58028732,0.0,0.59,0.57,,,,,,,,,,,,,,,,,,,,,,,,,,0.5732508042324697,71.6057464,0.0,,,,,,,,,,,,,,,,,0.0,0.0,10.828125,0.0555046940664199,0.0,0.0,0.378984375,0.1942664292324696,0.5732508042324697,351175,,,4.757876492743079e-05,Information
443034,16150.0,2575.210614,KHM,Cambodia,Kaôh Kong,4.16494539,4.000425671,0.48,0.72,,,,,,,,,,,,,,,,,,,,,,,,,,1.1055819135289044,83.2989078,80.00851342000001,,,,,,,,,,,,,,,,,0.0,0.0,6.46875,0.2511930467225441,0.0,0.0,0.22640625,0.8791756635289044,1.1055819135289044,43641,,,0.0033127649960516,Information
443035,8342.0,7479.646207,KHM,Cambodia,Kaôh Kong,4.392790638,4.025496292,0.48,0.72,,,,,,,,,,,,,,,,,,,,,,,,,,6.395241566010998,87.85581276,80.50992584,,,,,,,,,,,,,,,,,0.0,0.0,78.1875,1.0453368760031423,0.0,0.0,2.7365625,3.658679066010998,6.395241566010998,87956,,,0.2606650540136767,Information
443037,16151.0,8891.498421,THA,Thailand,Chanthaburi,3.303144042,3.507410611,0.61,0.54,,,,,,,,,,,,,,,,,,,,,,,,,,5.0404471873055074,66.06288084,70.14821222,,,,,,,,,,,,,,,,,0.0,0.0,67.78125,0.7623152678015735,0.0,0.0,2.37234375,2.668103437305508,5.0404471873055074,751654,,,0.0376403851191834,Information
443038,16152.0,2144.781832,THA,Thailand,Rayong,3.116453549,3.429717574,0.61,0.54,,,,,,,,,,,,,,,,,,,,,,,,,,2.619781246111889,62.32907098,68.59435148,,,,,,,,,,,,,,,,,0.0,0.0,13.21875,0.6163214274605395,0.0,0.0,0.46265625,2.157124996111889,2.619781246111889,325687,,,0.0064976704909699,Information
443039,8344.0,3982.798676,THA,Thailand,Rayong,1.340011927,1.172639011,0.61,0.54,,,,,,,,,,,,,,,,,,,,,,,,,,2.10812404194758,26.80023854,23.45278022,,,,,,,,,,,,,,,,,0.0,0.0,17.15625,0.4307586548421657,0.0,0.0,0.60046875,1.50765529194758,2.10812404194758,2362719,,,0.0001945313671619,Information
443065,8351.0,2133.402618,THA,Thailand,Phichit,3.213029185,0.0,0.61,0.54,,,,,,,,,,,,,,,,,,,,,,,,,,0.6998103699874374,64.2605837,0.0,,,,,,,,,,,,,,,,,0.0,0.0,3.515625,0.1647895699964107,0.0,0.0,0.123046875,0.5767634949874374,0.6998103699874374,153924,,,4.191120834109181e-05,Information
444000,16153.0,4066.270113,MMR,Myanmar,Tanintharyi,4.022528261,4.142983056,0.42,0.81,,,,,,,,,,,,,,,,,,,,,,,,,,8.581117419981092,80.45056521999999,82.85966112,,,,,,,,,,,,,,,,,0.0,0.0,70.875,1.742997834280312,0.0,0.0,2.480625,6.100492419981093,8.581117419981092,69794,,,0.2445093152213392,Information
444031,8361.0,890.0607572,THA,Thailand,Ratchaburi,2.355720896,4.001794375,0.61,0.54,,,,,,,,,,,,,,,,,,,,,,,,,,0.1204401325513494,47.11441792,80.0358875,,,,,,,,,,,,,,,,,0.0,0.0,0.28125,0.0315989664432427,0.0,0.0,0.00984375,0.1105963825513494,0.1204401325513494,135178,,,1.6062069583574456e-07,Information
444033,8363.0,17225.93313,THA,Thailand,Prachuap Khiri Khan,4.041809128,3.052092288,0.61,0.54,,,,,,,,,,,,,,,,,,,,,,,,,,6.713382498281469,80.83618256,61.04184576,,,,,,,,,,,,,,,,,0.0,0.0,121.359375,0.7045155352232767,0.0,0.0,4.247578125,2.4658043732814683,6.713382498281469,1416532,,,0.1471072234479284,Information
444034,8364.0,12905.5221,THA,Thailand,Surat Thani,3.210759279,0.378414585,0.61,0.54,,,,,,,,,,,,,,,,,,,,,,,,,,2.786672163011217,64.21518558,7.5682917,,,,,,,,,,,,,,,,,0.0,0.0,44.859375,0.3475982965746336,0.0,0.0,1.570078125,1.2165940380112177,2.786672163011217,1061483,,,0.0053449517373046,Information
444056,8375.0,6082.923702,MYS,Malaysia,Johor,1.74482977,0.023142485,0.66,0.47,,,,,,,,,,,,,,,,,,,,,,,,,,1.353370019676138,34.896595399999995,0.4628497,,,,,,,,,,,,,,,,,0.0,0.0,14.625,0.2404271484788966,0.0,0.0,0.511875,0.841495019676138,1.353370019676138,616036,,,5.3668343003401305e-05,Information
444072,8381.0,4272.325343,MYS,Malaysia,Kedah,2.309359874,0.0,0.66,0.47,,,,,,,,,,,,,,,,,,,,,,,,,,3.22267916180063,46.18719748,0.0,,,,,,,,,,,,,,,,,0.0,0.0,27.5625,0.64514047480018,0.0,0.0,0.9646875,2.25799166180063,3.22267916180063,541732,,,0.0024365984382169,Information
444076,8385.0,3582.75191,THA,Thailand,Trang,2.789584693,1.511293282,0.61,0.54,,,,,,,,,,,,,,,,,,,,,,,,,,0.4851487982391932,55.79169386,30.22586564,,,,,,,,,,,,,,,,,0.0,0.0,3.65625,0.1020514423540552,0.0,0.0,0.12796875,0.3571800482391932,0.4851487982391932,548590,,,3.207745795885117e-06,Information
445100,8389.0,10663.00557,MMR,Myanmar,Kayin,4.19273623,4.012423556,0.42,0.81,,,,,,,,,,,,,,,,,,,,,,,,,,2.041071459040263,83.85472460000001,80.24847112,,,,,,,,,,,,,,,,,0.0,0.0,30.09375,0.2822257740115037,0.0,0.0,1.05328125,0.987790209040263,2.041071459040263,1209090,,,0.0193128394707987,Information
445200,8390.0,9430.955103,MMR,Myanmar,Kayin,4.114322314,2.116273425,0.42,0.81,,,,,,,,,,,,,,,,,,,,,,,,,,0.8011173584493723,82.28644627999999,42.3254685,,,,,,,,,,,,,,,,,0.0,0.0,11.109375,0.1177969238426778,0.0,0.0,0.388828125,0.4122892334493723,0.8011173584493723,568291,,,0.0009804941099681,Information
445300,8391.0,5223.767907,MMR,Myanmar,Mon,4.101034585,3.059691511,0.42,0.81,,,,,,,,,,,,,,,,,,,,,,,,,,56.81375,82.0206917,61.19383022,3.0,,,,,,,,,,,,,,,,0.0,0.0,623.25,11.93104309173552,0.0,0.0,21.81375,35.0,56.81375,609263,24573.0,4.03,0.8750426962845197,Warning
445410,8392.0,7777.45574,MMR,Myanmar,Kayin,4.077288835,3.784692482,0.42,0.81,,,,,,,,,,,,,,,,,,,,,,,,,,6.42389961665633,81.5457767,75.69384964,,,,,,,,,,,,,,,,,0.0,0.0,80.296875,1.0324311404732371,0.0,0.0,2.810390625,3.61350899165633,6.42389961665633,481030,,,0.1456514090255631,Information
445430,8394.0,4484.56471,THA,Thailand,Mae Hong Son,4.101920484,0.0,0.61,0.54,,,,,,,,,,,,,,,,,,,,,,,,,,0.6835718796682475,82.03840968,0.0,,,,,,,,,,,,,,,,,0.0,0.0,6.046875,0.134837501333785,0.0,0.0,0.211640625,0.4719312546682475,0.6835718796682475,28575,,,0.0005402920898084,Information
445450,8396.0,11964.36885,THA,Thailand,Mae Hong Son,4.001404316,0.0,0.61,0.54,,,,,,,,,,,,,,,,,,,,,,,,,,0.4337113144350146,80.02808632,0.0,,,,,,,,,,,,,,,,,0.0,0.0,6.75,0.0564175184100042,0.0,0.0,0.23625,0.1974613144350147,0.4337113144350146,114542,,,6.414897588612204e-05,Information
445460,8397.0,15375.99729,MMR,Myanmar,Shan,3.422073764,0.0,0.42,0.81,,,,,,,,,,,,,,,,,,,,,,,,,,0.3980214570991508,68.44147527999999,0.0,,,,,,,,,,,,,,,,,0.0,0.0,6.890625,0.0448141663140431,0.0,0.0,0.241171875,0.1568495820991508,0.3980214570991508,350366,,,6.12492226679524e-06,Information
445471,8399.0,14611.86253,MMR,Myanmar,Shan,4.118036836,0.0,0.42,0.81,,,,,,,,,,,,,,,,,,,,,,,,,,0.6963839753324248,82.36073672,0.0,,,,,,,,,,,,,,,,,0.0,0.0,11.8125,0.0808418500949785,0.0,0.0,0.4134375,0.2829464753324248,0.6963839753324248,125986,,,0.000614675358844,Information
445472,8400.0,12454.56084,MMR,Myanmar,Shan,3.132823658,0.0,0.42,0.81,,,,,,,,,,,,,,,,,,,,,,,,,,0.5235506927390075,62.65647316,0.0,,,,,,,,,,,,,,,,,0.0,0.0,8.296875,0.066617162211145,0.0,0.0,0.290390625,0.2331600677390075,0.5235506927390075,361507,,,9.89349272773287e-06,Information
445473,8401.0,3221.866678,MMR,Myanmar,Shan,4.021307544,0.0,0.42,0.81,,,,,,,,,,,,,,,,,,,,,,,,,,0.565553663073505,80.42615088,0.0,,,,,,,,,,,,,,,,,0.0,0.0,3.9375,0.1222117608781443,0.0,0.0,0.1378125,0.427741163073505,0.565553663073505,43824,,,0.0001969446209675,Information
445604,8414.0,1786.875093,MMR,Myanmar,Bago,4.032268487,0.0,0.42,0.81,,,,,,,,,,,,,,,,,,,,,,,,,,12.045060214266949,80.64536973999999,0.0,,,,,,,,,,,,,,,,,0.0,0.0,52.171875,2.919727025504842,0.0,0.0,1.826015625,10.219044589266948,12.045060214266949,115852,,,0.3176511790662147,Information
445606,8416.0,1761.450298,MMR,Myanmar,Mandalay,4.155651664,0.0,0.42,0.81,,,,,,,,,,,,,,,,,,,,,,,,,,4.206598219138069,83.11303328,0.0,,,,,,,,,,,,,,,,,0.0,0.0,18.0,1.0218852054680196,0.0,0.0,0.63,3.5765982191380687,4.206598219138069,107348,,,0.0822814712774938,Information
445607,8417.0,203.6780375,MMR,Myanmar,Mandalay,4.133954193,0.0,0.42,0.81,,,,,,,,,,,,,,,,,,,,,,,,,,7.643720857213385,82.67908386,0.0,,,,,,,,,,,,,,,,,0.0,0.0,4.359375,2.14032649491811,0.0,0.0,0.152578125,7.491142732213385,7.643720857213385,17016,,,0.20666994617147,Information
445824,8433.0,11476.20614,MMR,Myanmar,Sagaing,4.072169495,0.0,0.42,0.81,,,,,,,,,,,,,,,,,,,,,,,,,,2.136868455535949,81.4433899,0.0,,,,,,,,,,,,,,,,,0.0,0.0,32.625,0.2842838444388426,0.0,0.0,1.141875,0.994993455535949,2.136868455535949,453642,,,0.0153289608528506,Information
445828,8437.0,7824.324131,MMR,Myanmar,Kachin,4.230146154,0.0,0.42,0.81,,,,,,,,,,,,,,,,,,,,,,,,,,0.6727412658205683,84.60292308,0.0,,,,,,,,,,,,,,,,,0.0,0.0,8.4375,0.1078367902344481,0.0,0.0,0.2953125,0.3774287658205683,0.6727412658205683,53299,,,0.0008723306742765,Information
445829,8438.0,5985.2885,MMR,Myanmar,Sagaing,4.159936063,0.0,0.42,0.81,,,,,,,,,,,,,,,,,,,,,,,,,,1.3408066072570786,83.19872126,0.0,,,,,,,,,,,,,,,,,0.0,0.0,14.34375,0.239650102073451,0.0,0.0,0.50203125,0.8387753572570785,1.3408066072570786,27803,,,0.0057327185112553,Information
445845,8444.0,3736.091947,MMR,Myanmar,Shan,4.007454668,0.0,0.42,0.81,,,,,,,,,,,,,,,,,,,,,,,,,,0.2533402815616123,80.14909336000001,0.0,,,,,,,,,,,,,,,,,0.0,0.0,1.96875,0.0526954375890321,0.0,0.0,0.06890625,0.1844340315616123,0.2533402815616123,281805,,,6.465442904941983e-06,Information
445872,8452.0,2873.920898,MMR,Myanmar,Kachin,4.004463155,0.0,0.42,0.81,,,,,,,,,,,,,,,,,,,,,,,,,,2.7339356675432698,80.0892631,0.0,,,,,,,,,,,,,,,,,0.0,0.0,17.4375,0.6067494764409342,0.0,0.0,0.6103125,2.1236231675432697,2.7339356675432698,5588,,,0.0235434946869669,Information
445874,8454.0,2404.576929,MMR,Myanmar,Kachin,3.206203469,0.0,0.42,0.81,,,,,,,,,,,,,,,,,,,,,,,,,,0.3046878293396189,64.12406938000001,0.0,,,,,,,,,,,,,,,,,0.0,0.0,1.6875,0.0701786655256054,0.0,0.0,0.0590625,0.2456253293396189,0.3046878293396189,10730,,,9.27856090978224e-07,Information
445875,8455.0,1460.36735,MMR,Myanmar,Kachin,4.011350847,0.0,0.42,0.81,,,,,,,,,,,,,,,,,,,,,,,,,,2.201617453209038,80.22701694,0.0,,,,,,,,,,,,,,,,,0.0,0.0,8.015625,0.5488773080597251,0.0,0.0,0.280546875,1.9210705782090376,2.201617453209038,40123,,,0.0140773442187749,Information
445876,8456.0,7068.648496,CHN,China,Yunnan,4.005675503,0.0,0.59,0.57,,,,,,,,,,,,,,,,,,,,,,,,,,0.7130903823661568,80.11351006,0.0,,,,,,,,,,,,,,,,,0.0,0.0,8.4375,0.1193651092474734,0.0,0.0,0.2953125,0.4177778823661568,0.7130903823661568,969000,,,0.0004370647396543,Information
445877,8457.0,2806.403696,MMR,Myanmar,Kachin,4.091309979,0.0,0.42,0.81,,,,,,,,,,,,,,,,,,,,,,,,,,2.8748659148302647,81.82619958000001,0.0,,,,,,,,,,,,,,,,,0.0,0.0,18.0,0.6413902613800756,0.0,0.0,0.63,2.2448659148302648,2.8748659148302647,93810,,,0.0325933929415636,Information
445880,8460.0,23272.18611,MMR,Myanmar,Kachin,4.390037528,0.0,0.42,0.81,,,,,,,,,,,,,,,,,,,,,,,,,,0.9851509279422266,87.80075056,0.0,,,,,,,,,,,,,,,,,0.0,0.0,19.6875,0.084596693697779,0.0,0.0,0.6890625,0.2960884279422265,0.9851509279422266,84305,,,0.0059291229969367,Information
446000,16158.0,8459.502111,IND,India,Andaman and Nicobar,1.36295279,3.253565725,0.49,0.71,,,,,,,,,,,,,,,,,,,,,,,,,,4.188614258364839,27.2590558,65.0713145,,,,,,,,,,,,,,,,,0.0,0.0,54.84375,0.6483094309613826,0.0,0.0,1.91953125,2.2690830083648392,4.188614258364839,408108,,,0.0169634902650156,Information
452100,8470.0,176.3266756,BGD,Bangladesh,Chittagong,4.11836411,4.025007809,0.44,0.78,,,,,,,,,,,,,,,,,,,,,,,,,,5.681115202694612,82.3672822,80.50015618,,,,,,,,,,,,,,,,,0.0,0.0,2.8125,1.5950507721984604,0.0,0.0,0.0984375,5.582677702694611,5.681115202694612,465914,,,0.1286893298089037,Information
452414,8485.0,1580.616528,IND,India,Jharkhand,3.834146809,0.0,0.49,0.71,,,,,,,,,,,,,,,,,,,,,,,,,,2.163649915726385,76.68293618,0.0,,,,,,,,,,,,,,,,,0.0,0.0,8.4375,0.5338106902075386,0.0,0.0,0.2953125,1.868337415726385,2.163649915726385,1171050,,,0.0087178478677576,Information
452417,8488.0,924.5362094,IND,India,Jharkhand,3.515531914,0.0,0.49,0.71,,,,,,,,,,,,,,,,,,,,,,,,,,5.641328600830868,70.31063827999999,0.0,,,,,,,,,,,,,,,,,0.0,0.0,13.640625,1.4754019216659624,0.0,0.0,0.477421875,5.163906725830868,5.641328600830868,1031068,,,0.0483899527443936,Information
452421,8492.0,8696.777115,IND,India,Bihar,3.028199343,0.0,0.49,0.71,,,,,,,,,,,,,,,,,,,,,,,,,,1.8623086416764207,60.56398686,0.0,,,,,,,,,,,,,,,,,0.0,0.0,24.75,0.2845881833361204,0.0,0.0,0.86625,0.9960586416764214,1.8623086416764207,12869182,,,0.0011333488139465,Information
452423,8494.0,13.94120484,IND,India,Bihar,4.187913006,0.0,0.49,0.71,,,,,,,,,,,,,,,,,,,,,,,,,,3.535373550602119,83.75826011999999,0.0,,,,,,,,,,,,,,,,,0.0,0.0,0.140625,1.0087004787434626,0.0,0.0,0.004921875,3.530451675602119,3.535373550602119,18791,,,0.0636587991051186,Information
452424,8495.0,6471.593464,IND,India,Bihar,3.716847084,0.0,0.49,0.71,,,,,,,,,,,,,,,,,,,,,,,,,,0.7140519716225675,74.33694168,0.0,,,,,,,,,,,,,,,,,0.0,0.0,8.015625,0.1238585990350193,0.0,0.0,0.280546875,0.4335050966225676,0.7140519716225675,8918903,,,0.0001705834859606,Information
452463,8530.0,29.38605537,IND,India,Uttar Pradesh,3.185488369,0.0,0.49,0.71,,,,,,,,,,,,,,,,,,,,,,,,,,10.078940613990785,63.70976738,0.0,,,,,,,,,,,,,,,,,0.0,0.0,0.84375,2.8712598182830806,0.0,0.0,0.02953125,10.049409363990785,10.078940613990785,28122,,,0.1000791890610671,Information
452465,8532.0,271.6918673,IND,India,Uttar Pradesh,2.478579646,0.0,0.49,0.71,,,,,,,,,,,,,,,,,,,,,,,,,,2.0468622156917147,49.57159292,0.0,,,,,,,,,,,,,,,,,0.0,0.0,1.546875,0.5693490259119185,0.0,0.0,0.054140625,1.9927215906917144,2.0468622156917147,202531,,,0.0006770820496477,Information
452473,8539.0,6709.091049,IND,India,Uttar Pradesh,3.167931236,0.0,0.49,0.71,,,,,,,,,,,,,,,,,,,,,,,,,,0.1961280463260776,63.35862472,0.0,,,,,,,,,,,,,,,,,0.0,0.0,2.25,0.0335365846645936,0.0,0.0,0.07875,0.1173780463260776,0.1961280463260776,4249693,,,8.467912706884613e-08,Information
452475,8541.0,359.8735482,IND,India,Uttar Pradesh,4.018371007,0.0,0.49,0.71,,,,,,,,,,,,,,,,,,,,,,,,,,0.4250659950017582,80.36742014,0.0,,,,,,,,,,,,,,,,,0.0,0.0,0.421875,0.1172286771433595,0.0,0.0,0.014765625,0.4103003700017582,0.4250659950017582,254648,,,6.33719152133062e-05,Information
452476,8542.0,6575.348905,IND,India,Uttar Pradesh,1.445483171,0.0,0.49,0.71,,,,,,,,,,,,,,,,,,,,,,,,,,0.2357371654087838,28.90966342,0.0,,,,,,,,,,,,,,,,,0.0,0.0,2.671875,0.0406347258310811,0.0,0.0,0.093515625,0.1422215404087838,0.2357371654087838,6057093,,,5.682454588622383e-09,Information
452477,8543.0,4141.536813,IND,India,Uttar Pradesh,1.246319719,0.0,0.49,0.71,,,,,,,,,,,,,,,,,,,,,,,,,,0.6554359663954616,24.92639438,0.0,,,,,,,,,,,,,,,,,0.0,0.0,5.484375,0.1324236689701319,0.0,0.0,0.191953125,0.4634828413954617,0.6554359663954616,2047311,,,1.0637301929048365e-06,Information
452478,8544.0,27842.44714,IND,India,Madhya Pradesh,1.769449516,0.0,0.49,0.71,,,,,,,,,,,,,,,,,,,,,,,,,,0.6020671036082147,35.38899032,0.0,,,,,,,,,,,,,,,,,0.0,0.0,12.65625,0.0454566724594899,0.0,0.0,0.44296875,0.1590983536082146,0.6020671036082147,10061721,,,1.4642548951343092e-06,Information
452479,8545.0,39.82277049,IND,India,Uttar Pradesh,3.94342725,0.0,0.49,0.71,,,,,,,,,,,,,,,,,,,,,,,,,,1.2408667726531544,78.868545,0.0,,,,,,,,,,,,,,,,,0.0,0.0,0.140625,0.353127113615187,0.0,0.0,0.004921875,1.2359448976531544,1.2408667726531544,23357,,,0.0022916246744053,Information
452480,8546.0,6157.601128,IND,India,Rajasthan,0.901253246,0.0,0.49,0.71,,,,,,,,,,,,,,,,,,,,,,,,,,0.9169681649666128,18.02506492,0.0,,,,,,,,,,,,,,,,,0.0,0.0,9.984375,0.1621471542761751,0.0,0.0,0.349453125,0.5675150399666129,0.9169681649666128,2166359,,,3.5097551706567703e-06,Information
452481,8547.0,10050.07635,IND,India,Madhya Pradesh,1.919795342,0.0,0.49,0.71,,,,,,,,,,,,,,,,,,,,,,,,,,2.3467949790398004,38.39590684,0.0,,,,,,,,,,,,,,,,,0.0,0.0,33.609375,0.3344191011542287,0.0,0.0,1.176328125,1.1704668540398004,2.3467949790398004,2484140,,,0.000542168746559,Information
452483,8549.0,1979.301337,IND,India,Madhya Pradesh,0.617621955,0.0,0.49,0.71,,,,,,,,,,,,,,,,,,,,,,,,,,0.3872518523411271,12.352439099999998,0.0,,,,,,,,,,,,,,,,,0.0,0.0,1.828125,0.0923621363831792,0.0,0.0,0.063984375,0.3232674773411271,0.3872518523411271,418845,,,2.94673146373958e-08,Information
452484,8550.0,15392.73187,IND,India,Madhya Pradesh,1.874532501,0.0,0.49,0.71,,,,,,,,,,,,,,,,,,,,,,,,,,0.6982689868542091,37.49065002,0.0,,,,,,,,,,,,,,,,,0.0,0.0,12.09375,0.0785679248154883,0.0,0.0,0.42328125,0.2749877368542091,0.6982689868542091,3785697,,,3.4872204326502924e-06,Information
452491,8556.0,1356.196867,IND,India,Uttar Pradesh,1.296917011,0.0,0.49,0.71,,,,,,,,,,,,,,,,,,,,,,,,,,0.2060680968505278,25.93834022,0.0,,,,,,,,,,,,,,,,,0.0,0.0,0.703125,0.0518453491001508,0.0,0.0,0.024609375,0.1814587218505278,0.2060680968505278,1263548,,,1.996940483849934e-09,Information
452497,8562.0,973.7568371,IND,India,NCT of Delhi,3.035832139,0.0,0.49,0.71,,,,,,,,,,,,,,,,,,,,,,,,,,0.1109341826936185,60.71664278,0.0,,,,,,,,,,,,,,,,,0.0,0.0,0.28125,0.0288829807696053,0.0,0.0,0.00984375,0.1010904326936185,0.1109341826936185,12846879,,,2.183986733430886e-09,Information
452561,8570.0,140.751348,IND,India,Assam,4.048333927,0.0,0.49,0.71,,,,,,,,,,,,,,,,,,,,,,,,,,32.26929988383531,80.96667854,0.0,3.0,,,,,,,,,,,,,,,,0.0,0.0,12.796875,9.091831216810087,0.0,0.0,0.447890625,31.821409258835303,32.26929988383531,125831,9436.0,7.5,0.7012243407248576,Watch
452563,8572.0,704.8173635,IND,India,Assam,4.030884915,0.0,0.49,0.71,,,,,,,,,,,,,,,,,,,,,,,,,,7.774394717855372,80.6176983,0.0,,,,,,,,,,,,,,,,,0.0,0.0,14.625,2.0750056336729634,0.0,0.0,0.511875,7.262519717855372,7.774394717855372,625898,,,0.1804833085085355,Information
452568,8577.0,2067.957203,CHN,China,Xizang,0.169594082,0.0,0.59,0.57,,,,,,,,,,,,,,,,,,,,,,,,,,1.809519818436169,3.3918816400000003,0.0,,,,,,,,,,,,,,,,,0.0,0.0,8.859375,0.428411912410334,0.0,0.0,0.310078125,1.499441693436169,1.809519818436169,13927,,,3.480698995364326e-05,Information
452591,8581.0,39.35574089,IND,India,Assam,2.513074023,0.0,0.49,0.71,,,,,,,,,,,,,,,,,,,,,,,,,,35.359296875,50.26148046,0.0,,,,,,,,,,,,,,,,,0.0,0.0,10.265625,26.084186872886573,0.0,0.0,0.359296875,35.0,35.359296875,27374,,,0.3664696158906894,Advisory
452595,8585.0,2544.254274,IND,India,Assam,1.17314015,0.0,0.49,0.71,,,,,,,,,,,,,,,,,,,,,,,,,,43.24367705592517,23.462803,0.0,,,,,,,,,,,,,,,,,0.0,0.0,250.59375,9.849398801692905,0.0,0.0,8.77078125,34.47289580592517,43.24367705592517,1112911,,,0.2840249602889029,Advisory
452596,8586.0,10866.22292,IND,India,Arunachal Pradesh,3.259368114,0.0,0.49,0.71,,,,,,,,,,,,,,,,,,,,,,,,,,1.899729950631278,65.18736228,0.0,,,,,,,,,,,,,,,,,0.0,0.0,28.265625,0.2601237358946509,0.0,0.0,0.989296875,0.910433075631278,1.899729950631278,582370,,,0.001817179414994,Information
452601,8590.0,2305.352747,IND,India,Arunachal Pradesh,4.061222172,0.0,0.49,0.71,,,,,,,,,,,,,,,,,,,,,,,,,,4.571266161199096,81.22444344,0.0,,,,,,,,,,,,,,,,,0.0,0.0,24.46875,1.0613885460568846,0.0,0.0,0.85640625,3.714859911199096,4.571266161199096,502730,,,0.0788623257840229,Information
452607,8596.0,504.4104258,CHN,China,Xizang,4.002694263,0.0,0.59,0.57,,,,,,,,,,,,,,,,,,,,,,,,,,1.2299839754253363,80.05388526000002,0.0,,,,,,,,,,,,,,,,,0.0,0.0,1.6875,0.3345489929786675,0.0,0.0,0.0590625,1.1709214754253363,1.2299839754253363,1655,,,0.002667870051882,Information
452608,8597.0,2619.127818,CHN,China,Xizang,2.734546678,0.0,0.59,0.57,,,,,,,,,,,,,,,,,,,,,,,,,,13.872639221630854,54.690933560000005,0.0,,,,,,,,,,,,,,,,,0.0,0.0,82.265625,3.140954956180244,0.0,0.0,2.879296875,10.993342346630854,13.872639221630854,3170,,,0.1182879666113904,Information
452609,8598.0,3427.812644,CHN,China,Xizang,4.020886412,0.0,0.59,0.57,,,,,,,,,,,,,,,,,,,,,,,,,,2.6028704016226234,80.41772824,0.0,,,,,,,,,,,,,,,,,0.0,0.0,18.984375,0.5538335076064638,0.0,0.0,0.664453125,1.9384172766226235,2.6028704016226234,23642,,,0.0217951194009285,Information
452802,8601.0,12167.66698,IND,India,Arunachal Pradesh,4.047530025,0.0,0.49,0.71,,,,,,,,,,,,,,,,,,,,,,,,,,1.7395823131736343,80.95060050000001,0.0,,,,,,,,,,,,,,,,,0.0,0.0,27.28125,0.2242110180496099,0.0,0.0,0.95484375,0.7847385631736347,1.7395823131736343,61213,,,0.0083467306865282,Information
452803,8602.0,1141.613093,IND,India,Arunachal Pradesh,4.073483929,0.0,0.49,0.71,,,,,,,,,,,,,,,,,,,,,,,,,,14.074317115898156,81.46967858,0.0,,,,,,,,,,,,,,,,,0.0,0.0,41.203125,3.609202211685188,0.0,0.0,1.442109375,12.632207740898158,14.074317115898156,104795,,,0.3916363268370768,Advisory
452804,8603.0,3309.014278,IND,India,Arunachal Pradesh,4.03987448,0.0,0.49,0.71,,,,,,,,,,,,,,,,,,,,,,,,,,1.5440893671607792,80.7974896,0.0,,,,,,,,,,,,,,,,,0.0,0.0,10.96875,0.3314808906173655,0.0,0.0,0.38390625,1.1601831171607793,1.5440893671607792,177044,,,0.0058576358551028,Information
452805,8604.0,4408.387204,IND,India,Arunachal Pradesh,4.003915101,0.0,0.49,0.71,,,,,,,,,,,,,,,,,,,,,,,,,,9.4428766992609,80.07830202,0.0,,,,,,,,,,,,,,,,,0.0,0.0,82.546875,1.8724960212174,0.0,0.0,2.889140625,6.5537360742609,9.4428766992609,96015,,,0.2276679760853071,Information
452930,8611.0,2159.936226,CHN,China,Xizang,4.017768576,0.0,0.59,0.57,,,,,,,,,,,,,,,,,,,,,,,,,,0.914397202200346,80.35537152,0.0,,,,,,,,,,,,,,,,,0.0,0.0,4.640625,0.2148500934858131,0.0,0.0,0.162421875,0.7519753272003459,0.914397202200346,3461,,,0.0010800308397522,Information
452965,8618.0,1336.636896,CHN,China,Xizang,4.007433626,0.0,0.59,0.57,,,,,,,,,,,,,,,,,,,,,,,,,,1.5862986990844632,80.14867252,0.0,,,,,,,,,,,,,,,,,0.0,0.0,5.34375,0.3997906997384181,0.0,0.0,0.18703125,1.3992674490844632,1.5862986990844632,144,,,0.0057542465948755,Information
452966,8619.0,2224.040735,CHN,China,Xizang,0.315307712,0.0,0.59,0.57,,,,,,,,,,,,,,,,,,,,,,,,,,0.9738792926687334,6.306154240000001,0.0,,,,,,,,,,,,,,,,,0.0,0.0,5.0625,0.227626226476781,0.0,0.0,0.1771875,0.7966917926687335,0.9738792926687334,1232,,,2.4796702316913634e-06,Information
452967,8620.0,1405.469628,CHN,China,Xizang,4.015470202,0.0,0.59,0.57,,,,,,,,,,,,,,,,,,,,,,,,,,3.0355394363250823,80.30940404,0.0,,,,,,,,,,,,,,,,,0.0,0.0,10.6875,0.7604219818071664,0.0,0.0,0.3740625,2.6614769363250823,3.0355394363250823,33,,,0.0307591315418729,Information
452968,8621.0,2317.47058,CHN,China,Xizang,1.016012202,0.0,0.59,0.57,,,,,,,,,,,,,,,,,,,,,,,,,,1.7788805911305683,20.32024404,0.0,,,,,,,,,,,,,,,,,0.0,0.0,9.5625,0.4126265974658767,0.0,0.0,0.3346875,1.4441930911305685,1.7788805911305683,1091,,,7.175730546513947e-05,Information
452974,8626.0,7444.461438,CHN,China,Xizang,3.964892068,0.0,0.59,0.57,,,,,,,,,,,,,,,,,,,,,,,,,,0.3575333474366979,79.29784136,0.0,,,,,,,,,,,,,,,,,0.0,0.0,4.359375,0.0585586349819137,0.0,0.0,0.152578125,0.2049552224366979,0.3575333474366979,74382,,,2.4666504419502872e-05,Information
453130,8652.0,981.6989014,IND,India,West Bengal,4.050781268,4.061111263,0.49,0.71,,,,,,,,,,,,,,,,,,,,,,,,,,18.27931388658129,81.01562536,81.22222526,,,,,,,,,,,,,,,,,0.0,0.0,46.6875,4.755786110451797,0.0,0.0,1.6340625,16.64525138658129,18.27931388658129,1645302,,,0.489268173881422,Advisory
453141,8653.0,141.9170501,IND,India,West Bengal,4.087009966,4.085637147,0.49,0.71,,,,,,,,,,,,,,,,,,,,,,,,,,22.862799907275285,81.74019932,81.71274294,,,,,,,,,,,,,,,,,0.0,0.0,9.140625,6.4408222949357965,0.0,0.0,0.319921875,22.542878032275286,22.862799907275285,197027,,,0.588936134779562,Advisory
453143,8655.0,20.40803876,IND,India,West Bengal,4.108340903,4.018067038,0.49,0.71,,,,,,,,,,,,,,,,,,,,,,,,,,24.166553383952262,82.16681806,80.36134075999999,3.0,,,,,,,,,,,,,,,,0.0,0.0,1.40625,6.890667038272076,0.0,0.0,0.04921875,24.117334633952265,24.166553383952262,23763,224.0,0.94,0.6194012789908095,Watch
453144,8656.0,8137.651188,IND,India,West Bengal,3.336404477,1.443262149,0.49,0.71,,,,,,,,,,,,,,,,,,,,,,,,,,2.3914926399712364,66.72808954,28.86524298,,,,,,,,,,,,,,,,,0.0,0.0,30.65625,0.3767211114203533,0.0,0.0,1.07296875,1.3185238899712366,2.3914926399712364,5406256,,,0.0042342621942719,Information
453148,8660.0,1988.794417,IND,India,Jharkhand,2.437087989,0.0,0.49,0.71,,,,,,,,,,,,,,,,,,,,,,,,,,1.7208546679701846,48.74175978,0.0,,,,,,,,,,,,,,,,,0.0,0.0,8.15625,0.4101102622771956,0.0,0.0,0.28546875,1.4353859179701849,1.7208546679701846,1394566,,,0.0003443288963082,Information
453297,8689.0,486.1195226,IND,India,Chhattisgarh,2.458464577,0.0,0.49,0.71,,,,,,,,,,,,,,,,,,,,,,,,,,0.1061701230356774,49.16929154,0.0,,,,,,,,,,,,,,,,,0.0,0.0,0.140625,0.0289280708673364,0.0,0.0,0.004921875,0.1012482480356774,0.1061701230356774,183062,,,3.388398253159754e-10,Information
453447,8710.0,652.6181626,IND,India,Chhattisgarh,2.141954423,0.0,0.49,0.71,,,,,,,,,,,,,,,,,,,,,,,,,,0.1606785039839164,42.83908846,0.0,,,,,,,,,,,,,,,,,0.0,0.0,0.28125,0.0430956439954047,0.0,0.0,0.00984375,0.1508347539839164,0.1606785039839164,105731,,,2.1241933434358873e-09,Information
453475,8727.0,2159.349347,IND,India,Telangana,2.526316258,0.0,0.49,0.71,,,,,,,,,,,,,,,,,,,,,,,,,,0.3048671926220399,50.52632516,0.0,,,,,,,,,,,,,,,,,0.0,0.0,1.546875,0.0716361621777257,0.0,0.0,0.054140625,0.2507265676220399,0.3048671926220399,607139,,,1.796751348794904e-07,Information
453479,8731.0,1527.766218,IND,India,Telangana,0.881258771,0.0,0.49,0.71,,,,,,,,,,,,,,,,,,,,,,,,,,0.4827943621068239,17.62517542,0.0,,,,,,,,,,,,,,,,,0.0,0.0,1.828125,0.1196599963162354,0.0,0.0,0.063984375,0.4188099871068239,0.4827943621068239,832358,,,1.3777605559933673e-07,Information
453745,8791.0,504.3431028,IND,India,Andhra Pradesh,0.490003206,0.0,0.49,0.71,,,,,,,,,,,,,,,,,,,,,,,,,,1.9477221061169951,9.80006412,0.0,,,,,,,,,,,,,,,,,0.0,0.0,2.671875,0.5297732803191415,0.0,0.0,0.093515625,1.8542064811169952,1.9477221061169951,110936,,,6.268816905250188e-05,Information
453746,8792.0,8424.297134,IND,India,Andhra Pradesh,2.208630671,0.0,0.49,0.71,,,,,,,,,,,,,,,,,,,,,,,,,,0.6350966822158477,44.17261342,0.0,,,,,,,,,,,,,,,,,0.0,0.0,8.296875,0.0984874449188136,0.0,0.0,0.290390625,0.3447060572158476,0.6350966822158477,1686703,,,3.798408192769997e-06,Information
454083,8850.0,2469.550568,IND,India,Gujarat,1.525831329,0.0,0.49,0.71,,,,,,,,,,,,,,,,,,,,,,,,,,4.050895701266158,30.51662658,0.0,,,,,,,,,,,,,,,,,0.0,0.0,22.921875,0.9281800217903308,0.0,0.0,0.802265625,3.2486300762661577,4.050895701266158,1004836,,,0.0022405238366964,Information
454084,8851.0,5712.144387,IND,India,Madhya Pradesh,1.302265318,0.0,0.49,0.71,,,,,,,,,,,,,,,,,,,,,,,,,,3.628287216168775,26.04530636,0.0,,,,,,,,,,,,,,,,,0.0,0.0,37.6875,0.6597784903339357,0.0,0.0,1.3190625,2.309224716168775,3.628287216168775,3135492,,,0.0012862018444242,Information
454085,8852.0,3239.188331,IND,India,Rajasthan,1.362661702,0.0,0.49,0.71,,,,,,,,,,,,,,,,,,,,,,,,,,0.7040828810597498,27.25323404,0.0,,,,,,,,,,,,,,,,,0.0,0.0,4.921875,0.1519477874456428,0.0,0.0,0.172265625,0.5318172560597498,0.7040828810597498,2160429,,,1.760314682400656e-06,Information
454087,8854.0,1079.627583,IND,India,Rajasthan,0.725877719,0.0,0.49,0.71,,,,,,,,,,,,,,,,,,,,,,,,,,0.4545946083624967,14.51755438,0.0,,,,,,,,,,,,,,,,,0.0,0.0,1.265625,0.1172279238178562,0.0,0.0,0.044296875,0.4102977333624967,0.4545946083624967,390903,,,8.175413133821568e-08,Information
454088,8855.0,1491.762426,IND,India,Rajasthan,0.317392325,0.0,0.49,0.71,,,,,,,,,,,,,,,,,,,,,,,,,,3.867387831800731,6.347846499999999,0.0,,,,,,,,,,,,,,,,,0.0,0.0,14.34375,0.961530451943066,0.0,0.0,0.50203125,3.365356581800731,3.867387831800731,232332,,,0.0007187636863908,Information
455820,8875.0,5598.443707,IND,India,Rajasthan,1.936721251,0.0,0.49,0.71,,,,,,,,,,,,,,,,,,,,,,,,,,0.2331274726280069,38.73442502,0.0,,,,,,,,,,,,,,,,,0.0,0.0,2.390625,0.0427015993222877,0.0,0.0,0.083671875,0.1494555976280069,0.2331274726280069,1442593,,,1.2635891372474725e-08,Information
455856,8892.0,6623.839499,PAK,Pakistan,Punjab,4.014905213,0.0,0.39,0.85,,,,,,,,,,,,,,,,,,,,,,,,,,0.4940968756870373,80.29810425999999,0.0,,,,,,,,,,,,,,,,,0.0,0.0,5.625,0.0849205359105821,0.0,0.0,0.196875,0.2972218756870373,0.4940968756870373,75025,,,0.0001140201884809,Information
456301,8918.0,499.7721752,PAK,Pakistan,Sind,2.83179504,0.0,0.39,0.85,,,,,,,,,,,,,,,,,,,,,,,,,,0.3102127453503908,56.6359008,0.0,,,,,,,,,,,,,,,,,0.0,0.0,0.421875,0.0844134629572545,0.0,0.0,0.014765625,0.2954471203503908,0.3102127453503908,203242,,,3.903548514882242e-07,Information
456302,8919.0,3331.051558,PAK,Pakistan,Sind,4.00518229,0.0,0.39,0.85,,,,,,,,,,,,,,,,,,,,,,,,,,0.1969761447700119,80.1036458,0.0,,,,,,,,,,,,,,,,,0.0,0.0,1.40625,0.0422163985057177,0.0,0.0,0.04921875,0.1477573947700119,0.1969761447700119,2922716,,,1.963498125961337e-06,Information
456425,8934.0,493.5326527,PAK,Pakistan,Punjab,4.022448147,0.0,0.39,0.85,,,,,,,,,,,,,,,,,,,,,,,,,,0.4185972761530238,80.44896294,0.0,,,,,,,,,,,,,,,,,0.0,0.0,0.5625,0.1139742217580068,0.0,0.0,0.0196875,0.3989097761530238,0.4185972761530238,190857,,,6.055352552597687e-05,Information
456480,8944.0,10162.94381,IND,India,Himachal Pradesh,4.030788296,0.0,0.49,0.71,,,,,,,,,,,,,,,,,,,,,,,,,,10.477670027266504,80.61576592,0.0,,,,,,,,,,,,,,,,,0.0,0.0,150.890625,1.4847137577904297,0.0,0.0,5.281171875,5.196498152266504,10.477670027266504,18270,,,0.2692067905222489,Information
456491,8945.0,2666.695133,CHN,China,Xizang,2.715247441,0.0,0.59,0.57,,,,,,,,,,,,,,,,,,,,,,,,,,2.2209773764190155,54.30494881999999,0.0,,,,,,,,,,,,,,,,,0.0,0.0,13.359375,0.5009712146911472,0.0,0.0,0.467578125,1.753399251419015,2.2209773764190155,155,,,0.0012471063917849,Information
456494,8948.0,2036.643919,CHN,China,Xizang,0.374017262,0.0,0.59,0.57,,,,,,,,,,,,,,,,,,,,,,,,,,1.3962465895075051,7.48034524,0.0,,,,,,,,,,,,,,,,,0.0,0.0,6.75,0.3314275970021443,0.0,0.0,0.23625,1.159996589507505,1.3962465895075051,285,,,1.3726070987099286e-05,Information
456548,8964.0,2152.440204,PAK,Pakistan,Baluchistan,3.150254007,0.0,0.39,0.85,,,,,,,,,,,,,,,,,,,,,,,,,,0.5001905499114142,63.00508014,0.0,,,,,,,,,,,,,,,,,0.0,0.0,2.53125,0.1175990856889755,0.0,0.0,0.08859375,0.4115967999114142,0.5001905499114142,17186,,,8.404267774061846e-06,Information
456549,8965.0,6588.653148,PAK,Pakistan,Baluchistan,2.479008716,0.0,0.39,0.85,,,,,,,,,,,,,,,,,,,,,,,,,,0.3717631299293559,49.58017432,0.0,,,,,,,,,,,,,,,,,0.0,0.0,4.21875,0.0640305371226731,0.0,0.0,0.14765625,0.2241068799293558,0.3717631299293559,186832,,,4.556541153268497e-07,Information
456709,8988.0,521.5900088,PAK,Pakistan,Northern Areas,4.240755936,0.0,0.39,0.85,,,,,,,,,,,,,,,,,,,,,,,,,,0.8935630468313692,84.81511872,0.0,,,,,,,,,,,,,,,,,0.0,0.0,1.265625,0.2426474776661055,0.0,0.0,0.044296875,0.8492661718313692,0.8935630468313692,36468,,,0.0023068332568471,Information
456903,9002.0,5196.338071,IND,India,Jammu and Kashmir,4.053831463,0.0,0.49,0.71,,,,,,,,,,,,,,,,,,,,,,,,,,1.3242194289045686,81.07662926,0.0,,,,,,,,,,,,,,,,,0.0,0.0,12.9375,0.2489734082584482,0.0,0.0,0.4528125,0.8714069289045686,1.3242194289045686,30487,,,0.0039119708818774,Information
461011,9019.0,18434.94119,KAZ,Kazakhstan,Qyzylorda,4.091612769,0.0,0.63,0.51,,,,,,,,,,,,,,,,,,,,,,,,,,0.1670182152516899,81.83225538,0.0,,,,,,,,,,,,,,,,,0.0,0.0,3.09375,0.0167819900719114,0.0,0.0,0.10828125,0.0587369652516899,0.1670182152516899,0,,,1.370705151394349e-06,Information
461017,9025.0,495.7471374,KAZ,Kazakhstan,Qyzylorda,4.058635336,0.0,0.63,0.51,,,,,,,,,,,,,,,,,,,,,,,,,,0.6252230407030174,81.17270672000001,0.0,,,,,,,,,,,,,,,,,0.0,0.0,0.84375,0.1701976544865764,0.0,0.0,0.02953125,0.5956917907030174,0.6252230407030174,0,,,0.0003308754964301,Information
461018,9026.0,4655.683198,KAZ,Kazakhstan,Qyzylorda,4.011710089,0.0,0.63,0.51,,,,,,,,,,,,,,,,,,,,,,,,,,0.1084554218420025,80.23420178,0.0,,,,,,,,,,,,,,,,,0.0,0.0,0.984375,0.0211435133834293,0.0,0.0,0.034453125,0.0740022968420025,0.1084554218420025,0,,,9.68056773744205e-08,Information
461030,9029.0,24391.18266,UZB,Uzbekistan,Navoi,4.118269753,0.0,0.54,0.64,,,,,,,,,,,,,,,,,,,,,,,,,,0.1596146199140458,82.36539506,0.0,,,,,,,,,,,,,,,,,0.0,0.0,3.234375,0.0132604271182988,0.0,0.0,0.113203125,0.0464114949140457,0.1596146199140458,20,,,1.2702250425569097e-06,Information
461060,9032.0,17596.44293,UZB,Uzbekistan,Navoi,3.898464397,0.0,0.54,0.64,,,,,,,,,,,,,,,,,,,,,,,,,,2.678479187654564,77.96928794,0.0,,,,,,,,,,,,,,,,,0.0,0.0,48.796875,0.277311017901304,0.0,0.0,1.707890625,0.970588562654564,2.678479187654564,89243,,,0.0175506296387,Information
461207,9045.0,8025.427794,UZB,Uzbekistan,Karakalpakstan,4.023232148,0.0,0.54,0.64,,,,,,,,,,,,,,,,,,,,,,,,,,0.2984775923303394,80.46464295999999,0.0,,,,,,,,,,,,,,,,,0.0,0.0,3.796875,0.0473105620943827,0.0,0.0,0.132890625,0.1655869673303394,0.2984775923303394,10359,,,1.449322242985861e-05,Information
461404,9061.0,5601.559402,UZB,Uzbekistan,Karakalpakstan,3.38445098,0.0,0.54,0.64,,,,,,,,,,,,,,,,,,,,,,,,,,0.3290037777130888,67.6890196,0.0,,,,,,,,,,,,,,,,,0.0,0.0,3.375,0.0602510793465968,0.0,0.0,0.118125,0.2108787777130888,0.3290037777130888,11,,,2.247300670713288e-06,Information
461405,9062.0,2300.91433,UZB,Uzbekistan,Karakalpakstan,4.030297551,0.0,0.54,0.64,,,,,,,,,,,,,,,,,,,,,,,,,,2.3944673367229923,80.60595102,0.0,,,,,,,,,,,,,,,,,0.0,0.0,12.796875,0.5561647747779978,0.0,0.0,0.447890625,1.946576711722992,2.3944673367229923,0,,,0.0182279606218823,Information
461603,9071.0,748.5953018,UZB,Uzbekistan,Bukhoro,4.174152971,0.0,0.54,0.64,,,,,,,,,,,,,,,,,,,,,,,,,,1.1307202676172965,83.48305941999999,0.0,,,,,,,,,,,,,,,,,0.0,0.0,2.25,0.3005629336049418,0.0,0.0,0.07875,1.0519702676172962,1.1307202676172965,102338,,,0.0036642982983673,Information
461605,9073.0,5604.107455,UZB,Uzbekistan,Navoi,2.547232647,0.0,0.54,0.64,,,,,,,,,,,,,,,,,,,,,,,,,,2.644967665362885,50.94465294,0.0,,,,,,,,,,,,,,,,,0.0,0.0,27.140625,0.4842987972465385,0.0,0.0,0.949921875,1.6950457903628848,2.644967665362885,1665118,,,0.0017485270071898,Information
461724,9083.0,16783.55231,AFG,Afghanistan,Faryab,4.091352479,0.0,0.3,0.97,,,,,,,,,,,,,,,,,,,,,,,,,,0.2199241397126844,81.82704958000001,0.0,,,,,,,,,,,,,,,,,0.0,0.0,3.9375,0.0234604684893384,0.0,0.0,0.1378125,0.0821116397126844,0.2199241397126844,1017656,,,5.064365589619763e-06,Information
461725,9084.0,3302.729103,AFG,Afghanistan,Jawzjan,4.045522152,0.0,0.3,0.97,,,,,,,,,,,,,,,,,,,,,,,,,,0.4559594379739287,80.91044304,0.0,,,,,,,,,,,,,,,,,0.0,0.0,3.234375,0.0979303751354082,0.0,0.0,0.113203125,0.3427563129739287,0.4559594379739287,154386,,,9.404691553991478e-05,Information
461772,9094.0,4072.224079,UZB,Uzbekistan,Surkhandarya,3.061465221,0.0,0.54,0.64,,,,,,,,,,,,,,,,,,,,,,,,,,0.7313581574157103,61.229304420000005,0.0,,,,,,,,,,,,,,,,,0.0,0.0,6.046875,0.1484907235473458,0.0,0.0,0.211640625,0.5197175324157103,0.7313581574157103,256234,,,3.585846789985273e-05,Information
461778,9100.0,11450.90196,TJK,Tajikistan,Tadzhikistan Territories,4.038181894,0.0,0.5,0.69,,,,,,,,,,,,,,,,,,,,,,,,,,0.2673833987513493,80.76363788,0.0,,,,,,,,,,,,,,,,,0.0,0.0,4.078125,0.0356140067860998,0.0,0.0,0.142734375,0.1246490237513493,0.2673833987513493,2678291,,,9.519442229128112e-06,Information
461783,9104.0,4695.411139,AFG,Afghanistan,Baghlan,4.054479343,0.0,0.3,0.97,,,,,,,,,,,,,,,,,,,,,,,,,,7.70209195248805,81.08958686,0.0,,,,,,,,,,,,,,,,,0.0,0.0,70.3125,1.4974727007108712,0.0,0.0,2.4609375,5.24115445248805,7.70209195248805,529718,,,0.1845339349324779,Information
461784,9105.0,1931.219464,AFG,Afghanistan,Baghlan,4.009449958,0.0,0.3,0.97,,,,,,,,,,,,,,,,,,,,,,,,,,1.9460937514240173,80.18899916000001,0.0,,,,,,,,,,,,,,,,,0.0,0.0,9.0,0.4660267861211479,0.0,0.0,0.315,1.6310937514240176,1.9460937514240173,108689,,,0.0101592671465801,Information
461790,9111.0,100.2356784,AFG,Afghanistan,Kunduz,4.073498865,0.0,0.3,0.97,,,,,,,,,,,,,,,,,,,,,,,,,,8.92713821336088,81.46997730000001,0.0,,,,,,,,,,,,,,,,,0.0,0.0,2.53125,2.525298418103109,0.0,0.0,0.08859375,8.838544463360881,8.92713821336088,0,,,0.2326045169981179,Information
461803,9114.0,625.8186856,TJK,Tajikistan,Khatlon,3.579953751,0.0,0.5,0.69,,,,,,,,,,,,,,,,,,,,,,,,,,2.590634522293966,71.59907502,0.0,,,,,,,,,,,,,,,,,0.0,0.0,4.359375,0.6965875420839903,0.0,0.0,0.152578125,2.438056397293966,2.590634522293966,224588,,,0.0083210933283977,Information
461804,9115.0,2110.807205,TJK,Tajikistan,Khatlon,2.438166256,0.0,0.5,0.69,,,,,,,,,,,,,,,,,,,,,,,,,,0.1129575056929396,48.763325120000005,0.0,,,,,,,,,,,,,,,,,0.0,0.0,0.5625,0.0266485730551256,0.0,0.0,0.0196875,0.0932700056929396,0.1129575056929396,409298,,,4.7617155620406e-10,Information
461806,9117.0,6629.001248,TJK,Tajikistan,Tadzhikistan Territories,4.132527231,0.0,0.5,0.69,,,,,,,,,,,,,,,,,,,,,,,,,,0.1111197240914369,82.65054462,0.0,,,,,,,,,,,,,,,,,0.0,0.0,1.265625,0.0190922425975534,0.0,0.0,0.044296875,0.0668228490914369,0.1111197240914369,37377,,,2.2008754812030587e-07,Information
461930,9124.0,258.1526037,AFG,Afghanistan,Takhar,2.700637316,0.0,0.3,0.97,,,,,,,,,,,,,,,,,,,,,,,,,,3.71600959426899,54.01274632,0.0,,,,,,,,,,,,,,,,,0.0,0.0,2.671875,1.0349982769339972,0.0,0.0,0.093515625,3.62249396926899,3.71600959426899,14214,,,0.00593957912149,Information
461961,9127.0,1054.995044,TJK,Tajikistan,Gorno-Badakhshan,4.354255719,0.0,0.5,0.69,,,,,,,,,,,,,,,,,,,,,,,,,,0.1031498755639288,87.08511438000001,0.0,,,,,,,,,,,,,,,,,0.0,0.0,0.28125,0.0266588930182654,0.0,0.0,0.00984375,0.0933061255639289,0.1031498755639288,12067,,,6.828270413241256e-07,Information
461970,9136.0,3578.582705,TJK,Tajikistan,Gorno-Badakhshan,4.407524732,0.0,0.5,0.69,,,,,,,,,,,,,,,,,,,,,,,,,,0.14940459340821,88.15049463999999,0.0,,,,,,,,,,,,,,,,,0.0,0.0,1.125,0.03143702668806,0.0,0.0,0.039375,0.1100295934082099,0.14940459340821,2773,,,6.116780281579836e-06,Information
461980,9137.0,4462.751443,TJK,Tajikistan,Gorno-Badakhshan,4.313739256,0.0,0.5,0.69,,,,,,,,,,,,,,,,,,,,,,,,,,1.5312638726383172,86.27478511999999,0.0,,,,,,,,,,,,,,,,,0.0,0.0,13.5,0.3025039636109478,0.0,0.0,0.4725,1.0587638726383173,1.5312638726383172,196,,,0.0141486041264032,Information
462136,9146.0,9065.345101,KAZ,Kazakhstan,South Kazakhstan,3.29730236,0.0,0.63,0.51,,,,,,,,,,,,,,,,,,,,,,,,,,0.2173753047223131,65.94604720000001,0.0,,,,,,,,,,,,,,,,,0.0,0.0,2.953125,0.0325759799206609,0.0,0.0,0.103359375,0.1140159297223131,0.2173753047223131,4327,,,2.1623966939498017e-07,Information
462192,9172.0,10095.43883,KGZ,Kyrgyzstan,Chry,4.078595635,0.0,0.55,0.63,,,,,,,,,,,,,,,,,,,,,,,,,,0.1469583041099851,81.5719127,0.0,,,,,,,,,,,,,,,,,0.0,0.0,2.109375,0.0208943368885672,0.0,0.0,0.073828125,0.0731301791099851,0.1469583041099851,50584,,,6.77601129937736e-07,Information
462193,9173.0,3840.983991,KGZ,Kyrgyzstan,Jalal-Abad,4.01591108,0.0,0.55,0.63,,,,,,,,,,,,,,,,,,,,,,,,,,0.1064158453850386,80.31822160000002,0.0,,,,,,,,,,,,,,,,,0.0,0.0,0.84375,0.0219670272528682,0.0,0.0,0.02953125,0.0768845953850387,0.1064158453850386,24003,,,8.941614834645502e-08,Information
462195,9175.0,4752.192573,KGZ,Kyrgyzstan,Naryn,3.011613285,0.0,0.55,0.63,,,,,,,,,,,,,,,,,,,,,,,,,,0.8403414990091405,60.2322657,0.0,,,,,,,,,,,,,,,,,0.0,0.0,7.734375,0.1627538211454687,0.0,0.0,0.270703125,0.5696383740091405,0.8403414990091405,28405,,,5.739292145360605e-05,Information
462198,9178.0,3879.143832,KGZ,Kyrgyzstan,Ysyk-Köl,4.041806617,0.0,0.55,0.63,,,,,,,,,,,,,,,,,,,,,,,,,,0.2817587138241186,80.83613233999999,0.0,,,,,,,,,,,,,,,,,0.0,0.0,2.25,0.0580024896640339,0.0,0.0,0.07875,0.2030087138241186,0.2817587138241186,854,,,1.2229709675780318e-05,Information
462302,9190.0,3751.107816,KAZ,Kazakhstan,Aqtöbe,0.662121979,0.0,0.63,0.51,,,,,,,,,,,,,,,,,,,,,,,,,,2.020815864555599,13.24243958,0.0,,,,,,,,,,,,,,,,,0.0,0.0,15.75,0.4198759613015997,0.0,0.0,0.55125,1.469565864555599,2.020815864555599,19,,,8.508709669231039e-05,Information
462515,9220.0,2749.314819,KAZ,Kazakhstan,Qaraghandy,3.431108434,0.0,0.63,0.51,,,,,,,,,,,,,,,,,,,,,,,,,,2.8301837777856607,68.62216868,0.0,,,,,,,,,,,,,,,,,0.0,0.0,17.4375,0.6342489365101888,0.0,0.0,0.6103125,2.2198712777856606,2.8301837777856607,3247,,,0.0080694319478815,Information
462516,9221.0,5903.624202,KAZ,Kazakhstan,Qaraghandy,2.361335561,0.0,0.63,0.51,,,,,,,,,,,,,,,,,,,,,,,,,,0.9546418663542992,47.226711220000006,0.0,,,,,,,,,,,,,,,,,0.0,0.0,10.125,0.1715048189583712,0.0,0.0,0.354375,0.6002668663542992,0.9546418663542992,94,,,3.0049191560379856e-05,Information
462644,9245.0,9633.943908,KAZ,Kazakhstan,Zhambyl,2.093776653,0.0,0.63,0.51,,,,,,,,,,,,,,,,,,,,,,,,,,0.1805537518879216,41.87553306,0.0,,,,,,,,,,,,,,,,,0.0,0.0,2.53125,0.0262742862536919,0.0,0.0,0.08859375,0.0919600018879216,0.1805537518879216,10061,,,3.863374198251347e-09,Information
463607,9292.0,98.73199854,KAZ,Kazakhstan,Almaty,4.125652462,0.0,0.63,0.51,,,,,,,,,,,,,,,,,,,,,,,,,,4.027443770357568,82.51304923999999,0.0,,,,,,,,,,,,,,,,,0.0,0.0,1.125,1.1394482201021623,0.0,0.0,0.039375,3.988068770357568,4.027443770357568,891,,,0.0710082453330793,Information
463970,9303.0,2792.405145,CHN,China,Xinjiang Uygur,0.648722052,0.0,0.59,0.57,,,,,,,,,,,,,,,,,,,,,,,,,,3.1115977015701084,12.97444104,0.0,,,,,,,,,,,,,,,,,0.0,0.0,19.40625,0.6949654147343167,0.0,0.0,0.67921875,2.4323789515701084,3.1115977015701084,187228,,,0.0004325711656641,Information
473201,9367.0,5030.546439,CHN,China,Gansu,3.011073469,0.0,0.59,0.57,,,,,,,,,,,,,,,,,,,,,,,,,,0.3529404448828233,60.22146938,0.0,,,,,,,,,,,,,,,,,0.0,0.0,3.375,0.0670901271093781,0.0,0.0,0.118125,0.2348154448828233,0.3529404448828233,29,,,1.1518044413861778e-06,Information
475604,9459.0,10258.50439,CHN,China,Nei Mongol,0.977304532,0.0,0.59,0.57,,,,,,,,,,,,,,,,,,,,,,,,,,0.4568270049678426,19.54609064,0.0,,,,,,,,,,,,,,,,,0.0,0.0,6.609375,0.0644282514193836,0.0,0.0,0.231328125,0.2254988799678426,0.4568270049678426,90349,,,1.1633821298460944e-07,Information
475608,9463.0,9422.246431,CHN,China,Nei Mongol,0.641923336,0.0,0.59,0.57,,,,,,,,,,,,,,,,,,,,,,,,,,0.811643973484484,12.83846672,0.0,,,,,,,,,,,,,,,,,0.0,0.0,11.25,0.119398278138424,0.0,0.0,0.39375,0.417893973484484,0.811643973484484,35332,,,1.4593717319513025e-06,Information
475609,9464.0,2858.189855,CHN,China,Nei Mongol,0.00590283,0.0,0.59,0.57,,,,,,,,,,,,,,,,,,,,,,,,,,0.3542740344560395,0.1180566,0.0,,,,,,,,,,,,,,,,,0.0,0.0,2.25,0.0787211527017256,0.0,0.0,0.07875,0.2755240344560395,0.3542740344560395,4929,,,8.420262098104245e-09,Information
481013,9467.0,14193.38408,CHN,China,Xinjiang Uygur,1.489282783,0.0,0.59,0.57,,,,,,,,,,,,,,,,,,,,,,,,,,0.1174543972263735,29.78565566,0.0,,,,,,,,,,,,,,,,,0.0,0.0,1.96875,0.0138708992075353,0.0,0.0,0.06890625,0.0485481472263735,0.1174543972263735,2838,,,8.119408873958493e-11,Information
482013,9480.0,1755.764901,CHN,China,Gansu,3.715118635,0.0,0.59,0.57,,,,,,,,,,,,,,,,,,,,,,,,,,0.263636232148045,74.3023727,0.0,,,,,,,,,,,,,,,,,0.0,0.0,1.125,0.0640746377565843,0.0,0.0,0.039375,0.224261232148045,0.263636232148045,36,,,2.3295116010406486e-06,Information
482016,9483.0,33987.16295,CHN,China,Gansu,1.46363932,0.0,0.59,0.57,,,,,,,,,,,,,,,,,,,,,,,,,,1.210306091522878,29.2727864,0.0,,,,,,,,,,,,,,,,,0.0,0.0,26.71875,0.078614240435108,0.0,0.0,0.93515625,0.2751498415228779,1.210306091522878,296039,,,2.3713553026099356e-05,Information
482208,9501.0,6573.482181,CHN,China,Xinjiang Uygur,3.359488074,0.0,0.59,0.57,,,,,,,,,,,,,,,,,,,,,,,,,,0.124093449053161,67.18976148,0.0,,,,,,,,,,,,,,,,,0.0,0.0,1.40625,0.021392771158046,0.0,0.0,0.04921875,0.074874699053161,0.124093449053161,44818,,,1.2202724373426472e-08,Information
482310,9503.0,21899.02955,CHN,China,Xinjiang Uygur,4.013547117,0.0,0.59,0.57,,,,,,,,,,,,,,,,,,,,,,,,,,0.3584703050811589,80.27094234,0.0,,,,,,,,,,,,,,,,,0.0,0.0,7.03125,0.0321075871660454,0.0,0.0,0.24609375,0.1123765550811589,0.3584703050811589,4835,,,3.061729959276969e-05,Information
482703,9578.0,79.79900523,CHN,China,Xinjiang Uygur,3.639441128,0.0,0.59,0.57,,,,,,,,,,,,,,,,,,,,,,,,,,1.243411758945586,72.78882256,0.0,,,,,,,,,,,,,,,,,0.0,0.0,0.28125,0.3524480025558817,0.0,0.0,0.00984375,1.233568008945586,1.243411758945586,825,,,0.0010151330901961,Information
483015,9607.0,1248.700205,CHN,China,Xinjiang Uygur,4.095469914,0.0,0.59,0.57,,,,,,,,,,,,,,,,,,,,,,,,,,1.1527843900318977,81.90939827999999,0.0,,,,,,,,,,,,,,,,,0.0,0.0,3.65625,0.2928044685805422,0.0,0.0,0.12796875,1.0248156400318975,1.1527843900318977,10,,,0.0029506803474803,Information
483032,9618.0,7581.080366,CHN,China,Qinghai,0.068851808,0.0,0.59,0.57,,,,,,,,,,,,,,,,,,,,,,,,,,0.8674783219708683,1.37703616,0.0,,,,,,,,,,,,,,,,,0.0,0.0,10.6875,0.1409759491345338,0.0,0.0,0.3740625,0.4934158219708682,0.8674783219708683,5852,,,1.1035740316397617e-06,Information
511158,9723.0,3970.345529,IDN,Indonesia,Sumatera Utara,4.029304271,3.41840906,0.56,0.61,,,,,,,,,,,,,,,,,,,,,,,,,,1.64525427841123,80.58608542,68.36818120000001,,,,,,,,,,,,,,,,,0.0,0.0,13.359375,0.3364789009746372,0.0,0.0,0.467578125,1.17767615341123,1.64525427841123,1004918,,,0.0067917112175565,Information
511502,9742.0,3314.158462,IDN,Indonesia,Riau,4.230466661,1.200812314,0.56,0.61,,,,,,,,,,,,,,,,,,,,,,,,,,0.5734149735239058,84.60933322000001,24.01624628,,,,,,,,,,,,,,,,,0.0,0.0,4.078125,0.1230515995782588,0.0,0.0,0.142734375,0.4306805985239058,0.5734149735239058,53412,,,0.0005011027097541,Information
511507,9747.0,201.7429453,IDN,Indonesia,Riau,4.036507967,4.092863099,0.56,0.61,,,,,,,,,,,,,,,,,,,,,,,,,,0.995558055042676,80.73015934,81.85726197999999,,,,,,,,,,,,,,,,,0.0,0.0,0.5625,0.2788201585836217,0.0,0.0,0.0196875,0.975870555042676,0.995558055042676,676,,,0.0018496730622416,Information
511905,9773.0,270.5989827,IDN,Indonesia,Lampung,4.120002451,1.417370062,0.56,0.61,,,,,,,,,,,,,,,,,,,,,,,,,,35.979453125,82.40004902000001,28.34740124,3.0,,,,,,,,,,,,,,,,0.0,0.0,27.984375,10.341640874593567,0.0,0.0,0.979453125,35.0,35.979453125,4885,384.0,7.86,0.7627115167274188,Watch
511906,9774.0,7087.38662,IDN,Indonesia,Lampung,3.370994816,0.0,0.56,0.61,,,,,,,,,,,,,,,,,,,,,,,,,,4.105784965982215,67.41989632,0.0,,,,,,,,,,,,,,,,,0.0,0.0,48.65625,0.6865189188520615,0.0,0.0,1.70296875,2.402816215982216,4.105784965982215,2463198,,,0.0191651586832021,Information
511907,9775.0,1994.399459,IDN,Indonesia,Lampung,4.088469698,0.122674274,0.56,0.61,,,,,,,,,,,,,,,,,,,,,,,,,,8.021696591376182,81.76939396,2.45348548,,,,,,,,,,,,,,,,,0.0,0.0,38.109375,1.9108195618217665,0.0,0.0,1.333828125,6.687868466376183,8.021696591376182,302691,,,0.2058368368925494,Information
517007,,,,,,,,,,,,,,,,,,,,,,,,,,,,,,,,,,,35.00984375,,,,,,,,,,,,,,,,,,,0.0,0.0,0.28125,11.314283508435416,0.0,0.0,0.00984375,35.0,35.00984375,0,,,,Advisory
521201,9801.0,638.5689559,IDN,Indonesia,Kalimantan Tengah,4.157269018,4.051627183,0.56,0.61,,,,,,,,,,,,,,,,,,,,,,,,,,1.639970314708185,83.14538036,81.03254366,,,,,,,,,,,,,,,,,0.0,0.0,2.8125,0.4404379470594814,0.0,0.0,0.0984375,1.541532814708185,1.639970314708185,11360,,,0.0099044857390012,Information
521202,9802.0,14506.1974,IDN,Indonesia,Kalimantan Tengah,4.135750679,4.000042857,0.56,0.61,,,,,,,,,,,,,,,,,,,,,,,,,,0.8647414237559279,82.71501358,80.00085714000001,,,,,,,,,,,,,,,,,0.0,0.0,14.625,0.1008189782159794,0.0,0.0,0.511875,0.3528664237559279,0.8647414237559279,198126,,,0.0013714909237437,Information
521205,9805.0,4536.305669,IDN,Indonesia,Kalimantan Tengah,4.026766635,0.0,0.56,0.61,,,,,,,,,,,,,,,,,,,,,,,,,,0.7728200764412608,80.53533270000001,0.0,,,,,,,,,,,,,,,,,0.0,0.0,6.890625,0.1518994861260745,0.0,0.0,0.241171875,0.5316482014412608,0.7728200764412608,72001,,,0.0006269874945827,Information
521209,9809.0,7427.249906,IDN,Indonesia,Kalimantan Tengah,3.271748343,0.0,0.56,0.61,,,,,,,,,,,,,,,,,,,,,,,,,,0.7275652554232164,65.43496686,0.0,,,,,,,,,,,,,,,,,0.0,0.0,8.859375,0.1192820372637761,0.0,0.0,0.310078125,0.4174871304232164,0.7275652554232164,15863,,,5.648641924610918e-05,Information
521310,9810.0,258.9411107,IDN,Indonesia,Kalimantan Tengah,4.077287639,3.164254762,0.56,0.61,,,,,,,,,,,,,,,,,,,,,,,,,,0.1949988769373753,81.54575277999999,63.28509524,,,,,,,,,,,,,,,,,0.0,0.0,0.140625,0.0543077148392501,0.0,0.0,0.004921875,0.1900770019373753,0.1949988769373753,1737,,,2.681581696891105e-06,Information
521360,9815.0,14639.66952,IDN,Indonesia,Kalimantan Tengah,4.226359879,0.006268624,0.56,0.61,,,,,,,,,,,,,,,,,,,,,,,,,,2.2200818149976964,84.52719758,0.12537248,,,,,,,,,,,,,,,,,0.0,0.0,37.6875,0.2574340899993418,0.0,0.0,1.3190625,0.9010193149976964,2.2200818149976964,448173,,,0.0260964213339396,Information
521396,9823.0,2528.206318,IDN,Indonesia,Kalimantan Barat,4.009235214,2.044161191,0.56,0.61,,,,,,,,,,,,,,,,,,,,,,,,,,1.8048399028767472,80.18470428,40.883223820000005,,,,,,,,,,,,,,,,,0.0,0.0,10.40625,0.4116060436790706,0.0,0.0,0.36421875,1.4406211528767472,1.8048399028767472,31289,,,0.0082879462941231,Information
521398,9825.0,2434.638314,IDN,Indonesia,Kalimantan Barat,4.035732989,0.0,0.56,0.61,,,,,,,,,,,,,,,,,,,,,,,,,,1.256895841695559,80.71465978,0.0,,,,,,,,,,,,,,,,,0.0,0.0,7.03125,0.2888005976273025,0.0,0.0,0.24609375,1.010802091695559,1.256895841695559,27299,,,0.0031599970145686,Information
521402,9828.0,5174.417154,IDN,Indonesia,Kalimantan Barat,4.020805784,0.0,0.56,0.61,,,,,,,,,,,,,,,,,,,,,,,,,,0.3897130284848031,80.41611568,0.0,,,,,,,,,,,,,,,,,0.0,0.0,3.796875,0.0733778295670866,0.0,0.0,0.132890625,0.2568224034848031,0.3897130284848031,118435,,,4.481927728874458e-05,Information
521404,9830.0,22636.72283,IDN,Indonesia,Kalimantan Barat,4.115745255,0.0,0.56,0.61,,,,,,,,,,,,,,,,,,,,,,,,,,0.7521932554361659,82.3149051,0.0,,,,,,,,,,,,,,,,,0.0,0.0,14.90625,0.0658498586960474,0.0,0.0,0.52171875,0.2304745054361658,0.7521932554361659,348667,,,0.0007956843340653,Information
521407,9833.0,2999.954131,IDN,Indonesia,Kalimantan Barat,4.026537172,0.0,0.56,0.61,,,,,,,,,,,,,,,,,,,,,,,,,,0.213283758500932,80.53074344000001,0.0,,,,,,,,,,,,,,,,,0.0,0.0,1.40625,0.046875716714552,0.0,0.0,0.04921875,0.164065008500932,0.213283758500932,29305,,,3.18128453661762e-06,Information
521502,9837.0,9137.446982,IDN,Indonesia,Kalimantan Barat,4.123958761,4.01028166,0.56,0.61,,,,,,,,,,,,,,,,,,,,,,,,,,0.1752421737539287,82.47917522,80.20563320000001,,,,,,,,,,,,,,,,,0.0,0.0,2.390625,0.0261629425011225,0.0,0.0,0.083671875,0.0915702987539287,0.1752421737539287,1309514,,,2.062561485980854e-06,Information
521507,9841.0,2435.78827,MYS,Malaysia,Sarawak,1.256157215,4.004901229,0.66,0.47,,,,,,,,,,,,,,,,,,,,,,,,,,1.1307767701323774,25.1231443,80.09802457999999,,,,,,,,,,,,,,,,,0.0,0.0,6.328125,0.2597978271806793,0.0,0.0,0.221484375,0.9092923951323776,1.1307767701323774,36504,,,0.0020659379033743,Information
521734,9858.0,9223.939222,MYS,Malaysia,Sabah,4.003003959,0.0,0.66,0.47,,,,,,,,,,,,,,,,,,,,,,,,,,1.2617160955471225,80.06007918,0.0,,,,,,,,,,,,,,,,,0.0,0.0,17.296875,0.1875215630134635,0.0,0.0,0.605390625,0.6563254705471223,1.2617160955471225,428103,,,0.0028878482197294,Information
521806,9884.0,7082.746649,IDN,Indonesia,Kalimantan Timur,3.675259049,0.0,0.56,0.61,,,,,,,,,,,,,,,,,,,,,,,,,,2.599744615215675,73.50518098,0.0,,,,,,,,,,,,,,,,,0.0,0.0,30.796875,0.4348154257759072,0.0,0.0,1.077890625,1.5218539902156751,2.599744615215675,61291,,,0.0101289670129197,Information
521807,9885.0,10788.52885,IDN,Indonesia,Kalimantan Timur,4.022190408,0.0,0.56,0.61,,,,,,,,,,,,,,,,,,,,,,,,,,1.2518896252402882,80.44380816,0.0,,,,,,,,,,,,,,,,,0.0,0.0,18.5625,0.1720577500686538,0.0,0.0,0.6496875,0.6022021252402883,1.2518896252402882,90113,,,0.0029921733073449,Information
521901,9889.0,4620.393395,IDN,Indonesia,Kalimantan Timur,3.731398206,4.011060057,0.56,0.61,,,,,,,,,,,,,,,,,,,,,,,,,,0.4049338026611108,74.62796412,80.22120114,,,,,,,,,,,,,,,,,0.0,0.0,3.65625,0.0791328721888888,0.0,0.0,0.12796875,0.2769650526611108,0.4049338026611108,1138043,,,5.040328516203698e-05,Information
521905,9893.0,4289.901715,IDN,Indonesia,Kalimantan Timur,4.065654906,3.393382561,0.56,0.61,,,,,,,,,,,,,,,,,,,,,,,,,,1.4755535955851389,81.31309811999999,67.86765122,,,,,,,,,,,,,,,,,0.0,0.0,12.65625,0.2950242415957539,0.0,0.0,0.44296875,1.0325848455851387,1.4755535955851389,80695,,,0.0055618347726786,Information
521907,16186.0,5446.939893,IDN,Indonesia,Kalimantan Selatan,4.033918081,3.538313457,0.56,0.61,,,,,,,,,,,,,,,,,,,,,,,,,,8.304957595517799,80.67836162,70.76626914,,,,,,,,,,,,,,,,,0.0,0.0,83.671875,1.5361262772907998,0.0,0.0,2.928515625,5.376441970517799,8.304957595517799,299361,,,0.1992305052650813,Information
521908,9895.0,1951.809037,IDN,Indonesia,Kalimantan Selatan,1.179707086,0.0,0.56,0.61,,,,,,,,,,,,,,,,,,,,,,,,,,33.333585276393315,23.594141720000003,0.0,,,,,,,,,,,,,,,,,0.0,0.0,155.53125,7.968569007540947,0.0,0.0,5.44359375,27.88999152639332,33.333585276393315,125603,,,0.2034124888280878,Information
521909,9896.0,3843.599624,IDN,Indonesia,Kalimantan Selatan,0.451884238,0.0,0.56,0.61,,,,,,,,,,,,,,,,,,,,,,,,,,9.076354060096218,9.03768476,0.0,,,,,,,,,,,,,,,,,0.0,0.0,72.0,1.873244017170348,0.0,0.0,2.52,6.556354060096218,9.076354060096218,315491,,,0.0105896526881659,Information
524026,9904.0,2448.104984,PHL,Philippines,Davao del Norte,2.069284676,0.0,0.56,0.61,,,,,,,,,,,,,,,,,,,,,,,,,,2.5777512659807544,41.38569352,0.0,,,,,,,,,,,,,,,,,0.0,0.0,14.484375,0.591656611708787,0.0,0.0,0.506953125,2.0707981409807545,2.5777512659807544,633541,,,0.0008918661903004,Information
531102,9936.0,3042.790419,PNG,Papua New Guinea,Central,4.030359664,0.0,0.43,0.79,,,,,,,,,,,,,,,,,,,,,,,,,,0.1476818402779405,80.60719327999999,0.0,,,,,,,,,,,,,,,,,0.0,0.0,0.984375,0.032351061507983,0.0,0.0,0.034453125,0.1132287152779405,0.1476818402779405,33941,,,5.369295176954007e-07,Information
531203,9944.0,4567.412115,PNG,Papua New Guinea,Gulf,3.603737408,0.0,0.43,0.79,,,,,,,,,,,,,,,,,,,,,,,,,,0.9575746093051408,72.07474816,0.0,,,,,,,,,,,,,,,,,0.0,0.0,8.578125,0.1878114955157545,0.0,0.0,0.300234375,0.6573402343051407,0.9575746093051408,1013,,,0.0003719277631204,Information
531205,9946.0,1316.675022,PNG,Papua New Guinea,Southern Highlands,1.567672897,0.0,0.43,0.79,,,,,,,,,,,,,,,,,,,,,,,,,,0.2538178013514363,31.35345794,0.0,,,,,,,,,,,,,,,,,0.0,0.0,0.84375,0.0640818718146961,0.0,0.0,0.02953125,0.2242865513514363,0.2538178013514363,0,,,1.0710831802731857e-08,Information
531207,9948.0,2352.256209,PNG,Papua New Guinea,Chimbu,3.92936643,0.0,0.43,0.79,,,,,,,,,,,,,,,,,,,,,,,,,,0.3101512196884654,78.5873286,0.0,,,,,,,,,,,,,,,,,0.0,0.0,1.6875,0.0717396341967044,0.0,0.0,0.0590625,0.2510887196884654,0.3101512196884654,0,,,1.1443963149096736e-05,Information
531208,9949.0,3136.571598,PNG,Papua New Guinea,Eastern Highlands,3.106521846,0.0,0.43,0.79,,,,,,,,,,,,,,,,,,,,,,,,,,0.1236826158498861,62.13043692,0.0,,,,,,,,,,,,,,,,,0.0,0.0,0.84375,0.0269003902428246,0.0,0.0,0.02953125,0.0941513658498861,0.1236826158498861,425280,,,5.196595440188201e-09,Information
531302,9952.0,17455.25326,PNG,Papua New Guinea,Southern Highlands,4.006681117,0.431510121,0.43,0.79,,,,,,,,,,,,,,,,,,,,,,,,,,0.3793376588909075,80.13362234,8.63020242,,,,,,,,,,,,,,,,,0.0,0.0,6.890625,0.039475938254545,0.0,0.0,0.241171875,0.1381657838909075,0.3793376588909075,647469,,,3.773350548345202e-05,Information
531304,9953.0,4052.791559,PNG,Papua New Guinea,Gulf,4.311249372,0.0,0.43,0.79,,,,,,,,,,,,,,,,,,,,,,,,,,0.1194639736981288,86.22498743999999,0.0,,,,,,,,,,,,,,,,,0.0,0.0,0.984375,0.0242888139137511,0.0,0.0,0.034453125,0.0850108486981288,0.1194639736981288,19975,,,1.0292399262596588e-06,Information
531405,9963.0,6977.95275,PNG,Papua New Guinea,Western,4.004896831,0.0,0.43,0.79,,,,,,,,,,,,,,,,,,,,,,,,,,2.395068129145861,80.09793662,0.0,,,,,,,,,,,,,,,,,0.0,0.0,28.125,0.4030551797559603,0.0,0.0,0.984375,1.4106931291458609,2.395068129145861,0,,,0.0171124594750016,Information
531406,9964.0,2384.484346,PNG,Papua New Guinea,Western,2.78065451,0.0,0.43,0.79,,,,,,,,,,,,,,,,,,,,,,,,,,0.1022525209476701,55.6130902,0.0,,,,,,,,,,,,,,,,,0.0,0.0,0.5625,0.0235900059850486,0.0,0.0,0.0196875,0.0825650209476701,0.1022525209476701,25291,,,6.267180940205257e-10,Information
531407,9965.0,8402.681762,PNG,Papua New Guinea,Western,0.876861303,0.0,0.43,0.79,,,,,,,,,,,,,,,,,,,,,,,,,,0.4311751979260379,17.53722606,0.0,,,,,,,,,,,,,,,,,0.0,0.0,5.625,0.0669429136931537,0.0,0.0,0.196875,0.2343001979260379,0.4311751979260379,214317,,,7.458228008000247e-08,Information
531591,9976.0,8086.934756,IDN,Indonesia,Papua,0.396407721,3.460087634,0.56,0.61,,,,,,,,,,,,,,,,,,,,,,,,,,3.951901041944077,7.92815442,69.20175268,,,,,,,,,,,,,,,,,0.0,0.0,50.484375,0.6242708334125935,0.0,0.0,1.766953125,2.1849479169440773,3.951901041944077,114861,,,0.0200236334497796,Information
531593,9978.0,76758.08696,IDN,Indonesia,Papua,3.838721798,3.356266026,0.56,0.61,,,,,,,,,,,,,,,,,,,,,,,,,,25.78494106672003,76.77443596,67.12532052,,,,,,,,,,,,,,,,,0.0,0.0,651.796875,0.8491572690628658,0.0,0.0,22.812890625,2.97205044172003,25.78494106672003,1944727,,,0.5416284247406166,Advisory
531594,9979.0,6286.421739,IDN,Indonesia,Papua Barat,4.05530471,0.0,0.56,0.61,,,,,,,,,,,,,,,,,,,,,,,,,,0.331532486767539,81.1060942,0.0,,,,,,,,,,,,,,,,,0.0,0.0,3.65625,0.0581610676478683,0.0,0.0,0.12796875,0.203563736767539,0.331532486767539,21085,,,2.640057317694849e-05,Information
531595,9980.0,3876.928793,IDN,Indonesia,Papua Barat,4.153992027,3.338210564,0.56,0.61,,,,,,,,,,,,,,,,,,,,,,,,,,0.598983738573129,83.07984054,66.76421128,,,,,,,,,,,,,,,,,0.0,0.0,4.78125,0.123325711020894,0.0,0.0,0.16734375,0.431639988573129,0.598983738573129,22874,,,0.0004173461176468,Information
531596,9981.0,5652.834907,IDN,Indonesia,Papua Barat,4.05372303,0.0,0.56,0.61,,,,,,,,,,,,,,,,,,,,,,,,,,0.258946999770067,81.0744606,0.0,,,,,,,,,,,,,,,,,0.0,0.0,2.671875,0.047266107077162,0.0,0.0,0.093515625,0.165431374770067,0.258946999770067,75860,,,8.867749579038235e-06,Information
531597,16208.0,51123.33276,IDN,Indonesia,Papua Barat,4.098749346,3.43572872,0.56,0.61,,,,,,,,,,,,,,,,,,,,,,,,,,7.961891309903069,81.97498691999999,68.7145744,,,,,,,,,,,,,,,,,0.0,0.0,190.265625,0.3721698385437341,0.0,0.0,6.659296875,1.3025944349030694,7.961891309903069,567779,,,0.2069374027795991,Information
531598,9982.0,5568.784705,IDN,Indonesia,Papua,4.082007244,0.0,0.56,0.61,,,,,,,,,,,,,,,,,,,,,,,,,,0.4678469277589936,81.64014488,0.0,,,,,,,,,,,,,,,,,0.0,0.0,4.78125,0.0858580507882839,0.0,0.0,0.16734375,0.3005031777589936,0.4678469277589936,23782,,,0.0001213793631263,Information
531602,9985.0,24719.34378,IDN,Indonesia,Papua,3.022307796,0.0,0.56,0.61,,,,,,,,,,,,,,,,,,,,,,,,,,7.251713516308754,60.44615592,0.0,,,,,,,,,,,,,,,,,0.0,0.0,147.515625,0.5967618975167871,0.0,0.0,5.163046875,2.088666641308755,7.251713516308754,568999,,,0.044902702097885,Information
531603,9986.0,17148.37047,IDN,Indonesia,Papua,3.63087041,0.0,0.56,0.61,,,,,,,,,,,,,,,,,,,,,,,,,,8.85955593007989,72.6174082,0.0,,,,,,,,,,,,,,,,,0.0,0.0,159.890625,0.9323954443085404,0.0,0.0,5.596171875,3.263384055079891,8.85955593007989,265898,,,0.1295732274041412,Information
531604,9987.0,6113.236829,IDN,Indonesia,Papua,1.620838928,0.0,0.56,0.61,,,,,,,,,,,,,,,,,,,,,,,,,,0.2854071376892341,32.41677856,0.0,,,,,,,,,,,,,,,,,0.0,0.0,3.09375,0.0506073964826383,0.0,0.0,0.10828125,0.177125887689234,0.2854071376892341,641727,,,2.2860222051258158e-08,Information
531606,9989.0,7212.005086,IDN,Indonesia,Papua,1.996882733,0.0,0.56,0.61,,,,,,,,,,,,,,,,,,,,,,,,,,0.1292107675623229,39.93765466,0.0,,,,,,,,,,,,,,,,,0.0,0.0,1.546875,0.0214486121606637,0.0,0.0,0.054140625,0.0750701425623229,0.1292107675623229,196580,,,4.082315239857213e-10,Information
531609,9992.0,4306.299102,IDN,Indonesia,Papua,4.044239456,0.0,0.56,0.61,,,,,,,,,,,,,,,,,,,,,,,,,,0.2943243504728019,80.88478912,0.0,,,,,,,,,,,,,,,,,0.0,0.0,2.53125,0.0587801715636577,0.0,0.0,0.08859375,0.2057306004728019,0.2943243504728019,7769,,,1.499401067374815e-05,Information
531701,9993.0,854.7749156,IDN,Indonesia,Papua,4.082271715,0.0,0.56,0.61,,,,,,,,,,,,,,,,,,,,,,,,,,11.438016615649488,81.6454343,0.0,,,,,,,,,,,,,,,,,0.0,0.0,25.734375,3.0106609973284253,0.0,0.0,0.900703125,10.537313490649488,11.438016615649488,1563,,,0.3181295065903848,Information
531702,9994.0,2708.736376,IDN,Indonesia,Papua,4.113676048,0.0,0.56,0.61,,,,,,,,,,,,,,,,,,,,,,,,,,0.161645735219907,82.27352096000001,0.0,,,,,,,,,,,,,,,,,0.0,0.0,0.984375,0.0363407457771163,0.0,0.0,0.034453125,0.127192610219907,0.161645735219907,827,,,1.317421124838553e-06,Information
531707,9999.0,464.1639999,PNG,Papua New Guinea,Sandaun,4.02859587,0.018770328,0.43,0.79,,,,,,,,,,,,,,,,,,,,,,,,,,2.9959007902139825,80.5719174,0.37540656,,,,,,,,,,,,,,,,,0.0,0.0,3.796875,0.8180029043468522,0.0,0.0,0.132890625,2.8630101652139825,2.9959007902139825,15782,,,0.0307784053758242,Information
531808,10009.0,4117.033759,PNG,Papua New Guinea,Sandaun,2.743411694,0.0,0.43,0.79,,,,,,,,,,,,,,,,,,,,,,,,,,8.70841879761176,54.868233880000005,0.0,,,,,,,,,,,,,,,,,0.0,0.0,72.5625,1.762494656460503,0.0,0.0,2.5396875,6.16873129761176,8.70841879761176,1986,,,0.0499543806794867,Information
531809,10010.0,12367.64924,PNG,Papua New Guinea,Sandaun,3.178420904,0.0,0.43,0.79,,,,,,,,,,,,,,,,,,,,,,,,,,5.972914307799884,63.56841808,0.0,,,,,,,,,,,,,,,,,0.0,0.0,94.359375,0.762953195085681,0.0,0.0,3.302578125,2.6703361827998835,5.972914307799884,117191,,,0.0352876063481112,Information
532001,10019.0,8806.241459,IDN,Indonesia,Maluku,0.768839261,0.233482662,0.56,0.61,,,,,,,,,,,,,,,,,,,,,,,,,,0.6306570410121659,15.37678522,4.669653240000001,,,,,,,,,,,,,,,,,0.0,0.0,8.4375,0.095812726003476,0.0,0.0,0.2953125,0.335344541012166,0.6306570410121659,240561,,,4.811340721705772e-07,Information
532002,16211.0,18385.43058,IDN,Indonesia,Maluku,4.022760626,4.002837414,0.56,0.61,,,,,,,,,,,,,,,,,,,,,,,,,,2.454453355922829,80.45521252,80.05674828,,,,,,,,,,,,,,,,,0.0,0.0,45.421875,0.2470536374065227,0.0,0.0,1.589765625,0.8646877309228295,2.454453355922829,656158,,,0.0190023261333307,Information
532004,16212.0,257.1311557,IDN,Indonesia,Maluku,0.0,4.001482665,0.56,0.61,,,,,,,,,,,,,,,,,,,,,,,,,,1.5706946835069913,0.0,80.0296533,,,,,,,,,,,,,,,,,0.0,0.0,1.125,0.4375199095734261,0.0,0.0,0.039375,1.531319683506991,1.5706946835069913,14010,,,0.0054995011824079,Information
532005,10021.0,1515.00396,IDN,Indonesia,Maluku,4.018622246,2.046296744,0.56,0.61,,,,,,,,,,,,,,,,,,,,,,,,,,0.972644760167641,80.37244491999999,40.92593488,,,,,,,,,,,,,,,,,0.0,0.0,3.65625,0.2413360029050403,0.0,0.0,0.12796875,0.844676010167641,0.972644760167641,128890,,,0.0013293421345082,Information
532006,16213.0,8847.535505,IDN,Indonesia,Maluku,4.075470768,4.00944634,0.56,0.61,,,,,,,,,,,,,,,,,,,,,,,,,,4.686734577284366,81.50941535999999,80.1889268,,,,,,,,,,,,,,,,,0.0,0.0,62.859375,0.7104732720812473,0.0,0.0,2.200078125,2.486656452284365,4.686734577284366,114907,,,0.084949941221883,Information
532007,16214.0,77.66640137,IDN,Indonesia,Maluku,0.0,1.333148366,0.56,0.61,,,,,,,,,,,,,,,,,,,,,,,,,,0.6386418508224831,0.0,26.66296732,,,,,,,,,,,,,,,,,0.0,0.0,0.140625,0.1810628502349952,0.0,0.0,0.004921875,0.6337199758224832,0.6386418508224831,6125,,,1.0504031586416662e-06,Information
534000,16216.0,7214.372142,IDN,Indonesia,Papua Barat,2.628618119,2.681555415,0.56,0.61,,,,,,,,,,,,,,,,,,,,,,,,,,3.159188255517466,52.57236238,53.6311083,,,,,,,,,,,,,,,,,0.0,0.0,37.828125,0.5243439658621332,0.0,0.0,1.323984375,1.835203880517466,3.159188255517466,71265,,,0.0036122613997044,Information
536007,10026.0,456.513241,PNG,Papua New Guinea,New Ireland,1.719630659,0.0,0.43,0.79,,,,,,,,,,,,,,,,,,,,,,,,,,6.876919299244506,34.39261318,0.0,,,,,,,,,,,,,,,,,0.0,0.0,8.578125,1.8790528354984304,0.0,0.0,0.300234375,6.576684924244506,6.876919299244506,31325,,,0.012050431976611,Information
541000,16226.0,1795.472389,FSM,Federated States of Micronesia,Palau,0.0,3.044644289,-9999.0,0.6,,,,,,,,,,,,,,,,,,,,,,,,,,13.41884955901588,0.0,60.89288578,,,,,,,,,,,,,,,,,0.0,0.0,58.359375,3.25036326686168,0.0,0.0,2.042578125,11.37627143401588,13.41884955901588,114176,,,0.142389791451069,Information
561106,10050.0,4844.778212,AUS,Australia,Western Australia,3.769148173,0.0,0.81,0.26,,,,,,,,,,,,,,,,,,,,,,,,,,0.1055670614736629,75.38296346,0.0,,,,,,,,,,,,,,,,,0.0,0.0,0.984375,0.0203182675639037,0.0,0.0,0.034453125,0.0711139364736629,0.1055670614736629,51652,,,2.492458153106531e-08,Information
561108,10052.0,11306.36908,AUS,Australia,Western Australia,2.36276993,2.123129887,0.81,0.26,,,,,,,,,,,,,,,,,,,,,,,,,,0.6492544087535808,47.25539859999999,42.46259774000001,,,,,,,,,,,,,,,,,0.0,0.0,9.84375,0.0870637596438802,0.0,0.0,0.34453125,0.3047231587535807,0.6492544087535808,104445,,,5.477966898607321e-06,Information
561220,10056.0,16874.42551,AUS,Australia,Western Australia,1.545784701,0.0,0.81,0.26,,,,,,,,,,,,,,,,,,,,,,,,,,0.3527388434364571,30.915694020000004,0.0,,,,,,,,,,,,,,,,,0.0,0.0,6.328125,0.0375012766961306,0.0,0.0,0.221484375,0.1312544684364571,0.3527388434364571,8888,,,6.553095306716677e-08,Information
561230,10057.0,11416.38154,AUS,Australia,Western Australia,2.407513168,0.0,0.81,0.26,,,,,,,,,,,,,,,,,,,,,,,,,,0.2400609655056756,48.15026336,0.0,,,,,,,,,,,,,,,,,0.0,0.0,3.65625,0.0320263472873359,0.0,0.0,0.12796875,0.1120922155056756,0.2400609655056756,14693,,,3.824626666527388e-08,Information
561240,10058.0,7341.865996,AUS,Australia,Western Australia,0.448367004,0.0,0.81,0.26,,,,,,,,,,,,,,,,,,,,,,,,,,0.2673916174869632,8.96734008,0.0,,,,,,,,,,,,,,,,,0.0,0.0,3.234375,0.0440538549962752,0.0,0.0,0.113203125,0.1541884924869632,0.2673916174869632,532,,,2.767065535136489e-09,Information
561245,10063.0,3213.835448,AUS,Australia,Western Australia,0.079427146,0.0,0.81,0.26,,,,,,,,,,,,,,,,,,,,,,,,,,1.2344277394317806,1.58854292,0.0,,,,,,,,,,,,,,,,,0.0,0.0,8.578125,0.2669123898376516,0.0,0.0,0.300234375,0.9341933644317806,1.2344277394317806,552,,,5.973583867341879e-06,Information
561302,10074.0,13768.30901,AUS,Australia,Western Australia,2.288300383,0.0,0.81,0.26,,,,,,,,,,,,,,,,,,,,,,,,,,0.2294098307716092,45.76600766,0.0,,,,,,,,,,,,,,,,,0.0,0.0,3.796875,0.0275769159347455,0.0,0.0,0.132890625,0.0965192057716092,0.2294098307716092,7080,,,2.307328133157816e-08,Information
561305,10077.0,4344.697501,AUS,Australia,Western Australia,2.413554767,0.0,0.81,0.26,,,,,,,,,,,,,,,,,,,,,,,,,,1.560032560962406,48.27109534,0.0,,,,,,,,,,,,,,,,,0.0,0.0,13.5,0.3107235888464017,0.0,0.0,0.4725,1.087532560962406,1.560032560962406,3361,,,0.0002314884678088,Information
561505,10096.0,1828.060448,AUS,Australia,Western Australia,2.821587354,0.0,0.81,0.26,,,,,,,,,,,,,,,,,,,,,,,,,,5.286419834750509,56.43174708,0.0,,,,,,,,,,,,,,,,,0.0,0.0,23.34375,1.276968167071574,0.0,0.0,0.81703125,4.469388584750509,5.286419834750509,0,,,0.01746420004339,Information
562576,10223.0,7488.390875,AUS,Australia,Northern Territory,1.380255635,0.0,0.81,0.26,,,,,,,,,,,,,,,,,,,,,,,,,,0.1034509385882595,27.6051127,0.0,,,,,,,,,,,,,,,,,0.0,0.0,1.265625,0.016901161025217,0.0,0.0,0.044296875,0.0591540635882595,0.1034509385882595,21,,,2.8616080580640238e-11,Information
562785,10275.0,1691.747099,AUS,Australia,Queensland,0.369751938,0.0,0.81,0.26,,,,,,,,,,,,,,,,,,,,,,,,,,0.3741685123247816,7.39503876,0.0,,,,,,,,,,,,,,,,,0.0,0.0,1.546875,0.0914365392356519,0.0,0.0,0.054140625,0.3200278873247816,0.3741685123247816,6,,,1.7800369476517343e-08,Information
562842,10285.0,3319.580873,AUS,Australia,Queensland,1.753325779,0.0,0.81,0.26,,,,,,,,,,,,,,,,,,,,,,,,,,0.2172353862606578,35.06651558,0.0,,,,,,,,,,,,,,,,,0.0,0.0,1.546875,0.0465985032173308,0.0,0.0,0.054140625,0.1630947612606578,0.2172353862606578,40,,,5.985551670336001e-09,Information
562849,10292.0,7955.025309,AUS,Australia,Queensland,0.371466256,0.0,0.81,0.26,,,,,,,,,,,,,,,,,,,,,,,,,,0.5776680917355257,7.42932512,0.0,,,,,,,,,,,,,,,,,0.0,0.0,7.3125,0.0919230262101502,0.0,0.0,0.2559375,0.3217305917355256,0.5776680917355257,2592,,,1.919947584091594e-07,Information
562850,10293.0,2745.565633,AUS,Australia,Queensland,3.943857184,0.0,0.81,0.26,,,,,,,,,,,,,,,,,,,,,,,,,,1.348062026194626,78.87714368,0.0,,,,,,,,,,,,,,,,,0.0,0.0,8.296875,0.3021918289127503,0.0,0.0,0.290390625,1.057671401194626,1.348062026194626,0,,,0.0029644518933684,Information
562880,10296.0,8757.995861,AUS,Australia,Queensland,0.650746634,0.0,0.81,0.26,,,,,,,,,,,,,,,,,,,,,,,,,,0.4954617563472143,13.01493268,0.0,,,,,,,,,,,,,,,,,0.0,0.0,6.609375,0.0754667518134898,0.0,0.0,0.231328125,0.2641336313472143,0.4954617563472143,56,,,1.183051589358795e-07,Information
562925,10303.0,216.1614133,AUS,Australia,Queensland,4.022416937,0.0,0.81,0.26,,,,,,,,,,,,,,,,,,,,,,,,,,1.3956978355819096,80.44833874,0.0,,,,,,,,,,,,,,,,,0.0,0.0,0.84375,0.3903333101662599,0.0,0.0,0.02953125,1.3661665855819096,1.3956978355819096,2,,,0.0041493918345595,Information
562927,10305.0,3117.293589,AUS,Australia,Queensland,4.022057477,0.0,0.81,0.26,,,,,,,,,,,,,,,,,,,,,,,,,,1.6154432837424697,80.44114954,0.0,,,,,,,,,,,,,,,,,0.0,0.0,10.96875,0.3518677239264198,0.0,0.0,0.38390625,1.2315370337424694,1.6154432837424697,6,,,0.006318857454727,Information
562928,10306.0,9928.398276,AUS,Australia,Queensland,2.132445075,0.0,0.81,0.26,,,,,,,,,,,,,,,,,,,,,,,,,,0.1679471756805864,42.6489015,0.0,,,,,,,,,,,,,,,,,0.0,0.0,2.390625,0.0240786573373104,0.0,0.0,0.083671875,0.0842753006805864,0.1679471756805864,35,,,2.717122941068269e-09,Information
562941,10309.0,1914.172018,AUS,Australia,Queensland,3.14924682,1.93906032,0.81,0.26,,,,,,,,,,,,,,,,,,,,,,,,,,0.2144428263895245,62.9849364,38.7812064,,,,,,,,,,,,,,,,,0.0,0.0,0.984375,0.0514256289684356,0.0,0.0,0.034453125,0.1799897013895245,0.2144428263895245,1,,,1.2952498431828185e-07,Information
562945,10313.0,448.6426611,AUS,Australia,Queensland,3.557019086,0.0,0.81,0.26,,,,,,,,,,,,,,,,,,,,,,,,,,1.719416728000439,71.14038172,0.0,,,,,,,,,,,,,,,,,0.0,0.0,2.109375,0.4701681722858398,0.0,0.0,0.073828125,1.6455886030004392,1.719416728000439,0,,,0.0023977559992138,Information
562981,10321.0,3902.888533,AUS,Australia,Queensland,2.234153127,0.0,0.81,0.26,,,,,,,,,,,,,,,,,,,,,,,,,,3.909798140036612,44.68306254,0.0,,,,,,,,,,,,,,,,,0.0,0.0,31.359375,0.8034914328676033,0.0,0.0,1.097578125,2.8122200150366115,3.909798140036612,0,,,0.0040294346862558,Information
562984,10324.0,8187.177642,AUS,Australia,Queensland,1.076831399,0.0,0.81,0.26,,,,,,,,,,,,,,,,,,,,,,,,,,0.5029438553853804,21.53662798,0.0,,,,,,,,,,,,,,,,,0.0,0.0,6.46875,0.079010744395823,0.0,0.0,0.22640625,0.2765376053853804,0.5029438553853804,37,,,2.2101069249451865e-07,Information
562985,10325.0,3358.936848,AUS,Australia,Queensland,2.611819584,0.0,0.81,0.26,,,,,,,,,,,,,,,,,,,,,,,,,,4.815437439391568,52.23639168,0.0,,,,,,,,,,,,,,,,,0.0,0.0,34.59375,1.0299017683975908,0.0,0.0,1.21078125,3.604656189391568,4.815437439391568,11,,,0.0108827013160572,Information
562987,10327.0,2705.785554,AUS,Australia,Queensland,1.255526175,0.0,0.81,0.26,,,,,,,,,,,,,,,,,,,,,,,,,,0.4391292115965359,25.1105235,0.0,,,,,,,,,,,,,,,,,0.0,0.0,2.671875,0.0987467390275817,0.0,0.0,0.093515625,0.3456135865965359,0.4391292115965359,1,,,1.3812060320821638e-07,Information
562992,10331.0,10112.67398,AUS,Australia,Queensland,2.563887154,0.0,0.81,0.26,,,,,,,,,,,,,,,,,,,,,,,,,,0.5481790252932633,51.27774308,0.0,,,,,,,,,,,,,,,,,0.0,0.0,7.875,0.0778725786552181,0.0,0.0,0.275625,0.2725540252932633,0.5481790252932633,0,,,3.606754592631309e-06,Information
563245,10347.0,360.9062471,AUS,Australia,Queensland,1.609081537,0.0,0.81,0.26,,,,,,,,,,,,,,,,,,,,,,,,,,0.1412973198711669,32.18163074,0.0,,,,,,,,,,,,,,,,,0.0,0.0,0.140625,0.0389644128203334,0.0,0.0,0.004921875,0.1363754448711669,0.1412973198711669,29,,,3.3350380526808627e-10,Information
563603,10377.0,1833.074987,AUS,Australia,Queensland,2.593178934,0.0,0.81,0.26,,,,,,,,,,,,,,,,,,,,,,,,,,0.2224057469602416,51.86357868,0.0,,,,,,,,,,,,,,,,,0.0,0.0,0.984375,0.0537007491314976,0.0,0.0,0.034453125,0.1879526219602416,0.2224057469602416,3814,,,3.780746092710091e-08,Information
563609,10383.0,5322.295864,AUS,Australia,Queensland,1.462615375,0.0,0.81,0.26,,,,,,,,,,,,,,,,,,,,,,,,,,0.212542933215893,29.2523075,0.0,,,,,,,,,,,,,,,,,0.0,0.0,2.109375,0.039632802347398,0.0,0.0,0.073828125,0.138714808215893,0.212542933215893,104,,,3.1662538077064822e-09,Information
563976,10413.0,8815.633034,AUS,Australia,Victoria,1.074113402,0.0,0.81,0.26,,,,,,,,,,,,,,,,,,,,,,,,,,0.9349446851980676,21.48226804,0.0,,,,,,,,,,,,,,,,,0.0,0.0,12.515625,0.1419708029137336,0.0,0.0,0.438046875,0.4968978101980675,0.9349446851980676,217153,,,4.698728554207291e-06,Information
564103,10424.0,83.51441761,AUS,Australia,South Australia,0.691249043,0.0,0.81,0.26,,,,,,,,,,,,,,,,,,,,,,,,,,0.5942662230814572,13.82498086,0.0,,,,,,,,,,,,,,,,,0.0,0.0,0.140625,0.1683840994518449,0.0,0.0,0.004921875,0.5893443480814572,0.5942662230814572,418,,,3.232065694162175e-07,Information
564109,10430.0,116.5587507,AUS,Australia,New South Wales,4.030233548,0.0,0.81,0.26,,,,,,,,,,,,,,,,,,,,,,,,,,8.97093683421264,80.60467095999999,0.0,,,,,,,,,,,,,,,,,0.0,0.0,2.953125,2.5335935597750403,0.0,0.0,0.103359375,8.86757745921264,8.97093683421264,114,,,0.2203409728253517,Information
564209,10440.0,3173.771989,AUS,Australia,Victoria,0.565924266,0.0,0.81,0.26,,,,,,,,,,,,,,,,,,,,,,,,,,0.2247282575789272,11.31848532,0.0,,,,,,,,,,,,,,,,,0.0,0.0,1.546875,0.0487393235939792,0.0,0.0,0.054140625,0.1705876325789272,0.2247282575789272,1453,,,1.1300592843186064e-09,Information
564221,10443.0,888.9654618,AUS,Australia,New South Wales,3.130506699,0.0,0.81,0.26,,,,,,,,,,,,,,,,,,,,,,,,,,2.773257165177497,62.61013398,0.0,,,,,,,,,,,,,,,,,0.0,0.0,6.46875,0.7276716900507134,0.0,0.0,0.22640625,2.546850915177497,2.773257165177497,31,,,0.0046425149567058,Information
564230,10452.0,279.9131835,AUS,Australia,Victoria,4.022732298,0.0,0.81,0.26,,,,,,,,,,,,,,,,,,,,,,,,,,3.072879955782913,80.45464596000001,0.0,,,,,,,,,,,,,,,,,0.0,0.0,2.390625,0.8540594516522609,0.0,0.0,0.083671875,2.9892080807829133,3.072879955782913,221,,,0.0321479554161314,Information
564243,10455.0,1150.110657,AUS,Australia,New South Wales,4.003388552,0.0,0.81,0.26,,,,,,,,,,,,,,,,,,,,,,,,,,1.4792167758277757,80.06777104,0.0,,,,,,,,,,,,,,,,,0.0,0.0,4.359375,0.3790396145222216,0.0,0.0,0.152578125,1.3266386508277757,1.4792167758277757,11796,,,0.0046499910323788,Information
564260,10463.0,3049.419691,AUS,Australia,New South Wales,2.957345525,0.0,0.81,0.26,,,,,,,,,,,,,,,,,,,,,,,,,,1.8113527288650484,59.1469105,0.0,,,,,,,,,,,,,,,,,0.0,0.0,12.09375,0.3965918511042995,0.0,0.0,0.42328125,1.3880714788650483,1.8113527288650484,506,,,0.0009168957579201,Information
564261,10464.0,2553.720501,AUS,Australia,New South Wales,2.664115842,0.0,0.81,0.26,,,,,,,,,,,,,,,,,,,,,,,,,,11.274975029238831,53.28231684000001,0.0,,,,,,,,,,,,,,,,,0.0,0.0,65.53125,2.566108936925381,0.0,0.0,2.29359375,8.981381279238834,11.274975029238831,19,,,0.0775803413795487,Information
564268,10471.0,4763.31562,AUS,Australia,New South Wales,0.180932656,0.0,0.81,0.26,,,,,,,,,,,,,,,,,,,,,,,,,,0.2593307682376509,3.61865312,0.0,,,,,,,,,,,,,,,,,0.0,0.0,2.390625,0.0501882552107574,0.0,0.0,0.083671875,0.1756588932376508,0.2593307682376509,13306,,,1.6297601928739495e-09,Information
564667,10523.0,292.6648763,AUS,Australia,New South Wales,3.596981598,0.0,0.81,0.26,,,,,,,,,,,,,,,,,,,,,,,,,,0.5192889277641782,71.93963196,0.0,,,,,,,,,,,,,,,,,0.0,0.0,0.421875,0.1441495150754795,0.0,0.0,0.014765625,0.5045233027641782,0.5192889277641782,522,,,3.3085007327741427e-05,Information
564805,10542.0,1367.611034,AUS,Australia,Queensland,2.187449336,0.0,0.81,0.26,,,,,,,,,,,,,,,,,,,,,,,,,,1.0636788814952525,43.74898672,0.0,,,,,,,,,,,,,,,,,0.0,0.0,3.65625,0.2673457518557864,0.0,0.0,0.12796875,0.9357101314952524,1.0636788814952525,5,,,3.622540906894993e-05,Information
564809,10546.0,4221.219461,AUS,Australia,Queensland,1.025596294,0.0,0.81,0.26,,,,,,,,,,,,,,,,,,,,,,,,,,0.1989805984314081,20.51192588,0.0,,,,,,,,,,,,,,,,,0.0,0.0,1.6875,0.0399765995518309,0.0,0.0,0.0590625,0.1399180984314081,0.1989805984314081,139,,,1.0482060033706874e-09,Information
567028,10746.0,5395.184344,AUS,Australia,Northern Territory,1.116352845,0.0,0.81,0.26,,,,,,,,,,,,,,,,,,,,,,,,,,0.112356750926498,22.3270569,0.0,,,,,,,,,,,,,,,,,0.0,0.0,1.125,0.0208519288361423,0.0,0.0,0.039375,0.072981750926498,0.112356750926498,3,,,3.105217350955488e-11,Information
567029,10747.0,5032.834951,AUS,Australia,Northern Territory,0.4079687,0.0,0.81,0.26,,,,,,,,,,,,,,,,,,,,,,,,,,0.8526813702982019,8.159374,0.0,,,,,,,,,,,,,,,,,0.0,0.0,8.15625,0.1620607486566291,0.0,0.0,0.28546875,0.5672126202982019,0.8526813702982019,0,,,1.4384092193125324e-06,Information
567706,10837.0,14201.07154,AUS,Australia,Western Australia,0.595703704,0.0,0.81,0.26,,,,,,,,,,,,,,,,,,,,,,,,,,0.1006526714413867,11.91407408,0.0,,,,,,,,,,,,,,,,,0.0,0.0,1.6875,0.0118829061261105,0.0,0.0,0.0590625,0.0415901714413867,0.1006526714413867,375,,,6.2465105420852626e-12,Information
568230,10891.0,11211.36913,AUS,Australia,Queensland,2.677961217,0.0,0.81,0.26,,,,,,,,,,,,,,,,,,,,,,,,,,0.2514226468247963,53.55922434,0.0,,,,,,,,,,,,,,,,,0.0,0.0,3.796875,0.0338662919499418,0.0,0.0,0.132890625,0.1185320218247963,0.2514226468247963,23,,,9.004413597763527e-08,Information
568401,10917.0,4014.918301,AUS,Australia,Northern Territory,2.375352207,0.0,0.81,0.26,,,,,,,,,,,,,,,,,,,,,,,,,,0.7559570374736138,47.507044140000005,0.0,,,,,,,,,,,,,,,,,0.0,0.0,6.1875,0.1541127249924611,0.0,0.0,0.2165625,0.5393945374736138,0.7559570374736138,17,,,1.1153620068420378e-05,Information
568780,10980.0,25327.95973,AUS,Australia,Northern Territory,2.07905986,0.0,0.81,0.26,,,,,,,,,,,,,,,,,,,,,,,,,,0.2059539777282127,41.581197200000005,0.0,,,,,,,,,,,,,,,,,0.0,0.0,4.21875,0.0166564936366322,0.0,0.0,0.14765625,0.0582977277282127,0.2059539777282127,3,,,8.12852321094654e-09,Information
568802,10991.0,4933.697611,AUS,Australia,Queensland,0.085985431,0.0,0.81,0.26,,,,,,,,,,,,,,,,,,,,,,,,,,0.1936728562317359,1.71970862,0.0,,,,,,,,,,,,,,,,,0.0,0.0,1.828125,0.037053851780496,0.0,0.0,0.063984375,0.1296884812317359,0.1936728562317359,1,,,2.340999583575863e-10,Information
571060,11018.0,7130.535468,NZL,New Zealand,Manawatu-Wanganui,3.09193257,0.0,0.81,0.26,,,,,,,,,,,,,,,,,,,,,,,,,,1.0405478253261304,61.8386514,0.0,,,,,,,,,,,,,,,,,0.0,0.0,12.375,0.1735493786646087,0.0,0.0,0.433125,0.6074228253261305,1.0405478253261304,38611,,,0.0001578431045698,Information
571096,11025.0,3648.021475,NZL,New Zealand,Hawke's Bay,2.633672164,0.0,0.81,0.26,,,,,,,,,,,,,,,,,,,,,,,,,,1.3257919787181514,52.67344328,0.0,,,,,,,,,,,,,,,,,0.0,0.0,10.125,0.2775477082051861,0.0,0.0,0.354375,0.9714169787181514,1.3257919787181514,4315,,,0.0001750727292032,Information
572054,11036.0,3281.958206,NZL,New Zealand,Marlborough,3.037110302,0.0,0.81,0.26,,,,,,,,,,,,,,,,,,,,,,,,,,3.266656662110232,60.74220604,0.0,,,,,,,,,,,,,,,,,0.0,0.0,23.0625,0.7027054748886375,0.0,0.0,0.8071875,2.459469162110232,3.266656662110232,101,,,0.0064524504862992,Information
612041,11058.0,11.10441345,COL,Colombia,Bolívar,4.022507924,0.0,0.58,0.58,,,,,,,,,,,,,,,,,,,,,,,,,,8.874562308150354,80.45015848,0.0,,,,,,,,,,,,,,,,,0.0,0.0,0.28125,2.532776730900101,0.0,0.0,0.00984375,8.864718558150354,8.874562308150354,564,,,0.2148286670087669,Information
613072,11101.0,4290.773056,VEN,Venezuela,Anzoátegui,4.027876131,0.0,0.54,0.64,,,,,,,,,,,,,,,,,,,,,,,,,,0.2458906508779741,80.55752262,0.0,,,,,,,,,,,,,,,,,0.0,0.0,2.109375,0.0491607216794212,0.0,0.0,0.073828125,0.1720625258779742,0.2458906508779741,401427,,,6.202985716659033e-06,Information
615420,11140.0,19507.21428,VEN,Venezuela,Guárico,1.506646749,0.0,0.54,0.64,,,,,,,,,,,,,,,,,,,,,,,,,,4.541437803511501,30.13293498,0.0,,,,,,,,,,,,,,,,,0.0,0.0,85.78125,0.4397411581461431,0.0,0.0,3.00234375,1.539094053511501,4.541437803511501,610258,,,0.0031346768926616,Information
615443,11144.0,509.4545024,VEN,Venezuela,Guárico,3.776020025,0.0,0.54,0.64,,,,,,,,,,,,,,,,,,,,,,,,,,11.980842437442748,75.5204005,0.0,,,,,,,,,,,,,,,,,0.0,0.0,16.59375,3.2571603392693564,0.0,0.0,0.58078125,11.400061187442748,11.980842437442748,0,,,0.2374493893794413,Information
615444,11145.0,4916.811685,VEN,Venezuela,Guárico,2.599636268,0.0,0.54,0.64,,,,,,,,,,,,,,,,,,,,,,,,,,1.881453793360692,51.99272536,0.0,,,,,,,,,,,,,,,,,0.0,0.0,17.71875,0.3603707266744833,0.0,0.0,0.62015625,1.2612975433606914,1.881453793360692,32433,,,0.0005991009944471,Information
615445,11146.0,528.3508775,VEN,Venezuela,Guárico,3.711418848,0.0,0.54,0.64,,,,,,,,,,,,,,,,,,,,,,,,,,1.1769275876840295,74.22837696,0.0,,,,,,,,,,,,,,,,,0.0,0.0,1.6875,0.3193900250525799,0.0,0.0,0.0590625,1.1178650876840297,1.1769275876840295,3092,,,0.0010130938602511,Information
615638,11174.0,4662.27353,COL,Colombia,Casanare,3.031332815,0.0,0.58,0.58,,,,,,,,,,,,,,,,,,,,,,,,,,2.306324518193468,60.62665629999999,0.0,,,,,,,,,,,,,,,,,0.0,0.0,20.953125,0.4494186123409908,0.0,0.0,0.733359375,1.5729651431934677,2.306324518193468,296532,,,0.0022738881715333,Information
615703,11184.0,102.9589075,COL,Colombia,Vichada,1.357793311,0.0,0.58,0.58,,,,,,,,,,,,,,,,,,,,,,,,,,1.44889360452516,27.15586622,0.0,,,,,,,,,,,,,,,,,0.0,0.0,0.421875,0.4097508512929029,0.0,0.0,0.014765625,1.4341279795251602,1.44889360452516,479,,,4.473198412422336e-05,Information
615705,11186.0,882.6285913,VEN,Venezuela,Amazonas,0.548108778,0.0,0.54,0.64,,,,,,,,,,,,,,,,,,,,,,,,,,0.9102855628100924,10.96217556,0.0,,,,,,,,,,,,,,,,,0.0,0.0,2.109375,0.2389878393743121,0.0,0.0,0.073828125,0.8364574378100923,0.9102855628100924,5750,,,2.291122212519644e-06,Information
615823,11194.0,2085.445712,VEN,Venezuela,Amazonas,4.046167894,0.0,0.54,0.64,,,,,,,,,,,,,,,,,,,,,,,,,,1.882514362948988,80.92335788,0.0,,,,,,,,,,,,,,,,,0.0,0.0,9.28125,0.4450487465568536,0.0,0.0,0.32484375,1.5576706129489877,1.882514362948988,0,,,0.010283056633805,Information
615825,11196.0,2867.292864,VEN,Venezuela,Amazonas,4.052882885,0.0,0.54,0.64,,,,,,,,,,,,,,,,,,,,,,,,,,4.5721035429379855,81.0576577,0.0,,,,,,,,,,,,,,,,,0.0,0.0,29.109375,1.0152215479822817,0.0,0.0,1.018828125,3.5532754179379857,4.5721035429379855,1330,,,0.0775964243442485,Information
615826,11197.0,4210.870767,VEN,Venezuela,Amazonas,4.131816588,0.0,0.54,0.64,,,,,,,,,,,,,,,,,,,,,,,,,,0.1162726034538813,82.63633176,0.0,,,,,,,,,,,,,,,,,0.0,0.0,0.984375,0.0233769938439661,0.0,0.0,0.034453125,0.0818194784538813,0.1162726034538813,305,,,2.7757853936182095e-07,Information
615827,11198.0,1601.86611,VEN,Venezuela,Amazonas,4.028210434,0.0,0.54,0.64,,,,,,,,,,,,,,,,,,,,,,,,,,7.699915635812028,80.56420868000001,0.0,,,,,,,,,,,,,,,,,0.0,0.0,30.375,1.8962258959462936,0.0,0.0,1.063125,6.636790635812027,7.699915635812028,0,,,0.1772471806823041,Information
615828,11199.0,8149.331597,VEN,Venezuela,Amazonas,4.042499207,0.0,0.54,0.64,,,,,,,,,,,,,,,,,,,,,,,,,,21.100850450530828,80.84998413999999,0.0,,,,,,,,,,,,,,,,,0.0,0.0,270.703125,3.321783164437379,0.0,0.0,9.474609375,11.626241075530828,21.100850450530828,8453,,,0.5386406946759831,Advisory
615880,11206.0,9430.5862,VEN,Venezuela,Amazonas,2.521383481,0.0,0.54,0.64,,,,,,,,,,,,,,,,,,,,,,,,,,0.8112744164673669,50.42766962,0.0,,,,,,,,,,,,,,,,,0.0,0.0,11.25,0.1192926904192477,0.0,0.0,0.39375,0.4175244164673669,0.8112744164673669,11028,,,1.9562943771338532e-05,Information
616806,11300.0,2065.437529,BRA,Brazil,Amapá,3.110541399,0.0,0.63,0.51,,,,,,,,,,,,,,,,,,,,,,,,,,0.4025220047114591,62.210827980000005,0.0,,,,,,,,,,,,,,,,,0.0,0.0,1.96875,0.0953187870604169,0.0,0.0,0.06890625,0.3336157547114591,0.4025220047114591,1011,,,2.785780342749905e-06,Information
616808,11302.0,2616.595814,BRA,Brazil,Amapá,3.273396023,0.0,0.63,0.51,,,,,,,,,,,,,,,,,,,,,,,,,,1.4001937648049938,65.46792046,0.0,,,,,,,,,,,,,,,,,0.0,0.0,8.296875,0.3170866113728554,0.0,0.0,0.290390625,1.109803139804994,1.4001937648049938,1271,,,0.0006746602030372,Information
616809,11303.0,5459.501893,BRA,Brazil,Amapá,4.037793668,0.0,0.63,0.51,,,,,,,,,,,,,,,,,,,,,,,,,,2.160253681102525,80.75587336,0.0,,,,,,,,,,,,,,,,,0.0,0.0,21.796875,0.3992465874578643,0.0,0.0,0.762890625,1.397363056102525,2.160253681102525,0,,,0.0143719830923316,Information
622324,11385.0,9654.805128,BRA,Brazil,Pará,1.45814274,0.0,0.63,0.51,,,,,,,,,,,,,,,,,,,,,,,,,,0.1703353279519353,29.1628548,0.0,,,,,,,,,,,,,,,,,0.0,0.0,2.390625,0.0247609865576958,0.0,0.0,0.083671875,0.0866634529519353,0.1703353279519353,0,,,8.179246934359267e-10,Information
622345,11396.0,5390.706299,BRA,Brazil,Pará,1.744012615,0.0,0.63,0.51,,,,,,,,,,,,,,,,,,,,,,,,,,0.2388869254064209,34.880252299999995,0.0,,,,,,,,,,,,,,,,,0.0,0.0,2.390625,0.0443471572589774,0.0,0.0,0.083671875,0.1552150504064209,0.2388869254064209,0,,,1.0234326899266922e-08,Information
622622,11522.0,5913.252987,BRA,Brazil,Amazonas,0.033306564,0.0,0.63,0.51,,,,,,,,,,,,,,,,,,,,,,,,,,0.3973601783189223,0.6661312799999999,0.0,,,,,,,,,,,,,,,,,0.0,0.0,4.21875,0.0713439795196921,0.0,0.0,0.14765625,0.2497039283189223,0.3973601783189223,18308,,,1.681557972803175e-08,Information
622667,11563.0,2544.57915,BOL,Bolivia,La Paz,3.060005621,0.0,0.55,0.63,,,,,,,,,,,,,,,,,,,,,,,,,,0.5580826839443792,61.20011242,0.0,,,,,,,,,,,,,,,,,0.0,0.0,3.234375,0.1271084454126798,0.0,0.0,0.113203125,0.4448795589443792,0.5580826839443792,43653,,,1.1093359831676949e-05,Information
622669,11565.0,16281.12904,BOL,Bolivia,Cochabamba,1.622263618,0.0,0.55,0.63,,,,,,,,,,,,,,,,,,,,,,,,,,0.3177972035460243,32.445272360000004,0.0,,,,,,,,,,,,,,,,,0.0,0.0,5.625,0.0345492010131498,0.0,0.0,0.196875,0.1209222035460243,0.3177972035460243,108611,,,4.1777165550155086e-08,Information
622898,11665.0,4288.732082,COL,Colombia,Vaupms,4.007757378,0.0,0.58,0.58,,,,,,,,,,,,,,,,,,,,,,,,,,0.6723249265173774,80.15514756,0.0,,,,,,,,,,,,,,,,,0.0,0.0,5.765625,0.1344365861478221,0.0,0.0,0.201796875,0.4705280515173774,0.6723249265173774,5346,,,0.0003559454924369,Information
623086,11752.0,3404.764538,BRA,Brazil,Pará,1.422452475,0.0,0.63,0.51,,,,,,,,,,,,,,,,,,,,,,,,,,0.2325326455337465,28.4490495,0.0,,,,,,,,,,,,,,,,,0.0,0.0,1.6875,0.0495628987239276,0.0,0.0,0.0590625,0.1734701455337466,0.2325326455337465,9576,,,5.0472184851506205e-09,Information
631022,11896.0,5078.845424,BRA,Brazil,Pará,0.732898056,0.0,0.63,0.51,,,,,,,,,,,,,,,,,,,,,,,,,,2.20653398654794,14.65796112,0.0,,,,,,,,,,,,,,,,,0.0,0.0,21.234375,0.41809453187084,0.0,0.0,0.743203125,1.46333086154794,2.20653398654794,113801,,,0.0001284686357758,Information
631027,11901.0,5022.187673,BRA,Brazil,Maranhão,1.137306334,0.0,0.63,0.51,,,,,,,,,,,,,,,,,,,,,,,,,,0.1766656320360494,22.74612668,0.0,,,,,,,,,,,,,,,,,0.0,0.0,1.6875,0.0336008948674427,0.0,0.0,0.0590625,0.1176031320360494,0.1766656320360494,41365,,,5.986926240995294e-10,Information
631028,11902.0,1999.87723,BRA,Brazil,Pará,0.414257489,0.0,0.63,0.51,,,,,,,,,,,,,,,,,,,,,,,,,,0.1181310429608221,8.28514978,0.0,,,,,,,,,,,,,,,,,0.0,0.0,0.5625,0.0281267265602349,0.0,0.0,0.0196875,0.0984435429608221,0.1181310429608221,55922,,,1.4199228532799352e-11,Information
631046,11917.0,3011.330245,BRA,Brazil,Maranhão,3.078123688,0.0,0.63,0.51,,,,,,,,,,,,,,,,,,,,,,,,,,0.6592582715351718,61.56247376,0.0,,,,,,,,,,,,,,,,,0.0,0.0,4.359375,0.1447657561529062,0.0,0.0,0.152578125,0.5066801465351718,0.6592582715351718,15370,,,2.3946908810191074e-05,Information
631047,11918.0,3797.745372,BRA,Brazil,Maranhão,1.550006543,0.0,0.63,0.51,,,,,,,,,,,,,,,,,,,,,,,,,,0.143054936749746,31.00013086,0.0,,,,,,,,,,,,,,,,,0.0,0.0,1.125,0.029622839071356,0.0,0.0,0.039375,0.103679936749746,0.143054936749746,18337,,,3.23298799479322e-10,Information
631082,11933.0,3065.436001,BRA,Brazil,Maranhão,0.519512637,0.0,0.63,0.51,,,,,,,,,,,,,,,,,,,,,,,,,,0.209779107453258,10.39025274,0.0,,,,,,,,,,,,,,,,,0.0,0.0,1.40625,0.045874387843788,0.0,0.0,0.04921875,0.160560357453258,0.209779107453258,86941,,,6.927104525305359e-10,Information
632103,11952.0,50.33851215,BRA,Brazil,Maranhão,1.781083121,0.0,0.63,0.51,,,,,,,,,,,,,,,,,,,,,,,,,,1.965354467192923,35.62166242,0.0,,,,,,,,,,,,,,,,,0.0,0.0,0.28125,0.5587173477694066,0.0,0.0,0.00984375,1.9555107171929231,1.965354467192923,1787,,,0.0002423207464369,Information
632208,11966.0,3656.712529,BRA,Brazil,Ceará,0.554688862,0.0,0.63,0.51,,,,,,,,,,,,,,,,,,,,,,,,,,0.2757256611351462,11.09377724,0.0,,,,,,,,,,,,,,,,,0.0,0.0,2.109375,0.0576850103243275,0.0,0.0,0.073828125,0.2018975361351462,0.2757256611351462,20636,,,3.8264360434490164e-09,Information
632209,11967.0,2352.63344,BRA,Brazil,Ceará,0.824723443,0.0,0.63,0.51,,,,,,,,,,,,,,,,,,,,,,,,,,0.3101109591472141,16.49446886,0.0,,,,,,,,,,,,,,,,,0.0,0.0,1.6875,0.0717281311849183,0.0,0.0,0.0590625,0.2510484591472141,0.3101109591472141,52255,,,1.0984263475611416e-08,Information
632404,11972.0,4983.769075,BRA,Brazil,Piauí,0.365510119,0.0,0.63,0.51,,,,,,,,,,,,,,,,,,,,,,,,,,0.1923698881186862,7.310202380000001,0.0,,,,,,,,,,,,,,,,,0.0,0.0,1.828125,0.0366815751767675,0.0,0.0,0.063984375,0.1283855131186862,0.1923698881186862,16492,,,3.25429809797806e-10,Information
632407,11975.0,5292.296852,BRA,Brazil,Piauí,2.389213589,0.0,0.63,0.51,,,,,,,,,,,,,,,,,,,,,,,,,,0.5404340450821091,47.784271780000005,0.0,,,,,,,,,,,,,,,,,0.0,0.0,5.34375,0.1009722271663169,0.0,0.0,0.18703125,0.3534027950821091,0.5404340450821091,21841,,,2.4297183151221123e-06,Information
633037,12007.0,513.7635479,BRA,Brazil,Ceará,0.807764002,0.0,0.63,0.51,,,,,,,,,,,,,,,,,,,,,,,,,,4.129613004342755,16.15528004,0.0,,,,,,,,,,,,,,,,,0.0,0.0,5.765625,1.1222331798122156,0.0,0.0,0.201796875,3.927816129342754,4.129613004342755,28281,,,0.0013028757876922,Information
633041,12010.0,5298.784967,BRA,Brazil,Ceará,1.885829131,0.0,0.63,0.51,,,,,,,,,,,,,,,,,,,,,,,,,,6.522647521845434,37.71658262,0.0,,,,,,,,,,,,,,,,,0.0,0.0,64.546875,1.2181448276701237,0.0,0.0,2.259140625,4.263506896845433,6.522647521845434,281379,,,0.0120223308843073,Information
633046,12015.0,5991.441311,BRA,Brazil,Ceará,0.521897162,0.0,0.63,0.51,,,,,,,,,,,,,,,,,,,,,,,,,,0.2758710789915237,10.43794324,0.0,,,,,,,,,,,,,,,,,0.0,0.0,2.953125,0.0492890582832925,0.0,0.0,0.103359375,0.1725117039915237,0.2758710789915237,120726,,,3.6743879153659e-09,Information
633068,12027.0,2324.572935,BRA,Brazil,Paraíba,0.270804449,0.0,0.63,0.51,,,,,,,,,,,,,,,,,,,,,,,,,,0.2870463092304335,5.41608898,0.0,,,,,,,,,,,,,,,,,0.0,0.0,1.546875,0.0665444812086953,0.0,0.0,0.054140625,0.2329056842304335,0.2870463092304335,37927,,,3.363551321071649e-09,Information
633069,12028.0,4824.52888,BRA,Brazil,Paraíba,0.91902211,0.0,0.63,0.51,,,,,,,,,,,,,,,,,,,,,,,,,,0.3932148562932551,18.3804422,0.0,,,,,,,,,,,,,,,,,0.0,0.0,3.65625,0.0757846017980729,0.0,0.0,0.12796875,0.2652461062932552,0.3932148562932551,128934,,,4.7649212349919965e-08,Information
633094,12041.0,6752.223035,BRA,Brazil,Pernambuco,1.307326674,0.0,0.63,0.51,,,,,,,,,,,,,,,,,,,,,,,,,,0.4151787950496393,26.14653348,0.0,,,,,,,,,,,,,,,,,0.0,0.0,4.78125,0.0708100128713255,0.0,0.0,0.16734375,0.2478350450496392,0.4151787950496393,605629,,,1.1027346536053129e-07,Information
634112,12048.0,2691.773175,BRA,Brazil,Alagoas,0.051088918,0.0,0.63,0.51,,,,,,,,,,,,,,,,,,,,,,,,,,0.440928348577333,1.02177836,0.0,,,,,,,,,,,,,,,,,0.0,0.0,2.671875,0.0992607781649523,0.0,0.0,0.093515625,0.347412723577333,0.440928348577333,136511,,,3.085524112873844e-08,Information
634117,12053.0,5442.192287,BRA,Brazil,Bahia,4.029090638,0.0,0.63,0.51,,,,,,,,,,,,,,,,,,,,,,,,,,0.8519134763497691,80.58181275999999,0.0,,,,,,,,,,,,,,,,,0.0,0.0,8.578125,0.1576226003856483,0.0,0.0,0.300234375,0.551679101349769,0.8519134763497691,261344,,,0.0008845614098954,Information
634118,12054.0,9816.064834,BRA,Brazil,Pernambuco,0.749155428,0.0,0.63,0.51,,,,,,,,,,,,,,,,,,,,,,,,,,0.3676311478151725,14.98310856,0.0,,,,,,,,,,,,,,,,,0.0,0.0,5.203125,0.053006220804335,0.0,0.0,0.182109375,0.1855217728151725,0.3676311478151725,218179,,,2.611818183635265e-08,Information
634193,12065.0,423.3151566,BRA,Brazil,Bahia,1.254210373,0.0,0.63,0.51,,,,,,,,,,,,,,,,,,,,,,,,,,6.180773184162434,25.08420746,0.0,,,,,,,,,,,,,,,,,0.0,0.0,7.171875,1.6942164454749813,0.0,0.0,0.251015625,5.929757559162434,6.180773184162434,0,,,0.0062992527065832,Information
634194,12066.0,11300.17244,BRA,Brazil,Bahia,1.485763247,0.0,0.63,0.51,,,,,,,,,,,,,,,,,,,,,,,,,,0.4267627058826921,29.71526494,0.0,,,,,,,,,,,,,,,,,0.0,0.0,6.46875,0.0572447016807692,0.0,0.0,0.22640625,0.2003564558826921,0.4267627058826921,206186,,,1.662022571734012e-07,Information
634197,12069.0,69.86925228,BRA,Brazil,Bahia,4.048142801,0.0,0.63,0.51,,,,,,,,,,,,,,,,,,,,,,,,,,8.512351761839472,80.96285602,0.0,,,,,,,,,,,,,,,,,0.0,0.0,1.6875,2.4152255033827066,0.0,0.0,0.0590625,8.453289261839473,8.512351761839472,0,,,0.2104462659855326,Information
634199,12071.0,1257.315308,BRA,Brazil,Bahia,4.000371266,0.0,0.63,0.51,,,,,,,,,,,,,,,,,,,,,,,,,,1.8508469063895097,80.00742532000001,0.0,,,,,,,,,,,,,,,,,0.0,0.0,5.90625,0.4697509018255742,0.0,0.0,0.20671875,1.6441281563895098,1.8508469063895097,16091,,,0.008662954708925,Information
634207,12078.0,7462.379799,BRA,Brazil,Bahia,0.777898682,0.0,0.63,0.51,,,,,,,,,,,,,,,,,,,,,,,,,,0.115174586241058,15.55797364,0.0,,,,,,,,,,,,,,,,,0.0,0.0,1.40625,0.0188445246403023,0.0,0.0,0.04921875,0.065955836241058,0.115174586241058,71994,,,2.0925574262224943e-11,Information
634305,12085.0,2295.780659,BRA,Brazil,Bahia,3.01376062,0.0,0.63,0.51,,,,,,,,,,,,,,,,,,,,,,,,,,1.397115027130626,60.2752124,0.0,,,,,,,,,,,,,,,,,0.0,0.0,7.453125,0.3246444720373218,0.0,0.0,0.260859375,1.1362556521306262,1.397115027130626,27016,,,0.0004076229373611,Information
634503,12101.0,230.649643,BRA,Brazil,Bahia,3.750077478,0.0,0.63,0.51,,,,,,,,,,,,,,,,,,,,,,,,,,1.3098822455060617,75.00154956,0.0,,,,,,,,,,,,,,,,,0.0,0.0,0.84375,0.365814570144589,0.0,0.0,0.02953125,1.2803509955060617,1.3098822455060617,1764,,,0.0015946564916068,Information
634505,12103.0,139.249495,BRA,Brazil,Bahia,3.54068665,0.0,0.63,0.51,,,,,,,,,,,,,,,,,,,,,,,,,,0.3583791710838455,70.813733,0.0,,,,,,,,,,,,,,,,,0.0,0.0,0.140625,0.1009877988810987,0.0,0.0,0.004921875,0.3534572960838454,0.3583791710838455,139,,,5.415986854443954e-06,Information
634509,12107.0,2088.129452,BRA,Brazil,Minas Gerais,2.018406012,0.0,0.63,0.51,,,,,,,,,,,,,,,,,,,,,,,,,,0.3988965670961547,40.36812024,0.0,,,,,,,,,,,,,,,,,0.0,0.0,1.96875,0.0942829477417585,0.0,0.0,0.06890625,0.3299903170961547,0.3988965670961547,8020,,,2.7607535991190346e-07,Information
634601,12108.0,1197.218325,BRA,Brazil,Bahia,2.592873438,0.0,0.63,0.51,,,,,,,,,,,,,,,,,,,,,,,,,,1.4270167286330029,51.85746876,0.0,,,,,,,,,,,,,,,,,0.0,0.0,4.359375,0.3641253153237151,0.0,0.0,0.152578125,1.2744386036330029,1.4270167286330029,321,,,0.0002169315314867,Information
635145,12151.0,7063.178938,BRA,Brazil,Bahia,0.719409628,0.0,0.63,0.51,,,,,,,,,,,,,,,,,,,,,,,,,,0.1545730115875596,14.38819256,0.0,,,,,,,,,,,,,,,,,0.0,0.0,1.828125,0.0258824675964456,0.0,0.0,0.063984375,0.0905886365875596,0.1545730115875596,111785,,,1.3342076581364878e-10,Information
635146,12152.0,3248.92468,BRA,Brazil,Bahia,3.424254707,0.0,0.63,0.51,,,,,,,,,,,,,,,,,,,,,,,,,,0.4415645995768672,68.48509414,0.0,,,,,,,,,,,,,,,,,0.0,0.0,3.09375,0.0952238141648192,0.0,0.0,0.10828125,0.3332833495768672,0.4415645995768672,31116,,,9.866459044723091e-06,Information
635148,12154.0,6646.347681,BRA,Brazil,Bahia,1.190617072,0.0,0.63,0.51,,,,,,,,,,,,,,,,,,,,,,,,,,0.1725816117347371,23.81234144,0.0,,,,,,,,,,,,,,,,,0.0,0.0,1.96875,0.0296215319242106,0.0,0.0,0.06890625,0.1036753617347371,0.1725816117347371,203594,,,5.642554241725737e-10,Information
635201,12169.0,2291.369752,BRA,Brazil,Bahia,4.001103647,0.0,0.63,0.51,,,,,,,,,,,,,,,,,,,,,,,,,,0.1848135152235403,80.02207294,0.0,,,,,,,,,,,,,,,,,0.0,0.0,0.984375,0.0429601114924401,0.0,0.0,0.034453125,0.1503603902235403,0.1848135152235403,67507,,,1.4132841998523128e-06,Information
641109,12231.0,13.33799444,BRA,Brazil,Rio Grande do Sul,1.717356918,0.0,0.63,0.51,,,,,,,,,,,,,,,,,,,,,,,,,,35.28546875,34.347138359999995,0.0,,,,,,,,,,,,,,,,,0.0,0.0,8.15625,61.150497847525145,0.0,0.0,0.28546875,35.0,35.28546875,636,,,0.2673294337256491,Advisory
641830,12280.0,4.996580327,ARG,Argentina,Corrientes,4.123289627,0.0,0.65,0.49,,,,,,,,,,,,,,,,,,,,,,,,,,35.0196875,82.46579254,0.0,3.0,,,,,,,,,,,,,,,,0.0,0.0,0.5625,11.25769953117142,0.0,0.0,0.0196875,35.0,35.0196875,0,0.0,0.0,0.7554549392757153,Watch
641868,12290.0,6056.644783,BRA,Brazil,Rio Grande do Sul,0.585885331,0.0,0.63,0.51,,,,,,,,,,,,,,,,,,,,,,,,,,4.932249937077207,11.71770662,0.0,,,,,,,,,,,,,,,,,0.0,0.0,53.15625,0.8776517677363448,0.0,0.0,1.86046875,3.0717811870772067,4.932249937077207,89198,,,0.0019586584570638,Information
642247,12331.0,1002.270449,ARG,Argentina,Santa Fe,0.209416261,0.0,0.65,0.49,,,,,,,,,,,,,,,,,,,,,,,,,,0.5402912947924625,4.188325219999999,0.0,,,,,,,,,,,,,,,,,0.0,0.0,1.40625,0.140306441369275,0.0,0.0,0.04921875,0.4910725447924625,0.5402912947924625,2429,,,1.1211975164556912e-07,Information
642441,12384.0,74.27229261,PRY,Paraguay,Presidente Hayes,3.578145412,0.0,0.6,0.56,,,,,,,,,,,,,,,,,,,,,,,,,,1.3352034034380391,71.56290824,0.0,,,,,,,,,,,,,,,,,0.0,0.0,0.28125,0.3786741866965827,0.0,0.0,0.00984375,1.3253596534380394,1.3352034034380391,54324,,,0.0011118295381611,Information
642447,12390.0,5081.15605,BOL,Bolivia,Tarija,3.86415393,0.0,0.55,0.63,,,,,,,,,,,,,,,,,,,,,,,,,,0.3652100240855237,77.2830786,0.0,,,,,,,,,,,,,,,,,0.0,0.0,3.515625,0.0691894711672925,0.0,0.0,0.123046875,0.2421631490855237,0.3652100240855237,26232,,,1.810719948712822e-05,Information
642448,12391.0,2879.378028,ARG,Argentina,Jujuy,0.379669427,0.0,0.65,0.49,,,,,,,,,,,,,,,,,,,,,,,,,,0.2421695134564506,7.59338854,0.0,,,,,,,,,,,,,,,,,0.0,0.0,1.546875,0.0537225395589859,0.0,0.0,0.054140625,0.1880288884564506,0.2421695134564506,69970,,,1.3880692272927903e-09,Information
642469,12410.0,10155.29781,BOL,Bolivia,Chuquisaca,0.290035031,0.0,0.55,0.63,,,,,,,,,,,,,,,,,,,,,,,,,,0.1172217988238258,5.80070062,0.0,,,,,,,,,,,,,,,,,0.0,0.0,1.6875,0.0166169425210931,0.0,0.0,0.0590625,0.0581592988238258,0.1172217988238258,12252,,,1.122735013770876e-11,Information
642514,12441.0,2550.645732,PRY,Paraguay,Alto Paraná,0.789423008,0.0,0.6,0.56,,,,,,,,,,,,,,,,,,,,,,,,,,0.1937476731941415,15.78846016,0.0,,,,,,,,,,,,,,,,,0.0,0.0,1.125,0.044106478055469,0.0,0.0,0.039375,0.1543726731941415,0.1937476731941415,48985,,,6.217546736695293e-10,Information
642588,12476.0,1175.651844,BRA,Brazil,Mato Grosso do Sul,0.129332307,0.0,0.63,0.51,,,,,,,,,,,,,,,,,,,,,,,,,,1.4971823284010068,2.58664614,0.0,,,,,,,,,,,,,,,,,0.0,0.0,4.5,0.3827663795431448,0.0,0.0,0.1575,1.3396823284010069,1.4971823284010068,92935,,,1.4874555931427124e-05,Information
642589,12477.0,1921.006829,BRA,Brazil,Mato Grosso do Sul,0.556847017,0.0,0.63,0.51,,,,,,,,,,,,,,,,,,,,,,,,,,0.5803208959093966,11.13694034,0.0,,,,,,,,,,,,,,,,,0.0,0.0,2.671875,0.1390872202598276,0.0,0.0,0.093515625,0.4868052709093965,0.5803208959093966,6190,,,2.436199467730823e-07,Information
642726,12494.0,4549.116309,BRA,Brazil,Mato Grosso do Sul,0.346491219,0.0,0.63,0.51,,,,,,,,,,,,,,,,,,,,,,,,,,0.7398403486861709,6.92982438,0.0,,,,,,,,,,,,,,,,,0.0,0.0,6.609375,0.1452892067674774,0.0,0.0,0.231328125,0.5085122236861709,0.7398403486861709,91960,,,6.668178776897323e-07,Information
642944,12560.0,1012.45557,BRA,Brazil,São Paulo,0.008751699,0.0,0.63,0.51,,,,,,,,,,,,,,,,,,,,,,,,,,0.2141404773464533,0.17503398,0.0,,,,,,,,,,,,,,,,,0.0,0.0,0.5625,0.0555579935275581,0.0,0.0,0.0196875,0.1944529773464533,0.2141404773464533,48324,,,4.0097447389570317e-10,Information
642947,12563.0,3535.568986,BRA,Brazil,São Paulo,1.13398048,0.0,0.63,0.51,,,,,,,,,,,,,,,,,,,,,,,,,,0.5841299504783519,22.6796096,0.0,,,,,,,,,,,,,,,,,0.0,0.0,4.359375,0.1233005215652434,0.0,0.0,0.152578125,0.4315518254783519,0.5841299504783519,569203,,,5.155992283086392e-07,Information
651051,12596.0,12739.37094,COL,Colombia,Córdoba,0.205269485,0.0,0.58,0.58,,,,,,,,,,,,,,,,,,,,,,,,,,1.0718175731718356,4.1053897,0.0,,,,,,,,,,,,,,,,,0.0,0.0,17.15625,0.1346710923348102,0.0,0.0,0.60046875,0.4713488231718357,1.0718175731718356,130419,,,3.4966239848462696e-06,Information
651052,12597.0,10575.21321,COL,Colombia,Córdoba,0.619123518,0.0,0.58,0.58,,,,,,,,,,,,,,,,,,,,,,,,,,1.445981508763747,12.38247036,0.0,,,,,,,,,,,,,,,,,0.0,0.0,21.234375,0.2007938239324992,0.0,0.0,0.743203125,0.7027783837637472,1.445981508763747,12545,,,2.028645438419833e-05,Information
652302,12649.0,6531.6636,ARG,Argentina,La Pampa,0.251421477,0.0,0.65,0.49,,,,,,,,,,,,,,,,,,,,,,,,,,0.1370301127514053,5.02842954,0.0,,,,,,,,,,,,,,,,,0.0,0.0,1.546875,0.0236827107861158,0.0,0.0,0.054140625,0.0828894877514053,0.1370301127514053,0,,,3.052742211291512e-11,Information
652306,12653.0,9649.648195,ARG,Argentina,La Pampa,0.840397264,0.0,0.65,0.49,,,,,,,,,,,,,,,,,,,,,,,,,,0.97217760636412,16.807945280000002,0.0,,,,,,,,,,,,,,,,,0.0,0.0,13.640625,0.1413587803897486,0.0,0.0,0.477421875,0.4947557313641201,0.97217760636412,1508,,,4.306154724197878e-06,Information
652501,12667.0,13769.6224,ARG,Argentina,Mendoza,1.21940465,0.0,0.65,0.49,,,,,,,,,,,,,,,,,,,,,,,,,,6.890515052924551,24.388093,0.0,,,,,,,,,,,,,,,,,0.0,0.0,114.046875,0.8282498365498716,0.0,0.0,3.991640625,2.89887442792455,6.890515052924551,5394,,,0.008299583021069,Information
652502,12668.0,9092.403725,ARG,Argentina,Mendoza,0.513324844,0.0,0.65,0.49,,,,,,,,,,,,,,,,,,,,,,,,,,1.3022159877222834,10.26649688,0.0,,,,,,,,,,,,,,,,,0.0,0.0,17.71875,0.1948742107777953,0.0,0.0,0.62015625,0.6820597377222836,1.3022159877222834,135033,,,1.154117873291313e-05,Information
652504,12670.0,11972.89986,ARG,Argentina,Mendoza,0.601570047,0.0,0.65,0.49,,,,,,,,,,,,,,,,,,,,,,,,,,0.1445235393590908,12.03140094,0.0,,,,,,,,,,,,,,,,,0.0,0.0,2.25,0.0187924398168831,0.0,0.0,0.07875,0.0657735393590908,0.1445235393590908,12185,,,7.214538171065951e-11,Information
652505,12671.0,2724.212356,ARG,Argentina,Mendoza,3.993244648,0.0,0.65,0.49,,,,,,,,,,,,,,,,,,,,,,,,,,0.3908134046354797,79.86489296,0.0,,,,,,,,,,,,,,,,,0.0,0.0,2.390625,0.0877547227529942,0.0,0.0,0.083671875,0.3071415296354797,0.3908134046354797,56,,,4.04041784302504e-05,Information
652606,12682.0,7337.189783,ARG,Argentina,San Juan,2.546147104,0.0,0.65,0.49,,,,,,,,,,,,,,,,,,,,,,,,,,0.3954198322008442,50.92294208,0.0,,,,,,,,,,,,,,,,,0.0,0.0,4.78125,0.0651645949145269,0.0,0.0,0.16734375,0.2280760822008441,0.3954198322008442,4608,,,7.134899830089718e-07,Information
652900,12688.0,1474.860907,ARG,Argentina,San Juan,0.218339705,0.0,0.65,0.49,,,,,,,,,,,,,,,,,,,,,,,,,,0.114880998117012,4.3667941,0.0,,,,,,,,,,,,,,,,,0.0,0.0,0.421875,0.0286043923191463,0.0,0.0,0.014765625,0.100115373117012,0.114880998117012,264,,,8.817169388725347e-12,Information
652904,12692.0,3118.55095,ARG,Argentina,San Juan,2.365244635,0.0,0.65,0.49,,,,,,,,,,,,,,,,,,,,,,,,,,0.1449311179918717,47.3048927,0.0,,,,,,,,,,,,,,,,,0.0,0.0,0.984375,0.0315651408548205,0.0,0.0,0.034453125,0.1104779929918717,0.1449311179918717,8929,,,1.8618770945949302e-09,Information
652905,12693.0,5637.306291,ARG,Argentina,San Juan,2.674629196,0.0,0.65,0.49,,,,,,,,,,,,,,,,,,,,,,,,,,0.7372497782255567,53.49258392,0.0,,,,,,,,,,,,,,,,,0.0,0.0,7.59375,0.1347052937787305,0.0,0.0,0.26578125,0.4714685282255567,0.7372497782255567,3404,,,1.7032232865073065e-05,Information
652906,12694.0,5636.247937,ARG,Argentina,San Juan,0.891403426,0.0,0.65,0.49,,,,,,,,,,,,,,,,,,,,,,,,,,0.8738824400533898,17.82806852,0.0,,,,,,,,,,,,,,,,,0.0,0.0,9.0,0.1596806971581114,0.0,0.0,0.315,0.5588824400533898,0.8738824400533898,310,,,2.764773172868208e-06,Information
653000,12698.0,7818.44896,ARG,Argentina,Río Negro,1.861909728,0.0,0.65,0.49,,,,,,,,,,,,,,,,,,,,,,,,,,2.7033166195830924,37.23819456,0.0,,,,,,,,,,,,,,,,,0.0,0.0,33.890625,0.4334699270237406,0.0,0.0,1.186171875,1.517144744583092,2.7033166195830924,127,,,0.0008308109137399,Information
653030,12701.0,4511.400271,ARG,Argentina,Río Negro,1.656879105,0.0,0.65,0.49,,,,,,,,,,,,,,,,,,,,,,,,,,1.4881831866289532,33.1375821,0.0,,,,,,,,,,,,,,,,,0.0,0.0,13.21875,0.2930076961797009,0.0,0.0,0.46265625,1.0255269366289532,1.4881831866289532,205,,,7.087889491732005e-05,Information
653040,12702.0,3499.524562,ARG,Argentina,Río Negro,0.222390779,0.0,0.65,0.49,,,,,,,,,,,,,,,,,,,,,,,,,,0.4936434230104153,4.44781558,0.0,,,,,,,,,,,,,,,,,0.0,0.0,3.65625,0.1044784780029758,0.0,0.0,0.12796875,0.3656746730104153,0.4936434230104153,268,,,6.986065087539805e-08,Information
653050,12703.0,15744.72894,ARG,Argentina,Chubut,1.005241262,0.0,0.65,0.49,,,,,,,,,,,,,,,,,,,,,,,,,,0.1770542662867565,20.10482524,0.0,,,,,,,,,,,,,,,,,0.0,0.0,3.09375,0.0196494332247876,0.0,0.0,0.10828125,0.0687730162867566,0.1770542662867565,1709,,,4.919063220943612e-10,Information
653070,12705.0,26605.05636,ARG,Argentina,Río Negro,3.191032197,0.0,0.65,0.49,,,,,,,,,,,,,,,,,,,,,,,,,,4.435563248208918,63.82064394,0.0,,,,,,,,,,,,,,,,,0.0,0.0,92.109375,0.3462100352025479,0.0,0.0,3.223828125,1.2117351232089175,4.435563248208918,21373,,,0.0179157650378639,Information
653090,12707.0,21999.15769,ARG,Argentina,Río Negro,2.219189653,0.0,0.65,0.49,,,,,,,,,,,,,,,,,,,,,,,,,,1.997410262572758,44.38379306,0.0,,,,,,,,,,,,,,,,,0.0,0.0,39.234375,0.1783448964493594,0.0,0.0,1.373203125,0.6242071375727579,1.997410262572758,855,,,0.0004395257922726,Information
653200,12709.0,9386.712601,ARG,Argentina,Neuquén,0.556241325,0.0,0.65,0.49,,,,,,,,,,,,,,,,,,,,,,,,,,2.917448024731704,11.1248265,0.0,,,,,,,,,,,,,,,,,0.0,0.0,40.359375,0.4299628284947726,0.0,0.0,1.412578125,1.504869899731704,2.917448024731704,4521,,,0.0003171308646328,Information
653220,12711.0,1255.182674,ARG,Argentina,Río Negro,4.003914021,0.0,0.65,0.49,,,,,,,,,,,,,,,,,,,,,,,,,,1.1033573714108789,80.07828042,0.0,,,,,,,,,,,,,,,,,0.0,0.0,3.515625,0.2800887132602511,0.0,0.0,0.123046875,0.9803104964108788,1.1033573714108789,3291,,,0.001905157254826,Information
653222,12713.0,2216.861028,ARG,Argentina,Neuquén,0.415088181,0.0,0.65,0.49,,,,,,,,,,,,,,,,,,,,,,,,,,1.247698280048769,8.30176362,0.0,,,,,,,,,,,,,,,,,0.0,0.0,6.46875,0.2917977228710769,0.0,0.0,0.22640625,1.0212920300487691,1.247698280048769,10226,,,8.648351962258638e-06,Information
653224,12715.0,5446.596831,ARG,Argentina,Neuquén,0.418443621,0.0,0.65,0.49,,,,,,,,,,,,,,,,,,,,,,,,,,0.8654258265031823,8.368872419999999,0.0,,,,,,,,,,,,,,,,,0.0,0.0,8.71875,0.1600770218580521,0.0,0.0,0.30515625,0.5602695765031823,0.8654258265031823,36786,,,1.5634392970485302e-06,Information
653227,12718.0,5521.621115,ARG,Argentina,Neuquén,0.631201052,0.0,0.65,0.49,,,,,,,,,,,,,,,,,,,,,,,,,,1.2313770689266434,12.62402104,0.0,,,,,,,,,,,,,,,,,0.0,0.0,12.515625,0.2266657696933267,0.0,0.0,0.438046875,0.7933301939266434,1.2313770689266434,8514,,,1.0126314788997048e-05,Information
653228,12719.0,2219.534456,ARG,Argentina,Neuquén,1.610170912,0.0,0.65,0.49,,,,,,,,,,,,,,,,,,,,,,,,,,0.1896799335163239,32.203418240000005,0.0,,,,,,,,,,,,,,,,,0.0,0.0,0.984375,0.0443505167189497,0.0,0.0,0.034453125,0.1552268085163239,0.1896799335163239,8955,,,2.064647570103119e-09,Information
653230,12721.0,12025.3086,ARG,Argentina,Río Negro,3.278879373,0.0,0.65,0.49,,,,,,,,,,,,,,,,,,,,,,,,,,3.290403936361964,65.57758746,0.0,,,,,,,,,,,,,,,,,0.0,0.0,51.328125,0.4268341603891326,0.0,0.0,1.796484375,1.493919561361964,3.290403936361964,339849,,,0.0094449266608462,Information
653240,12722.0,4290.244701,ARG,Argentina,Neuquén,4.011886651,0.0,0.65,0.49,,,,,,,,,,,,,,,,,,,,,,,,,,0.5737942952883137,80.23773302000001,0.0,,,,,,,,,,,,,,,,,0.0,0.0,4.921875,0.1147224772252325,0.0,0.0,0.172265625,0.4015286702883137,0.5737942952883137,4182,,,0.0002006261871725,Information
653250,12723.0,14143.49214,ARG,Argentina,Río Negro,2.449420012,0.0,0.65,0.49,,,,,,,,,,,,,,,,,,,,,,,,,,1.2266675289080842,48.98840024,0.0,,,,,,,,,,,,,,,,,0.0,0.0,20.53125,0.1451639368308812,0.0,0.0,0.71859375,0.5080737789080841,1.2266675289080842,5318,,,9.65977171764808e-05,Information
653300,12728.0,15644.21977,ARG,Argentina,Chubut,3.581269126,0.0,0.65,0.49,,,,,,,,,,,,,,,,,,,,,,,,,,1.2424727782710647,71.62538252,0.0,,,,,,,,,,,,,,,,,0.0,0.0,21.65625,0.1384297223631614,0.0,0.0,0.75796875,0.4845040282710648,1.2424727782710647,1008,,,0.0008788296805474,Information
653302,12730.0,1862.001082,ARG,Argentina,Río Negro,4.0709902,0.0,0.65,0.49,,,,,,,,,,,,,,,,,,,,,,,,,,0.1254205212561203,81.419804,0.0,,,,,,,,,,,,,,,,,0.0,0.0,0.5625,0.0302094346446058,0.0,0.0,0.0196875,0.1057330212561203,0.1254205212561203,881,,,2.893707989154634e-07,Information
653303,12731.0,1828.095431,ARG,Argentina,Río Negro,2.79465218,0.0,0.65,0.49,,,,,,,,,,,,,,,,,,,,,,,,,,2.38840405525136,55.8930436,0.0,,,,,,,,,,,,,,,,,0.0,0.0,10.546875,0.5769324086432457,0.0,0.0,0.369140625,2.01926343025136,2.38840405525136,569,,,0.0017727972332541,Information
653305,12733.0,850.0922497,ARG,Argentina,Río Negro,2.7282504,2.201127428,0.65,0.49,,,,,,,,,,,,,,,,,,,,,,,,,,1.3192200658323738,54.565008,44.02254856,,,,,,,,,,,,,,,,,0.0,0.0,2.953125,0.3473887688092497,0.0,0.0,0.103359375,1.215860690832374,1.3192200658323738,1576,,,0.0002006390132451,Information
653307,16261.0,8051.369038,ARG,Argentina,Chubut,0.460279219,2.21896897,0.65,0.49,,,,,,,,,,,,,,,,,,,,,,,,,,5.605762626664786,9.20558438,44.379379400000005,,,,,,,,,,,,,,,,,0.0,0.0,71.4375,0.8872714647613675,0.0,0.0,2.5003125,3.1054501266647865,5.605762626664786,121439,,,0.0108734726888763,Information
653429,12753.0,4869.07128,ARG,Argentina,Río Negro,2.315654441,0.0,0.65,0.49,,,,,,,,,,,,,,,,,,,,,,,,,,0.3306670886375646,46.31308882,0.0,,,,,,,,,,,,,,,,,0.0,0.0,3.09375,0.0635388110393042,0.0,0.0,0.10828125,0.2223858386375647,0.3306670886375646,445,,,1.7920894752370548e-07,Information
653782,12788.0,848.7169145,BOL,Bolivia,Santa Cruz,3.212432177,0.0,0.55,0.63,,,,,,,,,,,,,,,,,,,,,,,,,,0.1887414789890966,64.24864354,0.0,,,,,,,,,,,,,,,,,0.0,0.0,0.421875,0.0497073868540276,0.0,0.0,0.014765625,0.1739758539890966,0.1887414789890966,7,,,7.858090710781627e-08,Information
653908,12806.0,857.7489194,CHL,Chile,Magallanes y Antártica Chilena,3.478923537,0.0,0.7,0.42,,,,,,,,,,,,,,,,,,,,,,,,,,11.463784614302998,69.57847074,0.0,,,,,,,,,,,,,,,,,0.0,0.0,25.875,3.016617032657999,0.0,0.0,0.905625,10.558159614302998,11.463784614302998,13,,,0.1645427245570245,Information
661101,12811.0,1287.677222,CHL,Chile,Magallanes y Antártica Chilena,3.400421718,0.0,0.7,0.42,,,,,,,,,,,,,,,,,,,,,,,,,,6.471715356168191,68.00843436,0.0,,,,,,,,,,,,,,,,,0.0,0.0,21.09375,1.6381240303337687,0.0,0.0,0.73828125,5.733434106168191,6.471715356168191,131436,,,0.0550180283526459,Information
661108,12816.0,3397.976096,CHL,Chile,Magallanes y Antártica Chilena,3.254375657,0.0,0.7,0.42,,,,,,,,,,,,,,,,,,,,,,,,,,1.9600666204566948,65.08751314,0.0,,,,,,,,,,,,,,,,,0.0,0.0,14.203125,0.4179877844161985,0.0,0.0,0.497109375,1.4629572454566948,1.9600666204566948,0,,,0.0019892205375654,Information
662104,12840.0,10250.25185,CHL,Chile,Los Ríos,3.206139227,0.0,0.7,0.42,,,,,,,,,,,,,,,,,,,,,,,,,,0.9529114562605036,64.12278454,0.0,,,,,,,,,,,,,,,,,0.0,0.0,13.78125,0.1344479160744296,0.0,0.0,0.48234375,0.4705677062605036,0.9529114562605036,316303,,,0.0001426270877773,Information
662105,12841.0,1429.90346,CHL,Chile,Araucanía,2.271526837,0.0,0.7,0.42,,,,,,,,,,,,,,,,,,,,,,,,,,0.3934290508175845,45.43053674,0.0,,,,,,,,,,,,,,,,,0.0,0.0,1.40625,0.0983458002335956,0.0,0.0,0.04921875,0.3442103008175846,0.3934290508175845,13211,,,4.062745748687719e-07,Information
662109,12845.0,6761.361451,CHL,Chile,Bío-Bío,1.07948807,0.323295954,0.7,0.42,,,,,,,,,,,,,,,,,,,,,,,,,,0.1342141802975883,21.5897614,6.46591908,,,,,,,,,,,,,,,,,0.0,0.0,1.546875,0.0228781586564538,0.0,0.0,0.054140625,0.0800735552975883,0.1342141802975883,423688,,,9.434607016567604e-11,Information
662580,12856.0,9811.518025,CHL,Chile,Atacama,3.154122287,0.0,0.7,0.42,,,,,,,,,,,,,,,,,,,,,,,,,,0.6559278382948908,63.08244574,0.0,,,,,,,,,,,,,,,,,0.0,0.0,9.28125,0.0945954537985402,0.0,0.0,0.32484375,0.3310840882948907,0.6559278382948908,56230,,,2.7841995020823453e-05,Information
662909,12887.0,788.6790831,CHL,Chile,Arica y Parinacota,0.382379217,0.0,0.7,0.42,,,,,,,,,,,,,,,,,,,,,,,,,,0.2693137475060291,7.64758434,0.0,,,,,,,,,,,,,,,,,0.0,0.0,0.5625,0.0713217850017226,0.0,0.0,0.0196875,0.2496262475060291,0.2693137475060291,2742,,,2.6496521917574638e-09,Information
671017,12917.0,2095.575213,PER,Peru,Moquegua,1.446046848,0.0,0.59,0.57,,,,,,,,,,,,,,,,,,,,,,,,,,0.3693152198033952,28.92093696,0.0,,,,,,,,,,,,,,,,,0.0,0.0,1.828125,0.0872373842295415,0.0,0.0,0.063984375,0.3053308448033952,0.3693152198033952,6683,,,7.206783593931015e-08,Information
671072,12926.0,11150.26868,PER,Peru,Ayacucho,1.778030347,0.0,0.59,0.57,,,,,,,,,,,,,,,,,,,,,,,,,,0.1213680819266097,35.56060694,0.0,,,,,,,,,,,,,,,,,0.0,0.0,1.828125,0.0163953448361742,0.0,0.0,0.063984375,0.0573837069266097,0.1213680819266097,79850,,,1.752080247015315e-10,Information
672029,12946.0,5633.743012,ECU,Ecuador,Manabi,1.463468609,0.0,0.57,0.6,,,,,,,,,,,,,,,,,,,,,,,,,,0.4643820594447576,29.26937218,0.0,,,,,,,,,,,,,,,,,0.0,0.0,4.78125,0.0848680884127879,0.0,0.0,0.16734375,0.2970383094447576,0.4643820594447576,331906,,,2.505040783744672e-07,Information
672092,12955.0,4093.620774,COL,Colombia,Chocó,2.224947811,0.0,0.58,0.58,,,,,,,,,,,,,,,,,,,,,,,,,,0.2372321741633693,44.49895622,0.0,,,,,,,,,,,,,,,,,0.0,0.0,1.96875,0.0480931211895341,0.0,0.0,0.06890625,0.1683259241633693,0.2372321741633693,75892,,,2.4470193967126955e-08,Information
712226,13035.0,4112.97624,CAN,Canada,Manitoba,0.033565554,0.0,0.8,0.28,,,,,,,,,,,,,,,,,,,,,,,,,,0.6924315473717715,0.67131108,0.0,,,,,,,,,,,,,,,,,0.0,0.0,5.765625,0.1401813349633633,0.0,0.0,0.201796875,0.4906346723717715,0.6924315473717715,991,,,3.417744074126304e-07,Information
712228,13037.0,11041.48261,CAN,Canada,Manitoba,1.422450046,0.0,0.8,0.28,,,,,,,,,,,,,,,,,,,,,,,,,,1.7445863440428315,28.44900092,0.0,,,,,,,,,,,,,,,,,0.0,0.0,26.15625,0.2368907411550948,0.0,0.0,0.91546875,0.8291175940428317,1.7445863440428315,8794,,,0.0001020475603314,Information
712280,13069.0,3898.184879,CAN,Canada,Saskatchewan,0.830144942,0.0,0.8,0.28,,,,,,,,,,,,,,,,,,,,,,,,,,1.5968628746796738,16.60289884,0.0,,,,,,,,,,,,,,,,,0.0,0.0,12.796875,0.328277785622764,0.0,0.0,0.447890625,1.148972249679674,1.5968628746796738,5346,,,3.81757863484068e-05,Information
712282,13071.0,4056.799662,CAN,Canada,Manitoba,3.154050361,0.0,0.8,0.28,,,,,,,,,,,,,,,,,,,,,,,,,,7.998458880491901,63.08100722,0.0,,,,,,,,,,,,,,,,,0.0,0.0,65.953125,1.6257427158548288,0.0,0.0,2.308359375,5.690099505491901,7.998458880491901,5466,,,0.063073087966676,Information
712287,13076.0,487.9439978,CAN,Canada,Saskatchewan,2.006008745,0.0,0.8,0.28,,,,,,,,,,,,,,,,,,,,,,,,,,1.586873173950314,40.1201749,0.0,,,,,,,,,,,,,,,,,0.0,0.0,2.109375,0.4322985854143755,0.0,0.0,0.073828125,1.5130450489503142,1.586873173950314,2674,,,0.0001413957410171,Information
712288,13077.0,3721.792182,CAN,Canada,Saskatchewan,1.146735541,0.0,0.8,0.28,,,,,,,,,,,,,,,,,,,,,,,,,,0.7258540250144601,22.93471082,0.0,,,,,,,,,,,,,,,,,0.0,0.0,5.625,0.1511368642898457,0.0,0.0,0.196875,0.52897902501446,0.7258540250144601,234706,,,1.5426400639762976e-06,Information
712289,13078.0,13338.73691,CAN,Canada,Saskatchewan,2.073090954,0.0,0.8,0.28,,,,,,,,,,,,,,,,,,,,,,,,,,3.608338269618134,41.46181908,0.0,,,,,,,,,,,,,,,,,0.0,0.0,58.921875,0.4417350413194668,0.0,0.0,2.062265625,1.5460726446181337,3.608338269618134,43650,,,0.0026645910979752,Information
712294,13082.0,4571.998466,USA,United States,North Dakota,0.016188246,0.0,0.77,0.32,,,,,,,,,,,,,,,,,,,,,,,,,,1.458903510035646,0.32376492,0.0,,,,,,,,,,,,,,,,,0.0,0.0,13.078125,0.2860483242958988,0.0,0.0,0.457734375,1.001169135035646,1.458903510035646,9961,,,1.1987308201279477e-05,Information
712296,13084.0,4358.07554,USA,United States,North Dakota,1.344729106,0.0,0.77,0.32,,,,,,,,,,,,,,,,,,,,,,,,,,24.56657953206796,26.89458212,0.0,,,,,,,,,,,,,,,,,0.0,0.0,213.046875,4.88855397344799,0.0,0.0,7.456640625,17.109938907067963,24.56657953206796,11393,,,0.1377430610588719,Information
712299,13087.0,16125.24011,CAN,Canada,Saskatchewan,1.849744967,0.0,0.8,0.28,,,,,,,,,,,,,,,,,,,,,,,,,,5.534063661166361,36.99489934,0.0,,,,,,,,,,,,,,,,,0.0,0.0,97.59375,0.6052235460475317,0.0,0.0,3.41578125,2.118282411166361,5.534063661166361,37600,,,0.0075017761640632,Information
712504,13112.0,2923.316159,CAN,Canada,Saskatchewan,0.355465405,0.0,0.8,0.28,,,,,,,,,,,,,,,,,,,,,,,,,,1.9365056498775204,7.1093081,0.0,,,,,,,,,,,,,,,,,0.0,0.0,12.515625,0.4281310785364344,0.0,0.0,0.438046875,1.4984587748775204,1.9365056498775204,2577,,,5.429764480685659e-05,Information
721995,13304.0,5222.859508,CAN,Canada,Québec,3.858241008,0.0,0.8,0.28,,,,,,,,,,,,,,,,,,,,,,,,,,3.988074579279248,77.16482015999999,0.0,,,,,,,,,,,,,,,,,0.0,0.0,39.09375,0.7485123797940707,0.0,0.0,1.36828125,2.6197933292792475,3.988074579279248,397,,,0.0404929767627067,Information
721997,13306.0,1645.880084,CAN,Canada,Québec,4.015615272,0.0,0.8,0.28,,,,,,,,,,,,,,,,,,,,,,,,,,0.4179130661948917,80.31230543999999,0.0,,,,,,,,,,,,,,,,,0.0,0.0,1.6875,0.1025287331985405,0.0,0.0,0.0590625,0.3588505661948917,0.4179130661948917,1519,,,5.846480556222886e-05,Information
723030,16286.0,27066.57964,CAN,Canada,Newfoundland and Labrador,2.381449679,0.674330614,0.8,0.28,,,,,,,,,,,,,,,,,,,,,,,,,,22.013844525785032,47.62899358,13.48661228,,,,,,,,,,,,,,,,,0.0,0.0,459.28125,1.6968573645100096,0.0,0.0,16.07484375,5.939000775785034,22.013844525785032,27421,,,0.1930582521422482,Information
725202,13453.0,5805.963704,CAN,Canada,Québec,3.484177091,0.0,0.8,0.28,,,,,,,,,,,,,,,,,,,,,,,,,,1.6078979802614302,69.68354182,0.0,,,,,,,,,,,,,,,,,0.0,0.0,16.875,0.2906494229318372,0.0,0.0,0.590625,1.0172729802614302,1.6078979802614302,2697,,,0.0016582872237927,Information
725209,13460.0,12435.40171,CAN,Canada,Québec,0.216030346,0.0,0.8,0.28,,,,,,,,,,,,,,,,,,,,,,,,,,9.91876917682036,4.32060692,0.0,,,,,,,,,,,,,,,,,0.0,0.0,157.078125,1.263152800520102,0.0,0.0,5.497734375,4.421034801820357,9.91876917682036,1910,,,0.0117081276291864,Information
725302,13462.0,3382.178029,CAN,Canada,Québec,0.714218873,0.0,0.8,0.28,,,,,,,,,,,,,,,,,,,,,,,,,,2.278488184320332,14.28437746,0.0,,,,,,,,,,,,,,,,,0.0,0.0,16.453125,0.4864653740915233,0.0,0.0,0.575859375,1.7026288093203314,2.278488184320332,97734,,,0.000143076669888,Information
725304,13464.0,15081.38912,CAN,Canada,Québec,1.229626962,0.0,0.8,0.28,,,,,,,,,,,,,,,,,,,,,,,,,,4.395569042742764,24.59253924,0.0,,,,,,,,,,,,,,,,,0.0,0.0,75.515625,0.5007206193550755,0.0,0.0,2.643046875,1.7525221677427645,4.395569042742764,658748,,,0.0022394013858492,Information
725305,13465.0,113.0287734,CAN,Canada,Québec,0.962290564,0.0,0.8,0.28,,,,,,,,,,,,,,,,,,,,,,,,,,0.8807503076896731,19.24581128,0.0,,,,,,,,,,,,,,,,,0.0,0.0,0.28125,0.2488304450541923,0.0,0.0,0.00984375,0.8709065576896731,0.8807503076896731,12699,,,3.1155676505038627e-06,Information
725430,13472.0,782.4356962,CAN,Canada,Québec,0.869447332,0.0,0.8,0.28,,,,,,,,,,,,,,,,,,,,,,,,,,0.7460904588847277,17.38894664,0.0,,,,,,,,,,,,,,,,,0.0,0.0,1.546875,0.1976999525384936,0.0,0.0,0.054140625,0.6919498338847276,0.7460904588847277,329777,,,1.2566245875508568e-06,Information
725460,13475.0,8508.439876,CAN,Canada,Ontario,1.456995061,0.0,0.8,0.28,,,,,,,,,,,,,,,,,,,,,,,,,,6.680901175478519,29.13990122,0.0,,,,,,,,,,,,,,,,,0.0,0.0,87.75,1.031328907279577,0.0,0.0,3.07125,3.60965117547852,6.680901175478519,24533,,,0.0091017001173076,Information
725471,13476.0,4172.437327,CAN,Canada,Ontario,2.070773642,0.0,0.8,0.28,,,,,,,,,,,,,,,,,,,,,,,,,,3.811712619662365,41.41547283999999,0.0,,,,,,,,,,,,,,,,,0.0,0.0,32.0625,0.7684357484749613,0.0,0.0,1.1221875,2.6895251196623646,3.811712619662365,30806,,,0.0031438138492006,Information
725473,13478.0,101.1831722,CAN,Canada,Ontario,1.924487033,0.0,0.8,0.28,,,,,,,,,,,,,,,,,,,,,,,,,,4.4221864036320815,38.48974066,0.0,,,,,,,,,,,,,,,,,0.0,0.0,1.265625,1.2508255796091663,0.0,0.0,0.044296875,4.377889528632082,4.4221864036320815,617,,,0.0042370811175531,Information
725474,13479.0,2916.443186,CAN,Canada,Québec,2.314791203,0.0,0.8,0.28,,,,,,,,,,,,,,,,,,,,,,,,,,3.4877068951447114,46.29582406,0.0,,,,,,,,,,,,,,,,,0.0,0.0,22.5,0.7714876843270604,0.0,0.0,0.7875,2.700206895144712,3.4877068951447114,701,,,0.0031261628853703,Information
725475,13480.0,1338.725902,CAN,Canada,Ontario,0.62897332,0.0,0.8,0.28,,,,,,,,,,,,,,,,,,,,,,,,,,1.5007407360294354,12.5794664,0.0,,,,,,,,,,,,,,,,,0.0,0.0,5.0625,0.3781580674369815,0.0,0.0,0.1771875,1.3235532360294353,1.5007407360294354,31638,,,2.4039783136512566e-05,Information
725476,13481.0,4173.336631,CAN,Canada,Ontario,3.044897543,0.0,0.8,0.28,,,,,,,,,,,,,,,,,,,,,,,,,,5.733415084758716,60.89795086,0.0,,,,,,,,,,,,,,,,,0.0,0.0,48.234375,1.1557748456453472,0.0,0.0,1.688203125,4.045211959758715,5.733415084758716,9791,,,0.0274375704867804,Information
725520,13496.0,21175.83331,CAN,Canada,Ontario,2.915443935,0.0,0.8,0.28,,,,,,,,,,,,,,,,,,,,,,,,,,15.65171358498462,58.3088787,0.0,,,,,,,,,,,,,,,,,0.0,0.0,303.75,1.434418167138463,0.0,0.0,10.63125,5.02046358498462,15.65171358498462,570305,,,0.1636151917244362,Information
725530,13497.0,10818.13386,USA,United States,New York,1.31920608,0.0,0.77,0.32,,,,,,,,,,,,,,,,,,,,,,,,,,5.446128326289877,26.3841216,0.0,,,,,,,,,,,,,,,,,0.0,0.0,80.859375,0.7474429146542505,0.0,0.0,2.830078125,2.6160502012898768,5.446128326289877,108001,,,0.0046077322367763,Information
725551,13499.0,8209.917999,USA,United States,New York,2.826513056,0.0,0.77,0.32,,,,,,,,,,,,,,,,,,,,,,,,,,4.912609732782591,56.53026112,0.0,,,,,,,,,,,,,,,,,0.0,0.0,63.28125,0.770790280795026,0.0,0.0,2.21484375,2.697765982782591,4.912609732782591,355232,,,0.0146191073855306,Information
725552,13500.0,6887.390597,USA,United States,New York,1.11802686,0.0,0.77,0.32,,,,,,,,,,,,,,,,,,,,,,,,,,1.4602384684113867,22.360537200000003,0.0,,,,,,,,,,,,,,,,,0.0,0.0,17.015625,0.2470547409746819,0.0,0.0,0.595546875,0.8646915934113867,1.4602384684113867,493208,,,3.541563686611642e-05,Information
725557,13505.0,36106.19946,USA,United States,Ohio,2.270562382,0.0,0.77,0.32,,,,,,,,,,,,,,,,,,,,,,,,,,8.71735211684419,45.41124764,0.0,,,,,,,,,,,,,,,,,0.0,0.0,195.046875,0.540203283384054,0.0,0.0,6.826640625,1.890711491844189,8.71735211684419,3094238,,,0.0332889899572677,Information
725558,13506.0,6524.543847,USA,United States,Ohio,0.388815604,0.0,0.77,0.32,,,,,,,,,,,,,,,,,,,,,,,,,,5.721667167857794,7.776312079999999,0.0,,,,,,,,,,,,,,,,,0.0,0.0,64.546875,0.9892932979593698,0.0,0.0,2.259140625,3.4625265428577943,5.721667167857794,255937,,,0.0027183065936719,Information
725576,13514.0,3418.697269,CAN,Canada,Ontario,2.791636197,0.0,0.8,0.28,,,,,,,,,,,,,,,,,,,,,,,,,,0.8886650935691036,55.83272394,0.0,,,,,,,,,,,,,,,,,0.0,0.0,6.46875,0.1892168124483153,0.0,0.0,0.22640625,0.6622588435691036,0.8886650935691036,66802,,,4.691457041495964e-05,Information
725578,13516.0,3329.281075,CAN,Canada,Ontario,0.650871882,0.0,0.8,0.28,,,,,,,,,,,,,,,,,,,,,,,,,,0.3744039696633712,13.01743764,0.0,,,,,,,,,,,,,,,,,0.0,0.0,2.671875,0.0802538127609632,0.0,0.0,0.093515625,0.2808883446633712,0.3744039696633712,49938,,,2.545141842524225e-08,Information
726012,13605.0,1999.034652,CAN,Canada,Québec,2.489411382,0.0,0.8,0.28,,,,,,,,,,,,,,,,,,,,,,,,,,0.8567508873596001,49.78822764,0.0,,,,,,,,,,,,,,,,,0.0,0.0,4.078125,0.2040047178170286,0.0,0.0,0.142734375,0.7140165123596002,0.8567508873596001,22269,,,2.342018948116393e-05,Information
726015,13608.0,753.5817268,CAN,Canada,Québec,1.475953762,3.206342823,0.8,0.28,,,,,,,,,,,,,,,,,,,,,,,,,,12.010178754919831,29.51907524,64.12685646,,,,,,,,,,,,,,,,,0.0,0.0,24.046875,3.191010894262809,0.0,0.0,0.841640625,11.168538129919831,12.010178754919831,6667,,,0.1369260928547124,Information
726018,13611.0,2383.716694,CAN,Canada,Québec,1.313417507,0.0,0.8,0.28,,,,,,,,,,,,,,,,,,,,,,,,,,0.89494221407752,26.268350140000003,0.0,,,,,,,,,,,,,,,,,0.0,0.0,4.921875,0.20647902545072,0.0,0.0,0.172265625,0.72267658907752,0.89494221407752,993,,,5.1345485580196815e-06,Information
731402,13645.0,3189.008436,USA,United States,New York,0.312491444,0.0,0.77,0.32,,,,,,,,,,,,,,,,,,,,,,,,,,0.3256919620121902,6.24982888,0.0,,,,,,,,,,,,,,,,,0.0,0.0,2.25,0.0705548462891972,0.0,0.0,0.07875,0.2469419620121902,0.3256919620121902,305795,,,7.46192022805729e-09,Information
731403,13646.0,6375.123291,USA,United States,New York,0.333537904,0.0,0.77,0.32,,,,,,,,,,,,,,,,,,,,,,,,,,1.150450567103058,6.67075808,0.0,,,,,,,,,,,,,,,,,0.0,0.0,12.796875,0.2007314120294452,0.0,0.0,0.447890625,0.7025599421030582,1.150450567103058,552187,,,5.5137091229237725e-06,Information
731404,13647.0,9037.991312,USA,United States,New York,0.510530891,0.0,0.77,0.32,,,,,,,,,,,,,,,,,,,,,,,,,,0.9019844224259908,10.21061782,0.0,,,,,,,,,,,,,,,,,0.0,0.0,12.234375,0.1353660849788545,0.0,0.0,0.428203125,0.4737812974259907,0.9019844224259908,564874,,,2.106128210575177e-06,Information
731406,13649.0,1857.851829,USA,United States,Vermont,0.114115742,0.0,0.77,0.32,,,,,,,,,,,,,,,,,,,,,,,,,,0.2513133224482972,2.28231484,0.0,,,,,,,,,,,,,,,,,0.0,0.0,1.125,0.0605538064137992,0.0,0.0,0.039375,0.2119383224482972,0.2513133224482972,75776,,,1.2372010677158481e-09,Information
731407,13650.0,2818.639246,USA,United States,New York,0.803410095,0.0,0.77,0.32,,,,,,,,,,,,,,,,,,,,,,,,,,0.6715127534049421,16.068201900000002,0.0,,,,,,,,,,,,,,,,,0.0,0.0,4.21875,0.1496732866871263,0.0,0.0,0.14765625,0.523856503404942,0.6715127534049421,187372,,,6.887707256846258e-07,Information
731408,13651.0,4242.946679,USA,United States,New York,1.213114916,0.0,0.77,0.32,,,,,,,,,,,,,,,,,,,,,,,,,,1.8008989802358095,24.262298320000003,0.0,,,,,,,,,,,,,,,,,0.0,0.0,15.328125,0.3612613157816599,0.0,0.0,0.536484375,1.2644146052358096,1.8008989802358095,17173,,,9.238049982277042e-05,Information
731409,13652.0,2779.001085,USA,United States,New York,0.806021173,0.0,0.77,0.32,,,,,,,,,,,,,,,,,,,,,,,,,,1.290071040108996,16.120423459999998,0.0,,,,,,,,,,,,,,,,,0.0,0.0,8.015625,0.2884354757454274,0.0,0.0,0.280546875,1.009524165108996,1.290071040108996,19529,,,1.4919940902916183e-05,Information
731606,13664.0,6674.155304,USA,United States,New York,1.175589318,0.0,0.77,0.32,,,,,,,,,,,,,,,,,,,,,,,,,,0.2090388633222823,23.51178636,0.0,,,,,,,,,,,,,,,,,0.0,0.0,2.390625,0.0358191395206521,0.0,0.0,0.083671875,0.1253669883222823,0.2090388633222823,169118,,,1.791563152938831e-09,Information
731607,13665.0,2652.805725,USA,United States,New York,1.469254885,0.0,0.77,0.32,,,,,,,,,,,,,,,,,,,,,,,,,,0.1643274112036861,29.3850977,0.0,,,,,,,,,,,,,,,,,0.0,0.0,0.984375,0.0371069389153389,0.0,0.0,0.034453125,0.1298742862036861,0.1643274112036861,146790,,,6.674649795323867e-10,Information
731608,13666.0,4109.352457,USA,United States,New York,1.043599368,0.0,0.77,0.32,,,,,,,,,,,,,,,,,,,,,,,,,,0.4562764294426373,20.87198736,0.0,,,,,,,,,,,,,,,,,0.0,0.0,3.796875,0.0923959441264678,0.0,0.0,0.132890625,0.3233858044426373,0.4562764294426373,111553,,,1.263268074726956e-07,Information
731609,13667.0,5927.459762,USA,United States,New York,1.542981275,0.0,0.77,0.32,,,,,,,,,,,,,,,,,,,,,,,,,,0.436437864192337,30.8596255,0.0,,,,,,,,,,,,,,,,,0.0,0.0,4.640625,0.078290282626382,0.0,0.0,0.162421875,0.274015989192337,0.436437864192337,104519,,,2.0393438091052858e-07,Information
731802,13669.0,2577.540564,USA,United States,Maryland,0.145532728,0.0,0.77,0.32,,,,,,,,,,,,,,,,,,,,,,,,,,0.8886331733431667,2.91065456,0.0,,,,,,,,,,,,,,,,,0.0,0.0,5.203125,0.2018639423837619,0.0,0.0,0.182109375,0.7065237983431667,0.8886331733431667,341702,,,1.3415213744620777e-06,Information
731804,13671.0,7931.620266,USA,United States,Virginia,0.468638499,0.0,0.77,0.32,,,,,,,,,,,,,,,,,,,,,,,,,,0.5786174713355621,9.37276998,0.0,,,,,,,,,,,,,,,,,0.0,0.0,7.3125,0.0921942775244463,0.0,0.0,0.2559375,0.322679971335562,0.5786174713355621,375915,,,2.1647497931991234e-07,Information
731806,13673.0,1744.312072,USA,United States,West Virginia,0.20287088,0.0,0.77,0.32,,,,,,,,,,,,,,,,,,,,,,,,,,0.1988315172358273,4.0574176,0.0,,,,,,,,,,,,,,,,,0.0,0.0,0.84375,0.0483715049245221,0.0,0.0,0.02953125,0.1693002672358273,0.1988315172358273,10483,,,3.224477229112436e-10,Information
731807,13674.0,1357.967455,USA,United States,Maryland,0.821296594,0.0,0.77,0.32,,,,,,,,,,,,,,,,,,,,,,,,,,0.3704967027433976,16.42593188,0.0,,,,,,,,,,,,,,,,,0.0,0.0,1.265625,0.0931999507838279,0.0,0.0,0.044296875,0.3261998277433976,0.3704967027433976,7133,,,3.0026377353753455e-08,Information
732203,13692.0,124.7803976,USA,United States,South Carolina,4.004968576,0.0,0.77,0.32,,,,,,,,,,,,,,,,,,,,,,,,,,1.996824199254444,80.09937151999999,0.0,,,,,,,,,,,,,,,,,0.0,0.0,0.703125,0.563489949786984,0.0,0.0,0.024609375,1.972214824254444,1.996824199254444,2740,,,0.0107469827948166,Information
732205,13694.0,287.6991483,USA,United States,South Carolina,3.46524908,0.0,0.77,0.32,,,,,,,,,,,,,,,,,,,,,,,,,,1.4079921902544532,69.3049816,0.0,,,,,,,,,,,,,,,,,0.0,0.0,1.125,0.3910334829298438,0.0,0.0,0.039375,1.3686171902544533,1.4079921902544532,1553,,,0.0010282964108598,Information
732542,13711.0,3541.208085,USA,United States,Georgia,0.068804265,0.0,0.77,0.32,,,,,,,,,,,,,,,,,,,,,,,,,,1.4868379444246835,1.3760853000000002,0.0,,,,,,,,,,,,,,,,,0.0,0.0,11.109375,0.3137170912641953,0.0,0.0,0.388828125,1.0980098194246837,1.4868379444246835,40379,,,1.3663933413476668e-05,Information
732543,13712.0,1221.168382,USA,United States,Georgia,0.083640127,0.0,0.77,0.32,,,,,,,,,,,,,,,,,,,,,,,,,,0.949756780596791,1.67280254,0.0,,,,,,,,,,,,,,,,,0.0,0.0,2.953125,0.2418278301705117,0.0,0.0,0.103359375,0.846397405596791,0.949756780596791,10964,,,1.743310675992172e-06,Information
732545,13714.0,80.71333546,USA,United States,Georgia,0.350742649,0.0,0.77,0.32,,,,,,,,,,,,,,,,,,,,,,,,,,4.303032140291253,7.014852980000001,0.0,,,,,,,,,,,,,,,,,0.0,0.0,0.984375,1.2195940043689295,0.0,0.0,0.034453125,4.2685790152912535,4.303032140291253,127,,,0.00105916697012,Information
732546,13715.0,2081.643671,USA,United States,Georgia,0.076876154,0.0,0.77,0.32,,,,,,,,,,,,,,,,,,,,,,,,,,0.5998870778644703,1.5375230800000002,0.0,,,,,,,,,,,,,,,,,0.0,0.0,2.953125,0.1418650579612772,0.0,0.0,0.103359375,0.4965277028644702,0.5998870778644703,23780,,,1.6920928897900788e-07,Information
742272,13797.0,3846.225664,USA,United States,Texas,0.698728676,0.0,0.77,0.32,,,,,,,,,,,,,,,,,,,,,,,,,,7.105122932528561,13.97457352,0.0,,,,,,,,,,,,,,,,,0.0,0.0,56.390625,1.4661288735795888,0.0,0.0,1.973671875,5.131451057528561,7.105122932528561,10629,,,0.0063187088039306,Information
742273,13798.0,2853.320618,USA,United States,Oklahoma,0.003044633,0.0,0.77,0.32,,,,,,,,,,,,,,,,,,,,,,,,,,5.14379119865151,0.06089266,0.0,,,,,,,,,,,,,,,,,0.0,0.0,32.625,1.1434046281861456,0.0,0.0,1.141875,4.00191619865151,5.14379119865151,43601,,,0.001504726646125,Information
742274,13799.0,9039.80525,USA,United States,Texas,1.144987441,0.0,0.77,0.32,,,,,,,,,,,,,,,,,,,,,,,,,,8.231036163493808,22.89974882,0.0,,,,,,,,,,,,,,,,,0.0,0.0,111.65625,1.2351621181410877,0.0,0.0,3.90796875,4.323067413493807,8.231036163493808,122718,,,0.0126368110650531,Information
742276,13801.0,4882.818401,USA,United States,Oklahoma,0.001466881,0.0,0.77,0.32,,,,,,,,,,,,,,,,,,,,,,,,,,4.395545805668585,0.02933762,0.0,,,,,,,,,,,,,,,,,0.0,0.0,41.203125,0.8438389801910244,0.0,0.0,1.442109375,2.9534364306685856,4.395545805668585,129661,,,0.0008911884613968,Information
742290,13806.0,28267.59403,USA,United States,Texas,0.132955958,0.0,0.77,0.32,,,,,,,,,,,,,,,,,,,,,,,,,,0.2731849368042682,2.6591191600000004,0.0,,,,,,,,,,,,,,,,,0.0,0.0,5.765625,0.0203965890869338,0.0,0.0,0.201796875,0.0713880618042683,0.2731849368042682,228564,,,2.103708769382752e-09,Information
742425,13829.0,8247.029671,USA,United States,New Mexico,0.294672156,0.0,0.77,0.32,,,,,,,,,,,,,,,,,,,,,,,,,,0.1633489924434039,5.893443120000001,0.0,,,,,,,,,,,,,,,,,0.0,0.0,2.109375,0.0255773906981154,0.0,0.0,0.073828125,0.0895208674434039,0.1633489924434039,1300,,,1.0333962147055858e-10,Information
742426,13830.0,5453.543979,USA,United States,New Mexico,0.028732535,0.0,0.77,0.32,,,,,,,,,,,,,,,,,,,,,,,,,,0.2092045431347952,0.5746507,0.0,,,,,,,,,,,,,,,,,0.0,0.0,2.109375,0.0386789766099415,0.0,0.0,0.073828125,0.1353764181347952,0.2092045431347952,397,,,3.549861507241863e-10,Information
742427,13831.0,8458.046335,USA,United States,New Mexico,0.052171159,0.0,0.77,0.32,,,,,,,,,,,,,,,,,,,,,,,,,,0.6014981261066499,1.04342318,0.0,,,,,,,,,,,,,,,,,0.0,0.0,7.875,0.0931066074590428,0.0,0.0,0.275625,0.3258731261066498,0.6014981261066499,5578,,,1.6714401917912782e-07,Information
742428,13832.0,3787.08313,USA,United States,New Mexico,0.397682388,0.0,0.77,0.32,,,,,,,,,,,,,,,,,,,,,,,,,,0.1433468396639692,7.95364776,0.0,,,,,,,,,,,,,,,,,0.0,0.0,1.125,0.0297062399039912,0.0,0.0,0.039375,0.1039718396639692,0.1433468396639692,1948,,,5.0723007006585616e-11,Information
742450,13844.0,16.57408599,USA,United States,Oklahoma,3.59083368,0.0,0.77,0.32,,,,,,,,,,,,,,,,,,,,,,,,,,8.923627932425896,71.8166736,0.0,,,,,,,,,,,,,,,,,0.0,0.0,0.421875,2.5453892306931127,0.0,0.0,0.014765625,8.908862307425895,8.923627932425896,43,,,0.1250661781877797,Information
742482,13848.0,1630.663841,USA,United States,Oklahoma,0.002622744,0.0,0.77,0.32,,,,,,,,,,,,,,,,,,,,,,,,,,0.4212616150242728,0.05245488,0.0,,,,,,,,,,,,,,,,,0.0,0.0,1.6875,0.1034854614355065,0.0,0.0,0.0590625,0.3621991150242727,0.4212616150242728,50483,,,2.26103645686989e-08,Information
742484,13850.0,1820.960078,USA,United States,Kansas,0.08263195,0.0,0.77,0.32,,,,,,,,,,,,,,,,,,,,,,,,,,0.8307230364567411,1.652639,0.0,,,,,,,,,,,,,,,,,0.0,0.0,3.65625,0.2007869389876403,0.0,0.0,0.12796875,0.7027542864567411,0.8307230364567411,2040,,,9.031709991478708e-07,Information
742485,13851.0,2980.672314,USA,United States,Kansas,0.011595823,0.0,0.77,0.32,,,,,,,,,,,,,,,,,,,,,,,,,,0.4715591906205632,0.23191646,0.0,,,,,,,,,,,,,,,,,0.0,0.0,3.09375,0.1037936973201609,0.0,0.0,0.10828125,0.3632779406205632,0.4715591906205632,1121,,,4.288267231941512e-08,Information
742486,13852.0,3635.129675,USA,United States,Kansas,0.001884072,0.0,0.77,0.32,,,,,,,,,,,,,,,,,,,,,,,,,,0.2769243873087164,0.03768144,0.0,,,,,,,,,,,,,,,,,0.0,0.0,2.109375,0.0580275035167761,0.0,0.0,0.073828125,0.2030962623087163,0.2769243873087164,6940,,,1.9450013396755673e-09,Information
742495,13861.0,19678.53323,USA,United States,Kansas,1.226471584,0.0,0.77,0.32,,,,,,,,,,,,,,,,,,,,,,,,,,0.1707293256015021,24.52943168,0.0,,,,,,,,,,,,,,,,,0.0,0.0,3.234375,0.0164360573147149,0.0,0.0,0.113203125,0.0575262006015021,0.1707293256015021,73914,,,5.595723518548063e-10,Information
742666,13909.0,6152.784093,USA,United States,Illinois,0.173722527,0.0,0.77,0.32,,,,,,,,,,,,,,,,,,,,,,,,,,0.2842686540080285,3.47445054,0.0,,,,,,,,,,,,,,,,,0.0,0.0,3.09375,0.0502821154308653,0.0,0.0,0.10828125,0.1759874040080285,0.2842686540080285,114111,,,2.810779378976248e-09,Information
742681,13923.0,2136.552296,USA,United States,West Virginia,1.870153172,0.0,0.77,0.32,,,,,,,,,,,,,,,,,,,,,,,,,,0.3355008539900174,37.40306344,0.0,,,,,,,,,,,,,,,,,0.0,0.0,1.6875,0.0789823868542907,0.0,0.0,0.0590625,0.2764383539900174,0.3355008539900174,75744,,,8.528516926675536e-08,Information
742682,13924.0,2313.761389,USA,United States,West Virginia,1.032893265,0.0,0.77,0.32,,,,,,,,,,,,,,,,,,,,,,,,,,0.2881346109496553,20.6578653,0.0,,,,,,,,,,,,,,,,,0.0,0.0,1.546875,0.0668554245570444,0.0,0.0,0.054140625,0.2339939859496553,0.2881346109496553,35519,,,9.653614785236172e-09,Information
742683,13925.0,267.7494593,USA,United States,West Virginia,2.459294815,0.0,0.77,0.32,,,,,,,,,,,,,,,,,,,,,,,,,,0.9437288783060502,49.1858963,0.0,,,,,,,,,,,,,,,,,0.0,0.0,0.703125,0.2626055723731572,0.0,0.0,0.024609375,0.9191195033060502,0.9437288783060502,59675,,,3.358547735709071e-05,Information
742686,13928.0,3625.751139,USA,United States,West Virginia,0.710978212,0.0,0.77,0.32,,,,,,,,,,,,,,,,,,,,,,,,,,1.2207787923495186,14.21956424,0.0,,,,,,,,,,,,,,,,,0.0,0.0,9.28125,0.255981440671291,0.0,0.0,0.32484375,0.8959350423495186,1.2207787923495186,24930,,,1.057921555481711e-05,Information
742692,13933.0,5988.488479,USA,United States,West Virginia,2.295279925,0.0,0.77,0.32,,,,,,,,,,,,,,,,,,,,,,,,,,0.1445484552747539,45.9055985,0.0,,,,,,,,,,,,,,,,,0.0,0.0,1.546875,0.0258308086499297,0.0,0.0,0.054140625,0.0904078302747539,0.1445484552747539,62263,,,1.5627113543343423e-09,Information
742693,13934.0,148.126047,USA,United States,West Virginia,2.045496101,0.0,0.77,0.32,,,,,,,,,,,,,,,,,,,,,,,,,,3.371980073178356,40.90992202,0.0,,,,,,,,,,,,,,,,,0.0,0.0,1.40625,0.9493603780509589,0.0,0.0,0.04921875,3.322761323178356,3.371980073178356,28967,,,0.0020945282023105,Information
742696,13937.0,8132.548058,USA,United States,Pennsylvania,0.217419096,0.0,0.77,0.32,,,,,,,,,,,,,,,,,,,,,,,,,,5.333337262373486,4.3483819200000005,0.0,,,,,,,,,,,,,,,,,0.0,0.0,68.34375,0.8403731463924246,0.0,0.0,2.39203125,2.9413060123734858,5.333337262373486,827269,,,0.0019463069308952,Information
742697,13938.0,1305.486688,USA,United States,Pennsylvania,0.233115131,0.0,0.77,0.32,,,,,,,,,,,,,,,,,,,,,,,,,,0.9803366321768896,4.66230262,0.0,,,,,,,,,,,,,,,,,0.0,0.0,3.234375,0.2477524306219685,0.0,0.0,0.113203125,0.8671335071768898,0.9803366321768896,544207,,,2.355252493159863e-06,Information
742992,14084.0,12104.14824,USA,United States,Montana,0.164805468,0.0,0.77,0.32,,,,,,,,,,,,,,,,,,,,,,,,,,4.700800488357007,3.29610936,0.0,,,,,,,,,,,,,,,,,0.0,0.0,73.546875,0.6076171038162878,0.0,0.0,2.574140625,2.126659863357008,4.700800488357007,3987,,,0.0012476086539074,Information
751208,14108.0,1749.431228,USA,United States,Texas,0.018953048,0.0,0.77,0.32,,,,,,,,,,,,,,,,,,,,,,,,,,13.024071468829709,0.37906096,0.0,,,,,,,,,,,,,,,,,0.0,0.0,55.40625,3.167100776808488,0.0,0.0,1.93921875,11.084852718829708,13.024071468829709,20928,,,0.0209469243215019,Information
751209,14109.0,3760.033987,USA,United States,Texas,0.150757269,0.0,0.77,0.32,,,,,,,,,,,,,,,,,,,,,,,,,,12.57227113582319,3.01514538,0.0,,,,,,,,,,,,,,,,,0.0,0.0,98.15625,2.6105149673780543,0.0,0.0,3.43546875,9.13680238582319,12.57227113582319,145537,,,0.020523192911995,Information
751405,14114.0,1866.654546,USA,United States,Texas,0.122669059,0.0,0.77,0.32,,,,,,,,,,,,,,,,,,,,,,,,,,40.58213611532678,2.45338118,0.0,,,,,,,,,,,,,,,,,0.0,0.0,182.390625,9.77098978295051,0.0,0.0,6.383671875,34.198464240326786,40.58213611532678,118095,,,0.1902426583261413,Advisory
751406,14115.0,3505.683641,USA,United States,Texas,1.578231296,0.0,0.77,0.32,,,,,,,,,,,,,,,,,,,,,,,,,,15.567453866955134,31.56462592,0.0,,,,,,,,,,,,,,,,,0.0,0.0,115.453125,3.293312711987181,0.0,0.0,4.040859375,11.526594491955134,15.567453866955134,1604360,,,0.0693422790667571,Information
751408,14117.0,6680.036683,USA,United States,Texas,1.422651499,0.0,0.77,0.32,,,,,,,,,,,,,,,,,,,,,,,,,,16.222682368851636,28.453029980000004,0.0,,,,,,,,,,,,,,,,,0.0,0.0,185.625,2.7788021053861818,0.0,0.0,6.496875,9.725807368851637,16.222682368851636,1615904,,,0.0689119222186753,Information
751409,14118.0,9046.782696,USA,United States,Texas,0.559926612,0.0,0.77,0.32,,,,,,,,,,,,,,,,,,,,,,,,,,8.155165527492771,11.19853224,0.0,,,,,,,,,,,,,,,,,0.0,0.0,110.671875,1.2233285435693635,0.0,0.0,3.873515625,4.281649902492772,8.155165527492771,2759495,,,0.0084758964754661,Information
751840,14133.0,8118.806857,USA,United States,Texas,0.873524542,0.0,0.77,0.32,,,,,,,,,,,,,,,,,,,,,,,,,,0.3844465871077024,17.47049084,0.0,,,,,,,,,,,,,,,,,0.0,0.0,4.921875,0.0606231320307721,0.0,0.0,0.172265625,0.2121809621077023,0.3844465871077024,14893,,,3.9563879215711294e-08,Information
751880,14137.0,12103.71986,USA,United States,Texas,1.273470357,0.0,0.77,0.32,,,,,,,,,,,,,,,,,,,,,,,,,,0.8359109853219363,25.46940714,0.0,,,,,,,,,,,,,,,,,0.0,0.0,13.078125,0.1080504600919818,0.0,0.0,0.457734375,0.3781766103219363,0.8359109853219363,38241,,,3.553762503617556e-06,Information
752122,14166.0,9373.563678,MEX,Mexico,Nuevo León,2.355097425,0.0,0.57,0.6,,,,,,,,,,,,,,,,,,,,,,,,,,0.1627628714135347,47.1019485,0.0,,,,,,,,,,,,,,,,,0.0,0.0,2.25,0.0240036775467242,0.0,0.0,0.07875,0.0840128714135347,0.1627628714135347,2589334,,,3.650992806881725e-09,Information
752157,14191.0,373.1379191,USA,United States,Texas,3.082464145,0.0,0.77,0.32,,,,,,,,,,,,,,,,,,,,,,,,,,0.5473074226015658,61.6492829,0.0,,,,,,,,,,,,,,,,,0.0,0.0,0.5625,0.1507485493147331,0.0,0.0,0.0196875,0.5276199226015659,0.5473074226015658,348,,,1.071155713442941e-05,Information
752159,14193.0,807.9269301,MEX,Mexico,Coahuila,1.178527311,0.0,0.57,0.6,,,,,,,,,,,,,,,,,,,,,,,,,,0.7242584658557594,23.57054622,0.0,,,,,,,,,,,,,,,,,0.0,0.0,1.546875,0.1914622402445027,0.0,0.0,0.054140625,0.6701178408557594,0.7242584658557594,58,,,1.5889382115511647e-06,Information
752196,14230.0,8253.098475,USA,United States,New Mexico,3.1306321,0.0,0.77,0.32,,,,,,,,,,,,,,,,,,,,,,,,,,0.1415120758922244,62.612642,0.0,,,,,,,,,,,,,,,,,0.0,0.0,1.828125,0.0221507716834927,0.0,0.0,0.063984375,0.0775277008922244,0.1415120758922244,9307,,,1.2256002372376962e-08,Information
752246,14244.0,2651.474225,MEX,Mexico,Zacatecas,1.627031089,0.0,0.57,0.6,,,,,,,,,,,,,,,,,,,,,,,,,,0.1878772921283303,32.540621779999995,0.0,,,,,,,,,,,,,,,,,0.0,0.0,1.125,0.0424292263223801,0.0,0.0,0.039375,0.1485022921283303,0.1878772921283303,58845,,,2.008499507161914e-09,Information
752315,14271.0,2779.450062,MEX,Mexico,Chihuahua,0.304874139,0.0,0.57,0.6,,,,,,,,,,,,,,,,,,,,,,,,,,0.2036696790176489,6.09748278,0.0,,,,,,,,,,,,,,,,,0.0,0.0,1.265625,0.0455350868621854,0.0,0.0,0.044296875,0.1593728040176489,0.2036696790176489,4629,,,4.2979692273133005e-10,Information
753106,14287.0,19147.96383,MEX,Mexico,Tamaulipas,4.133410111,0.0,0.57,0.6,,,,,,,,,,,,,,,,,,,,,,,,,,0.1423540424177508,82.66820222,0.0,,,,,,,,,,,,,,,,,0.0,0.0,2.671875,0.0139538335479288,0.0,0.0,0.093515625,0.0488384174177508,0.1423540424177508,178752,,,7.855183904726616e-07,Information
753402,14326.0,9763.441529,MEX,Mexico,Veracruz,1.28969088,0.0,0.57,0.6,,,,,,,,,,,,,,,,,,,,,,,,,,0.5280391130228714,25.7938176,0.0,,,,,,,,,,,,,,,,,0.0,0.0,7.453125,0.0763370680065347,0.0,0.0,0.260859375,0.2671797380228714,0.5280391130228714,577682,,,3.79875186412988e-07,Information
753404,14328.0,5923.680584,MEX,Mexico,Oaxaca,2.61368157,0.0,0.57,0.6,,,,,,,,,,,,,,,,,,,,,,,,,,0.2513830583930473,52.2736314,0.0,,,,,,,,,,,,,,,,,0.0,0.0,2.671875,0.0451049809694421,0.0,0.0,0.093515625,0.1578674333930473,0.2513830583930473,251491,,,7.760831013659805e-08,Information
753509,14341.0,155.7095637,MEX,Mexico,Tabasco,1.037597007,0.0,0.57,0.6,,,,,,,,,,,,,,,,,,,,,,,,,,3.5311669378419195,20.75194014,0.0,,,,,,,,,,,,,,,,,0.0,0.0,1.546875,0.9934360893834056,0.0,0.0,0.054140625,3.4770263128419194,3.5311669378419195,11163,,,0.0009324182364835,Information
753622,14345.0,8188.42284,MEX,Mexico,Chiapas,2.787640159,0.0,0.57,0.6,,,,,,,,,,,,,,,,,,,,,,,,,,0.6668915211734618,55.75280318,0.0,,,,,,,,,,,,,,,,,0.0,0.0,8.578125,0.1047591846209891,0.0,0.0,0.300234375,0.3666571461734618,0.6668915211734618,601162,,,1.364840144162896e-05,Information
753623,14346.0,1123.864954,MEX,Mexico,Tabasco,4.013747841,0.0,0.57,0.6,,,,,,,,,,,,,,,,,,,,,,,,,,0.9743212051987588,80.27495682,0.0,,,,,,,,,,,,,,,,,0.0,0.0,2.8125,0.2502524871996454,0.0,0.0,0.0984375,0.8758837051987588,0.9743212051987588,141908,,,0.0013152841078327,Information
753624,14347.0,6819.125869,MEX,Mexico,Chiapas,3.046152659,0.0,0.57,0.6,,,,,,,,,,,,,,,,,,,,,,,,,,0.558422778709796,60.92305318,0.0,,,,,,,,,,,,,,,,,0.0,0.0,6.46875,0.094861865345656,0.0,0.0,0.22640625,0.332016528709796,0.558422778709796,1268218,,,1.0776112753183544e-05,Information
753625,14348.0,3274.11054,MEX,Mexico,Chiapas,4.017018002,0.0,0.57,0.6,,,,,,,,,,,,,,,,,,,,,,,,,,1.1972750220987889,80.34036004000001,0.0,,,,,,,,,,,,,,,,,0.0,0.0,8.4375,0.2577035777425111,0.0,0.0,0.2953125,0.9019625220987888,1.1972750220987889,620136,,,0.0025668723502579,Information
753906,14391.0,3236.467766,PAN,Panama,Bocas del Toro,2.044798704,0.0,0.62,0.53,,,,,,,,,,,,,,,,,,,,,,,,,,0.4428473814872803,40.89597408,0.0,,,,,,,,,,,,,,,,,0.0,0.0,3.09375,0.0955903232820801,0.0,0.0,0.10828125,0.3345661314872803,0.4428473814872803,77451,,,4.944635622241076e-07,Information
762018,14399.0,2529.376928,CUB,Cuba,Ciego de Ávila,4.09545712,0.0,-9999.0,0.6,,,,,,,,,,,,,,,,,,,,,,,,,,4.9005244348487285,81.9091424,0.0,,,,,,,,,,,,,,,,,0.0,0.0,28.265625,1.117493588528208,0.0,0.0,0.989296875,3.911227559848728,4.9005244348487285,114285,,,0.0957653156587919,Information
771532,14470.0,5537.442109,MEX,Mexico,Durango,4.025303965,0.0,0.57,0.6,,,,,,,,,,,,,,,,,,,,,,,,,,0.1519125275013948,80.5060793,0.0,,,,,,,,,,,,,,,,,0.0,0.0,1.546875,0.0279348292861128,0.0,0.0,0.054140625,0.0977719025013948,0.1519125275013948,81689,,,6.032928091022073e-07,Information
771536,14474.0,6028.740601,MEX,Mexico,Durango,1.938303805,0.0,0.57,0.6,,,,,,,,,,,,,,,,,,,,,,,,,,0.8113253990822125,38.7660761,0.0,,,,,,,,,,,,,,,,,0.0,0.0,8.71875,0.1446197568806321,0.0,0.0,0.30515625,0.5061691490822124,0.8113253990822125,135164,,,7.6686545713078e-06,Information
771605,14488.0,1010.904313,MEX,Mexico,Chihuahua,2.352571637,0.0,0.57,0.6,,,,,,,,,,,,,,,,,,,,,,,,,,0.1072194350198202,47.05143274,0.0,,,,,,,,,,,,,,,,,0.0,0.0,0.28125,0.0278216242913772,0.0,0.0,0.00984375,0.0973756850198202,0.1072194350198202,4984,,,2.78398462604956e-10,Information
772217,14523.0,2412.268026,USA,United States,Arizona,0.023765767,0.0,0.77,0.32,,,,,,,,,,,,,,,,,,,,,,,,,,0.2279285217384878,0.47531534,0.0,,,,,,,,,,,,,,,,,0.0,0.0,1.265625,0.0524661847824251,0.0,0.0,0.044296875,0.1836316467384878,0.2279285217384878,230237,,,6.041859676731533e-10,Information
772225,14531.0,447.2085623,USA,United States,Arizona,1.527389321,0.0,0.77,0.32,,,,,,,,,,,,,,,,,,,,,,,,,,0.1149795844240057,30.54778642,0.0,,,,,,,,,,,,,,,,,0.0,0.0,0.140625,0.0314450598354302,0.0,0.0,0.004921875,0.1100577094240057,0.1149795844240057,36410,,,7.585798481492992e-11,Information
772402,14563.0,7072.010728,USA,United States,Arizona,0.359775416,0.0,0.77,0.32,,,,,,,,,,,,,,,,,,,,,,,,,,0.2019859984043317,7.19550832,0.0,,,,,,,,,,,,,,,,,0.0,0.0,2.390625,0.0338040352583805,0.0,0.0,0.083671875,0.1183141234043317,0.2019859984043317,12269,,,4.3925194274594647e-10,Information
772604,14575.0,11914.5526,USA,United States,New Mexico,0.070313749,0.0,0.77,0.32,,,,,,,,,,,,,,,,,,,,,,,,,,0.298744136084766,1.4062749799999998,0.0,,,,,,,,,,,,,,,,,0.0,0.0,4.640625,0.0389492174527903,0.0,0.0,0.162421875,0.136322261084766,0.298744136084766,7212,,,3.3320895520360113e-09,Information
772606,14577.0,3567.22345,USA,United States,Colorado,2.593933499,0.0,0.77,0.32,,,,,,,,,,,,,,,,,,,,,,,,,,2.37736007139033,51.87866998,0.0,,,,,,,,,,,,,,,,,0.0,0.0,17.859375,0.5006519846829515,0.0,0.0,0.625078125,1.75228194639033,2.37736007139033,84549,,,0.001316013253229,Information
772806,14587.0,3762.818751,USA,United States,Colorado,3.128608101,0.0,0.77,0.32,,,,,,,,,,,,,,,,,,,,,,,,,,3.978477849459981,62.57216202000001,0.0,,,,,,,,,,,,,,,,,0.0,0.0,31.078125,0.8259267069885661,0.0,0.0,1.087734375,2.890743474459981,3.978477849459981,47141,,,0.0124963525464702,Information
772807,14588.0,432.5882405,USA,United States,Colorado,4.011509888,0.0,0.77,0.32,,,,,,,,,,,,,,,,,,,,,,,,,,5.460165025307219,80.23019776,0.0,,,,,,,,,,,,,,,,,0.0,0.0,6.46875,1.4953596500877768,0.0,0.0,0.22640625,5.233758775307219,5.460165025307219,2353,,,0.0991035126530345,Information
773100,14600.0,21524.17432,USA,United States,California,0.012402309,0.0,0.77,0.32,,,,,,,,,,,,,,,,,,,,,,,,,,0.3604274040232929,0.24804618,0.0,,,,,,,,,,,,,,,,,0.0,0.0,7.03125,0.0326667582923694,0.0,0.0,0.24609375,0.1143336540232928,0.3604274040232929,72281,,,9.375248596997974e-09,Information
773204,14605.0,7446.685158,USA,United States,Nevada,0.026374187,0.0,0.77,0.32,,,,,,,,,,,,,,,,,,,,,,,,,,0.2190958301763224,0.52748374,0.0,,,,,,,,,,,,,,,,,0.0,0.0,2.671875,0.0358800586218064,0.0,0.0,0.093515625,0.1255802051763224,0.2190958301763224,63535,,,4.73406647034069e-10,Information
773306,14616.0,2888.965562,USA,United States,Nevada,2.720715953,0.0,0.77,0.32,,,,,,,,,,,,,,,,,,,,,,,,,,0.2854628717943306,54.41431906,0.0,,,,,,,,,,,,,,,,,0.0,0.0,1.828125,0.0632795705126659,0.0,0.0,0.063984375,0.2214784967943306,0.2854628717943306,138,,,1.9555248926828602e-07,Information
774135,14683.0,9436.354069,MEX,Mexico,Baja California,4.013772989,1.358839599,0.57,0.6,,,,,,,,,,,,,,,,,,,,,,,,,,0.1520661017239514,80.27545977999999,27.17679198,,,,,,,,,,,,,,,,,0.0,0.0,2.109375,0.0223537076354147,0.0,0.0,0.073828125,0.0782379767239514,0.1520661017239514,94902,,,5.714064274994097e-07,Information
782692,14791.0,4432.603967,CAN,Canada,British Columbia,0.243800761,0.0,0.8,0.28,,,,,,,,,,,,,,,,,,,,,,,,,,1.955132407058964,4.87601522,0.0,,,,,,,,,,,,,,,,,0.0,0.0,17.15625,0.3870467591597041,0.0,0.0,0.60046875,1.3546636570589643,1.955132407058964,79,,,5.1223264269361806e-05,Information
782693,14792.0,2809.543479,CAN,Canada,British Columbia,0.810873323,0.0,0.8,0.28,,,,,,,,,,,,,,,,,,,,,,,,,,0.920051910037926,16.21746646,0.0,,,,,,,,,,,,,,,,,0.0,0.0,5.765625,0.2052157242965503,0.0,0.0,0.201796875,0.7182550350379261,0.920051910037926,3,,,3.2177843371033856e-06,Information
782695,14794.0,3510.820707,CAN,Canada,British Columbia,2.822446621,0.0,0.8,0.28,,,,,,,,,,,,,,,,,,,,,,,,,,0.5682309882276506,56.448932420000006,0.0,,,,,,,,,,,,,,,,,0.0,0.0,4.21875,0.1201642109221859,0.0,0.0,0.14765625,0.4205747382276507,0.5682309882276506,228,,,7.151369708329502e-06,Information
782696,14795.0,1819.353604,CAN,Canada,British Columbia,3.612490994,0.0,0.8,0.28,,,,,,,,,,,,,,,,,,,,,,,,,,0.5115960383805488,72.24981987999999,0.0,,,,,,,,,,,,,,,,,0.0,0.0,2.25,0.1236702966801568,0.0,0.0,0.07875,0.4328460383805488,0.5115960383805488,2649,,,3.2557720152582783e-05,Information
782698,14797.0,1459.538607,CAN,Canada,British Columbia,0.753300535,0.0,0.8,0.28,,,,,,,,,,,,,,,,,,,,,,,,,,1.6616921963072993,15.0660107,0.0,,,,,,,,,,,,,,,,,0.0,0.0,6.046875,0.4143004489449426,0.0,0.0,0.211640625,1.4500515713072992,1.6616921963072993,0,,,4.176530519515033e-05,Information
783293,14869.0,17.14083712,CAN,Canada,British Columbia,3.597465691,0.0,0.8,0.28,,,,,,,,,,,,,,,,,,,,,,,,,,2.876353978675291,71.94931382,0.0,,,,,,,,,,,,,,,,,0.0,0.0,0.140625,0.8204091724786546,0.0,0.0,0.004921875,2.871432103675291,2.876353978675291,0,,,0.0113785030265379,Information
783304,14878.0,1833.429758,CAN,Canada,British Columbia,3.716287508,0.0,0.8,0.28,,,,,,,,,,,,,,,,,,,,,,,,,,10.038389058472992,74.32575016,0.0,,,,,,,,,,,,,,,,,0.0,0.0,44.4375,2.4237361595637124,0.0,0.0,1.5553125,8.483076558472993,10.038389058472992,272,,,0.1738469180450155,Information
783305,14879.0,1760.329214,CAN,Canada,British Columbia,0.390176733,0.0,0.8,0.28,,,,,,,,,,,,,,,,,,,,,,,,,,5.688558986261043,7.80353466,0.0,,,,,,,,,,,,,,,,,0.0,0.0,24.328125,1.382021317503155,0.0,0.0,0.851484375,4.837074611261043,5.688558986261043,1161,,,0.0026725518995994,Information
783306,14880.0,1352.265059,CAN,Canada,British Columbia,3.117920538,0.0,0.8,0.28,,,,,,,,,,,,,,,,,,,,,,,,,,2.0659570105768177,62.35841076,0.0,,,,,,,,,,,,,,,,,0.0,0.0,7.03125,0.5199609315933764,0.0,0.0,0.24609375,1.8198632605768168,2.0659570105768177,246,,,0.001850891406039,Information
783395,14894.0,2309.196109,CAN,Canada,British Columbia,4.016922241,0.0,0.8,0.28,,,,,,,,,,,,,,,,,,,,,,,,,,4.224013812414742,80.33844481999999,0.0,,,,,,,,,,,,,,,,,0.0,0.0,22.640625,0.9804548392613548,0.0,0.0,0.792421875,3.431591937414742,4.224013812414742,1630,,,0.0620390526271253,Information
783396,14895.0,2015.47331,CAN,Canada,British Columbia,2.313287939,0.0,0.8,0.28,,,,,,,,,,,,,,,,,,,,,,,,,,0.2347385397306442,46.26575878,0.0,,,,,,,,,,,,,,,,,0.0,0.0,1.125,0.0558181542087555,0.0,0.0,0.039375,0.1953635397306442,0.2347385397306442,6579,,,2.76554592346832e-08,Information
783401,14899.0,3764.251438,CAN,Canada,British Columbia,3.007852157,0.0,0.8,0.28,,,,,,,,,,,,,,,,,,,,,,,,,,8.440679208387234,60.15704314,0.0,,,,,,,,,,,,,,,,,0.0,0.0,65.953125,1.7520913809677814,0.0,0.0,2.308359375,6.132319833387235,8.440679208387234,752,,,0.0603451264305934,Information
783402,14900.0,2437.54028,CAN,Canada,British Columbia,2.207492851,0.0,0.8,0.28,,,,,,,,,,,,,,,,,,,,,,,,,,1.7328555820827198,44.14985702,0.0,,,,,,,,,,,,,,,,,0.0,0.0,9.703125,0.3980703448807771,0.0,0.0,0.339609375,1.3932462070827198,1.7328555820827198,1368,,,0.0002574322220041,Information
783403,14901.0,101.3770121,CAN,Canada,British Columbia,1.593852779,0.0,0.8,0.28,,,,,,,,,,,,,,,,,,,,,,,,,,11.279750912819424,31.877055580000004,0.0,,,,,,,,,,,,,,,,,0.0,0.0,3.234375,3.190442225091264,0.0,0.0,0.113203125,11.166547787819423,11.279750912819424,14142,,,0.036064350629649,Information
783404,14902.0,3079.183593,CAN,Canada,British Columbia,2.113254085,0.0,0.8,0.28,,,,,,,,,,,,,,,,,,,,,,,,,,1.630685594012486,42.2650817,0.0,,,,,,,,,,,,,,,,,0.0,0.0,10.96875,0.3562226697178531,0.0,0.0,0.38390625,1.246779344012486,1.630685594012486,74,,,0.0001806410652883,Information
783407,14905.0,2983.550871,CAN,Canada,British Columbia,3.482694921,0.0,0.8,0.28,,,,,,,,,,,,,,,,,,,,,,,,,,5.268969973122194,69.65389842,0.0,,,,,,,,,,,,,,,,,0.0,0.0,34.59375,1.1594824923206268,0.0,0.0,1.21078125,4.058188723122194,5.268969973122194,262,,,0.0399873257448849,Information
783701,14910.0,3584.584783,CAN,Canada,British Columbia,3.675340277,0.0,0.8,0.28,,,,,,,,,,,,,,,,,,,,,,,,,,8.30038243258145,73.50680554,0.0,,,,,,,,,,,,,,,,,0.0,0.0,62.578125,1.7457565878804144,0.0,0.0,2.190234375,6.11014805758145,8.30038243258145,89,,,0.1229050902954819,Information
811103,14938.0,4594.568913,USA,United States,Alaska,0.168571546,0.0,0.77,0.32,,,,,,,,,,,,,,,,,,,,,,,,,,9.990286422874886,3.37143092,0.0,,,,,,,,,,,,,,,,,0.0,0.0,89.859375,1.9557737993928248,0.0,0.0,3.145078125,6.845208297874887,9.990286422874886,324,,,0.0116262238638575,Information
811405,14967.0,12.09825699,USA,United States,Alaska,1.803772966,0.0,0.77,0.32,,,,,,,,,,,,,,,,,,,,,,,,,,8.146346397367232,36.07545932,0.0,,,,,,,,,,,,,,,,,0.0,0.0,0.28125,2.3247150421049234,0.0,0.0,0.00984375,8.136502647367232,8.146346397367232,0,,,0.019692875520316,Information
811500,16350.0,13894.84573,USA,United States,Alaska,0.666013496,1.086342931,0.77,0.32,,,,,,,,,,,,,,,,,,,,,,,,,,0.8548746820159823,13.32026992,21.72685862,,,,,,,,,,,,,,,,,0.0,0.0,14.203125,0.1022186591474235,0.0,0.0,0.497109375,0.3577653070159822,0.8548746820159823,11406,,,3.136022528389644e-06,Information
811830,15010.0,797.1423192,USA,United States,Alaska,4.036179658,0.0,0.77,0.32,,,,,,,,,,,,,,,,,,,,,,,,,,0.3333293413921796,80.72359316000001,0.0,,,,,,,,,,,,,,,,,0.0,0.0,0.703125,0.0882057046834799,0.0,0.0,0.024609375,0.3087199663921796,0.3333293413921796,0,,,2.4799753742463143e-05,Information
811850,15012.0,12757.98076,USA,United States,Alaska,4.011076161,0.0,0.77,0.32,,,,,,,,,,,,,,,,,,,,,,,,,,1.1501478146911928,80.22152322,0.0,,,,,,,,,,,,,,,,,0.0,0.0,18.421875,0.1443949113403408,0.0,0.0,0.644765625,0.5053821896911928,1.1501478146911928,191,,,0.0022226366031224,Information
812440,15057.0,8370.415437,USA,United States,Alaska,0.402984424,0.0,0.77,0.32,,,,,,,,,,,,,,,,,,,,,,,,,,1.2206214225793806,8.05968848,0.0,,,,,,,,,,,,,,,,,0.0,0.0,15.890625,0.189842727879823,0.0,0.0,0.556171875,0.6644495475793806,1.2206214225793806,4046,,,7.73879176574013e-06,Information
812472,15061.0,5517.04622,USA,United States,Alaska,2.470755129,0.0,0.77,0.32,,,,,,,,,,,,,,,,,,,,,,,,,,1.522739790487893,49.41510258,0.0,,,,,,,,,,,,,,,,,0.0,0.0,15.46875,0.2803810115679694,0.0,0.0,0.54140625,0.9813335404878928,1.522739790487893,60172,,,0.0002299022606137,Information
812473,15062.0,944.4332934,USA,United States,Alaska,3.001143751,0.0,0.77,0.32,,,,,,,,,,,,,,,,,,,,,,,,,,3.022932427879096,60.02287502,0.0,,,,,,,,,,,,,,,,,0.0,0.0,7.453125,0.7891637293940273,0.0,0.0,0.260859375,2.762073052879096,3.022932427879096,8576,,,0.0049103401053626,Information
812474,15063.0,5612.6647,USA,United States,Alaska,3.124546201,0.0,0.77,0.32,,,,,,,,,,,,,,,,,,,,,,,,,,1.1637439603130248,62.49092402,0.0,,,,,,,,,,,,,,,,,0.0,0.0,11.953125,0.21296702437515,0.0,0.0,0.418359375,0.745384585313025,1.1637439603130248,235,,,0.0002573946663563,Information
812477,15066.0,261.0716581,USA,United States,Alaska,2.654415728,0.0,0.77,0.32,,,,,,,,,,,,,,,,,,,,,,,,,,1.934477010484123,53.08831456,0.0,,,,,,,,,,,,,,,,,0.0,0.0,1.40625,0.5386452172811779,0.0,0.0,0.04921875,1.8852582604841224,1.934477010484123,141,,,0.0007152387195056,Information
812478,15067.0,3746.938375,USA,United States,Alaska,3.903524,0.0,0.77,0.32,,,,,,,,,,,,,,,,,,,,,,,,,,1.5348959528288968,78.07048,0.0,,,,,,,,,,,,,,,,,0.0,0.0,11.953125,0.3190104508082562,0.0,0.0,0.418359375,1.1165365778288967,1.5348959528288968,0,,,0.0039143342511982,Information
822514,15301.0,8786.429565,CAN,Canada,Northwest Territories,4.036179628,0.0,0.8,0.28,,,,,,,,,,,,,,,,,,,,,,,,,,0.4419892298683547,80.72359256,0.0,,,,,,,,,,,,,,,,,0.0,0.0,5.90625,0.0672201371052442,0.0,0.0,0.20671875,0.2352704798683547,0.4419892298683547,42,,,7.989103153538838e-05,Information
822895,15385.0,1848.071748,CAN,Canada,Alberta,2.252668725,0.0,0.8,0.28,,,,,,,,,,,,,,,,,,,,,,,,,,3.849632374512177,45.0533745,0.0,,,,,,,,,,,,,,,,,0.0,0.0,17.15625,0.9283324641463362,0.0,0.0,0.60046875,3.2491636245121764,3.849632374512177,7076,,,0.0039258116030812,Information
822896,15386.0,9707.977378,CAN,Canada,Alberta,1.617876136,0.0,0.8,0.28,,,,,,,,,,,,,,,,,,,,,,,,,,1.888450838410795,32.35752272,0.0,,,,,,,,,,,,,,,,,0.0,0.0,26.578125,0.2737761324030843,0.0,0.0,0.930234375,0.958216463410795,1.888450838410795,18749,,,0.0001727996060027,Information
822932,15401.0,9413.978322,CAN,Canada,Alberta,3.394301287,0.0,0.8,0.28,,,,,,,,,,,,,,,,,,,,,,,,,,0.2131528878596719,67.88602574,0.0,,,,,,,,,,,,,,,,,0.0,0.0,2.953125,0.0313695751027634,0.0,0.0,0.103359375,0.1097935128596719,0.2131528878596719,5782,,,2.651165010921368e-07,Information
822938,15407.0,4172.907608,CAN,Canada,Alberta,3.465511978,0.0,0.8,0.28,,,,,,,,,,,,,,,,,,,,,,,,,,0.4680678350338427,69.31023956,0.0,,,,,,,,,,,,,,,,,0.0,0.0,3.9375,0.0943586671525265,0.0,0.0,0.1378125,0.3302553350338427,0.4680678350338427,623,,,1.4379869281421556e-05,Information
822994,15433.0,3366.337408,CAN,Canada,British Columbia,3.680084998,0.0,0.8,0.28,,,,,,,,,,,,,,,,,,,,,,,,,,0.8207948954671394,73.60169995999999,0.0,,,,,,,,,,,,,,,,,0.0,0.0,5.90625,0.1754503272763255,0.0,0.0,0.20671875,0.6140761454671393,0.8207948954671394,0,,,0.000259472908177,Information
822995,15434.0,3202.592468,CAN,Canada,British Columbia,4.033206585,0.0,0.8,0.28,,,,,,,,,,,,,,,,,,,,,,,,,,3.0638328409816595,80.66413170000001,0.0,,,,,,,,,,,,,,,,,0.0,0.0,21.234375,0.6630370617090456,0.0,0.0,0.743203125,2.32062971598166,3.0638328409816595,0,,,0.0327159953126463,Information
831201,15464.0,1625.227713,CAN,Canada,Nunavut,2.166435073,0.0,0.8,0.28,,,,,,,,,,,,,,,,,,,,,,,,,,15.244238172164206,43.328701460000005,0.0,,,,,,,,,,,,,,,,,0.0,0.0,60.890625,3.7465903706183448,0.0,0.0,2.131171875,13.113066297164206,15.244238172164206,180,,,0.0945803080371256,Information
831301,15473.0,1454.984504,CAN,Canada,Nunavut,3.669596208,0.0,0.8,0.28,,,,,,,,,,,,,,,,,,,,,,,,,,3.7199572663009626,73.39192416,0.0,,,,,,,,,,,,,,,,,0.0,0.0,13.5,0.9278449332288464,0.0,0.0,0.4725,3.2474572663009624,3.7199572663009626,0,,,0.0245626486921819,Information
831505,15487.0,3515.35469,CAN,Canada,Nunavut,4.036179623,0.0,0.8,0.28,,,,,,,,,,,,,,,,,,,,,,,,,,10.085933157935534,80.72359245999999,0.0,,,,,,,,,,,,,,,,,0.0,0.0,74.953125,2.132163937981581,0.0,0.0,2.623359375,7.462573782935534,10.085933157935534,0,,,0.2585764850251043,Information
831990,16360.0,9482.164262,CAN,Canada,Nunavut,4.022286355,2.217451437,0.8,0.28,,,,,,,,,,,,,,,,,,,,,,,,,,5.622572934343244,80.4457271,44.34902874,,,,,,,,,,,,,,,,,0.0,0.0,78.1875,0.8245744098123554,0.0,0.0,2.7365625,2.886010434343244,5.622572934343244,918,,,0.1063079744437958,Information
842010,15602.0,6891.927977,CAN,Canada,Nunavut,1.5914584,0.0,0.8,0.28,,,,,,,,,,,,,,,,,,,,,,,,,,0.2895211614148105,31.829168000000003,0.0,,,,,,,,,,,,,,,,,0.0,0.0,3.375,0.048970331832803,0.0,0.0,0.118125,0.1713961614148105,0.2895211614148105,1316,,,2.360060397329991e-08,Information
